02/17/2020,06:10,110.265,110.265,110.265,110.265, 1
02/17/2020,08:10,110.265,110.265,110.265,110.265, 1
02/17/2020,13:12,110.265,110.265,110.265,110.265, 1
02/18/2020,13:14,110.265,110.265,110.265,110.265, 1
02/19/2020,13:08,110.265,110.265,110.265,110.265, 1
02/20/2020,13:08,110.265,110.265,110.265,110.265, 1
02/21/2020,13:06,110.265,110.265,110.265,110.265, 1
02/24/2020,13:10,110.265,110.265,110.265,110.265, 1
02/25/2020,13:09,110.265,110.265,110.265,110.265, 1
02/26/2020,13:06,110.265,110.265,110.265,110.265, 1
02/28/2020,13:10,110.265,110.265,110.265,110.265, 1

