02/03/2020,15:31,.41,.41,.41,.41, 7285
02/03/2020,15:48,.413,.413,.413,.413, 113
02/03/2020,15:59,.41,.41,.41,.41, 100
02/03/2020,16:12,.41,.41,.41,.41, 8189
02/03/2020,16:12,.41,.41,.41,.41, 26999
02/03/2020,16:24,.42,.42,.42,.42, 100
02/03/2020,16:34,.417,.417,.415,.415, 200
02/03/2020,16:42,.42,.42,.42,.42, 1500
02/03/2020,16:50,.417,.417,.417,.417, 200
02/03/2020,16:54,.419,.419,.419,.419, 100
02/03/2020,16:55,.42,.42,.42,.42, 100
02/03/2020,17:03,.419,.419,.419,.419, 1500
02/03/2020,17:16,.42,.42,.42,.42, 100
02/03/2020,17:19,.419,.419,.419,.419, 1229
02/03/2020,17:32,.419,.419,.419,.419, 100
02/03/2020,18:08,.419,.419,.419,.419, 500
02/03/2020,18:10,.42,.42,.42,.42, 400
02/03/2020,18:15,.42,.42,.42,.42, 100
02/03/2020,18:42,.42,.42,.42,.42, 738
02/03/2020,18:54,.42,.42,.42,.42, 300
02/03/2020,18:57,.419,.419,.419,.419, 1000
02/03/2020,19:21,.419,.419,.419,.419, 500
02/03/2020,19:22,.419,.419,.419,.419, 250
02/03/2020,19:22,.419,.419,.419,.419, 250
02/03/2020,19:23,.419,.419,.419,.419, 250
02/03/2020,19:25,.419,.419,.419,.419, 200
02/03/2020,19:40,.421,.421,.421,.421, 100
02/03/2020,20:08,.421,.421,.421,.421, 100
02/03/2020,20:11,.419,.419,.419,.419, 217
02/03/2020,20:40,.422,.43,.422,.43, 275
02/03/2020,20:42,.422,.422,.42,.42, 500
02/03/2020,21:31,.42,.42,.42,.42, 100
02/03/2020,21:33,.42,.42,.42,.42, 209
02/03/2020,21:43,.43,.43,.43,.43, 100
02/03/2020,21:43,.43,.43,.43,.43, 9000
02/03/2020,21:46,.43,.43,.429,.429, 3000
02/03/2020,21:50,.421,.421,.421,.421, 100
02/03/2020,21:53,.43,.43,.43,.43, 2068
02/03/2020,21:56,.46,.46,.46,.46, 2878
02/03/2020,22:01,.407,.407,.407,.407, 1548
02/04/2020,15:31,.389,.389,.389,.389, 6303
02/04/2020,15:32,.409,.409,.407,.407, 504
02/04/2020,15:40,.428,.428,.428,.428, 100
02/04/2020,15:44,.4,.46,.395,.395, 7100
02/04/2020,15:52,.415,.416,.415,.416, 300
02/04/2020,16:08,.402,.402,.402,.402, 196
02/04/2020,16:21,.402,.402,.402,.402, 100
02/04/2020,16:39,.4,.4,.4,.4, 250
02/04/2020,16:44,.402,.402,.402,.402, 350
02/04/2020,17:25,.41,.41,.408,.408, 1837
02/05/2020,15:31,.431,.431,.431,.431, 490
02/05/2020,15:44,.41,.41,.41,.41, 150
02/05/2020,15:50,.41,.41,.41,.41, 757
02/05/2020,16:16,.416,.416,.41,.41, 200
02/05/2020,16:17,.41,.41,.41,.41, 100
02/05/2020,16:18,.41,.41,.41,.41, 100
02/05/2020,16:19,.41,.41,.41,.41, 100
02/05/2020,17:03,.41,.41,.41,.41, 100
02/05/2020,17:04,.41,.41,.41,.41, 100
02/05/2020,17:06,.41,.41,.41,.41, 100
02/05/2020,17:07,.41,.41,.41,.41, 100
02/05/2020,17:08,.41,.41,.41,.41, 100
02/05/2020,17:11,.41,.41,.41,.41, 148
02/05/2020,17:20,.41,.41,.41,.41, 100
02/05/2020,17:25,.42,.42,.42,.42, 500
02/05/2020,17:37,.41,.41,.41,.41, 2928
02/05/2020,18:09,.41,.41,.41,.41, 500
02/05/2020,18:10,.41,.41,.41,.41, 500
02/05/2020,18:22,.41,.41,.41,.41, 500
02/05/2020,18:22,.41,.41,.41,.41, 500
02/05/2020,18:24,.41,.41,.41,.41, 2907
02/05/2020,18:25,.41,.41,.41,.41, 1000
02/05/2020,18:27,.415,.415,.415,.415, 1902
02/05/2020,18:32,.418,.418,.418,.418, 330
02/05/2020,18:46,.41,.41,.41,.41, 100
02/05/2020,18:52,.41,.41,.41,.41, 2500
02/05/2020,18:54,.41,.41,.41,.41, 200
02/05/2020,19:20,.41,.41,.41,.41, 100
02/05/2020,20:06,.415,.415,.415,.415, 400
02/05/2020,20:52,.415,.415,.415,.415, 100
02/05/2020,21:00,.415,.415,.415,.415, 140
02/05/2020,21:04,.415,.415,.415,.415, 100
02/05/2020,21:18,.418,.421,.418,.421, 1000
02/05/2020,22:00,.414,.418,.414,.418, 200
02/06/2020,15:31,.426,.426,.426,.426, 112
02/06/2020,16:07,.447,.447,.447,.447, 196
02/06/2020,16:17,.45,.45,.44,.44, 2000
02/06/2020,16:19,.426,.426,.426,.426, 500
02/06/2020,16:27,.438,.438,.438,.438, 500
02/06/2020,17:26,.44,.44,.44,.44, 100
02/06/2020,17:50,.433,.433,.433,.433, 100
02/06/2020,17:53,.425,.425,.425,.425, 162
02/06/2020,17:54,.425,.425,.425,.425, 637
02/06/2020,18:01,.429,.429,.429,.429, 250
02/06/2020,18:03,.407,.407,.407,.407, 106
02/06/2020,19:13,.409,.426,.409,.426, 305
02/06/2020,19:16,.429,.429,.429,.429, 100
02/06/2020,21:25,.433,.44,.41,.44, 400
02/06/2020,21:38,.42,.42,.42,.42, 500
02/06/2020,21:42,.435,.435,.435,.435, 150
02/06/2020,21:45,.407,.407,.407,.407, 100
02/06/2020,21:50,.44,.44,.405,.405, 629
02/06/2020,21:51,.44,.44,.44,.44, 100
02/06/2020,21:59,.44,.44,.44,.44, 951
02/07/2020,17:29,.42,.42,.42,.42, 101
02/07/2020,17:30,.42,.42,.42,.42, 300
02/07/2020,17:41,.42,.42,.42,.42, 500
02/07/2020,17:43,.419,.45,.412,.45, 800
02/07/2020,18:05,.42,.42,.42,.42, 150
02/07/2020,19:01,.42,.42,.42,.42, 200
02/07/2020,19:04,.441,.441,.421,.421, 200
02/07/2020,19:20,.42,.42,.42,.42, 150
02/07/2020,20:06,.45,.45,.45,.45, 1000
02/07/2020,20:11,.42,.42,.42,.42, 1530
02/07/2020,20:17,.45,.45,.45,.45, 219
02/07/2020,20:51,.42,.42,.42,.42, 500
02/07/2020,21:02,.426,.426,.426,.426, 100
02/07/2020,21:13,.45,.45,.45,.45, 100
02/07/2020,21:44,.45,.45,.45,.45, 200
02/07/2020,21:50,.429,.429,.429,.429, 500
02/07/2020,21:52,.438,.45,.438,.45, 200
02/07/2020,22:01,.42,.42,.42,.42, 231
02/10/2020,15:52,.442,.442,.442,.442, 948
02/10/2020,16:06,.45,.45,.45,.45, 4000
02/10/2020,16:26,.45,.45,.45,.45, 300
02/10/2020,16:27,.441,.446,.441,.446, 6593
02/10/2020,16:49,.443,.443,.443,.443, 2000
02/10/2020,17:26,.45,.45,.45,.45, 9900
02/10/2020,17:46,.444,.444,.444,.444, 500
02/10/2020,17:53,.444,.444,.444,.444, 900
02/10/2020,20:07,.441,.441,.441,.441, 100
02/10/2020,20:11,.441,.441,.441,.441, 280
02/10/2020,20:32,.446,.446,.441,.441, 1600
02/10/2020,20:33,.45,.45,.45,.45, 1393
02/10/2020,20:39,.449,.45,.449,.45, 400
02/10/2020,20:47,.451,.451,.45,.45, 250
02/10/2020,20:48,.45,.45,.45,.45, 1000
02/10/2020,20:51,.451,.451,.451,.451, 100
02/10/2020,21:22,.457,.46,.457,.46, 393
02/10/2020,21:34,.475,.475,.475,.475, 500
02/10/2020,21:41,.477,.477,.475,.477, 1674
02/10/2020,21:53,.48,.48,.48,.48, 493
02/10/2020,21:54,.475,.475,.475,.475, 700
02/10/2020,21:55,.475,.475,.475,.475, 1837
02/11/2020,15:31,.493,.493,.48,.48, 737
02/11/2020,15:33,.48,.48,.48,.48, 600
02/11/2020,15:33,.48,.48,.48,.48, 200
02/11/2020,15:36,.49,.49,.49,.49, 100
02/11/2020,15:41,.48,.48,.48,.48, 915
02/11/2020,15:43,.5,.5,.5,.5, 100
02/11/2020,15:44,.481,.498,.481,.498, 200
02/11/2020,15:53,.485,.498,.485,.498, 4250
02/11/2020,16:10,.485,.485,.485,.485, 100
02/11/2020,16:19,.498,.5,.493,.5, 300
02/11/2020,16:19,.485,.485,.485,.485, 150
02/11/2020,16:33,.485,.485,.485,.485, 100
02/11/2020,16:34,.485,.485,.485,.485, 500
02/11/2020,16:39,.488,.488,.488,.488, 1000
02/11/2020,16:39,.485,.485,.485,.485, 300
02/11/2020,16:45,.496,.496,.496,.496, 100
02/11/2020,16:55,.495,.495,.495,.495, 100
02/11/2020,16:56,.495,.495,.495,.495, 168
02/11/2020,17:00,.491,.491,.491,.491, 100
02/11/2020,17:53,.49,.49,.49,.49, 2000
02/11/2020,18:02,.491,.491,.491,.491, 250
02/11/2020,18:21,.487,.487,.487,.487, 1000
02/11/2020,18:30,.485,.485,.485,.485, 1284
02/11/2020,18:36,.485,.485,.485,.485, 875
02/11/2020,18:38,.49,.49,.49,.49, 100
02/11/2020,18:56,.481,.481,.481,.481, 200
02/11/2020,19:02,.49,.49,.49,.49, 100
02/11/2020,19:07,.483,.483,.483,.483, 250
02/11/2020,19:18,.482,.483,.481,.483, 1630
02/11/2020,19:39,.489,.489,.489,.489, 2000
02/11/2020,20:14,.475,.475,.475,.475, 801
02/11/2020,20:14,.46,.46,.46,.46, 100
02/11/2020,20:16,.46,.46,.451,.451, 4900
02/11/2020,20:25,.451,.451,.451,.451, 500
02/11/2020,20:26,.451,.451,.451,.451, 300
02/11/2020,20:28,.451,.451,.451,.451, 600
02/11/2020,20:29,.451,.451,.451,.451, 100
02/11/2020,20:30,.451,.451,.435,.435, 2132
02/11/2020,20:31,.445,.445,.445,.445, 200
02/11/2020,20:43,.445,.445,.445,.445, 100
02/11/2020,20:43,.445,.445,.445,.445, 100
02/11/2020,21:30,.45,.45,.45,.45, 105
02/11/2020,21:36,.44,.44,.44,.44, 250
02/11/2020,21:41,.446,.487,.446,.487, 9900
02/11/2020,21:46,.463,.463,.463,.463, 140
02/11/2020,21:54,.442,.442,.442,.442, 700
02/11/2020,21:56,.45,.45,.437,.437, 1939
02/12/2020,15:31,.453,.453,.453,.453, 140
02/12/2020,15:34,.44,.44,.44,.44, 100
02/12/2020,15:36,.44,.44,.44,.44, 593
02/12/2020,16:21,.455,.455,.455,.455, 100
02/12/2020,16:22,.451,.451,.451,.451, 100
02/12/2020,16:32,.451,.451,.451,.451, 200
02/12/2020,17:26,.451,.451,.451,.451, 100
02/12/2020,17:41,.451,.451,.451,.451, 650
02/12/2020,18:55,.44,.44,.44,.44, 657
02/12/2020,18:58,.436,.436,.436,.436, 100
02/12/2020,19:16,.451,.451,.451,.451, 100
02/12/2020,19:40,.44,.44,.44,.44, 100
02/12/2020,21:00,.435,.435,.435,.435, 100
02/12/2020,21:11,.45,.45,.45,.45, 100
02/12/2020,21:48,.422,.422,.422,.422, 147
02/12/2020,21:54,.45,.45,.45,.45, 100
02/13/2020,15:38,.44,.44,.44,.44, 2500
02/13/2020,15:49,.455,.455,.455,.455, 100
02/13/2020,16:15,.438,.455,.438,.455, 400
02/13/2020,16:24,.455,.455,.455,.455, 250
02/13/2020,16:27,.44,.44,.44,.44, 400
02/13/2020,16:28,.451,.451,.451,.451, 100
02/13/2020,17:19,.438,.438,.438,.438, 146
02/13/2020,17:30,.45,.45,.45,.45, 100
02/13/2020,18:18,.45,.45,.445,.445, 400
02/13/2020,18:21,.45,.45,.45,.45, 1196
02/13/2020,19:04,.45,.45,.45,.45, 350
02/13/2020,19:17,.445,.445,.445,.445, 500
02/13/2020,19:23,.438,.445,.438,.445, 1100
02/13/2020,19:29,.44,.44,.44,.44, 500
02/13/2020,19:36,.438,.438,.438,.438, 744
02/13/2020,19:39,.438,.438,.438,.438, 200
02/13/2020,19:40,.437,.437,.437,.437, 100
02/13/2020,19:41,.436,.436,.436,.436, 200
02/13/2020,19:43,.435,.436,.42,.42, 1843
02/13/2020,19:43,.42,.42,.42,.42, 500
02/13/2020,19:52,.42,.42,.42,.42, 556
02/13/2020,19:59,.42,.437,.42,.437, 400
02/13/2020,20:04,.437,.437,.437,.437, 100
02/13/2020,20:20,.431,.431,.431,.431, 1750
02/13/2020,20:31,.423,.423,.423,.423, 2500
02/13/2020,20:33,.429,.455,.42,.455, 700
02/13/2020,20:36,.42,.42,.42,.42, 2500
02/13/2020,20:37,.42,.42,.42,.42, 2500
02/13/2020,20:42,.446,.446,.446,.446, 100
02/13/2020,20:45,.43,.43,.43,.43, 350
02/13/2020,20:46,.439,.439,.439,.439, 2450
02/13/2020,21:19,.438,.438,.438,.438, 220
02/13/2020,21:49,.42,.42,.42,.42, 235
02/13/2020,21:50,.419,.419,.419,.419, 100
02/13/2020,21:50,.415,.438,.415,.438, 372
02/13/2020,21:54,.415,.415,.415,.415, 600
02/13/2020,21:56,.438,.438,.438,.438, 100
02/13/2020,21:58,.41,.45,.403,.45, 1816
02/14/2020,15:31,.405,.405,.405,.405, 515
02/14/2020,15:32,.438,.438,.438,.438, 100
02/14/2020,15:39,.42,.42,.42,.42, 200
02/14/2020,15:42,.436,.436,.436,.436, 100
02/14/2020,15:51,.415,.415,.403,.403, 750
02/14/2020,15:58,.436,.436,.436,.436, 100
02/14/2020,16:05,.423,.423,.423,.423, 100
02/14/2020,16:50,.42,.422,.42,.422, 200
02/14/2020,16:51,.422,.422,.422,.422, 100
02/14/2020,16:53,.42,.42,.42,.42, 2679
02/14/2020,16:54,.42,.435,.42,.435, 675
02/14/2020,17:10,.432,.432,.432,.432, 100
02/14/2020,17:22,.428,.428,.428,.428, 100
02/14/2020,17:24,.42,.42,.42,.42, 200
02/14/2020,17:29,.432,.432,.432,.432, 100
02/14/2020,17:38,.432,.438,.43,.43, 7700
02/14/2020,18:19,.42,.42,.42,.42, 500
02/14/2020,18:19,.421,.428,.421,.428, 400
02/14/2020,19:16,.427,.427,.427,.427, 100
02/14/2020,19:33,.42,.425,.42,.425, 8100
02/14/2020,19:38,.421,.421,.421,.421, 200
02/14/2020,19:39,.42,.42,.42,.42, 500
02/14/2020,19:39,.42,.42,.42,.42, 300
02/14/2020,20:16,.42,.42,.41,.418, 5319
02/14/2020,20:46,.42,.42,.42,.42, 200
02/14/2020,21:33,.42,.42,.42,.42, 5200
02/14/2020,21:39,.42,.42,.41,.41, 2800
02/14/2020,21:47,.403,.403,.403,.403, 100
02/14/2020,21:50,.404,.406,.404,.406, 400
02/14/2020,21:51,.408,.408,.403,.403, 1200
02/14/2020,21:53,.41,.41,.4,.4, 898
02/14/2020,21:54,.4,.405,.4,.405, 1694
02/14/2020,21:58,.408,.408,.408,.408, 615
02/18/2020,15:31,.4,.4,.4,.4, 1044
02/18/2020,15:40,.426,.426,.426,.426, 100
02/18/2020,15:46,.407,.407,.407,.407, 1000
02/18/2020,16:08,.4,.4,.4,.4, 1150
02/18/2020,16:12,.4,.4,.4,.4, 100
02/18/2020,16:20,.4,.4,.4,.4, 632
02/18/2020,16:27,.402,.402,.39,.39, 3925
02/18/2020,16:36,.39,.39,.39,.39, 7400
02/18/2020,16:45,.39,.39,.39,.39, 300
02/18/2020,16:46,.39,.39,.39,.39, 100
02/18/2020,16:58,.391,.391,.391,.391, 300
02/18/2020,17:23,.39,.39,.39,.39, 1500
02/18/2020,17:26,.39,.39,.39,.39, 500
02/18/2020,17:47,.39,.39,.39,.39, 200
02/18/2020,17:55,.39,.39,.39,.39, 100
02/18/2020,17:57,.39,.39,.39,.39, 3000
02/18/2020,18:00,.39,.4,.39,.4, 1300
02/18/2020,19:00,.4,.4,.4,.4, 240
02/18/2020,19:30,.39,.39,.39,.39, 100
02/18/2020,19:39,.395,.4,.39,.4, 500
02/18/2020,20:19,.397,.4,.397,.4, 500
02/18/2020,20:20,.397,.4,.397,.397, 400
02/18/2020,20:22,.4,.4,.4,.4, 100
02/18/2020,20:32,.395,.395,.395,.395, 1697
02/18/2020,20:33,.4,.4,.4,.4, 100
02/18/2020,20:57,.398,.398,.398,.398, 100
02/18/2020,21:04,.39,.39,.39,.39, 100
02/18/2020,21:13,.39,.399,.39,.399, 600
02/18/2020,21:50,.396,.4,.396,.4, 200
02/18/2020,21:57,.39,.39,.39,.39, 400
02/18/2020,21:57,.396,.396,.396,.396, 200
02/18/2020,22:00,.396,.396,.396,.396, 100
02/19/2020,15:31,.397,.397,.397,.397, 109
02/19/2020,15:32,.4,.4,.4,.4, 200
02/19/2020,15:32,.415,.415,.415,.415, 100
02/19/2020,15:38,.4,.4,.4,.4, 250
02/19/2020,15:39,.415,.415,.415,.415, 100
02/19/2020,15:44,.4,.4,.4,.4, 1500
02/19/2020,16:05,.413,.413,.413,.413, 250
02/19/2020,17:48,.405,.405,.405,.405, 1100
02/19/2020,18:36,.404,.404,.404,.404, 110
02/19/2020,18:38,.405,.405,.405,.405, 477
02/19/2020,18:41,.405,.405,.405,.405, 110
02/19/2020,20:08,.404,.404,.403,.403, 344
02/19/2020,20:25,.404,.405,.404,.405, 4000
02/19/2020,21:17,.403,.403,.403,.403, 100
02/19/2020,21:29,.4,.4,.4,.4, 5400
02/19/2020,21:38,.397,.397,.397,.397, 100
02/19/2020,21:40,.39,.405,.39,.405, 300
02/19/2020,21:45,.39,.405,.389,.405, 4518
02/20/2020,15:32,.4,.4,.4,.4, 100
02/20/2020,16:10,.398,.398,.398,.398, 250
02/20/2020,16:15,.399,.399,.399,.399, 100
02/20/2020,16:28,.398,.398,.398,.398, 885
02/20/2020,16:34,.39,.398,.39,.398, 400
02/20/2020,16:44,.399,.399,.399,.399, 100
02/20/2020,17:25,.4,.4,.4,.4, 150
02/20/2020,18:46,.395,.395,.394,.395, 3812
02/20/2020,18:56,.394,.394,.394,.394, 860
02/20/2020,18:57,.395,.395,.395,.395, 300
02/20/2020,19:16,.395,.395,.395,.395, 225
02/20/2020,19:33,.395,.395,.395,.395, 600
02/20/2020,19:40,.394,.394,.394,.394, 250
02/20/2020,20:02,.395,.398,.394,.398, 300
02/20/2020,20:30,.392,.392,.392,.392, 2000
02/20/2020,20:31,.395,.395,.39,.39, 1473
02/20/2020,20:34,.392,.392,.39,.39, 1192
02/20/2020,20:45,.39,.405,.39,.405, 400
02/20/2020,21:21,.39,.39,.39,.39, 600
02/20/2020,21:22,.39,.39,.39,.39, 100
02/20/2020,21:24,.397,.397,.397,.397, 100
02/21/2020,15:31,.391,.394,.376,.394, 765
02/21/2020,15:32,.381,.381,.381,.381, 383
02/21/2020,15:33,.394,.394,.394,.394, 100
02/21/2020,15:57,.38,.38,.38,.38, 300
02/21/2020,16:02,.392,.392,.392,.392, 100
02/21/2020,16:04,.38,.392,.38,.392, 461
02/21/2020,16:09,.392,.392,.392,.392, 100
02/21/2020,16:52,.384,.384,.384,.384, 500
02/21/2020,17:02,.389,.389,.38,.38, 10613
02/21/2020,17:08,.385,.385,.385,.385, 100
02/21/2020,18:13,.38,.38,.378,.378, 400
02/21/2020,18:14,.378,.378,.378,.378, 2800
02/21/2020,18:21,.38,.38,.38,.38, 100
02/21/2020,18:34,.38,.38,.38,.38, 100
02/21/2020,19:14,.383,.383,.383,.383, 2500
02/21/2020,19:24,.38,.38,.38,.38, 100
02/21/2020,20:31,.38,.38,.38,.38, 100
02/21/2020,20:55,.382,.385,.382,.385, 3228
02/21/2020,20:56,.387,.387,.387,.387, 382
02/21/2020,20:57,.388,.388,.388,.388, 240
02/21/2020,21:02,.382,.382,.382,.382, 172
02/21/2020,21:09,.384,.384,.384,.384, 1000
02/21/2020,21:10,.385,.385,.385,.385, 600
02/21/2020,21:41,.38,.38,.38,.38, 100
02/21/2020,21:41,.38,.38,.38,.38, 191
02/21/2020,21:48,.38,.388,.38,.388, 400
02/24/2020,15:45,.381,.381,.381,.381, 103
02/24/2020,16:09,.37,.37,.37,.37, 100
02/24/2020,16:43,.377,.377,.37,.37, 2370
02/24/2020,16:46,.383,.383,.383,.383, 100
02/24/2020,16:53,.381,.381,.381,.381, 5000
02/24/2020,17:33,.37,.37,.37,.37, 100
02/24/2020,18:02,.382,.382,.382,.382, 2104
02/24/2020,18:47,.37,.37,.37,.37, 100
02/24/2020,18:59,.378,.378,.378,.378, 100
02/24/2020,19:00,.378,.378,.378,.378, 100
02/24/2020,19:04,.38,.38,.38,.38, 1000
02/24/2020,19:05,.38,.38,.38,.38, 1300
02/24/2020,19:15,.38,.38,.38,.38, 400
02/24/2020,19:17,.37,.37,.37,.37, 300
02/24/2020,21:45,.379,.379,.379,.379, 5000
02/24/2020,21:57,.38,.38,.38,.38, 5000
02/24/2020,22:00,.377,.38,.377,.38, 8991
02/25/2020,15:31,.38,.38,.38,.38, 105
02/25/2020,15:55,.382,.383,.382,.383, 800
02/25/2020,16:09,.38,.384,.374,.374, 1801
02/25/2020,16:10,.383,.383,.383,.383, 100
02/25/2020,16:23,.38,.38,.375,.375, 1000
02/25/2020,16:24,.387,.387,.387,.387, 100
02/25/2020,16:58,.387,.387,.387,.387, 137
02/25/2020,17:01,.375,.375,.375,.375, 185
02/25/2020,17:10,.375,.375,.375,.375, 100
02/25/2020,17:13,.375,.387,.375,.387, 300
02/25/2020,17:18,.381,.381,.381,.381, 200
02/25/2020,17:21,.387,.387,.387,.387, 100
02/25/2020,17:29,.38,.38,.38,.38, 100
02/25/2020,17:58,.386,.386,.386,.386, 100
02/25/2020,18:41,.386,.391,.386,.39, 2887
02/25/2020,18:53,.39,.39,.39,.39, 6896
02/25/2020,18:56,.391,.391,.391,.391, 2250
02/25/2020,19:09,.391,.391,.391,.391, 1300
02/25/2020,19:10,.392,.392,.392,.392, 100
02/25/2020,19:12,.393,.393,.393,.393, 100
02/25/2020,19:13,.393,.393,.393,.393, 600
02/25/2020,19:16,.391,.4,.391,.4, 400
02/25/2020,19:38,.399,.4,.399,.4, 1000
02/25/2020,19:39,.401,.41,.401,.41, 2100
02/25/2020,19:41,.407,.407,.407,.407, 1000
02/25/2020,19:42,.4,.405,.4,.405, 600
02/25/2020,19:43,.41,.41,.41,.41, 1702
02/25/2020,19:46,.403,.403,.403,.403, 590
02/25/2020,19:47,.403,.403,.403,.403, 985
02/25/2020,19:48,.4,.41,.4,.405, 500
02/25/2020,19:49,.401,.405,.401,.405, 580
02/25/2020,19:54,.405,.405,.405,.405, 1100
02/25/2020,20:03,.406,.406,.406,.406, 500
02/25/2020,20:05,.415,.415,.415,.415, 100
02/25/2020,20:16,.406,.406,.404,.406, 5120
02/25/2020,20:27,.406,.406,.406,.406, 950
02/25/2020,20:28,.406,.406,.406,.406, 1000
02/25/2020,20:28,.415,.415,.415,.415, 2000
02/25/2020,20:32,.409,.409,.409,.409, 300
02/25/2020,20:33,.409,.415,.409,.415, 400
02/25/2020,20:33,.415,.415,.415,.415, 183
02/25/2020,20:47,.415,.415,.415,.415, 150
02/25/2020,21:08,.412,.412,.41,.41, 1800
02/25/2020,21:11,.41,.41,.41,.41, 100
02/25/2020,21:26,.409,.409,.4,.4, 1700
02/25/2020,21:31,.4,.4,.4,.4, 802
02/25/2020,22:01,.395,.395,.395,.395, 130
02/26/2020,15:31,.415,.415,.415,.415, 254
02/26/2020,15:33,.401,.401,.401,.401, 100
02/26/2020,15:39,.439,.439,.439,.439, 100
02/26/2020,15:46,.43,.43,.43,.43, 150
02/26/2020,15:56,.411,.411,.411,.411, 700
02/26/2020,16:00,.43,.43,.43,.43, 100
02/26/2020,16:04,.43,.43,.43,.43, 100
02/26/2020,16:14,.391,.42,.39,.42, 10884
02/26/2020,16:42,.43,.43,.394,.394, 12964
02/26/2020,16:44,.428,.428,.428,.428, 100
02/26/2020,16:58,.427,.427,.427,.427, 520
02/26/2020,17:14,.428,.428,.41,.419, 2214
02/26/2020,17:51,.417,.417,.417,.417, 1000
02/26/2020,17:59,.419,.419,.419,.419, 125
02/26/2020,18:17,.419,.419,.418,.419, 1914
02/26/2020,19:13,.405,.405,.405,.405, 315
02/26/2020,19:25,.419,.419,.418,.419, 2451
02/26/2020,19:26,.418,.419,.417,.419, 3802
02/26/2020,19:27,.409,.409,.409,.409, 1300
02/26/2020,19:32,.419,.419,.412,.419, 7000
02/26/2020,19:32,.419,.419,.412,.419, 7000
02/26/2020,19:35,.419,.419,.419,.419, 10000
02/28/2020,15:49,.42,.42,.42,.42, 100
02/28/2020,16:05,.415,.415,.415,.415, 150
02/28/2020,16:06,.42,.42,.42,.42, 100
02/28/2020,16:08,.416,.416,.416,.416, 403
02/28/2020,16:19,.413,.413,.413,.413, 115
02/28/2020,16:25,.413,.413,.413,.413, 1000
02/28/2020,16:33,.413,.413,.413,.413, 146
02/28/2020,16:40,.413,.42,.413,.42, 200
02/28/2020,16:43,.41,.41,.4,.4, 1340
02/28/2020,17:03,.4,.4,.4,.4, 1182
02/28/2020,17:06,.402,.402,.402,.402, 6000
02/28/2020,17:08,.402,.41,.402,.41, 1500
02/28/2020,17:20,.407,.407,.407,.407, 100
02/28/2020,17:20,.41,.41,.41,.41, 100
02/28/2020,17:34,.4,.41,.4,.41, 566
02/28/2020,18:14,.41,.41,.4,.4, 345
02/28/2020,20:41,.4,.41,.4,.41, 1460
02/28/2020,20:50,.4,.41,.4,.41, 1965
02/28/2020,20:51,.4,.4,.4,.4, 1000
02/28/2020,20:53,.4,.41,.4,.41, 800
02/28/2020,21:17,.4,.4,.4,.4, 125
02/28/2020,21:26,.405,.41,.4,.41, 500
02/28/2020,21:53,.41,.41,.4,.4, 5160
02/28/2020,21:58,.41,.41,.4,.41, 1000

