04/01/2020,09:03,33.1815,33.1815,33.1815,33.1815, 1
04/01/2020,13:06,33.1327,33.1327,33.1327,33.1327, 1
04/01/2020,13:17,33.2676,33.2676,33.2676,33.2676, 1
04/02/2020,13:07,32.9816,32.9816,32.9816,32.9816, 1
04/02/2020,13:18,32.8872,32.8872,32.8872,32.8872, 1
04/03/2020,12:21,32.9946,32.9946,32.9946,32.9946, 1
04/03/2020,12:35,32.6823,32.6823,32.6823,32.6823, 1
04/03/2020,13:08,32.6575,32.6575,32.6575,32.6575, 1
04/03/2020,13:17,32.604,32.604,32.604,32.604, 1
04/05/2020,05:33,32.604,32.604,32.604,32.604, 1
04/06/2020,13:00,32.6694,32.6694,32.6694,32.6694, 1
04/06/2020,13:07,32.6422,32.6422,32.6422,32.6422, 1
04/06/2020,13:24,32.5775,32.5775,32.5775,32.5775, 1
04/07/2020,07:52,32.5775,32.5775,32.5775,32.5775, 1
04/07/2020,07:52,32.5775,32.5775,32.5775,32.5775, 1
04/07/2020,08:48,32.6422,32.6422,32.6422,32.6422, 1
04/07/2020,09:30,32.5775,32.5775,32.5775,32.5775, 1
04/07/2020,12:33,32.6694,32.6694,32.6694,32.6694, 1
04/07/2020,12:34,32.6694,32.6694,32.6694,32.6694, 1
04/07/2020,12:44,32.675,32.675,32.675,32.675, 1
04/07/2020,13:08,32.6888,32.6888,32.6888,32.6888, 1
04/07/2020,13:13,32.675,32.675,32.675,32.675, 2
04/07/2020,13:17,32.5019,32.5019,32.5019,32.5019, 1
04/07/2020,14:16,32.675,32.675,32.675,32.675, 1
04/08/2020,13:05,32.7358,32.7358,32.7358,32.7358, 1
04/08/2020,13:18,32.5854,32.5854,32.5854,32.5854, 1
04/08/2020,13:26,32.7355,32.7355,32.7355,32.7355, 1
04/09/2020,13:06,32.6841,32.6841,32.6841,32.6841, 1
04/09/2020,13:08,32.6681,32.6681,32.6681,32.6681, 1
04/09/2020,13:18,32.5138,32.5138,32.5138,32.5138, 1
04/10/2020,13:10,32.875,32.875,32.875,32.875, 1
04/12/2020,05:33,32.5138,32.5138,32.5138,32.5138, 1
04/14/2020,07:56,32.5138,32.5138,32.5138,32.5138, 1
04/14/2020,08:52,32.5138,32.5138,32.5138,32.5138, 1
04/14/2020,12:57,32.8643,32.8643,32.8643,32.8643, 1
04/14/2020,13:07,32.9062,32.9062,32.9062,32.9062, 1
04/14/2020,13:16,32.8658,32.8658,32.8658,32.8658, 3
04/15/2020,07:55,32.8658,32.8658,32.8658,32.8658, 1
04/15/2020,12:39,32.8167,32.8167,32.8167,32.8167, 1
04/15/2020,13:09,32.819,32.819,32.819,32.819, 1
04/15/2020,13:17,32.9637,32.9637,32.9637,32.9637, 1
04/15/2020,15:52,32.9637,32.9637,32.9637,32.9637, 1
04/16/2020,12:46,32.8,32.8,32.8,32.8, 1
04/16/2020,13:05,32.9637,32.9637,32.9637,32.9637, 1
04/16/2020,13:08,32.7447,32.7447,32.7447,32.7447, 1
04/16/2020,13:30,32.7795,32.7795,32.7795,32.7795, 1
04/17/2020,12:43,32.5,32.5,32.5,32.5, 1
04/17/2020,13:06,32.5569,32.5569,32.5569,32.5569, 1
04/17/2020,13:17,32.6405,32.6405,32.6405,32.6405, 1
04/18/2020,14:35,32.5569,32.5569,32.5569,32.5569, 1
04/18/2020,15:12,32.5569,32.5569,32.5569,32.5569, 1
04/18/2020,15:22,32.5569,32.5569,32.5569,32.5569, 1

