02/03/2020,02:23,.86,.86,.86,.86, 19829
02/03/2020,02:51,.87,.87,.87,.87, 63657
02/03/2020,03:58,.87,.87,.87,.87, 610
02/03/2020,04:29,.86,.86,.86,.86, 11000
02/03/2020,05:17,.86,.86,.86,.86, 4305
02/03/2020,05:20,.86,.86,.86,.86, 2772
02/03/2020,06:01,.86,.86,.86,.86, 577
02/03/2020,06:31,.86,.86,.86,.86, 13711
02/04/2020,05:40,.875,.875,.875,.875, 2000
02/04/2020,06:12,.875,.875,.875,.875, 723
02/04/2020,06:31,.875,.875,.875,.875, 763
02/05/2020,02:23,.875,.875,.875,.875, 25659
02/05/2020,02:46,.88,.88,.88,.88, 550
02/05/2020,02:55,.88,.88,.88,.88, 521
02/05/2020,04:47,.875,.875,.875,.875, 2091
02/05/2020,06:31,.875,.875,.875,.875, 22250
02/06/2020,01:15,.87,.87,.87,.87, 40000
02/06/2020,02:17,.875,.875,.875,.875, 609
02/06/2020,03:47,.87,.87,.87,.87, 581
02/06/2020,03:52,.875,.875,.875,.875, 575
02/06/2020,03:58,.87,.87,.87,.87, 570
02/06/2020,05:53,.875,.875,.875,.875, 9248
02/06/2020,05:58,.875,.875,.875,.875, 640
02/07/2020,01:19,.87,.87,.87,.87, 15397
02/07/2020,02:08,.875,.875,.875,.875, 4600
02/07/2020,05:29,.88,.88,.88,.88, 696
02/07/2020,06:09,.877,.88,.877,.88, 19526
02/10/2020,03:21,.88,.88,.88,.88, 4000
02/10/2020,03:35,.885,.885,.885,.885, 732
02/10/2020,04:14,.885,.885,.885,.885, 771
02/10/2020,06:03,.885,.885,.885,.885, 50000
02/11/2020,00:48,.885,.885,.885,.885, 36697
02/11/2020,01:30,.885,.885,.885,.885, 578
02/11/2020,03:47,.89,.89,.89,.89, 839
02/11/2020,04:49,.885,.885,.885,.885, 306
02/11/2020,05:01,.885,.885,.885,.885, 1587
02/11/2020,05:51,.89,.89,.89,.89, 50791
02/11/2020,06:31,.895,.895,.895,.895, 25201
02/13/2020,02:49,.915,.915,.915,.915, 50
02/13/2020,02:53,.915,.915,.915,.915, 2
02/13/2020,04:39,.915,.915,.915,.915, 1272
02/13/2020,04:45,.915,.92,.915,.92, 45382
02/13/2020,04:46,.92,.92,.92,.92, 461
02/13/2020,05:02,.94,.94,.94,.94, 5
02/13/2020,05:43,.94,.94,.94,.94, 870
02/14/2020,00:23,.95,.955,.95,.955, 20306
02/14/2020,00:33,.98,.98,.98,.98, 2200
02/14/2020,01:14,.97,.97,.97,.97, 2600
02/14/2020,01:15,.97,.97,.97,.97, 5700
02/14/2020,01:26,.975,.975,.975,.975, 5000
02/14/2020,01:34,.98,.98,.98,.98, 1836
02/14/2020,02:54,.97,.97,.97,.97, 2567
02/14/2020,03:00,.97,.97,.97,.97, 520
02/14/2020,03:26,.97,.98,.97,.98, 32482
02/14/2020,03:33,.97,.97,.97,.97, 2079
02/14/2020,03:34,.975,.98,.975,.98, 33867
02/14/2020,03:43,.99,.99,.99,.99, 22568
02/14/2020,03:47,.99,.99,.99,.99, 1600
02/14/2020,03:50,.99,1,.99,1, 66133
02/14/2020,04:09,.98,.98,.98,.98, 5204
02/14/2020,04:27,.98,.99,.98,.99, 38565
02/14/2020,04:35,1,1,1,1, 1249
02/14/2020,04:38,.99,.99,.99,.99, 2274
02/14/2020,04:41,.97,.97,.96,.96, 10814
02/14/2020,05:25,.97,.985,.97,.985, 20000
02/14/2020,05:40,.97,.98,.97,.98, 9168
02/14/2020,05:54,.97,.97,.97,.97, 1100
02/17/2020,00:23,.98,.98,.98,.98, 9400
02/17/2020,01:07,.98,.98,.98,.98, 1000
02/17/2020,01:29,.98,.98,.98,.98, 1504
02/17/2020,01:37,.97,.97,.97,.97, 980
02/17/2020,04:49,.98,.98,.98,.98, 1431
02/17/2020,05:48,.97,.97,.97,.97, 50
02/17/2020,05:49,.955,.955,.955,.955, 4926
02/17/2020,06:09,.955,.955,.955,.955, 25000
02/18/2020,00:23,.98,.98,.98,.98, 1000
02/18/2020,01:03,.98,.98,.98,.98, 5000
02/18/2020,01:41,.99,.99,.99,.99, 10000
02/18/2020,03:03,.99,1,.99,1, 55533
02/18/2020,03:52,1.01,1.01,1.01,1.01, 19739
02/18/2020,03:57,1.01,1.01,1.01,1.01, 606
02/18/2020,04:15,1.01,1.01,1.01,1.01, 1539
02/18/2020,04:17,1.01,1.01,1,1, 83141
02/18/2020,04:24,.99,.99,.99,.99, 4000
02/18/2020,05:16,1,1,1,1, 38749
02/18/2020,05:51,.99,.99,.985,.985, 100610
02/18/2020,06:20,.98,.98,.98,.98, 192
02/19/2020,00:23,.985,.985,.985,.985, 48646
02/19/2020,00:34,.985,.985,.985,.985, 51354
02/19/2020,01:15,.98,.98,.98,.98, 1752
02/19/2020,01:44,.98,.98,.98,.98, 3267
02/19/2020,02:59,.985,.985,.985,.985, 10000
02/19/2020,03:00,.985,.985,.985,.985, 3539
02/19/2020,03:58,.98,.98,.98,.98, 3200
02/19/2020,06:02,.975,.975,.975,.975, 2907
02/19/2020,06:10,.975,.975,.975,.975, 10000
02/19/2020,06:20,.975,.975,.975,.975, 186
02/19/2020,06:31,.98,.98,.98,.98, 1842
02/20/2020,03:17,.98,.98,.98,.98, 12248
02/20/2020,04:45,.98,.98,.98,.98, 1000
02/20/2020,05:25,.98,.98,.98,.98, 13201
02/20/2020,05:51,.98,.98,.98,.98, 2122
02/20/2020,06:05,.98,.98,.98,.98, 2021
02/20/2020,06:19,.975,.975,.975,.975, 242
02/20/2020,06:31,.98,.98,.98,.98, 12000
02/21/2020,00:58,.975,.975,.975,.975, 1256
02/21/2020,01:01,.98,.98,.98,.98, 1870
02/21/2020,01:06,.98,.98,.98,.98, 1965
02/21/2020,05:29,.975,.975,.975,.975, 20517
02/21/2020,05:44,.98,.98,.98,.98, 2000
02/21/2020,06:16,.975,.975,.975,.975, 7949
02/24/2020,00:23,.98,.98,.98,.98, 10932
02/24/2020,02:22,.98,.98,.98,.98, 356
02/24/2020,02:29,.98,.98,.975,.98, 66743
02/24/2020,02:59,.96,.96,.96,.96, 1515
02/24/2020,03:25,.97,.97,.97,.97, 1824
02/24/2020,03:46,.96,.96,.955,.955, 60894
02/24/2020,03:52,.98,.98,.98,.98, 1918
02/24/2020,06:19,.957,.957,.955,.955, 397
02/25/2020,00:23,.955,.955,.955,.955, 12000
02/25/2020,03:09,.957,.957,.957,.957, 2080
02/25/2020,03:19,.955,.957,.955,.957, 19852
02/25/2020,03:50,.957,.957,.957,.957, 96
02/25/2020,03:57,.957,.957,.957,.957, 5000
02/25/2020,04:03,.957,.957,.957,.957, 5000
02/25/2020,04:04,.96,.96,.96,.96, 1971
02/25/2020,04:30,.957,.957,.957,.957, 105
02/25/2020,04:49,.957,.957,.957,.957, 95
02/25/2020,05:02,.96,.96,.957,.957, 49996
02/25/2020,05:05,.96,.96,.96,.96, 1643
02/25/2020,06:16,.955,.955,.955,.955, 22527
02/25/2020,06:31,.96,.96,.96,.96, 20867
02/26/2020,00:30,.955,.955,.955,.955, 2226
02/26/2020,00:49,.95,.95,.95,.95, 1568
02/26/2020,00:55,.925,.925,.925,.925, 4948
02/26/2020,01:00,.925,.925,.925,.925, 5862
02/26/2020,01:11,.925,.925,.925,.925, 5500
02/26/2020,01:26,.915,.915,.915,.915, 1400
02/26/2020,01:42,.92,.92,.92,.92, 4032
02/26/2020,02:25,.92,.92,.92,.92, 10000
02/26/2020,02:56,.92,.92,.92,.92, 11020
02/26/2020,03:33,.92,.92,.92,.92, 2104
02/26/2020,03:48,.92,.92,.92,.92, 5180
02/26/2020,04:01,.915,.915,.915,.915, 23600
02/26/2020,05:42,.9,.9,.9,.9, 4
02/26/2020,05:46,.9,.9,.9,.9, 6
02/26/2020,05:47,.905,.915,.905,.915, 3600
02/26/2020,06:00,.9,.9,.9,.9, 14
02/26/2020,06:06,.9,.9,.9,.9, 14
02/26/2020,06:10,.9,.9,.9,.9, 11
02/26/2020,06:15,.9,.9,.9,.9, 17
02/26/2020,06:20,.9,.9,.9,.9, 22
02/26/2020,06:31,.915,.915,.915,.915, 2224

