01/02/2020,07:46,121.65,121.65,121.65,121.65, 1
01/02/2020,08:04,121.68,121.68,121.68,121.68, 1
01/02/2020,08:27,121.65,121.65,121.65,121.65, 1
01/02/2020,08:48,121.68,121.68,121.68,121.68, 1
01/02/2020,09:11,121.65,121.65,121.65,121.65, 1
01/02/2020,09:57,121.7,121.7,121.7,121.7, 1
01/02/2020,10:40,121.67,121.67,121.67,121.67, 1
01/02/2020,11:02,121.62,121.62,121.62,121.62, 1
01/02/2020,11:23,121.56,121.56,121.56,121.56, 1
01/02/2020,11:46,121.51,121.51,121.51,121.51, 1
01/02/2020,12:10,121.6,121.6,121.6,121.6, 1
01/02/2020,12:30,121.52,121.52,121.52,121.52, 1
01/02/2020,12:51,121.46,121.46,121.46,121.46, 1
01/02/2020,13:15,121.47,121.47,121.47,121.47, 1
01/02/2020,13:36,121.48,121.48,121.48,121.48, 1
01/02/2020,13:46,121.4167,121.4167,121.4167,121.4167, 1
01/02/2020,13:57,121.49,121.49,121.49,121.49, 1
01/02/2020,14:43,121.51,121.51,121.51,121.51, 1
01/02/2020,15:26,121.39,121.39,121.39,121.39, 1
01/02/2020,15:47,121.15,121.15,121.15,121.15, 1
01/02/2020,16:31,121.13,121.13,121.13,121.13, 1
01/02/2020,16:53,121.21,121.21,121.21,121.21, 1
01/02/2020,17:15,121.27,121.27,121.27,121.27, 1
01/02/2020,17:37,121.25,121.25,121.25,121.25, 1
01/02/2020,17:59,121.12,121.12,121.12,121.12, 1
01/02/2020,18:21,121.1,121.1,121.1,121.1, 1
01/02/2020,18:43,121.13,121.13,121.13,121.13, 1
01/02/2020,19:29,121.11,121.11,121.11,121.11, 1
01/02/2020,20:16,121.13,121.13,121.13,121.13, 1
01/02/2020,20:40,121.08,121.08,121.08,121.08, 1
01/02/2020,21:01,121.11,121.11,121.11,121.11, 1
01/02/2020,21:21,121.15,121.15,121.15,121.15, 1
01/02/2020,21:45,121.13,121.13,121.13,121.13, 1
01/02/2020,22:05,121.15,121.15,121.15,121.15, 1
01/02/2020,22:27,121.18,121.18,121.18,121.18, 1
01/02/2020,22:48,121.16,121.16,121.16,121.16, 1
01/02/2020,23:11,121.15,121.15,121.15,121.15, 1
01/02/2020,23:33,121.17,121.17,121.17,121.17, 1
01/02/2020,23:57,121.15,121.15,121.15,121.15, 1
01/03/2020,06:16,121.1,121.1,121.1,121.1, 1
01/03/2020,07:03,121.09,121.09,121.09,121.09, 1
01/03/2020,07:25,121.1,121.1,121.1,121.1, 1
01/03/2020,07:46,121.12,121.12,121.12,121.12, 1
01/03/2020,08:06,121.13,121.13,121.13,121.13, 1
01/03/2020,08:28,121.04,121.04,121.04,121.04, 1
01/03/2020,08:50,120.98,120.98,120.98,120.98, 1
01/03/2020,09:01,121.79,121.79,121.79,121.79, 1
01/03/2020,09:10,121.78,121.78,121.78,121.78, 1
01/03/2020,09:31,121.8,121.8,121.8,121.8, 1
01/03/2020,09:53,121.81,121.81,121.81,121.81, 1
01/03/2020,10:39,121.8,121.8,121.8,121.8, 1
01/03/2020,11:01,121.81,121.81,121.81,121.81, 1
01/03/2020,11:25,121.8,121.8,121.8,121.8, 1
01/03/2020,11:45,121.78,121.78,121.78,121.78, 1
01/03/2020,12:08,121.8,121.8,121.8,121.8, 1
01/03/2020,12:29,121.81,121.81,121.81,121.81, 1
01/03/2020,12:52,121.8,121.8,121.8,121.8, 1
01/03/2020,13:15,121.81,121.81,121.81,121.81, 1
01/03/2020,13:37,121.79,121.79,121.79,121.79, 1
01/03/2020,13:48,120.7887,120.7887,120.7887,120.7887, 1
01/03/2020,14:47,121.77,121.77,121.77,121.77, 1
01/03/2020,15:08,121.8,121.8,121.8,121.8, 1
01/03/2020,15:50,121.78,121.78,121.78,121.78, 1
01/03/2020,16:10,121.82,121.82,121.82,121.82, 1
01/03/2020,16:32,121.79,121.79,121.79,121.79, 1
01/03/2020,16:54,121.84,121.84,121.84,121.84, 1
01/03/2020,17:18,121.89,121.89,121.89,121.89, 1
01/03/2020,17:39,122,122,122,122, 1
01/03/2020,18:01,121.93,121.93,121.93,121.93, 1
01/03/2020,18:24,121.91,121.91,121.91,121.91, 1
01/03/2020,18:47,121.92,121.92,121.92,121.92, 1
01/03/2020,19:10,121.93,121.93,121.93,121.93, 1
01/03/2020,19:33,121.87,121.87,121.87,121.87, 1
01/03/2020,19:56,121.88,121.88,121.88,121.88, 1
01/03/2020,20:19,121.84,121.84,121.84,121.84, 1
01/03/2020,20:40,121.81,121.81,121.81,121.81, 1
01/03/2020,21:04,121.85,121.85,121.85,121.85, 1
01/03/2020,21:25,121.82,121.82,121.82,121.82, 1
01/03/2020,22:10,121.78,121.78,121.78,121.78, 1
01/03/2020,22:33,121.73,121.73,121.73,121.73, 1
01/03/2020,22:56,121.7,121.7,121.7,121.7, 1
01/06/2020,08:05,121.75,121.75,121.75,121.75, 1
01/06/2020,08:25,121.78,121.78,121.78,121.78, 1
01/06/2020,08:48,121.9,121.9,121.9,121.9, 1
01/06/2020,09:10,121.94,121.94,121.94,121.94, 1
01/06/2020,09:31,121.82,121.82,121.82,121.82, 1
01/06/2020,09:52,121.86,121.86,121.86,121.86, 1
01/06/2020,10:15,121.99,121.99,121.99,121.99, 1
01/06/2020,10:35,121.84,121.84,121.84,121.84, 1
01/06/2020,10:58,121.87,121.87,121.87,121.87, 1
01/06/2020,11:20,121.98,121.98,121.98,121.98, 1
01/06/2020,11:43,121.96,121.96,121.96,121.96, 1
01/06/2020,12:07,121.98,121.98,121.98,121.98, 1
01/06/2020,12:29,121.95,121.95,121.95,121.95, 1
01/06/2020,12:49,121.88,121.88,121.88,121.88, 1
01/06/2020,13:11,122.07,122.07,122.07,122.07, 1
01/06/2020,13:34,121.94,121.94,121.94,121.94, 1
01/06/2020,13:47,121.3576,121.3576,121.3576,121.3576, 1
01/06/2020,13:55,122.04,122.04,122.04,122.04, 1
01/06/2020,14:18,121.95,121.95,121.95,121.95, 1
01/06/2020,14:40,122.05,122.05,122.05,122.05, 1
01/06/2020,15:04,121.99,121.99,121.99,121.99, 1
01/06/2020,15:49,122.02,122.02,122.02,122.02, 1
01/06/2020,16:09,122.03,122.03,122.03,122.03, 1
01/06/2020,16:54,122.05,122.05,122.05,122.05, 1
01/06/2020,17:15,122.04,122.04,122.04,122.04, 1
01/06/2020,17:36,122.08,122.08,122.08,122.08, 1
01/06/2020,18:18,122.17,122.17,122.17,122.17, 1
01/06/2020,18:42,122.14,122.14,122.14,122.14, 1
01/06/2020,19:04,122.15,122.15,122.15,122.15, 1
01/06/2020,19:25,122.18,122.18,122.18,122.18, 1
01/06/2020,19:47,122.2,122.2,122.2,122.2, 1
01/06/2020,20:10,122.14,122.14,122.14,122.14, 1
01/06/2020,20:33,122.11,122.11,122.11,122.11, 1
01/06/2020,20:54,122.1,122.1,122.1,122.1, 1
01/06/2020,21:15,122.12,122.12,122.12,122.12, 1
01/06/2020,22:02,122.15,122.15,122.15,122.15, 1
01/06/2020,22:46,122.21,122.21,122.21,122.21, 1
01/06/2020,23:09,122.17,122.17,122.17,122.17, 1
01/06/2020,23:31,122.18,122.18,122.18,122.18, 1
01/06/2020,23:55,122.17,122.17,122.17,122.17, 1
01/07/2020,06:05,122.12,122.12,122.12,122.12, 1
01/07/2020,06:46,122.11,122.11,122.11,122.11, 1
01/07/2020,07:07,122.07,122.07,122.07,122.07, 1
01/07/2020,07:27,122.06,122.06,122.06,122.06, 1
01/07/2020,07:50,122.09,122.09,122.09,122.09, 1
01/07/2020,08:13,122.05,122.05,122.05,122.05, 1
01/07/2020,08:34,122.08,122.08,122.08,122.08, 1
01/07/2020,08:57,121.98,121.98,121.98,121.98, 1
01/07/2020,10:24,122.1,122.1,122.1,122.1, 1
01/07/2020,10:47,121.97,121.97,121.97,121.97, 1
01/07/2020,11:08,122.17,122.17,122.17,122.17, 1
01/07/2020,11:30,122.09,122.09,122.09,122.09, 1
01/07/2020,11:54,122.12,122.12,122.12,122.12, 1
01/07/2020,12:16,122.09,122.09,122.09,122.09, 1
01/07/2020,12:39,122.07,122.07,122.07,122.07, 1
01/07/2020,13:00,122.11,122.11,122.11,122.11, 1
01/07/2020,13:22,122.08,122.08,122.08,122.08, 1
01/07/2020,13:42,122.12,122.12,122.12,122.12, 1
01/07/2020,13:48,121.6146,121.6146,121.6146,121.6146, 1
01/07/2020,14:05,122.13,122.13,122.13,122.13, 1
01/07/2020,14:26,122.19,122.19,122.19,122.19, 1
01/07/2020,14:47,122.21,122.21,122.21,122.21, 1
01/07/2020,15:07,122.07,122.07,122.07,122.07, 1
01/07/2020,15:29,122.21,122.21,122.21,122.21, 1
01/07/2020,15:51,122.19,122.19,122.19,122.19, 1
01/07/2020,16:15,122.2,122.2,122.2,122.2, 1
01/07/2020,16:37,122.09,122.09,122.09,122.09, 1
01/07/2020,17:24,122.2,122.2,122.2,122.2, 1
01/07/2020,17:49,122.21,122.21,122.21,122.21, 1
01/07/2020,21:33,122.19,122.19,122.19,122.19, 1
01/07/2020,21:57,122.21,122.21,122.21,122.21, 1
01/07/2020,22:19,122.2,122.2,122.2,122.2, 1
01/07/2020,23:04,122.23,122.23,122.23,122.23, 1
01/07/2020,23:25,122.2,122.2,122.2,122.2, 1
01/07/2020,23:48,122.19,122.19,122.19,122.19, 1
01/08/2020,06:19,122.2,122.2,122.2,122.2, 1
01/08/2020,06:41,122.21,122.21,122.21,122.21, 1
01/08/2020,07:28,122.2,122.2,122.2,122.2, 1
01/08/2020,07:48,122.21,122.21,122.21,122.21, 1
01/08/2020,08:57,122.22,122.22,122.22,122.22, 1
01/08/2020,09:21,122.03,122.03,122.03,122.03, 1
01/08/2020,09:42,122.18,122.18,122.18,122.18, 1
01/08/2020,10:06,122.12,122.12,122.12,122.12, 1
01/08/2020,10:29,122.2,122.2,122.2,122.2, 1
01/08/2020,10:49,122.26,122.26,122.26,122.26, 1
01/08/2020,11:09,122.23,122.23,122.23,122.23, 1
01/08/2020,11:34,122.26,122.26,122.26,122.26, 1
01/08/2020,11:56,122.2,122.2,122.2,122.2, 1
01/08/2020,12:39,122.26,122.26,122.26,122.26, 1
01/08/2020,13:48,121.932,121.932,121.932,121.932, 1
01/08/2020,14:09,122.22,122.22,122.22,122.22, 1
01/08/2020,14:32,122.19,122.19,122.19,122.19, 1
01/08/2020,14:55,122.23,122.23,122.23,122.23, 1
01/08/2020,15:17,122.21,122.21,122.21,122.21, 1
01/08/2020,15:39,122.28,122.28,122.28,122.28, 1
01/08/2020,16:02,122.21,122.21,122.21,122.21, 1
01/08/2020,16:24,122.25,122.25,122.25,122.25, 1
01/08/2020,16:47,122.2,122.2,122.2,122.2, 1
01/08/2020,17:11,122.27,122.27,122.27,122.27, 1
01/08/2020,17:35,122.23,122.23,122.23,122.23, 1
01/08/2020,17:59,122.27,122.27,122.27,122.27, 1
01/08/2020,18:19,122.26,122.26,122.26,122.26, 1
01/08/2020,18:42,122.27,122.27,122.27,122.27, 1
01/08/2020,19:04,122.25,122.25,122.25,122.25, 1
01/08/2020,19:26,122.26,122.26,122.26,122.26, 1
01/08/2020,19:48,122.27,122.27,122.27,122.27, 1
01/08/2020,20:08,122.26,122.26,122.26,122.26, 1
01/08/2020,21:17,122.25,122.25,122.25,122.25, 1
01/08/2020,22:21,122.26,122.26,122.26,122.26, 1
01/08/2020,22:43,122.25,122.25,122.25,122.25, 1
01/08/2020,23:06,122.26,122.26,122.26,122.26, 1
01/08/2020,23:28,122.27,122.27,122.27,122.27, 1
01/08/2020,23:50,122.26,122.26,122.26,122.26, 1
01/09/2020,06:09,122.25,122.25,122.25,122.25, 1
01/09/2020,06:31,122.26,122.26,122.26,122.26, 1
01/09/2020,06:53,122.25,122.25,122.25,122.25, 1
01/09/2020,07:15,122.26,122.26,122.26,122.26, 1
01/09/2020,08:21,122.27,122.27,122.27,122.27, 1
01/09/2020,08:45,122.25,122.25,122.25,122.25, 1
01/09/2020,09:51,122.22,122.22,122.22,122.22, 1
01/09/2020,10:14,122.21,122.21,122.21,122.21, 1
01/09/2020,10:36,122.18,122.18,122.18,122.18, 1
01/09/2020,10:58,122.16,122.16,122.16,122.16, 1
01/09/2020,11:20,122.21,122.21,122.21,122.21, 1
01/09/2020,11:41,122.19,122.19,122.19,122.19, 1
01/09/2020,12:03,122.28,122.28,122.28,122.28, 1
01/09/2020,12:27,122.21,122.21,122.21,122.21, 1
01/09/2020,12:47,122.2,122.2,122.2,122.2, 1
01/09/2020,13:09,122.21,122.21,122.21,122.21, 1
01/09/2020,13:33,122.2,122.2,122.2,122.2, 1
01/09/2020,13:48,122.0257,122.0257,122.0257,122.0257, 1
01/09/2020,13:54,122.19,122.19,122.19,122.19, 1
01/09/2020,14:14,122.12,122.12,122.12,122.12, 1
01/09/2020,14:36,122.18,122.18,122.18,122.18, 1
01/09/2020,15:01,122.14,122.14,122.14,122.14, 1
01/09/2020,15:23,122.19,122.19,122.19,122.19, 1
01/09/2020,16:49,122.28,122.28,122.28,122.28, 1
01/09/2020,17:33,122.3,122.3,122.3,122.3, 1
01/09/2020,17:54,122.28,122.28,122.28,122.28, 1
01/09/2020,20:34,122.27,122.27,122.27,122.27, 1
01/09/2020,20:58,122.29,122.29,122.29,122.29, 1
01/09/2020,21:39,122.28,122.28,122.28,122.28, 1
01/09/2020,23:06,122.29,122.29,122.29,122.29, 1
01/09/2020,23:29,122.28,122.28,122.28,122.28, 1
01/10/2020,06:11,122.29,122.29,122.29,122.29, 1
01/10/2020,06:34,122.28,122.28,122.28,122.28, 1
01/10/2020,09:28,122.11,122.11,122.11,122.11, 1
01/10/2020,09:48,121.96,121.96,121.96,121.96, 1
01/10/2020,10:10,122.09,122.09,122.09,122.09, 1
01/10/2020,10:33,122.03,122.03,122.03,122.03, 1
01/10/2020,10:57,122.08,122.08,122.08,122.08, 1
01/10/2020,11:19,122.1,122.1,122.1,122.1, 1
01/10/2020,12:02,122.02,122.02,122.02,122.02, 1
01/10/2020,12:26,121.87,121.87,121.87,121.87, 1
01/10/2020,12:47,122.08,122.08,122.08,122.08, 1
01/10/2020,13:10,122.03,122.03,122.03,122.03, 1
01/10/2020,13:33,121.92,121.92,121.92,121.92, 1
01/10/2020,13:47,122.0144,122.0144,122.0144,122.0144, 1
01/10/2020,13:54,121.93,121.93,121.93,121.93, 1
01/10/2020,14:19,121.8,121.8,121.8,121.8, 1
01/10/2020,14:42,122.03,122.03,122.03,122.03, 1
01/10/2020,15:05,121.9,121.9,121.9,121.9, 1
01/10/2020,15:25,121.89,121.89,121.89,121.89, 1
01/10/2020,16:08,121.86,121.86,121.86,121.86, 1
01/10/2020,16:28,121.83,121.83,121.83,121.83, 1
01/10/2020,16:50,121.9,121.9,121.9,121.9, 1
01/10/2020,17:35,121.91,121.91,121.91,121.91, 1
01/10/2020,17:56,121.9,121.9,121.9,121.9, 1
01/10/2020,18:19,121.98,121.98,121.98,121.98, 1
01/10/2020,18:42,122.08,122.08,122.08,122.08, 1
01/10/2020,20:37,122.09,122.09,122.09,122.09, 1
01/10/2020,20:58,122.08,122.08,122.08,122.08, 1
01/10/2020,22:28,122.06,122.06,122.06,122.06, 1
01/10/2020,22:51,122.07,122.07,122.07,122.07, 1
01/13/2020,08:03,122.16,122.16,122.16,122.16, 1
01/13/2020,08:23,122.15,122.15,122.15,122.15, 1
01/13/2020,08:46,122.09,122.09,122.09,122.09, 1
01/13/2020,09:30,121.92,121.92,121.92,121.92, 1
01/13/2020,09:50,122.09,122.09,122.09,122.09, 1
01/13/2020,10:13,121.86,121.86,121.86,121.86, 1
01/13/2020,10:34,121.9,121.9,121.9,121.9, 1
01/13/2020,10:57,121.87,121.87,121.87,121.87, 1
01/13/2020,11:18,121.99,121.99,121.99,121.99, 1
01/13/2020,11:41,121.83,121.83,121.83,121.83, 1
01/13/2020,12:05,121.9,121.9,121.9,121.9, 1
01/13/2020,12:28,121.77,121.77,121.77,121.77, 1
01/13/2020,12:48,121.85,121.85,121.85,121.85, 1
01/13/2020,13:10,121.8,121.8,121.8,121.8, 1
01/13/2020,13:32,121.92,121.92,121.92,121.92, 1
01/13/2020,13:47,121.8899,121.8899,121.8899,121.8899, 1
01/13/2020,13:53,121.86,121.86,121.86,121.86, 1
01/13/2020,14:17,121.81,121.81,121.81,121.81, 1
01/13/2020,15:03,121.91,121.91,121.91,121.91, 1
01/13/2020,15:26,121.84,121.84,121.84,121.84, 1
01/13/2020,15:48,121.86,121.86,121.86,121.86, 1
01/13/2020,16:08,121.87,121.87,121.87,121.87, 1
01/13/2020,16:31,121.85,121.85,121.85,121.85, 1
01/13/2020,16:53,121.84,121.84,121.84,121.84, 1
01/13/2020,17:13,121.98,121.98,121.98,121.98, 1
01/13/2020,17:34,121.99,121.99,121.99,121.99, 1
01/13/2020,18:41,121.98,121.98,121.98,121.98, 1
01/13/2020,19:46,121.99,121.99,121.99,121.99, 1
01/13/2020,20:32,121.98,121.98,121.98,121.98, 1
01/13/2020,22:45,121.97,121.97,121.97,121.97, 1
01/13/2020,23:07,121.98,121.98,121.98,121.98, 1
01/14/2020,06:04,121.99,121.99,121.99,121.99, 1
01/14/2020,06:24,122,122,122,122, 1
01/14/2020,06:44,122.01,122.01,122.01,122.01, 1
01/14/2020,07:05,121.98,121.98,121.98,121.98, 1
01/14/2020,07:25,122.03,122.03,122.03,122.03, 1
01/14/2020,07:49,122.04,122.04,122.04,122.04, 1
01/14/2020,08:12,121.98,121.98,121.98,121.98, 1
01/14/2020,08:33,121.8,121.8,121.8,121.8, 1
01/14/2020,09:16,121.79,121.79,121.79,121.79, 1
01/14/2020,09:41,121.8,121.8,121.8,121.8, 1
01/14/2020,10:01,121.81,121.81,121.81,121.81, 1
01/14/2020,10:45,121.82,121.82,121.82,121.82, 1
01/14/2020,11:06,121.78,121.78,121.78,121.78, 1
01/14/2020,11:28,121.79,121.79,121.79,121.79, 1
01/14/2020,11:52,121.8,121.8,121.8,121.8, 1
01/14/2020,12:38,121.81,121.81,121.81,121.81, 1
01/14/2020,12:59,121.99,121.99,121.99,121.99, 1
01/14/2020,13:20,121.78,121.78,121.78,121.78, 1
01/14/2020,13:40,121.71,121.71,121.71,121.71, 1
01/14/2020,13:47,121.8107,121.8107,121.8107,121.8107, 1
01/14/2020,14:03,121.94,121.94,121.94,121.94, 1
01/14/2020,14:25,121.8,121.8,121.8,121.8, 1
01/14/2020,14:46,121.76,121.76,121.76,121.76, 1
01/14/2020,15:06,121.8,121.8,121.8,121.8, 1
01/14/2020,15:27,121.88,121.88,121.88,121.88, 1
01/14/2020,15:49,121.8,121.8,121.8,121.8, 1
01/14/2020,16:14,121.79,121.79,121.79,121.79, 1
01/14/2020,16:36,121.82,121.82,121.82,121.82, 1
01/14/2020,16:59,121.94,121.94,121.94,121.94, 1
01/14/2020,17:23,121.84,121.84,121.84,121.84, 1
01/14/2020,17:47,121.94,121.94,121.94,121.94, 1
01/14/2020,18:08,121.93,121.93,121.93,121.93, 1
01/14/2020,19:15,121.94,121.94,121.94,121.94, 1
01/14/2020,19:59,121.93,121.93,121.93,121.93, 1
01/14/2020,20:22,121.94,121.94,121.94,121.94, 1
01/14/2020,20:46,121.92,121.92,121.92,121.92, 1
01/14/2020,21:10,121.95,121.95,121.95,121.95, 1
01/14/2020,21:55,121.93,121.93,121.93,121.93, 1
01/14/2020,22:17,121.94,121.94,121.94,121.94, 1
01/14/2020,23:46,121.93,121.93,121.93,121.93, 1
01/15/2020,09:19,121.8,121.8,121.8,121.8, 1
01/15/2020,09:40,121.81,121.81,121.81,121.81, 1
01/15/2020,10:18,121.8,121.8,121.8,121.8, 1
01/15/2020,10:38,122.02,122.02,122.02,122.02, 1
01/15/2020,11:01,121.79,121.79,121.79,121.79, 1
01/15/2020,11:23,122.02,122.02,122.02,122.02, 1
01/15/2020,11:45,121.85,121.85,121.85,121.85, 1
01/15/2020,12:05,121.99,121.99,121.99,121.99, 1
01/15/2020,12:28,121.86,121.86,121.86,121.86, 1
01/15/2020,12:48,121.79,121.79,121.79,121.79, 1
01/15/2020,13:12,122.03,122.03,122.03,122.03, 1
01/15/2020,13:33,122.01,122.01,122.01,122.01, 1
01/15/2020,13:48,121.6674,121.6674,121.6674,121.6674, 1
01/15/2020,13:56,122.03,122.03,122.03,122.03, 1
01/15/2020,14:20,121.92,121.92,121.92,121.92, 1
01/15/2020,14:42,122,122,122,122, 1
01/15/2020,15:03,121.9,121.9,121.9,121.9, 1
01/15/2020,15:25,122.01,122.01,122.01,122.01, 1
01/15/2020,15:47,121.91,121.91,121.91,121.91, 1
01/15/2020,16:08,122.03,122.03,122.03,122.03, 1
01/15/2020,16:31,121.99,121.99,121.99,121.99, 1
01/15/2020,16:54,122.03,122.03,122.03,122.03, 1
01/15/2020,17:41,122.01,122.01,122.01,122.01, 1
01/15/2020,18:02,122.03,122.03,122.03,122.03, 1
01/15/2020,19:08,122.04,122.04,122.04,122.04, 1
01/15/2020,20:10,122.03,122.03,122.03,122.03, 1
01/15/2020,20:32,122.02,122.02,122.02,122.02, 1
01/15/2020,20:56,122.03,122.03,122.03,122.03, 1
01/16/2020,06:52,122.04,122.04,122.04,122.04, 1
01/16/2020,07:34,122.03,122.03,122.03,122.03, 1
01/16/2020,08:39,122.04,122.04,122.04,122.04, 1
01/16/2020,08:59,122.03,122.03,122.03,122.03, 1
01/16/2020,09:20,122.04,122.04,122.04,122.04, 1
01/16/2020,09:40,122.05,122.05,122.05,122.05, 1
01/16/2020,10:03,122.04,122.04,122.04,122.04, 1
01/16/2020,10:27,122.11,122.11,122.11,122.11, 1
01/16/2020,10:48,122.1,122.1,122.1,122.1, 1
01/16/2020,11:10,122.11,122.11,122.11,122.11, 1
01/16/2020,11:31,122,122,122,122, 1
01/16/2020,11:55,122.16,122.16,122.16,122.16, 1
01/16/2020,12:16,122.13,122.13,122.13,122.13, 1
01/16/2020,12:38,122.16,122.16,122.16,122.16, 1
01/16/2020,13:00,122.14,122.14,122.14,122.14, 1
01/16/2020,13:21,122.11,122.11,122.11,122.11, 1
01/16/2020,13:47,121.5656,121.5656,121.5656,121.5656, 1
01/16/2020,14:07,122.16,122.16,122.16,122.16, 1
01/16/2020,14:29,122.13,122.13,122.13,122.13, 1
01/16/2020,14:53,122.15,122.15,122.15,122.15, 1
01/16/2020,16:18,122.09,122.09,122.09,122.09, 1
01/16/2020,16:39,122.1,122.1,122.1,122.1, 1
01/16/2020,17:00,122.18,122.18,122.18,122.18, 1
01/16/2020,17:21,122.17,122.17,122.17,122.17, 1
01/16/2020,18:04,122.18,122.18,122.18,122.18, 1
01/16/2020,18:28,122.17,122.17,122.17,122.17, 1
01/16/2020,18:50,122.18,122.18,122.18,122.18, 1
01/16/2020,19:14,122.19,122.19,122.19,122.19, 1
01/16/2020,19:38,122.18,122.18,122.18,122.18, 1
01/16/2020,20:02,122.2,122.2,122.2,122.2, 1
01/16/2020,20:23,122.18,122.18,122.18,122.18, 1
01/16/2020,20:45,122.2,122.2,122.2,122.2, 1
01/16/2020,21:09,122.18,122.18,122.18,122.18, 1
01/16/2020,21:29,122.19,122.19,122.19,122.19, 1
01/16/2020,21:52,122.18,122.18,122.18,122.18, 1
01/16/2020,22:14,122.19,122.19,122.19,122.19, 1
01/16/2020,22:37,122.18,122.18,122.18,122.18, 1
01/16/2020,23:00,122.2,122.2,122.2,122.2, 1
01/16/2020,23:24,122.18,122.18,122.18,122.18, 1
01/17/2020,06:00,122.18,122.18,122.18,122.18, 1
01/17/2020,08:09,122.19,122.19,122.19,122.19, 1
01/17/2020,08:32,122.18,122.18,122.18,122.18, 1
01/17/2020,09:18,122.2,122.2,122.2,122.2, 1
01/17/2020,09:41,122.19,122.19,122.19,122.19, 1
01/17/2020,10:01,122.15,122.15,122.15,122.15, 1
01/17/2020,10:23,122.16,122.16,122.16,122.16, 1
01/17/2020,10:48,122.13,122.13,122.13,122.13, 1
01/17/2020,11:11,122.19,122.19,122.19,122.19, 1
01/17/2020,11:34,122.24,122.24,122.24,122.24, 1
01/17/2020,11:55,122.15,122.15,122.15,122.15, 1
01/17/2020,12:19,122.16,122.16,122.16,122.16, 1
01/17/2020,13:02,122.15,122.15,122.15,122.15, 1
01/17/2020,13:23,122.17,122.17,122.17,122.17, 1
01/17/2020,13:47,122.29,122.29,122.29,122.29, 1
01/17/2020,13:48,121.9244,121.9244,121.9244,121.9244, 1
01/17/2020,14:09,122.15,122.15,122.15,122.15, 1
01/17/2020,14:30,122.17,122.17,122.17,122.17, 1
01/17/2020,14:52,122.16,122.16,122.16,122.16, 1
01/17/2020,15:37,122.15,122.15,122.15,122.15, 1
01/17/2020,15:59,122.16,122.16,122.16,122.16, 1
01/17/2020,16:22,122.14,122.14,122.14,122.14, 1
01/17/2020,16:45,122.25,122.25,122.25,122.25, 1
01/17/2020,17:09,122.09,122.09,122.09,122.09, 1
01/17/2020,17:31,122.28,122.28,122.28,122.28, 1
01/17/2020,18:37,122.29,122.29,122.29,122.29, 1
01/17/2020,19:48,122.28,122.28,122.28,122.28, 1
01/17/2020,20:12,122.29,122.29,122.29,122.29, 1
01/17/2020,20:32,122.28,122.28,122.28,122.28, 1
01/17/2020,23:06,122.26,122.26,122.26,122.26, 1
01/20/2020,08:34,122.36,122.36,122.36,122.36, 1
01/20/2020,08:54,122.28,122.28,122.28,122.28, 1
01/20/2020,09:39,122.29,122.29,122.29,122.29, 1
01/20/2020,10:00,122.12,122.12,122.12,122.12, 1
01/20/2020,10:20,122.31,122.31,122.31,122.31, 1
01/20/2020,10:44,122.32,122.32,122.32,122.32, 1
01/20/2020,11:04,122.27,122.27,122.27,122.27, 1
01/20/2020,11:27,122.12,122.12,122.12,122.12, 1
01/20/2020,11:48,122.29,122.29,122.29,122.29, 1
01/20/2020,12:12,122.28,122.28,122.28,122.28, 1
01/20/2020,12:36,122.31,122.31,122.31,122.31, 1
01/20/2020,12:58,122.29,122.29,122.29,122.29, 1
01/20/2020,13:18,122.3,122.3,122.3,122.3, 1
01/20/2020,13:40,122.31,122.31,122.31,122.31, 1
01/20/2020,13:47,122.1089,122.1089,122.1089,122.1089, 1
01/20/2020,14:03,122.28,122.28,122.28,122.28, 1
01/20/2020,14:24,122.3,122.3,122.3,122.3, 1
01/20/2020,14:47,122.13,122.13,122.13,122.13, 1
01/20/2020,15:09,122.02,122.02,122.02,122.02, 1
01/20/2020,15:33,122.31,122.31,122.31,122.31, 1
01/20/2020,15:57,122.16,122.16,122.16,122.16, 1
01/20/2020,16:18,122.3,122.3,122.3,122.3, 1
01/20/2020,17:01,122.28,122.28,122.28,122.28, 1
01/20/2020,17:23,122.26,122.26,122.26,122.26, 1
01/20/2020,17:44,122.25,122.25,122.25,122.25, 1
01/20/2020,18:05,122.26,122.26,122.26,122.26, 1
01/20/2020,18:47,122.25,122.25,122.25,122.25, 1
01/20/2020,19:32,122.26,122.26,122.26,122.26, 1
01/20/2020,19:54,122.27,122.27,122.27,122.27, 1
01/20/2020,20:16,122.26,122.26,122.26,122.26, 1
01/20/2020,21:23,122.24,122.24,122.24,122.24, 1
01/20/2020,21:43,122.26,122.26,122.26,122.26, 1
01/20/2020,22:08,122.28,122.28,122.28,122.28, 1
01/20/2020,22:31,122.26,122.26,122.26,122.26, 1
01/20/2020,23:15,122.25,122.25,122.25,122.25, 1
01/20/2020,23:37,122.27,122.27,122.27,122.27, 1
01/21/2020,07:14,122.25,122.25,122.25,122.25, 1
01/21/2020,08:19,122.26,122.26,122.26,122.26, 1
01/21/2020,09:03,122.01,122.01,122.01,122.01, 1
01/21/2020,09:25,122.16,122.16,122.16,122.16, 1
01/21/2020,09:47,122.15,122.15,122.15,122.15, 1
01/21/2020,10:11,122.08,122.08,122.08,122.08, 1
01/21/2020,10:31,122.1,122.1,122.1,122.1, 1
01/21/2020,10:53,122.12,122.12,122.12,122.12, 1
01/21/2020,11:59,122.09,122.09,122.09,122.09, 1
01/21/2020,12:23,122.13,122.13,122.13,122.13, 1
01/21/2020,12:45,122.11,122.11,122.11,122.11, 1
01/21/2020,13:08,122.12,122.12,122.12,122.12, 1
01/21/2020,13:29,122.15,122.15,122.15,122.15, 1
01/21/2020,13:48,121.9507,121.9507,121.9507,121.9507, 1
01/21/2020,13:50,122.03,122.03,122.03,122.03, 1
01/21/2020,14:11,122.05,122.05,122.05,122.05, 1
01/21/2020,14:34,122.13,122.13,122.13,122.13, 1
01/21/2020,14:55,122.03,122.03,122.03,122.03, 1
01/21/2020,15:16,122.04,122.04,122.04,122.04, 1
01/21/2020,15:36,122.1,122.1,122.1,122.1, 1
01/21/2020,15:58,122.12,122.12,122.12,122.12, 1
01/21/2020,16:44,122.11,122.11,122.11,122.11, 1
01/21/2020,17:06,122.16,122.16,122.16,122.16, 1
01/21/2020,18:39,122.15,122.15,122.15,122.15, 1
01/21/2020,19:01,122.16,122.16,122.16,122.16, 1
01/21/2020,19:25,122.15,122.15,122.15,122.15, 1
01/21/2020,20:07,122.16,122.16,122.16,122.16, 1
01/21/2020,21:40,122.15,122.15,122.15,122.15, 1
01/21/2020,22:02,122.16,122.16,122.16,122.16, 1
01/21/2020,22:48,122.13,122.13,122.13,122.13, 1
01/21/2020,23:11,122.16,122.16,122.16,122.16, 1
01/21/2020,23:33,122.15,122.15,122.15,122.15, 1
01/21/2020,23:54,122.16,122.16,122.16,122.16, 1
01/22/2020,06:04,122.15,122.15,122.15,122.15, 1
01/22/2020,06:25,122.16,122.16,122.16,122.16, 1
01/22/2020,06:48,122.15,122.15,122.15,122.15, 1
01/22/2020,07:10,122.16,122.16,122.16,122.16, 1
01/22/2020,09:26,121.98,121.98,121.98,121.98, 1
01/22/2020,09:49,122.02,122.02,122.02,122.02, 1
01/22/2020,10:11,122.01,122.01,122.01,122.01, 1
01/22/2020,10:35,122.15,122.15,122.15,122.15, 1
01/22/2020,10:58,122,122,122,122, 1
01/22/2020,11:18,122.26,122.26,122.26,122.26, 1
01/22/2020,11:38,122.1,122.1,122.1,122.1, 1
01/22/2020,12:02,121.99,121.99,121.99,121.99, 1
01/22/2020,12:25,122.08,122.08,122.08,122.08, 1
01/22/2020,12:46,122.11,122.11,122.11,122.11, 1
01/22/2020,13:08,122.26,122.26,122.26,122.26, 1
01/22/2020,13:30,122.13,122.13,122.13,122.13, 1
01/22/2020,13:46,121.8649,121.8649,121.8649,121.8649, 1
01/22/2020,13:52,122.07,122.07,122.07,122.07, 1
01/22/2020,14:15,122.26,122.26,122.26,122.26, 1
01/22/2020,14:38,121.93,121.93,121.93,121.93, 1
01/22/2020,15:01,122,122,122,122, 1
01/22/2020,15:46,122.26,122.26,122.26,122.26, 1
01/22/2020,16:07,122.01,122.01,122.01,122.01, 1
01/22/2020,16:31,122,122,122,122, 1
01/22/2020,17:16,122.13,122.13,122.13,122.13, 1
01/22/2020,17:40,122.26,122.26,122.26,122.26, 1
01/22/2020,20:17,122.25,122.25,122.25,122.25, 1
01/22/2020,21:22,122.27,122.27,122.27,122.27, 1
01/22/2020,21:46,122.26,122.26,122.26,122.26, 1
01/22/2020,22:08,122.25,122.25,122.25,122.25, 1
01/22/2020,22:29,122.26,122.26,122.26,122.26, 1
01/22/2020,22:50,122.25,122.25,122.25,122.25, 1
01/22/2020,23:12,122.26,122.26,122.26,122.26, 1
01/22/2020,23:57,122.25,122.25,122.25,122.25, 1
01/23/2020,06:15,122.26,122.26,122.26,122.26, 1
01/23/2020,07:00,122.25,122.25,122.25,122.25, 1
01/23/2020,07:21,122.26,122.26,122.26,122.26, 1
01/23/2020,09:13,121.97,121.97,121.97,121.97, 1
01/23/2020,09:35,122.26,122.26,122.26,122.26, 1
01/23/2020,09:58,122.03,122.03,122.03,122.03, 1
01/23/2020,10:20,122.04,122.04,122.04,122.04, 1
01/23/2020,10:43,122.05,122.05,122.05,122.05, 1
01/23/2020,11:04,122.13,122.13,122.13,122.13, 1
01/23/2020,11:27,122.07,122.07,122.07,122.07, 1
01/23/2020,11:49,122.04,122.04,122.04,122.04, 1
01/23/2020,12:10,122.05,122.05,122.05,122.05, 1
01/23/2020,12:32,122.06,122.06,122.06,122.06, 1
01/23/2020,12:56,122.03,122.03,122.03,122.03, 1
01/23/2020,13:16,122.06,122.06,122.06,122.06, 1
01/23/2020,13:38,122.05,122.05,122.05,122.05, 1
01/23/2020,13:48,121.9515,121.9515,121.9515,121.9515, 1
01/23/2020,14:02,122.08,122.08,122.08,122.08, 1
01/23/2020,14:23,122.02,122.02,122.02,122.02, 1
01/23/2020,14:43,122.06,122.06,122.06,122.06, 1
01/23/2020,15:05,122.04,122.04,122.04,122.04, 1
01/23/2020,15:29,121.98,121.98,121.98,121.98, 1
01/23/2020,15:52,122.06,122.06,122.06,122.06, 1
01/23/2020,16:13,122.07,122.07,122.07,122.07, 1
01/23/2020,16:33,121.97,121.97,121.97,121.97, 1
01/23/2020,16:56,122.06,122.06,122.06,122.06, 1
01/23/2020,18:02,122.05,122.05,122.05,122.05, 1
01/23/2020,18:23,122.06,122.06,122.06,122.06, 1
01/23/2020,18:45,122.05,122.05,122.05,122.05, 1
01/23/2020,19:07,122.06,122.06,122.06,122.06, 1
01/23/2020,19:29,122.05,122.05,122.05,122.05, 1
01/23/2020,19:52,122.06,122.06,122.06,122.06, 1
01/23/2020,21:27,122.05,122.05,122.05,122.05, 1
01/23/2020,22:31,122.06,122.06,122.06,122.06, 1
01/23/2020,22:51,122.05,122.05,122.05,122.05, 1
01/23/2020,23:13,122.07,122.07,122.07,122.07, 1
01/23/2020,23:35,122.05,122.05,122.05,122.05, 1
01/23/2020,23:58,122.04,122.04,122.04,122.04, 1
01/24/2020,07:27,122.07,122.07,122.07,122.07, 1
01/24/2020,07:49,122.06,122.06,122.06,122.06, 1
01/24/2020,08:11,122.05,122.05,122.05,122.05, 1
01/24/2020,08:32,122.06,122.06,122.06,122.06, 1
01/24/2020,08:52,122.05,122.05,122.05,122.05, 1
01/24/2020,09:15,121.89,121.89,121.89,121.89, 1
01/24/2020,09:37,122.03,122.03,122.03,122.03, 1
01/24/2020,09:57,121.93,121.93,121.93,121.93, 1
01/24/2020,10:17,121.95,121.95,121.95,121.95, 1
01/24/2020,10:39,121.96,121.96,121.96,121.96, 1
01/24/2020,11:01,121.94,121.94,121.94,121.94, 1
01/24/2020,11:26,122,122,122,122, 1
01/24/2020,11:48,121.9,121.9,121.9,121.9, 1
01/24/2020,12:11,121.94,121.94,121.94,121.94, 1
01/24/2020,12:31,122,122,122,122, 1
01/24/2020,12:54,121.89,121.89,121.89,121.89, 1
01/24/2020,13:16,122,122,122,122, 1
01/24/2020,13:48,121.7718,121.7718,121.7718,121.7718, 1
01/24/2020,14:02,121.94,121.94,121.94,121.94, 1
01/24/2020,14:47,121.96,121.96,121.96,121.96, 1
01/24/2020,15:10,121.94,121.94,121.94,121.94, 1
01/24/2020,15:34,121.95,121.95,121.95,121.95, 1
01/24/2020,15:54,122.05,122.05,122.05,122.05, 1
01/24/2020,16:14,121.9,121.9,121.9,121.9, 1
01/24/2020,16:36,121.94,121.94,121.94,121.94, 1
01/24/2020,16:57,121.95,121.95,121.95,121.95, 1
01/24/2020,17:19,121.94,121.94,121.94,121.94, 1
01/24/2020,17:41,122,122,122,122, 1
01/24/2020,18:04,122.01,122.01,122.01,122.01, 1
01/24/2020,18:25,122,122,122,122, 1
01/24/2020,18:47,122.01,122.01,122.01,122.01, 1
01/24/2020,19:34,122,122,122,122, 1
01/24/2020,19:56,122.01,122.01,122.01,122.01, 1
01/24/2020,20:19,122,122,122,122, 1
01/24/2020,21:50,122.01,122.01,122.01,122.01, 1
01/24/2020,22:11,122,122,122,122, 1
01/24/2020,23:20,121.88,121.88,121.88,121.88, 1
01/27/2020,08:12,121.97,121.97,121.97,121.97, 1
01/27/2020,08:31,121.98,121.98,121.98,121.98, 1
01/27/2020,08:55,122,122,122,122, 1
01/27/2020,09:17,121.94,121.94,121.94,121.94, 1
01/27/2020,09:38,121.96,121.96,121.96,121.96, 1
01/27/2020,09:58,121.95,121.95,121.95,121.95, 1
01/27/2020,10:21,122.15,122.15,122.15,122.15, 1
01/27/2020,10:42,122.16,122.16,122.16,122.16, 1
01/27/2020,11:05,122.18,122.18,122.18,122.18, 1
01/27/2020,11:26,122.19,122.19,122.19,122.19, 1
01/27/2020,11:49,122.33,122.33,122.33,122.33, 1
01/27/2020,12:13,122.25,122.25,122.25,122.25, 1
01/27/2020,12:36,122.31,122.31,122.31,122.31, 1
01/27/2020,12:56,122.3,122.3,122.3,122.3, 1
01/27/2020,13:18,122.23,122.23,122.23,122.23, 1
01/27/2020,13:40,122.32,122.32,122.32,122.32, 1
01/27/2020,13:47,121.392,121.392,121.392,121.392, 1
01/27/2020,14:01,122.2,122.2,122.2,122.2, 1
01/27/2020,14:25,122.29,122.29,122.29,122.29, 1
01/27/2020,14:47,122.26,122.26,122.26,122.26, 1
01/27/2020,15:11,122.24,122.24,122.24,122.24, 1
01/27/2020,15:56,122.26,122.26,122.26,122.26, 1
01/27/2020,17:01,122.29,122.29,122.29,122.29, 1
01/27/2020,17:21,122.3,122.3,122.3,122.3, 1
01/27/2020,17:43,122.31,122.31,122.31,122.31, 1
01/27/2020,18:04,122.26,122.26,122.26,122.26, 1
01/27/2020,19:32,122.27,122.27,122.27,122.27, 1
01/27/2020,20:17,122.26,122.26,122.26,122.26, 1
01/27/2020,21:01,122.25,122.25,122.25,122.25, 1
01/27/2020,21:21,122.26,122.26,122.26,122.26, 1
01/28/2020,06:32,122.25,122.25,122.25,122.25, 1
01/28/2020,07:13,122.26,122.26,122.26,122.26, 1
01/28/2020,09:03,122.19,122.19,122.19,122.19, 1
01/28/2020,09:25,122.29,122.29,122.29,122.29, 1
01/28/2020,09:49,122.31,122.31,122.31,122.31, 1
01/28/2020,10:09,122.36,122.36,122.36,122.36, 1
01/28/2020,10:31,122.4,122.4,122.4,122.4, 1
01/28/2020,10:53,122.42,122.42,122.42,122.42, 1
01/28/2020,11:14,122.61,122.61,122.61,122.61, 1
01/28/2020,11:37,122.76,122.76,122.76,122.76, 1
01/28/2020,12:01,122.65,122.65,122.65,122.65, 1
01/28/2020,12:23,122.53,122.53,122.53,122.53, 1
01/28/2020,12:46,122.57,122.57,122.57,122.57, 1
01/28/2020,13:07,122.59,122.59,122.59,122.59, 1
01/28/2020,13:47,121.9556,121.9556,121.9556,121.9556, 1
01/28/2020,13:48,122.52,122.52,122.52,122.52, 1
01/28/2020,14:12,122.62,122.62,122.62,122.62, 1
01/28/2020,14:54,122.66,122.66,122.66,122.66, 1
01/28/2020,15:14,122.53,122.53,122.53,122.53, 1
01/28/2020,15:35,122.61,122.61,122.61,122.61, 1
01/28/2020,15:58,122.66,122.66,122.66,122.66, 1
01/28/2020,16:22,122.61,122.61,122.61,122.61, 1
01/28/2020,16:44,122.62,122.62,122.62,122.62, 1
01/28/2020,17:07,122.61,122.61,122.61,122.61, 1
01/28/2020,17:55,122.67,122.67,122.67,122.67, 1
01/28/2020,18:16,122.66,122.66,122.66,122.66, 1
01/28/2020,20:07,122.67,122.67,122.67,122.67, 1
01/28/2020,20:31,122.66,122.66,122.66,122.66, 1
01/28/2020,21:18,122.65,122.65,122.65,122.65, 1
01/28/2020,21:40,122.66,122.66,122.66,122.66, 1
01/28/2020,22:03,122.65,122.65,122.65,122.65, 1
01/28/2020,22:25,122.64,122.64,122.64,122.64, 1
01/28/2020,22:49,122.65,122.65,122.65,122.65, 1
01/28/2020,23:11,122.64,122.64,122.64,122.64, 1
01/28/2020,23:32,122.65,122.65,122.65,122.65, 1
01/29/2020,08:17,122.67,122.67,122.67,122.67, 1
01/29/2020,08:41,122.66,122.66,122.66,122.66, 1
01/29/2020,09:04,122.65,122.65,122.65,122.65, 1
01/29/2020,09:27,122.66,122.66,122.66,122.66, 1
01/29/2020,09:49,122.41,122.41,122.41,122.41, 1
01/29/2020,10:13,122.45,122.45,122.45,122.45, 1
01/29/2020,10:56,122.46,122.46,122.46,122.46, 1
01/29/2020,12:24,122.4,122.4,122.4,122.4, 1
01/29/2020,13:08,122.33,122.33,122.33,122.33, 1
01/29/2020,13:30,122.34,122.34,122.34,122.34, 1
01/29/2020,13:47,122.3784,122.3784,122.3784,122.3784, 1
01/29/2020,13:53,122.35,122.35,122.35,122.35, 1
01/29/2020,14:16,122.25,122.25,122.25,122.25, 1
01/29/2020,14:39,122.44,122.44,122.44,122.44, 1
01/29/2020,15:02,122.36,122.36,122.36,122.36, 1
01/29/2020,15:24,122.41,122.41,122.41,122.41, 1
01/29/2020,15:45,122.36,122.36,122.36,122.36, 1
01/29/2020,16:08,122.23,122.23,122.23,122.23, 1
01/29/2020,16:31,122.4,122.4,122.4,122.4, 1
01/29/2020,16:54,122.38,122.38,122.38,122.38, 1
01/29/2020,17:41,122.41,122.41,122.41,122.41, 1
01/29/2020,18:26,122.4,122.4,122.4,122.4, 1
01/29/2020,18:49,122.41,122.41,122.41,122.41, 1
01/29/2020,19:32,122.4,122.4,122.4,122.4, 1
01/29/2020,19:54,122.41,122.41,122.41,122.41, 1
01/29/2020,20:15,122.4,122.4,122.4,122.4, 1
01/29/2020,21:00,122.41,122.41,122.41,122.41, 1
01/29/2020,21:24,122.4,122.4,122.4,122.4, 1
01/29/2020,21:45,122.41,122.41,122.41,122.41, 1
01/29/2020,22:28,122.42,122.42,122.42,122.42, 1
01/29/2020,22:50,122.41,122.41,122.41,122.41, 1
01/29/2020,23:35,122.4,122.4,122.4,122.4, 1
01/29/2020,23:57,122.42,122.42,122.42,122.42, 1
01/30/2020,06:16,122.41,122.41,122.41,122.41, 1
01/30/2020,06:59,122.42,122.42,122.42,122.42, 1
01/30/2020,07:22,122.41,122.41,122.41,122.41, 1
01/30/2020,08:04,122.4,122.4,122.4,122.4, 1
01/30/2020,08:28,122.42,122.42,122.42,122.42, 1
01/30/2020,08:51,122.4,122.4,122.4,122.4, 1
01/30/2020,09:13,122.29,122.29,122.29,122.29, 1
01/30/2020,09:36,122.24,122.24,122.24,122.24, 1
01/30/2020,10:42,122.26,122.26,122.26,122.26, 1
01/30/2020,11:04,122.27,122.27,122.27,122.27, 1
01/30/2020,11:27,122.24,122.24,122.24,122.24, 1
01/30/2020,11:48,122.3,122.3,122.3,122.3, 1
01/30/2020,12:10,122.18,122.18,122.18,122.18, 1
01/30/2020,12:34,122.26,122.26,122.26,122.26, 1
01/30/2020,12:54,122.22,122.22,122.22,122.22, 1
01/30/2020,13:15,122.26,122.26,122.26,122.26, 1
01/30/2020,13:40,122.31,122.31,122.31,122.31, 1
01/30/2020,13:47,122.0991,122.0991,122.0991,122.0991, 1
01/30/2020,14:01,122.25,122.25,122.25,122.25, 1
01/30/2020,14:21,122.26,122.26,122.26,122.26, 1
01/30/2020,14:43,122.35,122.35,122.35,122.35, 1
01/30/2020,15:07,122.25,122.25,122.25,122.25, 1
01/30/2020,15:30,122.27,122.27,122.27,122.27, 1
01/30/2020,15:51,122.18,122.18,122.18,122.18, 1
01/30/2020,16:11,122.26,122.26,122.26,122.26, 1
01/30/2020,16:34,122.24,122.24,122.24,122.24, 1
01/30/2020,16:55,122.23,122.23,122.23,122.23, 1
01/30/2020,17:40,122.27,122.27,122.27,122.27, 1
01/30/2020,18:45,122.31,122.31,122.31,122.31, 1
01/30/2020,19:07,122.33,122.33,122.33,122.33, 1
01/30/2020,19:30,122.34,122.34,122.34,122.34, 1
01/30/2020,19:54,122.3,122.3,122.3,122.3, 1
01/30/2020,20:18,122.33,122.33,122.33,122.33, 1
01/30/2020,20:40,122.34,122.34,122.34,122.34, 1
01/30/2020,21:04,122.26,122.26,122.26,122.26, 1
01/30/2020,21:26,122.3,122.3,122.3,122.3, 1
01/30/2020,21:46,122.33,122.33,122.33,122.33, 1
01/30/2020,22:09,122.24,122.24,122.24,122.24, 1
01/30/2020,22:29,122.23,122.23,122.23,122.23, 1
01/30/2020,23:12,122.25,122.25,122.25,122.25, 1
01/30/2020,23:36,122.27,122.27,122.27,122.27, 1
01/30/2020,23:58,122.2,122.2,122.2,122.2, 1
01/31/2020,06:40,122.09,122.09,122.09,122.09, 1
01/31/2020,07:05,122.07,122.07,122.07,122.07, 1
01/31/2020,07:27,122.09,122.09,122.09,122.09, 1
01/31/2020,07:49,122.05,122.05,122.05,122.05, 1
01/31/2020,08:10,122.02,122.02,122.02,122.02, 1
01/31/2020,08:30,122.09,122.09,122.09,122.09, 1
01/31/2020,08:52,122.22,122.22,122.22,122.22, 1
01/31/2020,09:15,122.23,122.23,122.23,122.23, 1
01/31/2020,09:35,122.21,122.21,122.21,122.21, 1
01/31/2020,09:55,122.17,122.17,122.17,122.17, 1
01/31/2020,10:17,122.23,122.23,122.23,122.23, 1
01/31/2020,10:39,122.33,122.33,122.33,122.33, 1
01/31/2020,11:04,122.27,122.27,122.27,122.27, 1
01/31/2020,11:26,122.26,122.26,122.26,122.26, 1
01/31/2020,11:49,122.22,122.22,122.22,122.22, 1
01/31/2020,12:09,122.14,122.14,122.14,122.14, 1
01/31/2020,12:32,122.18,122.18,122.18,122.18, 1
01/31/2020,12:54,122.15,122.15,122.15,122.15, 1
01/31/2020,13:17,122.16,122.16,122.16,122.16, 1
01/31/2020,13:40,122.15,122.15,122.15,122.15, 1
01/31/2020,13:48,121.5853,121.5853,121.5853,121.5853, 1
01/31/2020,14:01,122.27,122.27,122.27,122.27, 1
01/31/2020,14:48,122.15,122.15,122.15,122.15, 1
01/31/2020,15:12,122.24,122.24,122.24,122.24, 1
01/31/2020,15:32,122.14,122.14,122.14,122.14, 1
01/31/2020,15:52,122,122,122,122, 1
01/31/2020,16:14,122.1,122.1,122.1,122.1, 1
01/31/2020,16:35,122.25,122.25,122.25,122.25, 1
01/31/2020,16:57,122.14,122.14,122.14,122.14, 1
01/31/2020,17:19,122.23,122.23,122.23,122.23, 1
01/31/2020,17:42,122.13,122.13,122.13,122.13, 1
01/31/2020,18:03,122.14,122.14,122.14,122.14, 1
01/31/2020,18:25,122.13,122.13,122.13,122.13, 1
01/31/2020,19:12,122.12,122.12,122.12,122.12, 1
01/31/2020,19:34,122.13,122.13,122.13,122.13, 1
01/31/2020,20:44,122.12,122.12,122.12,122.12, 1
01/31/2020,21:05,122.13,122.13,122.13,122.13, 1
01/31/2020,21:28,122.12,122.12,122.12,122.12, 1
01/31/2020,21:49,122.13,122.13,122.13,122.13, 1
01/31/2020,22:13,122.15,122.15,122.15,122.15, 1
01/31/2020,22:34,122.13,122.13,122.13,122.13, 1
01/31/2020,22:58,122.12,122.12,122.12,122.12, 1
01/31/2020,23:21,122.13,122.13,122.13,122.13, 1

