01/02/2020,15:31,.8,.8,.8,.8, 592
01/02/2020,15:39,.81,.82,.81,.82, 1900
01/02/2020,15:39,.819,.819,.819,.819, 100
01/02/2020,15:46,.81,.81,.774,.774, 5100
01/02/2020,16:02,.795,.795,.79,.79, 1289
01/02/2020,16:03,.79,.79,.79,.79, 250
01/02/2020,16:06,.79,.79,.79,.79, 100
01/02/2020,16:18,.79,.79,.79,.79, 100
01/02/2020,16:24,.789,.789,.77,.77, 1416
01/02/2020,16:32,.79,.79,.79,.79, 300
01/02/2020,16:34,.79,.79,.79,.79, 2000
01/02/2020,16:44,.786,.786,.786,.786, 3000
01/02/2020,17:12,.786,.786,.786,.786, 100
01/02/2020,17:13,.786,.786,.786,.786, 1000
01/02/2020,17:21,.786,.786,.786,.786, 100
01/02/2020,17:27,.786,.79,.786,.789, 3102
01/02/2020,17:28,.79,.79,.79,.79, 400
01/02/2020,18:28,.79,.79,.786,.786, 200
01/02/2020,18:56,.79,.79,.79,.79, 400
01/02/2020,19:23,.79,.79,.79,.79, 678
01/02/2020,19:23,.786,.786,.78,.78, 1400
01/02/2020,20:01,.78,.78,.78,.78, 1000
01/02/2020,21:40,.78,.78,.78,.78, 100
01/02/2020,21:47,.773,.773,.773,.773, 202
01/02/2020,21:55,.779,.78,.779,.78, 5000
01/03/2020,15:33,.804,.804,.804,.804, 1700
01/03/2020,15:37,.799,.799,.799,.799, 312
01/03/2020,15:45,.791,.791,.791,.791, 2500
01/03/2020,15:54,.809,.809,.809,.809, 100
01/03/2020,16:17,.81,.81,.81,.81, 400
01/03/2020,16:22,.81,.81,.81,.81, 2785
01/03/2020,16:32,.81,.81,.81,.81, 100
01/03/2020,16:45,.81,.81,.81,.81, 100
01/03/2020,16:48,.809,.809,.809,.809, 600
01/03/2020,17:14,.809,.809,.809,.809, 1000
01/03/2020,17:35,.81,.81,.81,.81, 115
01/03/2020,17:50,.807,.807,.807,.807, 146
01/03/2020,17:55,.807,.807,.807,.807, 268
01/03/2020,18:14,.807,.807,.807,.807, 500
01/03/2020,18:33,.807,.807,.807,.807, 2000
01/03/2020,18:46,.81,.81,.81,.81, 100
01/03/2020,19:37,.805,.805,.805,.805, 4646
01/03/2020,20:25,.805,.807,.805,.805, 1811
01/03/2020,20:52,.805,.805,.805,.805, 144
01/03/2020,21:01,.805,.805,.805,.805, 800
01/03/2020,21:10,.805,.805,.805,.805, 100
01/03/2020,21:23,.804,.805,.79,.805, 3549
01/03/2020,21:28,.802,.802,.786,.799, 9488
01/03/2020,21:31,.785,.785,.785,.785, 5000
01/03/2020,21:32,.795,.795,.785,.785, 900
01/03/2020,21:40,.785,.785,.785,.785, 100
01/03/2020,22:01,.782,.782,.782,.782, 1328
01/06/2020,15:31,.8,.8,.8,.8, 613
01/06/2020,15:43,.79,.79,.79,.79, 201
01/06/2020,15:45,.79,.79,.765,.765, 6382
01/06/2020,15:49,.78,.78,.78,.78, 100
01/06/2020,15:49,.78,.78,.78,.78, 301
01/06/2020,15:55,.785,.785,.785,.785, 100
01/06/2020,16:08,.8,.8,.8,.8, 162
01/06/2020,16:25,.8,.805,.8,.805, 3250
01/06/2020,16:26,.81,.81,.805,.806, 5978
01/06/2020,16:31,.805,.805,.805,.805, 400
01/06/2020,16:39,.8,.8,.8,.8, 500
01/06/2020,16:54,.8,.8,.8,.8, 180
01/06/2020,17:00,.8,.8,.8,.8, 2000
01/06/2020,17:04,.8,.8,.8,.8, 200
01/06/2020,17:22,.795,.795,.795,.795, 140
01/06/2020,17:40,.795,.795,.795,.795, 250
01/06/2020,17:51,.795,.795,.795,.795, 200
01/06/2020,18:23,.789,.789,.789,.789, 500
01/06/2020,18:31,.78,.78,.78,.78, 100
01/06/2020,18:47,.784,.784,.784,.784, 100
01/06/2020,18:48,.78,.78,.78,.78, 100
01/06/2020,18:53,.78,.78,.78,.78, 400
01/06/2020,18:54,.777,.777,.777,.777, 100
01/06/2020,19:24,.775,.775,.775,.775, 125
01/06/2020,19:35,.776,.776,.776,.776, 1250
01/06/2020,19:45,.78,.78,.78,.78, 100
01/06/2020,20:05,.78,.78,.78,.78, 101
01/06/2020,21:32,.782,.782,.782,.782, 1100
01/06/2020,21:37,.78,.78,.78,.78, 1000
01/06/2020,21:42,.78,.78,.78,.78, 248
01/06/2020,21:56,.782,.782,.782,.782, 1000
01/07/2020,15:34,.797,.797,.797,.797, 125
01/07/2020,16:01,.794,.794,.794,.794, 400
01/07/2020,16:08,.798,.798,.798,.798, 200
01/07/2020,16:15,.794,.794,.794,.794, 1200
01/07/2020,16:26,.797,.797,.797,.797, 300
01/07/2020,16:45,.794,.794,.794,.794, 650
01/07/2020,17:06,.798,.798,.798,.798, 3239
01/07/2020,17:16,.794,.794,.794,.794, 800
01/07/2020,17:18,.79,.79,.79,.79, 2585
01/07/2020,18:11,.79,.79,.79,.79, 1115
01/07/2020,18:52,.79,.79,.79,.79, 448
01/07/2020,18:58,.795,.795,.795,.795, 100
01/07/2020,19:10,.79,.79,.79,.79, 175
01/07/2020,19:20,.79,.79,.79,.79, 4339
01/07/2020,19:21,.79,.79,.79,.79, 100
01/07/2020,20:04,.785,.785,.785,.785, 100
01/07/2020,20:38,.785,.785,.78,.78, 400
01/07/2020,20:39,.777,.777,.775,.775, 400
01/07/2020,20:51,.78,.78,.78,.78, 100
01/07/2020,21:13,.79,.79,.775,.785, 9477
01/07/2020,21:42,.793,.793,.793,.793, 120
01/07/2020,21:48,.796,.796,.796,.796, 251
01/07/2020,21:57,.79,.79,.79,.79, 300
01/08/2020,15:31,.786,.786,.786,.786, 4011
01/08/2020,15:35,.806,.806,.806,.806, 1500
01/08/2020,16:06,.778,.778,.778,.778, 200
01/08/2020,16:18,.79,.79,.79,.79, 2000
01/08/2020,16:44,.79,.79,.785,.785, 1300
01/08/2020,16:45,.785,.785,.785,.785, 100
01/08/2020,16:46,.785,.785,.785,.785, 100
01/08/2020,16:48,.78,.78,.78,.78, 113
01/08/2020,17:07,.78,.78,.78,.78, 5399
01/08/2020,17:36,.781,.79,.781,.79, 2054
01/08/2020,17:44,.795,.805,.795,.805, 2981
01/08/2020,18:18,.798,.798,.798,.798, 1000
01/08/2020,18:32,.795,.795,.79,.79, 3000
01/08/2020,18:35,.79,.79,.778,.778, 3400
01/08/2020,18:42,.778,.778,.778,.778, 1381
01/08/2020,19:43,.775,.775,.775,.775, 500
01/08/2020,19:46,.775,.775,.775,.775, 900
01/08/2020,21:50,.773,.776,.773,.776, 3345
01/08/2020,22:00,.78,.78,.78,.78, 239
01/08/2020,22:01,.78,.78,.78,.78, 107
01/09/2020,15:31,.77,.77,.75,.762, 2850
01/09/2020,16:27,.761,.761,.761,.761, 2000
01/09/2020,17:38,.765,.765,.765,.765, 210
01/09/2020,17:39,.77,.77,.766,.766, 378
01/09/2020,17:59,.763,.763,.763,.763, 425
01/09/2020,18:32,.765,.765,.765,.765, 142
01/09/2020,19:21,.769,.769,.769,.769, 100
01/09/2020,19:27,.769,.769,.769,.769, 400
01/09/2020,19:36,.764,.764,.764,.764, 1200
01/09/2020,20:12,.776,.776,.776,.776, 100
01/09/2020,20:18,.78,.78,.78,.78, 100
01/09/2020,20:19,.78,.78,.78,.78, 100
01/09/2020,20:39,.78,.78,.78,.78, 100
01/09/2020,21:27,.772,.772,.772,.772, 100
01/10/2020,15:35,.76,.76,.76,.76, 5400
01/10/2020,15:41,.759,.759,.759,.759, 478
01/10/2020,16:22,.76,.76,.76,.76, 2500
01/10/2020,17:06,.76,.76,.76,.76, 3403
01/10/2020,17:15,.762,.762,.762,.762, 900
01/10/2020,17:45,.765,.765,.765,.765, 100
01/10/2020,17:51,.77,.77,.77,.77, 100
01/10/2020,18:14,.765,.765,.76,.76, 2346
01/10/2020,19:01,.76,.76,.76,.76, 500
01/10/2020,19:37,.76,.76,.76,.76, 1818
01/10/2020,19:39,.755,.755,.755,.755, 182
01/10/2020,19:45,.765,.765,.765,.765, 168
01/10/2020,19:48,.763,.763,.763,.763, 100
01/10/2020,20:47,.765,.765,.765,.765, 100
01/10/2020,21:00,.77,.77,.765,.765, 200
01/10/2020,21:18,.77,.77,.77,.77, 200
01/13/2020,15:48,.78,.78,.78,.78, 100
01/13/2020,16:29,.76,.76,.755,.755, 583
01/13/2020,17:08,.758,.758,.758,.758, 2000
01/13/2020,17:41,.758,.758,.758,.758, 4142
01/13/2020,18:52,.758,.758,.758,.758, 3600
01/13/2020,18:56,.76,.765,.76,.765, 1069
01/13/2020,19:07,.77,.77,.765,.765, 300
01/13/2020,20:06,.765,.765,.765,.765, 3000
01/13/2020,20:43,.765,.765,.765,.765, 100
01/13/2020,21:14,.764,.764,.764,.764, 140
01/13/2020,21:42,.765,.765,.765,.765, 1000
01/13/2020,21:59,.765,.765,.76,.76, 2582
01/14/2020,15:40,.77,.77,.77,.77, 479
01/14/2020,15:48,.77,.77,.77,.77, 100
01/14/2020,15:54,.77,.77,.77,.77, 5844
01/14/2020,16:22,.776,.776,.776,.776, 650
01/14/2020,16:29,.776,.776,.776,.776, 150
01/14/2020,17:11,.77,.77,.77,.77, 100
01/14/2020,17:45,.776,.776,.776,.776, 6000
01/14/2020,17:48,.77,.77,.77,.77, 1000
01/14/2020,18:11,.779,.779,.779,.779, 100
01/14/2020,18:50,.779,.785,.779,.785, 3245
01/14/2020,18:51,.789,.79,.789,.79, 700
01/14/2020,19:02,.795,.795,.795,.795, 200
01/14/2020,19:12,.795,.795,.79,.79, 700
01/14/2020,19:12,.788,.788,.788,.788, 2800
01/14/2020,20:01,.786,.786,.786,.786, 100
01/14/2020,20:03,.785,.785,.78,.78, 7169
01/14/2020,20:48,.785,.785,.785,.785, 200
01/14/2020,20:59,.781,.781,.781,.781, 1500
01/15/2020,15:31,.79,.79,.79,.79, 218
01/15/2020,16:14,.78,.78,.78,.78, 500
01/15/2020,16:39,.787,.787,.787,.787, 100
01/15/2020,17:36,.79,.79,.775,.79, 5514
01/15/2020,17:41,.79,.79,.79,.79, 3299
01/15/2020,17:54,.791,.791,.791,.791, 300
01/15/2020,18:01,.791,.791,.791,.791, 100
01/15/2020,18:14,.796,.796,.796,.796, 500
01/15/2020,18:30,.801,.801,.801,.801, 100
01/15/2020,18:34,.8,.8,.8,.8, 5400
01/15/2020,18:35,.792,.792,.792,.792, 300
01/15/2020,18:38,.792,.792,.792,.792, 1000
01/15/2020,18:47,.792,.792,.792,.792, 250
01/15/2020,20:17,.792,.792,.792,.792, 100
01/15/2020,20:33,.792,.792,.792,.792, 500
01/15/2020,20:49,.792,.792,.792,.792, 100
01/15/2020,21:03,.792,.792,.792,.792, 2600
01/15/2020,21:15,.792,.792,.792,.792, 200
01/15/2020,21:23,.792,.792,.792,.792, 100
01/15/2020,21:29,.792,.792,.792,.792, 100
01/15/2020,21:47,.792,.792,.792,.792, 250
01/15/2020,21:56,.792,.792,.792,.792, 200
01/16/2020,15:51,.8,.8,.8,.8, 100
01/16/2020,16:10,.8,.8,.8,.8, 120
01/16/2020,17:16,.796,.796,.796,.796, 128
01/16/2020,17:56,.8,.8,.8,.8, 100
01/16/2020,19:25,.8,.8,.8,.8, 100
01/16/2020,19:30,.8,.8,.8,.8, 100
01/16/2020,20:10,.77,.77,.77,.77, 500
01/16/2020,20:31,.8,.8,.8,.8, 500
01/16/2020,20:34,.8,.8,.8,.8, 100
01/16/2020,21:07,.78,.78,.78,.78, 168
01/17/2020,15:31,.79,.79,.79,.79, 635
01/17/2020,15:42,.785,.785,.785,.785, 100
01/17/2020,16:29,.796,.796,.796,.796, 1000
01/17/2020,17:11,.792,.792,.792,.792, 120
01/17/2020,17:23,.77,.77,.77,.77, 138
01/17/2020,18:12,.78,.78,.78,.78, 200
01/17/2020,18:24,.78,.78,.775,.775, 1204
01/17/2020,18:25,.777,.777,.777,.777, 900
01/17/2020,18:50,.774,.774,.774,.774, 250
01/17/2020,19:44,.773,.773,.773,.773, 5000
01/17/2020,21:19,.777,.777,.777,.777, 128
01/17/2020,21:23,.777,.777,.777,.777, 100
01/21/2020,15:31,.78,.78,.78,.78, 1179
01/21/2020,15:33,.78,.8,.78,.79, 1759
01/21/2020,15:36,.8,.8,.8,.8, 198
01/21/2020,15:47,.8,.8,.8,.8, 628
01/21/2020,15:58,.805,.805,.805,.805, 100
01/21/2020,16:32,.801,.801,.801,.801, 100
01/21/2020,16:33,.803,.803,.803,.803, 2100
01/21/2020,16:36,.803,.803,.801,.801, 802
01/21/2020,16:37,.803,.803,.803,.803, 200
01/21/2020,16:53,.805,.805,.805,.805, 120
01/21/2020,17:03,.8,.8,.8,.8, 310
01/21/2020,17:06,.8,.8,.8,.8, 479
01/21/2020,18:06,.805,.805,.805,.805, 2000
01/21/2020,19:22,.803,.803,.803,.803, 1250
01/21/2020,19:27,.805,.81,.805,.81, 1000
01/21/2020,19:29,.81,.81,.81,.81, 100
01/21/2020,20:01,.81,.81,.81,.81, 100
01/21/2020,20:06,.802,.802,.802,.802, 350
01/21/2020,21:47,.805,.805,.805,.805, 100
01/22/2020,15:31,.79,.79,.79,.79, 126
01/22/2020,15:34,.794,.794,.794,.794, 1000
01/22/2020,16:22,.797,.797,.797,.797, 150
01/22/2020,16:25,.8,.8,.795,.795, 2600
01/22/2020,16:40,.791,.791,.791,.791, 1000
01/22/2020,16:42,.81,.81,.8,.81, 11500
01/22/2020,16:57,.805,.805,.805,.805, 100
01/22/2020,17:36,.8,.8,.8,.8, 200
01/22/2020,17:52,.8,.8,.8,.8, 500
01/22/2020,18:10,.8,.8,.8,.8, 100
01/22/2020,19:00,.805,.805,.805,.805, 2000
01/22/2020,19:30,.8,.8,.8,.8, 100
01/22/2020,20:06,.804,.815,.804,.815, 7962
01/22/2020,20:10,.81,.81,.81,.81, 300
01/22/2020,20:13,.815,.815,.815,.815, 5200
01/22/2020,20:13,.813,.813,.813,.813, 300
01/22/2020,20:33,.81,.81,.81,.81, 200
01/22/2020,20:49,.81,.81,.81,.81, 100
01/22/2020,21:03,.815,.815,.815,.815, 125
01/23/2020,15:31,.8,.8,.8,.8, 5070
01/23/2020,16:14,.83,.844,.83,.844, 2977
01/23/2020,16:15,.83,.83,.829,.83, 2195
01/23/2020,16:19,.83,.83,.83,.83, 4500
01/23/2020,16:22,.83,.83,.83,.83, 2500
01/23/2020,16:23,.825,.825,.825,.825, 200
01/23/2020,16:38,.83,.83,.83,.83, 350
01/23/2020,17:05,.825,.825,.825,.825, 100
01/23/2020,17:35,.83,.83,.83,.83, 100
01/23/2020,17:39,.83,.83,.83,.83, 100
01/23/2020,19:39,.83,.835,.83,.83, 835
01/23/2020,19:44,.835,.835,.835,.835, 126
01/23/2020,19:51,.84,.84,.84,.84, 100
01/23/2020,19:56,.84,.84,.84,.84, 1000
01/23/2020,19:58,.84,.84,.84,.84, 222
01/23/2020,20:22,.84,.844,.84,.844, 7343
01/23/2020,20:22,.845,.845,.845,.845, 100
01/23/2020,21:06,.845,.848,.845,.848, 449
01/23/2020,21:22,.853,.853,.853,.853, 100
01/23/2020,21:35,.855,.855,.855,.855, 200
01/23/2020,21:37,.861,.861,.859,.859, 4819
01/23/2020,21:48,.85,.85,.85,.85, 191
01/23/2020,21:51,.862,.87,.856,.87, 25000
01/23/2020,21:57,.87,.879,.87,.874, 15250
01/23/2020,21:58,.875,.875,.875,.875, 100
01/24/2020,15:31,.879,.879,.879,.879, 905
01/24/2020,15:33,.879,.879,.879,.879, 4000
01/24/2020,15:37,.884,.884,.884,.884, 140
01/24/2020,15:40,.879,.879,.879,.879, 214
01/24/2020,16:06,.9,.9,.892,.9, 4214
01/24/2020,16:06,.907,.907,.907,.907, 300
01/24/2020,16:08,.907,.91,.907,.91, 253
01/24/2020,16:10,.91,.91,.91,.91, 100
01/24/2020,16:15,.917,.92,.917,.92, 400
01/24/2020,16:18,.92,.92,.92,.92, 569
01/24/2020,16:23,.92,.92,.92,.92, 2600
01/24/2020,16:26,.92,.92,.92,.92, 100
01/24/2020,16:28,.919,.92,.919,.92, 7606
01/24/2020,16:36,.927,.927,.927,.927, 100
01/24/2020,16:37,.935,.935,.935,.935, 101
01/24/2020,16:49,.923,.923,.923,.923, 101
01/24/2020,16:51,.935,.935,.935,.935, 100
01/24/2020,16:55,.939,.939,.939,.939, 100
01/24/2020,17:01,.94,.94,.939,.94, 1300
01/24/2020,17:06,.943,.943,.943,.943, 125
01/24/2020,17:11,.943,.943,.943,.943, 100
01/24/2020,17:13,.943,.943,.943,.943, 215
01/24/2020,17:25,.947,.947,.947,.947, 200
01/24/2020,17:28,.947,.95,.947,.95, 835
01/24/2020,17:33,.947,.947,.947,.947, 250
01/24/2020,17:35,.955,.955,.955,.955, 100
01/24/2020,17:39,.955,.96,.955,.96, 3090
01/24/2020,17:41,.955,.955,.955,.955, 1000
01/24/2020,17:48,.952,.952,.952,.952, 2000
01/24/2020,17:50,.959,.959,.959,.959, 204
01/24/2020,18:00,.96,.96,.96,.96, 100
01/24/2020,18:02,.96,.96,.96,.96, 1100
01/24/2020,18:05,.96,.96,.96,.96, 1000
01/24/2020,18:16,.96,.96,.96,.96, 1000
01/24/2020,18:17,.96,.96,.96,.96, 100
01/24/2020,18:19,.96,.96,.96,.96, 500
01/24/2020,18:24,.96,.96,.96,.96, 300
01/24/2020,18:27,.96,.96,.96,.96, 10100
01/24/2020,18:27,.962,.962,.962,.962, 396
01/24/2020,18:30,.97,.97,.97,.97, 800
01/24/2020,18:37,.97,.97,.97,.97, 204
01/24/2020,18:40,.97,.97,.97,.97, 1030
01/24/2020,18:49,.97,.97,.97,.97, 651
01/24/2020,18:49,.97,.97,.97,.97, 500
01/24/2020,19:01,.97,.97,.97,.97, 1000
01/24/2020,19:02,.97,.97,.92,.97, 4400
01/24/2020,19:04,.949,.949,.949,.949, 490
01/24/2020,19:05,.925,.925,.87,.87, 9272
01/24/2020,19:07,.925,.925,.925,.925, 100
01/24/2020,19:07,.96,.96,.96,.96, 196
01/24/2020,19:17,.955,.955,.955,.955, 200
01/24/2020,19:21,.95,.95,.95,.95, 200
01/24/2020,19:26,.945,.945,.945,.945, 100
01/24/2020,19:31,.945,.945,.925,.925, 3600
01/24/2020,19:34,.945,.945,.945,.945, 100
01/24/2020,19:42,.945,.945,.94,.94, 600
01/24/2020,19:44,.935,.938,.935,.938, 200
01/24/2020,19:48,.94,.94,.94,.94, 2127
01/24/2020,19:48,.936,.936,.936,.936, 200
01/24/2020,19:56,.937,.937,.937,.937, 100
01/24/2020,20:05,.937,.937,.937,.937, 200
01/24/2020,20:10,.936,.936,.936,.936, 200
01/24/2020,20:27,.937,.937,.937,.937, 1000
01/24/2020,20:27,.937,.937,.937,.937, 100
01/24/2020,20:30,.935,.935,.935,.935, 2600
01/24/2020,20:38,.935,.935,.935,.935, 600
01/24/2020,20:58,.936,.936,.936,.936, 2500
01/24/2020,20:58,.937,.937,.937,.937, 100
01/24/2020,21:06,.938,.938,.937,.937, 800
01/24/2020,21:07,.94,.94,.94,.94, 100
01/24/2020,21:19,.938,.938,.938,.938, 152
01/24/2020,21:40,.94,.94,.94,.94, 100
01/24/2020,21:42,.94,.94,.94,.94, 100
01/24/2020,21:59,.941,.941,.941,.941, 800
01/24/2020,22:00,.945,.945,.945,.945, 100
01/27/2020,15:34,.94,.94,.935,.935, 394
01/27/2020,15:56,.935,.935,.935,.935, 1000
01/27/2020,16:00,.931,.931,.931,.931, 269
01/27/2020,16:11,.931,.95,.931,.95, 2100
01/27/2020,16:17,.95,.95,.95,.95, 1000
01/27/2020,16:30,.94,.94,.939,.939, 300
01/27/2020,16:35,.935,.935,.895,.935, 2800
01/27/2020,17:14,.892,.9,.892,.9, 4008
01/27/2020,17:38,.905,.905,.905,.905, 100
01/27/2020,18:21,.91,.91,.91,.91, 100
01/27/2020,18:23,.91,.91,.91,.91, 100
01/27/2020,18:32,.91,.91,.91,.91, 370
01/27/2020,18:36,.91,.91,.91,.91, 300
01/27/2020,19:04,.92,.92,.92,.92, 100
01/27/2020,19:31,.92,.92,.92,.92, 3200
01/27/2020,19:48,.93,.93,.93,.93, 100
01/27/2020,20:30,.93,.93,.93,.93, 100
01/27/2020,20:50,.928,.928,.928,.928, 100
01/27/2020,21:10,.928,.928,.928,.928, 100
01/27/2020,21:15,.927,.927,.926,.926, 200
01/27/2020,21:36,.928,.928,.928,.928, 100
01/27/2020,21:50,.936,.936,.936,.936, 100
01/27/2020,21:51,.936,.936,.936,.936, 300
01/27/2020,22:01,.92,.92,.92,.92, 2511
01/28/2020,15:47,.93,.93,.93,.93, 127
01/28/2020,15:59,.95,.95,.95,.95, 100
01/28/2020,16:04,.92,.92,.92,.92, 159
01/28/2020,17:04,.94,.94,.94,.94, 1500
01/28/2020,17:28,.94,.94,.94,.94, 100
01/28/2020,17:58,.925,.925,.925,.925, 100
01/28/2020,19:00,.92,.925,.92,.925, 5141
01/28/2020,19:05,.92,.925,.92,.925, 307
01/28/2020,19:07,.925,.925,.925,.925, 300
01/28/2020,19:16,.93,.93,.93,.93, 100
01/28/2020,19:41,.935,.935,.927,.927, 2325
01/28/2020,19:52,.945,.945,.945,.945, 200
01/28/2020,20:02,.942,.942,.942,.942, 130
01/28/2020,20:44,.94,.94,.94,.94, 250
01/28/2020,20:50,.942,.942,.942,.942, 600
01/28/2020,20:52,.942,.942,.942,.942, 160
01/28/2020,21:42,.94,.94,.94,.94, 225
01/28/2020,21:44,.94,.94,.94,.94, 300
01/28/2020,21:50,.937,.937,.937,.937, 100
01/28/2020,21:51,.936,.936,.92,.92, 25011
01/28/2020,21:57,.93,.93,.93,.93, 100
01/28/2020,21:59,.93,.933,.93,.933, 261
01/29/2020,15:31,.948,.948,.948,.948, 1050
01/29/2020,15:35,.947,.947,.947,.947, 1250
01/29/2020,16:03,.946,.946,.946,.946, 1500
01/29/2020,16:05,.944,.944,.944,.944, 2283
01/29/2020,16:50,.948,.948,.944,.944, 2000
01/29/2020,16:50,.946,.946,.946,.946, 3000
01/29/2020,17:21,.947,.948,.947,.948, 4950
01/29/2020,17:52,.947,.95,.947,.95, 5400
01/29/2020,17:58,.949,.95,.949,.95, 7840
01/29/2020,18:18,.954,.954,.954,.954, 125
01/29/2020,18:31,.95,.95,.95,.95, 1250
01/29/2020,18:38,.954,.954,.954,.954, 199
01/29/2020,19:00,.956,.956,.956,.956, 987
01/29/2020,19:25,.957,.957,.957,.957, 396
01/29/2020,19:28,.957,.957,.957,.957, 500
01/29/2020,19:57,.957,.957,.957,.957, 200
01/29/2020,20:35,.957,.957,.957,.957, 200
01/29/2020,20:41,.958,.958,.958,.958, 100
01/29/2020,21:02,.958,.958,.958,.958, 100
01/29/2020,21:05,.954,.954,.954,.954, 1482
01/29/2020,21:39,.958,.958,.958,.958, 120
01/30/2020,15:40,.948,.948,.948,.948, 100
01/30/2020,16:47,.957,.957,.957,.957, 100
01/30/2020,16:57,.953,.953,.953,.953, 200
01/30/2020,17:38,.95,.954,.95,.954, 500
01/30/2020,17:54,.95,.953,.95,.953, 1000
01/30/2020,18:31,.95,.95,.95,.95, 379
01/30/2020,18:58,.95,.95,.95,.95, 100
01/30/2020,19:07,.95,.95,.95,.95, 1000
01/30/2020,19:13,.95,.95,.95,.95, 5000
01/30/2020,19:16,.957,.957,.957,.957, 200
01/30/2020,19:17,.952,.952,.95,.95, 450
01/30/2020,19:21,.95,.95,.95,.95, 3725
01/30/2020,19:29,.957,.967,.957,.967, 2013
01/30/2020,19:30,.97,.98,.97,.98, 812
01/30/2020,19:32,.98,.98,.98,.98, 250
01/30/2020,19:33,.972,.972,.972,.972, 100
01/30/2020,19:50,.98,.98,.98,.98, 226
01/30/2020,20:14,.972,.972,.972,.972, 500
01/30/2020,20:56,.973,.973,.973,.973, 822
01/30/2020,21:40,.971,.971,.971,.971, 3500
01/30/2020,21:51,.972,.972,.972,.972, 100
01/30/2020,21:52,.97,.97,.97,.97, 100
01/30/2020,21:56,.971,.971,.971,.971, 1250
01/30/2020,22:01,.97,.97,.97,.97, 126
01/31/2020,15:39,.97,.97,.97,.97, 100
01/31/2020,15:45,.95,.95,.95,.95, 3100
01/31/2020,16:03,.95,.95,.95,.95, 5200
01/31/2020,16:15,.97,.97,.97,.97, 100
01/31/2020,16:17,.965,.965,.965,.965, 100
01/31/2020,16:30,.964,.964,.964,.964, 127
01/31/2020,16:54,.964,.97,.964,.97, 200
01/31/2020,17:00,.966,.966,.966,.966, 1500
01/31/2020,17:40,.97,.97,.97,.97, 1249
01/31/2020,18:08,.98,.98,.98,.98, 100
01/31/2020,18:17,.98,.98,.98,.98, 6122
01/31/2020,18:17,.972,.972,.97,.97, 300
01/31/2020,18:19,.975,.975,.975,.975, 100
01/31/2020,18:22,.98,.98,.98,.98, 100
01/31/2020,18:23,.98,.98,.98,.98, 500
01/31/2020,18:26,.98,.98,.98,.98, 2900
01/31/2020,18:33,.99,.99,.99,.99, 100
01/31/2020,18:42,.982,.982,.982,.982, 100
01/31/2020,18:43,.975,.975,.975,.975, 811
01/31/2020,18:47,.975,.975,.975,.975, 100
01/31/2020,18:54,.99,.99,.99,.99, 436
01/31/2020,19:19,.99,.99,.99,.99, 104
01/31/2020,19:34,.982,.99,.982,.99, 1000
01/31/2020,19:42,.99,.99,.985,.985, 600
01/31/2020,19:47,.99,.99,.99,.99, 100
01/31/2020,19:52,.982,.982,.982,.982, 1000
01/31/2020,20:01,.982,.982,.982,.982, 200
01/31/2020,20:05,.979,.979,.979,.979, 2500
01/31/2020,20:29,.98,.98,.98,.98, 1021
01/31/2020,20:39,.98,.98,.98,.98, 200
01/31/2020,20:44,.98,.98,.98,.98, 5500
01/31/2020,21:03,.975,.975,.975,.975, 2000
01/31/2020,21:09,.977,.977,.977,.977, 1000
01/31/2020,21:25,.98,.99,.98,.99, 2031
01/31/2020,21:29,.99,.99,.99,.99, 100
01/31/2020,21:33,.986,.99,.986,.99, 750
01/31/2020,21:47,.99,.99,.99,.99, 600
01/31/2020,21:54,.99,.99,.99,.99, 200
01/31/2020,21:57,.99,.99,.99,.99, 723

