04/01/2020,15:31,22.18,22.18,22.18,22.18, 400
04/01/2020,15:37,22.675,22.675,22.675,22.675, 100
04/01/2020,15:55,22.675,22.675,22.675,22.675, 127
04/01/2020,18:49,22,22.04,21.99,21.99, 1200
04/01/2020,19:35,20.7,20.99,20.595,20.99, 600
04/01/2020,19:35,20.692,20.692,20.692,20.692, 125
04/01/2020,19:37,20.475,20.95,20.475,20.546, 395
04/01/2020,19:38,20.95,21.1,20.55,21.05, 635
04/01/2020,19:40,20.6,20.6,20.6,20.6, 100
04/01/2020,19:40,20.6,20.6,20.6,20.6, 100
04/01/2020,19:42,21.11,21.11,21.11,21.11, 240
04/01/2020,19:43,21.34,21.99,21.175,21.99, 540
04/01/2020,19:44,21.425,21.425,20.86,20.86, 300
04/01/2020,19:45,20.94,20.94,20.94,20.94, 100
04/01/2020,19:45,20.81,20.81,20.7,20.7, 200
04/01/2020,19:46,20.75,20.75,20.75,20.75, 100
04/01/2020,19:47,21.63,21.63,21.63,21.63, 103
04/01/2020,19:49,21.175,21.175,20.8,20.8, 200
04/01/2020,19:50,20.75,20.75,20.75,20.75, 100
04/01/2020,19:51,20.6,20.65,20.6,20.65, 200
04/01/2020,19:51,21.1,21.1,21.1,21.1, 200
04/01/2020,19:57,20.32,20.32,20.32,20.32, 100
04/01/2020,20:00,21.294,21.294,21.294,21.294, 100
04/01/2020,20:48,20.9,20.9,20.9,20.9, 100
04/01/2020,20:54,21.3,21.3,21.3,21.3, 100
04/01/2020,21:14,20.28,20.28,20.28,20.28, 100
04/01/2020,21:33,20.5,20.5,20.5,20.5, 100
04/01/2020,21:33,20.42,20.42,20.42,20.42, 100
04/01/2020,21:53,21.062,21.062,21.062,21.062, 100
04/01/2020,22:00,20.44,20.44,20.44,20.44, 100
04/02/2020,15:33,20.935,20.935,20.935,20.935, 100
04/02/2020,16:44,20.89,20.9,20.79,20.8, 400
04/02/2020,16:45,20.907,21.15,20.17,21.05, 400
04/02/2020,16:46,21.03,21.03,21.03,21.03, 271
04/02/2020,16:47,21.15,21.15,20.31,20.31, 400
04/02/2020,16:48,20.97,20.97,20.97,20.97, 100
04/02/2020,16:48,21.1,21.1,20.55,20.55, 200
04/02/2020,16:49,20.912,20.912,20.912,20.912, 100
04/02/2020,16:50,21.05,21.08,20.525,21.08, 395
04/02/2020,16:51,21.15,21.3,20.575,21.3, 480
04/02/2020,16:52,21.17,21.17,21.17,21.17, 211
04/02/2020,17:20,21.15,21.27,21.15,21.27, 400
04/02/2020,17:21,21.1,21.1,21.1,21.1, 100
04/02/2020,17:22,21.55,21.55,21.1,21.55, 500
04/02/2020,17:23,21.25,21.25,21.25,21.25, 300
04/02/2020,17:25,21.1,21.1,21.01,21.01, 300
04/02/2020,17:26,21.32,21.32,20.91,20.916, 300
04/02/2020,17:27,20.9,20.99,20.9,20.99, 200
04/02/2020,17:31,20.15,20.15,20,20, 300
04/02/2020,17:48,20.12,20.12,20.01,20.011, 400
04/02/2020,18:07,20.3,20.3,20.3,20.3, 100
04/02/2020,19:15,21.472,21.472,21.472,21.472, 200
04/02/2020,19:39,21.155,21.155,20.32,20.32, 600
04/02/2020,20:54,20.34,20.34,20.34,20.34, 100
04/02/2020,21:22,20.75,20.75,20.75,20.75, 156
04/02/2020,21:28,20.75,20.75,20.75,20.75, 100
04/02/2020,21:32,20.33,20.33,20.32,20.32, 900
04/02/2020,21:32,20.5,20.5,20.5,20.5, 900
04/02/2020,21:34,20.03,20.03,20.03,20.03, 100
04/02/2020,21:56,21,21,21,21, 100
04/02/2020,21:57,20.02,20.02,20.02,20.02, 100
04/02/2020,21:59,21,21,21,21, 100
04/03/2020,15:31,21.04,21.04,21.04,21.04, 100
04/03/2020,15:57,21.01,21.01,21.01,21.01, 100
04/03/2020,17:36,20.48,20.735,20.02,20.735, 1626
04/03/2020,17:37,21,21,21,21, 100
04/03/2020,17:54,21,21.829,21,21.829, 200
04/03/2020,18:12,21.145,21.145,21.145,21.145, 100
04/03/2020,19:46,21.797,21.797,21.797,21.797, 200
04/03/2020,20:42,21.69,21.69,21.69,21.69, 100
04/03/2020,21:11,20.731,20.731,20.731,20.731, 230
04/03/2020,21:20,21.02,21.02,21.02,21.02, 100
04/03/2020,21:37,21.02,21.02,21.02,21.02, 100
04/03/2020,21:37,21.26,21.26,21.26,21.26, 120
04/03/2020,21:55,21.21,21.21,21.21,21.21, 100
04/06/2020,18:00,22.02,22.199,22.02,22.096, 2200
04/06/2020,18:02,22.4,22.96,22.4,22.96, 200
04/06/2020,18:03,23.4,23.54,23.4,23.54, 300
04/06/2020,18:03,23.95,23.95,23.95,23.95, 100
04/06/2020,18:07,24.99,24.99,24.99,24.99, 100
04/06/2020,18:10,25.11,25.11,25.01,25.01, 200
04/06/2020,18:37,25.09,25.09,24.814,24.814, 200
04/06/2020,18:48,24.73,24.73,24.73,24.73, 199
04/06/2020,18:48,25,25,25,25, 100
04/06/2020,18:56,24.74,24.74,24.74,24.74, 100
04/06/2020,19:36,24,24,24,24, 257
04/06/2020,19:42,24.7,24.7,24.7,24.7, 100
04/06/2020,19:58,24.4,24.4,24.4,24.4, 100
04/06/2020,19:59,24,24,24,24, 100
04/06/2020,21:45,23.51,23.51,23.51,23.51, 100
04/06/2020,21:58,23.595,23.595,23.595,23.595, 100
04/06/2020,22:01,22.53,22.53,22.53,22.53, 112
04/07/2020,15:31,22.215,22.215,22.215,22.215, 100
04/07/2020,16:14,23.05,23.05,22.64,23.05, 500
04/07/2020,16:21,23.949,23.949,23.949,23.949, 250
04/07/2020,16:31,23.4,23.4,23.04,23.04, 400
04/07/2020,16:32,22.9,22.9,22.9,22.9, 100
04/07/2020,16:45,23.02,23.02,23.02,23.02, 200
04/07/2020,17:09,22.31,22.5,22.3,22.3, 1971
04/07/2020,19:19,23.03,23.03,22.475,22.475, 300
04/07/2020,19:20,22.092,22.092,22.092,22.092, 100
04/07/2020,19:45,22.09,22.09,22.09,22.09, 100
04/07/2020,19:46,21.715,21.715,21.715,21.715, 150
04/07/2020,21:29,20.94,20.94,20.94,20.94, 100
04/08/2020,16:11,21.07,21.175,21.047,21.047, 300
04/08/2020,16:49,21.52,21.52,21.52,21.52, 100
04/08/2020,16:50,21.52,21.52,21.472,21.472, 200
04/08/2020,17:09,21.52,21.52,21.501,21.501, 200
04/08/2020,17:48,21.525,21.525,21.525,21.525, 125
04/08/2020,19:31,21,21,21,21, 707
04/08/2020,19:39,20.94,20.94,20.94,20.94, 247
04/08/2020,19:49,21,21,21,21, 980
04/08/2020,19:54,21,21,21,21, 176
04/08/2020,20:03,21.625,21.625,21.411,21.506, 400
04/08/2020,20:14,21.77,21.77,21.77,21.77, 100
04/08/2020,20:29,21.61,21.61,21.61,21.61, 300
04/08/2020,21:12,22.045,22.045,22.045,22.045, 100
04/08/2020,21:14,21.39,21.39,21.39,21.39, 100
04/08/2020,21:14,22.04,22.04,22.04,22.04, 150
04/08/2020,21:49,21.99,21.99,21.99,21.99, 100
04/08/2020,21:53,21.96,21.96,21.96,21.96, 100
04/08/2020,21:54,21.395,21.395,21.395,21.395, 100
04/08/2020,21:59,21.97,21.97,21.97,21.97, 100
04/08/2020,22:01,22.08,22.08,22.08,22.08, 159
04/09/2020,15:31,22.11,22.11,22.11,22.11, 123
04/09/2020,15:59,23.903,23.903,23.903,23.903, 150
04/09/2020,16:10,23.775,23.775,23.775,23.775, 100
04/09/2020,16:28,23.875,23.875,23.875,23.875, 100
04/09/2020,16:53,23.82,23.82,23.706,23.706, 400
04/09/2020,17:04,24.31,24.31,24.31,24.31, 100
04/09/2020,18:07,23.8,23.8,23.8,23.8, 100
04/09/2020,18:23,23.81,23.929,23.8,23.84, 800
04/09/2020,18:36,23.98,23.98,23.98,23.98, 100
04/09/2020,18:36,23.76,23.76,23.76,23.76, 100
04/09/2020,19:07,23.84,23.84,23.84,23.84, 200
04/09/2020,19:16,23.84,23.84,23.7,23.7, 200
04/09/2020,19:20,23.65,23.65,23.65,23.65, 300
04/09/2020,19:25,23.825,23.825,23.65,23.65, 200
04/09/2020,19:28,23.25,23.38,23.25,23.38, 286
04/09/2020,19:30,23,23,23,23, 200
04/09/2020,19:35,23.02,23.02,23,23, 500
04/09/2020,20:31,23.49,23.57,23.49,23.57, 200
04/09/2020,22:01,23.32,23.32,23.32,23.32, 272
04/13/2020,16:00,24.632,24.632,24.632,24.632, 200
04/13/2020,16:30,23.5,23.76,22.95,22.95, 2416
04/13/2020,16:31,22.8,22.8,22.701,22.75, 500
04/13/2020,16:31,22.5,22.5,22.5,22.5, 400
04/13/2020,16:34,21,21,20.75,20.75, 200
04/13/2020,16:36,21.13,21.198,21.13,21.198, 2200
04/13/2020,16:37,21.188,21.188,21.16,21.16, 1920
04/13/2020,16:37,21.188,21.188,21.16,21.16, 1800
04/13/2020,16:43,21.45,21.45,21.44,21.44, 1298
04/13/2020,17:10,22,22,22,22, 300
04/13/2020,17:13,21.9,22.71,21.9,22.71, 200
04/13/2020,17:56,22.38,22.38,22.38,22.38, 100
04/13/2020,18:13,22.5,22.65,22.5,22.65, 400
04/13/2020,18:54,22.617,22.617,22.617,22.617, 480
04/13/2020,18:57,22.555,22.555,22.555,22.555, 100
04/13/2020,19:24,22.71,22.71,22.71,22.71, 100
04/13/2020,19:29,22.8,22.8,22.8,22.8, 334
04/13/2020,20:12,22.962,22.962,22.962,22.962, 100
04/13/2020,20:16,22.81,23,22.81,23, 281
04/13/2020,20:25,23.11,23.11,23.11,23.11, 100
04/13/2020,20:30,23.09,23.27,22.977,23.27, 700
04/13/2020,20:47,23.43,23.97,23.168,23.97, 600
04/13/2020,21:56,24.08,24.08,24.08,24.08, 100
04/13/2020,22:00,24.07,24.07,24.07,24.07, 100
04/13/2020,22:01,22.34,22.34,22.34,22.34, 101
04/14/2020,15:31,23.51,23.51,23.51,23.51, 189
04/14/2020,19:21,22.88,23,22.87,22.87, 800
04/14/2020,19:23,22.7,22.7,22.7,22.7, 100
04/14/2020,20:01,22.875,23,22.875,22.875, 333
04/14/2020,20:19,22.7,22.7,22.7,22.7, 100
04/14/2020,20:31,22.67,22.67,22.67,22.67, 100
04/14/2020,20:33,22.69,22.7,22.69,22.7, 263
04/14/2020,20:37,22.7,22.7,22.7,22.7, 100
04/14/2020,20:46,22.7,22.7,22.7,22.7, 299
04/14/2020,20:48,22.7,22.75,22.7,22.75, 837
04/14/2020,21:13,22.895,22.935,22.895,22.935, 300
04/15/2020,15:40,23.01,23.01,23.01,23.01, 100
04/15/2020,15:42,23.123,23.123,23.123,23.123, 100
04/15/2020,17:40,22.19,22.19,22.19,22.19, 100
04/15/2020,17:50,22.2,22.2,22.2,22.2, 150
04/15/2020,17:52,22.2,22.43,22,22.165, 950
04/15/2020,19:14,22.235,22.235,22.23,22.23, 300
04/15/2020,19:16,21.5,21.5,21.5,21.5, 100
04/15/2020,19:17,21.5,21.5,21,21, 500
04/15/2020,19:18,21,21,20.6,20.899, 300
04/15/2020,19:19,20.8,20.82,20.8,20.815, 600
04/15/2020,19:20,20.795,21.02,20.795,20.92, 300
04/15/2020,19:22,20.605,21.1,20.605,21.1, 300
04/15/2020,19:29,21.6,21.6,21.6,21.6, 100
04/15/2020,21:12,22.165,22.165,22.165,22.165, 200
04/15/2020,21:21,22.49,22.49,22.49,22.49, 100
04/15/2020,21:22,22.245,22.245,22.245,22.245, 100
04/15/2020,21:58,22.39,22.39,22.39,22.39, 100
04/15/2020,22:00,22.45,22.45,22.45,22.45, 100
04/16/2020,16:22,21.71,21.71,21.71,21.71, 100
04/16/2020,16:23,21.99,21.99,21.99,21.99, 400
04/16/2020,16:28,21.75,21.75,21.75,21.75, 100
04/16/2020,16:36,21.75,21.75,21.75,21.75, 100
04/16/2020,16:49,22.49,22.49,22.49,22.49, 100
04/16/2020,19:46,22.095,22.095,22.095,22.095, 500
04/16/2020,19:53,22,22,22,22, 100
04/16/2020,20:34,22.1,22.1,22.1,22.1, 100
04/16/2020,20:35,22.1,22.1,22.1,22.1, 100
04/16/2020,21:36,22.1,22.1,22.1,22.1, 100
04/16/2020,21:58,22.49,22.49,22.49,22.49, 100
04/16/2020,22:01,21.7,21.7,21.7,21.7, 100
04/17/2020,18:13,21.725,21.725,21.725,21.725, 100
04/17/2020,18:53,21.71,21.71,21.71,21.71, 100
04/17/2020,19:20,22.47,22.5,22.285,22.285, 372
04/17/2020,19:21,22.49,22.5,22.49,22.5, 999
04/17/2020,19:23,23.35,23.35,23.35,23.35, 100
04/17/2020,19:31,23.137,23.81,23.137,23.81, 353
04/17/2020,20:10,23.81,23.81,23.81,23.81, 100
04/17/2020,20:20,23.5,23.5,23.41,23.41, 500
04/17/2020,20:32,23.99,23.99,23.99,23.99, 200
04/17/2020,20:33,23.9,23.9,23.9,23.9, 100
04/17/2020,20:35,23.9,23.9,23.9,23.9, 100
04/17/2020,20:35,23.9,23.9,23.9,23.9, 300
04/17/2020,20:41,23.6,23.6,23.6,23.6, 204
04/17/2020,20:55,23.52,23.52,23.01,23.5, 1700
04/17/2020,20:56,23.01,23.01,23.01,23.01, 100
04/17/2020,21:12,23.01,23.01,23.01,23.01, 290
04/17/2020,21:23,22.675,22.675,22.2,22.675, 1600
04/17/2020,21:24,22.5,22.5,22.5,22.5, 200
04/17/2020,21:28,22.5,22.99,22.5,22.57, 500
04/17/2020,21:30,22.94,23.005,22.94,23.005, 400
04/17/2020,21:32,23.23,23.89,23.23,23.89, 969
04/17/2020,21:36,24.43,24.449,24.4,24.449, 500
04/17/2020,21:40,23.9,23.9,23.9,23.9, 100
04/17/2020,21:52,23.836,24.135,23.82,23.82, 800
04/17/2020,21:52,23.7,23.7,23.7,23.7, 141
04/17/2020,21:57,23.5,23.57,23.5,23.5, 1110
04/17/2020,21:58,23,23.45,23,23.45, 220
04/17/2020,21:59,22.82,22.849,22.79,22.849, 400

