04/01/2020,09:01,116.9,117,116.8,116.8, 2626
04/01/2020,09:02,116.7,116.7,115.8,115.8, 1183
04/01/2020,09:03,115.9,115.9,115.5,115.5, 359
04/01/2020,09:05,115.8,115.8,115.8,115.8, 58
04/01/2020,09:06,115.8,116,115.8,115.9, 33
04/01/2020,09:06,115.9,115.9,115.8,115.8, 15
04/01/2020,09:08,115.6,115.7,115.3,115.3, 194
04/01/2020,09:10,115.3,115.4,115.3,115.4, 50
04/01/2020,09:11,115.4,115.4,115.4,115.4, 20
04/01/2020,09:13,115.4,115.4,115.4,115.4, 30
04/01/2020,09:15,115.5,115.5,115.5,115.5, 29
04/01/2020,09:18,115.6,116,115.6,116, 179
04/01/2020,09:19,116.1,116.3,116.1,116.3, 164
04/01/2020,09:21,116.3,116.4,116.3,116.4, 106
04/01/2020,09:23,116.4,116.4,116.4,116.4, 4
04/01/2020,09:29,116,116,116,116, 40
04/01/2020,09:31,116.4,116.4,116.4,116.4, 27
04/01/2020,09:33,116.2,116.2,116.2,116.2, 12
04/01/2020,09:34,116.1,116.1,116.1,116.1, 62
04/01/2020,09:35,116.3,116.3,116.3,116.3, 11
04/01/2020,09:36,116.1,116.1,116.1,116.1, 8
04/01/2020,09:37,116.4,116.7,116.4,116.7, 303
04/01/2020,09:43,116.7,116.7,116.6,116.6, 16
04/01/2020,09:45,116.8,116.8,116.8,116.8, 21
04/01/2020,09:49,116.7,116.7,116.7,116.7, 34
04/01/2020,09:53,116.9,116.9,116.9,116.9, 34
04/01/2020,09:57,116.9,116.9,116.9,116.9, 12
04/01/2020,09:58,116.9,116.9,116.9,116.9, 6
04/01/2020,09:59,116.9,117,116.9,117, 326
04/01/2020,10:00,117.1,117.1,117.1,117.1, 45
04/01/2020,10:03,117,117,116.6,116.6, 274
04/01/2020,10:06,116.7,116.7,116.7,116.7, 50
04/01/2020,10:08,116.9,116.9,116.8,116.8, 100
04/01/2020,10:10,116.9,117,116.9,117, 138
04/01/2020,10:13,117,117,117,117, 10
04/01/2020,10:23,117,117,117,117, 82
04/01/2020,10:24,117.1,117.2,117.1,117.2, 83
04/01/2020,10:27,117.4,117.4,117.4,117.4, 6
04/01/2020,10:27,117.4,117.4,117.4,117.4, 13
04/01/2020,10:31,117.1,117.2,117.1,117.2, 72
04/01/2020,10:32,117.2,117.2,117.2,117.2, 4
04/01/2020,10:34,117.2,117.2,117.2,117.2, 58
04/01/2020,10:35,117.1,117.1,117.1,117.1, 52
04/01/2020,10:42,117.3,117.3,117.3,117.3, 25
04/01/2020,10:46,117.3,117.3,117.3,117.3, 38
04/01/2020,10:47,117.4,117.5,117.4,117.5, 85
04/01/2020,10:50,117.2,117.3,117.1,117.3, 46
04/01/2020,10:50,117.3,117.3,117.3,117.3, 20
04/01/2020,10:53,117.1,117.1,116.7,116.7, 385
04/01/2020,10:54,116.6,116.6,116.4,116.5, 474
04/01/2020,10:59,116.6,116.7,116.6,116.7, 120
04/01/2020,11:01,116.8,117,116.8,116.8, 179
04/01/2020,11:01,117,117,117,117, 81
04/01/2020,11:03,117.1,117.1,117.1,117.1, 20
04/01/2020,11:07,117.1,117.2,117.1,117.2, 38
04/01/2020,11:09,117.1,117.1,117.1,117.1, 35
04/01/2020,11:17,117.3,117.3,117.3,117.3, 22
04/01/2020,11:22,117.1,117.1,117,117, 168
04/01/2020,11:27,116.8,116.8,116.8,116.8, 29
04/01/2020,11:28,116.8,116.8,116.8,116.8, 48
04/01/2020,11:30,116.7,116.7,116.7,116.7, 85
04/01/2020,11:33,116.9,116.9,116.8,116.8, 143
04/01/2020,11:35,116.9,116.9,116.9,116.9, 8
04/01/2020,11:36,116.7,116.7,116.7,116.7, 7
04/01/2020,11:40,116.5,116.5,116.5,116.5, 23
04/01/2020,11:42,116.5,116.6,116.5,116.6, 125
04/01/2020,11:54,116.6,116.6,116.6,116.6, 42
04/01/2020,11:57,116.7,116.7,116.7,116.7, 43
04/01/2020,11:59,116.6,116.6,116.6,116.6, 213
04/01/2020,12:07,116.4,116.5,116.4,116.5, 139
04/01/2020,12:10,116.3,116.3,116.2,116.2, 153
04/01/2020,12:10,116.2,116.2,116.2,116.2, 64
04/01/2020,12:13,116.1,116.1,115.9,115.9, 159
04/01/2020,12:19,116,116,116,116, 74
04/01/2020,12:22,115.9,115.9,115.9,115.9, 57
04/01/2020,12:25,115.9,115.9,115.9,115.9, 52
04/01/2020,12:33,116.1,116.1,116.1,116.1, 10
04/01/2020,12:36,116.1,116.1,116.1,116.1, 5
04/01/2020,12:39,116.1,116.1,116.1,116.1, 57
04/01/2020,12:42,116,116,116,116, 21
04/01/2020,12:45,115.9,115.9,115.9,115.9, 77
04/01/2020,12:50,115.8,115.8,115.8,115.8, 78
04/01/2020,12:56,115.7,115.7,115.7,115.7, 71
04/01/2020,12:58,115.6,115.6,115.6,115.6, 39
04/01/2020,12:59,115.6,115.6,115.6,115.6, 86
04/01/2020,13:01,115.7,115.7,115.7,115.7, 116
04/01/2020,13:01,115.7,115.7,115.6,115.6, 65
04/01/2020,13:04,115.7,115.7,115.7,115.7, 29
04/01/2020,13:08,115.7,115.8,115.7,115.8, 65
04/01/2020,13:12,115.7,115.7,115.7,115.7, 64
04/01/2020,13:13,115.6,115.6,115.6,115.6, 70
04/01/2020,13:21,115.8,115.8,115.8,115.8, 85
04/01/2020,13:23,115.7,115.7,115.7,115.7, 31
04/01/2020,13:24,115.8,115.8,115.8,115.8, 42
04/01/2020,13:25,115.8,115.8,115.8,115.8, 2
04/01/2020,13:29,115.6,115.6,115.6,115.6, 39
04/01/2020,13:32,115.8,115.8,115.8,115.8, 31
04/01/2020,13:33,115.7,115.7,115.7,115.7, 52
04/01/2020,13:34,115.8,115.8,115.8,115.8, 10
04/01/2020,13:38,115.6,115.6,115.5,115.6, 82
04/01/2020,13:38,115.7,115.7,115.7,115.7, 56
04/01/2020,13:40,115.8,115.8,115.8,115.8, 2
04/01/2020,13:56,115.7,115.7,115.7,115.7, 43
04/01/2020,13:58,115.6,115.6,115.6,115.6, 72
04/01/2020,14:01,115.6,115.6,115.6,115.6, 92
04/01/2020,14:05,115.7,115.7,115.4,115.4, 933
04/01/2020,14:05,115.6,115.6,115.6,115.6, 6
04/01/2020,14:06,115.6,115.6,115.4,115.4, 264
04/01/2020,14:07,115.5,115.5,115.5,115.5, 97
04/01/2020,14:10,115.6,115.6,115.4,115.4, 89
04/01/2020,14:13,115.6,115.6,115.6,115.6, 21
04/01/2020,14:16,115.6,115.6,115.6,115.6, 88
04/01/2020,14:16,115.7,115.7,115.7,115.7, 62
04/01/2020,14:20,115.7,115.9,115.7,115.9, 141
04/01/2020,14:21,116,116,116,116, 59
04/01/2020,14:22,116,116,116,116, 75
04/01/2020,14:24,115.9,115.9,115.9,115.9, 26
04/01/2020,14:26,116,116,115.8,115.8, 107
04/01/2020,14:28,115.7,115.7,115.7,115.7, 57
04/01/2020,14:33,115.9,115.9,115.9,115.9, 19
04/01/2020,14:40,115.9,115.9,115.9,115.9, 10
04/01/2020,14:42,115.6,115.6,115.6,115.6, 66
04/01/2020,14:43,115.6,115.6,115.6,115.6, 51
04/01/2020,14:45,115.7,115.7,115.7,115.7, 94
04/01/2020,14:51,115.7,115.7,115.7,115.7, 89
04/01/2020,14:57,115.7,115.8,115.6,115.8, 238
04/01/2020,15:00,115.7,115.7,115.7,115.7, 31
04/01/2020,15:03,115.6,115.6,115.4,115.5, 782
04/01/2020,15:03,115.3,115.3,115.3,115.3, 123
04/01/2020,15:04,115.4,115.4,115.3,115.3, 59
04/01/2020,15:09,115.3,115.3,115.3,115.3, 62
04/01/2020,15:10,115.3,115.5,115.3,115.5, 166
04/01/2020,15:11,115.5,115.5,115.5,115.5, 46
04/01/2020,15:12,115.4,115.4,115.4,115.4, 44
04/01/2020,15:14,115.5,115.9,115.5,115.7, 819
04/01/2020,15:29,115.7,115.7,115.7,115.7, 25
04/01/2020,15:34,115.6,115.6,115.6,115.6, 152
04/01/2020,15:38,115.8,115.8,115.8,115.8, 40
04/01/2020,15:38,115.9,115.9,115.9,115.9, 8
04/01/2020,15:39,116,116,116,116, 45
04/01/2020,15:41,116.2,116.2,116.1,116.1, 89
04/01/2020,15:46,116.2,116.2,116.1,116.2, 53
04/01/2020,15:47,116.1,116.1,116.1,116.1, 76
04/01/2020,15:53,115.9,115.9,115.8,115.8, 169
04/01/2020,15:55,115.7,115.7,115.7,115.7, 46
04/01/2020,15:57,115.6,115.6,115.6,115.6, 23
04/01/2020,16:01,115.7,115.7,115.7,115.7, 41
04/01/2020,16:02,115.7,115.8,115.7,115.8, 20
04/01/2020,16:03,115.6,115.6,115.6,115.6, 52
04/01/2020,16:08,115.6,115.7,115.6,115.6, 59
04/01/2020,16:08,115.8,115.8,115.8,115.8, 23
04/01/2020,16:10,115.9,115.9,115.9,115.9, 2
04/01/2020,16:11,115.8,115.8,115.7,115.7, 106
04/01/2020,16:14,115.9,115.9,115.9,115.9, 3
04/01/2020,16:15,115.7,115.7,115.7,115.7, 3
04/01/2020,16:16,115.8,115.8,115.8,115.8, 13
04/01/2020,16:17,115.9,115.9,115.9,115.9, 24
04/01/2020,16:17,116,116,116,116, 27
04/01/2020,16:20,116.1,116.1,116.1,116.1, 1
04/01/2020,16:22,116.1,116.2,116.1,116.2, 125
04/01/2020,16:22,116.1,116.1,116.1,116.1, 75
04/01/2020,16:25,116,116,116,116, 66
04/01/2020,16:32,116.2,116.2,116.2,116.2, 26
04/01/2020,16:32,116.2,116.5,116.2,116.5, 213
04/01/2020,16:34,116.4,116.4,116.3,116.3, 235
04/01/2020,16:34,116.2,116.2,116.1,116.1, 72
04/01/2020,16:35,116.1,116.1,116.1,116.1, 7
04/01/2020,16:36,116.1,116.1,115.8,116, 460
04/01/2020,16:39,115.8,116.3,115.8,115.9, 1875
04/01/2020,16:41,116,116.1,115.9,115.9, 185
04/01/2020,16:41,115.9,115.9,115.9,115.9, 43
04/01/2020,16:43,115.9,115.9,115.8,115.8, 382
04/01/2020,16:45,115.5,115.6,115.5,115.6, 191
04/01/2020,16:46,115.6,115.6,115.5,115.5, 293
04/01/2020,16:47,115.5,115.5,115.4,115.4, 336
04/01/2020,16:49,115.5,115.5,115.5,115.5, 20
04/01/2020,16:50,115.6,115.6,115.6,115.6, 15
04/01/2020,16:51,115.5,115.5,115.5,115.5, 305
04/01/2020,16:51,115.6,115.6,115.6,115.6, 51
04/01/2020,16:54,115.7,115.7,115.6,115.6, 241
04/01/2020,16:55,115.6,116.1,115.6,116.1, 396
04/01/2020,16:56,116.1,116.2,116.1,116.2, 42
04/01/2020,16:57,116,116,116,116, 54
04/01/2020,17:00,115.9,115.9,115.9,115.9, 49
04/01/2020,17:00,115.8,116,115.8,116, 61
04/01/2020,17:01,115.9,115.9,115.9,115.9, 119
04/01/2020,17:03,115.9,115.9,115.8,115.8, 66
04/01/2020,17:03,115.9,115.9,115.9,115.9, 442
04/01/2020,17:05,115.9,116,115.9,116, 199
04/01/2020,17:05,116.1,116.1,116.1,116.1, 24
04/01/2020,17:07,116,116,116,116, 207
04/01/2020,17:09,115.9,115.9,115.9,115.9, 61
04/01/2020,17:13,115.9,116,115.9,116, 65
04/01/2020,17:15,115.9,116,115.8,115.8, 228
04/01/2020,17:15,115.8,115.8,115.8,115.8, 42
04/01/2020,17:17,115.8,115.8,115.8,115.8, 141
04/01/2020,17:19,115.7,115.8,115.7,115.8, 86
04/01/2020,17:20,115.7,115.7,115.7,115.7, 78
04/01/2020,17:21,115.8,115.8,115.7,115.7, 106
04/01/2020,17:22,115.9,115.9,115.9,115.9, 216
04/01/2020,17:23,115.8,115.8,115.7,115.7, 25
04/01/2020,17:25,115.6,115.6,115.3,115.3, 247
04/01/2020,17:26,115.3,115.4,115.3,115.3, 432
04/01/2020,17:27,115.3,115.3,115.3,115.3, 153
04/01/2020,17:29,115.4,115.5,115.4,115.5, 276
04/01/2020,17:30,115.4,115.4,115.4,115.4, 14
04/01/2020,17:30,115.5,115.5,115.5,115.5, 21
04/01/2020,17:36,115.9,115.9,115.9,115.9, 7857
04/02/2020,09:01,115.3,115.6,115.3,115.6, 1090
04/02/2020,09:03,116.1,116.2,116.1,116.2, 108
04/02/2020,09:06,116.1,116.1,116.1,116.1, 6
04/02/2020,09:07,116.4,116.4,116.4,116.4, 31
04/02/2020,09:09,116.3,116.4,116.3,116.4, 27
04/02/2020,09:09,116.6,116.6,116.5,116.5, 15
04/02/2020,09:12,116.5,116.6,116.5,116.6, 46
04/02/2020,09:13,116.6,116.6,116.6,116.6, 20
04/02/2020,09:15,116.6,116.7,116.6,116.7, 152
04/02/2020,09:17,116.9,116.9,116.9,116.9, 15
04/02/2020,09:25,116.5,116.5,116.5,116.5, 129
04/02/2020,09:33,116.3,116.3,116.3,116.3, 99
04/02/2020,09:36,116.5,116.6,116.4,116.6, 235
04/02/2020,09:39,116.5,116.5,116.5,116.5, 17
04/02/2020,09:40,116.5,116.5,116.5,116.5, 12
04/02/2020,09:41,116.5,116.6,116.5,116.6, 85
04/02/2020,10:02,116.7,116.8,116.7,116.8, 97
04/02/2020,10:08,116.9,116.9,116.9,116.9, 1
04/02/2020,10:31,116.8,116.8,116.7,116.7, 95
04/02/2020,10:34,116.9,116.9,116.9,116.9, 20
04/02/2020,10:34,116.9,117,116.9,117, 308
04/02/2020,10:37,117,117.1,116.9,116.9, 198
04/02/2020,10:46,116.9,116.9,116.9,116.9, 84
04/02/2020,10:57,116.8,116.8,116.8,116.8, 10
04/02/2020,10:58,116.9,116.9,116.7,116.7, 36
04/02/2020,11:00,116.9,117,116.9,117, 89
04/02/2020,11:02,117,117,117,117, 74
04/02/2020,11:11,117,117,117,117, 40
04/02/2020,11:19,117.1,117.1,117.1,117.1, 5
04/02/2020,11:20,117.1,117.1,117.1,117.1, 115
04/02/2020,11:32,117.1,117.1,117.1,117.1, 47
04/02/2020,11:44,117.1,117.1,117,117, 353
04/02/2020,11:45,117,117,117,117, 85
04/02/2020,11:46,116.8,116.8,116.8,116.8, 64
04/02/2020,11:50,116.9,116.9,116.9,116.9, 15
04/02/2020,12:00,116.7,116.7,116.7,116.7, 43
04/02/2020,12:01,116.6,116.6,116.6,116.6, 112
04/02/2020,12:04,116.7,116.7,116.7,116.7, 25
04/02/2020,12:07,116.5,116.5,116.5,116.5, 99
04/02/2020,12:14,116.6,116.6,116.6,116.6, 40
04/02/2020,12:21,116.7,116.8,116.7,116.8, 119
04/02/2020,12:27,116.9,116.9,116.8,116.8, 150
04/02/2020,12:30,116.9,116.9,116.9,116.9, 23
04/02/2020,12:32,117,117,117,117, 42
04/02/2020,12:33,117,117,117,117, 149
04/02/2020,12:38,117.1,117.1,117.1,117.1, 10
04/02/2020,12:52,117.1,117.1,117.1,117.1, 9
04/02/2020,12:56,117.1,117.1,117.1,117.1, 106
04/02/2020,13:04,117.1,117.1,117.1,117.1, 55
04/02/2020,13:04,117.1,117.1,117.1,117.1, 32
04/02/2020,13:05,117,117,117,117, 21
04/02/2020,13:07,116.9,116.9,116.6,116.6, 347
04/02/2020,13:08,116.8,116.8,116.8,116.8, 10
04/02/2020,13:17,116.8,116.8,116.8,116.8, 17
04/02/2020,13:21,116.8,116.8,116.8,116.8, 12
04/02/2020,13:38,116.6,116.6,116.5,116.5, 79
04/02/2020,13:45,116.6,116.6,116.5,116.6, 332
04/02/2020,13:47,116.5,116.5,116.5,116.5, 45
04/02/2020,13:52,116.7,116.7,116.7,116.7, 17
04/02/2020,13:57,116.8,116.8,116.6,116.6, 105
04/02/2020,13:58,116.7,116.7,116.6,116.6, 54
04/02/2020,14:11,116.6,116.6,116.6,116.6, 35
04/02/2020,14:11,116.5,116.5,116.5,116.5, 69
04/02/2020,14:15,116.7,116.7,116.7,116.7, 39
04/02/2020,14:27,116.6,116.6,116.5,116.5, 415
04/02/2020,14:29,116.7,116.7,116.7,116.7, 4
04/02/2020,14:32,116.7,116.7,116.7,116.7, 98
04/02/2020,14:35,116.6,116.6,116.6,116.6, 67
04/02/2020,14:37,116.5,116.5,116.5,116.5, 159
04/02/2020,14:39,116.5,116.5,116.3,116.3, 289
04/02/2020,14:42,116.1,116.1,116.1,116.1, 31
04/02/2020,14:44,116.2,116.2,116.2,116.2, 70
04/02/2020,14:53,116.1,116.1,116.1,116.1, 23
04/02/2020,14:58,116.2,116.2,116.2,116.2, 8
04/02/2020,15:05,115.9,116,115.8,116, 928
04/02/2020,15:07,115.9,115.9,115.9,115.9, 14
04/02/2020,15:09,115.8,115.8,115.8,115.8, 71
04/02/2020,15:10,115.7,115.7,115.7,115.7, 42
04/02/2020,15:10,115.8,115.8,115.8,115.8, 8
04/02/2020,15:14,115.5,115.5,115.5,115.5, 165
04/02/2020,15:16,115.3,115.3,115.2,115.3, 89
04/02/2020,15:16,115.4,115.4,115.4,115.4, 81
04/02/2020,15:28,115.3,115.3,115.3,115.3, 71
04/02/2020,15:32,115.2,115.2,115.2,115.2, 33
04/02/2020,15:35,115.4,115.4,115.4,115.4, 107
04/02/2020,15:42,115.3,115.3,115.3,115.3, 24
04/02/2020,15:45,115.2,115.2,115.2,115.2, 63
04/02/2020,15:50,115.2,115.2,115.1,115.1, 449
04/02/2020,15:51,115.3,115.3,115.3,115.3, 45
04/02/2020,15:52,115.3,115.4,115.3,115.4, 290
04/02/2020,15:54,115.5,115.5,115.5,115.5, 26
04/02/2020,16:00,115.5,115.5,115.5,115.5, 21
04/02/2020,16:03,115.6,115.6,115.6,115.6, 62
04/02/2020,16:04,115.5,115.5,115.5,115.5, 4
04/02/2020,16:08,115.6,115.6,115.6,115.6, 5
04/02/2020,16:09,115.7,115.7,115.7,115.7, 43
04/02/2020,16:17,115.7,115.7,115.7,115.7, 31
04/02/2020,16:28,115.7,115.7,115.6,115.6, 57
04/02/2020,16:30,115.7,115.7,115.7,115.7, 121
04/02/2020,16:31,115.6,115.8,115.6,115.8, 71
04/02/2020,16:32,115.9,115.9,115.9,115.9, 160
04/02/2020,16:33,115.9,115.9,115.8,115.8, 71
04/02/2020,16:36,116,116,116,116, 17
04/02/2020,16:36,116.1,116.1,116.1,116.1, 32
04/02/2020,16:39,116.2,116.3,116.2,116.3, 128
04/02/2020,16:39,116.1,116.1,116.1,116.1, 33
04/02/2020,16:40,116.2,116.2,116.2,116.2, 34
04/02/2020,16:41,116.3,116.4,116.3,116.4, 43
04/02/2020,16:41,116.2,116.2,116.2,116.2, 23
04/02/2020,16:43,116.4,116.4,116.2,116.2, 31
04/02/2020,16:43,116.5,116.5,116.5,116.5, 7
04/02/2020,16:51,116.3,116.3,116.3,116.3, 11
04/02/2020,16:54,116.2,116.2,116.2,116.2, 44
04/02/2020,16:55,116.2,116.2,116.2,116.2, 26
04/02/2020,16:56,116.2,116.2,116.2,116.2, 71
04/02/2020,16:58,116.3,116.3,116.3,116.3, 12
04/02/2020,17:08,115.9,116,115.8,116, 202
04/02/2020,17:13,115.9,115.9,115.9,115.9, 102
04/02/2020,17:14,116,116,116,116, 20
04/02/2020,17:15,115.9,115.9,115.9,115.9, 9
04/02/2020,17:17,115.9,115.9,115.9,115.9, 19
04/02/2020,17:18,115.8,115.8,115.8,115.8, 79
04/02/2020,17:19,115.9,115.9,115.9,115.9, 8
04/02/2020,17:20,115.8,115.8,115.8,115.8, 20
04/02/2020,17:22,115.9,115.9,115.9,115.9, 43
04/02/2020,17:22,115.9,115.9,115.9,115.9, 30
04/02/2020,17:24,115.7,115.8,115.6,115.8, 88
04/02/2020,17:24,115.7,115.7,115.7,115.7, 10
04/02/2020,17:27,115.5,115.6,115.4,115.6, 87
04/02/2020,17:27,115.6,115.6,115.6,115.6, 43
04/02/2020,17:29,115.4,115.5,115.4,115.5, 83
04/02/2020,17:36,116,116,116,116, 3614
04/03/2020,09:01,116.8,116.8,116.8,116.8, 242
04/03/2020,09:03,116.5,116.5,116.3,116.3, 19
04/03/2020,09:03,116.3,116.3,116.3,116.3, 1
04/03/2020,09:04,116.2,116.2,116.2,116.2, 2
04/03/2020,09:06,116,116,116,116, 190
04/03/2020,09:07,116.1,116.1,116.1,116.1, 39
04/03/2020,09:09,116.1,116.1,116,116, 48
04/03/2020,09:12,116,116,116,116, 50
04/03/2020,09:12,115.9,115.9,115.7,115.7, 23
04/03/2020,09:16,116.1,116.1,116.1,116.1, 1
04/03/2020,09:18,116,116,116,116, 4
04/03/2020,09:18,115.9,115.9,115.9,115.9, 20
04/03/2020,09:22,115.9,115.9,115.9,115.9, 195
04/03/2020,09:25,115.9,115.9,115.9,115.9, 7
04/03/2020,09:33,116,116,116,116, 10
04/03/2020,09:40,116.1,116.1,116.1,116.1, 12
04/03/2020,09:41,115.9,115.9,115.9,115.9, 2
04/03/2020,09:44,116.1,116.1,116.1,116.1, 99
04/03/2020,09:45,116.1,116.1,116.1,116.1, 49
04/03/2020,09:46,116.2,116.2,116.2,116.2, 1
04/03/2020,09:50,116.3,116.3,116.3,116.3, 5
04/03/2020,09:53,116.1,116.1,116,116, 52
04/03/2020,09:54,115.9,116,115.7,115.7, 475
04/03/2020,09:56,115.8,115.8,115.6,115.7, 81
04/03/2020,10:00,115.9,115.9,115.9,115.9, 2
04/03/2020,10:02,116,116,116,116, 100
04/03/2020,10:04,115.9,115.9,115.9,115.9, 2
04/03/2020,10:12,116.1,116.2,116.1,116.2, 50
04/03/2020,10:13,116.2,116.2,116.2,116.2, 14
04/03/2020,10:18,116.3,116.3,116.3,116.3, 570
04/03/2020,10:19,116.4,116.4,116.4,116.4, 150
04/03/2020,10:19,116.4,116.4,116.4,116.4, 2
04/03/2020,10:20,116.3,116.3,116.2,116.2, 95
04/03/2020,10:27,116.4,116.4,116.2,116.2, 93
04/03/2020,10:38,116.2,116.2,116.2,116.2, 20
04/03/2020,10:40,116.1,116.1,116.1,116.1, 42
04/03/2020,10:40,116,116,116,116, 14
04/03/2020,10:48,116,116,116,116, 67
04/03/2020,10:53,116.1,116.1,116.1,116.1, 7
04/03/2020,10:53,115.9,116,115.9,116, 53
04/03/2020,11:00,115.9,115.9,115.9,115.9, 15
04/03/2020,11:13,116,116,116,116, 23
04/03/2020,11:17,115.9,115.9,115.7,115.8, 43
04/03/2020,11:23,115.7,115.7,115.6,115.6, 92
04/03/2020,11:29,115.5,115.5,115.5,115.5, 91
04/03/2020,11:32,115.6,115.6,115.6,115.6, 4
04/03/2020,11:37,115.5,115.5,115.5,115.5, 2
04/03/2020,11:38,115.4,115.4,115.1,115.1, 647
04/03/2020,11:45,115.3,115.3,115.2,115.2, 39
04/03/2020,11:48,115.1,115.1,115,115, 21
04/03/2020,11:54,115,115,115,115, 30
04/03/2020,11:55,115.1,115.1,115.1,115.1, 153
04/03/2020,11:58,115.2,115.2,115.2,115.2, 6
04/03/2020,12:06,115.1,115.1,115.1,115.1, 60
04/03/2020,12:21,115.2,115.2,115.2,115.2, 15
04/03/2020,12:28,115.2,115.2,115.2,115.2, 180
04/03/2020,12:41,115.2,115.2,115,115, 129
04/03/2020,12:42,115.2,115.2,115.2,115.2, 129
04/03/2020,12:43,115.2,115.2,115.2,115.2, 4
04/03/2020,12:49,115.1,115.2,115.1,115.2, 9
04/03/2020,13:00,115.2,115.2,115.2,115.2, 1
04/03/2020,13:01,115.2,115.2,115.1,115.1, 34
04/03/2020,13:03,115.1,115.1,115.1,115.1, 40
04/03/2020,13:05,115.2,115.2,115.2,115.2, 12
04/03/2020,13:09,115,115.1,115,115.1, 101
04/03/2020,13:20,115.1,115.1,115.1,115.1, 18
04/03/2020,13:20,115.2,115.2,115.2,115.2, 2
04/03/2020,13:24,115.1,115.1,115.1,115.1, 15
04/03/2020,13:28,115.1,115.2,115.1,115.2, 76
04/03/2020,13:28,115.1,115.1,115.1,115.1, 20
04/03/2020,13:33,115.2,115.3,115.1,115.3, 198
04/03/2020,13:57,115.1,115.1,115.1,115.1, 134
04/03/2020,14:05,115.1,115.1,115.1,115.1, 5
04/03/2020,14:12,115.2,115.2,115.2,115.2, 60
04/03/2020,14:16,115.2,115.2,115.2,115.2, 8
04/03/2020,14:21,115.1,115.1,115.1,115.1, 14
04/03/2020,14:22,115.1,115.1,115.1,115.1, 50
04/03/2020,14:27,115.1,115.1,115.1,115.1, 48
04/03/2020,14:27,115.1,115.1,115,115, 206
04/03/2020,14:29,115,115.1,114.9,114.9, 2283
04/03/2020,14:31,114.9,114.9,114.8,114.8, 47
04/03/2020,14:40,115,115,115,115, 80
04/03/2020,14:43,115,115,115,115, 8
04/03/2020,14:48,114.9,115.3,114.9,115.3, 439
04/03/2020,14:53,115.3,115.4,115.3,115.4, 52
04/03/2020,14:55,115.5,115.6,115.3,115.6, 445
04/03/2020,14:56,115.7,115.7,115.7,115.7, 35
04/03/2020,14:59,115.7,115.9,115.7,115.9, 213
04/03/2020,15:06,116,116,116,116, 2
04/03/2020,15:10,116,116,116,116, 1
04/03/2020,15:12,115.9,115.9,115.7,115.7, 74
04/03/2020,15:15,115.8,115.8,115.8,115.8, 194
04/03/2020,15:16,115.8,115.8,115.8,115.8, 75
04/03/2020,15:18,115.9,115.9,115.9,115.9, 60
04/03/2020,15:21,115.9,115.9,115.9,115.9, 9
04/03/2020,15:22,115.7,115.7,115.6,115.6, 70
04/03/2020,15:25,115.8,115.8,115.8,115.8, 37
04/03/2020,15:35,115.9,115.9,115.9,115.9, 48
04/03/2020,15:39,116,116,116,116, 170
04/03/2020,15:42,116.1,116.2,116.1,116.2, 141
04/03/2020,15:53,116.2,116.2,116.2,116.2, 4
04/03/2020,15:53,115.9,115.9,115.9,115.9, 40
04/03/2020,15:59,115.9,116.3,115.9,116.3, 335
04/03/2020,16:04,116.2,116.2,116.2,116.2, 4
04/03/2020,16:06,116.1,116.1,116.1,116.1, 73
04/03/2020,16:08,116.2,116.2,116.2,116.2, 93
04/03/2020,16:10,116.3,116.3,116.3,116.3, 4
04/03/2020,16:10,116.2,116.2,116,116.1, 168
04/03/2020,16:13,116.3,116.3,116.3,116.3, 117
04/03/2020,16:18,116.1,116.1,116.1,116.1, 2
04/03/2020,16:23,116,116,116,116, 48
04/03/2020,16:26,116.1,116.1,116,116, 342
04/03/2020,16:28,116,116,116,116, 102
04/03/2020,16:28,115.9,115.9,115.9,115.9, 31
04/03/2020,16:39,115.8,115.8,115.8,115.8, 50
04/03/2020,16:39,115.8,115.8,115.8,115.8, 24
04/03/2020,16:42,115.7,115.7,115.5,115.5, 375
04/03/2020,16:46,115.6,115.6,115.6,115.6, 30
04/03/2020,16:48,115.5,115.5,115.5,115.5, 69
04/03/2020,16:53,115.7,115.7,115.7,115.7, 85
04/03/2020,16:55,115.5,115.6,115.5,115.6, 127
04/03/2020,16:56,115.5,115.5,115.5,115.5, 155
04/03/2020,16:57,115.5,115.5,115.4,115.4, 159
04/03/2020,17:01,115.6,115.6,115.6,115.6, 143
04/03/2020,17:01,115.5,115.5,115.5,115.5, 41
04/03/2020,17:03,115.5,115.6,115.5,115.6, 75
04/03/2020,17:04,115.6,115.6,115.6,115.6, 5
04/03/2020,17:05,115.6,115.6,115.6,115.6, 15
04/03/2020,17:07,115.4,115.4,115.4,115.4, 35
04/03/2020,17:10,115.3,115.3,115.3,115.3, 82
04/03/2020,17:12,115.5,115.5,115.5,115.5, 151
04/03/2020,17:14,115.2,115.2,115.2,115.2, 41
04/03/2020,17:17,115.1,115.1,115.1,115.1, 14
04/03/2020,17:18,115.1,115.1,115.1,115.1, 65
04/03/2020,17:21,115.2,115.2,115.2,115.2, 19
04/03/2020,17:23,115.1,115.1,115.1,115.1, 2
04/03/2020,17:25,115,115,115,115, 65
04/03/2020,17:27,114.9,115,114.8,114.8, 157
04/03/2020,17:28,115,115,115,115, 141
04/03/2020,17:30,115,115,115,115, 23
04/03/2020,17:36,114.7,114.7,114.7,114.7, 4621
04/06/2020,09:01,118.2,118.2,118.2,118.2, 1555
04/06/2020,09:02,118.6,118.6,118.4,118.4, 90
04/06/2020,09:03,118.4,118.4,117.9,118.1, 209
04/06/2020,09:05,118,118,118,118, 40
04/06/2020,09:06,118,118,117.8,117.9, 68
04/06/2020,09:08,117.9,117.9,117.9,117.9, 39
04/06/2020,09:09,117.8,117.8,117.8,117.8, 25
04/06/2020,09:11,117.9,117.9,117.9,117.9, 52
04/06/2020,09:15,117.5,117.7,117.5,117.5, 203
04/06/2020,09:23,117.2,117.7,117.2,117.7, 180
04/06/2020,09:25,117.6,117.7,117.6,117.7, 59
04/06/2020,09:26,117.5,117.5,117.5,117.5, 3
04/06/2020,09:27,117.6,117.7,117.6,117.7, 125
04/06/2020,09:28,117.6,117.6,117.6,117.6, 42
04/06/2020,09:30,117.7,117.7,117.7,117.7, 2
04/06/2020,09:32,117.7,117.7,117.7,117.7, 15
04/06/2020,09:39,117.3,117.3,117.3,117.3, 11
04/06/2020,09:42,117.3,117.3,117.2,117.2, 62
04/06/2020,09:43,117,117,116.9,116.9, 95
04/06/2020,09:44,117.1,117.1,117.1,117.1, 72
04/06/2020,09:46,117.2,117.2,117.2,117.2, 45
04/06/2020,09:52,117.2,117.3,117.2,117.3, 72
04/06/2020,09:53,117.3,117.3,117.3,117.3, 10
04/06/2020,09:55,117.4,117.4,117.4,117.4, 59
04/06/2020,09:55,117.4,117.4,117.4,117.4, 39
04/06/2020,09:57,117.5,117.5,117.5,117.5, 42
04/06/2020,10:00,117.7,117.7,117.5,117.5, 361
04/06/2020,10:03,117.5,117.5,117.5,117.5, 10
04/06/2020,10:05,117.4,117.5,117.4,117.5, 122
04/06/2020,10:08,117.4,117.4,117.4,117.4, 43
04/06/2020,10:10,117.2,117.2,117.2,117.2, 45
04/06/2020,10:14,117,117,117,117, 32
04/06/2020,10:15,116.9,116.9,116.8,116.8, 23
04/06/2020,10:16,117.1,117.1,117.1,117.1, 100
04/06/2020,10:17,117.1,117.1,117.1,117.1, 7
04/06/2020,10:19,117.2,117.2,117.2,117.2, 4
04/06/2020,10:21,117.3,117.3,117.3,117.3, 61
04/06/2020,10:23,117.5,117.5,117.5,117.5, 50
04/06/2020,10:25,117.4,117.4,117.4,117.4, 1
04/06/2020,10:27,117.5,117.5,117.5,117.5, 70
04/06/2020,10:32,117.3,117.3,117,117.1, 720
04/06/2020,10:35,117.1,117.1,117.1,117.1, 23
04/06/2020,10:36,116.9,116.9,116.9,116.9, 10
04/06/2020,10:37,116.8,116.8,116.8,116.8, 10
04/06/2020,10:47,116.8,116.9,116.8,116.9, 162
04/06/2020,10:58,117.1,117.1,117.1,117.1, 45
04/06/2020,11:00,117.2,117.2,117.1,117.1, 150
04/06/2020,11:01,117.2,117.3,117.2,117.2, 123
04/06/2020,11:04,117.4,117.4,117.4,117.4, 183
04/06/2020,11:05,117.3,117.4,117.2,117.2, 58
04/06/2020,11:07,117.4,117.4,117.4,117.4, 8
04/06/2020,11:12,117.2,117.2,117.2,117.2, 59
04/06/2020,11:13,117.4,117.4,117.4,117.4, 75
04/06/2020,11:16,117.3,117.3,117.3,117.3, 69
04/06/2020,11:23,117.5,117.5,117.5,117.5, 15
04/06/2020,11:26,117.4,117.4,117.4,117.4, 21
04/06/2020,11:28,117.5,117.5,117.5,117.5, 30
04/06/2020,11:30,117.5,117.6,117.4,117.4, 260
04/06/2020,11:38,117.5,117.5,117.5,117.5, 132
04/06/2020,11:39,117.5,117.5,117.4,117.4, 42
04/06/2020,11:41,117.4,117.4,117.4,117.4, 85
04/06/2020,11:45,117.5,117.5,117.5,117.5, 99
04/06/2020,11:48,117.7,117.7,117.7,117.7, 16
04/06/2020,11:51,117.9,118.1,117.9,118, 309
04/06/2020,11:54,118.2,118.2,117.9,117.9, 312
04/06/2020,11:55,117.7,117.7,117.7,117.7, 2
04/06/2020,11:57,117.8,117.8,117.8,117.8, 21
04/06/2020,12:07,117.7,117.7,117.7,117.7, 88
04/06/2020,12:10,117.7,117.8,117.7,117.8, 120
04/06/2020,12:11,117.8,117.8,117.8,117.8, 34
04/06/2020,12:12,117.6,117.6,117.6,117.6, 79
04/06/2020,12:19,117.7,117.7,117.7,117.7, 29
04/06/2020,12:23,117.6,117.8,117.5,117.8, 346
04/06/2020,12:29,118,118,118,118, 40
04/06/2020,12:34,117.8,117.8,117.7,117.7, 230
04/06/2020,12:40,117.6,117.6,117.6,117.6, 43
04/06/2020,12:43,117.7,117.7,117.7,117.7, 74
04/06/2020,12:48,117.6,117.6,117.6,117.6, 15
04/06/2020,12:54,117.7,117.7,117.7,117.7, 23
04/06/2020,12:56,117.7,117.7,117.7,117.7, 75
04/06/2020,13:00,117.5,117.5,117.5,117.5, 13
04/06/2020,13:07,117.4,117.4,117.3,117.3, 34
04/06/2020,13:07,117.2,117.2,117.2,117.2, 8
04/06/2020,13:16,117.3,117.3,117,117, 243
04/06/2020,13:19,116.9,116.9,116.9,116.9, 101
04/06/2020,13:20,116.9,116.9,116.9,116.9, 124
04/06/2020,13:22,116.9,116.9,116.9,116.9, 32
04/06/2020,13:25,116.8,116.8,116.7,116.7, 110
04/06/2020,13:26,116.6,116.6,116.6,116.6, 38
04/06/2020,13:31,116.7,116.7,116.7,116.7, 70
04/06/2020,13:35,116.7,116.7,116.7,116.7, 10
04/06/2020,13:36,116.7,116.8,116.7,116.8, 198
04/06/2020,13:41,116.9,116.9,116.9,116.9, 34
04/06/2020,13:44,117.2,117.2,117.2,117.2, 158
04/06/2020,13:45,117.1,117.1,117.1,117.1, 4
04/06/2020,13:46,117.1,117.1,117.1,117.1, 4
04/06/2020,13:47,117.1,117.2,117.1,117.1, 137
04/06/2020,13:56,116.7,117,116.6,116.6, 713
04/06/2020,13:57,116.7,116.7,116.7,116.7, 144
04/06/2020,13:59,116.8,116.8,116.8,116.8, 30
04/06/2020,14:03,116.8,116.8,116.8,116.8, 62
04/06/2020,14:04,116.8,117,116.8,117, 400
04/06/2020,14:07,116.6,116.6,116.6,116.6, 4
04/06/2020,14:10,116.7,116.7,116.7,116.7, 25
04/06/2020,14:11,116.7,116.7,116.7,116.7, 6
04/06/2020,14:15,116.7,116.7,116.7,116.7, 48
04/06/2020,14:18,116.8,116.8,116.8,116.8, 7
04/06/2020,14:18,116.8,116.8,116.8,116.8, 10
04/06/2020,14:21,116.8,116.8,116.8,116.8, 36
04/06/2020,14:22,117,117,117,117, 40
04/06/2020,14:28,117,117.1,117,117.1, 65
04/06/2020,14:31,116.8,116.8,116.8,116.8, 17
04/06/2020,14:43,116.9,116.9,116.9,116.9, 76
04/06/2020,14:44,117,117.1,117,117.1, 100
04/06/2020,14:49,116.9,116.9,116.9,116.9, 40
04/06/2020,14:56,117,117,117,117, 21
04/06/2020,14:58,116.8,116.8,116.8,116.8, 108
04/06/2020,15:00,117,117,117,117, 50
04/06/2020,15:01,116.9,116.9,116.9,116.9, 19
04/06/2020,15:02,116.9,116.9,116.9,116.9, 18
04/06/2020,15:03,116.9,116.9,116.9,116.9, 8
04/06/2020,15:05,116.9,116.9,116.9,116.9, 18
04/06/2020,15:09,117,117,117,117, 89
04/06/2020,15:10,117,117.1,117,117.1, 194
04/06/2020,15:12,117,117,117,117, 149
04/06/2020,15:22,117.1,117.2,117.1,117.2, 176
04/06/2020,15:26,117.2,117.2,117.2,117.2, 294
04/06/2020,15:30,117.2,117.2,117.2,117.2, 135
04/06/2020,15:31,117.2,117.2,117.2,117.2, 83
04/06/2020,15:32,117.3,117.3,117.2,117.3, 315
04/06/2020,15:35,117.3,117.3,117.3,117.3, 70
04/06/2020,15:36,117.2,117.2,117.2,117.2, 48
04/06/2020,15:37,117.2,117.2,117.2,117.2, 30
04/06/2020,15:38,117.4,117.4,117.3,117.3, 100
04/06/2020,15:41,117.4,117.4,117.4,117.4, 121
04/06/2020,15:42,117.5,117.5,117.5,117.5, 89
04/06/2020,15:47,117.7,117.7,117.7,117.7, 30
04/06/2020,15:50,117.8,117.8,117.6,117.6, 108
04/06/2020,15:52,117.6,117.6,117.6,117.6, 162
04/06/2020,15:53,117.6,117.7,117.6,117.7, 85
04/06/2020,16:01,117.7,117.8,117.6,117.8, 169
04/06/2020,16:03,117.6,117.7,117.6,117.7, 109
04/06/2020,16:07,117.7,117.7,117.7,117.7, 25
04/06/2020,16:07,117.5,117.5,117.5,117.5, 109
04/06/2020,16:08,117.5,117.5,117.5,117.5, 2
04/06/2020,16:11,117.4,117.4,117.4,117.4, 26
04/06/2020,16:16,117.7,117.7,117.7,117.7, 25
04/06/2020,16:18,117.7,117.7,117.7,117.7, 56
04/06/2020,16:20,117.8,117.8,117.8,117.8, 17
04/06/2020,16:20,117.8,117.8,117.8,117.8, 82
04/06/2020,16:24,117.8,117.8,117.8,117.8, 4
04/06/2020,16:25,117.8,117.9,117.8,117.9, 234
04/06/2020,16:26,118,118.1,118,118.1, 122
04/06/2020,16:28,118.3,118.3,118.3,118.3, 40
04/06/2020,16:29,118.1,118.1,118.1,118.1, 83
04/06/2020,16:30,118.1,118.1,118.1,118.1, 56
04/06/2020,16:32,118.1,118.1,118,118, 64
04/06/2020,16:34,118,118,117.9,117.9, 104
04/06/2020,16:35,118,118,118,118, 40
04/06/2020,16:35,118.2,118.3,118.1,118.3, 200
04/06/2020,16:37,117.9,117.9,117.9,117.9, 35
04/06/2020,16:44,117.8,117.8,117.8,117.8, 9
04/06/2020,16:44,118,118,117.8,118, 207
04/06/2020,16:46,118,118,117.9,117.9, 121
04/06/2020,16:47,118,118,118,118, 17
04/06/2020,16:47,118,118,118,118, 15
04/06/2020,16:48,117.8,117.8,117.8,117.8, 76
04/06/2020,16:52,117.8,117.8,117.8,117.8, 29
04/06/2020,16:53,118,118,118,118, 27
04/06/2020,16:54,118.1,118.1,118.1,118.1, 40
04/06/2020,16:57,118,118,118,118, 84
04/06/2020,17:04,118.3,118.4,118.3,118.4, 37
04/06/2020,17:07,118.1,118.2,118.1,118.2, 66
04/06/2020,17:12,118,118,118,118, 108
04/06/2020,17:14,118.2,118.2,118.2,118.2, 9
04/06/2020,17:17,118.2,118.2,118.2,118.2, 5
04/06/2020,17:20,118.3,118.3,118.3,118.3, 70
04/06/2020,17:21,118.2,118.2,118,118, 178
04/06/2020,17:24,117.9,118.1,117.9,118.1, 74
04/06/2020,17:25,117.9,117.9,117.9,117.9, 107
04/06/2020,17:26,117.8,117.8,117.8,117.8, 5
04/06/2020,17:28,118,118,117.8,117.8, 42
04/06/2020,17:30,117.8,118,117.8,118, 111
04/06/2020,17:30,117.9,118,117.8,118, 67
04/06/2020,17:36,117.7,117.7,117.7,117.7, 4027
04/07/2020,09:01,119.7,119.7,118.8,119.7, 1311
04/07/2020,09:03,119.8,120.6,119.7,120, 3382
04/07/2020,09:04,120,120,118.4,120, 1663
04/07/2020,09:06,120.3,120.4,119.9,120, 250
04/07/2020,09:07,119.6,119.6,119.4,119.4, 83
04/07/2020,09:08,119.1,119.1,118.6,118.6, 178
04/07/2020,09:09,118.5,118.5,118.4,118.5, 194
04/07/2020,09:10,118.4,118.4,117.6,117.6, 685
04/07/2020,09:11,117.9,118.3,117.8,118.3, 438
04/07/2020,09:12,118,118.1,118,118.1, 42
04/07/2020,09:14,118.1,118.4,118.1,118.4, 320
04/07/2020,09:15,118.7,118.7,118.7,118.7, 40
04/07/2020,09:17,119,119,119,119, 81
04/07/2020,09:19,118.7,118.7,118.7,118.7, 36
04/07/2020,09:20,119.1,119.3,119.1,119.3, 665
04/07/2020,09:22,119.6,119.6,119.6,119.6, 114
04/07/2020,09:24,119.7,119.9,119.7,119.9, 336
04/07/2020,09:25,119.8,120,119.6,119.9, 599
04/07/2020,09:25,120,120,120,120, 14
04/07/2020,09:28,119.8,120,119.8,120, 102
04/07/2020,09:29,120.2,120.2,120.2,120.2, 27
04/07/2020,09:30,120.2,120.2,120.2,120.2, 61
04/07/2020,09:32,119.9,119.9,119.9,119.9, 8
04/07/2020,09:33,120.2,120.2,120.2,120.2, 30
04/07/2020,09:33,120.2,120.2,120.2,120.2, 20
04/07/2020,09:37,120.2,120.2,120.2,120.2, 23
04/07/2020,09:38,120.2,120.3,120.1,120.1, 106
04/07/2020,09:39,120.2,120.4,120.2,120.4, 321
04/07/2020,09:40,120.5,120.5,120.1,120.1, 82
04/07/2020,09:41,120,120,119.9,119.9, 73
04/07/2020,09:42,119.8,119.8,119.4,119.4, 98
04/07/2020,09:42,119.5,119.5,119.5,119.5, 24
04/07/2020,09:44,119.5,119.7,119.5,119.7, 114
04/07/2020,09:45,119.7,119.7,119.7,119.7, 30
04/07/2020,09:47,119.7,120.1,119.7,120.1, 683
04/07/2020,09:48,120,120.2,120,120.2, 139
04/07/2020,09:49,120.2,120.4,120.2,120.4, 57
04/07/2020,09:50,120.4,120.4,120.4,120.4, 42
04/07/2020,09:54,120.4,120.4,120.2,120.3, 170
04/07/2020,09:55,120.2,120.4,119.6,119.6, 501
04/07/2020,09:58,119.7,119.8,119.6,119.6, 183
04/07/2020,09:58,119.5,119.5,119.5,119.5, 25
04/07/2020,10:00,119.5,119.5,119.5,119.5, 11
04/07/2020,10:04,119.3,119.3,119.3,119.3, 221
04/07/2020,10:05,119.5,119.5,119.5,119.5, 90
04/07/2020,10:06,119.5,119.5,119.5,119.5, 5
04/07/2020,10:08,119.5,119.5,119.4,119.4, 47
04/07/2020,10:10,119.6,119.6,119.6,119.6, 95
04/07/2020,10:12,119.3,119.3,119.3,119.3, 46
04/07/2020,10:13,119.5,119.5,119.5,119.5, 100
04/07/2020,10:14,119.5,119.5,119.3,119.3, 28
04/07/2020,10:18,119.4,119.4,119.4,119.4, 20
04/07/2020,10:18,119.1,119.1,119.1,119.1, 6
04/07/2020,10:20,119.2,119.2,119.2,119.2, 26
04/07/2020,10:20,119.2,119.2,119.2,119.2, 5
04/07/2020,10:22,119,119,118.9,118.9, 152
04/07/2020,10:23,118.8,119,118.8,119, 69
04/07/2020,10:24,118.9,118.9,118.8,118.8, 63
04/07/2020,10:27,118.5,118.7,118.5,118.7, 191
04/07/2020,10:28,118.7,118.7,118.7,118.7, 40
04/07/2020,10:30,118.7,118.8,118.7,118.8, 329
04/07/2020,10:30,118.8,118.8,118.8,118.8, 11
04/07/2020,10:32,118.9,118.9,118.9,118.9, 8
04/07/2020,10:33,118.7,118.7,118.7,118.7, 80
04/07/2020,10:35,118.9,118.9,118.9,118.9, 39
04/07/2020,10:36,118.9,118.9,118.9,118.9, 200
04/07/2020,10:39,118.9,118.9,118.7,118.9, 118
04/07/2020,10:39,118.7,118.7,118.7,118.7, 80
04/07/2020,10:41,118.6,118.6,118.6,118.6, 181
04/07/2020,10:41,118.6,118.6,118.6,118.6, 17
04/07/2020,10:43,118.5,118.5,118.4,118.4, 144
04/07/2020,10:45,118.5,118.5,118.5,118.5, 150
04/07/2020,10:46,118.4,118.4,118.4,118.4, 103
04/07/2020,10:48,118.2,118.2,117.5,117.7, 1442
04/07/2020,10:49,117.5,117.5,117.5,117.5, 113
04/07/2020,10:50,117.5,117.7,117.5,117.5, 86
04/07/2020,10:50,117.3,117.3,117.3,117.3, 40
04/07/2020,10:53,117.2,117.2,117.2,117.2, 31
04/07/2020,10:54,117.3,117.3,117.2,117.3, 71
04/07/2020,10:55,117.3,117.3,117.1,117.1, 171
04/07/2020,10:56,117.3,117.4,117.2,117.2, 370
04/07/2020,10:59,117.3,117.5,117.3,117.5, 144
04/07/2020,11:00,117.5,117.5,117.5,117.5, 71
04/07/2020,11:01,117.6,117.8,117.6,117.8, 188
04/07/2020,11:02,117.8,117.8,117.8,117.8, 20
04/07/2020,11:03,118,118,118,118, 31
04/07/2020,11:06,118.1,118.1,118,118, 197
04/07/2020,11:07,118,118.2,118,118.2, 87
04/07/2020,11:08,118,118,118,118, 10
04/07/2020,11:09,118.4,118.6,118.2,118.2, 635
04/07/2020,11:10,118,118,117.7,117.7, 131
04/07/2020,11:11,117.5,117.6,117.5,117.6, 205
04/07/2020,11:11,117.3,117.3,117.3,117.3, 18
04/07/2020,11:13,117.3,117.3,117.3,117.3, 57
04/07/2020,11:15,117.1,117.1,117.1,117.1, 174
04/07/2020,11:16,117.2,117.3,117.2,117.3, 13
04/07/2020,11:17,117,117,117,117, 155
04/07/2020,11:20,117.2,117.2,116.8,116.8, 497
04/07/2020,11:23,116.8,116.8,116.8,116.8, 109
04/07/2020,11:24,116.9,117.1,116.9,117.1, 649
04/07/2020,11:24,117.2,117.2,117.2,117.2, 160
04/07/2020,11:27,117.5,117.5,117.4,117.4, 91
04/07/2020,11:28,117.6,117.6,117.6,117.6, 45
04/07/2020,11:29,117.6,117.6,117.5,117.5, 140
04/07/2020,11:30,117.5,117.6,117.5,117.6, 59
04/07/2020,11:34,117.8,118,117.7,118, 235
04/07/2020,11:35,118.1,118.1,118,118, 35
04/07/2020,11:39,118.2,118.2,118.2,118.2, 133
04/07/2020,11:40,118.1,118.1,118.1,118.1, 47
04/07/2020,11:49,118.4,118.4,118.4,118.4, 97
04/07/2020,11:54,118.3,118.3,118.3,118.3, 109
04/07/2020,12:04,118.5,118.7,118.5,118.6, 285
04/07/2020,12:12,118.7,118.7,118.7,118.7, 30
04/07/2020,12:13,118.6,118.7,118.6,118.7, 122
04/07/2020,12:14,118.9,118.9,118.9,118.9, 8
04/07/2020,12:14,118.9,118.9,118.9,118.9, 29
04/07/2020,12:16,119,119,118.9,118.9, 114
04/07/2020,12:17,118.8,119,118.8,118.9, 158
04/07/2020,12:17,118.8,118.8,118.7,118.7, 143
04/07/2020,12:20,118.8,118.8,118.8,118.8, 68
04/07/2020,12:24,118.7,118.7,118.7,118.7, 52
04/07/2020,12:29,118.6,118.6,118.6,118.6, 14
04/07/2020,12:31,118.7,118.7,118.7,118.7, 13
04/07/2020,12:35,118.5,118.5,118.5,118.5, 12
04/07/2020,12:40,118.5,118.6,118.5,118.5, 96
04/07/2020,12:42,118.4,118.4,118.4,118.4, 33
04/07/2020,12:43,118.3,118.3,118.3,118.3, 30
04/07/2020,12:45,118.3,118.3,118.3,118.3, 9
04/07/2020,12:48,118.3,118.3,118.3,118.3, 28
04/07/2020,12:48,118.3,118.3,118.3,118.3, 3
04/07/2020,12:50,118.2,118.2,118.1,118.1, 110
04/07/2020,12:52,118,118,118,118, 42
04/07/2020,12:53,118,118,118,118, 24
04/07/2020,12:55,117.7,117.7,117.7,117.7, 68
04/07/2020,12:57,118,118,118,118, 10
04/07/2020,12:59,117.8,117.8,117.8,117.8, 7
04/07/2020,13:00,117.9,117.9,117.9,117.9, 38
04/07/2020,13:02,118,118,117.8,117.8, 56
04/07/2020,13:02,117.8,117.8,117.8,117.8, 52
04/07/2020,13:05,117.7,117.7,117.7,117.7, 2
04/07/2020,13:09,117.6,117.6,117.6,117.6, 32
04/07/2020,13:10,117.9,118.5,117.7,117.7, 2502
04/07/2020,13:10,117.7,117.7,117.6,117.6, 107
04/07/2020,13:16,117.8,117.8,117.8,117.8, 65
04/07/2020,13:18,117.8,117.8,117.8,117.8, 10
04/07/2020,13:23,117.9,117.9,117.9,117.9, 52
04/07/2020,13:29,118.1,118.1,118.1,118.1, 15
04/07/2020,13:30,118.2,118.2,118.2,118.2, 83
04/07/2020,13:31,118.2,118.2,118.2,118.2, 2
04/07/2020,13:38,118.2,118.2,118.2,118.2, 79
04/07/2020,13:41,118.2,118.2,118,118, 125
04/07/2020,13:47,117.9,117.9,117.9,117.9, 11
04/07/2020,13:50,118,118,118,118, 30
04/07/2020,13:53,118,118,118,118, 51
04/07/2020,13:54,118,118,118,118, 19
04/07/2020,13:56,118,118,117.9,117.9, 61
04/07/2020,13:58,117.9,117.9,117.9,117.9, 5
04/07/2020,13:59,117.9,117.9,117.8,117.8, 75
04/07/2020,14:02,118,118.2,118,118.2, 211
04/07/2020,14:04,118.2,118.2,118.2,118.2, 14
04/07/2020,14:06,118.3,118.4,118.3,118.3, 133
04/07/2020,14:10,118.3,118.3,118.3,118.3, 5
04/07/2020,14:14,118.4,118.4,118.4,118.4, 70
04/07/2020,14:15,118.5,118.5,118.5,118.5, 83
04/07/2020,14:16,118.6,118.6,118.6,118.6, 60
04/07/2020,14:21,118.6,118.6,118.6,118.6, 110
04/07/2020,14:23,118.5,118.5,118.5,118.5, 87
04/07/2020,14:25,118.5,118.5,118.5,118.5, 27
04/07/2020,14:26,118.4,118.4,118.4,118.4, 130
04/07/2020,14:31,118.3,118.4,118.3,118.4, 50
04/07/2020,14:32,118.2,118.2,118.1,118.2, 181
04/07/2020,14:33,118.4,118.4,118.4,118.4, 213
04/07/2020,14:35,118.4,118.4,118.4,118.4, 35
04/07/2020,14:36,118.6,118.6,118.6,118.6, 8
04/07/2020,14:39,118.6,118.6,118.6,118.6, 45
04/07/2020,14:40,118.5,118.6,118.5,118.5, 275
04/07/2020,14:41,118.6,118.7,118.6,118.7, 188
04/07/2020,14:41,118.8,118.8,118.8,118.8, 4
04/07/2020,14:44,118.8,118.8,118.8,118.8, 21
04/07/2020,14:44,118.8,118.8,118.8,118.8, 25
04/07/2020,14:46,118.6,118.6,118.6,118.6, 141
04/07/2020,14:48,118.6,118.6,118.6,118.6, 25
04/07/2020,14:49,118.6,118.6,118.6,118.6, 7
04/07/2020,14:49,118.6,118.6,118.6,118.6, 32
04/07/2020,14:51,118.5,118.5,118.5,118.5, 87
04/07/2020,14:53,118.5,118.5,118.5,118.5, 32
04/07/2020,14:54,118.4,118.4,118.4,118.4, 17
04/07/2020,14:56,118.4,118.5,118.4,118.5, 113
04/07/2020,14:59,118.4,118.4,118.4,118.4, 10
04/07/2020,15:01,118.4,118.4,118.4,118.4, 43
04/07/2020,15:02,118.7,118.7,118.5,118.5, 124
04/07/2020,15:05,118.4,118.4,118.4,118.4, 12
04/07/2020,15:06,118.4,118.4,118.4,118.4, 67
04/07/2020,15:07,118.4,118.4,118.4,118.4, 12
04/07/2020,15:08,118.4,118.4,118.4,118.4, 38
04/07/2020,15:11,118.3,118.3,118.3,118.3, 47
04/07/2020,15:11,118.3,118.3,118.3,118.3, 64
04/07/2020,15:16,118.2,118.3,118.2,118.3, 69
04/07/2020,15:17,118.3,118.3,118.3,118.3, 14
04/07/2020,15:18,118.5,118.5,118.3,118.3, 79
04/07/2020,15:20,118.2,118.2,118.2,118.2, 40
04/07/2020,15:22,118.2,118.2,118.2,118.2, 16
04/07/2020,15:24,118.1,118.1,118.1,118.1, 47
04/07/2020,15:26,118.2,118.2,118.2,118.2, 59
04/07/2020,15:27,118.3,118.3,118.3,118.3, 3
04/07/2020,15:28,118.1,118.1,118.1,118.1, 26
04/07/2020,15:31,118.1,118.1,118.1,118.1, 66
04/07/2020,15:32,118.1,118.1,118.1,118.1, 9
04/07/2020,15:34,118,118,118,118, 92
04/07/2020,15:36,117.6,117.6,117.6,117.6, 15
04/07/2020,15:37,117.7,117.7,117.7,117.7, 51
04/07/2020,15:38,117.6,117.8,117.6,117.6, 106
04/07/2020,15:39,117.6,117.6,117.6,117.6, 38
04/07/2020,15:42,117.5,117.5,117.5,117.5, 66
04/07/2020,15:42,117.5,117.5,117.5,117.5, 69
04/07/2020,15:43,117.5,117.5,117.5,117.5, 15
04/07/2020,15:43,117.6,117.6,117.6,117.6, 7
04/07/2020,15:45,117.5,117.5,117.5,117.5, 35
04/07/2020,15:45,117.4,117.4,117.4,117.4, 40
04/07/2020,15:46,117.4,117.4,117.4,117.4, 44
04/07/2020,15:47,117.4,117.5,117.4,117.5, 66
04/07/2020,15:48,117.7,117.7,117.7,117.7, 134
04/07/2020,15:49,117.7,117.7,117.7,117.7, 41
04/07/2020,15:49,117.8,117.8,117.8,117.8, 65
04/07/2020,15:52,118,118,117.8,117.8, 12
04/07/2020,15:52,117.9,117.9,117.9,117.9, 20
04/07/2020,15:52,117.8,117.8,117.8,117.8, 37
04/07/2020,15:53,117.7,117.7,117.7,117.7, 26
04/07/2020,15:54,117.7,117.7,117.7,117.7, 32
04/07/2020,15:57,117.5,117.5,117.4,117.4, 89
04/07/2020,15:59,117.4,117.4,117.4,117.4, 40
04/07/2020,16:00,117.4,117.4,117.4,117.4, 17
04/07/2020,16:00,117.3,117.3,117.3,117.3, 35
04/07/2020,16:01,117.3,117.5,117.3,117.5, 162
04/07/2020,16:02,117.3,117.3,117.3,117.3, 12
04/07/2020,16:03,117.3,117.3,117.3,117.3, 26
04/07/2020,16:05,117.2,117.2,117.2,117.2, 19
04/07/2020,16:06,117.2,117.4,117.2,117.4, 181
04/07/2020,16:06,117.5,117.7,117.5,117.7, 150
04/07/2020,16:07,117.5,117.5,117.5,117.5, 80
04/07/2020,16:08,117.7,117.7,117.7,117.7, 10
04/07/2020,16:09,117.4,117.4,117.4,117.4, 42
04/07/2020,16:09,117.5,117.5,117.5,117.5, 131
04/07/2020,16:10,117.5,117.5,117.5,117.5, 17
04/07/2020,16:11,117.5,117.5,117.5,117.5, 55
04/07/2020,16:11,117.3,117.3,117.3,117.3, 57
04/07/2020,16:13,117.3,117.3,117.3,117.3, 43
04/07/2020,16:14,117.4,117.5,117.4,117.5, 381
04/07/2020,16:15,117.4,117.4,117.4,117.4, 10
04/07/2020,16:16,117.4,117.6,117.4,117.6, 133
04/07/2020,16:17,117.7,117.7,117.7,117.7, 18
04/07/2020,16:18,117.9,117.9,117.9,117.9, 80
04/07/2020,16:19,117.9,117.9,117.9,117.9, 31
04/07/2020,16:19,118.1,118.1,118,118, 104
04/07/2020,16:24,118,118,118,118, 135
04/07/2020,16:25,117.9,117.9,117.9,117.9, 41
04/07/2020,16:28,117.8,117.8,117.8,117.8, 69
04/07/2020,16:28,117.8,117.8,117.8,117.8, 63
04/07/2020,16:29,117.7,117.7,117.7,117.7, 6
04/07/2020,16:29,117.8,117.8,117.8,117.8, 111
04/07/2020,16:31,117.8,117.8,117.8,117.8, 69
04/07/2020,16:33,117.6,117.6,117.6,117.6, 56
04/07/2020,16:35,117.8,117.9,117.8,117.9, 224
04/07/2020,16:37,117.7,117.7,117.7,117.7, 40
04/07/2020,16:41,117.6,117.6,117.6,117.6, 69
04/07/2020,16:43,117.6,117.6,117.6,117.6, 27
04/07/2020,16:45,117.5,117.5,117.5,117.5, 34
04/07/2020,16:45,117.6,117.6,117.6,117.6, 40
04/07/2020,16:47,117.6,117.6,117.6,117.6, 10
04/07/2020,16:48,117.4,117.4,117.4,117.4, 25
04/07/2020,16:48,117.5,117.6,117.5,117.6, 285
04/07/2020,16:49,117.4,117.4,117.4,117.4, 39
04/07/2020,16:53,117.5,117.5,117.5,117.5, 5
04/07/2020,16:54,117.4,117.4,117.4,117.4, 92
04/07/2020,16:54,117.5,117.5,117.5,117.5, 32
04/07/2020,16:55,117.3,117.3,117.3,117.3, 66
04/07/2020,16:56,117.3,117.3,117.3,117.3, 75
04/07/2020,17:02,117.4,117.4,117.4,117.4, 159
04/07/2020,17:04,117.5,117.5,117.5,117.5, 91
04/07/2020,17:07,117.5,117.5,117.5,117.5, 48
04/07/2020,17:09,117.6,117.9,117.6,117.9, 347
04/07/2020,17:11,117.9,117.9,117.9,117.9, 73
04/07/2020,17:13,117.8,117.8,117.8,117.8, 119
04/07/2020,17:14,117.7,117.7,117.7,117.7, 60
04/07/2020,17:17,117.7,117.7,117.7,117.7, 44
04/07/2020,17:18,117.8,117.9,117.8,117.9, 251
04/07/2020,17:20,118,118,117.8,117.8, 274
04/07/2020,17:21,117.8,117.8,117.8,117.8, 95
04/07/2020,17:23,117.8,117.8,117.8,117.8, 25
04/07/2020,17:24,117.8,117.8,117.8,117.8, 7
04/07/2020,17:25,117.8,117.8,117.8,117.8, 32
04/07/2020,17:27,117.8,117.8,117.8,117.8, 101
04/07/2020,17:28,117.9,118.1,117.9,118, 266
04/07/2020,17:30,118,118,117.9,117.9, 189
04/07/2020,17:36,117.7,117.7,117.7,117.7, 10900
04/08/2020,09:01,118.6,118.6,118.6,118.6, 749
04/08/2020,09:03,118.1,118.1,118.1,118.1, 40
04/08/2020,09:05,118.5,118.5,118.5,118.5, 13
04/08/2020,09:06,118.5,118.5,118.5,118.5, 6
04/08/2020,09:08,118.3,118.3,117.8,117.8, 182
04/08/2020,09:10,117.9,117.9,117.9,117.9, 7
04/08/2020,09:12,118,118.1,118,118.1, 78
04/08/2020,09:18,118.5,118.5,118.5,118.5, 30
04/08/2020,09:22,118.7,119.1,118.7,118.9, 352
04/08/2020,09:26,119.1,119.3,119.1,119.3, 60
04/08/2020,09:28,119.4,119.4,119.4,119.4, 138
04/08/2020,09:30,118.9,118.9,118.9,118.9, 74
04/08/2020,09:31,118.7,118.7,118.4,118.5, 204
04/08/2020,09:32,118.5,118.5,118.5,118.5, 50
04/08/2020,09:38,118.4,118.4,118.4,118.4, 33
04/08/2020,09:39,118.4,118.4,118.4,118.4, 54
04/08/2020,09:46,118.5,118.5,118.5,118.5, 18
04/08/2020,09:52,118.5,118.8,118.5,118.8, 114
04/08/2020,09:55,118.8,118.8,118.8,118.8, 7
04/08/2020,10:02,119,119,119,119, 81
04/08/2020,10:04,119.4,119.4,119.4,119.4, 1
04/08/2020,10:09,119.7,119.7,119.7,119.7, 82
04/08/2020,10:11,119.7,119.7,119.7,119.7, 25
04/08/2020,10:13,119.8,119.8,119.8,119.8, 12
04/08/2020,10:17,119.6,119.6,119.6,119.6, 79
04/08/2020,10:18,119.6,119.9,119.4,119.8, 662
04/08/2020,10:28,119.4,119.4,119.4,119.4, 25
04/08/2020,10:32,119.3,119.3,119.3,119.3, 40
04/08/2020,10:34,119.3,119.3,119.3,119.3, 29
04/08/2020,10:37,119.2,119.2,119.2,119.2, 66
04/08/2020,10:41,119.3,119.3,119.3,119.3, 78
04/08/2020,10:43,119.3,119.3,119.3,119.3, 80
04/08/2020,10:44,119.4,119.4,119.4,119.4, 2
04/08/2020,10:49,119.5,119.5,119.5,119.5, 6
04/08/2020,10:54,119.5,120,119.5,120, 764
04/08/2020,10:55,120.2,120.2,120.2,120.2, 1
04/08/2020,11:01,120.1,120.1,120.1,120.1, 142
04/08/2020,11:01,120.1,120.1,120.1,120.1, 20
04/08/2020,11:03,119.9,119.9,119.8,119.8, 75
04/08/2020,11:05,120,120,120,120, 217
04/08/2020,11:09,119.8,120,119.8,120, 118
04/08/2020,11:11,119.7,119.7,119.7,119.7, 26
04/08/2020,11:16,119.6,119.6,119.6,119.6, 29
04/08/2020,11:18,119.4,119.4,119.4,119.4, 45
04/08/2020,11:19,119.2,119.2,119.1,119.1, 144
04/08/2020,11:19,119.1,119.1,119.1,119.1, 50
04/08/2020,11:22,119.1,119.1,118.8,118.8, 223
04/08/2020,11:24,118.7,118.7,118.7,118.7, 50
04/08/2020,11:28,118.5,118.5,118.4,118.5, 177
04/08/2020,11:40,118.6,118.6,118.6,118.6, 10
04/08/2020,11:41,118.4,118.4,118.4,118.4, 53
04/08/2020,11:43,118.3,118.3,118.3,118.3, 58
04/08/2020,11:45,118.3,118.3,118.2,118.2, 46
04/08/2020,11:45,118.5,118.5,118.5,118.5, 25
04/08/2020,11:47,118.2,118.2,118.2,118.2, 6
04/08/2020,11:50,118.2,118.5,118.2,118.5, 71
04/08/2020,11:51,118.1,118.1,118.1,118.1, 40
04/08/2020,11:55,118.1,118.1,118.1,118.1, 117
04/08/2020,11:58,118,118,118,118, 40
04/08/2020,12:00,118,118,118,118, 45
04/08/2020,12:03,118,118,118,118, 14
04/08/2020,12:04,118.2,118.2,118.2,118.2, 190
04/08/2020,12:09,118.1,118.1,118.1,118.1, 46
04/08/2020,12:21,118.2,118.2,118.2,118.2, 44
04/08/2020,12:25,118.2,118.2,118.1,118.1, 14
04/08/2020,12:33,118.1,118.1,118.1,118.1, 1
04/08/2020,12:42,118.1,118.2,118.1,118.2, 286
04/08/2020,12:42,118.3,118.3,118.3,118.3, 44
04/08/2020,12:48,118.1,118.2,118.1,118.2, 93
04/08/2020,12:51,118,118,118,118, 199
04/08/2020,13:05,118.1,118.1,118.1,118.1, 31
04/08/2020,13:11,118,118,118,118, 89
04/08/2020,13:12,118,118,118,118, 22
04/08/2020,13:14,118,118,118,118, 81
04/08/2020,13:15,118.1,118.1,118.1,118.1, 6
04/08/2020,13:15,118,118,118,118, 117
04/08/2020,13:17,118,118,118,118, 122
04/08/2020,13:24,118.3,118.3,118.2,118.2, 106
04/08/2020,13:26,118.3,118.3,118.3,118.3, 13
04/08/2020,13:31,118.1,118.1,118.1,118.1, 42
04/08/2020,13:31,117.9,117.9,117.9,117.9, 15
04/08/2020,13:34,118,118,117.9,117.9, 52
04/08/2020,13:38,117.8,117.8,117.8,117.8, 40
04/08/2020,13:50,118,118,118,118, 21
04/08/2020,13:56,118,118,118,118, 99
04/08/2020,14:12,118.2,118.4,118.2,118.4, 277
04/08/2020,14:13,118.2,118.2,118.2,118.2, 134
04/08/2020,14:16,118.3,118.3,118.3,118.3, 85
04/08/2020,14:17,118.2,118.2,118.1,118.1, 40
04/08/2020,14:18,118.2,118.2,118.2,118.2, 134
04/08/2020,14:19,118.2,118.2,118.2,118.2, 24
04/08/2020,14:20,118.2,118.2,118.2,118.2, 40
04/08/2020,14:21,118.2,118.2,118.2,118.2, 24
04/08/2020,14:24,118.3,118.4,118.2,118.2, 409
04/08/2020,14:35,118.3,118.3,118.3,118.3, 32
04/08/2020,14:41,118.3,118.3,118.3,118.3, 121
04/08/2020,14:44,118.3,118.3,118.3,118.3, 41
04/08/2020,14:55,118.4,118.4,118.3,118.3, 103
04/08/2020,14:57,118.2,118.2,118.2,118.2, 3
04/08/2020,15:02,118.3,118.3,118.3,118.3, 93
04/08/2020,15:10,118.4,118.5,118.4,118.5, 212
04/08/2020,15:13,118.6,118.6,118.6,118.6, 20
04/08/2020,15:16,118.6,118.6,118.6,118.6, 5
04/08/2020,15:19,118.5,118.5,118.5,118.5, 9
04/08/2020,15:21,118.6,118.6,118.6,118.6, 25
04/08/2020,15:21,118.6,118.6,118.6,118.6, 20
04/08/2020,15:24,118.6,118.6,118.6,118.6, 14
04/08/2020,15:26,118.6,119.2,118.6,119, 1705
04/08/2020,15:28,119,119.2,119,119.2, 79
04/08/2020,15:30,119.2,119.4,119.2,119.4, 108
04/08/2020,15:35,119.3,119.3,119.3,119.3, 20
04/08/2020,15:35,119.2,119.2,119.2,119.2, 56
04/08/2020,15:37,119.2,119.2,119.1,119.1, 131
04/08/2020,15:38,119,119,118.9,118.9, 64
04/08/2020,15:39,118.9,118.9,118.9,118.9, 125
04/08/2020,15:40,118.8,118.8,118.8,118.8, 92
04/08/2020,15:41,118.9,118.9,118.9,118.9, 170
04/08/2020,15:41,119.1,119.1,119.1,119.1, 2
04/08/2020,15:47,119.2,119.2,119.2,119.2, 5
04/08/2020,15:51,118.8,118.8,118.8,118.8, 117
04/08/2020,15:56,118.6,118.6,118.6,118.6, 54
04/08/2020,16:08,118.8,118.8,118.8,118.8, 30
04/08/2020,16:09,119,119,118.8,118.9, 300
04/08/2020,16:11,118.7,118.7,118.7,118.7, 98
04/08/2020,16:26,119,119,118.9,118.9, 159
04/08/2020,16:28,119,119,119,119, 111
04/08/2020,16:32,119.1,119.1,119.1,119.1, 109
04/08/2020,16:35,119.2,119.2,119.2,119.2, 1
04/08/2020,16:49,119.2,119.2,119.2,119.2, 5
04/08/2020,16:51,119.2,119.2,119.2,119.2, 147
04/08/2020,16:54,119.2,119.2,119.2,119.2, 45
04/08/2020,16:54,119.2,119.2,119.2,119.2, 42
04/08/2020,16:56,119.2,119.2,119.1,119.1, 248
04/08/2020,16:57,119.2,119.2,119.2,119.2, 16
04/08/2020,17:01,119.1,119.1,119,119, 131
04/08/2020,17:02,119,119,119,119, 50
04/08/2020,17:10,118.8,118.8,118.8,118.8, 59
04/08/2020,17:12,119,119,119,119, 127
04/08/2020,17:14,119.1,119.1,119.1,119.1, 188
04/08/2020,17:17,119,119,119,119, 33
04/08/2020,17:20,119.2,119.2,119.2,119.2, 40
04/08/2020,17:20,119.1,119.1,119.1,119.1, 115
04/08/2020,17:22,119.4,119.5,119.4,119.5, 125
04/08/2020,17:24,119.4,119.4,119.4,119.4, 92
04/08/2020,17:27,119.4,119.5,119.4,119.5, 157
04/08/2020,17:28,119.6,119.6,119.6,119.6, 189
04/08/2020,17:30,119.7,119.8,119.6,119.8, 91
04/08/2020,17:36,119.8,119.8,119.8,119.8, 7038
04/09/2020,09:01,121,121,121,121, 1765
04/09/2020,09:01,120.8,120.8,120.8,120.8, 24
04/09/2020,09:02,120.5,120.5,120.5,120.5, 4
04/09/2020,09:07,120.8,121.3,120.8,121.2, 382
04/09/2020,09:07,121.2,121.6,121.2,121.6, 34
04/09/2020,09:08,121.7,121.7,121.7,121.7, 19
04/09/2020,09:11,121.7,121.7,121.7,121.7, 7
04/09/2020,09:12,121.4,121.4,121.4,121.4, 58
04/09/2020,09:18,121.5,121.5,121.5,121.5, 16
04/09/2020,09:24,121.5,121.5,121.5,121.5, 1
04/09/2020,09:25,121.5,121.5,121.5,121.5, 15
04/09/2020,09:26,121.5,121.5,121.5,121.5, 1
04/09/2020,09:30,121.5,121.7,121.2,121.2, 220
04/09/2020,09:33,121.2,121.2,121.2,121.2, 115
04/09/2020,09:34,121.3,121.3,121.3,121.3, 28
04/09/2020,09:36,121.5,121.5,121.5,121.5, 150
04/09/2020,09:37,121.7,121.8,121.6,121.8, 400
04/09/2020,09:39,121.5,121.6,121.5,121.6, 27
04/09/2020,09:39,121.6,121.6,121.6,121.6, 5
04/09/2020,09:41,121.6,121.6,121.5,121.5, 24
04/09/2020,09:43,121.8,121.8,121.8,121.8, 50
04/09/2020,09:44,121.9,121.9,121.9,121.9, 75
04/09/2020,09:46,121.9,121.9,121.9,121.9, 60
04/09/2020,09:48,121.6,121.6,121.6,121.6, 36
04/09/2020,09:50,121.6,121.6,121.6,121.6, 12
04/09/2020,09:52,121.9,122,121.9,122, 150
04/09/2020,09:53,121.7,121.9,121.7,121.9, 53
04/09/2020,09:58,122,122.9,121.9,122.9, 5570
04/09/2020,09:59,122.9,122.9,122.6,122.6, 51
04/09/2020,10:00,122.9,123,122.8,122.8, 35
04/09/2020,10:00,123,123.2,123,123.2, 141
04/09/2020,10:02,123.3,123.5,123.3,123.5, 85
04/09/2020,10:04,123.4,123.4,123.4,123.4, 31
04/09/2020,10:05,123.4,123.4,123.4,123.4, 16
04/09/2020,10:07,123.4,123.5,123.4,123.5, 138
04/09/2020,10:07,123.4,123.4,123.4,123.4, 129
04/09/2020,10:09,123.1,123.6,123.1,123.6, 28
04/09/2020,10:10,123.4,123.4,123.4,123.4, 41
04/09/2020,10:10,123.4,123.4,123.4,123.4, 29
04/09/2020,10:12,123.5,123.5,123.1,123.1, 62
04/09/2020,10:13,123.1,123.1,123.1,123.1, 46
04/09/2020,10:14,123.4,123.6,123.4,123.6, 24
04/09/2020,10:21,123.4,123.4,123.4,123.4, 121
04/09/2020,10:22,123.4,123.4,123.4,123.4, 14
04/09/2020,10:23,123.3,123.3,123.3,123.3, 22
04/09/2020,10:23,123.3,123.3,123.3,123.3, 11
04/09/2020,10:25,123.3,123.3,123.3,123.3, 191
04/09/2020,10:26,123.3,123.3,123.3,123.3, 209
04/09/2020,10:28,123.2,123.4,123.2,123.4, 125
04/09/2020,10:29,123.4,123.5,123.4,123.5, 34
04/09/2020,10:30,123.3,123.3,123.3,123.3, 70
04/09/2020,10:31,123.5,123.5,123.5,123.5, 37
04/09/2020,10:33,123.5,123.5,123.3,123.3, 51
04/09/2020,10:33,123.3,123.3,123.2,123.2, 112
04/09/2020,10:34,123.5,123.5,123.5,123.5, 30
04/09/2020,10:37,123.5,123.5,123.5,123.5, 10
04/09/2020,10:39,123.2,123.2,123.2,123.2, 46
04/09/2020,10:40,123.2,123.4,123.2,123.4, 64
04/09/2020,10:44,123.1,123.1,123.1,123.1, 46
04/09/2020,10:44,123.1,123.1,123.1,123.1, 20
04/09/2020,10:46,123.4,123.4,123.2,123.2, 124
04/09/2020,10:46,123.2,123.2,123.2,123.2, 25
04/09/2020,10:48,123.3,123.4,123.3,123.4, 40
04/09/2020,10:48,123.1,123.1,123.1,123.1, 84
04/09/2020,10:51,123.2,123.2,123.1,123.1, 140
04/09/2020,10:51,123,123,123,123, 49
04/09/2020,10:53,123,123,122.6,122.6, 436
04/09/2020,10:54,122.2,122.2,122.2,122.2, 12
04/09/2020,10:54,122.2,122.2,122.2,122.2, 12
04/09/2020,10:56,122.6,122.6,122.6,122.6, 157
04/09/2020,10:59,122.4,122.6,122.4,122.6, 58
04/09/2020,11:00,122.4,122.4,122.4,122.4, 28
04/09/2020,11:02,122.3,122.3,122.3,122.3, 47
04/09/2020,11:03,122.3,122.3,122.3,122.3, 62
04/09/2020,11:04,122.3,122.3,122.1,122.1, 415
04/09/2020,11:04,122.2,122.3,122.2,122.3, 100
04/09/2020,11:06,122.3,122.3,122.3,122.3, 73
04/09/2020,11:09,122.1,122.1,122.1,122.1, 80
04/09/2020,11:12,122.1,122.1,122.1,122.1, 115
04/09/2020,11:13,122.1,122.1,122,122, 93
04/09/2020,11:15,122,122,122,122, 70
04/09/2020,11:16,122,122,122,122, 43
04/09/2020,11:18,121.9,121.9,121.9,121.9, 76
04/09/2020,11:19,121.8,121.8,121.8,121.8, 42
04/09/2020,11:22,121.7,122,121.7,122, 30
04/09/2020,11:23,121.7,121.7,121.7,121.7, 11
04/09/2020,11:25,121.9,121.9,121.9,121.9, 82
04/09/2020,11:26,122,122,121.7,121.7, 41
04/09/2020,11:28,122,122,122,122, 44
04/09/2020,11:30,122,122,122,122, 23
04/09/2020,11:36,121.9,121.9,121.8,121.8, 29
04/09/2020,11:37,121.9,122.3,121.9,122.3, 370
04/09/2020,11:37,122.6,122.6,122.6,122.6, 3
04/09/2020,11:38,122.4,122.4,122.4,122.4, 24
04/09/2020,11:41,122.3,122.3,122.3,122.3, 31
04/09/2020,11:43,122.2,122.2,122.2,122.2, 12
04/09/2020,11:49,122.3,122.3,122.1,122.1, 64
04/09/2020,11:58,122.1,122.1,122.1,122.1, 51
04/09/2020,11:58,122,122,122,122, 11
04/09/2020,12:01,122.2,122.2,122.1,122.1, 50
04/09/2020,12:06,122.1,122.1,122.1,122.1, 10
04/09/2020,12:08,122.1,122.1,121.9,121.9, 282
04/09/2020,12:11,122,122,122,122, 41
04/09/2020,12:13,122.1,122.1,122.1,122.1, 38
04/09/2020,12:13,122.1,122.1,122.1,122.1, 10
04/09/2020,12:16,122.7,122.7,122.7,122.7, 1
04/09/2020,12:23,122.5,122.5,122.5,122.5, 75
04/09/2020,12:24,122.5,122.5,122.4,122.4, 209
04/09/2020,12:27,122.7,122.7,122.5,122.5, 125
04/09/2020,12:33,122.5,122.5,122.5,122.5, 53
04/09/2020,12:36,122.6,122.8,122.6,122.8, 85
04/09/2020,12:37,122.8,123,122.8,123, 39
04/09/2020,12:39,122.8,122.8,122.8,122.8, 7
04/09/2020,12:40,122.7,122.7,122.7,122.7, 12
04/09/2020,12:40,122.6,122.7,122.4,122.6, 165
04/09/2020,12:48,122.2,122.2,122.2,122.2, 15
04/09/2020,12:49,122.3,122.3,122.3,122.3, 2
04/09/2020,12:52,122.3,122.3,122.3,122.3, 10
04/09/2020,13:02,122.3,122.3,122.3,122.3, 14
04/09/2020,13:11,122.6,122.7,122.6,122.7, 80
04/09/2020,13:11,122.5,122.5,122.5,122.5, 10
04/09/2020,13:29,122.5,122.5,122.5,122.5, 54
04/09/2020,13:30,122.5,122.6,122.4,122.4, 108
04/09/2020,13:30,122.3,122.3,122.3,122.3, 10
04/09/2020,13:34,122.4,122.4,122.4,122.4, 3
04/09/2020,13:36,122.6,122.6,122.6,122.6, 8
04/09/2020,13:38,122.7,122.7,122.7,122.7, 41
04/09/2020,13:45,122.8,122.8,122.8,122.8, 17
04/09/2020,13:50,123,123,123,123, 3
04/09/2020,13:56,122.9,122.9,122.8,122.9, 235
04/09/2020,13:56,122.9,122.9,122.9,122.9, 51
04/09/2020,13:58,122.7,122.7,122.7,122.7, 40
04/09/2020,14:00,122.9,122.9,122.9,122.9, 1
04/09/2020,14:00,122.9,123,122.7,122.7, 94
04/09/2020,14:05,122.7,122.7,122.7,122.7, 65
04/09/2020,14:15,122.5,122.5,122.4,122.4, 73
04/09/2020,14:19,122.4,122.4,122.4,122.4, 51
04/09/2020,14:31,122.6,122.6,122.5,122.5, 75
04/09/2020,14:32,122.7,122.7,122.7,122.7, 17
04/09/2020,14:34,122.8,122.8,122.8,122.8, 137
04/09/2020,14:39,122.7,122.7,122.7,122.7, 70
04/09/2020,14:41,122.6,122.6,122.6,122.6, 30
04/09/2020,14:42,122.5,122.5,122.5,122.5, 12
04/09/2020,14:45,122.8,122.8,122.8,122.8, 8
04/09/2020,14:50,122.7,122.8,122.7,122.7, 157
04/09/2020,14:51,122.9,123.2,122.9,123, 372
04/09/2020,14:52,123.3,123.3,123.3,123.3, 26
04/09/2020,14:53,123.1,123.1,123,123, 15
04/09/2020,14:56,123.2,123.3,123.2,123.3, 140
04/09/2020,14:58,123.2,123.2,123.2,123.2, 33
04/09/2020,15:00,123.4,123.5,123.3,123.3, 163
04/09/2020,15:00,123.1,123.1,123.1,123.1, 36
04/09/2020,15:03,123,123,123,123, 25
04/09/2020,15:04,123,123,122.9,122.9, 32
04/09/2020,15:04,123,123,122.8,122.8, 76
04/09/2020,15:07,122.8,122.8,122.8,122.8, 45
04/09/2020,15:07,123,123,123,123, 44
04/09/2020,15:08,122.9,122.9,122.9,122.9, 11
04/09/2020,15:11,123.1,123.2,122.9,122.9, 110
04/09/2020,15:17,123.2,123.3,123.1,123.1, 225
04/09/2020,15:18,123,123,123,123, 67
04/09/2020,15:18,122.9,122.9,122.9,122.9, 59
04/09/2020,15:21,122.9,122.9,122.9,122.9, 13
04/09/2020,15:25,122.9,122.9,122.8,122.8, 80
04/09/2020,15:27,122.9,122.9,122.9,122.9, 29
04/09/2020,15:30,122.8,122.8,122.8,122.8, 52
04/09/2020,15:33,123,123,122.9,122.9, 29
04/09/2020,15:34,123.2,123.2,123.2,123.2, 6
04/09/2020,15:36,123.2,123.3,123.2,123.3, 74
04/09/2020,15:37,123.4,123.4,123.4,123.4, 1
04/09/2020,15:38,123.5,123.5,123.5,123.5, 47
04/09/2020,15:38,123.4,123.4,123.4,123.4, 10
04/09/2020,15:42,123.3,123.3,123.1,123.1, 92
04/09/2020,15:44,123.3,123.3,123.1,123.1, 260
04/09/2020,15:46,123.2,123.2,123.2,123.2, 4
04/09/2020,15:48,123.1,123.1,123.1,123.1, 10
04/09/2020,15:50,123.1,123.1,123.1,123.1, 54
04/09/2020,15:51,123.2,123.2,123.2,123.2, 13
04/09/2020,15:51,123.1,123.1,123.1,123.1, 10
04/09/2020,15:52,123.3,123.3,123.3,123.3, 40
04/09/2020,15:55,123.3,123.3,123.3,123.3, 27
04/09/2020,15:57,123.4,123.4,123.4,123.4, 120
04/09/2020,15:58,123.4,123.4,123.4,123.4, 4
04/09/2020,15:58,123.3,123.3,123.3,123.3, 160
04/09/2020,15:59,123.3,123.3,123.3,123.3, 23
04/09/2020,16:02,123.4,123.4,123.3,123.3, 90
04/09/2020,16:03,123.5,123.6,123.3,123.3, 90
04/09/2020,16:04,123.6,123.6,123.6,123.6, 25
04/09/2020,16:05,123.4,123.4,123.3,123.3, 247
04/09/2020,16:07,123.3,123.3,123.3,123.3, 16
04/09/2020,16:08,123,123,123,123, 88
04/09/2020,16:10,123,123,122.8,122.9, 196
04/09/2020,16:11,123,123,122.9,122.9, 18
04/09/2020,16:12,123.3,123.3,123.3,123.3, 20
04/09/2020,16:13,123.1,123.2,123.1,123.2, 83
04/09/2020,16:17,123.1,123.1,123.1,123.1, 25
04/09/2020,16:18,123,123,122.8,122.8, 288
04/09/2020,16:19,122.8,122.8,122.8,122.8, 10
04/09/2020,16:19,122.9,122.9,122.9,122.9, 58
04/09/2020,16:22,122.8,122.8,122.8,122.8, 2
04/09/2020,16:24,122.7,122.7,122.7,122.7, 41
04/09/2020,16:24,122.6,122.6,122.6,122.6, 10
04/09/2020,16:25,122.8,122.8,122.8,122.8, 52
04/09/2020,16:28,122.8,122.8,122.7,122.7, 25
04/09/2020,16:31,122.7,122.7,122.7,122.7, 10
04/09/2020,16:34,123,123.1,122.9,123.1, 234
04/09/2020,16:36,122.8,123,122.8,123, 282
04/09/2020,16:37,122.7,122.7,122.5,122.7, 301
04/09/2020,16:37,122.6,122.6,122.6,122.6, 54
04/09/2020,16:38,122.7,122.7,122.5,122.5, 92
04/09/2020,16:40,122.7,122.7,122.7,122.7, 2
04/09/2020,16:44,122.4,122.5,122.4,122.4, 85
04/09/2020,16:45,122.6,122.9,122.6,122.8, 296
04/09/2020,16:45,122.7,123.1,122.7,123.1, 1053
04/09/2020,16:47,123.1,123.1,123.1,123.1, 42
04/09/2020,16:52,123.2,123.2,122.8,122.8, 846
04/09/2020,16:56,122.7,122.7,122.7,122.7, 56
04/09/2020,16:58,122.8,123.5,122.8,123.5, 326
04/09/2020,16:59,123.4,123.4,123.4,123.4, 78
04/09/2020,17:05,123.2,123.2,123.2,123.2, 57
04/09/2020,17:07,123,123,123,123, 52
04/09/2020,17:09,123.4,123.9,123.4,123.9, 649
04/09/2020,17:10,123.7,123.7,123.6,123.6, 155
04/09/2020,17:12,123.6,123.6,123.4,123.4, 167
04/09/2020,17:17,123.2,123.2,123.2,123.2, 138
04/09/2020,17:19,123.1,123.1,123,123, 42
04/09/2020,17:19,123.2,123.2,123.2,123.2, 18
04/09/2020,17:25,123.1,123.1,123,123, 158
04/09/2020,17:25,123.2,123.2,123.2,123.2, 25
04/09/2020,17:28,123.1,123.1,123,123.1, 88
04/09/2020,17:30,123.4,123.4,123.4,123.4, 153
04/09/2020,17:30,123.4,123.4,123.2,123.2, 218
04/09/2020,17:36,123.4,123.4,123.4,123.4, 7689
04/14/2020,09:01,124.3,124.4,124.3,124.4, 2528
04/14/2020,09:03,124.7,125.3,124.7,125.3, 617
04/14/2020,09:06,125.4,126.1,125.4,126.1, 445
04/14/2020,09:06,126.1,126.2,126.1,126.2, 104
04/14/2020,09:08,126.2,126.2,125.9,125.9, 294
04/14/2020,09:09,125.7,125.7,125.4,125.4, 97
04/14/2020,09:10,125.1,125.1,125,125, 102
04/14/2020,09:11,124.6,124.8,124.3,124.8, 298
04/14/2020,09:13,124.7,124.7,124.7,124.7, 45
04/14/2020,09:14,124.6,124.6,124.5,124.5, 128
04/14/2020,09:15,124.8,124.8,124.8,124.8, 8
04/14/2020,09:17,124.7,124.7,124.6,124.6, 61
04/14/2020,09:19,124.4,124.4,124.3,124.3, 46
04/14/2020,09:19,124.3,124.3,124.3,124.3, 39
04/14/2020,09:21,124.3,124.3,124.3,124.3, 6
04/14/2020,09:22,124.2,124.3,124,124, 215
04/14/2020,09:22,124.4,124.4,124.4,124.4, 10
04/14/2020,09:25,124.1,124.1,124.1,124.1, 86
04/14/2020,09:26,124,124,123.9,123.9, 176
04/14/2020,09:27,123.5,124.4,123.4,124.2, 1062
04/14/2020,09:28,124.7,124.7,124.4,124.6, 307
04/14/2020,09:29,124.4,124.4,124.4,124.4, 106
04/14/2020,09:30,124,124,124,124, 49
04/14/2020,09:32,124.1,124.1,124.1,124.1, 8
04/14/2020,09:33,123.9,123.9,123.8,123.8, 99
04/14/2020,09:35,123.7,123.7,123.6,123.6, 160
04/14/2020,09:37,123.6,123.7,123.6,123.6, 37
04/14/2020,09:38,123.6,123.6,123.5,123.5, 118
04/14/2020,09:39,123.4,123.4,123.2,123.2, 174
04/14/2020,09:41,123.1,123.1,123.1,123.1, 27
04/14/2020,09:42,123.2,123.2,123.2,123.2, 200
04/14/2020,09:42,123.2,123.2,123.2,123.2, 10
04/14/2020,09:43,123.1,123.1,123.1,123.1, 40
04/14/2020,09:45,123,123,122.9,123, 420
04/14/2020,09:51,123.1,123.3,123.1,123.3, 149
04/14/2020,09:59,123.6,123.8,123.4,123.8, 195
04/14/2020,10:01,123.8,123.8,123.8,123.8, 34
04/14/2020,10:08,123.6,123.6,123.6,123.6, 55
04/14/2020,10:11,123.7,123.7,123.6,123.7, 151
04/14/2020,10:15,123.5,123.5,123.3,123.5, 148
04/14/2020,10:15,123.3,123.3,123.3,123.3, 48
04/14/2020,10:18,123.3,123.3,123.3,123.3, 98
04/14/2020,10:22,123.2,123.2,123.1,123.1, 52
04/14/2020,10:23,123.1,123.1,123.1,123.1, 6
04/14/2020,10:23,123,123,123,123, 34
04/14/2020,10:27,122.8,122.8,122.8,122.8, 25
04/14/2020,10:36,123,123,123,123, 90
04/14/2020,10:37,123,123,123,123, 50
04/14/2020,10:41,123,123,122.9,122.9, 310
04/14/2020,10:42,122.5,122.5,122.5,122.5, 116
04/14/2020,10:50,122.4,122.4,122.4,122.4, 17
04/14/2020,10:51,122.2,122.2,122,122, 270
04/14/2020,10:52,122.1,122.1,122.1,122.1, 17
04/14/2020,10:57,122.2,122.4,122.2,122.2, 39
04/14/2020,10:58,122.4,122.4,122.1,122.1, 12
04/14/2020,11:03,122.1,122.1,122.1,122.1, 35
04/14/2020,11:08,122.3,122.3,122.2,122.2, 106
04/14/2020,11:10,122.1,122.1,122.1,122.1, 236
04/14/2020,11:10,122.1,122.1,122.1,122.1, 1
04/14/2020,11:12,122,122,122,122, 13
04/14/2020,11:16,122,122,121.9,121.9, 260
04/14/2020,11:19,122,122,122,122, 100
04/14/2020,11:28,121.9,121.9,121.9,121.9, 55
04/14/2020,11:31,122.1,122.1,122.1,122.1, 14
04/14/2020,11:34,122.2,122.2,122.2,122.2, 40
04/14/2020,11:43,122,122,122,122, 10
04/14/2020,11:51,122.2,122.2,122.2,122.2, 100
04/14/2020,11:56,122.1,122.1,122.1,122.1, 66
04/14/2020,12:04,122.2,122.2,122.2,122.2, 59
04/14/2020,12:07,122.3,122.3,122.3,122.3, 100
04/14/2020,12:12,122.3,122.3,122.1,122.2, 313
04/14/2020,12:17,122.3,122.3,122.3,122.3, 10
04/14/2020,12:19,122.1,122.1,122.1,122.1, 40
04/14/2020,12:22,122,122,121.9,122, 105
04/14/2020,12:23,121.8,121.8,121.8,121.8, 11
04/14/2020,12:25,121.8,121.8,121.8,121.8, 38
04/14/2020,12:27,121.8,121.8,121.8,121.8, 11
04/14/2020,12:28,121.6,121.6,121.6,121.6, 25
04/14/2020,12:30,121.6,121.6,121.6,121.6, 20
04/14/2020,12:33,121.5,121.5,121.3,121.3, 259
04/14/2020,12:35,121,121.1,120.9,121, 378
04/14/2020,12:35,120.9,120.9,120.9,120.9, 6
04/14/2020,12:38,120.9,120.9,120.9,120.9, 51
04/14/2020,12:39,121,121,121,121, 2
04/14/2020,12:53,120.7,120.9,120.5,120.5, 156
04/14/2020,13:00,120.8,120.8,120.8,120.8, 6
04/14/2020,13:03,120.5,120.5,120.4,120.4, 218
04/14/2020,13:07,120.3,120.3,120.2,120.3, 73
04/14/2020,13:10,120.4,120.4,120.4,120.4, 86
04/14/2020,13:11,120.3,120.3,120.3,120.3, 40
04/14/2020,13:14,120.5,120.5,120.4,120.4, 172
04/14/2020,13:16,120.4,120.4,120.3,120.3, 127
04/14/2020,13:18,120.2,120.2,119.5,119.5, 2254
04/14/2020,13:22,119.7,119.7,119.7,119.7, 98
04/14/2020,13:25,119.6,119.9,119.6,119.9, 75
04/14/2020,13:31,119.9,119.9,119.9,119.9, 150
04/14/2020,13:32,119.9,119.9,119.9,119.9, 52
04/14/2020,13:53,119.7,119.7,119.7,119.7, 40
04/14/2020,13:55,119.6,119.6,119.6,119.6, 107
04/14/2020,13:58,119.4,119.5,119.4,119.5, 79
04/14/2020,13:58,119.4,119.4,119.3,119.3, 118
04/14/2020,14:00,119.4,119.5,119.4,119.5, 20
04/14/2020,14:02,119.5,119.5,119.5,119.5, 8
04/14/2020,14:04,119.3,119.3,119.3,119.3, 15
04/14/2020,14:05,119.5,119.5,119.5,119.5, 12
04/14/2020,14:08,119.8,119.8,119.8,119.8, 11
04/14/2020,14:11,120,120,120,120, 11
04/14/2020,14:11,120,120,120,120, 18
04/14/2020,14:12,120,120.1,120,120.1, 85
04/14/2020,14:16,120.1,120.1,120.1,120.1, 17
04/14/2020,14:17,120.1,120.1,120.1,120.1, 11
04/14/2020,14:18,120,120,120,120, 132
04/14/2020,14:20,119.9,119.9,119.9,119.9, 40
04/14/2020,14:23,119.8,119.8,119.7,119.7, 70
04/14/2020,14:23,119.7,119.7,119.7,119.7, 100
04/14/2020,14:25,119.9,119.9,119.9,119.9, 45
04/14/2020,14:27,119.5,119.5,119.5,119.5, 89
04/14/2020,14:30,119.5,119.5,119.5,119.5, 1
04/14/2020,14:32,119.5,119.5,119.5,119.5, 11
04/14/2020,14:34,119.4,119.4,119.3,119.3, 462
04/14/2020,14:34,119.4,119.4,119.4,119.4, 130
04/14/2020,14:35,119.5,119.5,119.5,119.5, 10
04/14/2020,14:39,119.4,119.4,119.4,119.4, 45
04/14/2020,14:41,119.4,119.4,119.4,119.4, 37
04/14/2020,14:48,119.3,119.3,119.3,119.3, 38
04/14/2020,14:50,119.4,119.4,119.4,119.4, 40
04/14/2020,14:51,119.3,119.3,119.3,119.3, 165
04/14/2020,14:57,119.3,119.3,119.3,119.3, 86
04/14/2020,15:02,119.4,119.4,119.4,119.4, 10
04/14/2020,15:05,119.3,119.3,119.3,119.3, 89
04/14/2020,15:06,119.4,119.4,119.4,119.4, 10
04/14/2020,15:09,119.3,119.3,119.1,119.1, 128
04/14/2020,15:12,119.2,119.3,119.2,119.2, 79
04/14/2020,15:15,119.1,119.1,119.1,119.1, 38
04/14/2020,15:18,119.1,119.1,119.1,119.1, 42
04/14/2020,15:21,119,119,119,119, 386
04/14/2020,15:24,118.8,118.8,118.8,118.8, 97
04/14/2020,15:25,118.8,118.9,118.7,118.9, 113
04/14/2020,15:27,118.6,118.6,118.4,118.4, 297
04/14/2020,15:28,118.4,118.4,118.4,118.4, 57
04/14/2020,15:31,118.3,118.4,118.3,118.4, 176
04/14/2020,15:31,118.3,118.3,118.2,118.2, 159
04/14/2020,15:33,118.3,118.3,118.2,118.2, 61
04/14/2020,15:34,118.2,118.2,118.2,118.2, 42
04/14/2020,15:36,118.3,118.5,118.3,118.5, 30
04/14/2020,15:39,118.4,118.5,118.4,118.5, 116
04/14/2020,15:43,118.5,118.7,118.5,118.7, 69
04/14/2020,15:47,118.7,118.8,118.7,118.8, 100
04/14/2020,15:47,118.9,119,118.9,119, 58
04/14/2020,15:49,119.4,119.4,119.4,119.4, 242
04/14/2020,15:51,119.2,119.2,119.2,119.2, 4
04/14/2020,15:54,119.2,119.2,119.2,119.2, 100
04/14/2020,15:55,119.4,119.5,119.4,119.5, 71
04/14/2020,15:56,119.3,119.6,119.3,119.6, 25
04/14/2020,15:57,119.6,119.6,119.6,119.6, 100
04/14/2020,16:02,119.9,119.9,119.9,119.9, 130
04/14/2020,16:04,119.8,120,119.6,119.8, 434
04/14/2020,16:07,119.7,119.7,119.7,119.7, 35
04/14/2020,16:07,119.6,119.6,119.5,119.5, 75
04/14/2020,16:07,119.4,119.4,119.3,119.3, 121
04/14/2020,16:12,119.5,119.6,119.5,119.5, 209
04/14/2020,16:18,119.5,119.5,119.5,119.5, 30
04/14/2020,16:19,119.5,119.6,119.5,119.6, 74
04/14/2020,16:24,119.5,119.5,119.5,119.5, 85
04/14/2020,16:26,119.5,119.5,119.5,119.5, 2
04/14/2020,16:29,119.5,119.5,119.5,119.5, 9
04/14/2020,16:32,119.6,119.6,119.6,119.6, 10
04/14/2020,16:33,119.4,119.4,119.2,119.2, 363
04/14/2020,16:34,119.1,119.1,119.1,119.1, 47
04/14/2020,16:40,119,119.1,119,119.1, 150
04/14/2020,16:42,119.2,119.2,119.2,119.2, 25
04/14/2020,16:44,119,119,118.7,118.8, 791
04/14/2020,16:46,118.9,118.9,118.7,118.7, 299
04/14/2020,16:50,119,119.2,118.7,119.2, 265
04/14/2020,16:57,119,119.2,119,119.2, 206
04/14/2020,16:59,118.9,118.9,118.9,118.9, 105
04/14/2020,17:08,118.5,118.6,118.5,118.6, 81
04/14/2020,17:14,118.4,118.6,118.1,118.4, 433
04/14/2020,17:18,118.5,118.5,118.5,118.5, 15
04/14/2020,17:18,118.4,118.4,118.3,118.3, 60
04/14/2020,17:21,118.6,118.6,118.6,118.6, 22
04/14/2020,17:25,118.5,118.9,118.5,118.9, 102
04/14/2020,17:27,118.9,118.9,118.6,118.8, 94
04/14/2020,17:27,118.7,118.7,118.7,118.7, 2
04/14/2020,17:36,120.3,120.3,120.3,120.3, 8745
04/15/2020,09:01,120.9,120.9,120.6,120.9, 827
04/15/2020,09:03,120.9,121,120.9,121, 128
04/15/2020,09:06,121.1,121.4,121.1,121.4, 41
04/15/2020,09:11,121.3,121.3,121.3,121.3, 53
04/15/2020,09:12,121.1,121.4,121.1,121.4, 58
04/15/2020,09:16,120.8,121,120.8,121, 176
04/15/2020,09:20,120.8,120.8,120.8,120.8, 40
04/15/2020,09:21,121.1,121.3,121.1,121.1, 164
04/15/2020,09:26,121.2,121.4,121.1,121.4, 168
04/15/2020,09:27,121.3,121.3,121.3,121.3, 25
04/15/2020,09:41,121.5,121.6,121.5,121.6, 49
04/15/2020,09:50,121.6,121.9,121.6,121.9, 266
04/15/2020,09:56,121.7,121.7,121.7,121.7, 20
04/15/2020,09:58,121.9,121.9,121.7,121.7, 143
04/15/2020,10:02,121.6,121.6,121.6,121.6, 25
04/15/2020,10:03,122,122,122,122, 65
04/15/2020,10:04,121.8,122.2,121.5,121.9, 1536
04/15/2020,10:06,121.9,121.9,121.7,121.8, 66
04/15/2020,10:10,121.9,121.9,121.9,121.9, 57
04/15/2020,10:10,121.8,121.8,121.8,121.8, 40
04/15/2020,10:14,121.8,121.8,121.6,121.6, 95
04/15/2020,10:15,121.3,121.4,121,121.2, 202
04/15/2020,10:17,121.5,121.5,121.5,121.5, 6
04/15/2020,10:23,121.4,121.4,121.4,121.4, 20
04/15/2020,10:38,121.8,121.8,121.8,121.8, 40
04/15/2020,10:40,121.7,121.7,121.7,121.7, 88
04/15/2020,10:41,121.4,121.4,121.4,121.4, 15
04/15/2020,10:43,121.4,121.4,121.4,121.4, 15
04/15/2020,10:54,121.1,121.1,121,121, 270
04/15/2020,10:55,121,121,121,121, 4
04/15/2020,10:56,121,121.1,120.9,121.1, 281
04/15/2020,10:56,121,121,121,121, 40
04/15/2020,11:04,121,121,121,121, 125
04/15/2020,11:05,120.9,121.1,120.9,121.1, 66
04/15/2020,11:08,121,121,121,121, 36
04/15/2020,11:10,121.1,121.2,121.1,121.2, 28
04/15/2020,11:13,121.1,121.1,121.1,121.1, 36
04/15/2020,11:18,121,121,121,121, 39
04/15/2020,11:26,120.9,120.9,120.5,120.5, 218
04/15/2020,11:26,120.4,120.4,120.3,120.3, 57
04/15/2020,11:31,120.3,120.3,120.1,120.1, 117
04/15/2020,11:32,120.1,120.1,120.1,120.1, 25
04/15/2020,11:39,120.1,120.1,119.3,119.3, 1517
04/15/2020,11:40,119.6,119.6,119.5,119.5, 516
04/15/2020,11:41,119.7,119.7,119.7,119.7, 129
04/15/2020,11:42,119.6,119.6,119.3,119.3, 997
04/15/2020,11:43,119.3,119.3,119,119, 1027
04/15/2020,11:45,119.2,119.2,119.2,119.2, 42
04/15/2020,11:45,119,119,119,119, 35
04/15/2020,11:52,119,119.1,118.7,118.8, 443
04/15/2020,11:54,118.6,118.6,118.4,118.4, 876
04/15/2020,11:57,118.2,118.3,118,118.3, 1084
04/15/2020,11:57,118.3,118.3,118.3,118.3, 60
04/15/2020,12:03,118.2,118.2,118.2,118.2, 10
04/15/2020,12:08,118.2,118.2,118.1,118.1, 209
04/15/2020,12:08,118.1,118.1,118.1,118.1, 45
04/15/2020,12:14,118,118,117.9,117.9, 100
04/15/2020,12:15,118,118,118,118, 40
04/15/2020,12:16,118.4,118.4,118.4,118.4, 40
04/15/2020,12:17,118.5,118.5,118.5,118.5, 40
04/15/2020,12:19,118.5,118.5,118.5,118.5, 368
04/15/2020,12:21,118.4,118.5,118.4,118.5, 500
04/15/2020,12:24,118.5,118.5,118.5,118.5, 113
04/15/2020,12:25,118.3,118.3,118,118.2, 1040
04/15/2020,12:26,118.4,118.4,118.4,118.4, 53
04/15/2020,12:28,118.3,118.5,118.3,118.4, 756
04/15/2020,12:28,118.3,118.3,118.3,118.3, 42
04/15/2020,12:35,118.3,118.3,118.3,118.3, 80
04/15/2020,12:37,118.4,118.4,118.4,118.4, 40
04/15/2020,12:42,118.4,118.4,118.4,118.4, 54
04/15/2020,12:44,118.5,118.5,118.5,118.5, 9
04/15/2020,12:54,118.3,118.4,118.3,118.4, 127
04/15/2020,12:57,118.4,118.4,118.4,118.4, 8
04/15/2020,13:02,118.5,118.5,118.4,118.4, 450
04/15/2020,13:04,118.5,118.5,118.5,118.5, 70
04/15/2020,13:06,118.4,118.4,118.4,118.4, 91
04/15/2020,13:09,118.4,118.4,118.4,118.4, 40
04/15/2020,13:14,118.5,118.5,118.5,118.5, 4
04/15/2020,13:16,118.4,118.4,118.4,118.4, 37
04/15/2020,13:20,118.5,118.5,118.4,118.4, 435
04/15/2020,13:32,118.5,118.5,118.5,118.5, 1009
04/15/2020,13:32,118.5,118.5,118.5,118.5, 20
04/15/2020,13:34,118.5,118.5,118.5,118.5, 60
04/15/2020,13:35,118.5,118.5,118.5,118.5, 376
04/15/2020,13:40,118.4,118.4,118.4,118.4, 37
04/15/2020,13:46,118.5,118.5,118.5,118.5, 263
04/15/2020,13:48,118.4,118.4,118.4,118.4, 288
04/15/2020,13:51,118.5,118.5,118.5,118.5, 40
04/15/2020,14:00,118.5,118.5,118.5,118.5, 294
04/15/2020,14:01,118.4,118.4,118.4,118.4, 125
04/15/2020,14:03,118.5,118.8,118.5,118.8, 233
04/15/2020,14:24,118.7,118.7,118.7,118.7, 11
04/15/2020,14:25,119,119,119,119, 94
04/15/2020,14:27,118.7,119,118.7,119, 31
04/15/2020,14:31,119,119,119,119, 42
04/15/2020,14:35,119,119,119,119, 25
04/15/2020,14:41,119,119,118.8,118.8, 205
04/15/2020,14:52,118.8,118.8,118.8,118.8, 106
04/15/2020,14:53,118.7,118.7,118.7,118.7, 40
04/15/2020,14:59,118.7,118.7,118.7,118.7, 22
04/15/2020,14:59,118.7,118.7,118.7,118.7, 12
04/15/2020,15:01,118.7,118.7,118.7,118.7, 19
04/15/2020,15:08,118.5,118.5,118.5,118.5, 54
04/15/2020,15:13,118.6,118.6,118.6,118.6, 51
04/15/2020,15:17,118.6,118.6,118.6,118.6, 42
04/15/2020,15:18,118.5,118.5,118.4,118.4, 300
04/15/2020,15:21,118.5,118.5,118.3,118.5, 447
04/15/2020,15:21,118.7,118.7,118.7,118.7, 20
04/15/2020,15:25,118.8,118.8,118.5,118.6, 1009
04/15/2020,15:26,118.9,119,118.9,119, 26
04/15/2020,15:26,119,119,119,119, 51
04/15/2020,15:29,119,119,118.9,118.9, 503
04/15/2020,15:31,118.9,118.9,118.9,118.9, 50
04/15/2020,15:32,118.8,118.8,118.4,118.4, 730
04/15/2020,15:35,118.4,118.4,118.4,118.4, 9
04/15/2020,15:36,118.2,118.3,118.2,118.3, 240
04/15/2020,15:44,118.3,118.3,118.3,118.3, 149
04/15/2020,15:47,118.2,118.2,118.2,118.2, 76
04/15/2020,15:54,118.1,118.1,118.1,118.1, 3
04/15/2020,15:55,118.1,118.1,118.1,118.1, 2
04/15/2020,15:56,118.1,118.1,118.1,118.1, 3
04/15/2020,15:57,118.1,118.1,118.1,118.1, 98
04/15/2020,15:57,118.1,118.1,118.1,118.1, 48
04/15/2020,15:58,118,118,118,118, 37
04/15/2020,16:01,118,118,118,118, 5
04/15/2020,16:02,118,118,118,118, 7
04/15/2020,16:03,118,118,118,118, 3
04/15/2020,16:03,118,118,118,118, 2
04/15/2020,16:04,118,118,118,118, 223
04/15/2020,16:06,117.9,117.9,117.8,117.8, 437
04/15/2020,16:07,117.7,117.7,117.7,117.7, 3
04/15/2020,16:08,117.7,117.7,117.7,117.7, 2
04/15/2020,16:11,117.7,117.7,117.7,117.7, 2
04/15/2020,16:13,117.7,117.7,117.7,117.7, 7
04/15/2020,16:14,117.7,117.7,117.7,117.7, 2
04/15/2020,16:17,117.7,117.7,117.6,117.6, 162
04/15/2020,16:18,117.7,117.7,117.7,117.7, 55
04/15/2020,16:22,117.8,117.8,117.8,117.8, 8
04/15/2020,16:25,117.7,117.7,117.7,117.7, 25
04/15/2020,16:34,117.8,117.8,117.8,117.8, 44
04/15/2020,16:40,117.9,117.9,117.9,117.9, 2
04/15/2020,16:46,117.9,118,117.9,118, 83
04/15/2020,16:52,117.9,117.9,117.9,117.9, 63
04/15/2020,16:57,118,118,118,118, 41
04/15/2020,16:58,117.8,117.8,117.8,117.8, 110
04/15/2020,17:00,117.7,117.7,117.7,117.7, 79
04/15/2020,17:03,117.7,117.7,117.7,117.7, 37
04/15/2020,17:05,117.6,117.6,117.4,117.5, 563
04/15/2020,17:07,117.4,117.4,117.4,117.4, 60
04/15/2020,17:08,117.4,117.4,117.4,117.4, 6
04/15/2020,17:14,117.3,117.3,117.2,117.2, 215
04/15/2020,17:17,117.3,117.3,117.3,117.3, 257
04/15/2020,17:19,117.2,117.2,117.2,117.2, 25
04/15/2020,17:21,117.2,117.2,116.7,116.7, 1722
04/15/2020,17:22,116.8,116.8,116.8,116.8, 1
04/15/2020,17:25,116.7,116.7,116.7,116.7, 100
04/15/2020,17:26,116.6,116.6,116.6,116.6, 2
04/15/2020,17:27,116.7,116.7,116.6,116.6, 18
04/15/2020,17:30,116.7,116.7,116.5,116.7, 171
04/15/2020,17:36,116.9,116.9,116.9,116.9, 5700
04/16/2020,09:01,117.1,117.1,117.1,117.1, 731
04/16/2020,09:06,117.7,118,117.7,118, 190
04/16/2020,09:06,118.2,118.2,118.2,118.2, 51
04/16/2020,09:08,118.3,118.3,118.3,118.3, 77
04/16/2020,09:11,118,118.1,118,118.1, 47
04/16/2020,09:14,117.3,117.3,117.3,117.3, 10
04/16/2020,09:15,117.4,117.4,117.4,117.4, 12
04/16/2020,09:18,117.4,117.4,117.4,117.4, 15
04/16/2020,09:18,117.3,117.3,117.3,117.3, 58
04/16/2020,09:20,117.2,117.2,117.2,117.2, 92
04/16/2020,09:22,117.4,117.5,117.4,117.5, 86
04/16/2020,09:25,117.6,117.6,117.6,117.6, 39
04/16/2020,09:28,117.5,117.8,117.5,117.8, 70
04/16/2020,09:28,117.9,118,117.9,118, 100
04/16/2020,09:30,118,118,118,118, 31
04/16/2020,09:31,118.3,118.5,118.3,118.5, 603
04/16/2020,09:34,118.6,118.6,118.6,118.6, 66
04/16/2020,09:34,118.6,118.6,118.6,118.6, 8
04/16/2020,09:35,118.3,118.3,118.3,118.3, 5
04/16/2020,09:40,118.3,118.5,118.3,118.5, 100
04/16/2020,09:42,118.4,118.4,118.4,118.4, 81
04/16/2020,09:44,118.4,118.6,118.4,118.6, 47
04/16/2020,09:47,118.5,118.5,118.4,118.4, 38
04/16/2020,09:47,118.3,118.3,118.2,118.2, 274
04/16/2020,09:48,117.8,118.1,117.8,118, 1134
04/16/2020,09:51,117.8,117.8,117.8,117.8, 139
04/16/2020,09:52,117.6,117.6,117.6,117.6, 100
04/16/2020,09:52,117.8,117.9,117.6,117.9, 187
04/16/2020,09:54,117.9,117.9,117.9,117.9, 80
04/16/2020,09:56,117.8,117.8,117.8,117.8, 80
04/16/2020,09:58,117.9,117.9,117.5,117.7, 382
04/16/2020,09:59,117.6,117.6,117.6,117.6, 6
04/16/2020,10:01,117.7,117.8,117.7,117.8, 94
04/16/2020,10:03,117.9,117.9,117.9,117.9, 121
04/16/2020,10:12,117.6,117.8,117.6,117.8, 68
04/16/2020,10:12,117.8,117.8,117.8,117.8, 1
04/16/2020,10:13,117.6,117.6,117.6,117.6, 63
04/16/2020,10:15,117.6,117.6,117.6,117.6, 121
04/16/2020,10:18,117.6,117.6,117.6,117.6, 139
04/16/2020,10:19,117.6,117.6,117.6,117.6, 80
04/16/2020,10:21,117.6,117.6,117.6,117.6, 79
04/16/2020,10:26,117.6,117.8,117.6,117.8, 87
04/16/2020,10:31,117.6,117.7,117.6,117.7, 161
04/16/2020,10:36,117.9,117.9,117.9,117.9, 57
04/16/2020,10:37,117.8,117.8,117.8,117.8, 5
04/16/2020,10:45,117.7,117.7,117.7,117.7, 75
04/16/2020,10:48,117.8,117.8,117.8,117.8, 54
04/16/2020,10:49,117.8,117.8,117.8,117.8, 27
04/16/2020,10:51,117.9,117.9,117.9,117.9, 40
04/16/2020,10:51,118,118,118,118, 15
04/16/2020,10:54,117.8,117.8,117.8,117.8, 36
04/16/2020,10:57,117.8,117.8,117.8,117.8, 3
04/16/2020,10:59,117.8,117.8,117.8,117.8, 69
04/16/2020,11:00,117.7,117.7,117.4,117.4, 1000
04/16/2020,11:06,117.6,117.6,117.6,117.6, 78
04/16/2020,11:06,117.4,117.5,117.2,117.2, 1000
04/16/2020,11:09,117.4,117.4,117.4,117.4, 26
04/16/2020,11:10,117.4,117.4,117.4,117.4, 106
04/16/2020,11:12,117.3,117.3,117.3,117.3, 39
04/16/2020,11:13,117.4,117.4,117.4,117.4, 83
04/16/2020,11:13,117.4,117.4,117.2,117.2, 205
04/16/2020,11:16,117.2,117.3,117,117, 1000
04/16/2020,11:17,117.2,117.2,117.2,117.2, 30
04/16/2020,11:20,117.2,117.2,117.2,117.2, 97
04/16/2020,11:23,117.1,117.1,117.1,117.1, 2
04/16/2020,11:24,117,117,117,117, 69
04/16/2020,11:25,116.9,116.9,116.9,116.9, 94
04/16/2020,11:27,116.8,116.8,116.8,116.8, 97
04/16/2020,11:28,116.8,116.8,116.8,116.8, 40
04/16/2020,11:31,116.6,116.7,116.6,116.6, 87
04/16/2020,11:33,116.6,116.6,116.6,116.6, 44
04/16/2020,11:47,116.7,116.7,116.7,116.7, 136
04/16/2020,11:50,116.7,117,116.7,117, 215
04/16/2020,11:51,116.8,116.8,116.8,116.8, 130
04/16/2020,11:57,116.8,116.8,116.8,116.8, 33
04/16/2020,12:04,116.7,116.7,116.7,116.7, 110
04/16/2020,12:14,116.5,116.8,116.5,116.8, 168
04/16/2020,12:22,117.1,117.1,117.1,117.1, 118
04/16/2020,12:30,117.1,117.1,117.1,117.1, 23
04/16/2020,12:31,117.1,117.1,117,117, 120
04/16/2020,12:33,116.9,116.9,116.8,116.8, 91
04/16/2020,12:35,116.8,116.8,116.8,116.8, 2
04/16/2020,12:43,116.9,116.9,116.9,116.9, 10
04/16/2020,12:45,116.7,116.7,116.7,116.7, 31
04/16/2020,12:46,116.9,117,116.9,117, 100
04/16/2020,13:00,116.8,116.8,116.8,116.8, 183
04/16/2020,13:02,116.8,116.8,116.8,116.8, 69
04/16/2020,13:06,116.9,116.9,116.9,116.9, 12
04/16/2020,13:29,116.8,116.8,116.8,116.8, 20
04/16/2020,13:31,116.9,116.9,116.9,116.9, 59
04/16/2020,13:32,116.8,116.8,116.8,116.8, 122
04/16/2020,13:40,116.9,116.9,116.9,116.9, 3
04/16/2020,13:43,116.7,116.8,116.7,116.8, 101
04/16/2020,13:45,116.8,116.8,116.8,116.8, 6
04/16/2020,13:47,116.8,116.8,116.8,116.8, 4
04/16/2020,13:48,116.7,116.8,116.7,116.8, 154
04/16/2020,13:50,116.8,116.8,116.8,116.8, 14
04/16/2020,13:56,116.5,116.7,116.4,116.5, 767
04/16/2020,13:58,116.4,116.4,116.4,116.4, 50
04/16/2020,14:00,116.5,116.5,116.5,116.5, 409
04/16/2020,14:09,116.5,116.5,116.5,116.5, 208
04/16/2020,14:15,116.6,116.6,116.6,116.6, 20
04/16/2020,14:18,116.6,116.6,116.5,116.5, 102
04/16/2020,14:24,116.5,116.5,116.5,116.5, 75
04/16/2020,14:31,116.5,116.5,116.5,116.5, 78
04/16/2020,14:31,116.6,116.6,116.6,116.6, 9
04/16/2020,14:34,116.7,116.7,116.7,116.7, 44
04/16/2020,14:37,116.5,116.7,116.5,116.7, 605
04/16/2020,14:40,116.4,116.4,116.4,116.4, 81
04/16/2020,14:43,116.4,116.5,116.4,116.5, 92
04/16/2020,14:53,116.4,116.4,116.2,116.3, 116
04/16/2020,14:55,116.4,116.4,116.4,116.4, 200
04/16/2020,15:03,116.3,116.3,116.3,116.3, 11
04/16/2020,15:11,116.3,116.3,116.3,116.3, 33
04/16/2020,15:18,116.2,116.2,116.2,116.2, 47
04/16/2020,15:25,116.2,116.2,116.2,116.2, 43
04/16/2020,15:33,116.4,116.8,116.4,116.8, 543
04/16/2020,15:35,117,117,117,117, 75
04/16/2020,15:37,116.8,116.8,116.8,116.8, 54
04/16/2020,15:38,116.5,116.8,116.5,116.5, 1145
04/16/2020,15:46,116.5,116.5,116.5,116.5, 26
04/16/2020,15:48,116.4,116.4,116.4,116.4, 35
04/16/2020,15:49,116.5,116.5,116.5,116.5, 3
04/16/2020,15:50,116.5,116.5,116.5,116.5, 20
04/16/2020,15:53,116.4,116.4,116.4,116.4, 74
04/16/2020,15:58,116.5,116.5,116.5,116.5, 21
04/16/2020,15:59,116.4,116.4,116.4,116.4, 61
04/16/2020,16:00,116.3,116.3,116.3,116.3, 67
04/16/2020,16:01,116.4,116.4,116.4,116.4, 77
04/16/2020,16:01,116.6,116.6,116.6,116.6, 37
04/16/2020,16:04,116.6,116.7,116.6,116.7, 388
04/16/2020,16:06,116.6,116.6,116.6,116.6, 129
04/16/2020,16:07,116.6,116.6,116.2,116.2, 1000
04/16/2020,16:09,116.6,116.7,116.6,116.7, 242
04/16/2020,16:12,116.6,116.6,116.5,116.5, 45
04/16/2020,16:13,116.6,116.6,116.6,116.6, 110
04/16/2020,16:17,116.6,116.6,116.6,116.6, 71
04/16/2020,16:19,116.7,116.7,116.7,116.7, 147
04/16/2020,16:21,116.9,116.9,116.8,116.8, 82
04/16/2020,16:22,116.5,116.7,116.4,116.4, 960
04/16/2020,16:24,116.3,116.3,116.3,116.3, 20
04/16/2020,16:26,116.2,116.2,116.2,116.2, 36
04/16/2020,16:26,116.1,116.1,116.1,116.1, 102
04/16/2020,16:30,116,116.1,115.8,115.8, 899
04/16/2020,16:32,115.9,115.9,115.9,115.9, 128
04/16/2020,16:33,115.9,115.9,115.8,115.8, 114
04/16/2020,16:33,115.8,115.8,115.8,115.8, 58
04/16/2020,16:35,115.8,115.8,115.8,115.8, 15
04/16/2020,16:37,115.8,115.9,115.8,115.9, 184
04/16/2020,16:38,115.9,115.9,115.9,115.9, 50
04/16/2020,16:39,115.9,115.9,115.9,115.9, 27
04/16/2020,16:40,116,116,116,116, 12
04/16/2020,16:47,116,116,116,116, 7
04/16/2020,16:50,116,116,116,116, 1271
04/16/2020,16:50,116,116,115.9,115.9, 492
04/16/2020,16:51,115.9,115.9,115.9,115.9, 11
04/16/2020,16:52,115.8,115.8,115.8,115.8, 40
04/16/2020,16:53,115.8,115.8,115.8,115.8, 31
04/16/2020,16:58,115.7,115.7,115.7,115.7, 39
04/16/2020,17:07,115.8,115.8,115.8,115.8, 81
04/16/2020,17:08,115.8,115.8,115.8,115.8, 78
04/16/2020,17:13,115.8,115.8,115.8,115.8, 175
04/16/2020,17:15,115.7,115.7,115.7,115.7, 30
04/16/2020,17:20,115.8,115.8,115.8,115.8, 2
04/16/2020,17:22,115.8,115.8,115.8,115.8, 43
04/16/2020,17:23,115.7,115.7,115.7,115.7, 33
04/16/2020,17:24,115.8,115.8,115.8,115.8, 42
04/16/2020,17:25,115.8,115.8,115.8,115.8, 76
04/16/2020,17:26,115.8,115.8,115.7,115.7, 189
04/16/2020,17:30,115.7,115.7,115.7,115.7, 14
04/16/2020,17:36,115.4,115.4,115.4,115.4, 4877
04/17/2020,09:01,117.3,117.9,117.3,117.9, 3579
04/17/2020,09:06,117.7,117.7,117.7,117.7, 6
04/17/2020,09:07,117.9,118.3,117.9,118.3, 127
04/17/2020,09:08,118.4,118.5,118.3,118.5, 53
04/17/2020,09:08,118.4,118.5,118.4,118.5, 732
04/17/2020,09:11,118.4,118.5,118.4,118.5, 584
04/17/2020,09:13,118.2,118.2,118.2,118.2, 55
04/17/2020,09:14,118,118,117.9,117.9, 123
04/17/2020,09:23,118.4,118.4,118.4,118.4, 42
04/17/2020,09:26,118.4,118.4,118.4,118.4, 42
04/17/2020,09:30,118.5,118.5,118.4,118.4, 431
04/17/2020,09:32,118.2,118.2,118,118, 500
04/17/2020,09:39,118.3,118.3,118.3,118.3, 5
04/17/2020,09:41,118.1,118.1,118.1,118.1, 10
04/17/2020,09:45,118,118,118,118, 45
04/17/2020,09:56,118,118,118,118, 16
04/17/2020,09:58,118.2,118.2,118.2,118.2, 3
04/17/2020,10:04,118,118,118,118, 47
04/17/2020,10:11,118,118.3,118,118.2, 286
04/17/2020,10:12,118.2,118.2,118.2,118.2, 79
04/17/2020,10:12,118.1,118.1,118.1,118.1, 27
04/17/2020,10:24,118,118.1,118,118.1, 46
04/17/2020,10:28,118.1,118.1,118.1,118.1, 30
04/17/2020,10:29,118.1,118.1,118.1,118.1, 2
04/17/2020,10:35,118,118,118,118, 67
04/17/2020,10:36,117.8,117.8,117.8,117.8, 123
04/17/2020,10:43,117.7,117.7,117.7,117.7, 44
04/17/2020,10:43,117.7,117.7,117.7,117.7, 6
04/17/2020,10:44,117.6,117.6,117.5,117.5, 275
04/17/2020,10:46,117.4,117.4,117.4,117.4, 20
04/17/2020,10:48,117.6,117.6,117.6,117.6, 20
04/17/2020,10:51,117.6,117.6,117.6,117.6, 120
04/17/2020,10:55,117.7,117.7,117.7,117.7, 50
04/17/2020,10:56,117.5,117.5,117.5,117.5, 75
04/17/2020,11:01,117.4,117.4,117.4,117.4, 33
04/17/2020,11:03,117.4,117.4,117.4,117.4, 73
04/17/2020,11:07,117.5,117.5,117.5,117.5, 169
04/17/2020,11:08,117.4,117.4,117.4,117.4, 30
04/17/2020,11:09,117.4,117.4,117.4,117.4, 54
04/17/2020,11:18,117.3,117.3,117.3,117.3, 2
04/17/2020,11:22,117.3,117.3,117.3,117.3, 46
04/17/2020,11:31,117.3,117.3,117.3,117.3, 25
04/17/2020,11:31,117.3,117.3,117.3,117.3, 18
04/17/2020,11:33,117.4,117.4,117.4,117.4, 59
04/17/2020,11:33,117.3,117.3,117,117.1, 1030
04/17/2020,11:34,117.2,117.3,117.2,117.3, 29
04/17/2020,11:36,117.3,117.3,117.3,117.3, 59
04/17/2020,11:39,117.4,117.4,117.4,117.4, 27
04/17/2020,11:41,117.4,117.4,117.4,117.4, 5
04/17/2020,11:42,117.6,117.7,117.6,117.7, 102
04/17/2020,11:45,117.4,117.4,117,117.1, 1046
04/17/2020,11:49,117.3,117.3,117.3,117.3, 5
04/17/2020,11:51,117.4,117.4,117.4,117.4, 1
04/17/2020,11:54,117.6,117.7,117.6,117.7, 48
04/17/2020,11:55,117.6,117.6,117.6,117.6, 59
04/17/2020,11:56,117.6,117.6,117.6,117.6, 21
04/17/2020,11:57,117.5,117.5,117.5,117.5, 20
04/17/2020,11:58,117.5,117.5,117.4,117.4, 63
04/17/2020,12:06,117.4,117.6,117.4,117.6, 56
04/17/2020,12:08,117.4,117.4,117.4,117.4, 15
04/17/2020,12:08,117.4,117.4,117.4,117.4, 20
04/17/2020,12:09,117.3,117.3,117.3,117.3, 14
04/17/2020,12:14,117.3,117.4,117.3,117.4, 50
04/17/2020,12:32,117.4,117.4,117.4,117.4, 21
04/17/2020,12:33,117.4,117.4,117.4,117.4, 16
04/17/2020,12:37,117,117.5,117,117.4, 1280
04/17/2020,12:38,117.3,117.4,117.3,117.3, 95
04/17/2020,12:38,117.4,117.4,117.4,117.4, 133
04/17/2020,12:42,117.4,117.4,117.3,117.3, 96
04/17/2020,12:43,117.3,117.3,117.3,117.3, 42
04/17/2020,12:44,117.3,117.3,117.3,117.3, 14
04/17/2020,12:45,117.4,117.4,117.4,117.4, 218
04/17/2020,12:47,117.4,117.4,117.4,117.4, 15
04/17/2020,12:50,117.2,117.2,117.2,117.2, 6
04/17/2020,12:50,117.3,117.3,117.3,117.3, 23
04/17/2020,12:53,117.3,117.3,117.3,117.3, 19
04/17/2020,12:55,117.3,117.3,117.3,117.3, 104
04/17/2020,12:58,117.4,117.4,117.4,117.4, 44
04/17/2020,13:11,117.4,117.4,117.2,117.2, 45
04/17/2020,13:16,117.3,117.3,117.3,117.3, 14
04/17/2020,13:17,117.2,117.2,117.2,117.2, 70
04/17/2020,13:18,117.2,117.2,117.2,117.2, 97
04/17/2020,13:31,117.2,117.2,117.2,117.2, 42
04/17/2020,13:36,117.3,117.4,117.3,117.3, 83
04/17/2020,13:36,117.4,117.4,117.4,117.4, 10
04/17/2020,13:47,117.4,118.5,117.4,118.5, 2254
04/17/2020,13:48,118.5,118.5,118.5,118.5, 1441
04/17/2020,13:50,118.5,118.5,118.5,118.5, 110
04/17/2020,13:52,118.5,118.5,118.5,118.5, 10
04/17/2020,13:52,118.5,118.5,118.5,118.5, 280
04/17/2020,13:54,118.5,118.5,118.5,118.5, 12
04/17/2020,13:55,118.4,118.5,118.4,118.5, 74
04/17/2020,13:56,118.4,118.5,118.4,118.5, 226
04/17/2020,14:03,118.4,118.4,118.4,118.4, 158
04/17/2020,14:04,118.4,118.4,118.4,118.4, 11
04/17/2020,14:13,118.4,118.5,118.4,118.4, 375
04/17/2020,14:15,118.5,118.5,118.5,118.5, 392
04/17/2020,14:17,118.4,118.4,118.4,118.4, 33
04/17/2020,14:20,118.5,118.5,118.5,118.5, 776
04/17/2020,14:21,118.4,118.4,118.4,118.4, 60
04/17/2020,14:29,118.5,118.5,118.5,118.5, 19
04/17/2020,14:31,118.5,118.5,118.5,118.5, 1
04/17/2020,14:32,118.5,118.5,118.5,118.5, 58
04/17/2020,14:37,118.5,118.5,118.5,118.5, 362
04/17/2020,14:38,118.5,119.8,118.5,119.8, 2349
04/17/2020,14:39,119.9,119.9,119.8,119.8, 483
04/17/2020,14:41,119.8,119.8,119.7,119.7, 120
04/17/2020,14:41,119.8,119.8,119.8,119.8, 4
04/17/2020,14:44,119.2,119.6,119,119.3, 1000
04/17/2020,14:45,119.2,119.2,118.9,118.9, 424
04/17/2020,14:46,118.7,118.7,118.6,118.6, 202
04/17/2020,14:49,118.5,118.5,118.5,118.5, 12
04/17/2020,14:52,118.4,118.4,118.4,118.4, 63
04/17/2020,14:53,118.5,118.5,118.5,118.5, 127
04/17/2020,14:54,118.6,118.6,118.6,118.6, 10
04/17/2020,14:57,118.6,118.8,118.6,118.8, 235
04/17/2020,14:59,118.8,118.8,118.7,118.7, 76
04/17/2020,15:04,118.5,118.5,118.5,118.5, 10
04/17/2020,15:09,118.5,118.5,118.5,118.5, 24
04/17/2020,15:10,118.4,118.4,118.4,118.4, 26
04/17/2020,15:10,118.4,118.5,118.4,118.5, 260
04/17/2020,15:12,118.6,118.6,118.6,118.6, 13
04/17/2020,15:14,118.6,118.6,118.6,118.6, 62
04/17/2020,15:15,118.7,118.7,118.7,118.7, 92
04/17/2020,15:18,118.9,118.9,118.9,118.9, 75
04/17/2020,15:19,118.8,118.8,118.8,118.8, 25
04/17/2020,15:21,118.7,118.7,118.7,118.7, 11
04/17/2020,15:22,118.6,118.6,118.6,118.6, 36
04/17/2020,15:24,118.6,118.6,118.6,118.6, 22
04/17/2020,15:25,118.6,118.6,118.6,118.6, 11
04/17/2020,15:27,118.6,118.7,118.6,118.7, 80
04/17/2020,15:28,118.8,118.8,118.8,118.8, 39
04/17/2020,15:31,118.9,118.9,118.9,118.9, 99
04/17/2020,15:32,118.8,118.9,118.8,118.9, 316
04/17/2020,15:34,118.9,118.9,118.9,118.9, 47
04/17/2020,15:36,118.9,118.9,118.9,118.9, 15
04/17/2020,15:37,118.9,118.9,118.9,118.9, 96
04/17/2020,15:41,119,119.4,119,119.4, 626
04/17/2020,15:42,119.4,119.7,119.4,119.7, 255
04/17/2020,15:42,119.7,119.9,119.7,119.7, 360
04/17/2020,15:44,119.7,119.7,119.5,119.7, 309
04/17/2020,15:45,119.7,119.7,119.7,119.7, 2
04/17/2020,15:46,119.7,119.7,119.7,119.7, 23
04/17/2020,15:46,119.7,119.7,119.7,119.7, 30
04/17/2020,15:47,119.7,119.7,119.7,119.7, 15
04/17/2020,15:50,119.7,119.7,119.6,119.6, 247
04/17/2020,15:51,119.5,119.5,119.4,119.5, 196
04/17/2020,15:51,119.5,119.5,119.5,119.5, 13
04/17/2020,15:52,119.5,119.5,119.5,119.5, 10
04/17/2020,15:53,119.6,119.6,119.6,119.6, 20
04/17/2020,15:55,119.6,119.6,119.6,119.6, 117
04/17/2020,16:00,119.6,119.6,119.6,119.6, 31
04/17/2020,16:01,119.5,119.5,119.5,119.5, 132
04/17/2020,16:04,119.5,119.5,119.4,119.5, 51
04/17/2020,16:05,119.6,119.6,119.6,119.6, 62
04/17/2020,16:07,119.6,119.7,119.6,119.7, 48
04/17/2020,16:08,119.5,119.5,119.5,119.5, 69
04/17/2020,16:10,119.6,119.6,119.6,119.6, 47
04/17/2020,16:13,119.7,119.7,119.7,119.7, 100
04/17/2020,16:15,119.4,119.4,119.4,119.4, 168
04/17/2020,16:16,119.4,119.4,119.4,119.4, 2
04/17/2020,16:18,119.2,119.2,119.2,119.2, 83
04/17/2020,16:20,119.1,119.1,119.1,119.1, 45
04/17/2020,16:21,119.1,119.1,119.1,119.1, 67
04/17/2020,16:25,119.2,119.2,119.2,119.2, 175
04/17/2020,16:27,119.2,119.3,119.2,119.3, 43
04/17/2020,16:29,119.3,119.3,119.3,119.3, 60
04/17/2020,16:30,119.2,119.2,119.2,119.2, 72
04/17/2020,16:31,119.2,119.2,119,119, 141
04/17/2020,16:35,118.9,118.9,118.9,118.9, 139
04/17/2020,16:36,118.8,118.8,118.8,118.8, 48
04/17/2020,16:41,118.9,118.9,118.9,118.9, 52
04/17/2020,16:43,118.9,118.9,118.9,118.9, 105
04/17/2020,16:45,118.8,118.8,118.8,118.8, 87
04/17/2020,16:48,118.7,118.7,118.7,118.7, 21
04/17/2020,16:49,118.7,118.7,118.7,118.7, 36
04/17/2020,16:52,118.7,118.7,118.7,118.7, 170
04/17/2020,16:53,118.8,118.8,118.8,118.8, 78
04/17/2020,16:57,118.9,118.9,118.9,118.9, 68
04/17/2020,16:58,118.8,118.8,118.8,118.8, 69
04/17/2020,16:59,118.9,118.9,118.9,118.9, 2
04/17/2020,17:01,118.9,118.9,118.9,118.9, 6
04/17/2020,17:05,118.9,118.9,118.9,118.9, 27
04/17/2020,17:06,118.9,118.9,118.9,118.9, 20
04/17/2020,17:09,119,119,119,119, 115
04/17/2020,17:10,119,119,119,119, 29
04/17/2020,17:11,119.1,119.1,119.1,119.1, 5
04/17/2020,17:15,119.1,119.1,119.1,119.1, 35
04/17/2020,17:18,119.1,119.2,119.1,119.1, 164
04/17/2020,17:20,119.4,119.4,119.4,119.4, 36
04/17/2020,17:21,119.4,119.4,119.4,119.4, 60
04/17/2020,17:22,119.4,119.4,119.4,119.4, 11
04/17/2020,17:24,119.3,119.3,119.3,119.3, 26
04/17/2020,17:26,119.3,119.4,119.2,119.2, 29
04/17/2020,17:26,119.4,119.4,119.4,119.4, 14
04/17/2020,17:28,119.4,119.4,119.4,119.4, 2
04/17/2020,17:30,119.4,119.4,119.4,119.4, 14
04/17/2020,17:30,119.4,119.4,119.2,119.4, 87
04/17/2020,17:36,120.3,120.3,120.3,120.3, 15347

