01/02/2020,09:33,30.5,30.5,30.5,30.5, 10
01/02/2020,09:37,30.25,30.25,30.22,30.22, 1104
01/02/2020,09:44,30.3,30.3,30.3,30.3, 1
01/02/2020,09:55,30.27,30.27,30.27,30.27, 1775
01/02/2020,09:57,30.29,30.29,30.29,30.29, 1000
01/02/2020,09:57,30.29,30.3,30.29,30.3, 1033
01/02/2020,10:02,30.3,30.3,30.3,30.3, 400
01/02/2020,10:13,30.3,30.3,30.3,30.3, 2
01/02/2020,10:15,30.25,30.25,30.25,30.25, 2
01/02/2020,11:19,30.3,30.3,30.3,30.3, 250
01/02/2020,11:23,30.3,30.3,30.3,30.3, 75
01/02/2020,11:24,30.27,30.27,30.27,30.27, 319
01/02/2020,11:27,30.28,30.28,30.28,30.28, 319
01/02/2020,11:28,30.3,30.3,30.3,30.3, 25
01/02/2020,11:37,30.31,30.31,30.31,30.31, 200
01/02/2020,11:46,30.4,30.4,30.4,30.4, 797
01/02/2020,12:07,30.3,30.3,30.3,30.3, 50
01/02/2020,12:08,30.3,30.3,30.3,30.3, 50
01/02/2020,12:13,30.3,30.3,30.3,30.3, 50
01/02/2020,12:16,30.39,30.39,30.39,30.39, 200
01/02/2020,12:17,30.49,30.49,30.49,30.49, 5
01/02/2020,12:19,30.5,30.5,30.5,30.5, 300
01/02/2020,12:20,30.42,30.5,30.42,30.5, 185
01/02/2020,12:21,30.42,30.42,30.42,30.42, 25
01/02/2020,12:22,30.5,30.5,30.5,30.5, 250
01/02/2020,12:22,30.5,30.5,30.5,30.5, 200
01/02/2020,12:25,30.5,30.5,30.5,30.5, 749
01/02/2020,12:25,30.5,30.5,30.5,30.5, 200
01/02/2020,12:26,30.5,30.5,30.5,30.5, 320
01/02/2020,12:29,30.49,30.5,30.49,30.5, 621
01/02/2020,12:32,30.42,30.42,30.42,30.42, 95
01/02/2020,12:34,30.41,30.41,30.4,30.4, 697
01/02/2020,12:37,30.39,30.39,30.39,30.39, 200
01/02/2020,12:45,30.33,30.33,30.33,30.33, 215
01/02/2020,12:48,30.33,30.33,30.33,30.33, 191
01/02/2020,12:53,30.33,30.35,30.33,30.35, 1078
01/02/2020,12:54,30.37,30.39,30.37,30.39, 878
01/02/2020,12:58,30.41,30.41,30.41,30.41, 191
01/02/2020,12:58,30.41,30.41,30.41,30.41, 59
01/02/2020,13:00,30.42,30.43,30.42,30.43, 450
01/02/2020,13:00,30.36,30.49,30.36,30.49, 281
01/02/2020,13:02,30.37,30.59,30.37,30.59, 170
01/02/2020,13:03,30.48,30.48,30.48,30.48, 15
01/02/2020,13:08,30.45,30.45,30.45,30.45, 50
01/02/2020,13:10,30.37,30.37,30.37,30.37, 278
01/02/2020,13:12,30.32,30.32,30.3,30.3, 75
01/02/2020,13:13,30.4,30.4,30.4,30.4, 100
01/02/2020,13:18,30.35,30.42,30.35,30.42, 127
01/02/2020,13:18,30.32,30.49,30.32,30.49, 510
01/02/2020,13:21,30.36,30.49,30.36,30.49, 637
01/02/2020,13:23,30.47,30.47,30.47,30.47, 115
01/02/2020,13:24,30.51,30.54,30.5,30.54, 1593
01/02/2020,13:29,30.54,30.56,30.54,30.56, 798
01/02/2020,13:39,30.5,30.5,30.38,30.38, 55
01/02/2020,13:53,30.36,30.55,30.36,30.55, 637
01/02/2020,14:00,30.51,30.51,30.45,30.45, 27
01/02/2020,14:06,30.52,30.52,30.52,30.52, 319
01/02/2020,14:11,30.51,30.51,30.51,30.51, 10
01/02/2020,14:15,30.51,30.51,30.51,30.51, 150
01/02/2020,14:17,30.5,30.5,30.5,30.5, 50
01/02/2020,14:34,30.45,30.45,30.45,30.45, 43
01/02/2020,14:47,30.44,30.44,30.44,30.44, 2
01/02/2020,14:49,30.4,30.4,30.4,30.4, 101
01/02/2020,15:24,30.47,30.47,30.47,30.47, 637
01/02/2020,15:25,30.48,30.48,30.48,30.48, 606
01/02/2020,15:27,30.48,30.48,30.48,30.48, 32
01/02/2020,15:27,30.47,30.47,30.47,30.47, 159
01/02/2020,15:29,30.44,30.44,30.44,30.44, 50
01/02/2020,15:36,30.37,30.37,30.36,30.36, 50
01/02/2020,15:40,30.37,30.37,30.37,30.37, 166
01/02/2020,15:41,30.35,30.35,30.31,30.31, 5
01/02/2020,15:44,30.31,30.31,30.31,30.31, 500
01/02/2020,15:46,30.34,30.34,30.34,30.34, 400
01/02/2020,15:46,30.37,30.37,30.37,30.37, 50
01/02/2020,15:48,30.3,30.3,30.3,30.3, 2
01/02/2020,15:51,30.3,30.3,30.3,30.3, 40
01/02/2020,15:59,30.3,30.3,30.29,30.29, 350
01/02/2020,16:11,30.3,30.3,30.3,30.3, 510
01/02/2020,16:12,30.3,30.3,30.3,30.3, 40
01/02/2020,16:14,30.3,30.3,30.3,30.3, 734
01/02/2020,16:16,30.3,30.3,30.3,30.3, 400
01/02/2020,16:26,30.3,30.3,30.3,30.3, 1
01/03/2020,09:31,30.3,30.42,30.3,30.42, 650
01/03/2020,09:33,30.38,30.38,30.38,30.38, 2035
01/03/2020,09:34,30.38,30.38,30.37,30.37, 2000
01/03/2020,09:39,30.4,30.4,30.4,30.4, 1500
01/03/2020,09:44,30.4,30.4,30.4,30.4, 65
01/03/2020,09:51,30.47,30.47,30.47,30.47, 250
01/03/2020,10:43,30.41,30.41,30.41,30.41, 445
01/03/2020,10:45,30.37,30.37,30.37,30.37, 250
01/03/2020,10:45,30.38,30.38,30.38,30.38, 159
01/03/2020,10:48,30.4,30.4,30.4,30.4, 50
01/03/2020,10:50,30.31,30.31,30.31,30.31, 151
01/03/2020,10:57,30.37,30.37,30.37,30.37, 100
01/03/2020,11:04,30.4,30.4,30.4,30.4, 500
01/03/2020,11:14,30.4,30.4,30.4,30.4, 1000
01/03/2020,11:25,30.37,30.4,30.37,30.4, 2005
01/03/2020,11:25,30.39,30.39,30.39,30.39, 993
01/03/2020,11:27,30.39,30.39,30.39,30.39, 1159
01/03/2020,11:30,30.36,30.36,30.36,30.36, 1137
01/03/2020,11:30,30.36,30.36,30.36,30.36, 359
01/03/2020,11:31,30.35,30.35,30.35,30.35, 159
01/03/2020,11:39,30.32,30.32,30.32,30.32, 159
01/03/2020,11:52,30.4,30.41,30.4,30.41, 937
01/03/2020,11:58,30.36,30.36,30.36,30.36, 159
01/03/2020,12:03,30.36,30.36,30.36,30.36, 1000
01/03/2020,12:03,30.34,30.34,30.34,30.34, 500
01/03/2020,12:07,30.35,30.36,30.35,30.36, 1319
01/03/2020,12:33,30.4,30.42,30.4,30.42, 330
01/03/2020,12:42,30.35,30.37,30.35,30.37, 956
01/03/2020,12:46,30.4,30.4,30.4,30.4, 49
01/03/2020,12:47,30.4,30.4,30.4,30.4, 1
01/03/2020,12:58,30.33,30.33,30.33,30.33, 460
01/03/2020,13:08,30.33,30.33,30.33,30.33, 20
01/03/2020,13:10,30.33,30.33,30.29,30.29, 241
01/03/2020,13:13,30.39,30.39,30.39,30.39, 50
01/03/2020,13:21,30.39,30.4,30.39,30.4, 1150
01/03/2020,13:30,30.36,30.36,30.36,30.36, 200
01/03/2020,13:36,30.36,30.36,30.36,30.36, 100
01/03/2020,13:37,30.34,30.34,30.34,30.34, 50
01/03/2020,14:04,30.35,30.35,30.35,30.35, 200
01/03/2020,14:17,30.33,30.33,30.33,30.33, 160
01/03/2020,14:17,30.32,30.32,30.32,30.32, 160
01/03/2020,14:24,30.33,30.33,30.33,30.33, 200
01/03/2020,14:27,30.33,30.35,30.33,30.35, 101
01/03/2020,14:32,30.35,30.35,30.35,30.35, 50
01/03/2020,14:36,30.31,30.31,30.31,30.31, 200
01/03/2020,14:40,30.28,30.28,30.28,30.28, 5
01/03/2020,14:42,30.26,30.26,30.26,30.26, 6
01/03/2020,14:44,30.25,30.25,30.25,30.25, 2
01/03/2020,14:47,30.3,30.3,30.3,30.3, 50
01/03/2020,14:56,30.35,30.35,30.35,30.35, 50
01/03/2020,14:58,30.4,30.4,30.4,30.4, 99
01/03/2020,15:01,30.4,30.42,30.4,30.42, 1735
01/03/2020,15:35,30.42,30.42,30.42,30.42, 491
01/03/2020,15:58,30.46,30.46,30.46,30.46, 15
01/03/2020,16:00,30.47,30.5,30.47,30.5, 665
01/03/2020,16:13,30.46,30.46,30.46,30.46, 300
01/03/2020,16:14,30.46,30.46,30.46,30.46, 20
01/03/2020,16:26,30.46,30.46,30.46,30.46, 1
01/07/2020,10:07,31,31,31,31, 16
01/07/2020,10:23,30.99,30.99,30.91,30.91, 175
01/07/2020,10:43,30.9,30.9,30.9,30.9, 15
01/07/2020,10:47,30.88,30.89,30.88,30.89, 1000
01/07/2020,10:50,30.88,30.88,30.66,30.66, 2000
01/07/2020,10:51,30.76,30.85,30.76,30.85, 210
01/07/2020,10:52,30.8,30.8,30.8,30.8, 50
01/07/2020,10:53,30.76,30.76,30.75,30.75, 2000
01/07/2020,11:19,30.72,30.72,30.72,30.72, 40
01/07/2020,11:29,30.84,30.84,30.8,30.8, 100
01/07/2020,11:34,30.84,30.85,30.8,30.8, 165
01/07/2020,11:35,30.8,30.8,30.8,30.8, 50
01/07/2020,11:54,30.73,30.73,30.73,30.73, 10
01/07/2020,11:57,30.8,30.8,30.8,30.8, 50
01/07/2020,12:02,30.8,30.8,30.8,30.8, 200
01/07/2020,12:07,30.88,30.9,30.88,30.9, 320
01/07/2020,12:11,30.78,30.78,30.78,30.78, 5
01/07/2020,12:36,30.74,30.74,30.74,30.74, 50
01/07/2020,12:50,30.8,30.8,30.8,30.8, 66
01/07/2020,13:02,30.8,30.8,30.8,30.8, 250
01/07/2020,13:03,30.8,30.81,30.8,30.81, 750
01/07/2020,13:14,30.81,30.81,30.81,30.81, 100
01/07/2020,13:19,30.8,30.8,30.8,30.8, 30
01/07/2020,13:20,30.8,30.8,30.8,30.8, 110
01/07/2020,13:23,30.8,30.8,30.8,30.8, 100
01/07/2020,13:27,30.8,30.8,30.8,30.8, 100
01/07/2020,13:29,30.8,30.8,30.8,30.8, 100
01/07/2020,13:33,30.8,30.8,30.75,30.75, 690
01/07/2020,13:35,30.74,30.74,30.68,30.68, 352
01/07/2020,13:38,30.66,30.66,30.66,30.66, 25
01/07/2020,13:44,30.76,30.76,30.76,30.76, 50
01/07/2020,13:45,30.76,30.76,30.76,30.76, 50
01/07/2020,13:51,30.77,30.77,30.77,30.77, 100
01/07/2020,13:55,30.67,30.67,30.67,30.67, 25
01/07/2020,13:56,30.77,30.77,30.77,30.77, 200
01/07/2020,14:04,30.76,30.76,30.76,30.76, 100
01/07/2020,14:07,30.72,30.72,30.72,30.72, 100
01/07/2020,14:10,30.71,30.71,30.71,30.71, 200
01/07/2020,14:19,30.76,30.76,30.76,30.76, 600
01/07/2020,14:20,30.67,30.67,30.67,30.67, 160
01/07/2020,14:29,30.74,30.76,30.74,30.75, 1000
01/07/2020,14:30,30.75,30.75,30.75,30.75, 1
01/07/2020,14:40,30.78,30.78,30.78,30.78, 600
01/07/2020,14:51,30.76,30.76,30.76,30.76, 500
01/07/2020,14:52,30.78,30.78,30.77,30.77, 690
01/07/2020,14:53,30.77,30.77,30.77,30.77, 300
01/07/2020,15:00,30.79,30.79,30.79,30.79, 200
01/07/2020,15:05,30.78,30.78,30.78,30.78, 150
01/07/2020,15:13,30.78,30.78,30.78,30.78, 50
01/07/2020,15:21,30.71,30.71,30.71,30.71, 20
01/07/2020,15:30,30.8,30.8,30.7,30.7, 280
01/07/2020,15:35,30.75,30.75,30.75,30.75, 50
01/07/2020,15:36,30.8,30.8,30.8,30.8, 100
01/07/2020,15:38,30.8,30.8,30.8,30.8, 1
01/07/2020,15:39,30.8,30.81,30.8,30.81, 844
01/07/2020,15:50,30.81,30.81,30.81,30.81, 280
01/07/2020,15:51,30.81,30.81,30.81,30.81, 120
01/07/2020,15:53,30.75,30.75,30.7,30.7, 609
01/07/2020,15:54,30.7,30.7,30.7,30.7, 5
01/07/2020,15:56,30.68,30.68,30.68,30.68, 1
01/07/2020,16:11,30.68,30.68,30.68,30.68, 1593
01/07/2020,16:16,30.68,30.68,30.68,30.68, 401
01/07/2020,16:26,30.68,30.68,30.68,30.68, 1
01/08/2020,09:31,30.68,30.68,30.68,30.68, 415
01/08/2020,09:32,30.74,30.74,30.74,30.74, 30
01/08/2020,09:40,30.77,30.8,30.71,30.71, 2213
01/08/2020,09:42,30.68,30.68,30.68,30.68, 415
01/08/2020,09:43,30.65,30.65,30.63,30.63, 3100
01/08/2020,09:43,30.63,30.63,30.63,30.63, 1000
01/08/2020,09:47,30.61,30.61,30.61,30.61, 50
01/08/2020,09:48,30.62,30.63,30.62,30.63, 210
01/08/2020,09:50,30.63,30.63,30.63,30.63, 191
01/08/2020,09:51,30.6,30.6,30.6,30.6, 1000
01/08/2020,09:52,30.6,30.63,30.6,30.63, 361
01/08/2020,09:53,30.63,30.63,30.63,30.63, 32
01/08/2020,09:54,30.63,30.65,30.63,30.63, 559
01/08/2020,09:55,30.65,30.65,30.65,30.65, 98
01/08/2020,09:58,30.64,30.64,30.64,30.64, 999
01/08/2020,10:00,30.7,30.7,30.7,30.7, 255
01/08/2020,10:06,30.75,30.8,30.75,30.8, 160
01/08/2020,10:07,30.78,30.78,30.78,30.78, 15
01/08/2020,10:11,30.8,30.8,30.8,30.8, 159
01/08/2020,10:14,30.79,30.79,30.79,30.79, 15
01/08/2020,10:17,30.77,30.77,30.77,30.77, 15
01/08/2020,10:19,30.66,30.66,30.66,30.66, 85
01/08/2020,10:25,30.69,30.69,30.69,30.69, 430
01/08/2020,10:28,30.69,30.69,30.69,30.69, 1
01/08/2020,10:30,30.78,30.78,30.78,30.78, 135
01/08/2020,10:31,30.79,30.79,30.77,30.77, 55
01/08/2020,10:44,30.7,30.73,30.7,30.73, 550
01/08/2020,10:45,30.69,30.69,30.69,30.69, 100
01/08/2020,10:55,30.69,30.69,30.68,30.68, 500
01/08/2020,11:07,30.68,30.68,30.68,30.68, 579
01/08/2020,11:13,30.63,30.63,30.63,30.63, 15
01/08/2020,11:20,30.7,30.7,30.7,30.7, 450
01/08/2020,11:33,30.61,30.61,30.61,30.61, 10
01/08/2020,11:34,30.64,30.64,30.64,30.64, 160
01/08/2020,11:36,30.62,30.62,30.61,30.61, 600
01/08/2020,11:38,30.6,30.6,30.6,30.6, 100
01/08/2020,11:41,30.59,30.59,30.59,30.59, 50
01/08/2020,11:47,30.64,30.64,30.64,30.64, 100
01/08/2020,11:54,30.62,30.62,30.62,30.62, 30
01/08/2020,12:04,30.67,30.67,30.67,30.67, 200
01/08/2020,12:05,30.67,30.67,30.67,30.67, 1
01/08/2020,12:06,30.67,30.67,30.67,30.67, 99
01/08/2020,12:08,30.64,30.64,30.62,30.62, 160
01/08/2020,12:09,30.68,30.69,30.68,30.69, 400
01/08/2020,12:22,30.69,30.69,30.69,30.69, 130
01/08/2020,12:25,30.7,30.7,30.7,30.7, 610
01/08/2020,12:41,30.68,30.68,30.68,30.68, 100
01/08/2020,12:54,30.64,30.64,30.64,30.64, 160
01/08/2020,12:55,30.64,30.64,30.63,30.63, 320
01/08/2020,13:22,30.64,30.64,30.64,30.64, 500
01/08/2020,13:25,30.68,30.68,30.68,30.68, 400
01/08/2020,13:33,30.69,30.7,30.69,30.7, 700
01/08/2020,13:37,30.7,30.7,30.7,30.7, 35
01/08/2020,13:40,30.7,30.7,30.7,30.7, 315
01/08/2020,13:41,30.7,30.7,30.7,30.7, 350
01/08/2020,13:42,30.7,30.7,30.7,30.7, 200
01/08/2020,13:54,30.71,30.71,30.71,30.71, 200
01/08/2020,14:16,30.7,30.7,30.7,30.7, 10
01/08/2020,14:18,30.7,30.7,30.7,30.7, 20
01/08/2020,14:20,30.7,30.71,30.7,30.71, 270
01/08/2020,14:36,30.7,30.7,30.7,30.7, 100
01/08/2020,14:39,30.63,30.63,30.63,30.63, 160
01/08/2020,14:40,30.71,30.71,30.71,30.71, 199
01/08/2020,14:46,30.58,30.58,30.58,30.58, 1
01/08/2020,14:51,30.57,30.57,30.5,30.5, 779
01/08/2020,15:03,30.67,30.67,30.67,30.67, 1
01/08/2020,15:12,30.67,30.67,30.62,30.62, 602
01/08/2020,15:13,30.61,30.61,30.61,30.61, 200
01/08/2020,15:14,30.6,30.6,30.6,30.6, 90
01/08/2020,15:15,30.66,30.66,30.66,30.66, 199
01/08/2020,15:17,30.59,30.59,30.59,30.59, 1
01/08/2020,15:24,30.67,30.67,30.59,30.59, 201
01/08/2020,15:26,30.67,30.67,30.67,30.67, 1
01/08/2020,15:34,30.58,30.58,30.58,30.58, 200
01/08/2020,15:36,30.66,30.67,30.66,30.67, 205
01/08/2020,15:42,30.68,30.73,30.68,30.73, 865
01/08/2020,15:43,30.75,30.75,30.75,30.75, 100
01/08/2020,15:44,30.76,30.76,30.76,30.76, 500
01/08/2020,15:46,30.78,30.78,30.78,30.78, 1
01/08/2020,15:50,30.78,30.78,30.78,30.78, 81
01/08/2020,15:52,30.8,30.8,30.8,30.8, 503
01/08/2020,15:55,30.84,30.84,30.84,30.84, 1
01/08/2020,16:00,30.75,30.75,30.75,30.75, 100
01/08/2020,16:12,30.9,30.9,30.9,30.9, 478
01/08/2020,16:19,30.9,30.9,30.9,30.9, 692
01/08/2020,16:26,30.9,30.9,30.9,30.9, 1
01/09/2020,09:31,31.16,31.16,31.16,31.16, 50
01/09/2020,09:32,31.18,31.18,31.18,31.18, 605
01/09/2020,09:43,31.05,31.05,31.05,31.05, 2
01/09/2020,09:45,31,31,31,31, 2
01/09/2020,09:45,31.11,31.11,31.11,31.11, 1593
01/09/2020,09:47,31.13,31.13,31.13,31.13, 200
01/09/2020,09:48,31.13,31.13,31.13,31.13, 1000
01/09/2020,09:50,31.14,31.14,31.14,31.14, 32
01/09/2020,09:52,31,31,30.97,30.97, 150
01/09/2020,09:53,30.97,30.97,30.95,30.95, 265
01/09/2020,09:54,30.99,30.99,30.99,30.99, 159
01/09/2020,10:13,30.99,30.99,30.99,30.99, 30
01/09/2020,10:15,30.99,30.99,30.99,30.99, 1000
01/09/2020,10:20,31.04,31.04,31.04,31.04, 150
01/09/2020,10:24,31.05,31.05,31.05,31.05, 25
01/09/2020,10:34,31.05,31.05,31.05,31.05, 200
01/09/2020,10:36,31.01,31.01,31.01,31.01, 90
01/09/2020,10:46,31.01,31.01,31.01,31.01, 1000
01/09/2020,10:49,31.08,31.08,31.08,31.08, 150
01/09/2020,10:52,31.09,31.09,31.09,31.09, 300
01/09/2020,10:52,31.1,31.1,31.1,31.1, 100
01/09/2020,11:05,31.01,31.01,31.01,31.01, 45
01/09/2020,11:07,31,31,31,31, 1159
01/09/2020,11:08,31,31,31,31, 100
01/09/2020,11:10,31,31,31,31, 241
01/09/2020,11:13,30.99,30.99,30.99,30.99, 159
01/09/2020,11:27,30.99,30.99,30.99,30.99, 913
01/09/2020,11:27,30.96,30.96,30.96,30.96, 159
01/09/2020,11:34,30.96,30.96,30.96,30.96, 159
01/09/2020,11:41,30.96,30.96,30.96,30.96, 682
01/09/2020,11:43,30.95,30.95,30.95,30.95, 1502
01/09/2020,11:45,30.83,30.83,30.83,30.83, 159
01/09/2020,11:55,30.9,30.9,30.9,30.9, 25
01/09/2020,11:55,30.9,30.9,30.9,30.9, 175
01/09/2020,11:59,30.97,30.97,30.97,30.97, 103
01/09/2020,12:04,30.94,30.94,30.94,30.94, 270
01/09/2020,12:05,30.93,30.93,30.93,30.93, 1000
01/09/2020,12:06,30.99,30.99,30.99,30.99, 248
01/09/2020,12:08,31,31.01,31,31.01, 159
01/09/2020,12:17,30.89,30.89,30.89,30.89, 1885
01/09/2020,12:36,30.85,30.85,30.84,30.84, 1002
01/09/2020,12:39,30.84,30.84,30.83,30.83, 2000
01/09/2020,12:43,30.82,30.82,30.82,30.82, 159
01/09/2020,12:46,30.81,30.81,30.81,30.81, 477
01/09/2020,13:21,30.85,30.85,30.85,30.85, 700
01/09/2020,13:29,30.9,30.9,30.9,30.9, 50
01/09/2020,13:55,30.85,30.85,30.85,30.85, 1
01/09/2020,13:57,30.82,30.82,30.8,30.8, 977
01/09/2020,14:01,30.8,30.8,30.79,30.79, 8
01/09/2020,14:24,30.83,30.83,30.83,30.83, 50
01/09/2020,14:44,30.82,30.82,30.82,30.82, 159
01/09/2020,14:46,30.84,30.84,30.84,30.84, 100
01/09/2020,14:48,30.88,30.89,30.88,30.89, 600
01/09/2020,14:49,30.9,30.9,30.9,30.9, 400
01/09/2020,14:50,30.9,30.9,30.9,30.9, 1000
01/09/2020,15:00,30.88,30.88,30.88,30.88, 159
01/09/2020,15:01,30.88,30.88,30.88,30.88, 159
01/09/2020,15:13,30.88,30.88,30.88,30.88, 1000
01/09/2020,15:29,30.9,30.9,30.9,30.9, 2
01/09/2020,15:40,30.85,30.85,30.8,30.8, 11
01/09/2020,15:54,30.82,30.82,30.81,30.81, 1500
01/09/2020,16:00,30.85,30.85,30.8,30.8, 1500
01/09/2020,16:00,30.88,30.88,30.88,30.88, 1
01/09/2020,16:11,30.82,30.82,30.82,30.82, 515
01/09/2020,16:14,30.82,30.82,30.82,30.82, 10
01/09/2020,16:26,30.82,30.82,30.82,30.82, 1
01/10/2020,09:31,31,31,31,31, 100
01/10/2020,09:36,31.1,31.1,31.1,31.1, 100
01/10/2020,09:44,31.1,31.1,31.1,31.1, 200
01/10/2020,09:47,31.09,31.09,31.09,31.09, 100
01/10/2020,09:48,31.1,31.1,31.1,31.1, 756
01/10/2020,09:52,31.15,31.19,31.14,31.19, 1575
01/10/2020,09:54,31.19,31.19,31.19,31.19, 1000
01/10/2020,09:55,31.2,31.2,31.2,31.2, 300
01/10/2020,09:57,31.19,31.2,31.19,31.2, 1562
01/10/2020,09:58,31.18,31.18,31.18,31.18, 10
01/10/2020,09:59,31.2,31.2,31.2,31.2, 347
01/10/2020,10:01,31.22,31.24,31.22,31.24, 587
01/10/2020,10:02,31.23,31.26,31.23,31.23, 1200
01/10/2020,10:02,31.26,31.26,31.26,31.26, 50
01/10/2020,10:04,31.26,31.26,31.26,31.26, 40
01/10/2020,10:05,31.26,31.26,31.25,31.25, 1010
01/10/2020,10:06,31.22,31.22,31.2,31.2, 500
01/10/2020,10:09,31.19,31.19,31.19,31.19, 10
01/10/2020,10:14,31.28,31.3,31.28,31.3, 2187
01/10/2020,10:15,31.32,31.32,31.31,31.31, 659
01/10/2020,10:15,31.32,31.32,31.32,31.32, 1000
01/10/2020,10:22,31.29,31.32,31.29,31.32, 130
01/10/2020,10:23,31.32,31.32,31.32,31.32, 100
01/10/2020,10:25,31.31,31.31,31.31,31.31, 100
01/10/2020,10:28,31.31,31.32,31.31,31.32, 289
01/10/2020,10:28,31.31,31.31,31.31,31.31, 250
01/10/2020,10:30,31.31,31.31,31.31,31.31, 1000
01/10/2020,10:31,31.3,31.3,31.3,31.3, 1000
01/10/2020,10:32,31.28,31.28,31.28,31.28, 159
01/10/2020,10:33,31.31,31.31,31.31,31.31, 1693
01/10/2020,10:34,31.33,31.36,31.33,31.36, 250
01/10/2020,10:35,31.38,31.38,31.38,31.38, 500
01/10/2020,10:38,31.36,31.39,31.36,31.39, 550
01/10/2020,10:41,31.39,31.39,31.39,31.39, 150
01/10/2020,11:14,31.36,31.36,31.36,31.36, 10
01/10/2020,11:27,31.25,31.25,31.25,31.25, 50
01/10/2020,11:42,31.3,31.3,31.28,31.28, 302
01/10/2020,11:54,31.36,31.36,31.36,31.36, 25
01/10/2020,11:56,31.26,31.26,31.26,31.26, 200
01/10/2020,12:03,31.27,31.28,31.27,31.28, 2000
01/10/2020,12:05,31.33,31.33,31.33,31.33, 100
01/10/2020,12:07,31.36,31.38,31.36,31.38, 1159
01/10/2020,12:09,31.39,31.4,31.39,31.4, 75
01/10/2020,12:12,31.42,31.42,31.42,31.42, 500
01/10/2020,12:14,31.4,31.4,31.4,31.4, 50
01/10/2020,12:17,31.43,31.44,31.43,31.44, 800
01/10/2020,12:18,31.42,31.42,31.42,31.42, 100
01/10/2020,12:24,31.45,31.46,31.45,31.46, 110
01/10/2020,12:29,31.42,31.42,31.42,31.42, 250
01/10/2020,12:35,31.47,31.48,31.47,31.48, 569
01/10/2020,12:41,31.47,31.47,31.47,31.47, 1000
01/10/2020,12:48,31.49,31.5,31.49,31.5, 637
01/10/2020,13:09,31.41,31.41,31.41,31.41, 318
01/10/2020,13:17,31.39,31.39,31.39,31.39, 159
01/10/2020,13:18,31.39,31.39,31.39,31.39, 159
01/10/2020,13:43,31.44,31.44,31.35,31.35, 255
01/10/2020,13:46,31.35,31.35,31.35,31.35, 500
01/10/2020,14:00,31.36,31.36,31.36,31.36, 235
01/10/2020,14:02,31.34,31.34,31.34,31.34, 797
01/10/2020,14:05,31.34,31.34,31.34,31.34, 125
01/10/2020,14:13,31.41,31.41,31.41,31.41, 194
01/10/2020,14:14,31.41,31.5,31.41,31.5, 1432
01/10/2020,14:17,31.49,31.49,31.49,31.49, 20
01/10/2020,14:18,31.49,31.49,31.49,31.49, 10
01/10/2020,14:19,31.49,31.49,31.49,31.49, 20
01/10/2020,14:27,31.49,31.5,31.49,31.5, 400
01/10/2020,14:28,31.5,31.5,31.5,31.5, 50
01/10/2020,14:32,31.4,31.4,31.4,31.4, 100
01/10/2020,14:59,31.4,31.4,31.4,31.4, 50
01/10/2020,15:06,31.41,31.44,31.41,31.44, 1500
01/10/2020,15:06,31.43,31.43,31.43,31.43, 200
01/10/2020,15:09,31.4,31.4,31.4,31.4, 40
01/10/2020,15:09,31.4,31.4,31.4,31.4, 10
01/10/2020,15:11,31.45,31.45,31.45,31.45, 5
01/10/2020,15:19,31.45,31.45,31.45,31.45, 45
01/10/2020,15:29,31.44,31.44,31.44,31.44, 400
01/10/2020,15:31,31.44,31.44,31.44,31.44, 12
01/10/2020,15:40,31.45,31.45,31.45,31.45, 1000
01/10/2020,15:41,31.46,31.46,31.46,31.46, 500
01/10/2020,15:53,31.44,31.44,31.44,31.44, 50
01/10/2020,15:54,31.44,31.44,31.44,31.44, 150
01/10/2020,15:55,31.41,31.41,31.39,31.39, 1400
01/10/2020,16:26,31.39,31.39,31.39,31.39, 1
01/13/2020,09:34,31.2,31.2,31.18,31.18, 9
01/13/2020,09:42,31.23,31.23,31.23,31.23, 500
01/13/2020,09:49,31.2,31.2,31.2,31.2, 200
01/13/2020,09:53,31.23,31.23,31.23,31.23, 100
01/13/2020,09:54,31.23,31.23,31.23,31.23, 200
01/13/2020,09:56,31.2,31.2,31.2,31.2, 159
01/13/2020,10:07,31.2,31.2,31.2,31.2, 300
01/13/2020,10:10,31.28,31.28,31.28,31.28, 96
01/13/2020,10:18,31.2,31.2,31.14,31.14, 159
01/13/2020,10:20,31.15,31.15,31.15,31.15, 2
01/13/2020,10:24,31.25,31.25,31.25,31.25, 10
01/13/2020,10:28,31.13,31.13,31.13,31.13, 159
01/13/2020,10:30,31.2,31.2,31.2,31.2, 200
01/13/2020,10:38,31.17,31.17,31.17,31.17, 40
01/13/2020,10:50,31.17,31.17,31.17,31.17, 159
01/13/2020,10:54,31.16,31.16,31.16,31.16, 73
01/13/2020,11:04,31.12,31.12,31.1,31.1, 25
01/13/2020,11:14,31.1,31.1,31.1,31.1, 150
01/13/2020,11:20,31.2,31.2,31.2,31.2, 17
01/13/2020,11:53,31.19,31.19,31.15,31.15, 159
01/13/2020,11:58,31.17,31.17,31.17,31.17, 500
01/13/2020,12:05,31.2,31.2,31.2,31.2, 2
01/13/2020,12:30,31.15,31.15,31.09,31.09, 159
01/13/2020,12:35,31.13,31.13,31.12,31.12, 159
01/13/2020,12:36,31.11,31.11,31.11,31.11, 159
01/13/2020,12:46,31.12,31.12,31.12,31.12, 66
01/13/2020,12:52,31.1,31.1,31.08,31.08, 11
01/13/2020,13:00,31.07,31.07,31.07,31.07, 150
01/13/2020,13:00,31.06,31.06,31.05,31.05, 12
01/13/2020,13:04,31.04,31.04,31.04,31.04, 100
01/13/2020,13:04,31.04,31.04,31.04,31.04, 64
01/13/2020,13:26,31.07,31.07,31.07,31.07, 1000
01/13/2020,13:28,31.12,31.13,31.12,31.13, 1275
01/13/2020,13:58,31.06,31.06,31.06,31.06, 158
01/13/2020,14:04,31.05,31.05,31.02,31.02, 12
01/13/2020,14:16,31.03,31.03,31.03,31.03, 800
01/13/2020,14:16,31.02,31.02,31.02,31.02, 404
01/13/2020,14:25,31.04,31.04,31.04,31.04, 318
01/13/2020,14:26,31,31,30.98,30.98, 792
01/13/2020,14:47,31.04,31.04,31.04,31.04, 100
01/13/2020,14:54,31.01,31.01,31,31, 1000
01/13/2020,15:01,31.03,31.03,31.03,31.03, 200
01/13/2020,15:11,30.96,30.96,30.96,30.96, 10
01/13/2020,15:12,30.96,31,30.95,30.95, 152
01/13/2020,15:17,30.91,30.91,30.9,30.9, 159
01/13/2020,15:25,30.9,30.9,30.83,30.83, 1627
01/13/2020,15:26,30.82,30.82,30.82,30.82, 10
01/13/2020,15:26,30.88,30.88,30.88,30.88, 16
01/13/2020,15:45,30.85,30.85,30.75,30.75, 40
01/13/2020,16:11,30.75,30.75,30.75,30.75, 300
01/13/2020,16:26,30.75,30.75,30.75,30.75, 1
01/14/2020,10:59,31.39,31.39,31.39,31.39, 6
01/14/2020,11:07,31.34,31.34,31.34,31.34, 159
01/14/2020,11:07,31.34,31.34,31.34,31.34, 159
01/14/2020,11:20,31.4,31.4,31.4,31.4, 65
01/14/2020,11:21,31.39,31.39,31.39,31.39, 2000
01/14/2020,11:25,31.39,31.39,31.36,31.36, 168
01/14/2020,11:25,31.34,31.34,31.34,31.34, 45
01/14/2020,11:28,31.34,31.34,31.34,31.34, 797
01/14/2020,11:32,31.31,31.31,31.3,31.3, 25
01/14/2020,11:33,31.3,31.35,31.3,31.35, 55
01/14/2020,11:38,31.3,31.3,31.3,31.3, 200
01/14/2020,11:41,31.29,31.29,31.29,31.29, 100
01/14/2020,11:55,31.29,31.3,31.29,31.29, 151
01/14/2020,12:16,31.22,31.22,31.22,31.22, 159
01/14/2020,12:20,31.2,31.2,31.2,31.2, 100
01/14/2020,12:31,31.21,31.21,31.21,31.21, 150
01/14/2020,12:35,31.22,31.22,31.22,31.22, 159
01/14/2020,12:37,31.25,31.25,31.25,31.25, 100
01/14/2020,12:52,31.27,31.27,31.27,31.27, 350
01/14/2020,12:56,31.3,31.3,31.3,31.3, 50
01/14/2020,12:59,31.26,31.26,31.26,31.26, 2000
01/14/2020,13:03,31.25,31.35,31.13,31.35, 193
01/14/2020,13:06,31.32,31.32,31.32,31.32, 300
01/14/2020,13:07,31.35,31.35,31.35,31.35, 74
01/14/2020,13:09,31.35,31.46,31.35,31.44, 1830
01/14/2020,13:09,31.48,31.48,31.48,31.48, 256
01/14/2020,13:10,31.46,31.46,31.46,31.46, 100
01/14/2020,13:12,31.48,31.48,31.48,31.48, 794
01/14/2020,13:13,31.49,31.49,31.49,31.49, 325
01/14/2020,13:15,31.5,31.5,31.49,31.49, 824
01/14/2020,13:16,31.5,31.5,31.5,31.5, 50
01/14/2020,13:20,31.5,31.5,31.47,31.5, 713
01/14/2020,13:22,31.5,31.5,31.5,31.5, 200
01/14/2020,13:24,31.5,31.5,31.5,31.5, 137
01/14/2020,13:25,31.5,31.5,31.5,31.5, 500
01/14/2020,13:26,31.5,31.5,31.5,31.5, 500
01/14/2020,13:29,31.5,31.5,31.5,31.5, 50
01/14/2020,13:31,31.5,31.5,31.5,31.5, 200
01/14/2020,13:37,31.5,31.5,31.5,31.5, 1
01/14/2020,13:38,31.5,31.5,31.5,31.5, 6
01/14/2020,13:42,31.56,31.56,31.56,31.56, 500
01/14/2020,13:45,31.55,31.55,31.55,31.55, 100
01/14/2020,13:47,31.55,31.6,31.55,31.58, 3865
01/14/2020,13:49,31.59,31.6,31.58,31.58, 500
01/14/2020,13:55,31.57,31.57,31.57,31.57, 300
01/14/2020,14:00,31.56,31.56,31.56,31.56, 159
01/14/2020,14:00,31.56,31.56,31.56,31.56, 159
01/14/2020,14:02,31.58,31.58,31.58,31.58, 100
01/14/2020,14:06,31.58,31.58,31.58,31.58, 793
01/14/2020,14:08,31.55,31.55,31.52,31.52, 1318
01/14/2020,14:10,31.51,31.51,31.5,31.51, 1094
01/14/2020,14:11,31.53,31.53,31.53,31.53, 80
01/14/2020,14:19,31.55,31.55,31.55,31.55, 855
01/14/2020,14:21,31.56,31.56,31.56,31.56, 20
01/14/2020,14:26,31.6,31.62,31.6,31.62, 1435
01/14/2020,14:28,31.62,31.64,31.62,31.64, 233
01/14/2020,14:29,31.66,31.66,31.66,31.66, 565
01/14/2020,14:30,31.67,31.67,31.67,31.67, 100
01/14/2020,14:30,31.63,31.63,31.63,31.63, 300
01/14/2020,14:32,31.72,31.72,31.63,31.63, 55
01/14/2020,14:33,31.71,31.71,31.62,31.62, 169
01/14/2020,14:40,31.63,31.64,31.63,31.64, 300
01/14/2020,14:40,31.66,31.66,31.66,31.66, 3
01/14/2020,14:41,31.7,31.7,31.7,31.7, 300
01/14/2020,14:46,31.65,31.65,31.65,31.65, 5
01/14/2020,14:49,31.62,31.65,31.62,31.65, 244
01/14/2020,14:57,31.58,31.58,31.58,31.58, 5
01/14/2020,15:05,31.6,31.6,31.6,31.6, 500
01/14/2020,15:07,31.66,31.66,31.59,31.59, 1120
01/14/2020,15:08,31.65,31.65,31.65,31.65, 258
01/14/2020,15:13,31.61,31.61,31.61,31.61, 1056
01/14/2020,15:23,31.59,31.59,31.59,31.59, 200
01/14/2020,15:26,31.65,31.68,31.65,31.68, 1925
01/14/2020,15:27,31.7,31.7,31.7,31.7, 321
01/14/2020,15:31,31.62,31.62,31.62,31.62, 1276
01/14/2020,15:31,31.61,31.61,31.61,31.61, 1030
01/14/2020,15:37,31.65,31.69,31.65,31.69, 54
01/14/2020,15:47,31.55,31.55,31.55,31.55, 25
01/14/2020,15:50,31.64,31.64,31.55,31.55, 1320
01/14/2020,15:53,31.55,31.55,31.55,31.55, 100
01/14/2020,15:59,31.55,31.55,31.55,31.55, 250
01/14/2020,16:00,31.55,31.55,31.47,31.55, 1300
01/14/2020,16:11,31.55,31.55,31.55,31.55, 449
01/14/2020,16:20,31.55,31.55,31.55,31.55, 1369
01/14/2020,16:26,31.55,31.55,31.55,31.55, 1
01/15/2020,09:31,31.66,31.66,31.6,31.6, 1291
01/15/2020,09:35,31.57,31.71,31.57,31.71, 192
01/15/2020,09:35,31.61,31.61,31.6,31.6, 317
01/15/2020,09:36,31.76,31.85,31.76,31.85, 443
01/15/2020,09:42,31.75,31.77,31.75,31.77, 2150
01/15/2020,09:43,31.79,31.8,31.77,31.77, 555
01/15/2020,09:51,31.77,31.77,31.77,31.77, 107
01/15/2020,09:56,31.78,31.78,31.78,31.78, 1646
01/15/2020,10:03,31.78,31.78,31.78,31.78, 59
01/15/2020,10:06,31.76,31.76,31.76,31.76, 159
01/15/2020,10:10,31.8,31.8,31.8,31.8, 50
01/15/2020,10:12,31.83,31.83,31.83,31.83, 200
01/15/2020,10:14,31.81,31.81,31.81,31.81, 50
01/15/2020,10:32,31.77,31.77,31.77,31.77, 1000
01/15/2020,10:51,31.8,31.8,31.8,31.8, 813
01/15/2020,10:55,31.8,31.8,31.8,31.8, 1
01/15/2020,10:56,31.75,31.75,31.75,31.75, 9
01/15/2020,10:57,31.75,31.75,31.75,31.75, 18
01/15/2020,11:02,31.76,31.76,31.76,31.76, 1000
01/15/2020,11:24,31.79,31.8,31.79,31.8, 1100
01/15/2020,11:29,31.79,31.79,31.79,31.79, 50
01/15/2020,11:30,31.8,31.8,31.8,31.8, 900
01/15/2020,11:34,31.82,31.85,31.82,31.85, 1200
01/15/2020,11:35,31.85,31.85,31.85,31.85, 346
01/15/2020,11:37,31.85,31.85,31.85,31.85, 354
01/15/2020,11:37,31.86,31.86,31.86,31.86, 100
01/15/2020,11:39,31.9,31.9,31.89,31.89, 1750
01/15/2020,11:40,31.9,31.95,31.9,31.95, 110
01/15/2020,11:55,31.93,31.93,31.93,31.93, 100
01/15/2020,12:00,31.92,31.92,31.92,31.92, 100
01/15/2020,12:06,31.93,31.97,31.93,31.97, 1401
01/15/2020,12:06,31.95,31.96,31.95,31.96, 309
01/15/2020,12:08,31.94,31.94,31.94,31.94, 159
01/15/2020,12:09,31.94,31.94,31.93,31.93, 487
01/15/2020,12:10,31.95,31.95,31.95,31.95, 50
01/15/2020,12:14,31.97,31.97,31.97,31.97, 250
01/15/2020,12:22,32,32,32,32, 1568
01/15/2020,12:23,32,32,32,32, 386
01/15/2020,12:26,31.96,32,31.96,32, 290
01/15/2020,12:32,32,32.04,32,32.04, 889
01/15/2020,12:33,32.05,32.05,32.03,32.04, 2205
01/15/2020,12:35,32.05,32.05,32.05,32.05, 100
01/15/2020,12:36,32.06,32.06,32.06,32.06, 2
01/15/2020,12:37,32.07,32.07,32.07,32.07, 600
01/15/2020,12:38,32.07,32.07,32.07,32.07, 100
01/15/2020,12:40,32.1,32.1,32.1,32.1, 1
01/15/2020,12:41,32.06,32.07,32.06,32.07, 1056
01/15/2020,12:42,32.13,32.13,32.07,32.07, 150
01/15/2020,12:43,32.13,32.13,32.13,32.13, 159
01/15/2020,12:44,32.1,32.1,32.1,32.1, 50
01/15/2020,12:59,32.06,32.06,32.06,32.06, 5
01/15/2020,13:00,32.06,32.08,32.06,32.08, 394
01/15/2020,13:01,32.09,32.09,32.09,32.09, 300
01/15/2020,13:06,32.09,32.09,32.09,32.09, 50
01/15/2020,13:07,32.09,32.09,32.09,32.09, 100
01/15/2020,13:14,32.1,32.1,32.1,32.1, 100
01/15/2020,13:17,32.13,32.15,32.12,32.15, 2461
01/15/2020,13:17,32.16,32.16,32.16,32.16, 200
01/15/2020,13:18,32.22,32.22,32.22,32.22, 100
01/15/2020,13:22,32.22,32.22,32.22,32.22, 180
01/15/2020,13:23,32.2,32.2,32.2,32.2, 25
01/15/2020,13:24,32.22,32.22,32.22,32.22, 5
01/15/2020,13:30,32.11,32.2,32.11,32.2, 1015
01/15/2020,13:42,32.09,32.09,32.09,32.09, 1085
01/15/2020,13:43,32.07,32.07,32.07,32.07, 12
01/15/2020,13:46,32.18,32.18,32.18,32.18, 5
01/15/2020,13:47,32.12,32.12,32.1,32.12, 2001
01/15/2020,13:50,32.14,32.14,32.14,32.14, 35
01/15/2020,13:51,32.17,32.17,32.17,32.17, 210
01/15/2020,13:54,32.17,32.18,32.17,32.18, 541
01/15/2020,13:54,32.17,32.2,32.17,32.2, 120
01/15/2020,13:55,32.18,32.2,32.18,32.2, 231
01/15/2020,13:56,32.22,32.23,32.22,32.23, 2430
01/15/2020,13:57,32.26,32.26,32.26,32.26, 50
01/15/2020,13:59,32.28,32.28,32.28,32.28, 5
01/15/2020,14:01,32.25,32.25,32.25,32.25, 100
01/15/2020,14:14,32.19,32.19,32.19,32.19, 1000
01/15/2020,14:14,32.21,32.21,32.21,32.21, 500
01/15/2020,14:23,32.21,32.21,32.21,32.21, 159
01/15/2020,14:24,32.2,32.2,32.2,32.2, 159
01/15/2020,14:25,32.2,32.2,32.2,32.2, 159
01/15/2020,14:26,32.2,32.2,32.2,32.2, 1159
01/15/2020,14:35,32.19,32.2,32.19,32.2, 55
01/15/2020,14:46,32.25,32.25,32.25,32.25, 50
01/15/2020,14:46,32.24,32.24,32.24,32.24, 1000
01/15/2020,14:48,32.28,32.28,32.28,32.28, 65
01/15/2020,14:56,32.16,32.25,32.12,32.12, 11
01/15/2020,14:56,32.2,32.24,32.2,32.24, 587
01/15/2020,14:57,32.23,32.23,32.09,32.09, 110
01/15/2020,14:59,32.13,32.13,32.13,32.13, 99
01/15/2020,15:02,32.12,32.12,32.12,32.12, 1000
01/15/2020,15:06,32.15,32.19,32.15,32.19, 501
01/15/2020,15:09,32.19,32.22,32.19,32.2, 752
01/15/2020,15:15,32.23,32.23,32.23,32.23, 395
01/15/2020,15:16,32.25,32.25,32.25,32.25, 84
01/15/2020,15:17,32.25,32.25,32.25,32.25, 500
01/15/2020,15:33,32.15,32.15,32.15,32.15, 50
01/15/2020,15:35,32.21,32.21,32.21,32.21, 1000
01/15/2020,15:42,32.24,32.24,32.24,32.24, 20
01/15/2020,15:52,32.14,32.14,32.14,32.14, 5
01/15/2020,15:55,32.09,32.1,32.09,32.1, 361
01/15/2020,15:58,32.07,32.07,32.02,32.02, 389
01/15/2020,16:00,32.03,32.03,32,32.03, 2000
01/15/2020,16:11,32.2,32.2,32.2,32.2, 1087
01/15/2020,16:13,32.2,32.2,32.2,32.2, 916
01/15/2020,16:26,32.2,32.2,32.2,32.2, 1
01/16/2020,09:32,32.28,32.28,32.27,32.27, 1001
01/16/2020,09:43,32.22,32.22,32.22,32.22, 100
01/16/2020,09:44,32.2,32.2,32.2,32.2, 100
01/16/2020,09:46,32.23,32.23,32.23,32.23, 330
01/16/2020,09:55,32.23,32.23,32.23,32.23, 318
01/16/2020,10:08,32.32,32.32,32.32,32.32, 190
01/16/2020,10:12,32.31,32.31,32.31,32.31, 159
01/16/2020,10:13,32.34,32.34,32.34,32.34, 797
01/16/2020,10:16,32.35,32.35,32.35,32.35, 50
01/16/2020,10:18,32.38,32.39,32.38,32.39, 1000
01/16/2020,10:19,32.39,32.39,32.39,32.39, 100
01/16/2020,10:20,32.39,32.43,32.39,32.43, 1100
01/16/2020,10:21,32.43,32.43,32.4,32.4, 232
01/16/2020,10:22,32.43,32.43,32.43,32.43, 568
01/16/2020,10:25,32.47,32.47,32.47,32.47, 1347
01/16/2020,10:26,32.47,32.47,32.47,32.47, 250
01/16/2020,10:27,32.47,32.47,32.47,32.47, 500
01/16/2020,10:28,32.4,32.45,32.4,32.41, 1015
01/16/2020,10:29,32.45,32.45,32.45,32.45, 800
01/16/2020,10:31,32.47,32.47,32.4,32.4, 977
01/16/2020,10:31,32.47,32.47,32.47,32.47, 252
01/16/2020,10:32,32.41,32.41,32.35,32.35, 65
01/16/2020,10:33,32.45,32.45,32.45,32.45, 150
01/16/2020,10:34,32.45,32.46,32.45,32.46, 601
01/16/2020,10:35,32.41,32.41,32.34,32.34, 343
01/16/2020,10:36,32.36,32.41,32.36,32.41, 265
01/16/2020,10:40,32.47,32.48,32.47,32.48, 850
01/16/2020,10:46,32.34,32.34,32.34,32.34, 15
01/16/2020,10:47,32.33,32.33,32.26,32.26, 38
01/16/2020,10:52,32.23,32.23,32.23,32.23, 160
01/16/2020,10:56,32.23,32.23,32.23,32.23, 40
01/16/2020,11:05,32.22,32.22,32.22,32.22, 20
01/16/2020,11:07,32.27,32.27,32.26,32.26, 100
01/16/2020,11:08,32.22,32.22,32.22,32.22, 150
01/16/2020,11:16,32.33,32.33,32.33,32.33, 600
01/16/2020,11:26,32.25,32.25,32.25,32.25, 100
01/16/2020,11:39,32.25,32.25,32.22,32.22, 992
01/16/2020,11:40,32.13,32.2,32.13,32.2, 162
01/16/2020,11:41,32.29,32.29,32.29,32.29, 650
01/16/2020,11:42,32.29,32.29,32.21,32.21, 940
01/16/2020,11:45,32.2,32.2,32.2,32.2, 2
01/16/2020,11:49,32.2,32.2,32.2,32.2, 2
01/16/2020,11:55,32.15,32.15,32.15,32.15, 4
01/16/2020,11:56,32.22,32.22,32.2,32.2, 200
01/16/2020,12:15,32.13,32.13,32.1,32.1, 252
01/16/2020,12:18,32.17,32.17,32.17,32.17, 298
01/16/2020,12:19,32.17,32.17,32.17,32.17, 100
01/16/2020,12:27,32.19,32.19,32.19,32.19, 150
01/16/2020,12:31,32.21,32.22,32.21,32.22, 119
01/16/2020,12:32,32.22,32.22,32.22,32.22, 1
01/16/2020,12:35,32.22,32.22,32.22,32.22, 200
01/16/2020,12:40,32.28,32.28,32.28,32.28, 170
01/16/2020,12:56,32.18,32.18,32.15,32.15, 4
01/16/2020,13:00,32.29,32.29,32.29,32.29, 825
01/16/2020,13:17,32.18,32.18,32.18,32.18, 10
01/16/2020,13:22,32.15,32.15,32.15,32.15, 2
01/16/2020,13:32,32.2,32.2,32.2,32.2, 1
01/16/2020,13:35,32.15,32.15,32.15,32.15, 1391
01/16/2020,13:36,32.1,32.1,32.05,32.05, 178
01/16/2020,13:37,32.01,32.01,32.01,32.01, 1
01/16/2020,13:38,32.01,32.01,31.95,31.95, 21
01/16/2020,13:47,32,32,32,32, 250
01/16/2020,13:52,31.95,31.95,31.95,31.95, 1
01/16/2020,13:59,31.92,31.92,31.92,31.92, 1
01/16/2020,14:03,32,32,32,32, 65
01/16/2020,14:19,32.13,32.15,32.13,32.15, 500
01/16/2020,14:20,32.15,32.15,32.15,32.15, 9
01/16/2020,14:29,32.28,32.28,32.28,32.28, 50
01/16/2020,14:32,32.28,32.28,32.28,32.28, 1110
01/16/2020,14:33,32.28,32.28,32.28,32.28, 50
01/16/2020,14:40,32.29,32.29,32.29,32.29, 715
01/16/2020,14:42,32.2,32.2,32.2,32.2, 10
01/16/2020,14:49,32.3,32.31,32.3,32.3, 2005
01/16/2020,14:59,32.16,32.16,32.16,32.16, 5
01/16/2020,15:06,32.25,32.25,32.25,32.25, 605
01/16/2020,15:07,32.25,32.31,32.25,32.31, 1275
01/16/2020,15:08,32.3,32.32,32.3,32.32, 637
01/16/2020,15:11,32.3,32.32,32.3,32.32, 638
01/16/2020,15:12,32.31,32.31,32.31,32.31, 637
01/16/2020,15:13,32.31,32.32,32.31,32.32, 1743
01/16/2020,15:15,32.31,32.31,32.31,32.31, 1593
01/16/2020,15:19,32.29,32.29,32.29,32.29, 2000
01/16/2020,15:21,32.3,32.3,32.3,32.3, 1593
01/16/2020,15:22,32.29,32.29,32.29,32.29, 32
01/16/2020,15:23,32.28,32.28,32.28,32.28, 5
01/16/2020,15:25,32.27,32.28,32.27,32.27, 1019
01/16/2020,15:28,32.29,32.3,32.29,32.3, 1593
01/16/2020,15:29,32.26,32.26,32.26,32.26, 160
01/16/2020,15:31,32.22,32.27,32.22,32.27, 1021
01/16/2020,15:34,32.26,32.26,32.26,32.26, 2000
01/16/2020,15:36,32.18,32.29,32.18,32.29, 2230
01/16/2020,15:38,32.28,32.29,32.28,32.29, 2935
01/16/2020,15:39,32.21,32.21,32.21,32.21, 50
01/16/2020,15:43,32.17,32.18,32.16,32.18, 110
01/16/2020,15:49,32.2,32.2,32.2,32.2, 100
01/16/2020,15:52,32.22,32.22,32.22,32.22, 1
01/16/2020,15:56,32.27,32.34,32.27,32.34, 1492
01/16/2020,15:57,32.32,32.33,32.32,32.33, 1593
01/16/2020,16:00,32.25,32.25,32.25,32.25, 250
01/16/2020,16:11,32.24,32.24,32.24,32.24, 500
01/16/2020,16:26,32.24,32.24,32.24,32.24, 1
01/17/2020,09:36,32.37,32.37,32.36,32.36, 2000
01/17/2020,09:39,32.39,32.39,32.39,32.39, 800
01/17/2020,09:42,32.39,32.39,32.37,32.37, 1400
01/17/2020,09:51,32.27,32.27,32.27,32.27, 3
01/17/2020,09:58,32.26,32.39,32.25,32.39, 12
01/17/2020,10:03,32.34,32.34,32.34,32.34, 500
01/17/2020,10:05,32.34,32.34,32.34,32.34, 500
01/17/2020,10:20,32.35,32.37,32.35,32.37, 1000
01/17/2020,10:25,32.4,32.4,32.4,32.4, 1060
01/17/2020,10:26,32.4,32.4,32.4,32.4, 797
01/17/2020,10:26,32.41,32.41,32.41,32.41, 500
01/17/2020,10:27,32.41,32.41,32.41,32.41, 100
01/17/2020,10:47,32.35,32.35,32.35,32.35, 500
01/17/2020,11:02,32.35,32.35,32.35,32.35, 1
01/17/2020,11:03,32.3,32.3,32.26,32.26, 10
01/17/2020,11:09,32.25,32.25,32.25,32.25, 100
01/17/2020,11:44,32.34,32.35,32.34,32.35, 700
01/17/2020,11:47,32.39,32.4,32.39,32.4, 119
01/17/2020,11:51,32.34,32.34,32.34,32.34, 625
01/17/2020,12:07,32.41,32.41,32.4,32.4, 680
01/17/2020,12:33,32.45,32.45,32.45,32.45, 814
01/17/2020,12:39,32.45,32.45,32.45,32.45, 94
01/17/2020,12:39,32.46,32.46,32.46,32.46, 96
01/17/2020,13:01,32.27,32.38,32.27,32.38, 35740
01/17/2020,13:05,32.46,32.46,32.43,32.43, 350
01/17/2020,13:10,32.47,32.47,32.47,32.47, 110
01/17/2020,13:12,32.47,32.47,32.47,32.47, 888
01/17/2020,13:21,32.49,32.49,32.49,32.49, 500
01/17/2020,13:26,32.49,32.49,32.49,32.49, 10
01/17/2020,13:28,32.44,32.44,32.44,32.44, 2105
01/17/2020,13:32,32.44,32.44,32.44,32.44, 500
01/17/2020,13:47,32.44,32.44,32.44,32.44, 1500
01/17/2020,14:01,32.46,32.46,32.46,32.46, 158
01/17/2020,14:02,32.46,32.46,32.43,32.43, 2708
01/17/2020,14:04,32.41,32.41,32.4,32.41, 2138
01/17/2020,14:45,32.4,32.4,32.4,32.4, 158
01/17/2020,14:51,32.46,32.46,32.46,32.46, 204
01/17/2020,14:53,32.41,32.41,32.41,32.41, 10
01/17/2020,14:55,32.41,32.41,32.41,32.41, 60
01/17/2020,15:10,32.4,32.4,32.4,32.4, 25
01/17/2020,15:29,32.4,32.4,32.4,32.4, 200
01/17/2020,15:35,32.4,32.4,32.4,32.4, 158
01/17/2020,15:36,32.4,32.4,32.4,32.4, 122
01/17/2020,15:57,32.44,32.44,32.44,32.44, 1000
01/17/2020,16:11,32.47,32.47,32.47,32.47, 1620
01/17/2020,16:26,32.47,32.47,32.47,32.47, 1
01/20/2020,09:30,32.35,32.35,32.35,32.35, 154
01/20/2020,09:44,32.31,32.31,32.3,32.3, 10
01/20/2020,09:45,32.3,32.3,32.18,32.18, 61
01/20/2020,09:46,32.18,32.18,32.18,32.18, 30
01/20/2020,09:52,32.16,32.16,32.15,32.15, 22
01/20/2020,09:53,32.13,32.13,32.13,32.13, 500
01/20/2020,09:54,32.13,32.13,32.12,32.12, 1037
01/20/2020,09:55,32.15,32.15,32.11,32.12, 424
01/20/2020,09:59,32.14,32.14,32.13,32.13, 100
01/20/2020,10:03,32.16,32.3,32.16,32.3, 140
01/20/2020,10:05,32.12,32.12,32.12,32.12, 55
01/20/2020,10:06,32.14,32.14,32.12,32.12, 150
01/20/2020,10:08,32.12,32.12,32.12,32.12, 159
01/20/2020,10:17,32.2,32.2,32.2,32.2, 956
01/20/2020,10:24,32.3,32.3,32.3,32.3, 940
01/20/2020,10:39,32.14,32.14,32.14,32.14, 280
01/20/2020,11:03,32.13,32.13,32.13,32.13, 110
01/20/2020,11:08,32.1,32.1,32.1,32.1, 160
01/20/2020,11:37,32.16,32.16,32.15,32.15, 600
01/20/2020,12:46,32.22,32.22,32.22,32.22, 3500
01/20/2020,13:01,32.1,32.1,32.1,32.1, 6
01/20/2020,13:02,32.05,32.05,32.04,32.04, 38
01/20/2020,13:03,32.2,32.2,32.2,32.2, 50
01/20/2020,13:08,32.3,32.3,32.3,32.3, 50
01/20/2020,13:10,32.3,32.3,32.3,32.3, 50
01/20/2020,13:26,32.21,32.21,32.21,32.21, 23
01/20/2020,13:29,32.21,32.21,32.21,32.21, 23
01/20/2020,13:31,32.21,32.21,32.21,32.21, 54
01/20/2020,13:45,32.23,32.23,32.23,32.23, 7
01/20/2020,13:48,32.29,32.3,32.29,32.3, 950
01/20/2020,13:51,32.3,32.3,32.3,32.3, 550
01/20/2020,13:56,32.3,32.3,32.3,32.3, 50
01/20/2020,13:58,32.31,32.31,32.31,32.31, 50
01/20/2020,14:16,32.31,32.31,32.31,32.31, 310
01/20/2020,14:18,32.34,32.34,32.34,32.34, 600
01/20/2020,14:19,32.37,32.37,32.37,32.37, 150
01/20/2020,14:21,32.42,32.42,32.42,32.42, 1000
01/20/2020,14:25,32.44,32.44,32.44,32.44, 700
01/20/2020,14:27,32.44,32.44,32.44,32.44, 1000
01/20/2020,14:31,32.41,32.41,32.4,32.4, 200
01/20/2020,14:41,32.45,32.45,32.45,32.45, 100
01/20/2020,14:42,32.46,32.46,32.46,32.46, 1000
01/20/2020,14:42,32.52,32.52,32.52,32.52, 20
01/20/2020,14:49,32.55,32.55,32.55,32.55, 50
01/20/2020,15:08,32.47,32.47,32.47,32.47, 500
01/20/2020,15:10,32.47,32.47,32.47,32.47, 506
01/20/2020,15:23,32.55,32.55,32.55,32.55, 500
01/20/2020,15:24,32.55,32.55,32.55,32.55, 47
01/20/2020,15:37,32.6,32.62,32.6,32.62, 525
01/20/2020,15:44,32.64,32.64,32.64,32.64, 210
01/20/2020,15:45,32.65,32.65,32.65,32.65, 500
01/20/2020,15:47,32.69,32.69,32.69,32.69, 50
01/20/2020,15:49,32.7,32.7,32.7,32.7, 790
01/20/2020,15:54,32.65,32.65,32.65,32.65, 20
01/20/2020,15:57,32.64,32.64,32.64,32.64, 1800
01/20/2020,15:58,32.64,32.64,32.64,32.64, 1150
01/20/2020,16:10,32.7,32.7,32.7,32.7, 7500
01/20/2020,16:26,32.7,32.7,32.7,32.7, 1
01/21/2020,09:32,32.45,32.45,32.45,32.45, 1100
01/21/2020,09:33,32.44,32.45,32.44,32.45, 1025
01/21/2020,09:35,32.38,32.38,32.38,32.38, 10
01/21/2020,09:44,32.35,32.35,32.35,32.35, 10
01/21/2020,09:59,32.38,32.38,32.38,32.38, 100
01/21/2020,10:10,32.32,32.32,32.32,32.32, 15
01/21/2020,10:13,32.26,32.26,32.25,32.25, 817
01/21/2020,10:24,32.26,32.26,32.26,32.26, 80
01/21/2020,10:31,32.3,32.3,32.3,32.3, 200
01/21/2020,10:49,32.32,32.32,32.32,32.32, 98
01/21/2020,10:55,32.24,32.24,32.24,32.24, 1594
01/21/2020,10:57,32.24,32.24,32.24,32.24, 400
01/21/2020,10:58,32.24,32.24,32.24,32.24, 946
01/21/2020,11:10,32.25,32.25,32.25,32.25, 50
01/21/2020,11:15,32.26,32.26,32.26,32.26, 1593
01/21/2020,11:26,32.25,32.25,32.25,32.25, 120
01/21/2020,11:37,32.37,32.37,32.37,32.37, 15
01/21/2020,11:38,32.37,32.37,32.37,32.37, 10
01/21/2020,11:46,32.38,32.38,32.38,32.38, 99
01/21/2020,11:50,32.31,32.31,32.31,32.31, 30
01/21/2020,12:11,32.31,32.31,32.3,32.3, 60
01/21/2020,12:17,32.27,32.27,32.27,32.27, 2
01/21/2020,12:32,32.38,32.38,32.38,32.38, 351
01/21/2020,12:34,32.4,32.4,32.4,32.4, 15
01/21/2020,12:37,32.41,32.41,32.41,32.41, 50
01/21/2020,12:44,32.41,32.41,32.41,32.41, 1500
01/21/2020,12:53,32.35,32.35,32.34,32.34, 170
01/21/2020,13:01,32.41,32.41,32.41,32.41, 250
01/21/2020,13:06,32.41,32.41,32.41,32.41, 34
01/21/2020,13:07,32.42,32.43,32.42,32.43, 520
01/21/2020,13:15,32.43,32.43,32.43,32.43, 480
01/21/2020,13:17,32.43,32.43,32.43,32.43, 90
01/21/2020,13:26,32.44,32.44,32.44,32.44, 500
01/21/2020,13:29,32.49,32.5,32.49,32.5, 60
01/21/2020,13:33,32.46,32.46,32.46,32.46, 40
01/21/2020,13:46,32.42,32.42,32.42,32.42, 159
01/21/2020,13:47,32.42,32.42,32.42,32.42, 841
01/21/2020,13:47,32.36,32.42,32.36,32.42, 215
01/21/2020,13:55,32.42,32.42,32.42,32.42, 500
01/21/2020,14:05,32.43,32.43,32.43,32.43, 100
01/21/2020,14:15,32.47,32.47,32.47,32.47, 200
01/21/2020,14:20,32.48,32.48,32.48,32.48, 800
01/21/2020,14:20,32.48,32.48,32.48,32.48, 1000
01/21/2020,14:23,32.44,32.44,32.44,32.44, 15
01/21/2020,14:32,32.46,32.46,32.46,32.46, 10
01/21/2020,14:34,32.46,32.46,32.46,32.46, 50
01/21/2020,14:44,32.49,32.5,32.49,32.5, 960
01/21/2020,14:45,32.5,32.5,32.46,32.47, 165
01/21/2020,14:50,32.5,32.5,32.46,32.46, 2000
01/21/2020,14:57,32.53,32.53,32.53,32.53, 563
01/21/2020,15:00,32.5,32.5,32.5,32.5, 15
01/21/2020,15:00,32.46,32.46,32.46,32.46, 100
01/21/2020,15:04,32.47,32.47,32.47,32.47, 200
01/21/2020,15:06,32.5,32.5,32.5,32.5, 50
01/21/2020,15:10,32.5,32.5,32.5,32.5, 435
01/21/2020,15:13,32.5,32.5,32.5,32.5, 165
01/21/2020,15:16,32.53,32.53,32.53,32.53, 962
01/21/2020,15:18,32.55,32.55,32.55,32.55, 50
01/21/2020,15:24,32.5,32.5,32.5,32.5, 32
01/21/2020,15:28,32.6,32.6,32.6,32.6, 100
01/21/2020,15:28,32.63,32.63,32.63,32.63, 168
01/21/2020,15:31,32.55,32.55,32.55,32.55, 82
01/21/2020,15:40,32.65,32.65,32.56,32.56, 150
01/21/2020,15:41,32.64,32.64,32.64,32.64, 323
01/21/2020,15:42,32.56,32.56,32.56,32.56, 23
01/21/2020,15:43,32.56,32.56,32.56,32.56, 2
01/21/2020,15:46,32.58,32.65,32.58,32.65, 1000
01/21/2020,15:50,32.58,32.58,32.58,32.58, 100
01/21/2020,15:52,32.63,32.63,32.6,32.6, 100
01/21/2020,15:57,32.62,32.62,32.62,32.62, 5
01/21/2020,16:00,32.64,32.65,32.64,32.65, 1900
01/21/2020,16:11,32.7,32.7,32.7,32.7, 5631
01/21/2020,16:12,32.7,32.7,32.7,32.7, 2570
01/21/2020,16:13,32.7,32.7,32.7,32.7, 5
01/21/2020,16:13,32.7,32.7,32.7,32.7, 1539
01/21/2020,16:26,32.7,32.7,32.7,32.7, 1
01/22/2020,09:49,32.61,32.61,32.61,32.61, 100
01/22/2020,10:01,32.61,32.61,32.61,32.61, 100
01/22/2020,10:05,32.61,32.61,32.61,32.61, 32
01/22/2020,10:46,32.57,32.57,32.57,32.57, 5
01/22/2020,10:55,32.52,32.52,32.5,32.5, 97
01/22/2020,11:01,32.5,32.5,32.5,32.5, 20
01/22/2020,11:10,32.5,32.5,32.5,32.5, 10
01/22/2020,11:11,32.5,32.5,32.5,32.5, 30
01/22/2020,11:17,32.5,32.5,32.5,32.5, 100
01/22/2020,11:17,32.5,32.5,32.5,32.5, 100
01/22/2020,11:19,32.5,32.5,32.5,32.5, 50
01/22/2020,11:19,32.5,32.5,32.5,32.5, 50
01/22/2020,11:24,32.48,32.48,32.48,32.48, 5
01/22/2020,11:39,32.45,32.45,32.45,32.45, 52
01/22/2020,11:44,32.42,32.42,32.42,32.42, 1
01/22/2020,11:46,32.42,32.42,32.42,32.42, 6
01/22/2020,11:47,32.41,32.41,32.4,32.4, 14
01/22/2020,11:51,32.39,32.39,32.39,32.39, 6
01/22/2020,11:53,32.39,32.39,32.39,32.39, 24
01/22/2020,11:53,32.38,32.38,32.37,32.38, 900
01/22/2020,11:55,32.38,32.38,32.37,32.37, 190
01/22/2020,11:56,32.38,32.38,32.38,32.38, 254
01/22/2020,11:58,32.4,32.4,32.4,32.4, 26
01/22/2020,12:02,32.41,32.41,32.41,32.41, 70
01/22/2020,12:03,32.44,32.45,32.44,32.45, 58
01/22/2020,12:09,32.45,32.46,32.45,32.46, 115
01/22/2020,12:17,32.46,32.46,32.46,32.46, 50
01/22/2020,12:24,32.46,32.46,32.46,32.46, 70
01/22/2020,12:25,32.47,32.47,32.47,32.47, 100
01/22/2020,12:45,32.48,32.5,32.48,32.5, 470
01/22/2020,12:49,32.51,32.51,32.51,32.51, 150
01/22/2020,13:06,32.51,32.51,32.51,32.51, 15
01/22/2020,13:08,32.52,32.53,32.52,32.53, 68
01/22/2020,13:08,32.53,32.55,32.53,32.55, 75
01/22/2020,13:13,32.55,32.55,32.55,32.55, 5
01/22/2020,13:18,32.57,32.57,32.57,32.57, 10
01/22/2020,13:20,32.57,32.57,32.57,32.57, 5
01/22/2020,13:29,32.52,32.52,32.52,32.52, 68
01/22/2020,13:44,32.55,32.55,32.55,32.55, 1
01/22/2020,13:58,32.55,32.55,32.55,32.55, 80
01/22/2020,14:01,32.55,32.55,32.55,32.55, 5
01/22/2020,14:08,32.51,32.51,32.5,32.5, 100
01/22/2020,14:17,32.5,32.5,32.5,32.5, 544
01/22/2020,14:23,32.51,32.51,32.51,32.51, 10
01/22/2020,14:29,32.51,32.51,32.51,32.51, 5
01/22/2020,14:30,32.53,32.53,32.53,32.53, 30
01/22/2020,14:35,32.53,32.59,32.53,32.59, 330
01/22/2020,15:08,32.6,32.64,32.6,32.64, 250
01/22/2020,15:17,32.55,32.55,32.55,32.55, 1
01/22/2020,15:26,32.54,32.54,32.54,32.54, 800
01/22/2020,15:31,32.54,32.54,32.54,32.54, 64
01/22/2020,15:35,32.55,32.55,32.55,32.55, 2
01/22/2020,15:38,32.62,32.62,32.62,32.62, 80
01/22/2020,15:53,32.56,32.56,32.54,32.54, 200
01/22/2020,16:00,32.54,32.54,32.54,32.54, 400
01/22/2020,16:13,32.54,32.54,32.54,32.54, 450
01/22/2020,16:16,32.54,32.54,32.54,32.54, 1912
01/22/2020,16:17,32.54,32.54,32.54,32.54, 1200
01/22/2020,16:26,32.54,32.54,32.54,32.54, 1
01/23/2020,09:30,32.5,32.5,32.5,32.5, 50
01/23/2020,09:39,32.46,32.46,32.46,32.46, 455
01/23/2020,09:54,32.54,32.54,32.54,32.54, 5
01/23/2020,10:05,32.53,32.53,32.53,32.53, 1
01/23/2020,10:17,32.53,32.54,32.53,32.54, 649
01/23/2020,10:21,32.53,32.54,32.53,32.54, 851
01/23/2020,10:41,32.46,32.46,32.46,32.46, 150
01/23/2020,10:42,32.46,32.46,32.46,32.46, 32
01/23/2020,10:47,32.58,32.58,32.58,32.58, 1
01/23/2020,11:02,32.58,32.58,32.58,32.58, 10
01/23/2020,11:16,32.58,32.58,32.58,32.58, 10
01/23/2020,11:24,32.58,32.61,32.58,32.61, 246
01/23/2020,11:25,32.61,32.61,32.61,32.61, 3
01/23/2020,11:34,32.59,32.59,32.59,32.59, 1
01/23/2020,11:37,32.62,32.69,32.62,32.69, 235
01/23/2020,12:38,32.54,32.54,32.54,32.54, 5
01/23/2020,12:44,32.54,32.54,32.54,32.54, 320
01/23/2020,12:47,32.54,32.54,32.54,32.54, 30
01/23/2020,12:57,32.66,32.66,32.65,32.65, 120
01/23/2020,12:57,32.66,32.66,32.66,32.66, 24
01/23/2020,13:18,32.56,32.56,32.54,32.54, 649
01/23/2020,13:20,32.54,32.54,32.53,32.53, 111
01/23/2020,13:44,32.66,32.66,32.66,32.66, 235
01/23/2020,14:02,32.66,32.66,32.66,32.66, 235
01/23/2020,14:20,32.66,32.66,32.66,32.66, 35
01/23/2020,14:26,32.66,32.67,32.66,32.67, 235
01/23/2020,14:41,32.66,32.66,32.66,32.66, 235
01/23/2020,14:44,32.66,32.66,32.66,32.66, 52
01/23/2020,14:44,32.67,32.67,32.67,32.67, 314
01/23/2020,14:55,32.67,32.68,32.67,32.68, 235
01/23/2020,15:03,32.68,32.68,32.68,32.68, 470
01/23/2020,15:15,32.61,32.68,32.61,32.68, 5
01/23/2020,15:31,32.64,32.64,32.64,32.64, 570
01/23/2020,15:39,32.58,32.58,32.58,32.58, 510
01/23/2020,15:42,32.57,32.57,32.57,32.57, 32
01/23/2020,15:44,32.58,32.58,32.58,32.58, 1310
01/23/2020,15:56,32.6,32.6,32.6,32.6, 1
01/23/2020,16:11,32.69,32.69,32.69,32.69, 301
01/23/2020,16:14,32.69,32.69,32.69,32.69, 2
01/23/2020,16:26,32.69,32.69,32.69,32.69, 1
01/24/2020,09:31,33,33,33,33, 385
01/24/2020,09:31,32.99,33,32.99,33, 1008
01/24/2020,09:32,33,33,33,33, 50
01/24/2020,09:34,33,33,33,33, 350
01/24/2020,09:34,33,33,33,33, 110
01/24/2020,09:38,33.18,33.18,33.18,33.18, 3
01/24/2020,09:41,33.06,33.06,33.06,33.06, 50
01/24/2020,09:43,33.06,33.06,33.06,33.06, 47
01/24/2020,09:43,33.06,33.06,33.06,33.06, 3
01/24/2020,09:51,33.18,33.19,33.18,33.19, 575
01/24/2020,09:55,33.11,33.11,33.11,33.11, 100
01/24/2020,09:56,33.11,33.11,33.11,33.11, 250
01/24/2020,09:58,33.1,33.1,33.1,33.1, 20
01/24/2020,09:58,33.1,33.1,33.1,33.1, 17
01/24/2020,10:02,33.1,33.1,33.1,33.1, 84
01/24/2020,10:03,33.13,33.13,33.08,33.08, 1900
01/24/2020,10:04,33.06,33.06,33.06,33.06, 100
01/24/2020,10:07,33.06,33.06,33.06,33.06, 200
01/24/2020,10:07,33.06,33.06,33.06,33.06, 300
01/24/2020,10:09,33.07,33.08,33.07,33.08, 350
01/24/2020,10:12,33.1,33.15,33.1,33.15, 560
01/24/2020,10:17,33.15,33.18,33.15,33.18, 384
01/24/2020,10:18,33.17,33.17,33.17,33.17, 100
01/24/2020,10:20,33.19,33.19,33.18,33.18, 105
01/24/2020,10:22,33.17,33.17,33.17,33.17, 50
01/24/2020,10:24,33.17,33.17,33.17,33.17, 170
01/24/2020,10:24,33.17,33.17,33.17,33.17, 64
01/24/2020,10:29,33.17,33.17,33.17,33.17, 1
01/24/2020,10:36,33.15,33.15,33.15,33.15, 102
01/24/2020,10:40,33.15,33.16,33.15,33.16, 318
01/24/2020,10:42,33.16,33.16,33.16,33.16, 40
01/24/2020,10:43,33.16,33.16,33.12,33.12, 660
01/24/2020,10:48,33.14,33.16,33.14,33.16, 100
01/24/2020,10:50,33.12,33.12,33.12,33.12, 600
01/24/2020,10:53,33.16,33.16,33.16,33.16, 100
01/24/2020,10:57,33.09,33.09,33.09,33.09, 50
01/24/2020,11:04,33.09,33.09,33.09,33.09, 550
01/24/2020,11:09,33.09,33.09,33.09,33.09, 50
01/24/2020,11:10,33.1,33.1,33.1,33.1, 50
01/24/2020,11:10,33.11,33.11,33.11,33.11, 100
01/24/2020,11:17,33.11,33.11,33.11,33.11, 35
01/24/2020,11:20,33.11,33.11,33.11,33.11, 1400
01/24/2020,11:34,33.12,33.12,33.12,33.12, 100
01/24/2020,11:35,33.12,33.12,33.12,33.12, 100
01/24/2020,11:38,33.12,33.12,33.12,33.12, 100
01/24/2020,11:46,33.12,33.12,33.12,33.12, 798
01/24/2020,11:50,33.12,33.12,33.12,33.12, 200
01/24/2020,11:52,33.12,33.12,33.12,33.12, 1300
01/24/2020,11:52,33.12,33.12,33.12,33.12, 200
01/24/2020,11:53,33.11,33.11,33.11,33.11, 15
01/24/2020,12:11,33.15,33.15,33.15,33.15, 200
01/24/2020,12:33,33.15,33.15,33.15,33.15, 30
01/24/2020,12:34,33.13,33.13,33.13,33.13, 1737
01/24/2020,12:38,33.09,33.09,33.09,33.09, 99
01/24/2020,12:51,33.09,33.09,33.09,33.09, 50
01/24/2020,12:52,33.09,33.09,33.09,33.09, 251
01/24/2020,12:58,33.1,33.1,33.1,33.1, 300
01/24/2020,13:14,32.95,32.95,32.95,32.95, 2
01/24/2020,13:56,33.03,33.03,33.03,33.03, 20
01/24/2020,14:00,33.07,33.07,33.07,33.07, 300
01/24/2020,14:01,33.07,33.07,33.07,33.07, 200
01/24/2020,14:11,33.05,33.05,33.05,33.05, 5
01/24/2020,14:13,33.05,33.05,33.05,33.05, 600
01/24/2020,14:19,33.05,33.05,33.05,33.05, 200
01/24/2020,14:34,33.02,33.02,33.02,33.02, 5
01/24/2020,14:46,33,33,33,33, 5
01/24/2020,14:52,32.98,32.98,32.98,32.98, 50
01/24/2020,14:54,33.05,33.05,33.05,33.05, 300
01/24/2020,15:06,33,33,32.98,32.98, 50
01/24/2020,15:11,32.99,32.99,32.99,32.99, 200
01/24/2020,15:17,33.05,33.05,33.05,33.05, 500
01/24/2020,15:18,33.04,33.05,33.04,33.05, 650
01/24/2020,15:25,33,33,33,33, 3
01/24/2020,15:28,33.1,33.1,33.1,33.1, 100
01/24/2020,15:30,33.05,33.05,33.05,33.05, 150
01/24/2020,15:31,33.09,33.09,33.09,33.09, 200
01/24/2020,15:37,33.06,33.06,33.05,33.06, 450
01/24/2020,15:39,33.1,33.15,33.1,33.15, 200
01/24/2020,15:45,33.08,33.09,33.08,33.09, 7
01/24/2020,15:48,33.09,33.09,33.09,33.09, 98
01/24/2020,15:50,33.07,33.07,33.06,33.06, 400
01/24/2020,15:55,33.09,33.09,33.08,33.08, 400
01/24/2020,15:56,33.14,33.15,33.14,33.15, 260
01/24/2020,15:59,33.15,33.15,33.15,33.15, 100
01/24/2020,16:13,32.97,32.97,32.97,32.97, 478
01/24/2020,16:26,32.97,32.97,32.97,32.97, 1
01/27/2020,09:31,33,33,33,33, 686
01/27/2020,09:38,32.88,32.88,32.88,32.88, 10
01/27/2020,09:39,32.78,32.78,32.69,32.69, 487
01/27/2020,09:41,32.7,32.7,32.7,32.7, 90
01/27/2020,10:10,32.83,32.83,32.83,32.83, 2
01/27/2020,10:19,32.76,32.76,32.76,32.76, 2
01/27/2020,10:34,32.8,32.8,32.8,32.8, 5
01/27/2020,10:36,32.81,32.81,32.81,32.81, 160
01/27/2020,10:42,32.83,32.83,32.81,32.82, 956
01/27/2020,11:00,32.78,32.78,32.78,32.78, 95
01/27/2020,11:06,32.79,32.79,32.79,32.79, 5
01/27/2020,11:24,32.75,32.75,32.75,32.75, 32
01/27/2020,11:31,32.8,32.8,32.8,32.8, 30
01/27/2020,11:37,32.76,32.76,32.76,32.76, 178
01/27/2020,11:44,32.75,32.75,32.75,32.75, 319
01/27/2020,11:54,32.75,32.75,32.75,32.75, 5
01/27/2020,11:57,32.75,32.75,32.75,32.75, 36
01/27/2020,12:12,32.74,32.75,32.73,32.75, 500
01/27/2020,12:17,32.72,32.72,32.7,32.7, 15
01/27/2020,12:21,32.74,32.74,32.69,32.69, 20
01/27/2020,12:45,32.75,32.75,32.75,32.75, 2
01/27/2020,12:46,32.68,32.68,32.68,32.68, 1
01/27/2020,12:50,32.69,32.69,32.69,32.69, 160
01/27/2020,13:21,32.68,32.68,32.68,32.68, 19
01/27/2020,13:21,32.66,32.66,32.66,32.66, 159
01/27/2020,13:27,32.66,32.7,32.66,32.7, 515
01/27/2020,13:30,32.65,32.65,32.65,32.65, 1
01/27/2020,13:33,32.77,32.77,32.77,32.77, 20
01/27/2020,13:51,32.72,32.72,32.72,32.72, 36
01/27/2020,13:52,32.75,32.75,32.75,32.75, 50
01/27/2020,14:07,32.74,32.74,32.74,32.74, 159
01/27/2020,14:08,32.74,32.74,32.74,32.74, 160
01/27/2020,14:08,32.74,32.74,32.74,32.74, 160
01/27/2020,14:20,32.75,32.75,32.75,32.75, 50
01/27/2020,14:50,32.71,32.71,32.71,32.71, 7
01/27/2020,15:07,32.7,32.7,32.7,32.7, 3
01/27/2020,15:11,32.7,32.7,32.7,32.7, 420
01/27/2020,15:13,32.7,32.7,32.66,32.66, 83
01/27/2020,15:40,32.75,32.75,32.75,32.75, 5
01/27/2020,15:52,32.7,32.7,32.7,32.7, 5
01/27/2020,15:56,32.65,32.65,32.65,32.65, 600
01/27/2020,15:58,32.65,32.65,32.65,32.65, 505
01/27/2020,15:59,32.65,32.65,32.65,32.65, 200
01/27/2020,16:11,32.69,32.69,32.69,32.69, 2001
01/27/2020,16:12,32.69,32.69,32.69,32.69, 39
01/27/2020,16:26,32.69,32.69,32.69,32.69, 1
01/28/2020,09:51,32.69,32.69,32.67,32.67, 160
01/28/2020,10:00,32.69,32.69,32.63,32.63, 370
01/28/2020,10:22,32.69,32.69,32.65,32.65, 1600
01/28/2020,10:50,32.75,32.75,32.75,32.75, 500
01/28/2020,11:08,32.75,32.75,32.75,32.75, 456
01/28/2020,11:12,32.8,32.8,32.8,32.8, 5
01/28/2020,11:14,32.87,32.88,32.86,32.86, 15
01/28/2020,11:15,32.86,32.91,32.86,32.91, 2305
01/28/2020,11:15,32.89,32.89,32.89,32.89, 200
01/28/2020,11:25,32.94,32.94,32.76,32.76, 105
01/28/2020,11:32,32.9,32.9,32.75,32.75, 169
01/28/2020,11:33,32.89,32.89,32.8,32.8, 45
01/28/2020,11:48,32.8,32.84,32.8,32.84, 400
01/28/2020,11:59,32.8,32.8,32.8,32.8, 451
01/28/2020,12:01,32.8,32.8,32.8,32.8, 349
01/28/2020,12:09,32.85,32.85,32.85,32.85, 239
01/28/2020,12:20,32.8,32.8,32.8,32.8, 500
01/28/2020,12:21,32.8,32.8,32.8,32.8, 500
01/28/2020,12:24,32.8,32.87,32.7,32.87, 1656
01/28/2020,12:42,32.85,32.89,32.85,32.89, 1220
01/28/2020,12:45,32.87,32.87,32.87,32.87, 200
01/28/2020,12:45,32.87,32.87,32.87,32.87, 1200
01/28/2020,12:49,32.8,32.8,32.8,32.8, 495
01/28/2020,13:06,32.9,32.9,32.9,32.9, 160
01/28/2020,13:07,32.9,32.9,32.9,32.9, 335
01/28/2020,13:29,32.9,32.9,32.9,32.9, 100
01/28/2020,13:56,32.9,32.9,32.9,32.9, 100
01/28/2020,13:58,32.9,32.9,32.9,32.9, 21
01/28/2020,13:59,32.9,32.9,32.9,32.9, 950
01/28/2020,14:04,32.9,32.9,32.9,32.9, 160
01/28/2020,14:14,32.9,32.9,32.9,32.9, 470
01/28/2020,14:15,32.86,32.9,32.86,32.9, 106
01/28/2020,14:15,32.9,32.9,32.9,32.9, 44
01/28/2020,14:16,32.9,32.9,32.9,32.9, 10
01/28/2020,14:18,32.91,32.91,32.91,32.91, 1
01/28/2020,14:22,32.9,32.9,32.86,32.86, 95
01/28/2020,14:49,32.88,32.88,32.87,32.87, 319
01/28/2020,14:56,32.88,32.88,32.88,32.88, 160
01/28/2020,15:13,32.9,32.9,32.9,32.9, 95
01/28/2020,15:15,32.9,32.9,32.9,32.9, 163
01/28/2020,15:19,32.9,32.9,32.9,32.9, 160
01/28/2020,15:26,32.91,32.91,32.91,32.91, 170
01/28/2020,15:30,32.92,32.92,32.92,32.92, 100
01/28/2020,15:31,32.92,32.92,32.92,32.92, 20
01/28/2020,15:35,32.94,32.94,32.94,32.94, 120
01/28/2020,15:37,32.94,32.94,32.94,32.94, 2500
01/28/2020,15:37,32.94,32.94,32.94,32.94, 1000
01/28/2020,15:38,32.94,32.94,32.94,32.94, 5
01/28/2020,15:40,32.91,32.91,32.91,32.91, 5
01/28/2020,15:40,32.9,32.9,32.9,32.9, 1245
01/28/2020,15:41,32.86,32.86,32.69,32.69, 20
01/28/2020,15:55,32.85,32.85,32.85,32.85, 50
01/28/2020,15:56,32.89,32.89,32.89,32.89, 30
01/28/2020,15:57,32.9,32.9,32.9,32.9, 500
01/28/2020,15:59,32.9,32.9,32.9,32.9, 420
01/28/2020,16:11,32.96,32.96,32.96,32.96, 1798
01/28/2020,16:20,32.96,32.96,32.96,32.96, 12
01/28/2020,16:26,32.96,32.96,32.96,32.96, 1
01/29/2020,09:44,33,33,33,33, 443
01/29/2020,09:50,32.9,32.9,32.9,32.9, 160
01/29/2020,09:53,32.9,32.9,32.9,32.9, 10
01/29/2020,10:03,33,33,33,33, 657
01/29/2020,10:16,32.94,32.94,32.94,32.94, 160
01/29/2020,10:30,32.9,32.9,32.9,32.9, 100
01/29/2020,10:32,32.9,32.9,32.9,32.9, 100
01/29/2020,10:41,32.98,32.98,32.98,32.98, 20
01/29/2020,11:05,32.98,32.98,32.98,32.98, 50
01/29/2020,11:21,32.92,32.92,32.91,32.91, 10
01/29/2020,11:25,32.91,32.91,32.91,32.91, 307
01/29/2020,11:34,32.9,32.9,32.9,32.9, 500
01/29/2020,11:45,32.9,32.9,32.8,32.8, 146
01/29/2020,11:46,32.8,32.8,32.8,32.8, 50
01/29/2020,12:30,32.83,32.83,32.83,32.83, 160
01/29/2020,12:31,32.82,32.82,32.82,32.82, 160
01/29/2020,12:36,32.81,32.81,32.81,32.81, 160
01/29/2020,12:51,32.9,32.9,32.9,32.9, 50
01/29/2020,13:30,32.78,32.78,32.75,32.75, 12
01/29/2020,14:03,32.85,32.85,32.85,32.85, 50
01/29/2020,14:10,32.85,32.85,32.85,32.85, 50
01/29/2020,15:24,32.83,32.83,32.83,32.83, 319
01/29/2020,15:27,32.83,32.83,32.83,32.83, 681
01/29/2020,16:26,32.83,32.83,32.83,32.83, 1
01/30/2020,09:34,32.86,32.86,32.86,32.86, 160
01/30/2020,09:41,32.87,32.87,32.87,32.87, 5
01/30/2020,09:41,32.87,32.87,32.87,32.87, 100
01/30/2020,09:43,32.84,32.84,32.83,32.83, 180
01/30/2020,09:45,32.87,32.87,32.87,32.87, 35
01/30/2020,09:51,32.82,32.82,32.82,32.82, 5
01/30/2020,09:53,32.82,32.89,32.81,32.81, 105
01/30/2020,09:53,32.8,32.8,32.8,32.8, 290
01/30/2020,10:09,32.88,32.9,32.88,32.9, 177
01/30/2020,10:26,32.85,32.85,32.85,32.85, 53
01/30/2020,10:28,32.8,32.8,32.8,32.8, 125
01/30/2020,10:33,32.78,32.78,32.76,32.76, 15
01/30/2020,11:03,32.76,32.76,32.76,32.76, 300
01/30/2020,11:05,32.77,32.8,32.76,32.76, 1100
01/30/2020,11:11,32.76,32.76,32.76,32.76, 145
01/30/2020,11:37,32.78,32.78,32.78,32.78, 159
01/30/2020,11:39,32.77,32.77,32.77,32.77, 159
01/30/2020,11:49,32.78,32.78,32.78,32.78, 80
01/30/2020,12:05,32.75,32.75,32.75,32.75, 319
01/30/2020,12:08,32.77,32.77,32.77,32.77, 159
01/30/2020,12:12,32.77,32.77,32.77,32.77, 383
01/30/2020,12:13,32.76,32.76,32.76,32.76, 350
01/30/2020,12:21,32.8,32.8,32.78,32.78, 125
01/30/2020,12:22,32.76,32.76,32.76,32.76, 159
01/30/2020,12:30,32.8,32.8,32.8,32.8, 180
01/30/2020,12:42,32.82,32.82,32.82,32.82, 160
01/30/2020,12:50,32.81,32.81,32.81,32.81, 159
01/30/2020,12:58,32.8,32.8,32.8,32.8, 159
01/30/2020,12:59,32.79,32.79,32.79,32.79, 423
01/30/2020,13:00,32.81,32.82,32.81,32.82, 150
01/30/2020,13:03,32.89,32.9,32.88,32.9, 326
01/30/2020,13:05,32.98,32.98,32.91,32.91, 110
01/30/2020,13:08,32.88,32.88,32.88,32.88, 637
01/30/2020,13:09,32.88,32.88,32.87,32.88, 870
01/30/2020,13:10,32.87,32.9,32.86,32.9, 136
01/30/2020,13:11,32.87,32.87,32.87,32.87, 159
01/30/2020,13:18,32.86,32.86,32.86,32.86, 450
01/30/2020,13:19,32.89,32.89,32.88,32.88, 1160
01/30/2020,13:20,32.9,32.9,32.9,32.9, 306
01/30/2020,13:21,32.91,32.91,32.9,32.9, 82
01/30/2020,13:21,32.92,32.92,32.92,32.92, 500
01/30/2020,13:25,32.92,32.92,32.92,32.92, 10
01/30/2020,13:27,32.94,32.94,32.94,32.94, 178
01/30/2020,13:30,32.93,32.93,32.93,32.93, 30
01/30/2020,13:36,32.95,32.96,32.95,32.96, 120
01/30/2020,13:41,32.94,32.94,32.94,32.94, 1000
01/30/2020,13:41,32.94,32.94,32.93,32.93, 200
01/30/2020,13:43,32.93,32.93,32.93,32.93, 20
01/30/2020,13:45,32.93,32.94,32.92,32.94, 500
01/30/2020,13:45,32.94,32.94,32.94,32.94, 750
01/30/2020,14:00,32.96,32.96,32.96,32.96, 10
01/30/2020,14:02,32.97,32.97,32.97,32.97, 1000
01/30/2020,14:03,32.97,32.97,32.97,32.97, 32
01/30/2020,14:04,32.98,32.98,32.98,32.98, 290
01/30/2020,14:04,32.98,32.98,32.98,32.98, 250
01/30/2020,14:06,33,33,33,33, 1210
01/30/2020,14:07,33,33.03,33,33.03, 340
01/30/2020,14:08,33.03,33.04,33.03,33.04, 400
01/30/2020,14:12,33.03,33.03,32.99,32.99, 280
01/30/2020,14:12,32.99,32.99,32.99,32.99, 200
01/30/2020,14:14,33,33,33,33, 8
01/30/2020,14:31,33.04,33.04,33.04,33.04, 1000
01/30/2020,14:39,33.07,33.07,33.07,33.07, 100
01/30/2020,14:51,33.1,33.1,33.08,33.08, 1159
01/30/2020,15:02,33.11,33.11,33.11,33.11, 100
01/30/2020,15:03,33.09,33.09,33.09,33.09, 1
01/30/2020,15:08,33.04,33.04,33.04,33.04, 200
01/30/2020,15:12,33.02,33.02,33.02,33.02, 25
01/30/2020,15:20,33.03,33.03,33.03,33.03, 1100
01/30/2020,15:21,33.04,33.04,33.04,33.04, 100
01/30/2020,15:23,33.07,33.07,33.07,33.07, 120
01/30/2020,15:25,33.04,33.04,33.04,33.04, 159
01/30/2020,15:32,33.05,33.05,33.05,33.05, 100
01/30/2020,15:33,33.08,33.08,33.08,33.08, 50
01/30/2020,15:36,33.08,33.08,33.08,33.08, 500
01/30/2020,15:38,33.09,33.09,33.09,33.09, 99
01/30/2020,15:39,33.1,33.1,33.09,33.09, 650
01/30/2020,15:41,33.11,33.11,33.11,33.11, 150
01/30/2020,15:46,33.13,33.14,33.09,33.14, 1910
01/30/2020,15:47,33.13,33.13,33.13,33.13, 100
01/30/2020,15:58,33.13,33.13,33.13,33.13, 500
01/30/2020,16:00,33.09,33.09,33.09,33.09, 30
01/30/2020,16:00,33.1,33.1,33.1,33.1, 351
01/30/2020,16:11,33.08,33.08,33.08,33.08, 550
01/30/2020,16:18,33.08,33.08,33.08,33.08, 250
01/30/2020,16:26,33.08,33.08,33.08,33.08, 1
01/31/2020,09:36,33.13,33.15,33.13,33.15, 1018
01/31/2020,09:38,33.16,33.16,33.16,33.16, 150
01/31/2020,09:43,33.2,33.26,33.2,33.2, 186
01/31/2020,09:47,33.18,33.19,33.18,33.19, 860
01/31/2020,09:51,33.24,33.24,33.24,33.24, 100
01/31/2020,09:56,33.24,33.24,33.24,33.24, 15
01/31/2020,10:00,33.24,33.24,33.24,33.24, 1
01/31/2020,10:01,33.25,33.25,33.24,33.24, 4
01/31/2020,10:08,33.24,33.24,33.24,33.24, 116
01/31/2020,10:11,33.12,33.12,33.12,33.12, 300
01/31/2020,10:28,33.12,33.12,33.12,33.12, 100
01/31/2020,10:41,33.01,33.01,33.01,33.01, 160
01/31/2020,10:49,33.16,33.16,33.16,33.16, 2
01/31/2020,11:04,33.16,33.23,33.16,33.23, 10
01/31/2020,11:41,33.06,33.06,33.06,33.06, 100
01/31/2020,11:46,33,33,33,33, 7
01/31/2020,11:51,33,33.15,33,33.15, 110
01/31/2020,12:07,33.05,33.05,33.05,33.05, 36
01/31/2020,12:10,33.05,33.05,33.01,33.01, 64
01/31/2020,12:26,33.05,33.05,33.05,33.05, 586
01/31/2020,12:32,33.04,33.04,33.03,33.03, 637
01/31/2020,12:34,33.07,33.07,33.07,33.07, 64
01/31/2020,12:39,33.06,33.06,33.06,33.06, 1400
01/31/2020,12:49,33.03,33.03,33.03,33.03, 20
01/31/2020,13:08,33.05,33.05,33,33, 902
01/31/2020,13:36,33,33,33,33, 200
01/31/2020,13:56,33,33,32.98,32.98, 2743
01/31/2020,13:57,32.98,32.98,32.97,32.97, 2257
01/31/2020,13:59,33,33,33,33, 2
01/31/2020,14:04,32.98,32.98,32.98,32.98, 32
01/31/2020,14:09,33.05,33.06,33.05,33.06, 102
01/31/2020,14:11,33.07,33.07,33.07,33.07, 700
01/31/2020,14:11,33.07,33.08,33.07,33.08, 3
01/31/2020,14:14,33.07,33.07,33.05,33.05, 2480
01/31/2020,14:18,33.04,33.04,33.04,33.04, 542
01/31/2020,14:20,33.05,33.05,33.05,33.05, 395
01/31/2020,14:21,33.04,33.05,33.04,33.04, 606
01/31/2020,14:23,33.04,33.04,33.04,33.04, 63
01/31/2020,14:25,33.09,33.09,33.09,33.09, 118
01/31/2020,14:33,33.09,33.09,33.09,33.09, 1000
01/31/2020,14:38,33.07,33.07,33.07,33.07, 510
01/31/2020,14:38,33.08,33.08,33.08,33.08, 319
01/31/2020,14:45,33.05,33.05,33.05,33.05, 500
01/31/2020,14:47,33.06,33.06,33.06,33.06, 96
01/31/2020,14:48,33.08,33.08,33.08,33.08, 797
01/31/2020,14:49,33.08,33.08,33.08,33.08, 542
01/31/2020,14:50,33.08,33.08,33.08,33.08, 1000
01/31/2020,14:54,33.08,33.08,33.08,33.08, 146
01/31/2020,14:55,33.08,33.08,33.08,33.08, 2
01/31/2020,14:56,33.09,33.1,33.09,33.1, 1500
01/31/2020,15:03,33.09,33.09,33.09,33.09, 286
01/31/2020,15:14,33.1,33.1,33.1,33.1, 500
01/31/2020,15:16,33.11,33.11,33.11,33.11, 9
01/31/2020,15:27,33.12,33.13,33.12,33.13, 110
01/31/2020,15:38,33.1,33.1,33.1,33.1, 2000
01/31/2020,15:45,33.05,33.05,33.05,33.05, 100
01/31/2020,15:47,33.06,33.06,33.06,33.06, 20
01/31/2020,15:48,33.07,33.07,33.07,33.07, 10
01/31/2020,15:48,33.06,33.06,33.06,33.06, 16
01/31/2020,15:55,33.05,33.14,33.05,33.14, 160
01/31/2020,16:10,33.15,33.15,33.15,33.15, 1916
01/31/2020,16:26,33.15,33.15,33.15,33.15, 1

