02/03/2020,09:01,12.68,12.68,12.66,12.66, 878
02/03/2020,09:02,12.66,12.66,12.66,12.66, 316
02/03/2020,09:06,12.6,12.6,12.58,12.58, 174
02/03/2020,09:09,12.52,12.52,12.52,12.52, 250
02/03/2020,09:12,12.5,12.5,12.5,12.5, 415
02/03/2020,09:16,12.52,12.52,12.52,12.52, 923
02/03/2020,09:17,12.52,12.52,12.52,12.52, 500
02/03/2020,09:19,12.52,12.52,12.52,12.52, 1000
02/03/2020,09:20,12.52,12.52,12.52,12.52, 565
02/03/2020,09:25,12.5,12.5,12.48,12.48, 2911
02/03/2020,09:32,12.46,12.46,12.46,12.46, 654
02/03/2020,09:35,12.46,12.46,12.46,12.46, 26
02/03/2020,09:45,12.52,12.52,12.48,12.52, 1317
02/03/2020,09:47,12.48,12.48,12.48,12.48, 500
02/03/2020,10:27,12.48,12.48,12.48,12.48, 228
02/03/2020,10:39,12.46,12.46,12.46,12.46, 350
02/03/2020,11:12,12.42,12.42,12.42,12.42, 3195
02/03/2020,11:18,12.42,12.42,12.42,12.42, 800
02/03/2020,11:22,12.4,12.4,12.4,12.4, 159
02/03/2020,11:26,12.4,12.4,12.4,12.4, 389
02/03/2020,11:38,12.4,12.4,12.36,12.36, 1040
02/03/2020,12:01,12.4,12.4,12.4,12.4, 300
02/03/2020,12:14,12.38,12.4,12.38,12.4, 3000
02/03/2020,12:15,12.4,12.4,12.4,12.4, 727
02/03/2020,12:18,12.4,12.4,12.4,12.4, 690
02/03/2020,12:20,12.38,12.38,12.38,12.38, 200
02/03/2020,12:21,12.42,12.42,12.42,12.42, 2114
02/03/2020,12:23,12.42,12.42,12.42,12.42, 400
02/03/2020,12:44,12.42,12.54,12.42,12.48, 5748
02/03/2020,13:01,12.48,12.48,12.46,12.46, 555
02/03/2020,13:26,12.48,12.48,12.48,12.48, 1000
02/03/2020,13:51,12.48,12.48,12.48,12.48, 299
02/03/2020,13:52,12.48,12.48,12.48,12.48, 123
02/03/2020,14:06,12.5,12.5,12.5,12.5, 170
02/03/2020,14:16,12.5,12.5,12.5,12.5, 408
02/03/2020,14:33,12.5,12.5,12.5,12.5, 6014
02/03/2020,14:39,12.48,12.48,12.48,12.48, 471
02/03/2020,14:45,12.44,12.44,12.44,12.44, 1084
02/03/2020,14:58,12.44,12.44,12.44,12.44, 80
02/03/2020,15:39,12.42,12.42,12.42,12.42, 11
02/03/2020,15:47,12.44,12.48,12.42,12.48, 4514
02/03/2020,15:50,12.44,12.48,12.44,12.48, 501
02/03/2020,15:56,12.5,12.5,12.5,12.5, 690
02/03/2020,16:02,12.54,12.54,12.46,12.48, 10046
02/03/2020,16:07,12.5,12.5,12.5,12.5, 552
02/03/2020,16:07,12.5,12.5,12.5,12.5, 980
02/03/2020,16:09,12.5,12.52,12.48,12.52, 14647
02/03/2020,16:10,12.48,12.48,12.48,12.48, 98
02/03/2020,16:15,12.5,12.5,12.5,12.5, 259
02/03/2020,16:23,12.48,12.48,12.42,12.44, 4276
02/03/2020,16:25,12.44,12.44,12.44,12.44, 311
02/03/2020,16:28,12.46,12.46,12.46,12.46, 64
02/03/2020,16:36,12.48,12.48,12.48,12.48, 320
02/03/2020,16:37,12.48,12.48,12.48,12.48, 779
02/03/2020,16:46,12.5,12.5,12.5,12.5, 200
02/03/2020,17:01,12.5,12.5,12.5,12.5, 458
02/03/2020,17:11,12.5,12.5,12.5,12.5, 128
02/03/2020,17:12,12.5,12.5,12.5,12.5, 200
02/03/2020,17:28,12.48,12.48,12.46,12.46, 1104
02/03/2020,17:30,12.46,12.46,12.46,12.46, 49
02/03/2020,17:36,12.46,12.46,12.46,12.46, 2224
02/04/2020,09:01,12.52,12.52,12.52,12.52, 421
02/04/2020,09:25,12.64,12.64,12.64,12.64, 1330
02/04/2020,09:26,12.68,12.7,12.64,12.7, 4371
02/04/2020,09:27,12.7,12.7,12.7,12.7, 172
02/04/2020,09:37,12.58,12.58,12.58,12.58, 424
02/04/2020,09:47,12.6,12.6,12.6,12.6, 45
02/04/2020,09:51,12.64,12.64,12.58,12.6, 1008
02/04/2020,10:00,12.62,12.62,12.62,12.62, 17
02/04/2020,10:24,12.64,12.64,12.64,12.64, 463
02/04/2020,10:26,12.64,12.64,12.64,12.64, 821
02/04/2020,10:29,12.64,12.64,12.64,12.64, 1395
02/04/2020,10:35,12.62,12.62,12.62,12.62, 277
02/04/2020,10:45,12.64,12.64,12.64,12.64, 235
02/04/2020,10:45,12.64,12.64,12.64,12.64, 514
02/04/2020,10:54,12.64,12.64,12.64,12.64, 64
02/04/2020,11:00,12.64,12.64,12.64,12.64, 15
02/04/2020,11:17,12.62,12.62,12.62,12.62, 1000
02/04/2020,11:21,12.64,12.66,12.64,12.64, 616
02/04/2020,11:22,12.64,12.64,12.64,12.64, 36
02/04/2020,11:25,12.68,12.7,12.64,12.64, 8785
02/04/2020,11:33,12.62,12.62,12.62,12.62, 200
02/04/2020,11:38,12.64,12.64,12.64,12.64, 72
02/04/2020,11:41,12.62,12.62,12.62,12.62, 63
02/04/2020,12:12,12.62,12.62,12.62,12.62, 311
02/04/2020,12:21,12.62,12.62,12.62,12.62, 301
02/04/2020,12:30,12.62,12.62,12.62,12.62, 350
02/04/2020,12:37,12.64,12.64,12.64,12.64, 1671
02/04/2020,12:37,12.64,12.64,12.64,12.64, 219
02/04/2020,12:46,12.62,12.62,12.62,12.62, 8
02/04/2020,12:55,12.64,12.64,12.64,12.64, 500
02/04/2020,13:00,12.62,12.62,12.62,12.62, 295
02/04/2020,13:06,12.64,12.64,12.64,12.64, 286
02/04/2020,13:10,12.62,12.62,12.62,12.62, 355
02/04/2020,13:16,12.64,12.64,12.64,12.64, 1
02/04/2020,13:21,12.62,12.62,12.62,12.62, 306
02/04/2020,13:31,12.62,12.62,12.62,12.62, 311
02/04/2020,13:31,12.62,12.62,12.62,12.62, 100
02/04/2020,13:32,12.64,12.64,12.64,12.64, 1
02/04/2020,13:34,12.64,12.64,12.64,12.64, 44
02/04/2020,13:41,12.62,12.62,12.62,12.62, 352
02/04/2020,14:12,12.64,12.64,12.64,12.64, 1325
02/04/2020,14:32,12.64,12.64,12.64,12.64, 79
02/04/2020,14:35,12.64,12.68,12.64,12.64, 6720
02/04/2020,14:51,12.64,12.64,12.64,12.64, 740
02/04/2020,14:52,12.62,12.62,12.62,12.62, 133
02/04/2020,14:55,12.64,12.64,12.64,12.64, 18
02/04/2020,15:08,12.62,12.62,12.62,12.62, 22
02/04/2020,15:24,12.64,12.64,12.64,12.64, 9
02/04/2020,15:27,12.62,12.62,12.6,12.6, 5427
02/04/2020,15:39,12.6,12.6,12.6,12.6, 290
02/04/2020,15:44,12.58,12.58,12.58,12.58, 202
02/04/2020,15:51,12.6,12.6,12.6,12.6, 1059
02/04/2020,15:53,12.6,12.6,12.6,12.6, 100
02/04/2020,16:05,12.62,12.62,12.62,12.62, 1334
02/04/2020,16:13,12.64,12.64,12.64,12.64, 28
02/04/2020,16:14,12.62,12.62,12.6,12.6, 300
02/04/2020,16:29,12.62,12.62,12.62,12.62, 357
02/04/2020,16:40,12.6,12.6,12.6,12.6, 10
02/04/2020,16:46,12.6,12.6,12.6,12.6, 337
02/04/2020,16:52,12.62,12.62,12.6,12.6, 1342
02/04/2020,16:52,12.6,12.6,12.6,12.6, 883
02/04/2020,16:53,12.6,12.6,12.6,12.6, 76
02/04/2020,16:56,12.58,12.58,12.58,12.58, 154
02/04/2020,17:04,12.58,12.58,12.58,12.58, 8
02/04/2020,17:13,12.6,12.6,12.6,12.6, 982
02/04/2020,17:26,12.6,12.6,12.6,12.6, 307
02/04/2020,17:29,12.6,12.6,12.6,12.6, 348
02/04/2020,17:30,12.62,12.62,12.62,12.62, 66
02/04/2020,17:36,12.6,12.6,12.6,12.6, 10183
02/05/2020,09:01,12.56,12.56,12.56,12.56, 51
02/05/2020,09:06,12.54,12.54,12.44,12.52, 4614
02/05/2020,09:07,12.6,12.6,12.6,12.6, 250
02/05/2020,09:37,12.66,12.74,12.66,12.74, 2801
02/05/2020,09:45,12.7,12.7,12.7,12.7, 1650
02/05/2020,10:18,12.78,12.78,12.78,12.78, 500
02/05/2020,10:29,12.78,12.8,12.78,12.8, 5355
02/05/2020,10:30,12.8,12.8,12.8,12.8, 5399
02/05/2020,10:38,12.82,12.82,12.82,12.82, 200
02/05/2020,10:39,12.82,12.82,12.82,12.82, 356
02/05/2020,10:42,12.82,12.82,12.82,12.82, 2723
02/05/2020,10:44,12.8,12.8,12.8,12.8, 100
02/05/2020,10:47,12.78,12.78,12.78,12.78, 1000
02/05/2020,10:53,12.8,12.82,12.8,12.82, 1582
02/05/2020,10:58,12.82,12.82,12.8,12.8, 1450
02/05/2020,11:11,12.84,12.84,12.84,12.84, 314
02/05/2020,11:13,12.82,12.82,12.82,12.82, 250
02/05/2020,11:17,12.82,12.82,12.8,12.82, 259
02/05/2020,11:30,12.78,12.78,12.78,12.78, 95
02/05/2020,11:57,12.8,12.8,12.8,12.8, 727
02/05/2020,11:58,12.86,12.9,12.82,12.9, 8695
02/05/2020,12:08,12.9,12.9,12.86,12.9, 2174
02/05/2020,12:13,12.86,12.86,12.86,12.86, 200
02/05/2020,12:37,12.86,12.86,12.86,12.86, 2197
02/05/2020,12:38,12.86,12.86,12.86,12.86, 1605
02/05/2020,12:44,12.86,12.86,12.86,12.86, 1185
02/05/2020,12:44,12.86,12.86,12.86,12.86, 317
02/05/2020,12:45,12.88,12.88,12.88,12.88, 200
02/05/2020,13:20,12.88,12.88,12.88,12.88, 2566
02/05/2020,13:26,12.92,12.92,12.92,12.92, 270
02/05/2020,13:30,12.92,12.92,12.92,12.92, 159
02/05/2020,13:38,12.96,12.96,12.96,12.96, 325
02/05/2020,13:43,12.94,12.94,12.94,12.94, 634
02/05/2020,13:54,12.9,12.9,12.9,12.9, 400
02/05/2020,13:55,12.9,12.9,12.9,12.9, 15
02/05/2020,14:05,12.9,12.9,12.9,12.9, 932
02/05/2020,14:39,12.88,12.88,12.88,12.88, 157
02/05/2020,15:17,12.86,12.86,12.86,12.86, 1591
02/05/2020,15:24,12.88,12.88,12.88,12.88, 766
02/05/2020,15:26,12.86,12.86,12.86,12.86, 54
02/05/2020,15:35,12.84,12.84,12.84,12.84, 450
02/05/2020,15:50,12.84,12.84,12.84,12.84, 493
02/05/2020,16:16,12.82,12.82,12.82,12.82, 1067
02/05/2020,16:27,12.8,12.8,12.78,12.78, 677
02/05/2020,16:33,12.76,12.78,12.76,12.76, 619
02/05/2020,16:58,12.76,12.76,12.74,12.74, 3682
02/05/2020,16:58,12.74,12.76,12.74,12.74, 2991
02/05/2020,16:59,12.72,12.72,12.72,12.72, 1000
02/05/2020,17:02,12.68,12.68,12.68,12.68, 200
02/05/2020,17:03,12.7,12.7,12.7,12.7, 1204
02/05/2020,17:05,12.7,12.7,12.7,12.7, 62
02/05/2020,17:08,12.7,12.72,12.7,12.72, 319
02/05/2020,17:08,12.7,12.7,12.7,12.7, 334
02/05/2020,17:25,12.7,12.7,12.68,12.68, 468
02/05/2020,17:26,12.68,12.68,12.68,12.68, 226
02/05/2020,17:28,12.68,12.68,12.68,12.68, 278
02/05/2020,17:30,12.68,12.68,12.68,12.68, 24
02/05/2020,17:36,12.68,12.68,12.68,12.68, 6278
02/06/2020,09:01,12.8,12.8,12.8,12.8, 6
02/06/2020,09:04,12.86,12.86,12.86,12.86, 500
02/06/2020,09:08,12.92,12.92,12.88,12.92, 781
02/06/2020,09:20,12.94,12.94,12.94,12.94, 182
02/06/2020,09:26,12.9,12.9,12.88,12.9, 1502
02/06/2020,09:42,12.96,12.96,12.92,12.96, 2276
02/06/2020,09:54,12.94,12.94,12.94,12.94, 117
02/06/2020,10:03,12.94,12.94,12.92,12.92, 647
02/06/2020,10:24,12.9,12.9,12.88,12.88, 287
02/06/2020,10:26,12.86,12.86,12.86,12.86, 850
02/06/2020,10:32,12.88,12.88,12.88,12.88, 1000
02/06/2020,10:49,12.88,12.88,12.88,12.88, 7
02/06/2020,10:51,12.86,12.86,12.84,12.84, 2000
02/06/2020,11:51,12.84,12.84,12.84,12.84, 838
02/06/2020,11:53,12.82,12.82,12.82,12.82, 158
02/06/2020,12:12,12.82,12.82,12.76,12.76, 4660
02/06/2020,12:14,12.76,12.76,12.76,12.76, 160
02/06/2020,12:23,12.78,12.78,12.78,12.78, 577
02/06/2020,12:33,12.78,12.78,12.78,12.78, 717
02/06/2020,14:48,12.74,12.74,12.72,12.72, 1238
02/06/2020,14:59,12.74,12.74,12.74,12.74, 881
02/06/2020,15:03,12.76,12.76,12.76,12.76, 2505
02/06/2020,15:05,12.76,12.76,12.76,12.76, 1968
02/06/2020,15:20,12.76,12.76,12.74,12.74, 3227
02/06/2020,15:22,12.72,12.72,12.72,12.72, 270
02/06/2020,15:29,12.7,12.7,12.7,12.7, 336
02/06/2020,15:32,12.72,12.72,12.72,12.72, 408
02/06/2020,15:38,12.72,12.72,12.68,12.68, 1334
02/06/2020,15:51,12.7,12.72,12.7,12.7, 3674
02/06/2020,15:56,12.7,12.7,12.7,12.7, 800
02/06/2020,15:57,12.7,12.7,12.7,12.7, 200
02/06/2020,16:05,12.72,12.72,12.72,12.72, 1042
02/06/2020,16:28,12.72,12.72,12.72,12.72, 2000
02/06/2020,16:43,12.74,12.74,12.74,12.74, 33
02/06/2020,16:57,12.72,12.72,12.7,12.7, 4984
02/06/2020,17:05,12.66,12.66,12.66,12.66, 150
02/06/2020,17:11,12.66,12.66,12.66,12.66, 91
02/06/2020,17:26,12.66,12.66,12.66,12.66, 357
02/06/2020,17:28,12.66,12.68,12.66,12.68, 565
02/06/2020,17:36,12.68,12.68,12.68,12.68, 3084
02/07/2020,09:01,12.78,12.78,12.78,12.78, 507
02/07/2020,09:05,12.7,12.7,12.66,12.66, 1004
02/07/2020,09:06,12.62,12.62,12.62,12.62, 200
02/07/2020,09:07,12.64,12.7,12.64,12.7, 1650
02/07/2020,09:08,12.66,12.66,12.66,12.66, 68
02/07/2020,09:09,12.64,12.64,12.64,12.64, 100
02/07/2020,09:21,12.64,12.64,12.6,12.6, 698
02/07/2020,09:32,12.6,12.64,12.6,12.64, 932
02/07/2020,09:50,12.66,12.66,12.66,12.66, 20
02/07/2020,09:55,12.6,12.6,12.6,12.6, 188
02/07/2020,09:55,12.6,12.6,12.6,12.6, 1338
02/07/2020,10:05,12.6,12.6,12.6,12.6, 460
02/07/2020,10:13,12.62,12.62,12.62,12.62, 79
02/07/2020,10:20,12.66,12.66,12.66,12.66, 75
02/07/2020,10:31,12.62,12.62,12.62,12.62, 1333
02/07/2020,10:39,12.56,12.56,12.56,12.56, 753
02/07/2020,10:57,12.56,12.56,12.56,12.56, 966
02/07/2020,11:04,12.54,12.54,12.54,12.54, 200
02/07/2020,11:08,12.56,12.56,12.56,12.56, 5030
02/07/2020,11:12,12.52,12.52,12.52,12.52, 209
02/07/2020,11:19,12.5,12.5,12.5,12.5, 820
02/07/2020,11:23,12.54,12.54,12.54,12.54, 250
02/07/2020,11:29,12.54,12.54,12.54,12.54, 150
02/07/2020,12:02,12.54,12.54,12.5,12.5, 3586
02/07/2020,12:06,12.5,12.5,12.5,12.5, 1051
02/07/2020,12:11,12.52,12.52,12.52,12.52, 100
02/07/2020,12:15,12.52,12.52,12.52,12.52, 1661
02/07/2020,12:23,12.56,12.56,12.56,12.56, 1510
02/07/2020,12:35,12.52,12.52,12.5,12.5, 901
02/07/2020,12:43,12.5,12.5,12.5,12.5, 5605
02/07/2020,12:46,12.48,12.48,12.48,12.48, 516
02/07/2020,12:46,12.48,12.48,12.48,12.48, 400
02/07/2020,12:47,12.48,12.48,12.48,12.48, 3200
02/07/2020,12:52,12.48,12.48,12.48,12.48, 800
02/07/2020,12:53,12.48,12.5,12.48,12.5, 347
02/07/2020,13:03,12.52,12.52,12.5,12.52, 1629
02/07/2020,13:18,12.5,12.5,12.5,12.5, 1317
02/07/2020,13:41,12.5,12.5,12.5,12.5, 35
02/07/2020,13:49,12.48,12.48,12.48,12.48, 905
02/07/2020,14:05,12.46,12.46,12.46,12.46, 190
02/07/2020,14:15,12.46,12.46,12.46,12.46, 190
02/07/2020,14:36,12.46,12.46,12.46,12.46, 272
02/07/2020,14:47,12.48,12.48,12.48,12.48, 110
02/07/2020,15:04,12.48,12.48,12.48,12.48, 21
02/07/2020,15:12,12.46,12.46,12.46,12.46, 268
02/07/2020,15:18,12.48,12.48,12.48,12.48, 1945
02/07/2020,15:22,12.5,12.5,12.5,12.5, 330
02/07/2020,15:26,12.5,12.5,12.5,12.5, 1596
02/07/2020,15:36,12.46,12.46,12.46,12.46, 355
02/07/2020,15:59,12.46,12.46,12.46,12.46, 577
02/07/2020,16:02,12.46,12.46,12.46,12.46, 60
02/07/2020,16:05,12.46,12.46,12.46,12.46, 343
02/07/2020,16:58,12.46,12.46,12.44,12.44, 2754
02/07/2020,17:05,12.46,12.46,12.46,12.46, 533
02/07/2020,17:12,12.46,12.48,12.46,12.46, 3896
02/07/2020,17:17,12.48,12.5,12.48,12.5, 827
02/07/2020,17:29,12.48,12.48,12.48,12.48, 29
02/07/2020,17:36,12.5,12.5,12.5,12.5, 6630
02/10/2020,09:01,12.5,12.5,12.5,12.5, 100
02/10/2020,09:04,12.44,12.44,12.36,12.36, 5294
02/10/2020,09:05,12.38,12.38,12.38,12.38, 921
02/10/2020,09:07,12.42,12.46,12.42,12.46, 3814
02/10/2020,09:18,12.46,12.46,12.46,12.46, 498
02/10/2020,10:11,12.44,12.44,12.44,12.44, 1360
02/10/2020,10:18,12.5,12.5,12.5,12.5, 590
02/10/2020,10:48,12.46,12.46,12.42,12.42, 904
02/10/2020,10:53,12.4,12.4,12.4,12.4, 3815
02/10/2020,10:53,12.4,12.4,12.4,12.4, 236
02/10/2020,11:19,12.4,12.4,12.4,12.4, 250
02/10/2020,11:30,12.4,12.44,12.4,12.44, 6666
02/10/2020,11:40,12.42,12.42,12.42,12.42, 371
02/10/2020,11:44,12.42,12.42,12.42,12.42, 21
02/10/2020,11:48,12.46,12.48,12.46,12.48, 1331
02/10/2020,12:02,12.52,12.52,12.52,12.52, 610
02/10/2020,12:12,12.52,12.52,12.52,12.52, 87
02/10/2020,12:21,12.52,12.52,12.52,12.52, 106
02/10/2020,12:32,12.54,12.54,12.54,12.54, 745
02/10/2020,13:01,12.54,12.54,12.46,12.48, 2078
02/10/2020,13:11,12.5,12.5,12.5,12.5, 1055
02/10/2020,13:32,12.5,12.5,12.5,12.5, 50
02/10/2020,14:19,12.5,12.5,12.5,12.5, 21
02/10/2020,14:31,12.54,12.54,12.54,12.54, 2000
02/10/2020,14:34,12.54,12.54,12.54,12.54, 200
02/10/2020,14:35,12.54,12.54,12.54,12.54, 2789
02/10/2020,14:37,12.54,12.54,12.54,12.54, 400
02/10/2020,14:38,12.56,12.56,12.56,12.56, 200
02/10/2020,14:39,12.54,12.54,12.54,12.54, 2141
02/10/2020,14:42,12.52,12.52,12.52,12.52, 202
02/10/2020,14:45,12.5,12.5,12.5,12.5, 312
02/10/2020,14:48,12.5,12.5,12.5,12.5, 315
02/10/2020,14:51,12.5,12.5,12.5,12.5, 166
02/10/2020,15:24,12.5,12.5,12.5,12.5, 457
02/10/2020,15:26,12.5,12.5,12.5,12.5, 1327
02/10/2020,16:00,12.48,12.48,12.48,12.48, 1442
02/10/2020,16:16,12.46,12.46,12.46,12.46, 33
02/10/2020,16:19,12.46,12.46,12.46,12.46, 72
02/10/2020,17:06,12.44,12.44,12.44,12.44, 20
02/10/2020,17:12,12.48,12.48,12.46,12.46, 299
02/10/2020,17:17,12.48,12.48,12.48,12.48, 1845
02/10/2020,17:24,12.48,12.48,12.48,12.48, 212
02/10/2020,17:28,12.48,12.48,12.48,12.48, 54
02/10/2020,17:30,12.5,12.5,12.48,12.48, 3847
02/10/2020,17:36,12.48,12.48,12.48,12.48, 6888
02/11/2020,09:01,12.52,12.54,12.5,12.5, 338
02/11/2020,09:07,12.6,12.6,12.6,12.6, 169
02/11/2020,09:10,12.66,12.66,12.66,12.66, 39
02/11/2020,09:15,12.6,12.6,12.58,12.58, 1947
02/11/2020,09:18,12.6,12.62,12.58,12.62, 2924
02/11/2020,09:26,12.68,12.68,12.68,12.68, 1000
02/11/2020,09:31,12.68,12.68,12.68,12.68, 738
02/11/2020,09:35,12.66,12.66,12.66,12.66, 693
02/11/2020,09:39,12.64,12.64,12.64,12.64, 285
02/11/2020,09:44,12.62,12.62,12.62,12.62, 60
02/11/2020,09:48,12.6,12.6,12.6,12.6, 98
02/11/2020,09:51,12.6,12.6,12.6,12.6, 100
02/11/2020,10:16,12.54,12.54,12.54,12.54, 794
02/11/2020,10:23,12.56,12.56,12.56,12.56, 400
02/11/2020,10:27,12.58,12.58,12.58,12.58, 1
02/11/2020,10:34,12.62,12.62,12.62,12.62, 340
02/11/2020,10:42,12.64,12.64,12.64,12.64, 947
02/11/2020,10:46,12.66,12.66,12.66,12.66, 1679
02/11/2020,10:53,12.7,12.7,12.7,12.7, 400
02/11/2020,10:59,12.7,12.7,12.7,12.7, 930
02/11/2020,11:01,12.68,12.68,12.68,12.68, 90
02/11/2020,11:03,12.66,12.66,12.66,12.66, 188
02/11/2020,11:05,12.64,12.64,12.64,12.64, 200
02/11/2020,11:13,12.7,12.7,12.7,12.7, 381
02/11/2020,11:14,12.7,12.72,12.7,12.72, 858
02/11/2020,11:21,12.72,12.72,12.72,12.72, 120
02/11/2020,11:30,12.68,12.68,12.68,12.68, 1145
02/11/2020,11:30,12.68,12.68,12.68,12.68, 112
02/11/2020,11:37,12.64,12.64,12.64,12.64, 372
02/11/2020,11:43,12.66,12.66,12.66,12.66, 342
02/11/2020,11:49,12.66,12.66,12.66,12.66, 40
02/11/2020,11:56,12.66,12.68,12.66,12.68, 422
02/11/2020,12:08,12.66,12.66,12.66,12.66, 366
02/11/2020,12:15,12.68,12.72,12.68,12.72, 5295
02/11/2020,12:17,12.74,12.74,12.74,12.74, 903
02/11/2020,12:18,12.74,12.74,12.74,12.74, 1050
02/11/2020,12:20,12.74,12.74,12.74,12.74, 1365
02/11/2020,12:24,12.76,12.76,12.72,12.72, 1838
02/11/2020,12:29,12.72,12.8,12.72,12.78, 6486
02/11/2020,12:33,12.76,12.78,12.74,12.74, 930
02/11/2020,12:36,12.76,12.76,12.74,12.74, 500
02/11/2020,12:46,12.78,12.78,12.78,12.78, 636
02/11/2020,12:48,12.8,12.8,12.78,12.78, 788
02/11/2020,12:51,12.76,12.76,12.76,12.76, 40
02/11/2020,12:58,12.76,12.76,12.76,12.76, 104
02/11/2020,13:04,12.76,12.76,12.76,12.76, 351
02/11/2020,13:11,12.76,12.76,12.76,12.76, 369
02/11/2020,13:19,12.76,12.76,12.76,12.76, 322
02/11/2020,13:25,12.76,12.76,12.76,12.76, 343
02/11/2020,13:33,12.74,12.74,12.74,12.74, 145
02/11/2020,13:47,12.72,12.72,12.72,12.72, 369
02/11/2020,13:54,12.72,12.72,12.72,12.72, 325
02/11/2020,14:08,12.74,12.74,12.74,12.74, 324
02/11/2020,14:15,12.74,12.74,12.74,12.74, 536
02/11/2020,14:22,12.72,12.72,12.72,12.72, 365
02/11/2020,14:25,12.74,12.74,12.74,12.74, 131
02/11/2020,14:29,12.7,12.7,12.7,12.7, 340
02/11/2020,14:35,12.7,12.7,12.7,12.7, 334
02/11/2020,14:48,12.7,12.7,12.7,12.7, 352
02/11/2020,14:54,12.7,12.7,12.7,12.7, 341
02/11/2020,15:00,12.7,12.7,12.7,12.7, 348
02/11/2020,15:07,12.74,12.74,12.74,12.74, 42
02/11/2020,15:24,12.74,12.74,12.74,12.74, 1000
02/11/2020,15:28,12.72,12.72,12.72,12.72, 251
02/11/2020,15:32,12.7,12.7,12.7,12.7, 356
02/11/2020,15:37,12.68,12.68,12.68,12.68, 352
02/11/2020,15:42,12.72,12.72,12.72,12.72, 879
02/11/2020,15:45,12.74,12.74,12.74,12.74, 191
02/11/2020,15:57,12.74,12.74,12.74,12.74, 452
02/11/2020,16:01,12.72,12.72,12.72,12.72, 251
02/11/2020,16:05,12.74,12.74,12.74,12.74, 767
02/11/2020,16:16,12.78,12.78,12.78,12.78, 983
02/11/2020,16:24,12.78,12.78,12.78,12.78, 675
02/11/2020,16:30,12.76,12.76,12.76,12.76, 431
02/11/2020,16:37,12.76,12.76,12.76,12.76, 350
02/11/2020,16:41,12.76,12.76,12.76,12.76, 50
02/11/2020,16:42,12.78,12.78,12.78,12.78, 787
02/11/2020,16:44,12.8,12.8,12.8,12.8, 208
02/11/2020,16:48,12.8,12.8,12.8,12.8, 46
02/11/2020,16:55,12.8,12.8,12.8,12.8, 313
02/11/2020,16:58,12.8,12.8,12.8,12.8, 368
02/11/2020,17:05,12.78,12.78,12.78,12.78, 327
02/11/2020,17:08,12.78,12.78,12.78,12.78, 62
02/11/2020,17:10,12.78,12.78,12.78,12.78, 355
02/11/2020,17:10,12.8,12.8,12.8,12.8, 785
02/11/2020,17:13,12.76,12.76,12.76,12.76, 358
02/11/2020,17:23,12.76,12.76,12.76,12.76, 1218
02/11/2020,17:26,12.76,12.76,12.76,12.76, 342
02/11/2020,17:27,12.78,12.78,12.78,12.78, 462
02/11/2020,17:27,12.76,12.76,12.76,12.76, 165
02/11/2020,17:29,12.76,12.76,12.74,12.74, 787
02/11/2020,17:30,12.76,12.76,12.76,12.76, 14
02/11/2020,17:36,12.76,12.76,12.76,12.76, 5471
02/11/2020,17:37,12.76,12.76,12.76,12.76, 647
02/12/2020,10:10,12.46,12.46,12.46,12.46, 200
02/12/2020,10:18,12.46,12.46,12.46,12.46, 876
02/12/2020,10:27,12.44,12.44,12.44,12.44, 836
02/12/2020,10:44,12.42,12.42,12.42,12.42, 18
02/12/2020,10:56,12.46,12.46,12.46,12.46, 747
02/12/2020,11:07,12.46,12.5,12.38,12.42, 26451
02/12/2020,11:19,12.44,12.44,12.44,12.44, 52
02/12/2020,11:58,12.48,12.48,12.48,12.48, 360
02/12/2020,12:07,12.46,12.46,12.38,12.4, 19088
02/12/2020,12:08,12.4,12.4,12.4,12.4, 469
02/12/2020,12:08,12.4,12.4,12.4,12.4, 348
02/12/2020,12:10,12.38,12.4,12.38,12.4, 1598
02/12/2020,12:11,12.4,12.4,12.4,12.4, 1035
02/12/2020,12:20,12.4,12.4,12.38,12.4, 865
02/12/2020,12:25,12.4,12.4,12.38,12.38, 550
02/12/2020,12:29,12.4,12.4,12.4,12.4, 53
02/12/2020,12:34,12.4,12.4,12.4,12.4, 5644
02/12/2020,12:49,12.4,12.42,12.4,12.42, 1645
02/12/2020,13:02,12.46,12.46,12.46,12.46, 160
02/12/2020,13:08,12.46,12.46,12.46,12.46, 59
02/12/2020,13:16,12.46,12.46,12.46,12.46, 71
02/12/2020,13:17,12.44,12.44,12.44,12.44, 66
02/12/2020,13:26,12.46,12.46,12.46,12.46, 71
02/12/2020,13:35,12.5,12.5,12.5,12.5, 216
02/12/2020,13:38,12.52,12.54,12.52,12.54, 286
02/12/2020,13:40,12.54,12.54,12.54,12.54, 303
02/12/2020,13:45,12.58,12.58,12.58,12.58, 55
02/12/2020,13:56,12.56,12.56,12.52,12.54, 814
02/12/2020,14:13,12.5,12.52,12.5,12.52, 464
02/12/2020,14:25,12.5,12.5,12.5,12.5, 67
02/12/2020,14:38,12.5,12.5,12.5,12.5, 67
02/12/2020,14:40,12.5,12.52,12.5,12.52, 551
02/12/2020,14:43,12.54,12.54,12.54,12.54, 80
02/12/2020,14:56,12.52,12.52,12.52,12.52, 1060
02/12/2020,15:02,12.52,12.52,12.52,12.52, 198
02/12/2020,15:12,12.54,12.54,12.54,12.54, 144
02/12/2020,15:17,12.56,12.56,12.56,12.56, 49
02/12/2020,15:19,12.56,12.56,12.56,12.56, 1018
02/12/2020,15:23,12.52,12.52,12.52,12.52, 483
02/12/2020,15:30,12.52,12.52,12.52,12.52, 83
02/12/2020,15:45,12.52,12.52,12.52,12.52, 399
02/12/2020,15:48,12.5,12.5,12.5,12.5, 69
02/12/2020,15:53,12.54,12.54,12.54,12.54, 500
02/12/2020,16:05,12.54,12.54,12.54,12.54, 800
02/12/2020,16:10,12.54,12.54,12.54,12.54, 78
02/12/2020,16:18,12.56,12.56,12.56,12.56, 2
02/12/2020,16:21,12.54,12.54,12.54,12.54, 1035
02/12/2020,16:24,12.52,12.54,12.52,12.54, 771
02/12/2020,16:36,12.52,12.52,12.52,12.52, 59
02/12/2020,16:57,12.52,12.52,12.52,12.52, 3100
02/12/2020,16:59,12.54,12.54,12.54,12.54, 303
02/12/2020,17:06,12.56,12.56,12.56,12.56, 70
02/12/2020,17:20,12.54,12.56,12.54,12.56, 208
02/12/2020,17:25,12.54,12.54,12.54,12.54, 67
02/12/2020,17:27,12.54,12.54,12.54,12.54, 350
02/12/2020,17:28,12.56,12.56,12.56,12.56, 250
02/12/2020,17:29,12.58,12.58,12.58,12.58, 928
02/12/2020,17:30,12.58,12.58,12.56,12.56, 394
02/12/2020,17:36,12.58,12.58,12.58,12.58, 5942
02/13/2020,09:01,12.58,12.58,12.58,12.58, 134
02/13/2020,09:02,12.56,12.56,12.54,12.54, 592
02/13/2020,09:03,12.48,12.48,12.46,12.46, 1960
02/13/2020,09:07,12.42,12.44,12.4,12.42, 1602
02/13/2020,09:08,12.42,12.42,12.42,12.42, 1164
02/13/2020,09:09,12.44,12.44,12.44,12.44, 450
02/13/2020,09:22,12.48,12.48,12.48,12.48, 2811
02/13/2020,09:24,12.54,12.54,12.54,12.54, 858
02/13/2020,09:28,12.54,12.58,12.54,12.58, 402
02/13/2020,09:30,12.54,12.54,12.54,12.54, 1457
02/13/2020,09:41,12.54,12.54,12.54,12.54, 18
02/13/2020,10:01,12.5,12.5,12.5,12.5, 1000
02/13/2020,10:18,12.52,12.52,12.52,12.52, 1949
02/13/2020,10:21,12.52,12.52,12.52,12.52, 1164
02/13/2020,10:38,12.54,12.54,12.54,12.54, 560
02/13/2020,10:49,12.56,12.56,12.56,12.56, 594
02/13/2020,10:53,12.56,12.56,12.56,12.56, 361
02/13/2020,11:07,12.54,12.54,12.5,12.5, 1086
02/13/2020,11:10,12.48,12.48,12.48,12.48, 261
02/13/2020,11:11,12.48,12.48,12.46,12.46, 413
02/13/2020,11:12,12.46,12.46,12.46,12.46, 465
02/13/2020,11:18,12.48,12.48,12.48,12.48, 708
02/13/2020,11:20,12.48,12.48,12.48,12.48, 310
02/13/2020,11:28,12.48,12.48,12.48,12.48, 1340
02/13/2020,11:43,12.48,12.48,12.48,12.48, 81
02/13/2020,11:46,12.48,12.48,12.48,12.48, 332
02/13/2020,11:52,12.48,12.48,12.46,12.46, 1328
02/13/2020,11:57,12.44,12.46,12.42,12.44, 3703
02/13/2020,12:02,12.48,12.48,12.48,12.48, 378
02/13/2020,12:10,12.46,12.46,12.46,12.46, 260
02/13/2020,12:13,12.44,12.44,12.44,12.44, 105
02/13/2020,12:21,12.44,12.44,12.44,12.44, 500
02/13/2020,12:28,12.44,12.44,12.44,12.44, 1514
02/13/2020,12:34,12.44,12.44,12.44,12.44, 96
02/13/2020,12:40,12.46,12.46,12.46,12.46, 416
02/13/2020,12:58,12.48,12.48,12.48,12.48, 944
02/13/2020,13:01,12.48,12.5,12.48,12.5, 576
02/13/2020,13:05,12.5,12.5,12.5,12.5, 549
02/13/2020,13:11,12.48,12.48,12.48,12.48, 137
02/13/2020,13:27,12.52,12.52,12.5,12.5, 1213
02/13/2020,13:30,12.5,12.5,12.5,12.5, 244
02/13/2020,13:59,12.5,12.5,12.5,12.5, 293
02/13/2020,14:04,12.52,12.54,12.52,12.52, 938
02/13/2020,14:06,12.56,12.56,12.56,12.56, 514
02/13/2020,14:08,12.54,12.54,12.54,12.54, 200
02/13/2020,14:22,12.54,12.54,12.54,12.54, 739
02/13/2020,14:23,12.56,12.56,12.56,12.56, 532
02/13/2020,14:36,12.54,12.54,12.54,12.54, 323
02/13/2020,14:44,12.56,12.56,12.56,12.56, 129
02/13/2020,14:52,12.56,12.56,12.56,12.56, 1109
02/13/2020,15:05,12.56,12.56,12.54,12.54, 669
02/13/2020,15:25,12.52,12.52,12.52,12.52, 459
02/13/2020,15:30,12.52,12.52,12.52,12.52, 356
02/13/2020,15:32,12.54,12.54,12.54,12.54, 1277
02/13/2020,15:42,12.54,12.54,12.54,12.54, 386
02/13/2020,15:45,12.54,12.54,12.54,12.54, 562
02/13/2020,15:49,12.54,12.54,12.54,12.54, 339
02/13/2020,16:01,12.52,12.52,12.5,12.5, 7469
02/13/2020,16:02,12.5,12.5,12.5,12.5, 572
02/13/2020,16:05,12.5,12.52,12.5,12.52, 2057
02/13/2020,16:08,12.5,12.5,12.5,12.5, 1344
02/13/2020,16:10,12.5,12.5,12.5,12.5, 321
02/13/2020,16:13,12.52,12.56,12.52,12.52, 1590
02/13/2020,16:22,12.56,12.56,12.56,12.56, 23
02/13/2020,16:22,12.54,12.54,12.54,12.54, 341
02/13/2020,16:27,12.54,12.54,12.54,12.54, 73
02/13/2020,16:33,12.54,12.54,12.54,12.54, 195
02/13/2020,16:36,12.52,12.52,12.52,12.52, 93
02/13/2020,16:38,12.54,12.54,12.54,12.54, 137
02/13/2020,16:44,12.52,12.52,12.52,12.52, 110
02/13/2020,16:51,12.5,12.5,12.5,12.5, 388
02/13/2020,16:52,12.52,12.52,12.52,12.52, 326
02/13/2020,16:56,12.52,12.52,12.52,12.52, 322
02/13/2020,16:58,12.52,12.52,12.52,12.52, 114
02/13/2020,16:59,12.52,12.52,12.52,12.52, 202
02/13/2020,17:02,12.52,12.52,12.52,12.52, 230
02/13/2020,17:03,12.52,12.52,12.52,12.52, 360
02/13/2020,17:08,12.52,12.52,12.52,12.52, 1373
02/13/2020,17:18,12.56,12.56,12.56,12.56, 30
02/13/2020,17:23,12.54,12.54,12.52,12.52, 2130
02/13/2020,17:28,12.54,12.54,12.54,12.54, 1436
02/13/2020,17:29,12.52,12.52,12.52,12.52, 1107
02/13/2020,17:30,12.54,12.54,12.52,12.52, 449
02/13/2020,17:30,12.52,12.52,12.52,12.52, 358
02/13/2020,17:36,12.52,12.52,12.52,12.52, 8945
02/14/2020,09:01,12.6,12.6,12.56,12.56, 2018
02/14/2020,09:12,12.66,12.66,12.66,12.66, 602
02/14/2020,09:14,12.68,12.68,12.68,12.68, 600
02/14/2020,09:17,12.66,12.66,12.66,12.66, 1000
02/14/2020,09:22,12.56,12.56,12.56,12.56, 1
02/14/2020,09:24,12.56,12.56,12.54,12.54, 1092
02/14/2020,09:30,12.5,12.56,12.5,12.56, 2320
02/14/2020,09:38,12.58,12.58,12.56,12.56, 600
02/14/2020,09:49,12.62,12.62,12.62,12.62, 379
02/14/2020,09:51,12.62,12.62,12.62,12.62, 449
02/14/2020,09:53,12.6,12.6,12.6,12.6, 400
02/14/2020,10:00,12.58,12.58,12.56,12.56, 1653
02/14/2020,10:07,12.52,12.52,12.52,12.52, 870
02/14/2020,10:24,12.5,12.5,12.5,12.5, 850
02/14/2020,10:25,12.48,12.48,12.48,12.48, 535
02/14/2020,10:31,12.48,12.48,12.48,12.48, 1400
02/14/2020,10:39,12.48,12.48,12.48,12.48, 234
02/14/2020,10:40,12.46,12.48,12.46,12.46, 1000
02/14/2020,10:43,12.48,12.48,12.48,12.48, 250
02/14/2020,10:48,12.5,12.5,12.5,12.5, 4
02/14/2020,10:54,12.54,12.54,12.54,12.54, 332
02/14/2020,11:07,12.56,12.56,12.56,12.56, 205
02/14/2020,11:10,12.56,12.56,12.54,12.56, 703
02/14/2020,11:45,12.56,12.56,12.56,12.56, 369
02/14/2020,11:59,12.54,12.54,12.54,12.54, 2000
02/14/2020,12:08,12.58,12.58,12.58,12.58, 298
02/14/2020,12:09,12.56,12.56,12.56,12.56, 938
02/14/2020,12:26,12.56,12.56,12.56,12.56, 199
02/14/2020,13:09,12.58,12.58,12.58,12.58, 1000
02/14/2020,13:19,12.56,12.56,12.54,12.54, 2178
02/14/2020,13:27,12.56,12.56,12.56,12.56, 100
02/14/2020,13:41,12.54,12.54,12.54,12.54, 2000
02/14/2020,13:51,12.54,12.54,12.54,12.54, 628
02/14/2020,13:55,12.54,12.54,12.54,12.54, 39
02/14/2020,13:58,12.52,12.52,12.5,12.5, 1143
02/14/2020,14:10,12.5,12.5,12.5,12.5, 72
02/14/2020,14:23,12.5,12.5,12.46,12.48, 1482
02/14/2020,14:44,12.46,12.46,12.46,12.46, 638
02/14/2020,14:46,12.44,12.44,12.44,12.44, 13
02/14/2020,14:53,12.44,12.44,12.44,12.44, 1304
02/14/2020,15:04,12.46,12.46,12.46,12.46, 1616
02/14/2020,15:07,12.46,12.46,12.46,12.46, 803
02/14/2020,15:18,12.44,12.44,12.44,12.44, 259
02/14/2020,15:37,12.42,12.44,12.42,12.42, 1368
02/14/2020,15:41,12.44,12.44,12.44,12.44, 670
02/14/2020,15:46,12.42,12.42,12.42,12.42, 1009
02/14/2020,15:50,12.42,12.42,12.42,12.42, 1500
02/14/2020,15:53,12.42,12.42,12.42,12.42, 700
02/14/2020,16:06,12.42,12.42,12.42,12.42, 794
02/14/2020,16:24,12.44,12.44,12.44,12.44, 200
02/14/2020,17:00,12.42,12.42,12.42,12.42, 170
02/14/2020,17:01,12.4,12.4,12.4,12.4, 1652
02/14/2020,17:10,12.38,12.38,12.38,12.38, 341
02/14/2020,17:13,12.36,12.36,12.36,12.36, 14
02/14/2020,17:14,12.36,12.36,12.34,12.34, 1953
02/14/2020,17:15,12.34,12.34,12.32,12.32, 570
02/14/2020,17:16,12.32,12.32,12.32,12.32, 491
02/14/2020,17:17,12.3,12.3,12.3,12.3, 300
02/14/2020,17:18,12.3,12.32,12.3,12.3, 2512
02/14/2020,17:22,12.3,12.3,12.3,12.3, 100
02/14/2020,17:26,12.28,12.28,12.28,12.28, 300
02/14/2020,17:27,12.26,12.26,12.22,12.24, 2636
02/14/2020,17:28,12.24,12.24,12.24,12.24, 23
02/14/2020,17:30,12.24,12.28,12.24,12.26, 1896
02/14/2020,17:36,12.26,12.26,12.26,12.26, 10394
02/17/2020,09:01,12.54,12.54,12.54,12.54, 3358
02/17/2020,09:15,12.42,12.42,12.42,12.42, 998
02/17/2020,09:20,12.42,12.42,12.4,12.4, 2148
02/17/2020,09:25,12.44,12.44,12.44,12.44, 883
02/17/2020,09:35,12.44,12.46,12.44,12.46, 800
02/17/2020,10:19,12.46,12.46,12.46,12.46, 397
02/17/2020,10:25,12.44,12.44,12.44,12.44, 288
02/17/2020,10:57,12.44,12.44,12.36,12.36, 2725
02/17/2020,10:58,12.38,12.38,12.38,12.38, 463
02/17/2020,11:29,12.38,12.38,12.38,12.38, 100
02/17/2020,11:45,12.38,12.38,12.38,12.38, 380
02/17/2020,12:01,12.38,12.38,12.38,12.38, 220
02/17/2020,12:28,12.38,12.38,12.38,12.38, 524
02/17/2020,12:31,12.38,12.38,12.38,12.38, 2448
02/17/2020,12:43,12.4,12.4,12.4,12.4, 481
02/17/2020,12:44,12.44,12.44,12.44,12.44, 100
02/17/2020,12:55,12.42,12.42,12.42,12.42, 1000
02/17/2020,12:57,12.4,12.4,12.4,12.4, 260
02/17/2020,13:43,12.42,12.42,12.42,12.42, 1506
02/17/2020,13:59,12.42,12.42,12.42,12.42, 1409
02/17/2020,14:38,12.44,12.44,12.44,12.44, 196
02/17/2020,15:26,12.42,12.42,12.42,12.42, 504
02/17/2020,17:29,12.44,12.44,12.42,12.42, 769
02/17/2020,17:36,12.4,12.4,12.4,12.4, 6588
02/18/2020,09:01,12.42,12.42,12.42,12.42, 4
02/18/2020,09:04,12.42,12.42,12.34,12.34, 2389
02/18/2020,09:05,12.32,12.32,12.32,12.32, 500
02/18/2020,09:10,12.34,12.34,12.34,12.34, 543
02/18/2020,09:16,12.36,12.36,12.36,12.36, 115
02/18/2020,09:20,12.36,12.36,12.36,12.36, 186
02/18/2020,09:29,12.34,12.34,12.34,12.34, 150
02/18/2020,09:39,12.32,12.32,12.32,12.32, 200
02/18/2020,10:05,12.28,12.28,12.26,12.26, 2005
02/18/2020,10:20,12.2,12.2,12.2,12.2, 210
02/18/2020,10:24,12.2,12.2,12.2,12.2, 50
02/18/2020,10:31,12.2,12.2,12.2,12.2, 1033
02/18/2020,10:33,12.2,12.2,12.2,12.2, 100
02/18/2020,10:43,12.24,12.24,12.24,12.24, 1612
02/18/2020,11:07,12.26,12.26,12.24,12.24, 509
02/18/2020,11:18,12.26,12.26,12.26,12.26, 400
02/18/2020,11:23,12.26,12.26,12.26,12.26, 282
02/18/2020,11:57,12.24,12.24,12.24,12.24, 953
02/18/2020,12:09,12.24,12.24,12.24,12.24, 750
02/18/2020,12:18,12.26,12.26,12.26,12.26, 240
02/18/2020,13:00,12.26,12.26,12.26,12.26, 750
02/18/2020,13:22,12.26,12.26,12.26,12.26, 200
02/18/2020,14:21,12.24,12.24,12.24,12.24, 255
02/18/2020,14:53,12.24,12.28,12.24,12.28, 2573
02/18/2020,15:10,12.28,12.28,12.28,12.28, 92
02/18/2020,15:19,12.3,12.3,12.3,12.3, 500
02/18/2020,15:23,12.28,12.28,12.28,12.28, 453
02/18/2020,15:51,12.26,12.26,12.26,12.26, 406
02/18/2020,15:57,12.24,12.24,12.24,12.24, 1021
02/18/2020,15:58,12.26,12.26,12.26,12.26, 165
02/18/2020,16:21,12.24,12.24,12.24,12.24, 654
02/18/2020,17:15,12.26,12.26,12.26,12.26, 52
02/18/2020,17:16,12.24,12.24,12.24,12.24, 1550
02/18/2020,17:21,12.22,12.22,12.22,12.22, 151
02/18/2020,17:36,12.22,12.22,12.22,12.22, 8096
02/19/2020,09:01,12.2,12.2,12.2,12.2, 9
02/19/2020,09:06,12.2,12.22,12.2,12.22, 2415
02/19/2020,09:09,12.2,12.2,12.14,12.14, 2743
02/19/2020,09:10,12.16,12.18,12.16,12.18, 993
02/19/2020,09:12,12.18,12.18,12.18,12.18, 20
02/19/2020,09:13,12.14,12.14,12.14,12.14, 384
02/19/2020,09:16,12.14,12.14,12.14,12.14, 200
02/19/2020,09:18,12.16,12.16,12.16,12.16, 701
02/19/2020,09:20,12.16,12.16,12.16,12.16, 650
02/19/2020,09:33,12.14,12.14,12.14,12.14, 300
02/19/2020,09:38,12.14,12.16,12.14,12.14, 1533
02/19/2020,09:45,12.14,12.14,12.14,12.14, 500
02/19/2020,09:56,12.14,12.16,12.14,12.16, 844
02/19/2020,09:57,12.16,12.16,12.16,12.16, 28
02/19/2020,10:02,12.18,12.18,12.18,12.18, 75
02/19/2020,10:10,12.14,12.14,12.14,12.14, 25
02/19/2020,10:22,12.14,12.14,12.14,12.14, 136
02/19/2020,10:42,12.18,12.18,12.18,12.18, 125
02/19/2020,11:15,12.18,12.18,12.18,12.18, 3118
02/19/2020,11:21,12.18,12.18,12.18,12.18, 3202
02/19/2020,11:23,12.14,12.14,12.14,12.14, 713
02/19/2020,11:24,12.14,12.14,12.14,12.14, 307
02/19/2020,11:29,12.16,12.16,12.16,12.16, 1742
02/19/2020,11:47,12.16,12.16,12.16,12.16, 1404
02/19/2020,11:48,12.14,12.14,12.14,12.14, 1225
02/19/2020,11:59,12.14,12.14,12.14,12.14, 300
02/19/2020,12:04,12.12,12.12,12.12,12.12, 176
02/19/2020,12:14,12.14,12.14,12.14,12.14, 1115
02/19/2020,12:32,12.14,12.14,12.14,12.14, 252
02/19/2020,12:46,12.12,12.12,12.12,12.12, 213
02/19/2020,12:52,12.14,12.14,12.14,12.14, 954
02/19/2020,13:00,12.14,12.14,12.14,12.14, 375
02/19/2020,13:21,12.14,12.14,12.14,12.14, 96
02/19/2020,13:22,12.14,12.14,12.14,12.14, 71
02/19/2020,13:35,12.12,12.12,12.12,12.12, 94
02/19/2020,13:49,12.12,12.12,12.12,12.12, 568
02/19/2020,13:57,12.12,12.12,12.1,12.1, 4649
02/19/2020,14:05,12.08,12.08,12.08,12.08, 400
02/19/2020,14:11,12.08,12.08,12.08,12.08, 24
02/19/2020,14:12,12.1,12.1,12.1,12.1, 1176
02/19/2020,14:22,12.08,12.08,12.08,12.08, 141
02/19/2020,14:33,12.08,12.08,12.08,12.08, 907
02/19/2020,14:42,12.06,12.06,12.06,12.06, 95
02/19/2020,14:44,12.06,12.06,12.06,12.06, 339
02/19/2020,14:57,12.06,12.06,12.06,12.06, 141
02/19/2020,15:07,12.06,12.06,12.06,12.06, 103
02/19/2020,15:08,12.08,12.08,12.08,12.08, 100
02/19/2020,15:09,12.08,12.08,12.08,12.08, 100
02/19/2020,15:13,12.08,12.1,12.08,12.1, 5645
02/19/2020,15:17,12.12,12.12,12.12,12.12, 258
02/19/2020,15:18,12.1,12.1,12.1,12.1, 221
02/19/2020,15:20,12.12,12.12,12.12,12.12, 602
02/19/2020,15:22,12.1,12.1,12.1,12.1, 410
02/19/2020,15:36,12.1,12.1,12.1,12.1, 70
02/19/2020,15:38,12.1,12.1,12.1,12.1, 575
02/19/2020,15:40,12.1,12.1,12.1,12.1, 29
02/19/2020,15:44,12.12,12.12,12.12,12.12, 1146
02/19/2020,15:46,12.12,12.12,12.1,12.1, 622
02/19/2020,15:48,12.12,12.12,12.12,12.12, 50
02/19/2020,15:54,12.1,12.1,12.1,12.1, 141
02/19/2020,15:55,12.12,12.12,12.12,12.12, 333
02/19/2020,16:01,12.1,12.1,12.1,12.1, 286
02/19/2020,16:03,12.1,12.1,12.1,12.1, 184
02/19/2020,16:15,12.1,12.1,12.1,12.1, 173
02/19/2020,16:16,12.1,12.1,12.1,12.1, 94
02/19/2020,16:31,12.08,12.08,12.08,12.08, 154
02/19/2020,16:32,12.1,12.1,12.1,12.1, 1000
02/19/2020,16:33,12.08,12.08,12.08,12.08, 94
02/19/2020,16:44,12.08,12.08,12.08,12.08, 310
02/19/2020,16:52,12.08,12.08,12.08,12.08, 133
02/19/2020,16:58,12.08,12.08,12.08,12.08, 132
02/19/2020,17:02,12.1,12.1,12.1,12.1, 30
02/19/2020,17:06,12.1,12.1,12.1,12.1, 1720
02/19/2020,17:07,12.08,12.08,12.08,12.08, 278
02/19/2020,17:09,12.08,12.08,12.08,12.08, 552
02/19/2020,17:10,12.08,12.08,12.08,12.08, 538
02/19/2020,17:12,12.08,12.08,12.08,12.08, 94
02/19/2020,17:12,12.08,12.08,12.08,12.08, 164
02/19/2020,17:14,12.08,12.08,12.08,12.08, 153
02/19/2020,17:16,12.08,12.08,12.08,12.08, 97
02/19/2020,17:17,12.08,12.08,12.08,12.08, 1569
02/19/2020,17:27,12.08,12.08,12.08,12.08, 1500
02/19/2020,17:30,12.08,12.08,12.08,12.08, 3100
02/19/2020,17:36,12.1,12.1,12.1,12.1, 21341
02/20/2020,09:01,12.22,12.22,12.22,12.22, 155
02/20/2020,09:04,12.16,12.16,12.14,12.14, 750
02/20/2020,09:26,12.14,12.14,12.14,12.14, 3870
02/20/2020,09:27,12.14,12.14,12.14,12.14, 50
02/20/2020,09:43,12.16,12.16,12.16,12.16, 400
02/20/2020,10:00,12.16,12.16,12.16,12.16, 122
02/20/2020,10:24,12.18,12.18,12.18,12.18, 67
02/20/2020,10:35,12.18,12.2,12.18,12.2, 2715
02/20/2020,10:35,12.22,12.22,12.22,12.22, 4994
02/20/2020,10:45,12.22,12.22,12.22,12.22, 95
02/20/2020,10:46,12.22,12.22,12.22,12.22, 646
02/20/2020,10:47,12.22,12.22,12.22,12.22, 700
02/20/2020,10:47,12.22,12.22,12.22,12.22, 95
02/20/2020,11:07,12.22,12.22,12.22,12.22, 270
02/20/2020,11:11,12.24,12.26,12.24,12.26, 440
02/20/2020,11:11,12.28,12.28,12.28,12.28, 200
02/20/2020,11:37,12.28,12.28,12.28,12.28, 694
02/20/2020,11:47,12.28,12.28,12.28,12.28, 99
02/20/2020,12:18,12.28,12.28,12.28,12.28, 20
02/20/2020,12:44,12.28,12.28,12.22,12.22, 4341
02/20/2020,12:46,12.22,12.22,12.22,12.22, 192
02/20/2020,12:59,12.24,12.24,12.24,12.24, 1331
02/20/2020,13:10,12.24,12.24,12.24,12.24, 389
02/20/2020,13:20,12.22,12.22,12.22,12.22, 696
02/20/2020,13:45,12.2,12.2,12.2,12.2, 100
02/20/2020,15:36,12.14,12.16,12.14,12.16, 1066
02/20/2020,15:55,12.14,12.16,12.1,12.1, 3260
02/20/2020,15:56,12.08,12.1,12.06,12.08, 2919
02/20/2020,15:57,12.1,12.1,12.1,12.1, 300
02/20/2020,15:59,12.1,12.1,12.1,12.1, 618
02/20/2020,16:03,12.12,12.12,12.12,12.12, 735
02/20/2020,16:08,12.14,12.14,12.14,12.14, 449
02/20/2020,16:14,12.14,12.14,12.14,12.14, 2090
02/20/2020,16:27,12.16,12.16,12.16,12.16, 364
02/20/2020,16:45,12.18,12.18,12.18,12.18, 36
02/20/2020,16:52,12.16,12.16,12.16,12.16, 238
02/20/2020,17:06,12.16,12.2,12.16,12.16, 581936
02/20/2020,17:08,12.2,12.2,12.18,12.2, 3325
02/20/2020,17:13,12.2,12.22,12.2,12.22, 4090
02/20/2020,17:14,12.22,12.22,12.22,12.22, 268
02/20/2020,17:18,12.24,12.24,12.24,12.24, 12
02/20/2020,17:21,12.26,12.26,12.24,12.24, 4831
02/20/2020,17:22,12.22,12.22,12.22,12.22, 161
02/20/2020,17:23,12.22,12.22,12.22,12.22, 500
02/20/2020,17:29,12.24,12.26,12.24,12.24, 3465
02/20/2020,17:30,12.24,12.28,12.24,12.24, 2024
02/20/2020,17:30,12.22,12.22,12.22,12.22, 11
02/20/2020,17:36,12.24,12.24,12.24,12.24, 13509
02/21/2020,09:01,12.2,12.2,12.2,12.2, 198
02/21/2020,09:04,12.18,12.18,12.14,12.14, 1324
02/21/2020,09:07,12.12,12.12,12.1,12.1, 462
02/21/2020,09:09,12.1,12.1,12.08,12.08, 1568
02/21/2020,09:13,12.06,12.06,12.04,12.04, 2808
02/21/2020,09:17,12.06,12.06,12.06,12.06, 1500
02/21/2020,09:31,12.06,12.1,12.06,12.08, 1599
02/21/2020,09:32,12.1,12.1,12.1,12.1, 500
02/21/2020,09:33,12.12,12.12,12.12,12.12, 63
02/21/2020,09:53,12.12,12.12,12.12,12.12, 472
02/21/2020,10:34,12.08,12.08,12.06,12.06, 709
02/21/2020,10:46,12.08,12.1,12.08,12.1, 1753
02/21/2020,10:53,12.1,12.1,12.1,12.1, 1902
02/21/2020,10:57,12.1,12.1,12.1,12.1, 369
02/21/2020,11:02,12.1,12.1,12.1,12.1, 148
02/21/2020,11:23,12.1,12.1,12.1,12.1, 45
02/21/2020,11:24,12.08,12.08,12.08,12.08, 1547
02/21/2020,11:33,12.06,12.06,12.06,12.06, 996
02/21/2020,11:35,12.08,12.08,12.08,12.08, 320
02/21/2020,11:36,12.08,12.08,12.06,12.06, 2128
02/21/2020,12:27,12.06,12.06,12.06,12.06, 55
02/21/2020,12:33,12.08,12.08,12.08,12.08, 1209
02/21/2020,12:38,12.1,12.1,12.1,12.1, 290
02/21/2020,13:11,12.12,12.12,12.12,12.12, 444
02/21/2020,14:08,12.16,12.16,12.14,12.14, 122
02/21/2020,14:10,12.16,12.16,12.16,12.16, 1
02/21/2020,14:12,12.16,12.16,12.16,12.16, 1
02/21/2020,14:17,12.18,12.18,12.18,12.18, 183
02/21/2020,14:19,12.16,12.16,12.16,12.16, 924
02/21/2020,14:31,12.18,12.18,12.18,12.18, 4
02/21/2020,14:36,12.18,12.18,12.18,12.18, 155
02/21/2020,14:39,12.18,12.18,12.18,12.18, 304
02/21/2020,14:43,12.18,12.2,12.18,12.2, 942
02/21/2020,15:00,12.22,12.22,12.22,12.22, 12
02/21/2020,15:17,12.24,12.24,12.24,12.24, 367
02/21/2020,15:19,12.26,12.26,12.26,12.26, 5
02/21/2020,15:28,12.24,12.24,12.24,12.24, 1383
02/21/2020,15:36,12.24,12.24,12.24,12.24, 930
02/21/2020,15:44,12.22,12.22,12.22,12.22, 500
02/21/2020,15:47,12.22,12.22,12.22,12.22, 148
02/21/2020,16:03,12.22,12.22,12.22,12.22, 264
02/21/2020,16:31,12.22,12.22,12.22,12.22, 3936
02/21/2020,16:33,12.22,12.22,12.22,12.22, 530
02/21/2020,16:42,12.2,12.2,12.2,12.2, 1063
02/21/2020,16:47,12.22,12.22,12.22,12.22, 191
02/21/2020,16:57,12.2,12.2,12.2,12.2, 12
02/21/2020,17:36,12.24,12.24,12.24,12.24, 10407
02/24/2020,09:01,12,12.08,12,12.08, 1084
02/24/2020,09:01,12,12,12,12, 1774
02/24/2020,09:05,11.98,11.98,11.88,11.88, 1422
02/24/2020,09:07,11.92,11.92,11.92,11.92, 350
02/24/2020,09:15,11.96,11.96,11.96,11.96, 751
02/24/2020,09:19,11.96,11.96,11.96,11.96, 100
02/24/2020,09:21,11.94,11.94,11.9,11.92, 1868
02/24/2020,09:32,11.84,11.84,11.84,11.84, 500
02/24/2020,09:34,11.86,11.86,11.86,11.86, 1127
02/24/2020,09:40,11.88,11.88,11.88,11.88, 100
02/24/2020,10:02,11.88,11.88,11.88,11.88, 899
02/24/2020,10:12,11.88,11.88,11.86,11.86, 583
02/24/2020,10:15,11.84,11.84,11.84,11.84, 86
02/24/2020,10:17,11.86,11.86,11.86,11.86, 874
02/24/2020,10:34,11.84,11.84,11.78,11.78, 5193
02/24/2020,10:35,11.82,11.82,11.82,11.82, 265
02/24/2020,10:38,11.8,11.8,11.78,11.78, 2023
02/24/2020,10:39,11.78,11.78,11.78,11.78, 292
02/24/2020,10:41,11.8,11.8,11.8,11.8, 967
02/24/2020,10:45,11.8,11.8,11.8,11.8, 1420
02/24/2020,10:49,11.8,11.8,11.8,11.8, 30
02/24/2020,10:50,11.8,11.8,11.78,11.78, 2237
02/24/2020,10:55,11.8,11.8,11.8,11.8, 6684
02/24/2020,11:00,11.78,11.78,11.78,11.78, 2500
02/24/2020,11:02,11.78,11.78,11.78,11.78, 400
02/24/2020,11:03,11.78,11.78,11.78,11.78, 574
02/24/2020,11:05,11.8,11.8,11.78,11.8, 1465
02/24/2020,11:08,11.8,11.8,11.8,11.8, 120
02/24/2020,11:10,11.78,11.8,11.78,11.78, 792
02/24/2020,11:15,11.76,11.76,11.76,11.76, 483
02/24/2020,11:22,11.8,11.8,11.78,11.78, 2620
02/24/2020,11:28,11.78,11.78,11.78,11.78, 300
02/24/2020,11:29,11.78,11.8,11.78,11.8, 8071
02/24/2020,11:29,11.82,11.86,11.8,11.86, 11911
02/24/2020,11:32,11.82,11.84,11.82,11.84, 1464
02/24/2020,11:33,11.84,11.84,11.84,11.84, 830
02/24/2020,11:34,11.8,11.82,11.78,11.8, 5061
02/24/2020,11:36,11.78,11.8,11.78,11.8, 614
02/24/2020,11:45,11.8,11.8,11.8,11.8, 4239
02/24/2020,11:46,11.8,11.8,11.8,11.8, 16665
02/24/2020,11:51,11.82,11.82,11.82,11.82, 735
02/24/2020,12:26,11.84,11.84,11.84,11.84, 976
02/24/2020,12:44,11.86,11.86,11.82,11.82, 2439
02/24/2020,12:56,11.82,11.82,11.8,11.8, 3809
02/24/2020,12:58,11.8,11.84,11.8,11.8, 2517
02/24/2020,13:15,11.84,11.86,11.84,11.84, 996
02/24/2020,13:19,11.84,11.84,11.84,11.84, 373
02/24/2020,13:46,11.86,11.86,11.86,11.86, 514
02/24/2020,13:56,11.84,11.84,11.84,11.84, 331
02/24/2020,14:01,11.86,11.86,11.84,11.84, 2130
02/24/2020,14:03,11.88,11.88,11.88,11.88, 291
02/24/2020,14:07,11.88,11.88,11.88,11.88, 147
02/24/2020,14:16,11.9,11.9,11.9,11.9, 1044
02/24/2020,14:34,11.88,11.88,11.88,11.88, 115
02/24/2020,14:36,11.86,11.86,11.86,11.86, 200
02/24/2020,14:45,11.88,11.88,11.88,11.88, 1061
02/24/2020,14:51,11.88,11.88,11.88,11.88, 3
02/24/2020,14:56,11.86,11.86,11.86,11.86, 2000
02/24/2020,14:57,11.88,11.88,11.88,11.88, 5
02/24/2020,14:59,11.86,11.86,11.86,11.86, 506
02/24/2020,15:03,11.84,11.84,11.84,11.84, 674
02/24/2020,15:07,11.84,11.84,11.84,11.84, 563
02/24/2020,15:24,11.82,11.82,11.82,11.82, 114
02/24/2020,15:25,11.82,11.82,11.82,11.82, 183
02/24/2020,15:27,11.8,11.8,11.76,11.8, 2928
02/24/2020,15:34,11.8,11.82,11.8,11.82, 414
02/24/2020,15:36,11.84,11.84,11.84,11.84, 155
02/24/2020,15:42,11.82,11.82,11.82,11.82, 815
02/24/2020,15:43,11.8,11.8,11.78,11.8, 3163
02/24/2020,15:46,11.8,11.8,11.8,11.8, 63
02/24/2020,15:49,11.8,11.82,11.8,11.82, 1201
02/24/2020,15:52,11.82,11.84,11.82,11.84, 700
02/24/2020,16:16,11.84,11.86,11.84,11.86, 970
02/24/2020,16:27,11.82,11.84,11.82,11.84, 1076
02/24/2020,16:29,11.82,11.82,11.82,11.82, 233
02/24/2020,16:44,11.84,11.86,11.84,11.86, 393
02/24/2020,17:00,11.86,11.88,11.84,11.88, 4615
02/24/2020,17:06,11.88,11.88,11.88,11.88, 551
02/24/2020,17:21,11.86,11.86,11.86,11.86, 60
02/24/2020,17:26,11.86,11.86,11.86,11.86, 300
02/24/2020,17:29,11.88,11.88,11.88,11.88, 129
02/24/2020,17:36,11.9,11.9,11.9,11.9, 9868
02/25/2020,09:01,12.1,12.1,12,12, 386
02/25/2020,09:02,11.96,11.96,11.96,11.96, 531
02/25/2020,09:05,11.96,11.96,11.96,11.96, 308
02/25/2020,09:06,11.96,11.96,11.96,11.96, 87
02/25/2020,09:14,11.94,11.94,11.94,11.94, 178
02/25/2020,09:16,11.94,11.94,11.94,11.94, 140
02/25/2020,09:20,11.9,11.9,11.9,11.9, 2
02/25/2020,09:23,11.88,11.88,11.86,11.86, 854
02/25/2020,09:25,11.86,11.94,11.86,11.94, 1298
02/25/2020,09:39,11.92,11.92,11.92,11.92, 174
02/25/2020,09:49,11.88,11.88,11.88,11.88, 507
02/25/2020,09:55,11.88,11.88,11.88,11.88, 583
02/25/2020,10:05,11.8,11.8,11.8,11.8, 2880
02/25/2020,10:08,11.84,11.84,11.84,11.84, 100
02/25/2020,10:10,11.8,11.84,11.8,11.8, 8044
02/25/2020,10:11,11.8,11.8,11.8,11.8, 556
02/25/2020,10:12,11.8,11.8,11.8,11.8, 453
02/25/2020,10:15,11.8,11.8,11.8,11.8, 720
02/25/2020,10:16,11.8,11.8,11.8,11.8, 660
02/25/2020,10:17,11.8,11.8,11.8,11.8, 146
02/25/2020,10:21,11.8,11.8,11.8,11.8, 30
02/25/2020,10:23,11.78,11.78,11.78,11.78, 636
02/25/2020,10:26,11.76,11.76,11.74,11.74, 4252
02/25/2020,10:27,11.74,11.74,11.74,11.74, 1280
02/25/2020,10:38,11.72,11.72,11.72,11.72, 1765
02/25/2020,10:48,11.72,11.72,11.72,11.72, 735
02/25/2020,10:56,11.7,11.7,11.7,11.7, 460
02/25/2020,11:01,11.7,11.72,11.7,11.72, 1735
02/25/2020,11:04,11.72,11.74,11.72,11.74, 921
02/25/2020,11:05,11.7,11.7,11.7,11.7, 1006
02/25/2020,11:06,11.68,11.68,11.66,11.66, 765
02/25/2020,11:07,11.66,11.66,11.66,11.66, 2491
02/25/2020,11:13,11.66,11.66,11.66,11.66, 590
02/25/2020,11:14,11.66,11.66,11.66,11.66, 200
02/25/2020,11:16,11.66,11.66,11.66,11.66, 324
02/25/2020,11:21,11.64,11.64,11.64,11.64, 1915
02/25/2020,11:28,11.62,11.62,11.62,11.62, 231
02/25/2020,11:34,11.62,11.62,11.62,11.62, 500
02/25/2020,11:38,11.6,11.6,11.6,11.6, 1048
02/25/2020,11:41,11.6,11.64,11.6,11.64, 231
02/25/2020,11:45,11.62,11.62,11.62,11.62, 500
02/25/2020,11:46,11.6,11.6,11.6,11.6, 24
02/25/2020,11:51,11.6,11.6,11.6,11.6, 400
02/25/2020,11:53,11.62,11.62,11.62,11.62, 95
02/25/2020,11:56,11.62,11.66,11.62,11.66, 751
02/25/2020,12:00,11.62,11.62,11.62,11.62, 746
02/25/2020,12:01,11.6,11.6,11.6,11.6, 30
02/25/2020,12:02,11.6,11.6,11.6,11.6, 581
02/25/2020,12:13,11.6,11.6,11.6,11.6, 1376
02/25/2020,12:14,11.6,11.6,11.6,11.6, 5421
02/25/2020,12:16,11.6,11.6,11.6,11.6, 619
02/25/2020,12:22,11.6,11.6,11.6,11.6, 7791
02/25/2020,12:23,11.6,11.6,11.6,11.6, 6417
02/25/2020,12:24,11.6,11.6,11.6,11.6, 6260
02/25/2020,12:25,11.6,11.6,11.6,11.6, 1518
02/25/2020,12:27,11.6,11.6,11.6,11.6, 1952
02/25/2020,12:28,11.6,11.6,11.6,11.6, 622
02/25/2020,12:34,11.64,11.68,11.6,11.66, 1922
02/25/2020,12:43,11.66,11.66,11.66,11.66, 1041
02/25/2020,12:53,11.68,11.74,11.68,11.74, 977
02/25/2020,12:56,11.74,11.74,11.74,11.74, 208
02/25/2020,12:58,11.74,11.74,11.74,11.74, 267
02/25/2020,13:42,11.72,11.72,11.72,11.72, 228
02/25/2020,13:54,11.74,11.76,11.74,11.76, 1098
02/25/2020,14:03,11.8,11.8,11.8,11.8, 1300
02/25/2020,14:15,11.78,11.78,11.76,11.78, 3043
02/25/2020,14:17,11.78,11.78,11.78,11.78, 330
02/25/2020,14:18,11.78,11.78,11.78,11.78, 489
02/25/2020,14:33,11.78,11.78,11.78,11.78, 731
02/25/2020,14:41,11.8,11.8,11.8,11.8, 128
02/25/2020,15:15,11.8,11.8,11.8,11.8, 431
02/25/2020,15:39,11.82,11.82,11.82,11.82, 400
02/25/2020,15:41,11.78,11.78,11.72,11.72, 7049
02/25/2020,15:44,11.72,11.72,11.72,11.72, 139
02/25/2020,15:47,11.72,11.72,11.72,11.72, 120
02/25/2020,15:55,11.72,11.76,11.72,11.76, 219
02/25/2020,15:55,11.76,11.76,11.76,11.76, 120
02/25/2020,16:04,11.78,11.78,11.72,11.72, 577
02/25/2020,16:24,11.7,11.7,11.68,11.7, 745
02/25/2020,16:34,11.66,11.66,11.64,11.64, 3494
02/25/2020,16:35,11.66,11.66,11.66,11.66, 169
02/25/2020,16:35,11.66,11.66,11.66,11.66, 918
02/25/2020,16:38,11.7,11.7,11.7,11.7, 100
02/25/2020,16:39,11.7,11.7,11.7,11.7, 101
02/25/2020,16:45,11.74,11.74,11.74,11.74, 1107
02/25/2020,16:49,11.7,11.72,11.7,11.7, 1599
02/25/2020,17:06,11.7,11.7,11.7,11.7, 790
02/25/2020,17:18,11.68,11.68,11.66,11.66, 862
02/25/2020,17:24,11.66,11.68,11.66,11.68, 2571
02/25/2020,17:29,11.7,11.7,11.7,11.7, 55
02/25/2020,17:36,11.7,11.7,11.7,11.7, 11100
02/26/2020,09:01,11.42,11.42,11.42,11.42, 4810
02/26/2020,09:02,11.44,11.44,11.4,11.4, 657
02/26/2020,09:04,11.42,11.42,11.4,11.4, 730
02/26/2020,09:05,11.42,11.42,11.42,11.42, 500
02/26/2020,09:08,11.48,11.52,11.48,11.52, 265
02/26/2020,09:08,11.5,11.52,11.5,11.52, 550
02/26/2020,09:13,11.5,11.5,11.5,11.5, 536
02/26/2020,09:18,11.48,11.48,11.44,11.44, 2332
02/26/2020,09:24,11.48,11.48,11.44,11.44, 478
02/26/2020,09:25,11.44,11.44,11.44,11.44, 410
02/26/2020,09:26,11.44,11.44,11.44,11.44, 400
02/26/2020,09:32,11.44,11.46,11.44,11.44, 1519
02/26/2020,09:36,11.46,11.46,11.46,11.46, 50
02/26/2020,09:40,11.48,11.48,11.48,11.48, 51
02/26/2020,09:45,11.5,11.54,11.48,11.54, 7832
02/26/2020,09:46,11.56,11.56,11.56,11.56, 150
02/26/2020,09:49,11.56,11.56,11.56,11.56, 502
02/26/2020,09:51,11.52,11.52,11.5,11.5, 1654
02/26/2020,09:52,11.5,11.5,11.48,11.48, 3488
02/26/2020,09:53,11.48,11.48,11.48,11.48, 151
02/26/2020,09:53,11.46,11.46,11.46,11.46, 950
02/26/2020,09:54,11.44,11.44,11.44,11.44, 146
02/26/2020,09:56,11.42,11.42,11.42,11.42, 827
02/26/2020,09:56,11.42,11.42,11.42,11.42, 387
02/26/2020,10:05,11.4,11.4,11.4,11.4, 787
02/26/2020,10:06,11.38,11.38,11.34,11.36, 1330
02/26/2020,10:08,11.38,11.38,11.38,11.38, 1164
02/26/2020,10:12,11.34,11.34,11.3,11.3, 1419
02/26/2020,10:14,11.32,11.32,11.32,11.32, 142
02/26/2020,10:16,11.36,11.36,11.36,11.36, 699
02/26/2020,10:17,11.34,11.34,11.3,11.3, 4152
02/26/2020,10:19,11.34,11.38,11.34,11.38, 1068
02/26/2020,10:20,11.36,11.36,11.36,11.36, 100
02/26/2020,10:26,11.38,11.38,11.38,11.38, 100
02/26/2020,10:28,11.38,11.38,11.38,11.38, 1341
02/26/2020,10:29,11.38,11.38,11.38,11.38, 950
02/26/2020,10:30,11.38,11.38,11.36,11.36, 1030
02/26/2020,10:34,11.38,11.4,11.38,11.4, 531
02/26/2020,10:35,11.4,11.4,11.4,11.4, 1573
02/26/2020,10:40,11.42,11.42,11.42,11.42, 77
02/26/2020,10:44,11.46,11.46,11.46,11.46, 666
02/26/2020,10:52,11.48,11.48,11.42,11.42, 1292
02/26/2020,10:52,11.48,11.48,11.42,11.42, 1292
02/26/2020,11:06,11.44,11.46,11.44,11.46, 1408
02/26/2020,11:15,11.42,11.42,11.42,11.42, 296
02/26/2020,11:17,11.4,11.4,11.4,11.4, 298
02/26/2020,11:22,11.42,11.42,11.42,11.42, 800
02/26/2020,11:38,11.44,11.44,11.44,11.44, 100
02/26/2020,11:39,11.44,11.5,11.44,11.5, 10210
02/26/2020,11:46,11.48,11.48,11.48,11.48, 212
02/26/2020,11:47,11.46,11.48,11.46,11.46, 1032
02/26/2020,11:50,11.44,11.44,11.44,11.44, 788
02/26/2020,11:53,11.44,11.44,11.44,11.44, 3000
02/26/2020,11:57,11.46,11.48,11.46,11.48, 585
02/26/2020,12:01,11.48,11.48,11.48,11.48, 30
02/26/2020,12:11,11.5,11.5,11.5,11.5, 450
02/26/2020,12:14,11.5,11.52,11.5,11.52, 736
02/26/2020,12:15,11.52,11.52,11.52,11.52, 150
02/26/2020,12:16,11.52,11.52,11.5,11.5, 2000
02/26/2020,12:19,11.54,11.54,11.54,11.54, 100
02/26/2020,12:21,11.52,11.52,11.52,11.52, 561
02/26/2020,12:22,11.54,11.54,11.54,11.54, 92
02/26/2020,12:23,11.54,11.54,11.54,11.54, 300
02/26/2020,12:24,11.52,11.52,11.5,11.5, 3600
02/26/2020,12:25,11.56,11.56,11.56,11.56, 969
02/26/2020,12:39,11.58,11.58,11.58,11.58, 532
02/26/2020,12:51,11.6,11.6,11.6,11.6, 314
02/26/2020,12:59,11.62,11.62,11.62,11.62, 1100
02/26/2020,13:02,11.62,11.62,11.62,11.62, 743
02/26/2020,13:04,11.6,11.6,11.6,11.6, 199
02/26/2020,13:10,11.62,11.62,11.62,11.62, 473
02/26/2020,13:34,11.62,11.62,11.62,11.62, 977
02/26/2020,14:17,11.6,11.6,11.6,11.6, 1137
02/26/2020,14:21,11.62,11.62,11.62,11.62, 853
02/26/2020,14:37,11.7,11.7,11.68,11.68, 806
02/26/2020,14:56,11.72,11.76,11.7,11.7, 7587
02/26/2020,14:58,11.68,11.68,11.62,11.62, 3034
02/26/2020,15:02,11.64,11.64,11.64,11.64, 200
02/26/2020,15:03,11.64,11.64,11.6,11.6, 1893
02/26/2020,15:04,11.64,11.64,11.64,11.64, 448
02/26/2020,15:08,11.64,11.64,11.64,11.64, 531
02/26/2020,15:31,11.6,11.6,11.6,11.6, 359
02/26/2020,15:37,11.62,11.62,11.62,11.62, 684
02/26/2020,15:38,11.58,11.6,11.58,11.58, 509
02/26/2020,15:45,11.62,11.62,11.62,11.62, 409
02/26/2020,15:59,11.6,11.6,11.6,11.6, 993
02/26/2020,16:09,11.62,11.62,11.62,11.62, 72
02/26/2020,16:15,11.6,11.62,11.6,11.62, 484
02/26/2020,16:17,11.64,11.64,11.64,11.64, 1459
02/26/2020,16:24,11.66,11.66,11.66,11.66, 100
02/26/2020,17:08,11.64,11.64,11.64,11.64, 516
02/26/2020,17:11,11.62,11.62,11.6,11.6, 1714
02/26/2020,17:15,11.62,11.62,11.62,11.62, 1270
02/26/2020,17:22,11.64,11.66,11.64,11.66, 1152
02/26/2020,17:24,11.66,11.66,11.66,11.66, 367
02/26/2020,17:30,11.66,11.66,11.66,11.66, 184
02/26/2020,17:36,11.64,11.64,11.64,11.64, 21417
02/28/2020,12:06,11.14,11.14,11.14,11.14, 800
02/28/2020,12:07,11.18,11.2,11.18,11.2, 2182
02/28/2020,12:11,11.24,11.24,11.24,11.24, 261
02/28/2020,12:13,11.26,11.26,11.26,11.26, 2
02/28/2020,12:15,11.26,11.26,11.22,11.22, 1279
02/28/2020,12:22,11.18,11.18,11.18,11.18, 319
02/28/2020,12:24,11.16,11.16,11.16,11.16, 434
02/28/2020,12:26,11.18,11.18,11.18,11.18, 303
02/28/2020,12:35,11.2,11.24,11.2,11.22, 434
02/28/2020,12:38,11.22,11.22,11.22,11.22, 1395
02/28/2020,12:44,11.22,11.22,11.22,11.22, 546
02/28/2020,12:55,11.16,11.16,11.16,11.16, 264
02/28/2020,12:56,11.18,11.18,11.18,11.18, 60
02/28/2020,13:00,11.16,11.16,11.16,11.16, 3
02/28/2020,13:05,11.1,11.1,11.1,11.1, 503
02/28/2020,13:08,11.06,11.08,11.04,11.06, 2105
02/28/2020,13:09,11.08,11.08,11.08,11.08, 205
02/28/2020,13:10,11.1,11.1,11.1,11.1, 875
02/28/2020,13:14,11.1,11.1,11.1,11.1, 543
02/28/2020,13:22,11.16,11.16,11.16,11.16, 539
02/28/2020,13:26,11.14,11.14,11.14,11.14, 1000
02/28/2020,13:29,11.14,11.14,11.14,11.14, 359
02/28/2020,13:31,11.16,11.16,11.16,11.16, 1119
02/28/2020,13:35,11.16,11.16,11.16,11.16, 590
02/28/2020,13:47,11.14,11.14,11.14,11.14, 641
02/28/2020,13:51,11.16,11.16,11.16,11.16, 3624
02/28/2020,14:08,11.16,11.18,11.16,11.18, 789
02/28/2020,14:12,11.2,11.2,11.2,11.2, 2145
02/28/2020,14:20,11.2,11.2,11.2,11.2, 3122
02/28/2020,14:39,11.18,11.18,11.16,11.16, 574
02/28/2020,14:40,11.16,11.16,11.16,11.16, 1000
02/28/2020,14:41,11.16,11.16,11.16,11.16, 1000
02/28/2020,14:48,11.12,11.14,11.12,11.12, 2555
02/28/2020,14:51,11.12,11.12,11.12,11.12, 797
02/28/2020,14:55,11.12,11.12,11.12,11.12, 2409
02/28/2020,14:58,11.12,11.12,11.12,11.12, 1133
02/28/2020,15:03,11.12,11.12,11.12,11.12, 200
02/28/2020,15:12,11.12,11.12,11.12,11.12, 548
02/28/2020,15:17,11.1,11.1,11.08,11.08, 2092
02/28/2020,15:19,11.1,11.1,11.1,11.1, 26
02/28/2020,15:31,11.12,11.18,11.12,11.18, 1833
02/28/2020,15:35,11.16,11.16,11.16,11.16, 785
02/28/2020,15:43,11.16,11.18,11.16,11.16, 1362
02/28/2020,15:45,11.16,11.16,11.16,11.16, 783
02/28/2020,15:49,11.14,11.14,11.12,11.12, 429
02/28/2020,15:53,11.14,11.14,11.14,11.14, 1500
02/28/2020,16:01,11.14,11.14,11.14,11.14, 1500
02/28/2020,16:03,11.12,11.12,11.1,11.12, 3073
02/28/2020,16:04,11.1,11.1,11.1,11.1, 180
02/28/2020,16:05,11.1,11.1,11.08,11.08, 2263
02/28/2020,16:07,11.1,11.1,11.1,11.1, 500
02/28/2020,16:10,11.1,11.1,11.1,11.1, 73
02/28/2020,16:14,11.14,11.14,11.14,11.14, 1139
02/28/2020,16:16,11.16,11.18,11.16,11.18, 829
02/28/2020,16:24,11.18,11.18,11.16,11.18, 1535
02/28/2020,16:26,11.18,11.18,11.18,11.18, 661
02/28/2020,16:28,11.16,11.16,11.16,11.16, 587
02/28/2020,16:29,11.16,11.18,11.16,11.18, 475
02/28/2020,16:30,11.16,11.16,11.14,11.16, 1115
02/28/2020,16:33,11.16,11.16,11.16,11.16, 362
02/28/2020,16:34,11.16,11.16,11.16,11.16, 40
02/28/2020,16:35,11.16,11.16,11.16,11.16, 191
02/28/2020,16:36,11.18,11.18,11.18,11.18, 938
02/28/2020,16:41,11.16,11.16,11.16,11.16, 425
02/28/2020,16:47,11.14,11.14,11.14,11.14, 575
02/28/2020,16:48,11.16,11.16,11.16,11.16, 857
02/28/2020,16:49,11.16,11.16,11.14,11.16, 266
02/28/2020,16:51,11.16,11.16,11.16,11.16, 286
02/28/2020,16:53,11.18,11.18,11.18,11.18, 111
02/28/2020,16:54,11.2,11.2,11.2,11.2, 842
02/28/2020,16:55,11.2,11.22,11.2,11.22, 5200
02/28/2020,17:00,11.2,11.2,11.2,11.2, 1835
02/28/2020,17:05,11.16,11.16,11.16,11.16, 39
02/28/2020,17:06,11.16,11.2,11.16,11.2, 1025
02/28/2020,17:07,11.16,11.16,11.16,11.16, 343
02/28/2020,17:11,11.14,11.14,11.14,11.14, 1750
02/28/2020,17:13,11.16,11.16,11.16,11.16, 4
02/28/2020,17:16,11.18,11.18,11.18,11.18, 249
02/28/2020,17:20,11.2,11.22,11.2,11.22, 2089
02/28/2020,17:23,11.22,11.22,11.2,11.2, 2097
02/28/2020,17:23,11.2,11.2,11.2,11.2, 696
02/28/2020,17:25,11.2,11.2,11.2,11.2, 380
02/28/2020,17:30,11.26,11.28,11.26,11.28, 1087
02/28/2020,17:36,11.3,11.3,11.3,11.3, 27749

