03/02/2020,15:32,16.9,17.9,16.62,17.77, 2300
03/02/2020,15:32,17.32,17.7,17.1,17.7, 1675
03/02/2020,15:33,17.306,17.688,15.85,15.85, 3690
03/02/2020,15:34,15.34,15.34,15.34,15.34, 100
03/02/2020,15:39,15,15.1,13.9,13.9, 2960
03/02/2020,15:40,13.802,14.8,13.5,14.64, 5202
03/02/2020,15:41,14.879,14.9,14.48,14.9, 650
03/02/2020,15:47,15.21,15.21,14.4,14.4, 2605
03/02/2020,15:48,14.47,15,14.4,15, 1400
03/02/2020,15:49,14.8,14.8,14.647,14.647, 700
03/02/2020,15:50,14.999,14.999,14.4,14.524, 3380
03/02/2020,15:51,15.1,15.11,15.1,15.11, 800
03/02/2020,15:52,15.11,15.398,15.107,15.355, 2235
03/02/2020,15:53,15.12,15.12,15.12,15.12, 1211
03/02/2020,15:54,15.3,16.033,15.3,15.846, 4670
03/02/2020,15:55,15.98,16.18,15.86,16.18, 4300
03/02/2020,15:56,16.15,16.5,16.03,16.5, 1888
03/02/2020,15:57,16.645,16.874,16.441,16.69, 5234
03/02/2020,15:57,16.85,16.89,16.776,16.89, 700
03/02/2020,15:59,16.493,16.94,16.35,16.94, 3179
03/02/2020,16:00,16.625,16.625,16.3,16.35, 1491
03/02/2020,16:01,16.31,16.594,16.31,16.55, 1525
03/02/2020,16:01,16.3,16.59,16.2,16.2, 4559
03/02/2020,16:02,16.005,16.09,15.51,15.73, 3519
03/02/2020,16:04,15.4,15.47,15.01,15.01, 700
03/02/2020,16:04,15.009,15.009,14.623,14.623, 5577
03/02/2020,16:05,14.51,14.51,14.43,14.5, 640
03/02/2020,16:07,14.499,14.75,14.49,14.75, 1168
03/02/2020,16:08,14.75,14.98,14.677,14.98, 2030
03/02/2020,16:09,15,15,14.849,14.849, 4582
03/02/2020,16:09,14.88,14.88,14.88,14.88, 217
03/02/2020,16:10,14.79,14.79,14.76,14.76, 200
03/02/2020,16:11,14.76,14.76,14.76,14.76, 300
03/02/2020,16:13,14.753,14.753,14.507,14.51, 1824
03/02/2020,16:14,14.52,14.55,14.484,14.484, 1612
03/02/2020,16:15,14.51,14.604,14.39,14.5, 6562
03/02/2020,16:16,14.65,14.65,14.39,14.39, 2439
03/02/2020,16:17,14.39,14.39,14.21,14.39, 1946
03/02/2020,16:18,14.349,14.349,14.349,14.349, 200
03/02/2020,16:20,14.22,14.22,13.65,13.776, 12482
03/02/2020,16:21,14,14,13.85,13.949, 2128
03/02/2020,16:22,13.789,13.86,13.75,13.75, 2914
03/02/2020,16:22,13.65,13.65,13.06,13.06, 1235
03/02/2020,16:24,13.58,13.997,13.449,13.55, 785
03/02/2020,16:24,13.129,13.129,13.129,13.129, 2500
03/02/2020,16:25,13.5,13.52,13.415,13.415, 1149
03/02/2020,16:27,13.52,13.55,13.325,13.325, 595
03/02/2020,16:28,13.4,13.55,13.4,13.55, 350
03/02/2020,16:29,13.89,13.89,13.87,13.87, 200
03/02/2020,16:30,13.89,14.04,13.15,14.04, 2794
03/02/2020,16:32,14.04,14.04,14.04,14.04, 100
03/02/2020,16:33,13.88,14.193,13.88,14.193, 5997
03/02/2020,16:35,14.191,14.75,13.6,14.591, 5770
03/02/2020,16:35,14.709,14.74,14.709,14.74, 300
03/02/2020,16:38,14.44,14.44,14.435,14.435, 200
03/02/2020,16:38,14.63,14.746,14.13,14.318, 2928
03/02/2020,16:40,14.72,15.2,14.55,14.839, 7959
03/02/2020,16:41,15.045,15.08,15.045,15.08, 400
03/02/2020,16:43,15.2,15.2,15,15, 1040
03/02/2020,16:44,15.2,15.2,14.9,15, 1885
03/02/2020,16:45,14.99,14.99,14.84,14.98, 1100
03/02/2020,16:45,14.98,14.98,14.846,14.846, 700
03/02/2020,16:47,14.85,14.85,14.85,14.85, 300
03/02/2020,16:47,14.91,14.91,14.85,14.9, 1050
03/02/2020,16:48,14.87,14.87,14.87,14.87, 500
03/02/2020,16:49,14.84,14.87,14.82,14.828, 2050
03/02/2020,16:51,14.83,14.83,14.82,14.82, 700
03/02/2020,16:52,14.82,14.82,14.628,14.63, 1900
03/02/2020,16:53,14.61,14.61,14.61,14.61, 100
03/02/2020,16:53,14.6,14.6,14,14.399, 2527
03/02/2020,16:55,14.75,14.75,14.01,14.01, 400
03/02/2020,16:57,14.479,14.479,14.225,14.225, 200
03/02/2020,16:59,14.11,14.21,14.11,14.113, 2780
03/02/2020,17:00,14.2,14.23,14,14, 8605
03/02/2020,17:01,14,14.1,14,14.1, 2600
03/02/2020,17:04,14,14.03,14,14.03, 1000
03/02/2020,17:05,14.031,14.285,14.031,14.285, 600
03/02/2020,17:06,14.348,14.348,14.348,14.348, 185
03/02/2020,17:08,14.372,14.372,14.332,14.332, 700
03/02/2020,17:09,14.09,14.09,14.02,14.02, 200
03/02/2020,17:11,14.28,14.35,14.28,14.35, 1800
03/02/2020,17:12,14.35,14.35,14.35,14.35, 593
03/02/2020,17:16,14.59,14.63,14.59,14.6, 900
03/02/2020,17:18,14.785,14.785,14.785,14.785, 120
03/02/2020,17:20,14.66,14.9,14.66,14.9, 707
03/02/2020,17:20,14.9,14.9,14.9,14.9, 200
03/02/2020,17:22,14.921,14.98,14.548,14.739, 1400
03/02/2020,17:25,14.51,14.51,14.25,14.25, 1600
03/02/2020,17:25,14.251,14.355,14.25,14.355, 420
03/02/2020,17:29,14.194,14.4,14.194,14.355, 975
03/02/2020,17:30,14.35,14.35,14.35,14.35, 406
03/02/2020,17:31,14.359,14.359,14.359,14.359, 100
03/02/2020,17:33,14.35,14.35,14.055,14.055, 1160
03/02/2020,17:33,14.071,14.071,14.071,14.071, 400
03/02/2020,17:35,14.07,14.07,14.07,14.07, 400
03/02/2020,17:36,14.05,14.06,14,14.05, 2549
03/02/2020,17:38,14.27,14.27,14.27,14.27, 125
03/02/2020,17:39,14.02,14.02,14.015,14.015, 585
03/02/2020,17:39,14.255,14.255,14.255,14.255, 170
03/02/2020,17:45,14.182,14.182,14.182,14.182, 100
03/02/2020,17:46,14.25,14.26,14.125,14.26, 1230
03/02/2020,17:47,14.26,14.26,14.26,14.26, 100
03/02/2020,17:48,14.26,14.5,14.26,14.5, 375
03/02/2020,17:55,14.38,14.38,14.34,14.34, 250
03/02/2020,17:56,14.356,14.356,14.299,14.299, 500
03/02/2020,17:57,14.247,14.247,14.247,14.247, 100
03/02/2020,17:59,14.208,14.208,14.208,14.208, 500
03/02/2020,18:02,14.296,14.296,14.296,14.296, 100
03/02/2020,18:07,14.22,14.22,14.22,14.22, 100
03/02/2020,18:14,14.29,14.29,14.29,14.29, 408
03/02/2020,18:17,14.37,14.38,14.37,14.379, 1744
03/02/2020,18:18,14.575,14.575,14.575,14.575, 200
03/02/2020,18:18,14.663,14.663,14.663,14.663, 600
03/02/2020,18:23,14.381,14.69,14.381,14.69, 500
03/02/2020,18:25,14.65,14.65,14.65,14.65, 100
03/02/2020,18:30,14.7,14.7,14.495,14.495, 1000
03/02/2020,18:32,14.7,15,14.7,15, 1900
03/02/2020,18:33,15,15,14.995,15, 1245
03/02/2020,18:34,15.2,15.901,15.2,15.65, 3663
03/02/2020,18:35,15.36,15.67,15.36,15.67, 400
03/02/2020,18:36,16,16,15.38,16, 6246
03/02/2020,18:37,16.12,16.35,16.12,16.34, 1468
03/02/2020,18:38,16.27,16.27,15.855,15.855, 1370
03/02/2020,18:39,15.952,15.952,15.695,15.695, 650
03/02/2020,18:40,15,15.874,14.69,15.69, 1210
03/02/2020,18:41,15.69,15.69,15,15, 2200
03/02/2020,18:42,15.126,15.3,15.01,15.01, 1076
03/02/2020,18:43,15.001,15.001,15,15, 1428
03/02/2020,18:44,15,15,14.802,14.802, 4894
03/02/2020,18:44,14.815,14.815,14.815,14.815, 100
03/02/2020,18:46,15.03,15.03,14.81,14.822, 500
03/02/2020,18:46,14.8,14.85,14.8,14.85, 300
03/02/2020,18:47,14.85,14.85,14.85,14.85, 200
03/02/2020,18:50,14.7,14.773,14.7,14.773, 200
03/02/2020,18:51,14.75,14.75,14.5,14.5, 1681
03/02/2020,18:52,14.373,14.716,14.373,14.716, 720
03/02/2020,18:53,14.627,14.627,14.5,14.5, 650
03/02/2020,18:55,14.576,14.576,14.576,14.576, 125
03/02/2020,18:57,14.68,14.68,14.68,14.68, 235
03/02/2020,18:58,14.68,14.68,14.68,14.68, 100
03/02/2020,18:59,14.663,14.68,14.663,14.68, 500
03/02/2020,19:00,14.49,14.67,14.49,14.574, 486
03/02/2020,19:04,14.3,14.67,14.3,14.586, 770
03/02/2020,19:04,14.609,14.68,14.593,14.593, 700
03/02/2020,19:05,14.31,14.5,14.3,14.5, 1525
03/02/2020,19:07,14.4,14.66,14.4,14.66, 700
03/02/2020,19:07,14.35,14.551,14,14.5, 2868
03/02/2020,19:11,14.67,14.67,14.67,14.67, 100
03/02/2020,19:14,14.5,14.5,14.05,14.114, 636
03/02/2020,19:14,14.01,14.03,14,14, 982
03/02/2020,19:16,14.61,14.61,14.61,14.61, 400
03/02/2020,19:18,14.58,14.58,14.58,14.58, 100
03/02/2020,19:22,14.5,14.5,14.5,14.5, 100
03/02/2020,19:24,14,14,14,14, 100
03/02/2020,19:25,14.4,14.4,14.4,14.4, 100
03/02/2020,19:29,14.4,14.4,14.4,14.4, 100
03/02/2020,19:33,14.38,14.38,14.38,14.38, 100
03/02/2020,19:35,14,14.3,14,14, 1962
03/02/2020,19:36,13.5,13.99,13.5,13.99, 920
03/02/2020,19:37,14,14,13.571,13.571, 2067
03/02/2020,19:38,13.5,13.75,13.02,13.02, 4536
03/02/2020,19:39,13.145,13.145,12.78,12.8, 2239
03/02/2020,19:40,12.8,13.878,12.8,13.878, 2401
03/02/2020,19:41,13.78,13.8,13.17,13.66, 900
03/02/2020,19:42,13.732,13.732,13.732,13.732, 1000
03/02/2020,19:42,13.703,13.703,13.506,13.506, 440
03/02/2020,19:44,13.88,13.88,13.88,13.88, 100
03/02/2020,19:44,13.728,13.728,13.728,13.728, 300
03/02/2020,19:48,13.5,13.5,13.27,13.5, 2700
03/02/2020,19:49,13.25,13.49,13,13, 2600
03/02/2020,19:50,13,13,13,13, 1212
03/02/2020,19:51,13,13,12.512,12.512, 3197
03/02/2020,19:52,12.51,12.95,12.5,12.5, 2374
03/02/2020,19:52,12.5,13,12.5,13, 1885
03/02/2020,19:53,12.5,12.5,12.5,12.5, 300
03/02/2020,19:55,13.22,13.22,13.22,13.22, 100
03/02/2020,19:55,13,13,13,13, 100
03/02/2020,19:56,12.735,12.735,12.735,12.735, 100
03/02/2020,19:58,13.162,13.162,13.162,13.162, 300
03/02/2020,20:00,13.071,13.071,13.071,13.071, 1062
03/02/2020,20:00,12.975,12.975,12.846,12.846, 302
03/02/2020,20:03,12.55,12.73,12.55,12.6, 791
03/02/2020,20:04,12.5,12.5,12.25,12.25, 3059
03/02/2020,20:05,12.62,12.62,12.62,12.62, 100
03/02/2020,20:06,12.532,12.532,12.25,12.25, 1520
03/02/2020,20:08,12.299,12.375,12.299,12.375, 300
03/02/2020,20:12,12.38,12.39,12.38,12.39, 500
03/02/2020,20:14,12.794,12.794,12.794,12.794, 300
03/02/2020,20:17,12.759,12.759,12.759,12.759, 200
03/02/2020,20:20,12.36,12.36,12.36,12.36, 100
03/02/2020,20:21,12.5,12.75,12.497,12.617, 1464
03/02/2020,20:22,12.62,12.62,12.62,12.62, 200
03/02/2020,20:23,12.76,12.76,12.76,12.76, 500
03/02/2020,20:25,12.81,12.81,12.81,12.81, 100
03/02/2020,20:26,12.957,12.957,12.957,12.957, 300
03/02/2020,20:28,12.836,12.836,12.836,12.836, 100
03/02/2020,20:29,12.62,12.62,12.62,12.62, 100
03/02/2020,20:29,12.97,13,12.95,12.95, 820
03/02/2020,20:31,12.9,12.95,12.89,12.89, 718
03/02/2020,20:34,13,13,13,13, 1500
03/02/2020,20:36,13.1,13.1,13.1,13.1, 100
03/02/2020,20:37,13.328,13.328,13.143,13.143, 200
03/02/2020,20:39,13.11,13.61,13.11,13.32, 1000
03/02/2020,20:40,13.55,13.895,13.173,13.895, 2750
03/02/2020,20:43,13.5,13.89,13.5,13.6, 1547
03/02/2020,20:46,13.88,13.99,13.77,13.792, 3930
03/02/2020,20:47,13.942,13.942,13.942,13.942, 120
03/02/2020,20:49,13.99,13.99,13.99,13.99, 1000
03/02/2020,20:50,14,14,13.944,13.944, 1037
03/02/2020,20:50,13.9,13.962,13.9,13.91, 1301
03/02/2020,20:51,13.91,14,13.91,14, 1100
03/02/2020,20:55,13.936,13.936,13.936,13.936, 159
03/02/2020,20:55,13.99,14,13.99,13.99, 1107
03/02/2020,20:58,13.9,13.9,13.9,13.9, 1545
03/02/2020,21:00,13.95,14,13.95,13.989, 1000
03/02/2020,21:00,14,14,14,14, 300
03/02/2020,21:04,14.4,14.4,14.377,14.377, 997
03/02/2020,21:07,14.4,14.5,14.277,14.5, 1500
03/02/2020,21:08,14.5,14.68,14.395,14.68, 3670
03/02/2020,21:09,14.68,14.68,14.464,14.464, 300
03/02/2020,21:10,14.68,14.68,14.635,14.635, 500
03/02/2020,21:11,14.68,14.68,14.5,14.5, 1270
03/02/2020,21:13,14.44,14.44,14.223,14.223, 450
03/02/2020,21:14,14.22,14.22,14.2,14.2, 1650
03/02/2020,21:15,14.16,14.16,14.16,14.16, 1350
03/02/2020,21:16,14,14,14,14, 100
03/02/2020,21:17,13.91,14,13.905,13.905, 1690
03/02/2020,21:18,13.904,14.46,13.904,14.46, 500
03/02/2020,21:19,14.44,14.47,14.44,14.47, 600
03/02/2020,21:24,14.25,14.25,14.087,14.23, 1100
03/02/2020,21:26,14.215,14.23,14.201,14.23, 1798
03/02/2020,21:28,14.25,14.25,14.23,14.24, 650
03/02/2020,21:28,14.26,14.26,14.26,14.26, 300
03/02/2020,21:30,14.29,14.29,14.255,14.255, 470
03/02/2020,21:31,14.23,14.28,13.94,13.94, 700
03/02/2020,21:31,13.93,13.93,13.93,13.93, 120
03/02/2020,21:37,14,14,13.969,13.969, 200
03/02/2020,21:39,13.95,13.95,13.95,13.95, 200
03/02/2020,21:40,13.95,13.95,13.9,13.945, 829
03/02/2020,21:40,13.9,13.9,13.76,13.76, 597
03/02/2020,21:42,13.79,13.805,13.79,13.805, 800
03/02/2020,21:43,13.894,13.894,13.894,13.894, 200
03/02/2020,21:45,13.8,13.8,13.76,13.76, 972
03/02/2020,21:46,13.77,13.809,13.77,13.8, 495
03/02/2020,21:47,13.69,13.69,13.69,13.69, 100
03/02/2020,21:48,13.597,13.6,13.597,13.6, 200
03/02/2020,21:49,13.633,13.839,13.52,13.8, 1050
03/02/2020,21:50,13.847,14.29,13.72,14.29, 6751
03/02/2020,21:51,13.8,13.8,13.8,13.8, 400
03/02/2020,21:52,14,14.145,13.805,13.805, 800
03/02/2020,21:53,13.81,14.39,13.8,14, 800
03/02/2020,21:54,13.8,14.274,13.8,14.01, 2949
03/02/2020,21:54,14.219,14.219,14.02,14.06, 1931
03/02/2020,21:55,14.007,14.01,14.005,14.005, 648
03/02/2020,21:56,14.01,14.01,14.01,14.01, 200
03/02/2020,21:57,14.003,14.003,13.888,13.888, 500
03/02/2020,21:58,13.857,13.857,13.857,13.857, 149
03/02/2020,21:59,13.87,13.95,13.807,13.95, 2118
03/02/2020,21:59,13.9,13.96,13.9,13.96, 398
03/02/2020,22:00,13.9,13.9,13.9,13.9, 140
03/02/2020,22:01,14.25,14.25,14.25,14.25, 377
03/03/2020,15:32,12.242,12.242,12.242,12.242, 100
03/03/2020,15:32,12.158,12.158,12.158,12.158, 1000
03/03/2020,15:34,12.31,12.35,12.09,12.35, 3018
03/03/2020,15:36,12.16,12.195,11.782,11.782, 3010
03/03/2020,15:37,11.7,12.005,11.7,11.95, 1610
03/03/2020,15:39,11.7,11.903,11.2,11.623, 3203
03/03/2020,15:40,11.22,11.499,11.22,11.499, 922
03/03/2020,15:40,11,11.75,11,11.75, 735
03/03/2020,15:44,11.01,11.3,11,11, 1586
03/03/2020,15:45,11.06,11.06,10.847,10.847, 240
03/03/2020,15:49,11,11,10.77,10.943, 1580
03/03/2020,15:51,10.889,11,10.8,10.8, 5166
03/03/2020,15:53,10.96,11.02,10.96,11.011, 4307
03/03/2020,15:56,10.895,10.932,10.85,10.932, 1500
03/03/2020,16:00,11.008,11.008,10.85,10.95, 3586
03/03/2020,16:02,10.99,11,10.921,10.921, 540
03/03/2020,16:03,10.931,10.931,10.76,10.76, 350
03/03/2020,16:05,10.925,10.925,10.925,10.925, 1500
03/03/2020,16:07,10.887,10.887,10.887,10.887, 100
03/03/2020,16:08,10.8,10.8,10.7,10.76, 770
03/03/2020,16:10,10.5,10.532,10.5,10.532, 250
03/03/2020,16:13,10.7,10.89,10.7,10.75, 1400
03/03/2020,16:14,10.89,10.9,10.825,10.825, 2079
03/03/2020,16:20,10.83,10.83,10.83,10.83, 100
03/03/2020,16:23,10.856,10.856,10.856,10.856, 100
03/03/2020,16:32,10.85,10.85,10.785,10.785, 1400
03/03/2020,16:33,10.85,10.85,10.8,10.8, 300
03/03/2020,16:34,10.85,10.85,10.85,10.85, 1300
03/03/2020,16:38,10.844,10.844,10.844,10.844, 200
03/03/2020,16:40,10.75,10.75,10.75,10.75, 1775
03/03/2020,16:43,10.517,10.517,10.517,10.517, 300
03/03/2020,16:50,10.614,10.8,10.614,10.8, 1886
03/03/2020,16:53,10.79,10.8,10.758,10.758, 1100
03/03/2020,16:58,10.79,10.79,10.65,10.708, 2100
03/03/2020,17:02,10.79,10.79,10.79,10.79, 290
03/03/2020,17:04,10.715,10.8,10.715,10.777, 650
03/03/2020,17:09,10.751,10.751,10.745,10.745, 600
03/03/2020,17:16,10.79,10.79,10.79,10.79, 100
03/03/2020,17:17,10.77,10.78,10.766,10.766, 416
03/03/2020,17:47,10.79,10.8,10.79,10.8, 3100
03/03/2020,17:49,10.786,10.786,10.786,10.786, 100
03/03/2020,17:51,10.788,10.8,10.772,10.8, 2300
03/03/2020,17:53,10.8,10.8,10.782,10.782, 2100
03/03/2020,17:53,10.76,10.76,10.76,10.76, 1000
03/03/2020,17:59,10.776,10.776,10.776,10.776, 1000
03/03/2020,18:01,10.76,10.76,10.51,10.51, 1000
03/03/2020,18:08,10.76,10.76,10.76,10.76, 500
03/03/2020,18:12,10.77,10.78,10.77,10.78, 200
03/03/2020,18:13,10.76,10.78,10.76,10.76, 400
03/03/2020,18:17,10.78,10.8,10.78,10.8, 400
03/03/2020,18:20,10.784,10.784,10.784,10.784, 1000
03/03/2020,18:21,10.763,10.788,10.763,10.788, 400
03/03/2020,18:23,10.78,10.8,10.78,10.8, 899
03/03/2020,18:25,10.8,10.85,10.8,10.81, 800
03/03/2020,18:26,10.8,10.85,10.8,10.85, 1800
03/03/2020,18:27,10.85,10.85,10.85,10.85, 500
03/03/2020,18:28,10.85,10.85,10.85,10.85, 100
03/03/2020,18:29,10.84,10.84,10.83,10.83, 200
03/03/2020,18:30,10.8,10.8,10.75,10.75, 400
03/03/2020,18:34,10.8,10.8,10.8,10.8, 100
03/03/2020,18:36,10.805,10.805,10.805,10.805, 2700
03/03/2020,18:38,10.76,10.8,10.76,10.8, 2400
03/03/2020,18:38,10.84,10.85,10.84,10.85, 2000
03/03/2020,18:40,10.9,10.9,10.9,10.9, 100
03/03/2020,18:42,10.918,10.918,10.918,10.918, 100
03/03/2020,18:44,11,11.13,11,11.13, 500
03/03/2020,18:45,11.15,11.15,10.99,11.15, 700
03/03/2020,18:46,11.045,11.1,11.045,11.05, 500
03/03/2020,18:47,11.1,11.1,11.08,11.1, 2550
03/03/2020,18:48,11.092,11.1,11.077,11.1, 2556
03/03/2020,18:52,11.085,11.085,11.085,11.085, 100
03/03/2020,18:53,11.085,11.1,11.085,11.1, 600
03/03/2020,18:54,11.1,11.1,11.085,11.1, 1000
03/03/2020,18:54,11.096,11.1,11.093,11.093, 600
03/03/2020,18:55,11.1,11.1,11.1,11.1, 800
03/03/2020,18:57,11.1,11.1,11.09,11.09, 643
03/03/2020,18:59,11.09,11.1,11.08,11.095, 4019
03/03/2020,19:00,11.099,11.26,11.08,11.26, 6209
03/03/2020,19:00,11.322,11.322,11.25,11.269, 600
03/03/2020,19:02,11.32,11.4,11.32,11.4, 850
03/03/2020,19:03,11.4,11.56,11.4,11.536, 3599
03/03/2020,19:04,11.675,11.79,11.575,11.767, 1097
03/03/2020,19:05,12.035,12.08,11.9,11.9, 1900
03/03/2020,19:06,11.77,11.77,11.77,11.77, 100
03/03/2020,19:06,11.86,11.86,11.85,11.85, 1600
03/03/2020,19:08,12.185,12.185,12.185,12.185, 500
03/03/2020,19:21,11.62,11.8,11.51,11.51, 3406
03/03/2020,19:25,11.87,11.87,11.87,11.87, 600
03/03/2020,19:25,12.33,12.33,12.33,12.33, 100
03/03/2020,19:27,12.38,12.4,12.38,12.398, 480
03/03/2020,19:27,12.39,12.39,12.39,12.39, 160
03/03/2020,19:41,12.12,12.12,12.12,12.12, 1726
03/03/2020,19:42,12.13,12.13,12.13,12.13, 200
03/03/2020,19:42,12.12,12.13,12.12,12.13, 306
03/03/2020,19:44,11.651,11.651,11.651,11.651, 200
03/03/2020,19:45,11.58,11.58,11.58,11.58, 200
03/03/2020,19:50,11.5,11.51,11.39,11.39, 1815
03/03/2020,19:52,11.51,11.98,11.39,11.39, 4150
03/03/2020,19:56,11.53,11.53,11.53,11.53, 100
03/03/2020,20:00,11.88,11.88,11.76,11.76, 350
03/03/2020,20:02,11.88,11.88,11.88,11.88, 750
03/03/2020,20:04,11.846,11.846,11.67,11.67, 500
03/03/2020,20:05,11.787,11.88,11.59,11.6, 2395
03/03/2020,20:05,12,12,11.778,11.778, 300
03/03/2020,20:15,11.665,11.665,11.665,11.665, 100
03/03/2020,20:28,11.59,11.59,11.09,11.09, 3940
03/03/2020,20:34,11.2,11.21,11.2,11.21, 200
03/03/2020,20:35,11.5,11.5,11.444,11.444, 800
03/03/2020,20:37,11.37,11.37,11.24,11.24, 2901
03/03/2020,20:41,11.474,11.474,11.474,11.474, 976
03/03/2020,20:47,11.38,11.38,11.3,11.3, 700
03/03/2020,20:48,11.223,11.223,11.223,11.223, 445
03/03/2020,21:07,11.176,11.176,11.176,11.176, 200
03/03/2020,21:08,11.275,11.3,11.275,11.3, 1476
03/03/2020,21:10,11.29,11.3,11.2,11.2, 523
03/03/2020,21:11,11.15,11.41,11.14,11.41, 1033
03/03/2020,21:17,11.801,11.801,11.801,11.801, 200
03/03/2020,21:21,11.42,11.42,11.29,11.29, 1000
03/03/2020,21:28,11.95,11.95,11.95,11.95, 100
03/03/2020,21:36,11.38,11.38,11.38,11.38, 2000
03/03/2020,21:44,11.39,11.39,11.36,11.36, 1065
03/03/2020,21:44,11.36,11.91,11.36,11.395, 1235
03/03/2020,21:59,11.636,11.636,11.636,11.636, 140
03/03/2020,21:59,11.65,11.65,11.65,11.65, 400
03/04/2020,15:32,11.03,11.543,11.03,11.543, 1372
03/04/2020,15:36,11.627,11.627,11.25,11.25, 1120
03/04/2020,15:37,11.25,11.25,11.2,11.2, 1381
03/04/2020,15:43,11.4,11.406,11.21,11.21, 621
03/04/2020,15:47,11.529,11.529,11.529,11.529, 300
03/04/2020,15:56,11.29,11.547,11.29,11.547, 600
03/04/2020,16:10,11.385,11.385,11.385,11.385, 300
03/04/2020,16:14,11.385,11.385,11.385,11.385, 270
03/04/2020,16:17,11.37,11.37,11.37,11.37, 171
03/04/2020,16:25,11.31,11.366,11.31,11.366, 400
03/04/2020,16:32,11.334,11.334,11.31,11.31, 426
03/04/2020,16:50,11.45,11.45,11.447,11.447, 550
03/04/2020,16:52,11.46,11.46,11.46,11.46, 500
03/04/2020,16:57,11.39,11.431,11.35,11.431, 400
03/04/2020,17:09,11.37,11.37,11.37,11.37, 678
03/04/2020,17:27,11.3,11.3,11.3,11.3, 200
03/04/2020,17:28,11.27,11.27,11.27,11.27, 270
03/04/2020,17:34,11.275,11.275,11.275,11.275, 100
03/04/2020,17:54,11.275,11.28,11.275,11.28, 300
03/04/2020,18:02,11.275,11.283,11.275,11.283, 400
03/04/2020,18:06,11.3,11.3,11.29,11.3, 800
03/04/2020,18:22,11.295,11.295,11.295,11.295, 100
03/04/2020,18:23,11.295,11.3,11.295,11.295, 867
03/04/2020,18:25,11.29,11.3,11.29,11.3, 400
03/04/2020,18:27,11.34,11.34,11.34,11.34, 100
03/04/2020,18:28,11.39,11.39,11.375,11.38, 300
03/04/2020,18:32,11.4,11.4,11.4,11.4, 100
03/04/2020,18:37,11.4,11.4,11.4,11.4, 200
03/04/2020,18:44,11.375,11.375,11.375,11.375, 298
03/04/2020,18:46,11.4,11.5,11.383,11.5, 4524
03/04/2020,19:06,11.44,11.44,11.35,11.35, 810
03/04/2020,19:08,11.355,11.355,11.355,11.355, 162
03/04/2020,19:11,11.26,11.26,11.26,11.26, 100
03/04/2020,19:13,11.255,11.255,11.255,11.255, 1000
03/04/2020,19:13,11.255,11.255,11.25,11.25, 960
03/04/2020,19:16,11.26,11.26,11.26,11.26, 550
03/04/2020,19:17,11.56,11.6,11.56,11.6, 400
03/04/2020,19:26,11.81,11.81,11.72,11.8, 1999
03/04/2020,19:31,11.914,11.914,11.914,11.914, 1000
03/04/2020,19:34,11.879,11.879,11.879,11.879, 100
03/04/2020,19:37,11.86,12.1,11.86,12.1, 1011
03/04/2020,19:39,11.897,11.897,11.897,11.897, 100
03/04/2020,19:56,11.827,11.827,11.827,11.827, 200
03/04/2020,20:00,12,12,12,12, 100
03/04/2020,20:02,11.918,11.918,11.918,11.918, 160
03/04/2020,20:06,12.059,12.059,12.059,12.059, 371
03/04/2020,20:09,12.01,12.09,11.9,11.9, 578
03/04/2020,20:09,11.87,11.87,11.87,11.87, 200
03/04/2020,20:16,11.85,11.85,11.85,11.85, 718
03/04/2020,20:18,11.961,11.961,11.961,11.961, 200
03/04/2020,20:32,12.056,12.056,12.056,12.056, 200
03/04/2020,20:35,12.06,12.06,12.024,12.024, 200
03/04/2020,20:46,12.145,12.25,12.145,12.25, 472
03/04/2020,20:48,12.34,12.34,12.34,12.34, 300
03/04/2020,20:48,12.33,12.34,12.33,12.34, 600
03/04/2020,20:59,12.51,12.51,12.51,12.51, 260
03/04/2020,20:59,12.51,12.74,12.51,12.74, 1150
03/04/2020,21:00,12.689,12.689,12.689,12.689, 229
03/04/2020,21:03,12.793,12.793,12.793,12.793, 128
03/04/2020,21:05,12.45,12.45,12.45,12.45, 500
03/04/2020,21:06,12.68,12.68,12.68,12.68, 140
03/04/2020,21:08,12.91,12.91,12.55,12.55, 350
03/04/2020,21:11,12.6,12.68,12.6,12.6, 1070
03/04/2020,21:11,12.552,12.742,12.53,12.742, 970
03/04/2020,21:13,12.6,12.6,12.6,12.6, 300
03/04/2020,21:13,12.5,12.84,12.5,12.84, 1660
03/04/2020,21:15,12.51,12.51,12.5,12.5, 780
03/04/2020,21:42,12.44,12.5,12.371,12.5, 9760
03/04/2020,21:46,12.708,12.708,12.708,12.708, 350
03/04/2020,21:47,12.764,12.764,12.764,12.764, 300
03/04/2020,21:50,12.586,12.586,12.586,12.586, 200
03/04/2020,21:56,12.62,12.62,12.62,12.62, 750
03/04/2020,21:56,12.626,12.626,12.626,12.626, 500
03/04/2020,21:58,12.563,12.573,12.563,12.573, 765
03/04/2020,21:59,12.75,12.75,12.75,12.75, 1430
03/05/2020,15:32,13.38,13.38,13.019,13.019, 550
03/05/2020,15:34,13.02,13.02,13.02,13.02, 100
03/05/2020,15:37,13.29,13.29,13.29,13.29, 100
03/05/2020,15:39,13.29,13.29,13.225,13.29, 833
03/05/2020,15:39,13.025,13.025,12.895,12.895, 435
03/05/2020,15:43,12.81,12.92,12.81,12.81, 1121
03/05/2020,15:44,12.805,12.805,12.805,12.805, 340
03/05/2020,16:05,13.004,13.004,12.979,12.979, 485
03/05/2020,16:09,12.81,12.81,12.75,12.75, 500
03/05/2020,16:18,12.639,12.639,12.639,12.639, 100
03/05/2020,16:19,12.41,12.41,12.35,12.4, 799
03/05/2020,16:20,12.035,12.19,12.035,12.18, 1130
03/05/2020,16:21,12.06,12.06,11.264,11.42, 2031
03/05/2020,16:48,12.42,13.1,12.42,13.1, 900
03/05/2020,17:03,12.94,12.95,12.94,12.94, 800
03/05/2020,17:12,12.736,12.736,12.736,12.736, 200
03/05/2020,17:27,12.971,12.971,12.971,12.971, 300
03/05/2020,17:35,12.587,12.587,12.587,12.587, 100
03/05/2020,17:41,12.669,12.669,12.669,12.669, 100
03/05/2020,17:59,12.61,12.61,12.61,12.61, 100
03/05/2020,17:59,12.61,12.61,12.6,12.6, 300
03/05/2020,18:00,12.61,12.61,12.61,12.61, 100
03/05/2020,18:10,12.6,12.61,12.6,12.6, 700
03/05/2020,18:12,12.607,12.607,12.607,12.607, 100
03/05/2020,18:13,12.61,12.61,12.61,12.61, 1000
03/05/2020,18:15,12.61,12.61,12.61,12.61, 100
03/05/2020,18:21,12.609,12.609,12.609,12.609, 300
03/05/2020,19:05,12.6,12.6,12.6,12.6, 200
03/05/2020,19:07,12.45,12.45,12.45,12.45, 200
03/05/2020,19:24,12.6,12.6,12.6,12.6, 498
03/05/2020,19:29,12.26,12.26,12.26,12.26, 200
03/05/2020,19:32,12.25,12.25,12.02,12.02, 500
03/05/2020,19:48,12.07,12.07,12,12, 1000
03/05/2020,19:54,12.102,12.102,12.102,12.102, 200
03/05/2020,21:15,12.286,12.286,12.286,12.286, 300
03/05/2020,21:16,12.249,12.249,12.249,12.249, 300
03/05/2020,21:24,12.29,12.29,12.29,12.29, 100
03/05/2020,21:28,12.29,12.29,12.29,12.29, 858
03/05/2020,21:28,12.27,12.29,12.27,12.29, 200
03/05/2020,21:37,12.31,12.409,12.31,12.409, 350
03/05/2020,21:41,12.481,12.481,12.481,12.481, 100
03/05/2020,21:52,12.587,12.587,12.587,12.587, 350
03/05/2020,21:59,12.362,12.362,12.362,12.362, 150
03/06/2020,15:32,11.75,11.75,11.75,11.75, 200
03/06/2020,15:34,11.51,11.51,11.51,11.51, 100
03/06/2020,15:35,11.505,11.507,11.505,11.507, 600
03/06/2020,15:36,11.505,11.6,11.505,11.6, 1705
03/06/2020,15:37,11.675,11.75,11.675,11.75, 400
03/06/2020,15:39,11.75,11.75,11.75,11.75, 100
03/06/2020,15:45,11.705,11.705,11.705,11.705, 100
03/06/2020,15:51,11.6,11.6,11.6,11.6, 400
03/06/2020,15:54,11.674,11.75,11.674,11.75, 1231
03/06/2020,16:02,11.631,11.631,11.631,11.631, 100
03/06/2020,16:03,11.666,11.75,11.666,11.75, 1960
03/06/2020,16:13,12.119,12.119,12.119,12.119, 200
03/06/2020,16:15,12.15,12.15,11.93,11.93, 600
03/06/2020,16:15,12.38,12.38,12.38,12.38, 100
03/06/2020,16:28,12.401,12.401,12.401,12.401, 300
03/06/2020,16:42,12.34,12.34,12.18,12.18, 300
03/06/2020,17:03,12.25,12.44,12.23,12.44, 634
03/06/2020,17:25,12.008,12.008,12.008,12.008, 400
03/06/2020,17:32,12,12,12,12, 237
03/06/2020,17:35,11.955,11.955,11.955,11.955, 200
03/06/2020,17:42,11.95,11.95,11.75,11.75, 800
03/06/2020,17:47,11.95,11.95,11.95,11.95, 200
03/06/2020,18:01,11.88,11.88,11.88,11.88, 100
03/06/2020,18:04,11.794,11.794,11.794,11.794, 101
03/06/2020,18:15,12.044,12.044,12.044,12.044, 150
03/06/2020,19:19,11.89,11.89,11.89,11.89, 100
03/06/2020,19:29,12.008,12.008,12.008,12.008, 104
03/06/2020,19:38,12.01,12.01,12.01,12.01, 100
03/06/2020,19:41,11.85,11.85,11.85,11.85, 300
03/06/2020,20:13,12.086,12.086,12.086,12.086, 800
03/06/2020,20:17,12.095,12.095,12.095,12.095, 100
03/06/2020,20:30,12,12,12,12, 400
03/06/2020,20:31,12.001,12.001,12,12, 2000
03/06/2020,20:37,12,12,11.99,12, 300
03/06/2020,20:38,12.01,12.01,12.01,12.01, 700
03/06/2020,20:39,11.99,12,11.99,12, 700
03/06/2020,20:44,12.2,12.2,12.2,12.2, 100
03/06/2020,20:46,12.01,12.01,12.01,12.01, 100
03/06/2020,20:49,12.172,12.172,12.172,12.172, 1000
03/06/2020,20:54,12.1,12.1,12.01,12.01, 200
03/06/2020,21:01,12.275,12.39,12.275,12.338, 1300
03/06/2020,21:04,12.39,12.4,12.39,12.4, 800
03/06/2020,21:06,12.45,12.5,12.45,12.49, 600
03/06/2020,21:07,12.528,12.59,12.528,12.59, 1798
03/06/2020,21:08,12.59,12.6,12.5,12.5, 1185
03/06/2020,21:10,12.4,12.42,12.16,12.2, 2000
03/06/2020,21:19,12.57,13,12.57,13, 2000
03/06/2020,21:22,12.404,12.404,12.404,12.404, 100
03/06/2020,21:25,12.298,12.298,12.15,12.15, 600
03/06/2020,21:29,12.5,12.5,12.5,12.5, 1000
03/06/2020,21:35,12.18,12.18,12.15,12.15, 400
03/06/2020,21:38,12.3,12.449,12.3,12.434, 1832
03/06/2020,21:40,12.25,12.25,12.25,12.25, 100
03/06/2020,21:53,12.295,12.295,12.295,12.295, 100
03/06/2020,21:57,12.17,12.17,12.17,12.17, 100
03/09/2020,14:31,10.46,11.8,10.19,11.52, 4594
03/09/2020,14:50,12.02,12.02,12.02,12.02, 118
03/09/2020,14:54,12.888,12.888,12.888,12.888, 150
03/09/2020,14:56,12.863,12.863,12.863,12.863, 100
03/09/2020,14:56,12.332,12.332,12.332,12.332, 100
03/09/2020,14:58,12.3,12.3,12.3,12.3, 200
03/09/2020,15:03,12.2,12.2,12.2,12.2, 166
03/09/2020,15:04,11.98,12,11.98,12, 300
03/09/2020,15:09,11.65,11.98,11.594,11.98, 2580
03/09/2020,15:15,11.88,12,11.88,12, 1854
03/09/2020,15:21,12,12,11.999,11.999, 200
03/09/2020,15:37,12.32,12.32,12.26,12.26, 370
03/09/2020,15:39,12.25,12.25,12.25,12.25, 100
03/09/2020,15:40,12.26,12.26,12.26,12.26, 100
03/09/2020,15:54,12.38,12.38,12.38,12.38, 100
03/09/2020,15:59,12.29,12.29,12.26,12.29, 500
03/09/2020,16:32,11.9,11.9,11.9,11.9, 320
03/09/2020,16:33,11.9,11.9,11.9,11.9, 100
03/09/2020,16:42,12.038,12.038,12.038,12.038, 100
03/09/2020,17:52,12.036,12.036,12.036,12.036, 100
03/09/2020,17:56,11.91,11.91,11.91,11.91, 100
03/09/2020,18:24,12.09,12.092,12.09,12.092, 500
03/09/2020,18:37,11.97,11.97,11.97,11.97, 100
03/09/2020,18:52,11.955,11.955,11.955,11.955, 100
03/09/2020,18:56,11.95,11.95,11.95,11.95, 800
03/09/2020,19:00,12.07,12.07,12.07,12.07, 200
03/09/2020,19:03,11.95,11.95,11.94,11.94, 600
03/09/2020,19:07,12.07,12.07,12.07,12.07, 100
03/09/2020,19:17,11.91,11.926,11.91,11.926, 992
03/09/2020,19:25,11.91,11.91,11.91,11.91, 880
03/09/2020,19:33,11.35,11.572,11.35,11.572, 322
03/09/2020,19:36,11.38,11.38,11.3,11.38, 4700
03/09/2020,19:38,11.01,11.11,11,11, 1899
03/09/2020,20:38,11.587,11.587,11.587,11.587, 100
03/09/2020,20:44,11.3,11.3,11.01,11.01, 1000
03/09/2020,20:50,11.05,11.05,11,11, 400
03/09/2020,20:53,11.006,11.01,11.006,11.01, 1000
03/09/2020,20:57,11.08,11.08,11.08,11.08, 100
03/09/2020,20:58,11.08,11.08,11.08,11.08, 100
03/09/2020,21:00,11,11,11,11, 300
03/10/2020,14:31,10.65,10.65,10.65,10.65, 125
03/10/2020,14:43,10.555,10.555,10.555,10.555, 100
03/10/2020,14:43,10.56,10.56,10.56,10.56, 100
03/10/2020,14:44,11,11,11,11, 120
03/10/2020,14:56,11.11,11.11,11.11,11.11, 100
03/10/2020,15:04,11.175,11.175,11.175,11.175, 200
03/10/2020,15:05,11.175,11.175,11.175,11.175, 100
03/10/2020,15:23,11.1,11.1,10.839,10.839, 240
03/10/2020,15:25,10.91,10.91,10.91,10.91, 100
03/10/2020,15:46,10.75,10.75,10.75,10.75, 100
03/10/2020,16:17,10.858,10.858,10.858,10.858, 200
03/10/2020,16:32,10.76,10.8,10.76,10.8, 400
03/10/2020,16:59,10.75,10.75,10.75,10.75, 356
03/10/2020,17:02,10.7,10.7,10.7,10.7, 500
03/10/2020,17:20,10.6,10.6,10.6,10.6, 200
03/10/2020,17:53,10.5,10.5,10.2,10.2, 1400
03/10/2020,18:30,10.237,10.237,10.237,10.237, 100
03/10/2020,20:08,10.26,10.33,10.1,10.1, 700
03/10/2020,20:08,10.06,10.06,10.06,10.06, 100
03/10/2020,20:10,10.05,10.05,10.05,10.05, 479
03/10/2020,20:10,9.9,9.9,9.9,9.9, 100
03/10/2020,20:16,9.9,9.9,9.9,9.9, 100
03/10/2020,20:16,9.63,9.63,9.36,9.36, 600
03/10/2020,20:22,9.005,9.01,9,9.01, 1400
03/10/2020,20:23,9.01,9.01,9,9, 600
03/10/2020,20:27,9.37,9.38,9.34,9.34, 448
03/10/2020,20:30,9.278,9.278,9.278,9.278, 100
03/10/2020,20:32,9.37,9.37,9.325,9.325, 200
03/10/2020,20:36,9.38,9.79,9.38,9.79, 900
03/10/2020,20:43,10.05,10.05,10.05,10.05, 175
03/10/2020,20:45,10.05,10.05,10.05,10.05, 100
03/10/2020,20:56,9.9,9.9,9.9,9.9, 124
03/10/2020,20:57,9.964,9.964,9.5,9.5, 926
03/11/2020,14:40,9.298,9.298,9.298,9.298, 1100
03/11/2020,14:56,9.16,9.16,9.16,9.16, 200
03/11/2020,15:05,9.01,9.01,9.01,9.01, 100
03/11/2020,15:07,9.04,9.05,9.01,9.01, 700
03/11/2020,15:14,9.01,9.089,9.01,9.089, 500
03/11/2020,15:15,9.01,9.01,9,9, 1150
03/11/2020,16:27,9.013,9.05,9.01,9.01, 1043
03/11/2020,16:35,9.324,9.324,9.324,9.324, 1000
03/11/2020,16:43,9.1,9.1,9.1,9.1, 454
03/11/2020,17:00,9.397,9.397,9.397,9.397, 150
03/11/2020,17:00,9.334,9.334,9.334,9.334, 250
03/11/2020,17:19,9.395,9.465,9.395,9.465, 1175
03/11/2020,17:20,9.391,9.47,9.391,9.47, 2000
03/11/2020,17:22,9.435,9.435,9.435,9.435, 1000
03/11/2020,17:22,9.383,9.383,9.383,9.383, 500
03/11/2020,17:24,9.5,9.5,9.4,9.5, 2775
03/11/2020,17:25,9.5,9.56,9.5,9.56, 800
03/11/2020,18:22,10.19,10.19,10.19,10.19, 100
03/11/2020,18:38,9.613,9.613,9.613,9.613, 100
03/11/2020,19:42,9.8,9.8,9.8,9.8, 500
03/11/2020,19:43,9.8,9.8,9.8,9.8, 400
03/11/2020,20:15,9.85,9.85,9.85,9.85, 100
03/11/2020,20:26,9.85,9.85,9.85,9.85, 200
03/11/2020,20:48,9.805,9.805,9.805,9.805, 100
03/11/2020,20:52,9.8,9.8,9.8,9.8, 100
03/11/2020,20:55,9.81,9.81,9.81,9.81, 200
03/11/2020,20:59,9.81,9.81,9.81,9.81, 400
03/11/2020,21:00,9.81,9.81,9.81,9.81, 300
03/12/2020,14:51,9.88,9.88,9.88,9.88, 200
03/12/2020,14:59,9.29,9.29,9.29,9.29, 154
03/12/2020,15:07,9.452,9.452,9.452,9.452, 500
03/12/2020,15:18,9.425,9.425,9.325,9.325, 1000
03/12/2020,15:19,9.25,9.37,9.25,9.37, 280
03/12/2020,15:29,9.448,9.448,9.448,9.448, 250
03/12/2020,15:29,9.5,9.5,9.453,9.453, 400
03/12/2020,15:31,9.47,9.67,9.46,9.46, 1000
03/12/2020,15:36,9.86,9.86,9.813,9.828, 500
03/12/2020,15:36,9.84,9.87,9.792,9.802, 870
03/12/2020,15:37,9.85,9.88,9.85,9.88, 1435
03/12/2020,15:37,10.035,10.035,10.035,10.035, 100
03/12/2020,15:43,10.74,10.74,10.74,10.74, 1300
03/12/2020,15:47,10.916,10.916,10.916,10.916, 200
03/12/2020,15:53,11,11,11,11, 1100
03/12/2020,15:56,11,11.44,11,11.44, 580
03/12/2020,16:01,11,11,11,11, 1800
03/12/2020,16:03,11,11,11,11, 380
03/12/2020,16:06,11.066,11.066,11.066,11.066, 500
03/12/2020,16:07,11.44,11.44,11.433,11.44, 900
03/12/2020,16:20,11.25,11.25,11.25,11.25, 200
03/12/2020,16:22,11.012,11.125,11.012,11.03, 1000
03/12/2020,16:36,11.25,11.25,10.37,10.37, 2100
03/12/2020,16:54,10.452,10.522,10.4,10.4, 2252
03/12/2020,17:08,10.66,10.713,10.65,10.65, 2200
03/12/2020,17:27,10.95,10.95,10.95,10.95, 100
03/12/2020,17:47,10.9,10.9,10.9,10.9, 100
03/12/2020,18:01,10.973,10.973,10.973,10.973, 100
03/12/2020,18:03,10.972,10.972,10.972,10.972, 100
03/12/2020,18:18,10.945,10.945,10.945,10.945, 100
03/12/2020,18:21,10.9,10.9,10.9,10.9, 100
03/12/2020,18:42,11.19,11.66,10.9,11.28, 3374
03/12/2020,18:51,11.1,11.1,11.1,11.1, 100
03/12/2020,19:04,10.92,10.92,10.9,10.9, 1500
03/12/2020,19:08,10.703,10.703,10.5,10.5, 400
03/12/2020,20:10,10.6,10.6,10.6,10.6, 600
03/12/2020,20:13,10.663,10.663,10.663,10.663, 100
03/12/2020,20:15,10.6,10.6,10.6,10.6, 1000
03/12/2020,20:25,10.6,10.6,10.6,10.6, 100
03/12/2020,20:51,10.563,10.7,10.5,10.7, 1432
03/12/2020,20:54,10.6,10.6,10.6,10.6, 200
03/13/2020,14:31,12.08,12.08,12.08,12.08, 710
03/13/2020,14:47,11.82,11.82,11.82,11.82, 673
03/13/2020,15:41,11.5,11.558,11.5,11.558, 284
03/13/2020,15:43,11.51,11.51,11.25,11.25, 1400
03/13/2020,15:45,11.25,11.25,11.25,11.25, 300
03/13/2020,15:46,11.488,11.488,11.25,11.25, 300
03/13/2020,15:59,11.55,11.55,11.55,11.55, 500
03/13/2020,16:08,11.55,11.55,11.55,11.55, 100
03/13/2020,16:15,11.55,11.55,11.55,11.55, 846
03/13/2020,16:16,11.55,11.55,11.55,11.55, 100
03/13/2020,16:25,11.58,11.58,11.58,11.58, 500
03/13/2020,16:34,11.55,11.55,11.55,11.55, 500
03/13/2020,16:35,11.4,11.4,11.4,11.4, 100
03/13/2020,16:43,11.75,11.75,11.4,11.496, 2400
03/13/2020,16:43,11.75,11.75,11.4,11.75, 450
03/13/2020,16:46,11.575,11.575,11.575,11.575, 200
03/13/2020,16:46,11.455,11.455,11.455,11.455, 100
03/13/2020,17:03,11.552,11.552,11.552,11.552, 300
03/13/2020,17:10,11.4,11.4,11.4,11.4, 461
03/13/2020,17:35,10.5,10.55,10.5,10.55, 507
03/13/2020,17:55,10.57,10.57,10.57,10.57, 100
03/13/2020,18:45,10.7,10.7,10.7,10.7, 100
03/13/2020,19:28,11.435,11.435,11.435,11.435, 100
03/13/2020,19:30,11.42,11.495,11.365,11.48, 800
03/13/2020,20:00,11.33,11.33,11.15,11.15, 500
03/13/2020,20:44,11.35,11.35,11.35,11.35, 100
03/13/2020,20:45,11.475,11.5,11.475,11.5, 500
03/13/2020,20:48,11.575,11.575,11.575,11.575, 100
03/13/2020,20:49,11.6,11.6,11.36,11.36, 1055
03/13/2020,20:50,11.36,11.418,11.36,11.418, 200
03/13/2020,20:54,11.5,11.5,11.5,11.5, 200
03/13/2020,20:57,11.55,11.6,11.55,11.6, 865
03/16/2020,14:31,11.09,11.09,11.09,11.09, 280
03/16/2020,14:52,10.332,10.391,10.32,10.33, 1000
03/16/2020,14:54,9.955,9.955,9.955,9.955, 200
03/16/2020,14:55,9.31,9.31,9.31,9.31, 100
03/16/2020,15:05,9.97,9.97,9.97,9.97, 200
03/16/2020,15:21,9.81,9.81,9.81,9.81, 100
03/16/2020,15:28,9.66,9.66,9.55,9.55, 300
03/16/2020,15:34,9.58,9.605,9.577,9.59, 2900
03/16/2020,15:35,9.614,9.614,9.614,9.614, 100
03/16/2020,15:36,9.62,9.62,9.62,9.62, 100
03/16/2020,15:37,9.62,9.62,9.62,9.62, 200
03/16/2020,15:39,9.641,9.641,9.641,9.641, 100
03/16/2020,16:10,9.95,9.97,9.95,9.97, 1078
03/16/2020,16:18,10.223,10.223,10.223,10.223, 100
03/16/2020,17:07,10,10,9.95,9.95, 1200
03/16/2020,17:35,9.95,9.95,9.95,9.95, 375
03/16/2020,17:45,9.95,9.95,9.95,9.95, 600
03/16/2020,17:48,9.955,9.955,9.95,9.95, 200
03/16/2020,17:54,9.95,9.95,9.95,9.95, 100
03/16/2020,18:15,9.96,9.96,9.95,9.95, 300
03/16/2020,18:33,9.95,9.956,9.95,9.956, 999
03/16/2020,18:39,9.955,9.955,9.955,9.955, 1000
03/16/2020,19:02,9.955,9.955,9.955,9.955, 500
03/16/2020,19:05,9.95,9.95,9.95,9.95, 301
03/16/2020,19:32,9.997,9.997,9.997,9.997, 100
03/16/2020,20:03,9.955,9.955,9.955,9.955, 600
03/16/2020,20:10,9.96,9.96,9.955,9.955, 500
03/16/2020,20:17,9.955,9.96,9.955,9.96, 1200
03/16/2020,20:18,10.105,10.105,10.105,10.105, 1158
03/16/2020,20:22,10.113,10.113,10.113,10.113, 500
03/16/2020,20:35,9.96,10.105,9.96,10.105, 600
03/16/2020,20:55,9.96,9.96,9.95,9.95, 939
03/17/2020,14:31,9.65,9.65,9.65,9.65, 104
03/17/2020,14:31,9.69,9.7,9.65,9.65, 700
03/17/2020,14:34,8.47,8.47,8.47,8.47, 100
03/17/2020,14:43,9.09,9.09,9.09,9.09, 100
03/17/2020,14:54,9.66,9.66,9.1,9.1, 400
03/17/2020,14:57,9.106,9.106,9.1,9.1, 500
03/17/2020,14:59,9.163,9.163,9.163,9.163, 300
03/17/2020,15:01,9.415,9.661,9.408,9.415, 2969
03/17/2020,15:01,9.1,9.1,9.1,9.1, 200
03/17/2020,15:19,9.3,9.3,9.3,9.3, 500
03/17/2020,15:32,9.239,9.239,9.17,9.17, 1250
03/17/2020,15:58,9.187,9.187,9.187,9.187, 100
03/17/2020,16:16,9.2,9.2,9.1,9.1, 300
03/17/2020,16:56,9.507,9.507,9.507,9.507, 100
03/17/2020,17:10,9.572,9.572,9.572,9.572, 2500
03/17/2020,19:02,9.45,9.45,9.45,9.45, 500
03/17/2020,20:51,9.301,9.301,9.301,9.301, 127
03/17/2020,20:52,9.242,9.242,9.242,9.242, 130
03/17/2020,20:55,9.6,9.6,9.6,9.6, 100
03/17/2020,21:01,9.31,9.31,9.31,9.31, 100
03/18/2020,14:31,8.75,8.75,8.75,8.75, 100
03/18/2020,14:38,9.03,9.03,9.03,9.03, 100
03/18/2020,14:39,9.056,9.056,9.056,9.056, 100
03/18/2020,14:39,9.03,9.03,9.03,9.03, 150
03/18/2020,14:41,9.03,9.03,9.03,9.03, 125
03/18/2020,14:43,9.03,9.03,9.03,9.03, 150
03/18/2020,14:44,9.072,9.072,9.03,9.03, 260
03/18/2020,14:45,9.189,9.189,9.189,9.189, 100
03/18/2020,14:47,9.03,9.03,9.03,9.03, 175
03/18/2020,14:48,9.03,9.03,9.03,9.03, 100
03/18/2020,14:49,9.03,9.03,9.03,9.03, 125
03/18/2020,14:53,9.03,9.03,9.03,9.03, 190
03/18/2020,14:55,9.03,9.03,9.03,9.03, 100
03/18/2020,14:58,9.03,9.03,9.03,9.03, 1100
03/18/2020,14:58,9.15,9.15,9.15,9.15, 400
03/18/2020,15:10,9.155,9.155,9.155,9.155, 300
03/18/2020,15:10,9.242,9.242,9.242,9.242, 100
03/18/2020,15:20,9.18,9.18,9.18,9.18, 200
03/18/2020,15:21,9.093,9.093,9.093,9.093, 200
03/18/2020,15:21,9,9,9,9, 200
03/18/2020,15:31,9.155,9.155,9.155,9.155, 300
03/18/2020,15:39,9,9,9,9, 100
03/18/2020,15:43,9,9,9,9, 233
03/18/2020,16:15,9.169,9.169,9.169,9.169, 100
03/18/2020,16:16,9.092,9.092,9.092,9.092, 401
03/18/2020,16:28,9.31,9.31,9.295,9.31, 1240
03/18/2020,16:37,9.31,9.31,9.31,9.31, 1000
03/18/2020,16:46,9.3,9.31,9.3,9.31, 303
03/18/2020,16:55,9.31,9.31,9.31,9.31, 200
03/18/2020,16:56,9.409,9.409,9.409,9.409, 100
03/18/2020,16:57,9.408,9.408,9.408,9.408, 100
03/18/2020,17:02,9.12,9.12,9.12,9.12, 1100
03/18/2020,18:20,9.2,9.2,9.2,9.2, 600
03/18/2020,18:22,9.2,9.2,9.2,9.2, 1099
03/18/2020,18:25,9.5,9.5,9.5,9.5, 200
03/18/2020,18:31,9.262,9.332,9.262,9.332, 900
03/18/2020,18:32,9.26,9.26,9.26,9.26, 100
03/18/2020,18:33,9.251,9.251,9.251,9.251, 900
03/18/2020,18:34,9.2,9.2,9.12,9.12, 300
03/18/2020,18:35,9.12,9.12,9.12,9.12, 100
03/18/2020,18:41,9.11,9.11,9.11,9.11, 105
03/18/2020,18:42,8.99,8.99,8.99,8.99, 100
03/18/2020,18:59,8.982,8.982,8.982,8.982, 100
03/18/2020,19:11,9.099,9.099,9,9, 1991
03/18/2020,19:14,9.11,9.11,9.055,9.055, 200
03/18/2020,19:16,9.064,9.064,9.064,9.064, 200
03/18/2020,19:17,9,9.036,9,9.036, 2168
03/18/2020,19:22,9.11,9.11,9.11,9.11, 100
03/18/2020,19:35,9.055,9.11,9.055,9.073, 300
03/18/2020,19:36,9.055,9.055,9.055,9.055, 190
03/18/2020,19:37,9.11,9.11,9.11,9.11, 287
03/18/2020,19:38,9.11,9.11,9.076,9.076, 200
03/18/2020,19:39,9.11,9.11,9.076,9.076, 200
03/18/2020,19:52,9.25,9.31,9.25,9.25, 800
03/18/2020,19:52,9.403,9.403,9.4,9.4, 200
03/18/2020,19:54,9.25,9.5,9.25,9.5, 1150
03/18/2020,19:55,9.4,9.8,9.4,9.8, 750
03/18/2020,20:06,9.621,9.621,9.621,9.621, 100
03/18/2020,20:07,9.8,9.8,9.698,9.698, 566
03/18/2020,20:17,9.927,9.927,9.927,9.927, 500
03/18/2020,20:19,10.238,10.238,10.238,10.238, 200
03/18/2020,20:29,10.091,10.091,10.091,10.091, 250
03/18/2020,20:31,10.091,10.091,10.091,10.091, 150
03/18/2020,20:38,9.933,9.933,9.933,9.933, 100
03/18/2020,20:39,10.35,10.35,10.055,10.055, 200
03/18/2020,20:46,10.06,10.06,10.06,10.06, 200
03/18/2020,20:48,9.945,9.945,9.945,9.945, 100
03/18/2020,20:50,10.36,10.36,10.055,10.055, 200
03/19/2020,14:31,10.4,10.4,10.4,10.4, 169
03/19/2020,15:13,10.514,10.514,10.514,10.514, 100
03/19/2020,15:14,10.6,10.95,10.6,10.6, 1189
03/19/2020,15:19,10.6,10.6,10.6,10.6, 200
03/19/2020,15:31,10.95,10.95,10.6,10.6, 300
03/19/2020,15:34,10.95,10.95,10.95,10.95, 100
03/19/2020,15:37,10.444,10.444,10.444,10.444, 125
03/19/2020,15:42,10.571,10.571,10.571,10.571, 100
03/19/2020,16:08,10.55,10.55,10.55,10.55, 100
03/19/2020,16:13,10.87,10.95,10.87,10.87, 2609
03/19/2020,16:33,10.94,10.94,10.94,10.94, 100
03/19/2020,16:38,10.38,10.413,10.3,10.345, 3400
03/19/2020,16:43,10.25,10.25,10.25,10.25, 200
03/19/2020,16:44,10.25,10.25,10.25,10.25, 500
03/19/2020,16:50,10.238,10.238,10.238,10.238, 150
03/19/2020,17:02,10.2,10.2,9.18,9.39, 2000
03/19/2020,17:04,9.695,9.695,9.695,9.695, 200
03/19/2020,17:08,9.863,9.863,9.863,9.863, 100
03/19/2020,17:09,9.964,10.3,9.964,10.3, 200
03/19/2020,17:09,9.991,9.991,9.991,9.991, 100
03/19/2020,17:16,10.24,10.3,10.24,10.265, 2470
03/19/2020,17:28,9.92,9.92,9.92,9.92, 100
03/19/2020,17:31,9.708,9.708,9.708,9.708, 100
03/19/2020,17:32,9.775,9.775,9.775,9.775, 100
03/19/2020,19:05,10.29,10.29,10.066,10.066, 1180
03/19/2020,19:24,10.29,10.3,9.975,9.975, 3676
03/19/2020,19:24,10.53,10.67,10.482,10.53, 400
03/19/2020,19:27,10.74,10.95,10.74,10.95, 910
03/19/2020,19:53,10.551,10.551,10.1,10.53, 2358
03/19/2020,19:58,10.182,10.182,10.182,10.182, 620
03/19/2020,20:21,9.9,9.9,9.9,9.9, 300
03/19/2020,20:28,10.087,10.087,10.04,10.04, 200
03/19/2020,20:35,10.155,10.155,10.106,10.106, 200
03/19/2020,20:38,10.16,10.26,10.16,10.26, 1100
03/19/2020,20:40,10.78,11.43,10.78,11.43, 800
03/19/2020,20:45,11.43,11.43,11.43,11.43, 425
03/19/2020,20:47,10.8,10.8,10.8,10.8, 500
03/19/2020,20:52,10.66,11.02,10.65,10.65, 965
03/19/2020,20:55,11.33,11.33,11.33,11.33, 100
03/19/2020,20:56,11.04,11.04,11.04,11.04, 100
03/19/2020,20:57,11.256,11.256,11.256,11.256, 100
03/19/2020,21:01,10.67,10.67,10.65,10.65, 200
03/20/2020,14:31,12,12,12,12, 1563
03/20/2020,14:31,12.24,12.24,12.24,12.24, 300
03/20/2020,14:32,12.1,12.104,12,12.016, 1900
03/20/2020,14:34,12.38,12.38,12.214,12.214, 1600
03/20/2020,14:34,12.179,12.179,12.163,12.163, 1100
03/20/2020,14:35,12.19,12.19,12.1,12.1, 900
03/20/2020,14:36,12.19,12.19,12.19,12.19, 400
03/20/2020,14:39,12.125,12.125,12.125,12.125, 125
03/20/2020,14:40,12.25,12.25,12.25,12.25, 500
03/20/2020,14:44,12.125,12.25,12.125,12.125, 3200
03/20/2020,14:45,12.125,12.55,12.125,12.55, 4020
03/20/2020,14:45,12.4,12.4,12.4,12.4, 300
03/20/2020,14:46,12.35,12.35,12.35,12.35, 100
03/20/2020,14:47,12.404,12.65,12.4,12.65, 900
03/20/2020,14:48,12.46,12.46,12.28,12.28, 1100
03/20/2020,14:50,12.478,12.478,12.478,12.478, 200
03/20/2020,14:51,12.279,12.5,12.279,12.5, 1350
03/20/2020,14:51,12.26,12.26,12.26,12.26, 200
03/20/2020,14:52,12.22,12.26,12.22,12.22, 1000
03/20/2020,14:56,12.343,12.4,12.343,12.4, 600
03/20/2020,14:57,12.55,13.25,12.44,13.03, 4673
03/20/2020,14:58,12.95,12.95,12.675,12.675, 200
03/20/2020,14:59,12.95,13.19,12.73,13.157, 800
03/20/2020,14:59,13,13.2,12.975,13.2, 2386
03/20/2020,15:00,13.2,13.2,12.75,12.9, 2440
03/20/2020,15:01,12.771,12.875,12.771,12.875, 1100
03/20/2020,15:02,12.754,12.875,12.75,12.75, 816
03/20/2020,15:05,12.85,12.85,12.365,12.81, 848
03/20/2020,15:09,12.93,12.93,12.93,12.93, 100
03/20/2020,15:09,12.4,12.4,12.4,12.4, 400
03/20/2020,15:10,12.425,12.425,12.425,12.425, 200
03/20/2020,15:11,12.33,12.4,12.33,12.4, 360
03/20/2020,15:11,12.3,12.3,12.3,12.3, 200
03/20/2020,15:12,12.3,12.3,12.3,12.3, 200
03/20/2020,15:14,12.18,12.18,12.17,12.17, 937
03/20/2020,15:16,12.5,12.5,12.5,12.5, 1000
03/20/2020,15:17,12.17,12.17,12.17,12.17, 180
03/20/2020,15:18,12,12,12,12, 146
03/20/2020,15:20,12,12,12,12, 185
03/20/2020,15:21,11.8,12.003,11.27,11.37, 7597
03/20/2020,15:22,11.75,11.75,11.75,11.75, 1100
03/20/2020,15:23,11.403,12,11.403,12, 1700
03/20/2020,15:23,12.003,12.135,12,12.135, 2844
03/20/2020,15:25,12.182,12.45,12.176,12.45, 4697
03/20/2020,15:25,12.05,12.05,12.05,12.05, 600
03/20/2020,15:27,12.5,12.792,12.45,12.792, 2449
03/20/2020,15:28,12.283,12.283,12.283,12.283, 100
03/20/2020,15:29,12.5,12.5,12.5,12.5, 400
03/20/2020,15:30,12.8,12.8,12.5,12.507, 2619
03/20/2020,15:34,12.208,12.208,12.208,12.208, 200
03/20/2020,15:37,12.295,12.295,12.295,12.295, 300
03/20/2020,15:39,12.1,12.15,11.8,12.15, 800
03/20/2020,15:39,12.044,12.044,12.044,12.044, 250
03/20/2020,15:43,12.39,12.75,12.33,12.75, 2400
03/20/2020,15:43,12.75,12.75,12.65,12.65, 200
03/20/2020,15:45,12.8,12.8,12.8,12.8, 100
03/20/2020,15:48,12.768,12.768,12.768,12.768, 200
03/20/2020,15:50,12.8,12.8,12.8,12.8, 100
03/20/2020,15:53,12.654,12.654,12.654,12.654, 200
03/20/2020,15:53,12.65,12.65,12.5,12.65, 700
03/20/2020,15:54,12.651,12.651,12.651,12.651, 400
03/20/2020,15:57,12.582,12.582,12.582,12.582, 200
03/20/2020,15:59,12.77,12.77,12.77,12.77, 100
03/20/2020,16:00,12.65,12.65,12.65,12.65, 100
03/20/2020,16:01,12.65,12.65,12.65,12.65, 100
03/20/2020,16:04,12.649,13,12.48,12.48, 8182
03/20/2020,16:05,12.99,13,12.5,12.5, 1670
03/20/2020,16:08,12.51,12.51,12.51,12.51, 500
03/20/2020,16:10,12.935,12.935,12.935,12.935, 150
03/20/2020,16:12,12.51,12.51,12.51,12.51, 200
03/20/2020,16:13,12.6,12.6,12.6,12.6, 500
03/20/2020,16:22,12.7,12.7,12.7,12.7, 100
03/20/2020,16:27,12.553,12.722,12.553,12.722, 600
03/20/2020,16:30,12.953,13.065,12.953,13.065, 1599
03/20/2020,16:31,13.92,14.05,13.92,14.05, 700
03/20/2020,16:31,14,14,13.11,13.17, 9870
03/20/2020,16:34,13.6,14.01,13.52,14, 9066
03/20/2020,16:40,13.99,14,13.97,14, 600
03/20/2020,16:43,14.1,14.25,14.09,14.239, 7176
03/20/2020,16:53,13.5,13.5,13.5,13.5, 100
03/20/2020,17:01,14.005,14.005,14,14, 300
03/20/2020,17:03,14.01,14.08,14.01,14.08, 200
03/20/2020,17:04,14,14.15,14,14.15, 800
03/20/2020,17:09,14,14,14,14, 1400
03/20/2020,17:13,14.054,14.078,14.04,14.078, 995
03/20/2020,17:17,14.127,14.127,14.1,14.1, 500
03/20/2020,17:19,14.15,14.15,14.15,14.15, 200
03/20/2020,17:20,14.1,14.1,14,14, 2700
03/20/2020,17:22,14.08,15.002,13.687,13.687, 11083
03/20/2020,17:37,13.99,13.99,13.99,13.99, 410
03/20/2020,17:38,13.5,13.5,13.5,13.5, 100
03/20/2020,17:40,13.58,13.58,13.58,13.58, 100
03/20/2020,17:47,13.75,13.83,13.75,13.75, 900
03/20/2020,17:48,13.652,13.652,13.652,13.652, 100
03/20/2020,17:52,13.6,13.6,13.6,13.6, 250
03/20/2020,17:52,13.5,13.51,13.5,13.51, 1100
03/20/2020,17:54,13.058,13.058,13.04,13.04, 200
03/20/2020,18:00,13.008,13.008,12.752,12.752, 300
03/20/2020,18:03,13.04,13.04,13.04,13.04, 1290
03/20/2020,18:04,13.54,13.54,13.54,13.54, 100
03/20/2020,18:05,13.58,13.6,13.58,13.6, 450
03/20/2020,18:09,13.01,13.01,13,13.01, 400
03/20/2020,18:14,13.6,13.6,13.53,13.53, 400
03/20/2020,18:14,13.52,13.6,13.52,13.6, 6178
03/20/2020,18:16,13.665,13.665,13.65,13.65, 400
03/20/2020,18:39,13.256,13.256,13,13, 650
03/20/2020,18:42,13.262,13.262,13.262,13.262, 1358
03/20/2020,18:50,13.3,13.3,13.235,13.235, 400
03/20/2020,18:52,13.74,14.16,13.66,14.16, 4758
03/20/2020,18:53,14.01,14.607,14,14.607, 3340
03/20/2020,18:55,14.471,14.5,14.288,14.5, 1700
03/20/2020,18:56,14.35,14.35,14.3,14.3, 700
03/20/2020,18:58,14.3,14.31,14.3,14.31, 654
03/20/2020,19:00,14.224,15.854,14.2,15.854, 17846
03/20/2020,19:02,15.549,15.771,15.5,15.5, 1250
03/20/2020,19:03,15.156,15.436,15,15, 700
03/20/2020,19:05,15.02,15.02,15,15, 5470
03/20/2020,19:14,14.87,14.87,14.714,14.714, 300
03/20/2020,19:16,15,15,15,15, 100
03/20/2020,19:20,14.5,14.5,14.5,14.5, 100
03/20/2020,19:21,14.99,14.99,14.655,14.655, 200
03/20/2020,19:25,14.5,14.725,14.5,14.725, 400
03/20/2020,19:28,14.5,14.5,14.5,14.5, 100
03/20/2020,19:28,14.649,14.72,14.649,14.72, 200
03/20/2020,19:32,14.7,14.7,14.7,14.7, 2200
03/20/2020,19:36,14.3,14.3,14.25,14.25, 400
03/20/2020,19:38,14.4,14.471,14.297,14.35, 2978
03/20/2020,19:38,14.386,14.425,14.25,14.425, 900
03/20/2020,19:40,14.26,14.26,12.82,12.82, 1220
03/20/2020,19:44,12.82,12.884,12.5,12.5, 2916
03/20/2020,19:48,12.907,12.907,12.907,12.907, 150
03/20/2020,19:51,12.872,12.872,12.872,12.872, 2000
03/20/2020,19:51,12.687,12.687,12.687,12.687, 110
03/20/2020,19:53,13.042,13.94,13.042,13.914, 6578
03/20/2020,19:55,13.596,14,13.596,14, 3100
03/20/2020,19:56,13.1,13.515,13.03,13.03, 1300
03/20/2020,19:59,13.1,13.5,13.1,13.5, 200
03/20/2020,20:01,12.7,12.7,12.7,12.7, 100
03/20/2020,20:10,13.45,13.49,13.41,13.41, 700
03/20/2020,20:10,13.49,13.49,13.49,13.49, 250
03/20/2020,20:12,13.49,13.49,13.422,13.49, 900
03/20/2020,20:15,13.5,13.5,13.5,13.5, 600
03/20/2020,20:19,13.97,14,13.94,14, 825
03/20/2020,20:26,13.854,14,13.605,13.605, 1905
03/20/2020,20:28,14,14,13.998,13.999, 700
03/20/2020,20:36,13.791,13.791,13.791,13.791, 100
03/20/2020,20:37,13.98,14,13.98,14, 859
03/20/2020,20:39,13.673,13.673,13.673,13.673, 100
03/20/2020,20:45,14,14,13.91,13.91, 755
03/20/2020,20:47,13.95,13.95,13.9,13.9, 781
03/20/2020,20:47,13.95,13.95,13.95,13.95, 100
03/20/2020,20:49,13.9,13.9,13.4,13.4, 300
03/20/2020,20:50,14,14,14,14, 100
03/20/2020,20:52,13.796,13.796,13.796,13.796, 120
03/20/2020,20:52,13.93,13.95,13.93,13.95, 200
03/20/2020,20:54,13.95,13.99,13.95,13.99, 200
03/20/2020,20:55,13.89,14,13.89,14, 300
03/20/2020,20:55,13.99,13.99,13.923,13.923, 200
03/20/2020,20:56,13.4,13.4,13.4,13.4, 1000
03/20/2020,20:57,13.88,13.88,13.88,13.88, 200
03/20/2020,20:57,13.65,13.65,13.65,13.65, 150
03/20/2020,20:59,13.79,13.79,13.79,13.79, 100
03/20/2020,21:00,13.9,13.9,13.4,13.63, 500
03/23/2020,14:31,14.55,14.55,13.95,13.99, 6396
03/23/2020,14:31,13.99,13.99,13.64,13.64, 550
03/23/2020,14:34,13.95,13.95,13.95,13.95, 195
03/23/2020,14:36,13.91,14,13.91,14, 331
03/23/2020,14:40,13.82,13.82,13.82,13.82, 100
03/23/2020,14:42,13.99,14,13.99,14, 1369
03/23/2020,14:42,13.852,13.852,13.852,13.852, 100
03/23/2020,14:47,14.5,14.5,14.465,14.465, 300
03/23/2020,14:48,14.5,14.5,14.5,14.5, 1438
03/23/2020,15:03,13.976,13.976,13.976,13.976, 200
03/23/2020,15:05,13.909,13.909,13.859,13.87, 600
03/23/2020,15:10,13.86,13.86,13.5,13.5, 562
03/23/2020,15:12,13.5,13.5,13.5,13.5, 2400
03/23/2020,15:12,14.19,14.19,14.19,14.19, 150
03/23/2020,15:14,14.05,14.05,13.983,13.983, 200
03/23/2020,15:23,13.75,13.884,13.75,13.884, 1100
03/23/2020,15:32,13.92,13.92,13.92,13.92, 135
03/23/2020,15:41,13.82,13.82,13.81,13.81, 200
03/23/2020,15:43,13.75,13.75,13.606,13.606, 800
03/23/2020,15:43,13.52,13.587,13.52,13.587, 200
03/23/2020,15:47,13.683,13.683,13.683,13.683, 750
03/23/2020,16:05,13.98,13.98,13.98,13.98, 143
03/23/2020,16:18,13.638,13.638,13.638,13.638, 150
03/23/2020,16:33,13.8,13.8,13.8,13.8, 100
03/23/2020,16:39,14.028,14.028,13.875,13.875, 314
03/23/2020,16:49,14,14,14,14, 100
03/23/2020,16:52,14,14,14,14, 300
03/23/2020,16:54,14,14,13.5,13.5, 200
03/23/2020,16:54,13.52,13.52,13.52,13.52, 200
03/23/2020,17:27,13.51,13.51,13.5,13.5, 500
03/23/2020,17:37,13.5,13.5,13.5,13.5, 200
03/23/2020,17:41,13.52,13.52,13.5,13.5, 1700
03/23/2020,17:50,13.51,13.51,13.51,13.51, 1000
03/23/2020,17:52,13.52,13.52,13.5,13.5, 800
03/23/2020,18:00,13.652,13.652,13.652,13.652, 120
03/23/2020,18:02,13.5,13.5,13.5,13.5, 100
03/23/2020,18:03,13.775,13.775,13.5,13.5, 200
03/23/2020,18:05,13.5,13.5,12.55,12.601, 2154
03/23/2020,18:07,12.55,12.581,12,12.03, 598
03/23/2020,18:14,12.08,12.08,12.03,12.03, 900
03/23/2020,18:24,12.03,12.03,12.03,12.03, 100
03/23/2020,18:33,12.071,12.35,12.03,12.35, 450
03/23/2020,18:49,11.56,11.56,11.54,11.54, 200
03/23/2020,18:52,11.54,11.54,11.53,11.53, 500
03/23/2020,18:57,12.02,12.02,12.02,12.02, 200
03/23/2020,19:28,12.02,12.02,12.02,12.02, 200
03/23/2020,19:28,12.16,12.16,12.16,12.16, 100
03/23/2020,19:29,12.161,12.161,12.161,12.161, 200
03/23/2020,19:31,12.02,12.02,12.02,12.02, 100
03/23/2020,19:33,12.28,12.28,12.28,12.28, 100
03/23/2020,19:36,12.04,12.04,12.012,12.012, 1000
03/23/2020,19:37,12.155,12.155,12.155,12.155, 741
03/23/2020,19:44,12.155,12.155,12.155,12.155, 200
03/23/2020,19:45,12.28,12.3,12.28,12.3, 1166
03/23/2020,19:54,12.35,12.35,12.35,12.35, 500
03/23/2020,20:05,12.27,12.27,12.27,12.27, 100
03/23/2020,20:16,12.5,12.5,12.5,12.5, 150
03/23/2020,20:23,12.637,12.637,12.637,12.637, 100
03/23/2020,20:53,12.89,12.89,12.89,12.89, 100
03/23/2020,20:54,12.88,12.9,12.88,12.9, 950
03/23/2020,21:00,12.82,12.82,12.2,12.2, 262
03/23/2020,21:01,12.25,12.25,12.25,12.25, 100
03/24/2020,14:31,12.98,12.98,12.98,12.98, 294
03/24/2020,14:32,12.98,12.99,12.917,12.927, 1500
03/24/2020,14:34,12.5,12.5,12.5,12.5, 400
03/24/2020,14:40,12.81,12.81,12.81,12.81, 200
03/24/2020,14:40,12.81,12.81,12.81,12.81, 200
03/24/2020,14:41,12.83,12.99,12.801,12.985, 697
03/24/2020,14:42,13.05,13.5,13.05,13.5, 500
03/24/2020,14:43,13.3,13.3,13.3,13.3, 150
03/24/2020,14:44,13.5,13.5,13.5,13.5, 100
03/24/2020,14:44,13.3,13.3,13.3,13.3, 500
03/24/2020,14:51,13.3,13.3,13.3,13.3, 265
03/24/2020,15:05,13.11,13.11,13.11,13.11, 100
03/24/2020,15:07,13.11,13.11,13.11,13.11, 100
03/24/2020,15:11,13.1,13.1,13.1,13.1, 100
03/24/2020,15:12,13.075,13.4,13.075,13.4, 321
03/24/2020,15:17,13.1,13.39,13.1,13.388, 700
03/24/2020,15:24,13.207,13.207,13.207,13.207, 100
03/24/2020,15:55,13.36,13.4,13.305,13.4, 3200
03/24/2020,15:56,13.21,13.275,13.2,13.2, 1300
03/24/2020,16:12,13.413,13.413,13.413,13.413, 100
03/24/2020,16:35,13.36,13.36,13.36,13.36, 1000
03/24/2020,17:29,13.4,13.5,13.4,13.5, 590
03/24/2020,17:46,13.49,13.49,13.49,13.49, 200
03/24/2020,17:47,13.481,13.481,13.47,13.47, 740
03/24/2020,18:29,13.3,13.3,13.3,13.3, 100
03/24/2020,19:01,13.7,13.7,13.7,13.7, 100
03/24/2020,19:19,13.613,13.613,13.613,13.613, 100
03/24/2020,19:23,13.7,13.7,13.7,13.7, 100
03/24/2020,19:31,13.7,13.7,13.58,13.58, 730
03/24/2020,19:40,13.7,13.7,13.557,13.557, 1000
03/24/2020,19:43,13.48,13.49,13.48,13.49, 200
03/24/2020,20:05,13.59,13.59,13.59,13.59, 200
03/24/2020,20:06,13.59,13.59,13.59,13.59, 200
03/24/2020,20:07,13.59,13.59,13.495,13.5, 600
03/24/2020,20:08,13.56,13.56,13.52,13.56, 400
03/24/2020,20:09,13.48,13.48,13.48,13.48, 200
03/24/2020,20:12,13.48,13.48,13.48,13.48, 100
03/24/2020,20:39,13.7,13.7,13.69,13.69, 200
03/24/2020,20:40,13.7,13.7,13.7,13.7, 100
03/24/2020,20:40,13.69,13.69,13.69,13.69, 100
03/24/2020,20:49,13.68,13.68,13.68,13.68, 100
03/24/2020,20:57,13.5,13.5,13.5,13.5, 100
03/24/2020,21:00,13.69,13.7,13.69,13.7, 200
03/24/2020,21:00,13.69,13.69,13.69,13.69, 100
03/25/2020,14:31,13.6,13.6,13.6,13.6, 200
03/25/2020,14:31,13.72,13.72,13.72,13.72, 100
03/25/2020,14:34,13.624,13.624,13.624,13.624, 1000
03/25/2020,14:35,13.72,13.74,13.72,13.74, 300
03/25/2020,14:35,13.61,13.688,13.6,13.61, 6000
03/25/2020,14:36,13.76,13.76,13.76,13.76, 100
03/25/2020,14:39,13.92,14.3,13.92,14.3, 1800
03/25/2020,15:04,13.84,13.84,13.84,13.84, 300
03/25/2020,15:30,13.707,13.707,13.707,13.707, 119
03/25/2020,15:40,13.83,13.83,13.83,13.83, 150
03/25/2020,15:51,13.66,13.66,13.66,13.66, 100
03/25/2020,16:00,13.67,13.738,13.66,13.728, 600
03/25/2020,16:00,13.82,13.84,13.81,13.84, 555
03/25/2020,16:13,13.81,13.81,13.81,13.81, 100
03/25/2020,16:15,13.66,13.66,13.66,13.66, 100
03/25/2020,16:20,13.745,13.745,13.745,13.745, 100
03/25/2020,16:27,13.8,13.8,13.8,13.8, 100
03/25/2020,16:48,13.66,13.66,13.6,13.6, 982
03/25/2020,17:16,13.708,13.708,13.708,13.708, 147
03/25/2020,17:33,13.75,13.75,13.75,13.75, 100
03/25/2020,17:35,13.68,13.68,13.68,13.68, 1000
03/25/2020,17:39,13.6,13.657,13.256,13.58, 2216
03/25/2020,18:55,13.6,13.6,13.6,13.6, 200
03/25/2020,19:23,13.8,13.84,13.8,13.84, 400
03/25/2020,20:18,13.41,13.41,13.41,13.41, 100
03/25/2020,20:28,13.6,13.6,13.44,13.461, 300
03/25/2020,20:47,13.55,13.55,13.53,13.55, 300
03/25/2020,20:47,13.4,13.5,13.4,13.5, 1900
03/25/2020,20:51,13.31,13.43,12.77,12.77, 1000
03/25/2020,20:57,13.32,13.365,13.32,13.365, 200
03/25/2020,20:58,13.385,13.385,13.385,13.385, 100
03/25/2020,20:59,13.33,13.352,13.33,13.352, 200
03/25/2020,21:00,13.45,13.45,13.45,13.45, 200
03/25/2020,21:01,13.5,13.5,13.5,13.5, 410
03/26/2020,14:31,13.07,13.07,13.07,13.07, 163
03/26/2020,14:38,13.72,14.5,13.72,14.5, 7794
03/26/2020,14:41,13.6,13.6,13.6,13.6, 257
03/26/2020,14:49,13.5,13.5,13.5,13.5, 200
03/26/2020,14:53,13.139,13.139,13.139,13.139, 1000
03/26/2020,14:57,13.01,13.075,13.01,13.075, 200
03/26/2020,15:29,13.74,13.74,13.74,13.74, 100
03/26/2020,15:30,13.74,13.74,13.74,13.74, 300
03/26/2020,15:37,13.07,13.18,13,13.18, 9540
03/26/2020,15:45,13.18,13.18,13.18,13.18, 100
03/26/2020,15:48,13.87,13.99,13.801,13.87, 9152
03/26/2020,15:49,13.501,13.501,13.501,13.501, 240
03/26/2020,16:55,13.21,13.276,13.14,13.206, 554
03/26/2020,17:28,13.884,13.884,13.884,13.884, 300
03/26/2020,17:49,13.127,13.127,13.127,13.127, 200
03/26/2020,18:09,13.532,13.532,13.532,13.532, 2500
03/26/2020,18:12,13.76,13.94,13.76,13.78, 5100
03/26/2020,18:18,13.99,14.1,13.555,14, 2523
03/26/2020,18:22,14.228,14.228,14.105,14.105, 1100
03/26/2020,18:24,14.213,14.213,14.11,14.116, 500
03/26/2020,18:28,14.305,14.305,14.305,14.305, 200
03/26/2020,18:30,14.181,14.181,14.11,14.11, 200
03/26/2020,18:40,14.11,14.127,14.1,14.1, 900
03/26/2020,19:01,14.305,14.305,14.305,14.305, 100
03/26/2020,19:10,14.12,14.191,14.12,14.191, 200
03/26/2020,19:16,14.12,14.13,14.1,14.13, 7396
03/26/2020,19:32,14.05,14.12,14.05,14.12, 200
03/26/2020,19:34,14.45,14.45,14.45,14.45, 100
03/26/2020,19:35,14.322,14.322,14.322,14.322, 104
03/26/2020,19:41,14.08,14.12,14.01,14.12, 400
03/26/2020,19:52,14.02,14.07,14,14.07, 6790
03/26/2020,20:02,14.05,14.05,14,14, 300
03/26/2020,20:17,14,14.02,14,14, 600
03/26/2020,20:25,14.35,14.35,14.121,14.121, 1710
03/26/2020,21:00,14.12,14.12,14.12,14.12, 100
03/26/2020,21:00,14.25,14.25,14.25,14.25, 100
03/26/2020,21:01,14.18,14.18,14.18,14.18, 100
03/27/2020,14:31,15,15,15,15, 1634
03/27/2020,14:37,14.63,14.63,14.43,14.63, 300
03/27/2020,14:38,14.41,14.63,14.41,14.63, 200
03/27/2020,14:43,14.29,14.29,14.29,14.29, 100
03/27/2020,14:45,14.43,14.43,14.43,14.43, 349
03/27/2020,14:46,14.29,14.29,14.15,14.15, 1100
03/27/2020,14:54,14.21,14.22,14.21,14.22, 200
03/27/2020,15:13,14.277,14.277,14.277,14.277, 100
03/27/2020,15:19,14.18,14.18,14.18,14.18, 100
03/27/2020,15:20,14.11,14.278,14.11,14.278, 452
03/27/2020,15:23,14.107,14.107,14.1,14.1, 200
03/27/2020,15:28,14.1,14.55,14.05,14.49, 2050
03/27/2020,15:30,14.28,14.28,14.28,14.28, 100
03/27/2020,15:39,14.55,14.55,14.49,14.49, 500
03/27/2020,15:43,14.5,14.5,14.5,14.5, 200
03/27/2020,15:44,14.275,14.275,14.275,14.275, 100
03/27/2020,15:52,14.178,14.178,14.178,14.178, 100
03/27/2020,15:57,14.096,14.096,14.096,14.096, 100
03/27/2020,15:59,14.02,14.171,13.16,13.266, 3619
03/27/2020,16:20,13.16,13.16,13.16,13.16, 349
03/27/2020,19:07,13.635,13.635,13.635,13.635, 100
03/27/2020,19:08,13.8,13.8,13.8,13.8, 100
03/27/2020,20:36,13.46,13.46,13.46,13.46, 300
03/27/2020,20:38,13.33,13.33,13.33,13.33, 200
03/30/2020,15:31,14.26,14.26,14.26,14.26, 414
03/30/2020,15:38,14.49,14.49,14.49,14.49, 100
03/30/2020,15:51,13.786,13.786,13.786,13.786, 100
03/30/2020,16:46,13.76,13.76,13.33,13.35, 700
03/30/2020,17:10,13.35,13.35,13.35,13.35, 200
03/30/2020,17:22,13.04,13.115,12.75,12.814, 3538
03/30/2020,18:23,12.81,12.81,12.81,12.81, 531
03/30/2020,18:36,12.826,12.826,12.826,12.826, 147
03/30/2020,18:46,12.36,12.742,12.26,12.742, 500
03/30/2020,18:58,12.839,12.839,12.839,12.839, 100
03/30/2020,18:59,13.11,13.11,13.11,13.11, 100
03/30/2020,19:19,12.52,12.582,12.5,12.5, 1045
03/30/2020,19:31,12.416,12.416,12.416,12.416, 100
03/30/2020,19:35,12.4,12.4,12.4,12.4, 400
03/30/2020,20:40,12.45,12.45,12.45,12.45, 100
03/30/2020,21:02,12.265,12.265,12.265,12.265, 221
03/30/2020,21:07,12.479,12.479,12.43,12.43, 500
03/30/2020,21:27,12.46,12.46,12.43,12.46, 500
03/30/2020,21:29,12.16,12.16,12.1,12.16, 400
03/30/2020,21:45,12.29,12.29,12.29,12.29, 100
03/30/2020,21:47,12.13,12.13,12.13,12.13, 400
03/30/2020,21:48,12.15,12.15,12.15,12.15, 400
03/30/2020,21:49,12.05,12.05,12.05,12.05, 209
03/30/2020,22:00,12,12,12,12, 200
03/31/2020,15:31,11.3,11.3,11.3,11.3, 234
03/31/2020,15:32,11.26,11.26,11.26,11.26, 166
03/31/2020,15:42,11.3,11.3,11.3,11.3, 100
03/31/2020,15:43,11.634,11.634,11.634,11.634, 100
03/31/2020,15:58,11.92,11.99,11.92,11.99, 450
03/31/2020,16:05,11.99,11.99,11.99,11.99, 200
03/31/2020,16:08,11.93,11.93,11.93,11.93, 100
03/31/2020,16:21,11.88,11.88,11.88,11.88, 100
03/31/2020,16:23,11.843,11.843,11.843,11.843, 100
03/31/2020,18:13,11.42,11.625,11.42,11.625, 400
03/31/2020,19:32,11.75,11.75,11.75,11.75, 300
03/31/2020,20:44,11.96,11.97,11.96,11.97, 200
03/31/2020,20:47,11.97,11.97,11.911,11.931, 300
03/31/2020,20:49,11.885,11.885,11.885,11.885, 400
03/31/2020,21:17,12,12,12,12, 1200
03/31/2020,21:19,12.14,12.25,12.14,12.25, 2800
03/31/2020,21:20,12.44,12.5,12.44,12.5, 892
03/31/2020,21:26,12.5,12.5,12.5,12.5, 1000
03/31/2020,21:32,12.25,12.25,12.25,12.25, 100
03/31/2020,21:36,12.5,12.5,12.5,12.5, 200
03/31/2020,21:57,13,13,13,13, 100
03/31/2020,21:59,13.49,13.49,13.49,13.49, 200
03/31/2020,22:00,13.49,13.49,13.49,13.49, 360

