01/02/2020,04:52,2.36,2.36,2.36,2.36, 5517
01/02/2020,05:30,2.37,2.37,2.37,2.37, 1656
01/02/2020,05:36,2.36,2.36,2.36,2.36, 7195
01/06/2020,00:25,2.37,2.37,2.37,2.37, 844
01/06/2020,00:42,2.37,2.37,2.36,2.36, 15000
01/06/2020,04:23,2.36,2.36,2.36,2.36, 4219
01/06/2020,04:35,2.4,2.4,2.4,2.4, 2000
01/06/2020,04:36,2.36,2.36,2.36,2.36, 15000
01/06/2020,04:42,2.36,2.36,2.36,2.36, 10000
01/07/2020,06:14,2.36,2.36,2.36,2.36, 260
01/07/2020,06:16,2.36,2.36,2.36,2.36, 310
01/08/2020,01:50,2.33,2.33,2.33,2.33, 1980
01/10/2020,01:26,2.33,2.33,2.33,2.33, 1166
01/10/2020,01:52,2.35,2.35,2.35,2.35, 4950
01/10/2020,04:14,2.34,2.34,2.33,2.33, 8930
01/10/2020,05:07,2.33,2.33,2.33,2.33, 5920
01/10/2020,06:31,2.33,2.33,2.33,2.33, 580
01/13/2020,03:25,2.35,2.35,2.35,2.35, 1000
01/14/2020,00:25,2.33,2.33,2.33,2.33, 10000
01/14/2020,00:37,2.33,2.35,2.33,2.35, 10500
01/15/2020,04:31,2.33,2.33,2.33,2.33, 5000
01/15/2020,06:16,2.32,2.32,2.32,2.32, 2206
01/15/2020,06:16,2.33,2.33,2.33,2.33, 94
01/16/2020,05:31,2.33,2.33,2.33,2.33, 3475
01/16/2020,05:52,2.33,2.33,2.33,2.33, 12000
01/17/2020,00:25,2.33,2.33,2.33,2.33, 13501
01/17/2020,00:38,2.33,2.33,2.33,2.33, 20000
01/17/2020,01:06,2.32,2.32,2.31,2.31, 1962
01/17/2020,01:15,2.33,2.33,2.33,2.33, 4578
01/17/2020,01:26,2.35,2.35,2.35,2.35, 16559
01/17/2020,01:28,2.37,2.37,2.37,2.37, 2880
01/17/2020,01:30,2.39,2.4,2.39,2.4, 3728
01/17/2020,01:33,2.4,2.4,2.4,2.4, 3900
01/17/2020,02:28,2.36,2.36,2.36,2.36, 5317
01/17/2020,06:12,2.4,2.4,2.4,2.4, 4680
01/17/2020,06:13,2.4,2.4,2.4,2.4, 742
01/17/2020,06:20,2.4,2.4,2.4,2.4, 300
01/20/2020,00:35,2.4,2.4,2.4,2.4, 2915
01/20/2020,00:42,2.4,2.4,2.4,2.4, 4085
01/20/2020,03:12,2.395,2.4,2.395,2.4, 2000
01/20/2020,03:14,2.4,2.4,2.4,2.4, 1500
01/20/2020,04:11,2.4,2.4,2.4,2.4, 261
01/20/2020,04:49,2.4,2.4,2.4,2.4, 8754
01/20/2020,05:12,2.4,2.4,2.4,2.4, 4000
01/20/2020,05:19,2.4,2.4,2.4,2.4, 4166
01/21/2020,03:11,2.4,2.4,2.4,2.4, 7319
01/21/2020,03:36,2.39,2.39,2.39,2.39, 12000
01/21/2020,03:57,2.4,2.4,2.4,2.4, 510
01/22/2020,01:29,2.38,2.38,2.38,2.38, 10000
01/22/2020,04:28,2.38,2.38,2.38,2.38, 10000
01/22/2020,05:14,2.38,2.4,2.38,2.4, 4000
01/22/2020,06:32,2.37,2.37,2.37,2.37, 4929
01/23/2020,00:29,2.37,2.37,2.36,2.36, 10000
01/23/2020,01:08,2.36,2.36,2.36,2.36, 223
01/23/2020,02:10,2.355,2.355,2.355,2.355, 800
01/23/2020,02:59,2.355,2.36,2.355,2.36, 10000
01/23/2020,03:02,2.36,2.36,2.36,2.36, 9977
01/23/2020,03:03,2.365,2.365,2.365,2.365, 23
01/23/2020,04:38,2.36,2.36,2.36,2.36, 4000
01/23/2020,06:31,2.36,2.36,2.36,2.36, 152
01/24/2020,01:20,2.355,2.355,2.355,2.355, 4300
01/24/2020,03:19,2.36,2.36,2.36,2.36, 2400
01/24/2020,04:03,2.35,2.35,2.35,2.35, 14416
01/24/2020,04:13,2.35,2.35,2.35,2.35, 584
01/24/2020,04:17,2.35,2.35,2.35,2.35, 8000
01/24/2020,05:16,2.35,2.35,2.35,2.35, 2600
01/24/2020,06:16,2.35,2.35,2.34,2.34, 2481
01/24/2020,06:20,2.36,2.36,2.36,2.36, 152
01/24/2020,06:31,2.36,2.36,2.36,2.36, 3
01/29/2020,04:16,2.36,2.36,2.36,2.36, 3270
01/29/2020,04:32,2.38,2.38,2.38,2.38, 8530
01/29/2020,04:37,2.37,2.37,2.37,2.37, 5000
01/29/2020,04:39,2.37,2.37,2.37,2.37, 900
01/29/2020,06:20,2.37,2.37,2.37,2.37, 1000
01/30/2020,00:29,2.36,2.36,2.36,2.36, 11800
01/31/2020,01:08,2.35,2.35,2.35,2.35, 30000
01/31/2020,02:25,2.35,2.35,2.35,2.35, 800

