03/12/2020,09:40,928.8299,928.8299,928.8299,928.8299, 1
03/13/2020,08:46,929.05,929.05,929.05,929.05, 1
03/15/2020,08:46,929.05,929.05,929.05,929.05, 1
03/15/2020,13:09,929.05,929.05,929.05,929.05, 1
03/16/2020,09:13,929.16,929.16,929.16,929.16, 1
03/17/2020,10:13,929.3299,929.3299,929.3299,929.3299, 1
03/18/2020,09:28,929.17,929.17,929.17,929.17, 1
03/19/2020,08:55,929.32,929.32,929.32,929.32, 1
03/20/2020,09:46,929.44,929.44,929.44,929.44, 1
03/23/2020,09:40,929.56,929.56,929.56,929.56, 1
03/24/2020,12:01,929.73,929.73,929.73,929.73, 1
03/25/2020,08:37,929.8,929.8,929.8,929.8, 1
03/26/2020,08:49,929.8,929.8,929.8,929.8, 1
03/27/2020,08:52,929.88,929.88,929.88,929.88, 1
03/30/2020,08:46,929.92,929.92,929.92,929.92, 1
03/31/2020,08:28,929.85,929.85,929.85,929.85, 1

