02/03/2020,15:41,24.3,24.3,24.3,24.3, 100
02/03/2020,15:45,24.4,24.4,24.4,24.4, 200
02/03/2020,15:47,24.943,24.943,24.943,24.943, 600
02/03/2020,15:53,24.536,24.536,24.536,24.536, 107
02/03/2020,16:11,24.51,24.51,24.51,24.51, 100
02/03/2020,17:13,24.108,24.108,24.108,24.108, 300
02/03/2020,17:16,24,24,24,24, 200
02/03/2020,18:56,24.16,24.16,24.16,24.16, 100
02/03/2020,20:09,24.4,24.4,24.4,24.4, 100
02/03/2020,20:15,24.4,24.4,24.4,24.4, 100
02/03/2020,20:19,24.65,24.65,24.65,24.65, 100
02/03/2020,20:21,24.688,24.688,24.688,24.688, 100
02/03/2020,21:03,24.55,24.55,24.55,24.55, 200
02/03/2020,21:13,24.12,24.12,24.12,24.12, 100
02/03/2020,21:16,24.51,24.51,24.5,24.5, 211
02/03/2020,21:31,24.63,24.63,24.63,24.63, 200
02/03/2020,21:35,24.61,24.61,24.61,24.61, 100
02/03/2020,21:54,24.62,24.64,24.62,24.64, 700
02/03/2020,22:01,24.65,24.65,24.65,24.65, 113
02/04/2020,15:48,24.4,24.4,24.4,24.4, 100
02/04/2020,16:10,24.445,24.85,24.445,24.85, 800
02/04/2020,16:18,24.3,24.3,24.28,24.28, 200
02/04/2020,16:23,24.64,24.66,24.61,24.61, 300
02/04/2020,16:34,24.35,24.35,24.32,24.32, 200
02/04/2020,16:45,24.59,24.59,24.59,24.59, 100
02/04/2020,16:58,24.85,24.85,24.85,24.85, 200
02/04/2020,17:06,24.79,24.79,24.79,24.79, 200
02/04/2020,17:06,24.734,24.734,24.734,24.734, 200
02/04/2020,17:26,24.81,24.81,24.81,24.81, 100
02/04/2020,17:34,25.28,25.28,25.28,25.28, 100
02/04/2020,17:43,25.05,25.36,25.05,25.36, 300
02/04/2020,17:44,25.09,25.09,25.09,25.09, 100
02/04/2020,17:50,25,25,24.6,24.99, 1300
02/04/2020,17:51,24.995,24.995,24.995,24.995, 200
02/04/2020,17:52,24.97,25.05,24.97,25, 559
02/04/2020,17:52,25.09,25.09,25.09,25.09, 100
02/04/2020,17:53,25.12,25.13,25.12,25.13, 200
02/04/2020,17:55,25.256,25.256,25.256,25.256, 100
02/04/2020,18:11,25.28,25.28,25.28,25.28, 100
02/04/2020,18:57,25.04,25.04,25.03,25.04, 300
02/04/2020,19:11,24.85,24.85,24.85,24.85, 100
02/04/2020,19:21,24.8,24.8,24.8,24.8, 100
02/04/2020,19:23,25.01,25.01,25.01,25.01, 100
02/04/2020,19:24,25.2,25.2,25.2,25.2, 100
02/04/2020,19:55,25,25,25,25, 100
02/04/2020,19:58,24.875,24.875,24.875,24.875, 100
02/04/2020,19:59,24.82,24.82,24.82,24.82, 100
02/04/2020,19:59,24.97,24.97,24.97,24.97, 100
02/04/2020,20:14,24.77,24.77,24.77,24.77, 100
02/04/2020,20:24,24.8,24.8,24.8,24.8, 100
02/04/2020,20:24,25,25,25,25, 100
02/04/2020,20:27,25.08,25.08,25,25, 206
02/04/2020,20:32,24.76,24.76,24.76,24.76, 100
02/04/2020,20:34,24.8,24.8,24.8,24.8, 108
02/04/2020,20:42,25.07,25.09,25.07,25.09, 200
02/04/2020,20:46,24.8,24.8,24.8,24.8, 100
02/04/2020,20:52,25,25,25,25, 100
02/04/2020,20:53,25,25,25,25, 100
02/04/2020,21:34,24.98,24.98,24.98,24.98, 100
02/04/2020,21:56,24.59,24.59,24.59,24.59, 100
02/05/2020,16:00,24.4,24.4,24.38,24.38, 200
02/05/2020,16:42,24.74,24.74,24.74,24.74, 100
02/05/2020,16:53,24.49,24.49,24.49,24.49, 100
02/05/2020,17:02,25.01,25.01,25.01,25.01, 100
02/05/2020,17:05,24.88,24.88,24.88,24.88, 200
02/05/2020,17:05,24.88,24.88,24.88,24.88, 200
02/05/2020,18:31,24.86,24.9,24.86,24.9, 500
02/05/2020,18:31,24.9,24.9,24.9,24.9, 236
02/05/2020,18:55,24.81,24.81,24.81,24.81, 161
02/05/2020,19:55,24.94,25,24.94,25, 815
02/05/2020,20:08,25.1,25.103,24.91,24.91, 824
02/05/2020,21:46,24.73,24.73,24.73,24.73, 100
02/06/2020,16:14,25.01,25.01,25.01,25.01, 345
02/06/2020,16:32,25.42,25.42,25.42,25.42, 1960
02/06/2020,16:34,26.27,26.27,26.1,26.1, 400
02/06/2020,16:35,26.45,26.45,26.45,26.45, 100
02/06/2020,16:35,27.832,27.832,27.832,27.832, 282
02/06/2020,16:37,26.516,26.57,26.51,26.51, 700
02/06/2020,16:37,26.5,26.5,26.41,26.45, 940
02/06/2020,16:52,25.81,25.81,25.81,25.81, 100
02/06/2020,17:12,26.99,26.99,26.99,26.99, 151
02/06/2020,17:32,25.85,25.85,25.85,25.85, 100
02/06/2020,17:55,25.81,25.81,25.81,25.81, 100
02/06/2020,18:25,25.876,25.876,25.876,25.876, 100
02/06/2020,18:34,25.8,25.8,25.8,25.8, 270
02/06/2020,18:53,25.549,25.549,25.549,25.549, 100
02/06/2020,19:29,25.81,25.81,25.81,25.81, 100
02/06/2020,19:36,25.53,25.53,25.51,25.51, 510
02/06/2020,19:44,25,25,25,25, 100
02/06/2020,20:23,25.58,25.58,25.58,25.58, 100
02/06/2020,21:40,25.72,25.72,25.72,25.72, 100
02/06/2020,21:53,25.79,25.79,25.79,25.79, 100
02/06/2020,22:00,25.52,25.52,25.52,25.52, 528
02/07/2020,16:45,25.39,25.39,25.38,25.38, 200
02/07/2020,16:47,26.1,26.26,26.1,26.26, 200
02/07/2020,16:48,26.28,26.31,26.28,26.31, 200
02/07/2020,16:50,26.21,26.21,26.21,26.21, 103
02/07/2020,16:50,25.64,25.65,25.64,25.65, 200
02/07/2020,16:52,25.7,25.7,25.7,25.7, 100
02/07/2020,17:21,26.1,26.1,26.1,26.1, 200
02/07/2020,18:46,25.71,25.71,25.71,25.71, 200
02/07/2020,19:05,25.66,25.66,24.91,24.91, 300
02/07/2020,20:32,25.23,25.23,25.23,25.23, 100
02/07/2020,20:34,25.21,25.21,25.18,25.18, 300
02/07/2020,20:37,25.105,25.105,24.92,24.96, 400
02/07/2020,20:38,25,25.105,24.96,24.96, 400
02/07/2020,20:39,25,25,24.91,24.91, 500
02/07/2020,20:40,25,25.1,24.96,25.1, 400
02/07/2020,20:42,25,25,24.92,24.96, 500
02/07/2020,20:42,24.91,24.955,24.91,24.955, 900
02/07/2020,20:43,24.98,24.98,24.98,24.98, 2155
02/07/2020,21:03,23.71,23.71,23.71,23.71, 100
02/07/2020,21:05,24.91,24.91,24.91,24.91, 1000
02/07/2020,21:05,24.98,24.98,24.98,24.98, 100
02/07/2020,21:26,24.5,24.5,24.5,24.5, 1000
02/07/2020,21:46,24.61,24.61,24.61,24.61, 100
02/07/2020,21:46,24.01,24.01,24.01,24.01, 100
02/07/2020,21:49,24.5,24.75,24.5,24.75, 2039
02/07/2020,21:49,24.52,24.6,24.5,24.5, 1600
02/07/2020,21:51,24.51,24.55,24.51,24.55, 4500
02/07/2020,21:51,24.5,24.55,24.5,24.5, 1000
02/07/2020,21:54,24.59,24.6,24.59,24.6, 600
02/07/2020,21:54,24.55,24.55,24.55,24.55, 100
02/07/2020,21:57,24.525,24.525,24.525,24.525, 300
02/07/2020,21:57,24.52,24.74,24.5,24.5, 2700
02/07/2020,21:58,24.5,24.5,24.5,24.5, 5307
02/07/2020,22:00,24.35,24.35,24.35,24.35, 100
02/07/2020,22:00,23.85,24.496,23.85,24.49, 400
02/10/2020,15:50,24.33,24.33,24.33,24.33, 200
02/10/2020,15:53,24.392,24.392,24.305,24.305, 200
02/10/2020,16:00,24.02,24.02,24.02,24.02, 100
02/10/2020,16:01,24.03,24.04,24,24.04, 634
02/10/2020,16:01,24.07,24.07,24.06,24.06, 200
02/10/2020,16:04,24.377,24.53,24.303,24.41, 1441
02/10/2020,16:05,24.53,24.55,24.53,24.545, 300
02/10/2020,16:05,24.54,24.54,24.54,24.54, 100
02/10/2020,16:16,24.465,24.465,24.451,24.451, 200
02/10/2020,16:18,24.605,24.605,24.605,24.605, 100
02/10/2020,16:18,24.53,24.53,24.53,24.53, 100
02/10/2020,16:37,24.51,24.51,24.51,24.51, 1000
02/10/2020,16:40,24.5,24.5,24.5,24.5, 198
02/10/2020,16:44,24.45,24.45,24.45,24.45, 100
02/10/2020,19:54,24.3,24.3,24.3,24.3, 200
02/10/2020,21:19,24.58,24.58,24.58,24.58, 162
02/10/2020,22:00,24,24,24,24, 100
02/11/2020,15:31,24.3,24.3,24.3,24.3, 783
02/11/2020,16:01,24.14,24.14,24.14,24.14, 100
02/11/2020,16:02,24.22,24.22,24.22,24.22, 200
02/11/2020,16:07,24.29,24.29,24.29,24.29, 100
02/11/2020,18:14,24,24,24,24, 200
02/11/2020,18:14,23.73,23.73,23.55,23.577, 948
02/11/2020,18:16,23.67,23.67,23.5,23.5, 1190
02/11/2020,18:20,23.51,23.51,23.5,23.5, 2240
02/11/2020,18:24,23.6,23.6,23.5,23.5, 2790
02/11/2020,18:32,23.5,23.5,23.5,23.5, 100
02/11/2020,18:35,23.5,23.5,23.5,23.5, 200
02/11/2020,18:39,23.5,23.5,23.5,23.5, 200
02/11/2020,18:43,23.5,23.5,23.5,23.5, 400
02/11/2020,18:45,23.5,23.5,23.5,23.5, 700
02/11/2020,18:47,23.5,23.5,23.5,23.5, 400
02/11/2020,18:54,23.51,23.51,23.5,23.5, 2400
02/11/2020,19:03,23.5,23.5,23.5,23.5, 100
02/11/2020,19:24,23.5,23.5,23.5,23.5, 1100
02/11/2020,19:55,23.5,23.5,23.5,23.5, 619
02/11/2020,20:15,23.562,23.652,23.5,23.5, 4490
02/11/2020,20:16,23.658,23.658,23.5,23.5, 324
02/11/2020,20:19,23.5,23.5,23.5,23.5, 3244
02/11/2020,20:19,23.49,23.5,23.49,23.5, 200
02/11/2020,20:49,23.51,23.519,23.51,23.519, 200
02/11/2020,20:53,23.45,23.5,23.45,23.5, 200
02/11/2020,21:08,23.34,23.34,23.34,23.34, 100
02/11/2020,21:27,23.36,23.36,23.36,23.36, 100
02/11/2020,21:33,23.381,23.381,23.381,23.381, 750
02/12/2020,15:31,23.49,23.5,23.49,23.5, 800
02/12/2020,16:12,23.5,23.5,23.5,23.5, 200
02/12/2020,16:39,23.48,23.48,23.48,23.48, 100
02/12/2020,16:49,23.365,23.365,23.365,23.365, 182
02/12/2020,17:19,23.45,23.51,23.45,23.51, 1573
02/12/2020,17:22,23.53,23.66,23.5,23.641, 1400
02/12/2020,17:28,23.65,23.65,23.65,23.65, 100
02/12/2020,17:29,23.55,23.78,23.55,23.78, 300
02/12/2020,17:32,23.63,23.63,23.55,23.55, 1169
02/12/2020,17:33,23.53,23.61,23.5,23.61, 2700
02/12/2020,17:33,23.53,23.53,23.5,23.5, 2500
02/12/2020,18:02,23.51,23.51,23.51,23.51, 100
02/12/2020,18:17,23.5,23.5,23.5,23.5, 100
02/12/2020,18:18,23.5,23.5,23.5,23.5, 1196
02/12/2020,18:26,23.5,23.5,23.5,23.5, 2000
02/12/2020,18:33,23.52,23.52,23.52,23.52, 100
02/12/2020,18:34,23.5,23.5,23.5,23.5, 2100
02/12/2020,18:54,23.5,23.5,23.5,23.5, 100
02/12/2020,19:09,23.5,23.5,23.5,23.5, 320
02/12/2020,19:11,23.5,23.5,23.5,23.5, 300
02/12/2020,19:13,23.5,23.5,23.5,23.5, 100
02/12/2020,20:02,23.5,23.5,23.5,23.5, 1315
02/12/2020,20:03,23.5,23.5,23.5,23.5, 100
02/12/2020,20:58,23.5,23.5,23.5,23.5, 500
02/12/2020,21:34,23.26,23.26,23.26,23.26, 100
02/12/2020,21:37,23.25,23.25,23.25,23.25, 100
02/12/2020,22:00,23.25,23.25,23.25,23.25, 616
02/12/2020,22:01,23.31,23.31,23.31,23.31, 203
02/13/2020,15:32,23.27,23.27,23.27,23.27, 100
02/13/2020,17:22,23.39,23.39,23.39,23.39, 100
02/13/2020,17:54,23.25,23.25,23.25,23.25, 148
02/13/2020,18:06,23.25,23.25,23.25,23.25, 100
02/13/2020,18:21,23.25,23.25,23.25,23.25, 300
02/13/2020,18:22,23.25,23.25,23.25,23.25, 100
02/13/2020,18:48,23.34,23.34,23.34,23.34, 100
02/13/2020,19:35,23.49,23.49,23.49,23.49, 200
02/13/2020,19:40,23.49,23.49,23.49,23.49, 100
02/13/2020,21:15,23.469,23.47,23.26,23.26, 600
02/13/2020,21:15,23.411,23.411,23.411,23.411, 200
02/13/2020,21:17,23.395,23.395,23.395,23.395, 300
02/13/2020,21:20,23.35,23.35,23.35,23.35, 180
02/13/2020,21:21,23.3,23.3,23.3,23.3, 100
02/13/2020,21:56,23.3,23.3,23.3,23.3, 100
02/14/2020,16:45,23.25,23.25,23.25,23.25, 100
02/14/2020,17:04,23.35,23.35,23.35,23.35, 100
02/14/2020,17:04,23.3,23.3,23.3,23.3, 100
02/14/2020,17:21,23.32,23.32,23.32,23.32, 100
02/14/2020,19:59,23.25,23.25,23.25,23.25, 500
02/14/2020,20:51,23.25,23.25,23.25,23.25, 100
02/14/2020,21:37,23.25,23.25,23.25,23.25, 100
02/14/2020,21:56,23.35,23.35,23.35,23.35, 102
02/14/2020,21:57,23.386,23.386,23.386,23.386, 198
02/18/2020,15:31,23.6,23.6,23.49,23.5, 1341
02/18/2020,15:36,23.52,23.52,23.52,23.52, 500
02/18/2020,15:39,23.6,23.6,23.6,23.6, 100
02/18/2020,16:42,23.5,23.5,23.5,23.5, 100
02/18/2020,18:28,23.325,23.325,23.325,23.325, 300
02/18/2020,18:30,23.386,23.434,23.386,23.434, 500
02/18/2020,18:31,23.499,23.499,23.499,23.499, 200
02/18/2020,20:51,23.27,23.27,23.27,23.27, 100
02/18/2020,20:52,23.489,23.489,23.489,23.489, 100
02/19/2020,15:44,23.516,23.516,23.5,23.5, 200
02/19/2020,15:50,23.44,23.44,23.44,23.44, 100
02/19/2020,16:06,23.38,23.38,23.38,23.38, 100
02/19/2020,17:03,23.5,23.55,23.5,23.55, 878
02/19/2020,17:04,23.55,23.55,23.55,23.55, 100
02/19/2020,17:12,23.51,23.51,23.51,23.51, 700
02/19/2020,17:14,23.53,23.55,23.475,23.55, 300
02/19/2020,17:17,23.54,23.55,23.505,23.506, 534
02/19/2020,17:36,23.52,23.52,23.52,23.52, 100
02/19/2020,17:59,23.402,23.402,23.402,23.402, 144
02/19/2020,18:39,23.52,23.52,23.52,23.52, 200
02/19/2020,19:22,23.445,23.445,23.445,23.445, 200
02/19/2020,20:02,23.39,23.39,23.39,23.39, 100
02/19/2020,20:04,23.4,23.44,23.4,23.44, 800
02/19/2020,20:26,23.3,23.3,23.3,23.3, 400
02/19/2020,21:50,23.5,23.5,23.5,23.5, 200
02/19/2020,21:55,23.5,23.5,23.5,23.5, 100
02/19/2020,22:00,23.5,23.5,23.5,23.5, 247
02/20/2020,15:31,23.25,23.25,23.25,23.25, 341
02/20/2020,18:34,23.415,23.415,23.415,23.415, 238
02/20/2020,18:59,23.25,23.253,23.25,23.25, 1800
02/20/2020,19:00,23.25,23.25,23.25,23.25, 1805
02/20/2020,19:01,23.25,23.25,23.25,23.25, 1533
02/20/2020,19:01,23.25,23.25,23.25,23.25, 300
02/20/2020,19:19,23.28,23.28,23.28,23.28, 100
02/20/2020,21:41,23.27,23.27,23.27,23.27, 100
02/20/2020,22:00,23.25,23.25,23.25,23.25, 100
02/21/2020,16:47,23.308,23.308,23.308,23.308, 100
02/21/2020,17:41,23.36,23.36,23.36,23.36, 100
02/21/2020,17:45,23.49,23.49,23.49,23.49, 250
02/21/2020,19:11,23.401,23.401,23.401,23.401, 300
02/21/2020,19:13,23.39,23.49,23.39,23.49, 200
02/21/2020,19:14,23.401,23.401,23.401,23.401, 200
02/21/2020,22:01,23.32,23.32,23.32,23.32, 198
02/24/2020,15:35,23.32,23.32,23.32,23.32, 169
02/24/2020,15:54,23.32,23.32,23.32,23.32, 400
02/24/2020,16:45,23.03,23.03,22.79,22.79, 300
02/24/2020,17:08,23,23,23,23, 100
02/24/2020,17:14,23.09,23.09,23.09,23.09, 100
02/24/2020,17:53,23.02,23.02,23.02,23.02, 100
02/24/2020,18:09,23.06,23.085,23.06,23.08, 690
02/24/2020,18:29,23,23,23,23, 273
02/24/2020,19:08,23,23,23,23, 100
02/24/2020,19:25,23,23,23,23, 4950
02/24/2020,19:26,23,23,23,23, 506
02/24/2020,19:30,23.1,23.16,23.1,23.16, 200
02/24/2020,20:46,23.052,23.052,23.052,23.052, 116
02/24/2020,21:43,23.08,23.1,23.08,23.1, 400
02/24/2020,21:57,23.38,23.38,23.38,23.38, 300
02/24/2020,22:01,23.13,23.13,23.13,23.13, 325
02/25/2020,15:33,23.57,23.63,23.53,23.57, 900
02/25/2020,15:34,23.57,23.7,23.5,23.5, 700
02/25/2020,15:34,23.6,23.6,23.6,23.6, 200
02/25/2020,15:38,23.6,23.6,23.6,23.6, 900
02/25/2020,15:38,23.6,23.6,23.6,23.6, 200
02/25/2020,15:49,23.37,23.37,23.37,23.37, 100
02/25/2020,15:57,23.363,23.363,23.363,23.363, 100
02/25/2020,15:58,23.363,23.363,23.363,23.363, 100
02/25/2020,16:01,23.32,23.32,23.32,23.32, 100
02/25/2020,16:17,23.421,23.424,23.421,23.424, 200
02/25/2020,16:36,23.311,23.311,23.311,23.311, 100
02/25/2020,16:49,23.21,23.22,23,23, 3635
02/25/2020,16:57,23,23,23,23, 100
02/25/2020,18:49,23,23,23,23, 100
02/25/2020,19:07,23,23,23,23, 100
02/25/2020,19:16,23.098,23.098,22.765,22.765, 2568
02/25/2020,19:18,23.26,23.26,23.26,23.26, 100
02/25/2020,19:20,22.99,22.99,22.85,22.85, 1542
02/25/2020,19:22,22.75,22.75,22.75,22.75, 200
02/25/2020,19:23,22.84,22.84,22.84,22.84, 100
02/25/2020,19:27,22.75,22.85,22.75,22.85, 1977
02/25/2020,19:28,22.85,22.85,22.85,22.85, 348
02/25/2020,19:47,23.34,23.34,23.34,23.34, 100
02/25/2020,21:03,22.77,22.77,22.77,22.77, 100
02/25/2020,21:10,22.76,22.86,22.75,22.81, 1902
02/25/2020,21:11,22.88,22.88,22.75,22.75, 2100
02/25/2020,21:27,22.923,22.923,22.923,22.923, 106
02/25/2020,21:53,22.92,22.92,22.92,22.92, 100
02/25/2020,22:00,23.22,23.22,23.22,23.22, 100
02/26/2020,17:28,22.908,22.908,22.908,22.908, 100
02/26/2020,18:05,22.78,22.78,22.78,22.78, 100
02/26/2020,18:21,22.76,22.76,22.76,22.76, 100
02/26/2020,18:27,22.75,22.75,22.75,22.75, 100
02/26/2020,18:36,22.75,22.75,22.75,22.75, 200
02/26/2020,18:38,22.75,22.75,22.75,22.75, 100
02/26/2020,18:39,22.75,22.75,22.75,22.75, 100
02/26/2020,18:50,22.76,22.76,22.76,22.76, 100
02/26/2020,19:05,22.75,22.75,22.75,22.75, 701
02/26/2020,19:06,22.75,22.75,22.75,22.75, 500
02/26/2020,19:46,22.75,22.75,22.75,22.75, 100
02/26/2020,19:57,22.55,22.55,22.55,22.55, 100
02/26/2020,20:26,22.5,22.5,22.5,22.5, 200
02/26/2020,20:27,22.5,22.5,22.5,22.5, 700
02/28/2020,16:49,21.05,21.12,21.05,21.12, 502
02/28/2020,17:21,21.075,21.075,21.075,21.075, 100
02/28/2020,17:24,21.08,21.08,21.08,21.08, 200
02/28/2020,17:38,21.045,21.05,21.045,21.05, 200
02/28/2020,17:42,21.08,21.16,21.08,21.16, 800
02/28/2020,17:43,21.168,21.168,21.1,21.1, 1660
02/28/2020,17:43,21.13,21.13,21.13,21.13, 100
02/28/2020,17:52,21.1,21.1,21.1,21.1, 100
02/28/2020,17:58,21.13,21.13,21.13,21.13, 200
02/28/2020,18:13,21.1,21.1,21.1,21.1, 380
02/28/2020,18:23,21.1,21.1,21.1,21.1, 300
02/28/2020,18:25,21.1,21.13,21.1,21.1, 505
02/28/2020,18:29,20.66,20.66,20.66,20.66, 100
02/28/2020,18:32,20.84,20.84,20.84,20.84, 100
02/28/2020,18:35,20.79,20.79,20.79,20.79, 100
02/28/2020,18:59,20.78,20.78,20.74,20.74, 200
02/28/2020,19:01,20.97,20.97,20.97,20.97, 100
02/28/2020,20:40,20.75,20.75,20.75,20.75, 100
02/28/2020,21:38,21.06,21.06,21.06,21.06, 100
02/28/2020,21:59,20.85,20.85,20.85,20.85, 100

