03/02/2020,15:47,23.05,23.05,23.05,23.05, 100
03/02/2020,15:48,23.05,23.05,23.05,23.05, 429
03/02/2020,15:50,23.05,23.05,23.05,23.05, 100
03/02/2020,15:51,23.835,23.835,23.1,23.1, 2100
03/02/2020,15:53,23.84,23.84,23.84,23.84, 100
03/02/2020,15:56,23.505,23.505,23.505,23.505, 100
03/02/2020,16:00,23.15,23.15,23.15,23.15, 100
03/02/2020,16:00,23.135,23.135,23.135,23.135, 100
03/02/2020,16:07,23.15,23.15,23.15,23.15, 100
03/02/2020,16:10,23.175,23.175,23.175,23.175, 100
03/02/2020,16:12,23.2,23.2,23.175,23.2, 700
03/02/2020,16:13,23.586,23.586,23.586,23.586, 200
03/02/2020,16:17,23.525,23.525,23.525,23.525, 100
03/02/2020,16:17,23.32,23.32,23.32,23.32, 100
03/02/2020,16:20,23.45,23.45,23.4,23.4, 825
03/02/2020,16:21,23.36,23.36,23.36,23.36, 200
03/02/2020,16:25,23.4,23.4,23.4,23.4, 100
03/02/2020,16:26,23.497,23.497,23.35,23.466, 500
03/02/2020,16:29,23.3,23.3,23.3,23.3, 200
03/02/2020,16:33,23.55,23.55,23.4,23.4, 200
03/02/2020,16:34,23.41,23.41,23.41,23.41, 100
03/02/2020,16:36,23.565,23.565,23.565,23.565, 100
03/02/2020,16:37,23.5,23.67,23.5,23.67, 400
03/02/2020,16:39,23.49,23.49,23.49,23.49, 100
03/02/2020,16:39,23.525,23.525,23.525,23.525, 2000
03/02/2020,16:40,23.58,23.58,23.58,23.58, 100
03/02/2020,16:41,23.5,23.5,23.5,23.5, 100
03/02/2020,16:44,23.6,23.6,23.54,23.595, 530
03/02/2020,16:44,23.6,23.6,23.6,23.6, 330
03/02/2020,16:45,23.53,23.595,23.53,23.595, 300
03/02/2020,16:48,23.62,23.62,23.62,23.62, 100
03/02/2020,16:50,23.61,23.61,23.61,23.61, 100
03/02/2020,16:51,23.63,23.646,23.61,23.61, 1700
03/02/2020,16:52,23.63,23.63,23.6,23.6, 400
03/02/2020,16:54,23.57,23.57,23.57,23.57, 100
03/02/2020,16:59,23.6,23.6,23.6,23.6, 100
03/02/2020,17:03,23.59,23.659,23.57,23.659, 510
03/02/2020,17:08,23.55,23.55,23.55,23.55, 200
03/02/2020,17:11,23.6,23.6,23.55,23.55, 600
03/02/2020,17:13,23.475,23.541,23.475,23.541, 300
03/02/2020,17:17,23.467,23.467,23.41,23.41, 311
03/02/2020,17:22,23.44,23.44,23.44,23.44, 100
03/02/2020,17:25,23.54,23.55,23.52,23.52, 800
03/02/2020,17:26,23.45,23.46,23.45,23.45, 300
03/02/2020,17:33,23.474,23.474,23.474,23.474, 566
03/02/2020,17:40,23.52,23.52,23.52,23.52, 100
03/02/2020,17:40,23.52,23.52,23.51,23.51, 200
03/02/2020,17:42,23.58,23.61,23.55,23.55, 700
03/02/2020,17:51,23.59,23.59,23.59,23.59, 200
03/02/2020,17:54,23.61,23.61,23.61,23.61, 300
03/02/2020,18:12,23.85,23.85,23.76,23.76, 878
03/02/2020,18:12,23.76,23.76,23.76,23.76, 400
03/02/2020,18:13,23.76,23.76,23.76,23.76, 200
03/02/2020,18:24,23.8,23.8,23.8,23.8, 100
03/02/2020,18:25,23.71,23.71,23.69,23.69, 600
03/02/2020,18:25,23.69,23.69,23.69,23.69, 400
03/02/2020,18:36,23.95,23.95,23.95,23.95, 600
03/02/2020,18:56,23.949,23.95,23.94,23.95, 1500
03/02/2020,19:30,23.88,23.88,23.88,23.88, 100
03/02/2020,19:30,23.85,23.85,23.85,23.85, 200
03/02/2020,19:52,23.95,23.95,23.95,23.95, 300
03/02/2020,20:26,23.859,23.859,23.859,23.859, 100
03/02/2020,20:53,23.85,23.85,23.85,23.85, 129
03/02/2020,21:28,23.754,23.754,23.754,23.754, 105
03/02/2020,21:32,23.658,23.658,23.658,23.658, 100
03/02/2020,21:37,23.731,23.731,23.731,23.731, 1125
03/02/2020,21:49,23.9,23.91,23.85,23.9, 1700
03/02/2020,21:51,23.87,23.91,23.87,23.91, 600
03/02/2020,21:58,23.878,23.883,23.878,23.878, 300
03/02/2020,22:00,23.91,23.91,23.753,23.753, 1136
03/02/2020,22:00,23.753,23.753,23.753,23.753, 100
03/03/2020,15:31,24.66,24.66,24.66,24.66, 1193
03/03/2020,15:41,24.11,24.11,24.11,24.11, 100
03/03/2020,15:44,24.355,24.355,24.355,24.355, 100
03/03/2020,15:48,24.05,24.219,24.05,24.219, 203
03/03/2020,15:51,24.05,24.65,24.05,24.07, 3000
03/03/2020,15:53,24.11,24.13,24.09,24.13, 400
03/03/2020,15:55,24.085,24.085,24.05,24.05, 1800
03/03/2020,16:00,24.075,24.1,24.07,24.1, 400
03/03/2020,16:14,24.06,24.06,24.06,24.06, 100
03/03/2020,16:18,24.08,24.08,24.04,24.04, 2655
03/03/2020,16:23,24.07,24.07,24.07,24.07, 300
03/03/2020,16:25,24.01,24.01,24.01,24.01, 100
03/03/2020,16:31,24.075,24.075,24.075,24.075, 100
03/03/2020,16:33,24.085,24.16,24.085,24.16, 500
03/03/2020,16:37,24.155,24.155,24.155,24.155, 100
03/03/2020,16:42,24.155,24.155,24.155,24.155, 100
03/03/2020,16:50,24.17,24.21,24.17,24.21, 400
03/03/2020,16:55,24.207,24.207,24.136,24.17, 400
03/03/2020,16:56,24.22,24.26,24.21,24.24, 500
03/03/2020,17:02,24.27,24.27,24.241,24.241, 200
03/03/2020,17:05,24.245,24.245,24.2,24.2, 500
03/03/2020,17:09,24.19,24.2,24.17,24.2, 3500
03/03/2020,17:11,24.2,24.2,24.091,24.091, 3300
03/03/2020,17:16,23.977,23.977,23.977,23.977, 3486
03/03/2020,17:46,24.05,24.1,24.05,24.1, 284
03/03/2020,17:52,23.999,23.999,23.999,23.999, 1000
03/03/2020,17:55,24.05,24.05,24.05,24.05, 299
03/03/2020,19:10,24.339,24.339,24.339,24.339, 550
03/03/2020,19:27,24.02,24.02,24.02,24.02, 279
03/03/2020,19:28,24.02,24.02,23.92,23.92, 2545
03/03/2020,19:28,23.92,23.92,23.92,23.92, 600
03/03/2020,19:30,23.927,23.95,23.927,23.95, 1301
03/03/2020,19:31,23.95,23.95,23.95,23.95, 100
03/03/2020,19:31,23.97,23.97,23.97,23.97, 100
03/03/2020,19:32,23.95,23.95,23.95,23.95, 100
03/03/2020,19:35,23.97,23.97,23.97,23.97, 200
03/03/2020,19:35,24.01,24.01,24.01,24.01, 100
03/03/2020,19:38,23.95,23.95,23.95,23.95, 200
03/03/2020,19:41,23.965,23.965,23.965,23.965, 150
03/03/2020,19:45,23.92,23.92,23.92,23.92, 796
03/03/2020,19:45,23.92,23.92,23.92,23.92, 200
03/03/2020,19:47,23.94,23.94,23.94,23.94, 1300
03/03/2020,19:54,23.928,23.942,23.928,23.942, 1325
03/03/2020,19:56,23.92,23.92,23.92,23.92, 401
03/03/2020,19:57,23.92,23.92,23.92,23.92, 401
03/03/2020,20:04,23.92,23.92,23.92,23.92, 901
03/03/2020,20:05,23.92,23.92,23.92,23.92, 1000
03/03/2020,20:12,23.6,23.6,23.6,23.6, 200
03/03/2020,20:12,23.65,23.65,23.65,23.65, 100
03/03/2020,20:14,23.63,23.63,23.63,23.63, 350
03/03/2020,20:15,23.8,23.8,23.8,23.8, 200
03/03/2020,20:16,23.8,23.8,23.8,23.8, 351
03/03/2020,20:21,23.7,23.7,23.7,23.7, 550
03/03/2020,20:27,23.845,23.86,23.845,23.86, 1122
03/03/2020,20:28,23.81,23.81,23.81,23.81, 200
03/03/2020,20:49,23.836,23.836,23.836,23.836, 2000
03/03/2020,21:02,24,24,24,24, 200
03/03/2020,21:26,24.07,24.07,24.05,24.05, 400
03/04/2020,15:31,24.84,24.84,24.84,24.84, 646
03/04/2020,15:38,24.759,24.759,24.33,24.33, 2200
03/04/2020,15:45,24.618,24.88,24.34,24.36, 671
03/04/2020,15:49,24.36,24.36,24.36,24.36, 100
03/04/2020,15:52,24.36,24.36,24.36,24.36, 100
03/04/2020,15:56,24.61,24.61,24.59,24.59, 400
03/04/2020,16:00,24.59,24.59,24.59,24.59, 100
03/04/2020,16:04,24.59,24.59,24.59,24.59, 225
03/04/2020,16:08,24.59,24.59,24.59,24.59, 100
03/04/2020,16:12,24.38,24.59,24.38,24.59, 200
03/04/2020,16:16,24.38,24.58,24.38,24.58, 200
03/04/2020,16:17,24.404,24.404,24.404,24.404, 1600
03/04/2020,16:25,24.38,24.57,24.38,24.57, 200
03/04/2020,16:29,24.62,24.62,24.62,24.62, 100
03/04/2020,16:34,24.38,24.57,24.38,24.57, 200
03/04/2020,16:38,24.69,24.69,24.505,24.505, 500
03/04/2020,16:43,24.5,24.5,24.5,24.5, 100
03/04/2020,16:48,24.485,24.485,24.485,24.485, 100
03/04/2020,16:53,24.485,24.485,24.485,24.485, 100
03/04/2020,16:58,24.485,24.485,24.485,24.485, 100
03/04/2020,17:04,24.55,24.55,24.485,24.485, 200
03/04/2020,17:11,24.485,24.55,24.485,24.55, 200
03/04/2020,17:14,24.39,24.432,24.39,24.432, 225
03/04/2020,17:20,24.36,24.394,24.36,24.38, 2604
03/04/2020,17:23,24.36,24.465,24.36,24.465, 1300
03/04/2020,17:26,24.415,24.415,24.415,24.415, 300
03/04/2020,17:26,24.446,24.446,24.446,24.446, 150
03/04/2020,17:30,24.405,24.405,24.405,24.405, 100
03/04/2020,17:31,24.43,24.43,24.43,24.43, 200
03/04/2020,17:33,24.42,24.46,24.42,24.46, 200
03/04/2020,17:35,24.42,24.43,24.42,24.43, 200
03/04/2020,17:36,24.415,24.46,24.415,24.45, 5014
03/04/2020,17:39,24.62,24.62,24.55,24.55, 400
03/04/2020,17:41,24.52,24.565,24.52,24.565, 280
03/04/2020,17:43,24.5,24.5,24.5,24.5, 100
03/04/2020,18:09,24.47,24.47,24.47,24.47, 300
03/04/2020,18:09,24.47,24.47,24.47,24.47, 100
03/04/2020,18:16,24.48,24.48,24.48,24.48, 616
03/04/2020,18:22,24.519,24.519,24.519,24.519, 101
03/04/2020,18:27,24.52,24.52,24.52,24.52, 100
03/04/2020,18:28,24.583,24.583,24.583,24.583, 245
03/04/2020,18:39,24.587,24.587,24.587,24.587, 380
03/04/2020,18:59,24.61,24.61,24.61,24.61, 100
03/04/2020,19:07,24.658,24.658,24.658,24.658, 100
03/04/2020,19:17,24.693,24.7,24.693,24.7, 300
03/04/2020,19:26,24.688,24.76,24.688,24.76, 2075
03/04/2020,19:26,24.79,24.79,24.79,24.79, 200
03/04/2020,19:29,24.8,24.8,24.8,24.8, 100
03/04/2020,19:32,24.83,24.83,24.825,24.825, 200
03/04/2020,19:39,24.817,24.817,24.817,24.817, 100
03/04/2020,19:51,24.76,24.76,24.76,24.76, 100
03/04/2020,19:53,24.769,24.769,24.769,24.769, 100
03/04/2020,19:57,24.767,24.767,24.767,24.767, 1494
03/04/2020,19:58,24.775,24.775,24.775,24.775, 200
03/04/2020,20:01,24.8,24.8,24.8,24.8, 200
03/04/2020,20:11,24.764,24.764,24.757,24.764, 800
03/04/2020,20:57,24.61,24.61,24.61,24.61, 200
03/04/2020,21:09,24.66,24.66,24.66,24.66, 100
03/04/2020,21:10,24.613,24.613,24.613,24.613, 100
03/04/2020,21:12,24.66,24.66,24.66,24.66, 100
03/04/2020,21:14,24.62,24.62,24.62,24.62, 100
03/04/2020,21:15,24.69,24.69,24.69,24.69, 100
03/04/2020,21:18,24.69,24.69,24.69,24.69, 200
03/04/2020,21:19,24.71,24.71,24.71,24.71, 200
03/04/2020,21:21,24.7,24.7,24.7,24.7, 100
03/04/2020,21:22,24.7,24.7,24.7,24.7, 100
03/04/2020,21:23,24.667,24.667,24.667,24.667, 500
03/04/2020,21:24,24.73,24.73,24.73,24.73, 100
03/04/2020,21:26,24.85,24.88,24.83,24.87, 700
03/04/2020,21:26,24.84,24.86,24.84,24.86, 200
03/04/2020,21:27,24.84,24.84,24.84,24.84, 200
03/04/2020,21:29,24.85,24.85,24.85,24.85, 100
03/04/2020,21:30,24.88,24.91,24.88,24.91, 912
03/04/2020,21:32,24.91,24.91,24.91,24.91, 200
03/04/2020,21:33,24.91,24.91,24.91,24.91, 100
03/04/2020,21:37,24.95,24.95,24.95,24.95, 200
03/04/2020,21:39,24.95,25.04,24.95,25.04, 300
03/04/2020,21:42,25.23,25.23,25.23,25.23, 200
03/04/2020,21:43,25.23,25.23,25.23,25.23, 100
03/04/2020,21:44,25.23,25.23,25.23,25.23, 100
03/04/2020,21:45,25.2,25.2,25.2,25.2, 100
03/04/2020,21:47,25.23,25.23,25.2,25.2, 200
03/04/2020,21:49,25.23,25.23,25.2,25.2, 200
03/04/2020,21:50,25.23,25.23,25.23,25.23, 100
03/04/2020,21:51,25.21,25.21,25.21,25.21, 100
03/04/2020,21:52,25.23,25.23,25.23,25.23, 200
03/04/2020,21:53,25.22,25.23,25.22,25.23, 200
03/04/2020,21:54,25.22,25.22,25.22,25.22, 100
03/04/2020,21:55,25.23,25.23,25.23,25.23, 200
03/04/2020,21:56,25.22,25.23,25.22,25.23, 300
03/04/2020,21:57,25.33,25.41,25.28,25.28, 400
03/04/2020,21:58,25.28,25.41,25.28,25.41, 400
03/04/2020,21:59,25.27,25.41,25.27,25.41, 300
03/04/2020,22:00,25.41,25.41,25.4,25.4, 700
03/04/2020,22:00,25.4,25.4,25.4,25.4, 200
03/05/2020,15:31,24.68,24.68,24.68,24.68, 326
03/05/2020,15:33,25.1,25.1,25.1,25.1, 100
03/05/2020,15:45,24.718,24.718,24.718,24.718, 133
03/05/2020,15:51,24.726,24.726,24.726,24.726, 100
03/05/2020,15:54,24.725,25.01,24.725,25.01, 400
03/05/2020,16:01,24.765,24.765,24.765,24.765, 200
03/05/2020,16:09,24.765,24.765,24.765,24.765, 200
03/05/2020,16:16,24.91,24.91,24.91,24.91, 300
03/05/2020,16:17,24.93,24.97,24.92,24.92, 500
03/05/2020,16:20,24.96,24.96,24.96,24.96, 100
03/05/2020,16:21,24.961,24.993,24.95,24.95, 1200
03/05/2020,16:22,25.025,25.025,24.998,25.025, 500
03/05/2020,16:24,25.01,25.01,25.01,25.01, 100
03/05/2020,16:26,25.03,25.03,25.03,25.03, 100
03/05/2020,16:26,25.03,25.03,24.9,24.9, 1000
03/05/2020,16:28,24.61,24.61,24.5,24.5, 1574
03/05/2020,16:33,24.7,24.7,24.7,24.7, 200
03/05/2020,16:39,24.49,24.49,24.49,24.49, 100
03/05/2020,16:48,24.65,24.65,24.65,24.65, 100
03/05/2020,16:53,24.55,24.55,24.55,24.55, 100
03/05/2020,16:55,24.52,24.52,24.49,24.49, 400
03/05/2020,16:59,24.461,24.461,24.435,24.461, 300
03/05/2020,17:04,24.47,24.47,24.47,24.47, 100
03/05/2020,17:08,24.29,24.401,24.29,24.29, 500
03/05/2020,17:09,24.36,24.36,24.36,24.36, 163
03/05/2020,17:10,24.43,24.43,24.43,24.43, 100
03/05/2020,17:14,24.403,24.43,24.403,24.43, 500
03/05/2020,17:15,24.52,24.52,24.52,24.52, 100
03/05/2020,17:20,24.49,24.49,24.49,24.49, 100
03/05/2020,17:23,24.34,24.34,24.34,24.34, 400
03/05/2020,17:23,24.32,24.32,24.32,24.32, 350
03/05/2020,17:25,24.32,24.34,24.32,24.34, 300
03/05/2020,17:29,24.38,24.38,24.38,24.38, 100
03/05/2020,17:30,24.45,24.45,24.45,24.45, 100
03/05/2020,17:36,24.47,24.5,24.47,24.5, 600
03/05/2020,17:36,24.49,24.49,24.49,24.49, 300
03/05/2020,17:42,24.52,24.52,24.52,24.52, 100
03/05/2020,17:45,24.49,24.49,24.486,24.486, 230
03/05/2020,17:49,24.5,24.5,24.5,24.5, 200
03/05/2020,17:54,24.54,24.54,24.54,24.54, 100
03/05/2020,17:55,24.5,24.545,24.5,24.5, 600
03/05/2020,17:57,24.465,24.465,24.465,24.465, 100
03/05/2020,18:03,24.49,24.5,24.49,24.5, 300
03/05/2020,18:04,24.49,24.49,24.49,24.49, 100
03/05/2020,18:11,24.5,24.5,24.5,24.5, 100
03/05/2020,18:19,24.5,24.5,24.5,24.5, 100
03/05/2020,18:24,24.456,24.465,24.446,24.446, 1098
03/05/2020,18:34,24.49,24.49,24.49,24.49, 100
03/05/2020,18:43,24.5,24.5,24.5,24.5, 100
03/05/2020,18:46,24.465,24.465,24.465,24.465, 200
03/05/2020,18:46,24.42,24.42,24.42,24.42, 600
03/05/2020,19:01,24.5,24.5,24.5,24.5, 100
03/05/2020,19:10,24.35,24.35,24.35,24.35, 198
03/05/2020,19:23,24.355,24.355,24.355,24.355, 150
03/05/2020,19:27,24.41,24.41,24.41,24.41, 100
03/05/2020,19:30,24.355,24.355,24.35,24.35, 3668
03/05/2020,19:39,24.355,24.355,24.355,24.355, 100
03/05/2020,19:50,24.37,24.37,24.37,24.37, 200
03/05/2020,19:57,24.37,24.37,24.37,24.37, 100
03/05/2020,20:00,24.355,24.355,24.355,24.355, 200
03/05/2020,20:04,24.4,24.4,24.4,24.4, 100
03/05/2020,20:11,24.4,24.4,24.4,24.4, 100
03/05/2020,20:18,24.4,24.4,24.4,24.4, 100
03/05/2020,20:25,24.41,24.41,24.41,24.41, 100
03/05/2020,20:30,24.37,24.37,24.37,24.37, 280
03/05/2020,20:32,24.4,24.4,24.4,24.4, 100
03/05/2020,20:39,24.4,24.4,24.4,24.4, 100
03/05/2020,20:45,24.41,24.41,24.41,24.41, 100
03/05/2020,20:52,24.41,24.41,24.41,24.41, 200
03/05/2020,20:58,24.41,24.41,24.41,24.41, 100
03/05/2020,21:02,24.33,24.365,24.32,24.365, 900
03/05/2020,21:07,24.32,24.355,24.3,24.3, 900
03/05/2020,21:09,24.3,24.31,24.3,24.3, 400
03/05/2020,21:21,24.41,24.41,24.41,24.41, 100
03/05/2020,21:26,24.41,24.41,24.41,24.41, 100
03/05/2020,21:28,24.309,24.309,24.309,24.309, 840
03/05/2020,21:31,24.41,24.41,24.41,24.41, 100
03/05/2020,21:34,24.41,24.41,24.41,24.41, 100
03/05/2020,21:38,24.41,24.41,24.41,24.41, 100
03/05/2020,21:42,24.41,24.41,24.41,24.41, 100
03/05/2020,21:45,24.39,24.39,24.39,24.39, 100
03/05/2020,21:48,24.39,24.39,24.39,24.39, 100
03/05/2020,21:50,24.39,24.39,24.39,24.39, 100
03/05/2020,21:53,24.41,24.41,24.319,24.319, 220
03/05/2020,21:53,24.41,24.41,24.41,24.41, 100
03/05/2020,21:55,24.41,24.41,24.41,24.41, 100
03/05/2020,21:56,24.41,24.41,24.41,24.41, 100
03/05/2020,21:59,24.41,24.41,24.405,24.405, 200
03/05/2020,22:00,24.41,24.41,24.41,24.41, 458
03/05/2020,22:01,24.41,24.41,24.41,24.41, 224
03/06/2020,15:31,23.5,23.5,23.5,23.5, 300
03/06/2020,15:33,23.7,23.71,23.66,23.66, 1400
03/06/2020,15:41,23.5,23.58,23.5,23.58, 200
03/06/2020,15:44,23.5,23.58,23.5,23.58, 200
03/06/2020,15:46,23.605,23.605,23.605,23.605, 100
03/06/2020,15:53,23.64,23.64,23.55,23.55, 300
03/06/2020,15:57,23.66,23.66,23.66,23.66, 100
03/06/2020,16:06,23.6,23.63,23.6,23.63, 500
03/06/2020,16:06,23.63,23.66,23.626,23.628, 600
03/06/2020,16:09,23.811,23.811,23.811,23.811, 200
03/06/2020,16:12,23.71,23.71,23.71,23.71, 100
03/06/2020,16:13,23.69,23.69,23.69,23.69, 100
03/06/2020,16:21,23.749,23.749,23.71,23.71, 300
03/06/2020,16:23,23.7,23.7,23.7,23.7, 100
03/06/2020,16:27,23.79,23.79,23.79,23.79, 100
03/06/2020,16:29,23.84,23.84,23.84,23.84, 100
03/06/2020,16:30,23.88,23.88,23.88,23.88, 100
03/06/2020,16:35,23.81,23.81,23.81,23.81, 300
03/06/2020,16:41,24.03,24.03,23.96,23.96, 300
03/06/2020,16:45,23.96,23.96,23.96,23.96, 533
03/06/2020,16:46,23.94,23.94,23.94,23.94, 100
03/06/2020,16:48,23.88,23.88,23.88,23.88, 100
03/06/2020,16:51,23.92,23.92,23.92,23.92, 100
03/06/2020,16:52,23.93,23.93,23.93,23.93, 100
03/06/2020,16:55,23.94,23.94,23.94,23.94, 200
03/06/2020,16:59,23.94,23.94,23.94,23.94, 200
03/06/2020,17:00,23.91,23.91,23.91,23.91, 300
03/06/2020,17:00,23.905,23.905,23.905,23.905, 100
03/06/2020,17:06,23.91,23.91,23.82,23.82, 300
03/06/2020,17:48,23.9,23.91,23.9,23.91, 200
03/06/2020,17:49,23.857,23.857,23.857,23.857, 257
03/06/2020,17:53,23.91,23.91,23.87,23.87, 300
03/06/2020,18:13,23.868,23.869,23.868,23.868, 500
03/06/2020,19:15,23.898,23.898,23.898,23.898, 352
03/06/2020,19:42,23.91,23.91,23.91,23.91, 100
03/06/2020,19:45,23.965,23.965,23.965,23.965, 200
03/06/2020,19:47,23.85,23.85,23.85,23.85, 114
03/06/2020,20:13,23.936,23.936,23.936,23.936, 1000
03/06/2020,20:26,23.889,23.889,23.889,23.889, 130
03/06/2020,20:38,23.863,23.908,23.84,23.856, 600
03/06/2020,20:40,24.03,24.03,23.98,23.98, 200
03/06/2020,20:51,23.85,23.85,23.85,23.85, 200
03/06/2020,20:55,23.833,23.87,23.832,23.832, 900
03/06/2020,21:31,23.83,23.83,23.83,23.83, 200
03/06/2020,21:32,23.85,23.87,23.85,23.87, 900
03/06/2020,21:34,23.83,23.84,23.83,23.84, 300
03/06/2020,21:35,23.83,23.83,23.83,23.83, 100
03/06/2020,21:37,23.72,23.72,23.72,23.72, 200
03/06/2020,21:41,23.64,23.64,23.635,23.635, 600
03/06/2020,21:42,23.64,23.64,23.63,23.63, 400
03/06/2020,21:43,23.7,23.7,23.7,23.7, 2000
03/06/2020,21:46,23.635,23.635,23.63,23.63, 400
03/06/2020,21:47,23.63,23.63,23.62,23.62, 4818
03/06/2020,21:49,23.67,23.68,23.67,23.68, 500
03/06/2020,22:01,23.75,23.92,23.75,23.92, 260
03/09/2020,14:50,23.9,23.9,23.9,23.9, 145
03/09/2020,15:15,23.447,23.447,23.447,23.447, 250
03/09/2020,15:28,22.556,22.556,22.556,22.556, 100
03/09/2020,15:46,22.2,22.313,22.2,22.313, 2976
03/09/2020,16:03,22.29,22.29,22.29,22.29, 200
03/09/2020,16:16,22.671,22.671,22.671,22.671, 482
03/09/2020,16:21,22.41,22.41,22.41,22.41, 200
03/09/2020,16:44,22.41,22.41,22.41,22.41, 200
03/09/2020,16:59,22.48,22.5,22.45,22.45, 300
03/09/2020,17:06,22.41,22.41,22.41,22.41, 1100
03/09/2020,17:14,22.491,22.491,22.491,22.491, 500
03/09/2020,17:34,22.58,22.58,22.58,22.58, 1000
03/09/2020,17:35,22.434,22.48,22.35,22.36, 1300
03/09/2020,17:46,22.39,22.39,22.39,22.39, 430
03/09/2020,18:13,22.66,22.66,22.66,22.66, 100
03/09/2020,18:15,22.662,22.662,22.494,22.494, 350
03/09/2020,18:20,22.49,22.49,22.49,22.49, 400
03/09/2020,18:23,22.4,22.4,22.4,22.4, 100
03/09/2020,18:30,22.401,22.401,22.4,22.4, 1500
03/09/2020,18:35,22.4,22.4,22.4,22.4, 590
03/09/2020,18:51,22.4,22.4,22.4,22.4, 200
03/09/2020,18:52,22.4,22.4,22.4,22.4, 200
03/09/2020,19:04,22.4,22.4,22.4,22.4, 100
03/09/2020,19:16,22.4,22.4,22.4,22.4, 200
03/09/2020,19:24,22.41,22.42,22.41,22.42, 350
03/09/2020,19:38,22.4,22.4,22.4,22.4, 200
03/09/2020,19:39,22.43,22.43,22.43,22.43, 300
03/09/2020,19:59,22.46,22.46,22.45,22.45, 505
03/09/2020,20:13,22.556,22.556,22.4,22.4, 256
03/09/2020,20:29,22.5,22.5,22.5,22.5, 100
03/09/2020,21:00,22.595,22.595,22.595,22.595, 100
03/10/2020,14:31,24.42,24.42,23.71,23.74, 4651
03/10/2020,14:38,24.31,24.31,24.31,24.31, 100
03/10/2020,14:48,24.26,24.26,24.26,24.26, 100
03/10/2020,14:53,24.42,24.42,24.23,24.23, 200
03/10/2020,14:57,24.24,24.24,24.24,24.24, 100
03/10/2020,15:02,24.26,24.26,24.26,24.26, 100
03/10/2020,15:08,24.26,24.26,24.26,24.26, 100
03/10/2020,15:17,24.26,24.26,24.26,24.26, 100
03/10/2020,15:22,23.96,23.96,23.96,23.96, 100
03/10/2020,15:23,23.76,23.96,23.51,23.76, 2700
03/10/2020,15:23,24.08,24.08,24.08,24.08, 100
03/10/2020,15:25,24,24,24,24, 100
03/10/2020,15:29,24,24,24,24, 100
03/10/2020,15:33,23.862,23.98,23.862,23.98, 300
03/10/2020,15:36,24,24,24,24, 100
03/10/2020,15:39,24,24,24,24, 100
03/10/2020,15:42,24,24,24,24, 100
03/10/2020,15:52,23.951,23.951,23.951,23.951, 100
03/10/2020,15:54,24,24,24,24, 100
03/10/2020,15:58,24,24,24,24, 100
03/10/2020,16:14,23.98,23.98,23.98,23.98, 100
03/10/2020,16:18,24,24,24,24, 100
03/10/2020,16:22,23.59,24,23.59,23.7, 300
03/10/2020,16:27,24,24,24,24, 100
03/10/2020,16:31,23.442,23.442,23.442,23.442, 100
03/10/2020,16:37,23.91,23.91,23.91,23.91, 100
03/10/2020,16:51,23.91,23.91,23.91,23.91, 100
03/10/2020,16:55,24,24,24,24, 100
03/10/2020,17:00,23.43,23.43,23.43,23.43, 100
03/10/2020,17:15,23.4,23.4,23.4,23.4, 100
03/10/2020,17:23,23.371,23.371,23.371,23.371, 154
03/10/2020,17:35,23.35,23.43,23.35,23.43, 500
03/10/2020,17:45,23.38,23.38,23.38,23.38, 400
03/10/2020,17:53,23.38,23.38,23.32,23.32, 700
03/10/2020,18:01,23,23.24,23,23.24, 500
03/10/2020,18:15,23.07,23.07,23,23, 1604
03/10/2020,18:19,22.72,22.72,22.72,22.72, 400
03/10/2020,18:27,22.65,22.65,22.65,22.65, 120
03/10/2020,18:36,22.632,22.632,22.632,22.632, 100
03/10/2020,19:56,22.63,22.63,22.63,22.63, 100
03/10/2020,20:02,22.67,22.67,22.67,22.67, 200
03/10/2020,20:02,22.69,22.69,22.67,22.67, 300
03/10/2020,20:06,22.7,22.7,22.7,22.7, 100
03/10/2020,20:07,22.7,22.7,22.7,22.7, 100
03/10/2020,20:09,22.829,22.829,22.829,22.829, 1168
03/10/2020,20:10,22.863,22.879,22.7,22.811, 6100
03/10/2020,20:13,22.72,22.73,22.72,22.73, 200
03/10/2020,20:17,22.72,22.74,22.72,22.74, 200
03/10/2020,20:17,22.7,22.7,22.7,22.7, 200
03/10/2020,20:20,22.72,22.72,22.71,22.71, 200
03/10/2020,20:20,22.72,22.72,22.71,22.71, 200
03/10/2020,20:23,22.879,22.879,22.879,22.879, 101
03/10/2020,20:26,22.879,22.879,22.879,22.879, 100
03/10/2020,20:29,22.809,22.9,22.78,22.9, 2064
03/10/2020,20:31,22.88,22.88,22.87,22.87, 600
03/10/2020,20:31,22.87,23.4,22.86,23.4, 900
03/10/2020,20:40,23.241,23.241,23.241,23.241, 133
03/10/2020,20:49,23.384,23.384,23.384,23.384, 100
03/10/2020,20:58,23.29,23.29,23.29,23.29, 360
03/11/2020,14:31,23.48,23.48,23.48,23.48, 987
03/11/2020,14:36,23.45,23.45,23.45,23.45, 100
03/11/2020,14:37,23.48,23.48,23.48,23.48, 100
03/11/2020,14:39,23.341,23.341,23.341,23.341, 415
03/11/2020,14:40,23.43,23.43,23.43,23.43, 100
03/11/2020,14:42,23.44,23.44,23.44,23.44, 100
03/11/2020,14:43,23.42,23.42,23.42,23.42, 100
03/11/2020,14:45,23.45,23.45,23.45,23.45, 100
03/11/2020,14:48,23.46,23.46,23.46,23.46, 100
03/11/2020,14:50,23.45,23.45,23.45,23.45, 100
03/11/2020,14:51,23.36,23.36,23.36,23.36, 100
03/11/2020,14:53,23.43,23.43,23.43,23.43, 100
03/11/2020,14:54,23.48,23.48,23.48,23.48, 100
03/11/2020,14:57,23.48,23.48,23.48,23.48, 100
03/11/2020,14:59,23.48,23.48,23.48,23.48, 100
03/11/2020,15:02,23.48,23.48,23.48,23.48, 100
03/11/2020,15:03,23.48,23.48,23.29,23.29, 526
03/11/2020,15:04,23.92,23.92,23.4,23.4, 300
03/11/2020,15:06,23.88,23.88,23.36,23.36, 200
03/11/2020,15:07,23.86,23.86,23.48,23.48, 300
03/11/2020,15:09,23.88,23.88,23.39,23.39, 500
03/11/2020,15:10,23.45,23.49,23.36,23.37, 1200
03/11/2020,15:11,23.36,23.37,23.36,23.37, 600
03/11/2020,15:12,23.36,23.4,23.36,23.36, 3200
03/11/2020,15:15,23.92,23.92,23.92,23.92, 100
03/11/2020,15:16,23.68,23.68,23.68,23.68, 100
03/11/2020,15:18,23.89,23.89,23.89,23.89, 100
03/11/2020,15:19,23.89,23.89,23.89,23.89, 100
03/11/2020,15:20,23.89,23.89,23.89,23.89, 100
03/11/2020,15:22,23.89,23.89,23.44,23.44, 200
03/11/2020,15:25,23.46,23.46,23.46,23.46, 100
03/11/2020,15:26,23.45,23.45,23.45,23.45, 100
03/11/2020,15:27,23.45,23.45,23.45,23.45, 100
03/11/2020,15:29,23.47,23.47,23.47,23.47, 100
03/11/2020,15:30,23.89,23.89,23.89,23.89, 100
03/11/2020,15:32,23.89,23.89,23.89,23.89, 100
03/11/2020,15:33,23.76,23.76,23.76,23.76, 100
03/11/2020,15:34,23.76,23.76,23.76,23.76, 100
03/11/2020,15:36,23.78,23.78,23.78,23.78, 100
03/11/2020,15:37,23.78,23.78,23.78,23.78, 100
03/11/2020,15:38,23.78,23.78,23.78,23.78, 100
03/11/2020,15:41,23.78,23.78,23.78,23.78, 100
03/11/2020,15:43,23.78,23.78,23.45,23.45, 200
03/11/2020,15:44,23.78,23.78,23.78,23.78, 100
03/11/2020,15:45,23.69,23.69,23.69,23.69, 100
03/11/2020,15:46,23.71,23.71,23.71,23.71, 100
03/11/2020,15:48,23.77,23.77,23.77,23.77, 100
03/11/2020,15:49,23.72,23.72,23.72,23.72, 100
03/11/2020,15:50,23.72,23.72,23.72,23.72, 100
03/11/2020,15:52,23.71,23.71,23.71,23.71, 100
03/11/2020,15:54,23.71,23.71,23.71,23.71, 100
03/11/2020,15:54,23.71,23.74,23.7,23.7, 400
03/11/2020,15:55,23.75,23.75,23.75,23.75, 100
03/11/2020,15:57,23.75,23.75,23.75,23.75, 100
03/11/2020,15:58,23.75,23.75,23.75,23.75, 100
03/11/2020,16:01,23.75,23.75,23.75,23.75, 100
03/11/2020,16:02,23.75,23.75,23.75,23.75, 100
03/11/2020,16:04,23.75,23.75,23.75,23.75, 100
03/11/2020,16:05,23.75,23.75,23.75,23.75, 100
03/11/2020,16:07,23.75,23.75,23.75,23.75, 100
03/11/2020,16:09,23.75,23.75,23.75,23.75, 100
03/11/2020,16:10,23.75,23.75,23.75,23.75, 100
03/11/2020,16:12,23.75,23.75,23.75,23.75, 100
03/11/2020,16:13,23.75,23.75,23.75,23.75, 100
03/11/2020,16:15,23.75,23.75,23.75,23.75, 100
03/11/2020,16:17,23.75,23.75,23.75,23.75, 100
03/11/2020,16:18,23.74,23.74,23.74,23.74, 100
03/11/2020,16:20,23.74,23.74,23.74,23.74, 100
03/11/2020,16:22,23.75,23.89,23.75,23.797, 3500
03/11/2020,16:22,23.82,23.844,23.61,23.61, 7012
03/11/2020,16:26,23.52,23.521,23.5,23.5, 400
03/11/2020,16:29,23.5,23.5,23.5,23.5, 100
03/11/2020,16:30,23.5,23.53,23.5,23.53, 500
03/11/2020,16:36,23.85,23.85,23.85,23.85, 2400
03/11/2020,16:43,23.78,23.78,23.78,23.78, 300
03/11/2020,16:45,23.78,23.78,23.78,23.78, 2486
03/11/2020,16:47,23.73,23.73,23.73,23.73, 200
03/11/2020,16:53,23.74,23.74,23.74,23.74, 200
03/11/2020,17:02,23.74,23.74,23.74,23.74, 100
03/11/2020,17:04,23.701,23.701,23.701,23.701, 100
03/11/2020,17:17,23.72,23.72,23.72,23.72, 200
03/11/2020,17:23,23.701,23.73,23.7,23.73, 2813
03/11/2020,17:27,23.7,23.7,23.61,23.61, 1200
03/11/2020,17:28,23.49,23.49,23.49,23.49, 100
03/11/2020,17:38,23.48,23.48,23.48,23.48, 100
03/11/2020,17:41,23.3,23.3,23.3,23.3, 1000
03/11/2020,17:42,23.22,23.22,23.22,23.22, 200
03/11/2020,18:03,23.221,23.221,23.221,23.221, 380
03/11/2020,19:13,23.2,23.2,23.2,23.2, 200
03/11/2020,19:17,23.15,23.15,23.15,23.15, 620
03/11/2020,19:25,23.04,23.1,23.04,23.1, 400
03/11/2020,19:26,22.97,22.97,22.97,22.97, 100
03/11/2020,19:28,22.91,22.91,22.85,22.85, 400
03/11/2020,19:30,22.87,22.87,22.87,22.87, 300
03/11/2020,19:31,22.89,22.89,22.89,22.89, 100
03/11/2020,19:32,22.89,22.94,22.89,22.94, 1105
03/11/2020,19:34,22.895,22.94,22.895,22.94, 200
03/11/2020,19:36,23,23,23,23, 100
03/11/2020,19:38,23,23,22.85,22.85, 400
03/11/2020,19:40,23,23,23,23, 100
03/11/2020,19:43,23,23,23,23, 200
03/11/2020,19:45,22.85,22.85,22.85,22.85, 100
03/11/2020,19:45,23,23,23,23, 100
03/11/2020,19:47,22.85,23,22.85,23, 300
03/11/2020,19:49,22.88,22.88,22.87,22.87, 200
03/11/2020,19:50,23,23,22.85,22.85, 300
03/11/2020,19:52,22.87,23,22.87,22.88, 300
03/11/2020,19:52,22.89,22.909,22.33,22.34, 5425
03/11/2020,19:54,22.85,22.85,22.85,22.85, 100
03/11/2020,19:56,22.85,22.85,22.85,22.85, 100
03/11/2020,19:57,22.84,22.84,22.84,22.84, 100
03/11/2020,19:58,22.84,22.84,22.84,22.84, 100
03/11/2020,20:10,22.665,22.665,22.33,22.33, 350
03/11/2020,20:18,22.36,22.36,22.36,22.36, 536
03/11/2020,20:29,22.696,22.696,22.696,22.696, 100
03/11/2020,20:32,22.01,22.03,22,22.003, 1447
03/11/2020,20:36,21.81,21.81,21.81,21.81, 194
03/11/2020,20:49,22.115,22.115,22.115,22.115, 495
03/11/2020,21:00,22.05,22.28,22.05,22.28, 211
03/11/2020,21:01,22.19,22.27,22.19,22.27, 264
03/12/2020,14:31,21.045,21.07,21.045,21.07, 600
03/12/2020,14:56,22.59,22.59,22.59,22.59, 220
03/12/2020,15:00,22.3,22.3,22.28,22.28, 200
03/12/2020,15:01,21.892,21.892,21.892,21.892, 450
03/12/2020,15:04,21.76,21.76,21.76,21.76, 200
03/12/2020,15:12,21.76,21.76,21.76,21.76, 500
03/12/2020,15:25,21.76,21.76,21.24,21.24, 703
03/12/2020,15:31,21.928,21.928,21.928,21.928, 162
03/12/2020,15:33,21.86,21.86,21.86,21.86, 200
03/12/2020,15:34,21.6,21.6,21.6,21.6, 353
03/12/2020,15:36,21.27,21.27,21.24,21.24, 2100
03/12/2020,15:36,21.24,21.24,21.24,21.24, 800
03/12/2020,15:37,21.24,21.24,21.24,21.24, 200
03/12/2020,15:38,20.81,20.81,20.72,20.72, 500
03/12/2020,15:51,21.24,21.24,21.24,21.24, 200
03/12/2020,15:51,21.061,21.061,21.061,21.061, 1000
03/12/2020,15:53,20.824,20.824,20.824,20.824, 1500
03/12/2020,15:54,20.72,20.78,20.5,20.5, 1575
03/12/2020,15:55,20.22,20.22,20.1,20.1, 1195
03/12/2020,16:03,20.66,20.66,20.66,20.66, 200
03/12/2020,16:18,20.63,20.63,20.63,20.63, 200
03/12/2020,16:34,20.193,20.193,20.193,20.193, 754
03/12/2020,16:47,20.44,20.67,20.44,20.44, 400
03/12/2020,17:00,20.37,20.63,20.37,20.63, 400
03/12/2020,17:23,19.48,19.48,19.37,19.37, 3730
03/12/2020,17:27,19.57,19.609,19.57,19.609, 500
03/12/2020,17:30,19.56,19.56,19.55,19.55, 1200
03/12/2020,17:46,19.82,19.82,19.82,19.82, 461
03/12/2020,17:54,19.415,19.48,19.01,19.48, 300
03/12/2020,18:16,19.415,19.415,19.415,19.415, 100
03/12/2020,18:22,19.195,19.195,19.195,19.195, 138
03/12/2020,18:37,19.504,19.504,19.504,19.504, 5500
03/12/2020,19:19,19.55,19.55,19.55,19.55, 200
03/12/2020,20:17,19.22,19.22,19.22,19.22, 110
03/12/2020,20:21,19.228,19.228,19.228,19.228, 500
03/12/2020,20:34,19.225,19.225,19.225,19.225, 100
03/12/2020,20:41,19.225,19.225,19.225,19.225, 300
03/12/2020,20:43,19.222,19.222,19.222,19.222, 100
03/12/2020,20:48,19.22,19.22,19.2,19.209, 927
03/12/2020,20:53,19.21,19.21,19.21,19.21, 610
03/12/2020,20:54,19.208,19.208,19.2,19.2, 500
03/12/2020,20:55,19.203,19.203,19.203,19.203, 100
03/12/2020,20:56,19.205,19.205,19.205,19.205, 100
03/12/2020,20:56,19.205,19.21,19.202,19.205, 2050
03/12/2020,20:59,19.2,19.203,19.2,19.203, 500
03/13/2020,14:31,20.95,20.95,20.95,20.95, 1594
03/13/2020,14:32,20.129,20.129,20.129,20.129, 207
03/13/2020,14:37,21.08,21.08,21.08,21.08, 100
03/13/2020,14:51,20.16,20.16,20.08,20.08, 500
03/13/2020,14:52,20.08,20.18,20.08,20.18, 200
03/13/2020,14:54,20,20,20,20, 900
03/13/2020,14:55,19.977,19.977,19.977,19.977, 302
03/13/2020,15:04,20,20,20,20, 200
03/13/2020,15:05,19.964,19.964,19.91,19.91, 500
03/13/2020,15:10,19.93,19.94,19.93,19.94, 300
03/13/2020,15:14,20.058,20.058,19.93,19.93, 600
03/13/2020,15:20,20.085,20.085,20.085,20.085, 100
03/13/2020,15:21,20.085,20.085,20.085,20.085, 100
03/13/2020,15:43,20.167,20.167,20.167,20.167, 275
03/13/2020,15:43,20,20,20,20, 100
03/13/2020,16:13,20,20,20,20, 100
03/13/2020,16:30,19.98,19.98,19.92,19.92, 200
03/13/2020,16:34,19.93,19.93,19.93,19.93, 100
03/13/2020,16:38,19.86,19.86,19.86,19.86, 200
03/13/2020,16:42,19.85,19.85,19.85,19.85, 200
03/13/2020,16:45,19.85,19.85,19.85,19.85, 500
03/13/2020,16:47,19.85,19.85,19.85,19.85, 200
03/13/2020,16:51,19.85,19.85,19.85,19.85, 200
03/13/2020,16:56,19.86,19.86,19.85,19.85, 200
03/13/2020,17:05,19.85,19.85,19.85,19.85, 200
03/13/2020,17:08,19.85,19.949,19.85,19.949, 598
03/13/2020,17:09,19.85,19.85,19.85,19.85, 200
03/13/2020,17:14,19.9,19.9,19.85,19.85, 200
03/13/2020,17:19,19.86,19.86,19.85,19.85, 200
03/13/2020,17:24,19.85,19.85,19.85,19.85, 200
03/13/2020,17:29,19.85,19.85,19.85,19.85, 200
03/13/2020,17:32,19.85,19.878,19.85,19.878, 988
03/13/2020,17:49,19.86,19.86,19.85,19.85, 1635
03/13/2020,17:54,19.619,19.619,19.5,19.5, 4054
03/13/2020,17:55,19.5,19.5,19.5,19.5, 100
03/13/2020,17:58,19.47,19.68,19.47,19.51, 300
03/13/2020,17:59,19.47,19.47,19.47,19.47, 100
03/13/2020,18:03,19.32,19.32,19.18,19.18, 300
03/13/2020,18:04,19.19,19.19,19.19,19.19, 100
03/13/2020,18:05,19.19,19.19,19.19,19.19, 100
03/13/2020,18:07,19.82,19.82,19.19,19.5, 300
03/13/2020,18:10,19.5,19.5,19.49,19.49, 562
03/13/2020,18:12,19.46,19.46,19.46,19.46, 100
03/13/2020,18:12,19.46,19.46,19.46,19.46, 100
03/13/2020,18:15,19.42,19.42,19.37,19.37, 200
03/13/2020,18:17,19.37,19.37,19.37,19.37, 100
03/13/2020,18:19,19.22,19.527,19.18,19.18, 1238
03/13/2020,18:20,19.18,19.18,19.18,19.18, 100
03/13/2020,18:23,19.18,19.29,19.18,19.18, 382
03/13/2020,18:26,19.21,19.21,19.18,19.2, 400
03/13/2020,18:27,19.18,19.18,19.18,19.18, 100
03/13/2020,18:30,19.19,19.24,19.18,19.2, 500
03/13/2020,18:31,19.2,19.24,19.2,19.21, 1500
03/13/2020,18:32,19.225,19.24,19.225,19.24, 1600
03/13/2020,18:34,19.25,19.25,19.25,19.25, 100
03/13/2020,18:35,19.3,19.3,19.3,19.3, 100
03/13/2020,18:37,19.3,19.3,19.3,19.3, 200
03/13/2020,18:40,19.35,19.35,19.3,19.3, 200
03/13/2020,18:41,19.26,19.26,19.26,19.26, 100
03/13/2020,18:43,19.26,19.385,19.25,19.372, 644
03/13/2020,18:44,19.26,19.26,19.26,19.26, 200
03/13/2020,18:47,19.25,19.25,19.25,19.25, 200
03/13/2020,18:49,19.25,19.26,19.25,19.25, 510
03/13/2020,18:51,19.41,19.41,19.3,19.3, 800
03/13/2020,18:52,19.3,19.3,19.3,19.3, 100
03/13/2020,18:54,19.3,19.3,19.26,19.26, 200
03/13/2020,18:56,19.24,19.26,19.184,19.23, 590
03/13/2020,18:57,19.384,19.384,19.22,19.22, 424
03/13/2020,18:59,19.2,19.2,18.84,18.84, 2190
03/13/2020,19:01,18.95,18.95,18.95,18.95, 100
03/13/2020,19:03,18.99,18.99,18.72,18.72, 400
03/13/2020,19:04,18.95,18.95,18.72,18.72, 200
03/13/2020,19:05,18.5,18.52,17.9,17.9, 1586
03/13/2020,19:08,18.02,18.313,18.02,18.309, 2600
03/13/2020,19:09,18.33,18.33,18.21,18.285, 1200
03/13/2020,19:11,18.15,18.15,18.15,18.15, 100
03/13/2020,19:12,18.26,18.26,18.26,18.26, 200
03/13/2020,19:14,18.36,18.36,18.36,18.36, 200
03/13/2020,19:14,18.36,18.54,18.36,18.54, 1300
03/13/2020,19:16,18.435,18.435,18.435,18.435, 100
03/13/2020,19:18,18.485,18.485,18.485,18.485, 200
03/13/2020,19:19,18.495,18.495,18.495,18.495, 100
03/13/2020,19:20,18.495,18.495,18.495,18.495, 100
03/13/2020,19:21,18.495,18.495,18.495,18.495, 100
03/13/2020,19:22,18.495,18.495,18.495,18.495, 100
03/13/2020,19:22,18.495,18.735,18.495,18.53, 2324
03/13/2020,19:27,18.735,18.735,18.735,18.735, 200
03/13/2020,19:28,18.735,18.735,18.735,18.735, 200
03/13/2020,19:29,18.735,18.735,18.735,18.735, 100
03/13/2020,19:30,18.775,18.775,18.775,18.775, 100
03/13/2020,19:33,18.57,18.57,18.57,18.57, 100
03/13/2020,19:34,18.42,18.42,18.42,18.42, 100
03/13/2020,19:36,18.25,18.25,18.25,18.25, 100
03/13/2020,19:38,18.25,18.25,18.25,18.25, 100
03/13/2020,19:39,18.25,18.25,18.25,18.25, 100
03/13/2020,19:41,18.21,18.21,18.21,18.21, 100
03/13/2020,19:43,18.21,18.21,18.21,18.21, 100
03/13/2020,19:44,18.21,18.21,18.21,18.21, 100
03/13/2020,19:46,18.22,18.22,18.22,18.22, 100
03/13/2020,19:47,18.24,18.24,18.24,18.24, 100
03/13/2020,19:50,18.3,18.65,18.3,18.65, 200
03/13/2020,19:51,18.5,18.5,18.5,18.5, 400
03/13/2020,19:51,18.83,18.83,18.83,18.83, 100
03/13/2020,19:52,18.52,18.52,18.52,18.52, 100
03/13/2020,19:54,18.55,18.55,18.55,18.55, 100
03/13/2020,19:55,18.5,18.5,18.5,18.5, 100
03/13/2020,19:56,18.5,18.5,18.5,18.5, 100
03/13/2020,19:58,18.6,18.6,18.6,18.6, 100
03/13/2020,19:59,18.6,18.6,18.6,18.6, 100
03/13/2020,20:09,18.9,18.9,18.9,18.9, 300
03/13/2020,20:10,18.88,18.88,18.88,18.88, 200
03/13/2020,20:11,18.88,18.88,18.88,18.88, 100
03/13/2020,20:12,18.85,18.85,18.85,18.85, 100
03/13/2020,20:14,18.97,18.98,18.97,18.98, 200
03/13/2020,20:21,18.98,18.98,18.98,18.98, 100
03/13/2020,20:22,18.67,18.67,18.65,18.65, 700
03/13/2020,20:23,18.96,18.98,18.815,18.98, 6625
03/13/2020,20:33,19.02,19.02,19.02,19.02, 254
03/13/2020,20:33,18.96,18.975,18.85,18.975, 1362
03/13/2020,20:38,19,19,19,19, 100
03/13/2020,20:42,19.08,19.08,19.08,19.08, 100
03/13/2020,20:46,19.1,19.19,19.1,19.19, 435
03/13/2020,20:54,19.295,19.42,19.295,19.42, 600
03/13/2020,20:56,19.315,19.4,19.2,19.315, 4800
03/13/2020,20:56,19.4,19.4,19.4,19.4, 100
03/13/2020,20:58,19.272,19.272,19.272,19.272, 118
03/13/2020,20:59,19.4,19.4,19.4,19.4, 317
03/13/2020,21:01,19.427,19.43,19.406,19.406, 2165
03/13/2020,21:01,19.52,19.52,19.52,19.52, 100
03/16/2020,14:53,17.92,18.01,17.5,17.5, 4060
03/16/2020,15:03,17.594,17.594,17.594,17.594, 227
03/16/2020,15:05,17.53,17.53,17.5,17.5, 474
03/16/2020,15:06,17.76,17.76,17.76,17.76, 200
03/16/2020,15:11,17.5,17.5,17.5,17.5, 200
03/16/2020,15:12,17.635,17.635,17.635,17.635, 100
03/16/2020,15:18,17.5,17.5,17.5,17.5, 100
03/16/2020,15:27,17,17.415,17,17.415, 1100
03/16/2020,15:42,17.162,17.162,17.162,17.162, 196
03/16/2020,15:44,17.288,17.288,17.288,17.288, 100
03/16/2020,15:48,17.69,17.69,17.69,17.69, 100
03/16/2020,15:49,17.68,17.68,17.68,17.68, 100
03/16/2020,15:50,17.42,17.42,17.11,17.11, 2300
03/16/2020,16:10,17.25,17.25,17.11,17.11, 414
03/16/2020,16:35,17.245,17.245,17.245,17.245, 270
03/16/2020,16:46,17.2,17.28,17.2,17.24, 858
03/16/2020,16:49,17.205,17.205,17.2,17.2, 2291
03/16/2020,17:00,17.2,17.2,17.13,17.13, 500
03/16/2020,17:06,17.13,17.13,17.13,17.13, 1099
03/16/2020,17:13,17.45,17.45,17.45,17.45, 100
03/16/2020,17:23,17.607,17.607,17.607,17.607, 500
03/16/2020,17:29,17.537,17.537,17.537,17.537, 155
03/16/2020,17:38,17.45,17.45,17.45,17.45, 727
03/16/2020,17:43,17.45,17.45,17,17, 950
03/16/2020,17:54,17,17,16.95,16.95, 1036
03/16/2020,18:01,17.183,17.183,17.183,17.183, 1038
03/16/2020,18:07,16.95,16.95,16.95,16.95, 1297
03/16/2020,18:13,16.95,16.95,16.95,16.95, 100
03/16/2020,18:23,16.92,16.92,16.92,16.92, 200
03/16/2020,18:26,16.92,16.92,16.92,16.92, 200
03/16/2020,18:30,16.92,16.92,16.92,16.92, 200
03/16/2020,18:34,16.92,16.92,16.92,16.92, 200
03/16/2020,18:38,16.92,16.92,16.92,16.92, 100
03/16/2020,18:46,17,17,16.98,16.98, 200
03/16/2020,18:52,16.95,16.95,16.92,16.92, 200
03/16/2020,19:00,17.296,17.296,17.296,17.296, 992
03/16/2020,19:15,16.92,16.92,16.92,16.92, 100
03/16/2020,19:21,17.417,17.417,17.417,17.417, 534
03/16/2020,19:24,16.89,16.89,16.81,16.81, 1245
03/16/2020,19:27,16.81,16.81,16.81,16.81, 2000
03/16/2020,19:29,16.849,16.849,16.81,16.81, 1434
03/16/2020,19:32,16.871,16.871,16.871,16.871, 425
03/16/2020,19:33,16.76,16.76,16.76,16.76, 830
03/16/2020,19:34,17.372,17.372,17.372,17.372, 900
03/16/2020,19:55,16.85,16.934,16.844,16.844, 3000
03/16/2020,20:03,16.998,16.998,16.998,16.998, 389
03/16/2020,20:16,16.85,16.9,16.78,16.83, 2000
03/16/2020,20:20,16.78,16.78,16.78,16.78, 1008
03/16/2020,20:31,16.78,16.78,16.78,16.78, 4978
03/16/2020,20:32,16.78,16.78,16.78,16.78, 300
03/16/2020,20:33,17.075,17.075,17.075,17.075, 200
03/16/2020,20:45,17.326,17.326,17.326,17.326, 250
03/16/2020,20:55,17.01,17.01,17,17, 1100
03/16/2020,21:00,16.92,16.92,16.92,16.92, 100
03/16/2020,21:01,16.58,16.58,16.58,16.58, 379
03/17/2020,14:31,16.47,16.51,15.75,15.75, 2142
03/17/2020,14:44,16.688,16.688,16.688,16.688, 753
03/17/2020,14:57,16.5,16.5,16.5,16.5, 200
03/17/2020,15:01,16.188,16.188,16.188,16.188, 644
03/17/2020,15:03,16.11,16.11,16.1,16.1, 302
03/17/2020,15:05,16.11,16.191,16.1,16.18, 1000
03/17/2020,15:10,16.03,16.23,16.03,16.03, 498
03/17/2020,15:17,16.08,16.08,16.08,16.08, 100
03/17/2020,15:18,16.274,16.274,16.274,16.274, 565
03/17/2020,15:19,16.31,16.31,16.31,16.31, 148
03/17/2020,15:31,16.31,16.31,16.31,16.31, 302
03/17/2020,15:51,16.57,16.57,16.52,16.52, 300
03/17/2020,15:52,16.5,16.5,16.5,16.5, 100
03/17/2020,15:52,16.47,16.47,16.44,16.44, 200
03/17/2020,15:53,16.42,16.42,16.38,16.38, 200
03/17/2020,15:53,16.36,16.36,16.36,16.36, 100
03/17/2020,15:54,16.33,16.33,16.3,16.3, 200
03/17/2020,15:54,16.405,16.405,16.405,16.405, 2000
03/17/2020,15:59,16.3,16.3,16.3,16.3, 100
03/17/2020,16:00,16.31,16.31,16.28,16.28, 200
03/17/2020,16:02,16.24,16.24,16.24,16.24, 100
03/17/2020,16:05,16.38,16.38,16.38,16.38, 100
03/17/2020,16:05,16.41,16.41,16.41,16.41, 100
03/17/2020,16:07,16.41,16.41,16.41,16.41, 100
03/17/2020,16:11,16.22,16.22,16.22,16.22, 100
03/17/2020,16:16,16.2,16.35,16.2,16.35, 200
03/17/2020,16:17,16.35,16.57,16.32,16.57, 400
03/17/2020,16:21,16.24,16.29,16.24,16.29, 200
03/17/2020,16:22,16.6,16.6,16.58,16.58, 200
03/17/2020,16:24,16.43,16.43,16.43,16.43, 200
03/17/2020,16:25,16.29,16.371,16.29,16.371, 600
03/17/2020,16:28,16.32,16.32,16.32,16.32, 100
03/17/2020,16:35,16.29,16.43,16.29,16.43, 203
03/17/2020,16:38,16.556,16.556,16.556,16.556, 300
03/17/2020,16:49,16.34,16.34,16.34,16.34, 300
03/17/2020,17:03,16.62,16.62,16.55,16.55, 714
03/17/2020,17:06,16.51,16.62,16.51,16.62, 700
03/17/2020,17:12,16.715,16.75,16.715,16.73, 700
03/17/2020,17:16,16.655,16.75,16.655,16.75, 700
03/17/2020,17:24,16.724,16.724,16.724,16.724, 700
03/17/2020,17:31,16.53,16.54,16.52,16.52, 300
03/17/2020,17:45,16.493,16.532,16.493,16.499, 600
03/17/2020,18:01,16.5,16.5,16.34,16.37, 500
03/17/2020,18:03,16.37,16.37,16.37,16.37, 200
03/17/2020,18:08,16.451,16.451,16.42,16.42, 700
03/17/2020,18:09,16.395,16.46,16.395,16.46, 900
03/17/2020,18:12,16.39,16.39,16.39,16.39, 100
03/17/2020,18:51,16.43,16.43,16.43,16.43, 100
03/17/2020,18:55,16.44,16.44,16.43,16.43, 200
03/17/2020,19:00,16.42,16.42,16.42,16.42, 100
03/17/2020,19:08,16.49,16.49,16.49,16.49, 110
03/17/2020,19:24,16.535,16.535,16.535,16.535, 587
03/17/2020,19:48,16.633,16.633,16.633,16.633, 112
03/17/2020,19:49,16.85,16.85,16.82,16.82, 930
03/17/2020,19:54,16.84,16.84,16.84,16.84, 500
03/17/2020,19:54,16.84,16.84,16.84,16.84, 200
03/17/2020,20:00,16.703,16.703,16.703,16.703, 1100
03/17/2020,20:12,16.756,16.756,16.756,16.756, 300
03/17/2020,20:26,16.84,16.84,16.84,16.84, 267
03/17/2020,20:43,16.659,16.659,16.659,16.659, 559
03/17/2020,20:57,16.803,16.803,16.803,16.803, 995
03/17/2020,21:00,16.57,16.57,16.57,16.57, 230
03/18/2020,14:31,15.69,15.69,15.69,15.69, 3090
03/18/2020,14:31,16.219,16.219,16.219,16.219, 3185
03/18/2020,14:47,15.83,16.076,15.75,15.75, 800
03/18/2020,15:08,15.77,15.865,15.75,15.865, 1400
03/18/2020,15:09,15.74,15.74,15.74,15.74, 500
03/18/2020,15:17,15.8,15.8,15.765,15.765, 790
03/18/2020,15:18,15.68,15.68,15.68,15.68, 200
03/18/2020,15:23,15.72,15.73,15.55,15.73, 3687
03/18/2020,15:23,15.715,15.715,15.715,15.715, 450
03/18/2020,15:26,15.67,15.67,15.67,15.67, 100
03/18/2020,15:28,15.78,15.78,15.67,15.67, 300
03/18/2020,15:30,15.582,15.582,15.582,15.582, 300
03/18/2020,15:33,15.665,15.665,15.665,15.665, 264
03/18/2020,15:47,15.59,15.637,15.59,15.637, 200
03/18/2020,15:47,15.68,15.71,15.68,15.71, 300
03/18/2020,15:54,15.57,15.571,15.562,15.562, 600
03/18/2020,15:55,15.56,15.56,15.55,15.55, 900
03/18/2020,16:04,15.57,15.57,15.57,15.57, 225
03/18/2020,16:05,15.527,15.527,15.527,15.527, 901
03/18/2020,16:06,15.476,15.476,15.476,15.476, 2000
03/18/2020,16:07,15.456,15.456,15.456,15.456, 323
03/18/2020,16:08,15.48,15.48,15.48,15.48, 100
03/18/2020,16:10,15.51,15.54,15.51,15.53, 400
03/18/2020,16:13,15.451,15.451,15.451,15.451, 193
03/18/2020,16:15,15.44,15.44,15.42,15.42, 2000
03/18/2020,16:16,15.462,15.462,15.462,15.462, 100
03/18/2020,16:34,15.499,15.499,15.499,15.499, 453
03/18/2020,16:39,15.5,15.5,15.5,15.5, 100
03/18/2020,16:41,15.5,15.5,15.5,15.5, 100
03/18/2020,16:42,15.5,15.5,15.5,15.5, 594
03/18/2020,17:00,15.485,15.485,15.485,15.485, 100
03/18/2020,17:06,15.516,15.516,15.516,15.516, 707
03/18/2020,17:08,15.535,15.535,15.535,15.535, 400
03/18/2020,17:27,15.485,15.485,15.485,15.485, 100
03/18/2020,17:35,15.492,15.492,15.492,15.492, 1000
03/18/2020,17:45,15.43,15.43,15.43,15.43, 2527
03/18/2020,17:45,15.41,15.468,15.41,15.468, 614
03/18/2020,18:24,15.48,15.48,15.48,15.48, 1668
03/18/2020,18:37,15.15,15.15,14.36,14.38, 4900
03/18/2020,18:40,14.454,14.454,14.27,14.27, 685
03/18/2020,18:46,14.4,14.4,14.4,14.4, 100
03/18/2020,18:50,14.34,14.34,14.34,14.34, 100
03/18/2020,18:56,14.3,14.345,14.29,14.345, 500
03/18/2020,19:03,14.29,14.29,14.29,14.29, 100
03/18/2020,19:08,14.345,14.345,14.345,14.345, 100
03/18/2020,19:09,14.4,14.4,14.4,14.4, 100
03/18/2020,19:10,14.345,14.4,14.345,14.4, 1500
03/18/2020,19:13,14.4,14.4,14.4,14.4, 500
03/18/2020,19:14,14.45,14.45,14.45,14.45, 1300
03/18/2020,19:15,14.45,14.45,14.45,14.45, 100
03/18/2020,19:16,14.45,14.45,14.45,14.45, 200
03/18/2020,19:16,14.8,14.81,14.76,14.76, 1245
03/18/2020,19:19,14.81,14.81,14.81,14.81, 600
03/18/2020,19:20,14.92,14.92,14.92,14.92, 1200
03/18/2020,19:22,15.28,15.5,15.28,15.5, 1445
03/18/2020,19:23,15.52,15.52,15.51,15.51, 400
03/18/2020,19:23,15.513,15.513,15.513,15.513, 275
03/18/2020,19:25,15.515,15.517,15.515,15.517, 542
03/18/2020,19:25,15.51,15.51,15.51,15.51, 100
03/18/2020,19:34,15.51,15.52,15.51,15.52, 1700
03/18/2020,19:47,14.99,15.5,14.99,15.5, 742
03/18/2020,19:47,15.5,15.5,15.48,15.48, 500
03/18/2020,19:49,15.48,15.5,15.44,15.49, 600
03/18/2020,19:49,15.06,15.06,15.06,15.06, 100
03/18/2020,19:51,15.43,15.5,15.43,15.5, 1203
03/18/2020,19:51,15.5,15.5,15.5,15.5, 589
03/18/2020,19:53,15.5,15.6,15.5,15.6, 600
03/18/2020,20:00,15.55,15.55,15.55,15.55, 911
03/18/2020,20:03,15.55,15.55,15.55,15.55, 580
03/18/2020,20:10,15.52,15.55,15.51,15.55, 2818
03/18/2020,20:24,15.501,15.501,14.98,15.5, 2222
03/18/2020,20:26,15.292,15.292,15.292,15.292, 400
03/18/2020,20:30,14.986,14.986,14.986,14.986, 483
03/18/2020,20:31,15.29,15.5,15.29,15.5, 300
03/18/2020,20:34,15.5,15.5,14.97,15.49, 2178
03/18/2020,20:35,15.025,15.49,15.025,15.49, 1544
03/18/2020,20:36,15.49,15.49,15.49,15.49, 1200
03/18/2020,20:37,15.49,15.49,15.041,15.041, 1445
03/18/2020,20:38,15.42,15.49,15.42,15.49, 2831
03/18/2020,20:39,15.49,15.6,15.49,15.6, 800
03/18/2020,20:42,15.51,15.6,15.5,15.5, 800
03/18/2020,20:44,15.55,15.55,15.511,15.511, 704
03/18/2020,20:51,15.5,15.53,15.5,15.53, 783
03/18/2020,20:56,15.6,15.6,15.6,15.6, 100
03/18/2020,20:56,15.6,15.6,15.6,15.6, 102
03/18/2020,21:00,15.61,15.61,15.61,15.61, 200
03/19/2020,14:31,15.18,15.18,15.18,15.18, 6470
03/19/2020,14:46,15,15,15,15, 208
03/19/2020,14:51,14.944,14.944,14.944,14.944, 100
03/19/2020,14:52,14.588,14.588,14.588,14.588, 809
03/19/2020,14:56,14.6,14.6,14.6,14.6, 300
03/19/2020,14:57,14.51,14.51,14.5,14.5, 200
03/19/2020,14:59,14.45,14.45,14.45,14.45, 100
03/19/2020,15:02,14.3,14.3,14.3,14.3, 100
03/19/2020,15:06,14.33,14.33,14.33,14.33, 100
03/19/2020,15:07,14.44,15.02,14.44,14.599, 2953
03/19/2020,15:08,14.62,14.75,14.62,14.66, 2200
03/19/2020,15:17,14.6,14.63,14.6,14.601, 300
03/19/2020,15:20,15.5,15.5,15.5,15.5, 100
03/19/2020,15:25,15.642,15.642,15.642,15.642, 350
03/19/2020,15:29,15.5,15.5,15.5,15.5, 100
03/19/2020,15:29,15.5,15.5,15.5,15.5, 100
03/19/2020,15:30,15.35,15.49,15.35,15.49, 400
03/19/2020,15:32,15.49,15.49,15.455,15.455, 400
03/19/2020,15:33,15.458,15.458,15.07,15.07, 400
03/19/2020,15:34,15.49,15.49,15.49,15.49, 400
03/19/2020,15:36,15.49,15.5,15.47,15.5, 600
03/19/2020,15:38,15.5,15.5,15.5,15.5, 400
03/19/2020,15:39,15.5,15.5,15.49,15.49, 400
03/19/2020,15:41,15.5,15.5,15.24,15.24, 300
03/19/2020,15:42,15.5,15.5,15.45,15.5, 500
03/19/2020,15:45,15.34,15.5,15.34,15.5, 400
03/19/2020,15:47,15.48,15.48,15.48,15.48, 400
03/19/2020,15:49,15.49,15.49,15.49,15.49, 400
03/19/2020,15:50,15.49,15.49,15.49,15.49, 400
03/19/2020,15:52,15.49,15.49,15.24,15.24, 400
03/19/2020,15:53,15.5,15.5,15.478,15.478, 300
03/19/2020,15:55,15.49,15.5,15.49,15.5, 500
03/19/2020,15:56,15.5,15.5,15.5,15.5, 400
03/19/2020,15:58,15.5,15.52,15.5,15.52, 456
03/19/2020,15:59,15.536,15.536,15.536,15.536, 514
03/19/2020,16:01,15.5,15.5,15.5,15.5, 100
03/19/2020,16:03,15.5,15.5,15.5,15.5, 200
03/19/2020,16:05,15.19,15.19,15.19,15.19, 100
03/19/2020,16:06,15.48,15.5,15.33,15.33, 540
03/19/2020,16:07,15.5,15.5,15.47,15.47, 200
03/19/2020,16:09,15.98,15.98,15.98,15.98, 100
03/19/2020,16:13,15.57,15.57,15.57,15.57, 100
03/19/2020,16:15,15.5,15.5,15.5,15.5, 100
03/19/2020,16:18,15.5,15.5,15.5,15.5, 100
03/19/2020,16:20,15.54,15.54,15.54,15.54, 100
03/19/2020,16:23,15.52,15.52,15.52,15.52, 100
03/19/2020,16:25,15.51,15.51,15.51,15.51, 100
03/19/2020,16:30,15.52,15.52,15.52,15.52, 100
03/19/2020,16:31,15.52,15.52,15.52,15.52, 100
03/19/2020,16:33,15.51,15.64,15.51,15.64, 400
03/19/2020,16:34,15.65,16.41,15.612,15.612, 4914
03/19/2020,16:48,16.247,16.247,16.247,16.247, 100
03/19/2020,17:02,15.81,15.81,15.81,15.81, 100
03/19/2020,17:03,15.78,15.78,15.78,15.78, 100
03/19/2020,17:06,15.53,15.53,15.53,15.53, 100
03/19/2020,17:07,15.912,15.912,15.52,15.52, 600
03/19/2020,17:09,15.52,15.52,15.52,15.52, 100
03/19/2020,17:10,15.51,15.51,15.51,15.51, 100
03/19/2020,17:11,15.51,15.51,15.51,15.51, 100
03/19/2020,17:13,15.52,15.52,15.52,15.52, 100
03/19/2020,17:14,15.51,15.51,15.51,15.51, 100
03/19/2020,17:15,15.5,15.5,15.5,15.5, 300
03/19/2020,17:15,15.5,15.5,15.5,15.5, 100
03/19/2020,17:34,15.557,15.557,15.557,15.557, 500
03/19/2020,17:40,16,16,16,16, 200
03/19/2020,17:53,15.99,16.02,15.692,16, 2300
03/19/2020,18:01,16.19,16.2,16,16, 1352
03/19/2020,18:05,16.011,16.011,16.011,16.011, 200
03/19/2020,18:25,16.17,16.17,16.01,16.01, 3401
03/19/2020,18:31,16.444,16.444,16.444,16.444, 923
03/19/2020,19:01,16.01,16.07,16.01,16.01, 2266
03/19/2020,19:02,16.059,16.356,16.059,16.356, 494
03/19/2020,19:48,16.34,16.34,16.34,16.34, 100
03/19/2020,19:51,16.43,16.43,16.43,16.43, 100
03/19/2020,19:52,16.42,16.42,16.42,16.42, 100
03/19/2020,19:53,16.42,16.42,16.42,16.42, 100
03/19/2020,19:58,16.41,16.41,16.41,16.41, 600
03/19/2020,20:18,16.45,16.45,16.45,16.45, 155
03/19/2020,20:21,16.48,16.5,16.475,16.486, 1500
03/19/2020,20:26,16.5,16.5,16.48,16.5, 600
03/19/2020,20:28,16.85,16.85,16.85,16.85, 100
03/19/2020,20:51,16.819,16.819,16.819,16.819, 100
03/19/2020,20:52,16.74,16.75,16.6,16.6, 1400
03/19/2020,20:59,16.52,16.52,16.52,16.52, 100
03/19/2020,21:00,16.5,16.5,16.5,16.5, 200
03/20/2020,14:31,16.53,16.53,16.5,16.5, 1767
03/20/2020,14:56,16.94,16.94,16.94,16.94, 100
03/20/2020,15:09,16.61,16.61,16.61,16.61, 400
03/20/2020,15:12,16.94,17.883,16.94,17.5, 2675
03/20/2020,15:15,17.316,17.316,17.316,17.316, 100
03/20/2020,15:17,16.981,16.981,16.981,16.981, 1183
03/20/2020,15:22,17.5,18.02,17.47,18.02, 400
03/20/2020,15:24,17.99,17.99,17.99,17.99, 100
03/20/2020,15:35,17.97,17.98,17.888,17.98, 3421
03/20/2020,15:37,17.97,17.97,17.97,17.97, 100
03/20/2020,15:53,17.357,17.99,17.357,17.73, 1213
03/20/2020,15:54,17.99,17.99,17.99,17.99, 300
03/20/2020,15:59,17.97,18.51,17.899,18.51, 3880
03/20/2020,16:00,18.51,18.51,18.51,18.51, 420
03/20/2020,16:03,19.025,19.025,19.025,19.025, 100
03/20/2020,16:16,18.678,18.678,18.678,18.678, 750
03/20/2020,16:45,18.86,18.86,18.86,18.86, 100
03/20/2020,16:53,18.036,18.036,18.036,18.036, 200
03/20/2020,16:56,18.74,18.74,18.74,18.74, 100
03/20/2020,17:09,18.602,18.602,18.602,18.602, 400
03/20/2020,17:27,18.53,18.67,18.5,18.56, 1870
03/20/2020,17:28,18.5,18.56,18.5,18.56, 1861
03/20/2020,17:32,18.1,18.1,17.99,18.1, 450
03/20/2020,17:33,18.17,18.17,18.17,18.17, 100
03/20/2020,17:37,17.8,17.8,17.8,17.8, 782
03/20/2020,17:43,18.179,18.502,18.179,18.502, 682
03/20/2020,17:45,17.58,17.58,17.58,17.58, 100
03/20/2020,18:09,18.615,18.615,18.615,18.615, 100
03/20/2020,18:29,18.612,18.612,18.612,18.612, 219
03/20/2020,18:37,18.61,18.61,18.61,18.61, 100
03/20/2020,18:58,18.355,18.359,18.131,18.355, 1500
03/20/2020,19:29,18.09,18.135,18.09,18.135, 451
03/20/2020,19:36,17.812,18.18,17.812,18.18, 536
03/20/2020,19:41,18.16,18.16,18.16,18.16, 100
03/20/2020,20:00,18.201,18.201,18.201,18.201, 137
03/20/2020,20:20,17.715,17.715,17.715,17.715, 840
03/20/2020,20:49,17.71,17.78,17.71,17.78, 300
03/20/2020,20:54,18.2,18.29,18.1,18.275, 10954
03/20/2020,20:54,18.35,18.35,18.35,18.35, 100
03/20/2020,20:58,18.29,18.29,18.29,18.29, 800
03/20/2020,20:59,18.2,18.2,18.2,18.2, 549
03/20/2020,21:00,18.21,18.21,18.2,18.2, 500
03/20/2020,21:00,18.2,18.27,18.2,18.27, 300
03/23/2020,14:31,20,20.46,20,20.44, 3030
03/23/2020,14:31,20.46,20.46,20.46,20.46, 200
03/23/2020,14:33,18.836,18.836,18.836,18.836, 100
03/23/2020,14:33,18.738,18.738,18.738,18.738, 500
03/23/2020,14:35,18.58,18.58,18.58,18.58, 100
03/23/2020,14:41,18.06,18.06,17.54,17.54, 508
03/23/2020,14:43,17.02,17.02,17.02,17.02, 400
03/23/2020,14:43,17.02,17.02,17.02,17.02, 200
03/23/2020,14:49,17.373,17.373,17.373,17.373, 100
03/23/2020,14:58,17.255,17.255,17.255,17.255, 500
03/23/2020,14:59,17.25,17.25,17.25,17.25, 500
03/23/2020,15:00,17.25,17.27,16.55,17.045, 1200
03/23/2020,15:01,16.79,16.79,16.56,16.56, 200
03/23/2020,15:01,16.56,16.56,16.56,16.56, 100
03/23/2020,15:03,16.56,16.56,16.56,16.56, 800
03/23/2020,15:05,16.56,16.56,16.56,16.56, 100
03/23/2020,15:07,17.49,17.49,17.49,17.49, 100
03/23/2020,15:17,17.45,17.54,17.105,17.105, 4176
03/23/2020,15:21,16.84,16.84,16.84,16.84, 140
03/23/2020,15:34,16.75,16.75,16.65,16.65, 478
03/23/2020,15:45,17.49,17.49,17.49,17.49, 2516
03/23/2020,15:49,16.695,16.695,16.695,16.695, 100
03/23/2020,15:52,16.69,16.69,16.69,16.69, 300
03/23/2020,15:53,17.18,17.21,16.8,16.8, 1836
03/23/2020,15:54,17.31,17.56,16.81,17.46, 4721
03/23/2020,15:58,17.4,17.4,17.4,17.4, 1145
03/23/2020,16:00,17.4,17.4,17.4,17.4, 619
03/23/2020,16:09,17.35,17.35,17.35,17.35, 100
03/23/2020,16:22,16.835,16.835,16.835,16.835, 100
03/23/2020,16:29,17,17,17,17, 310
03/23/2020,16:30,17.07,17.07,16.8,16.802, 1592
03/23/2020,17:04,17.204,17.204,17.204,17.204, 166
03/23/2020,17:06,17.04,17.04,16.99,17, 300
03/23/2020,17:13,16.75,16.75,16.75,16.75, 100
03/23/2020,17:27,16.67,16.67,16.67,16.67, 100
03/23/2020,17:52,16.789,16.789,16.789,16.789, 516
03/23/2020,17:53,16.903,16.903,16.903,16.903, 337
03/23/2020,18:00,16.65,16.71,16.65,16.71, 700
03/23/2020,18:01,16.767,16.767,16.767,16.767, 250
03/23/2020,18:18,16.75,16.75,16.75,16.75, 100
03/23/2020,18:20,16.733,16.733,16.733,16.733, 1008
03/23/2020,18:30,16.96,16.96,16.96,16.96, 100
03/23/2020,18:44,16.55,16.55,16.55,16.55, 300
03/23/2020,19:16,16.677,16.677,16.677,16.677, 113
03/23/2020,19:27,16.551,16.551,16.551,16.551, 432
03/23/2020,20:07,16.77,16.77,16.77,16.77, 900
03/23/2020,20:16,16.57,16.57,16.56,16.56, 500
03/23/2020,20:19,16.55,16.56,16.55,16.56, 300
03/23/2020,20:22,16.6,16.6,16.6,16.6, 100
03/23/2020,21:01,16.58,16.58,16.58,16.58, 179
03/24/2020,14:31,18.24,20.05,18.24,20.05, 3628
03/24/2020,14:39,18.38,18.38,18.38,18.38, 100
03/24/2020,14:41,18.41,18.61,18.16,18.61, 5716
03/24/2020,14:41,18.645,18.645,18.645,18.645, 597
03/24/2020,14:47,18.65,18.65,18.65,18.65, 1179
03/24/2020,14:49,19.17,19.17,19.17,19.17, 100
03/24/2020,14:56,18.883,18.883,18.883,18.883, 1876
03/24/2020,14:59,18.65,18.65,18.65,18.65, 500
03/24/2020,15:00,19.015,19.015,19.015,19.015, 205
03/24/2020,15:01,19.1,19.15,19.1,19.15, 200
03/24/2020,15:03,19.093,19.093,19.093,19.093, 307
03/24/2020,15:06,19.14,19.14,19.14,19.14, 100
03/24/2020,15:07,19.09,19.09,19.01,19.09, 400
03/24/2020,15:11,18.64,18.64,18.64,18.64, 214
03/24/2020,15:13,18.63,18.63,18.63,18.63, 200
03/24/2020,15:16,18.967,18.967,18.967,18.967, 147
03/24/2020,15:25,18.267,18.267,18.267,18.267, 100
03/24/2020,15:33,18.615,18.615,18.615,18.615, 300
03/24/2020,15:40,18.939,18.939,18.939,18.939, 236
03/24/2020,15:55,18.716,18.716,18.716,18.716, 151
03/24/2020,15:57,18.632,18.632,18.632,18.632, 200
03/24/2020,16:33,18.28,18.52,18.271,18.418, 400
03/24/2020,16:37,18.274,18.274,18.274,18.274, 500
03/24/2020,16:44,18.31,18.31,18.27,18.27, 1100
03/24/2020,17:06,18.268,18.278,18.268,18.278, 1300
03/24/2020,17:25,18.2,18.31,18.2,18.26, 723
03/24/2020,17:33,18.102,18.102,18.102,18.102, 1900
03/24/2020,18:27,17.85,17.85,17.85,17.85, 134
03/24/2020,18:54,18.3,18.3,18.3,18.3, 100
03/24/2020,18:54,17.99,17.99,17.99,17.99, 407
03/24/2020,19:06,17.88,17.88,17.88,17.88, 100
03/24/2020,19:10,17.833,17.833,17.833,17.833, 150
03/24/2020,19:14,17.68,17.68,17.68,17.68, 201
03/24/2020,19:58,17.68,17.68,17.68,17.68, 234
03/24/2020,20:06,17.768,17.768,16.854,17.325, 10867
03/24/2020,20:06,17.325,17.325,17.325,17.325, 352
03/24/2020,20:10,17.49,17.58,17.49,17.58, 1600
03/24/2020,20:28,17.977,17.977,17.977,17.977, 207
03/24/2020,20:50,17.905,17.905,17.905,17.905, 200
03/24/2020,20:50,17.91,17.91,17.91,17.91, 200
03/24/2020,20:57,17.7,17.7,17.7,17.7, 6781
03/24/2020,21:01,17.71,18.1,17.71,18.1, 279
03/25/2020,14:31,19.39,19.39,19.39,19.39, 1009
03/25/2020,14:32,19.073,19.073,19.073,19.073, 100
03/25/2020,14:46,18.287,18.287,18.287,18.287, 233
03/25/2020,15:01,18.901,18.901,18.901,18.901, 2140
03/25/2020,15:04,17.87,17.87,17.87,17.87, 100
03/25/2020,15:05,17.76,18.28,17.76,18.28, 300
03/25/2020,15:07,17.93,18.222,17.76,18.222, 1541
03/25/2020,15:11,17.9,17.9,17.9,17.9, 100
03/25/2020,15:12,18.28,18.28,18.27,18.27, 400
03/25/2020,15:28,18.676,18.676,18.676,18.676, 1400
03/25/2020,15:37,18.5,18.5,18.5,18.5, 100
03/25/2020,15:43,18.5,18.5,18.5,18.5, 100
03/25/2020,15:48,18.5,18.5,18.5,18.5, 100
03/25/2020,15:54,18.5,18.5,18.5,18.5, 100
03/25/2020,15:57,18.24,18.485,18.24,18.485, 1100
03/25/2020,16:05,18.65,18.65,18.65,18.65, 100
03/25/2020,16:09,18.73,18.73,18.73,18.73, 100
03/25/2020,16:11,18.7,18.7,18.7,18.7, 100
03/25/2020,16:18,18.7,18.7,18.7,18.7, 100
03/25/2020,16:23,18.437,18.437,18.437,18.437, 1000
03/25/2020,16:24,18.7,18.7,18.7,18.7, 100
03/25/2020,16:29,18.7,18.7,18.7,18.7, 100
03/25/2020,16:35,18.71,18.71,18.71,18.71, 100
03/25/2020,16:40,18.71,18.71,18.71,18.71, 100
03/25/2020,16:46,18.72,18.72,18.72,18.72, 100
03/25/2020,16:51,18.72,18.72,18.72,18.72, 100
03/25/2020,16:57,18.72,18.72,18.72,18.72, 100
03/25/2020,17:03,18.73,18.73,18.49,18.73, 1400
03/25/2020,17:03,18.723,18.73,18.723,18.73, 3600
03/25/2020,17:07,18.639,18.99,18.639,18.86, 6605
03/25/2020,17:09,18.86,18.86,18.86,18.86, 100
03/25/2020,17:19,18.855,18.855,18.855,18.855, 200
03/25/2020,17:20,18.855,18.855,18.855,18.855, 200
03/25/2020,17:23,18.855,19.07,18.855,19.07, 900
03/25/2020,17:30,18.925,18.925,18.925,18.925, 100
03/25/2020,17:41,18.99,18.99,18.99,18.99, 300
03/25/2020,17:46,19.25,19.25,19.25,19.25, 554
03/25/2020,18:14,19.74,19.77,19.74,19.77, 400
03/25/2020,18:31,19.76,19.76,19.76,19.76, 100
03/25/2020,18:48,19.29,19.29,19.29,19.29, 100
03/25/2020,18:49,19.78,19.78,19.78,19.78, 100
03/25/2020,19:15,19.8,19.8,19.8,19.8, 100
03/25/2020,19:17,19.72,19.72,19.72,19.72, 100
03/25/2020,19:21,19.8,19.8,19.8,19.8, 100
03/25/2020,19:23,19.8,19.8,19.8,19.8, 100
03/25/2020,19:26,19.8,19.8,19.8,19.8, 100
03/25/2020,19:27,19.8,19.8,19.8,19.8, 100
03/25/2020,19:30,19.8,19.8,19.8,19.8, 100
03/25/2020,19:32,19.8,19.8,19.8,19.8, 100
03/25/2020,19:34,19.8,19.8,19.8,19.8, 100
03/25/2020,19:38,19.8,19.8,19.8,19.8, 100
03/25/2020,19:39,19.8,19.8,19.8,19.8, 100
03/25/2020,19:40,19.8,19.8,19.8,19.8, 100
03/25/2020,19:41,19.8,19.8,19.8,19.8, 100
03/25/2020,19:42,19.8,19.8,19.8,19.8, 538
03/25/2020,19:43,19.98,19.98,19.98,19.98, 100
03/25/2020,19:44,19.98,19.98,19.98,19.98, 100
03/25/2020,19:45,19.98,19.98,19.98,19.98, 100
03/25/2020,19:46,19.98,19.98,19.98,19.98, 100
03/25/2020,19:47,19.98,19.98,19.98,19.98, 100
03/25/2020,19:48,19.98,19.98,19.98,19.98, 100
03/25/2020,19:49,19.98,19.98,19.98,19.98, 100
03/25/2020,19:50,19.97,19.97,19.97,19.97, 100
03/25/2020,19:51,19.96,19.96,19.96,19.96, 100
03/25/2020,19:52,19.98,19.98,19.98,19.98, 100
03/25/2020,19:53,19.98,19.98,19.98,19.98, 100
03/25/2020,19:54,19.98,19.98,19.98,19.98, 100
03/25/2020,19:55,19.97,19.97,19.97,19.97, 100
03/25/2020,19:56,19.96,19.96,19.96,19.96, 100
03/25/2020,19:57,19.98,19.98,19.98,19.98, 100
03/25/2020,19:58,19.98,19.98,19.98,19.98, 100
03/25/2020,20:00,19.98,19.98,19.98,19.98, 200
03/25/2020,20:00,19.98,19.98,19.98,19.98, 100
03/25/2020,20:05,19.98,19.98,19.98,19.98, 500
03/25/2020,20:33,19.476,19.476,19.476,19.476, 274
03/25/2020,20:39,19.791,19.791,19.791,19.791, 200
03/25/2020,20:51,19.71,19.71,19.71,19.71, 400
03/25/2020,20:51,19.71,19.71,19.56,19.56, 300
03/25/2020,20:57,19.611,19.611,19.611,19.611, 180
03/25/2020,21:00,19.62,19.62,19.62,19.62, 346
03/25/2020,21:01,19.66,19.66,19.66,19.66, 279
03/26/2020,14:31,18.71,18.71,18.71,18.71, 1204
03/26/2020,14:42,19.54,19.54,19.54,19.54, 283
03/26/2020,14:52,19.56,19.56,19.54,19.54, 200
03/26/2020,15:07,19.85,19.85,19.85,19.85, 100
03/26/2020,15:23,19.22,19.22,19.22,19.22, 300
03/26/2020,15:23,19.95,19.95,19.77,19.77, 200
03/26/2020,15:30,19.94,20,19.94,20, 1500
03/26/2020,15:33,19.85,19.85,19.85,19.85, 126
03/26/2020,15:36,19.85,19.85,19.85,19.85, 156
03/26/2020,15:53,19.84,19.84,19.61,19.61, 400
03/26/2020,15:53,19.695,19.695,19.695,19.695, 100
03/26/2020,16:04,19.76,19.76,19.76,19.76, 510
03/26/2020,16:05,19.76,19.76,19.76,19.76, 100
03/26/2020,16:06,19.64,19.83,19.64,19.73, 700
03/26/2020,16:09,19.84,19.84,19.84,19.84, 200
03/26/2020,16:10,19.75,19.84,19.75,19.84, 600
03/26/2020,16:11,19.75,19.91,19.75,19.85, 2154
03/26/2020,16:11,19.829,19.829,19.829,19.829, 750
03/26/2020,16:38,20.15,20.15,20.15,20.15, 100
03/26/2020,16:39,20.16,20.43,20.16,20.43, 200
03/26/2020,16:49,20.365,20.365,20.2,20.2, 300
03/26/2020,16:51,20.22,20.5,20.22,20.5, 800
03/26/2020,16:52,20.121,20.121,20.121,20.121, 150
03/26/2020,16:56,20.151,20.151,20.151,20.151, 150
03/26/2020,17:08,20.167,20.167,20.167,20.167, 102
03/26/2020,17:19,20,20,20,20, 450
03/26/2020,17:21,20.31,20.5,20.31,20.5, 1551
03/26/2020,17:23,20.198,20.198,20.198,20.198, 500
03/26/2020,17:27,20.366,20.366,20.366,20.366, 200
03/26/2020,17:30,20.325,20.325,20.25,20.25, 447
03/26/2020,17:31,20.362,20.362,20.362,20.362, 175
03/26/2020,17:49,20.487,20.487,20.368,20.368, 700
03/26/2020,17:52,20.453,20.453,20.453,20.453, 100
03/26/2020,18:30,20.49,20.49,20.4,20.4, 600
03/26/2020,18:37,20.22,20.22,20.161,20.161, 1000
03/26/2020,19:28,20.416,20.416,20.416,20.416, 846
03/26/2020,19:40,20.336,20.336,20.336,20.336, 200
03/26/2020,19:44,20.313,20.313,20.313,20.313, 100
03/26/2020,20:07,20.13,20.157,19.98,19.98, 1644
03/26/2020,20:37,20.066,20.066,20.066,20.066, 218
03/26/2020,20:41,20.35,20.5,20.35,20.485, 2600
03/26/2020,20:46,20.471,20.471,20.471,20.471, 287
03/26/2020,20:51,20.685,20.685,20.685,20.685, 100
03/26/2020,20:56,20.53,20.53,20.53,20.53, 100
03/26/2020,21:00,20.47,20.47,20.47,20.47, 100
03/26/2020,21:00,20.73,20.73,20.73,20.73, 100
03/26/2020,21:01,20.9,20.9,20.9,20.9, 100
03/27/2020,14:31,19.07,19.74,19.07,19.74, 1320
03/27/2020,14:32,18.524,18.524,18.524,18.524, 600
03/27/2020,14:36,18.57,18.57,18.57,18.57, 200
03/27/2020,14:37,19.868,19.868,19.868,19.868, 100
03/27/2020,14:40,18.391,19.315,18.391,19.315, 200
03/27/2020,14:41,19.315,19.315,19.315,19.315, 161
03/27/2020,14:55,19.47,19.47,19.47,19.47, 200
03/27/2020,15:36,19.44,19.44,19.44,19.44, 355
03/27/2020,15:37,19.21,19.21,19.21,19.21, 252
03/27/2020,16:05,19.535,19.535,19.535,19.535, 100
03/27/2020,16:08,18.98,19.5,18.84,19.17, 1250
03/27/2020,16:09,19.335,19.335,19.335,19.335, 100
03/27/2020,16:11,19.335,19.335,19.335,19.335, 100
03/27/2020,16:16,19.24,19.24,19.24,19.24, 100
03/27/2020,16:19,19.44,19.44,19.24,19.24, 200
03/27/2020,16:20,19.465,19.465,19.465,19.465, 100
03/27/2020,16:22,19.47,19.47,19.47,19.47, 100
03/27/2020,16:25,19.24,19.24,19.24,19.24, 200
03/27/2020,16:28,19.42,19.42,19.42,19.42, 100
03/27/2020,16:31,19.851,19.851,19.851,19.851, 159
03/27/2020,16:37,19.694,19.694,19.694,19.694, 111
03/27/2020,16:48,19.42,19.42,19.42,19.42, 132
03/27/2020,17:12,19.28,19.28,19.28,19.28, 800
03/27/2020,17:23,19.13,19.13,19.13,19.13, 300
03/27/2020,17:26,19.227,19.227,19.227,19.227, 500
03/27/2020,17:33,19.001,19.001,19.001,19.001, 229
03/27/2020,17:38,18.996,18.996,18.996,18.996, 300
03/27/2020,17:47,19.22,19.28,19.13,19.22, 980
03/27/2020,17:52,18.993,18.993,18.989,18.989, 700
03/27/2020,17:53,18.993,18.999,18.993,18.999, 500
03/27/2020,18:07,19.23,19.23,19.23,19.23, 100
03/27/2020,18:34,19.28,19.28,19.28,19.28, 100
03/27/2020,18:38,19.155,19.267,19.155,19.195, 700
03/27/2020,18:40,19.245,19.39,19.245,19.39, 400
03/27/2020,18:50,19.735,19.735,19.735,19.735, 100
03/27/2020,18:53,19.56,19.56,19.35,19.35, 1528
03/27/2020,19:40,19.41,19.41,19.41,19.41, 354
03/27/2020,19:46,19.599,19.599,19.599,19.599, 101
03/27/2020,20:09,19.51,19.51,19.5,19.5, 400
03/27/2020,20:15,19.83,19.83,19.83,19.83, 500
03/27/2020,20:26,19.522,19.522,19.522,19.522, 500
03/27/2020,20:38,19.51,19.51,19.51,19.51, 100
03/27/2020,20:39,19.46,19.46,19.46,19.46, 100
03/27/2020,20:40,19.22,19.22,19.17,19.17, 677
03/27/2020,20:43,19.245,19.245,19.245,19.245, 102
03/27/2020,20:45,19.15,19.15,19.02,19.02, 300
03/27/2020,20:56,19.15,19.15,19.15,19.15, 300
03/27/2020,20:57,19.241,19.241,19.241,19.241, 150
03/27/2020,20:59,19.07,19.07,19.07,19.07, 100
03/27/2020,21:00,19,19,19,19, 400
03/30/2020,15:31,19.05,19.05,19.05,19.05, 1274
03/30/2020,15:43,19.209,19.209,19.209,19.209, 600
03/30/2020,15:43,19.2,19.2,19.2,19.2, 640
03/30/2020,15:43,19.05,19.05,18.98,18.98, 300
03/30/2020,16:22,19.206,19.206,19.206,19.206, 408
03/30/2020,16:22,19.136,19.136,19.136,19.136, 408
03/30/2020,16:33,19.03,19.03,19,19, 329
03/30/2020,17:05,18.9,18.939,18.9,18.939, 200
03/30/2020,17:10,19,19,19,19, 200
03/30/2020,17:10,19.13,19.13,19.07,19.08, 1000
03/30/2020,17:30,19.37,19.37,19.37,19.37, 101
03/30/2020,17:31,19.115,19.16,19.115,19.16, 600
03/30/2020,17:31,19.12,19.12,19.12,19.12, 200
03/30/2020,17:39,19.1,19.1,19.1,19.1, 200
03/30/2020,17:47,19.068,19.1,18.97,19.1, 1000
03/30/2020,17:53,18.975,19.05,18.975,19, 1224
03/30/2020,17:59,19.01,19.01,19,19, 600
03/30/2020,18:24,18.975,18.975,18.975,18.975, 500
03/30/2020,18:29,18.9,18.9,18.885,18.885, 219
03/30/2020,18:30,18.9,18.98,18.885,18.9, 2442
03/30/2020,18:44,18.945,18.945,18.945,18.945, 112
03/30/2020,18:58,19.03,19.05,19.03,19.05, 200
03/30/2020,19:01,19.04,19.05,19.04,19.05, 700
03/30/2020,19:51,19.38,19.38,19.1,19.319, 1050
03/30/2020,20:01,19.355,19.355,19.355,19.355, 225
03/30/2020,21:19,19.223,19.223,19.223,19.223, 280
03/30/2020,21:20,19.124,19.124,19.124,19.124, 803
03/30/2020,22:00,19.4,19.41,19.4,19.4, 525
03/30/2020,22:01,19.21,19.21,19.21,19.21, 100
03/31/2020,15:31,18.97,18.97,18.97,18.97, 400
03/31/2020,16:01,19.09,19.09,19.09,19.09, 100
03/31/2020,16:07,19.18,19.18,19.18,19.18, 100
03/31/2020,16:08,19.2,19.2,19.18,19.18, 200
03/31/2020,16:09,19.2,19.2,19.13,19.13, 200
03/31/2020,16:11,19.185,19.185,19.185,19.185, 100
03/31/2020,16:12,19.17,19.17,19.17,19.17, 200
03/31/2020,16:12,19.15,19.15,19.15,19.15, 100
03/31/2020,16:14,19.2,19.2,19.2,19.2, 100
03/31/2020,16:15,19.2,19.2,19.2,19.2, 100
03/31/2020,16:17,19.2,19.325,19.2,19.325, 900
03/31/2020,16:20,19.27,19.28,19.27,19.28, 200
03/31/2020,16:21,19.27,19.27,19.25,19.25, 316
03/31/2020,16:43,19.25,19.25,19.23,19.25, 2284
03/31/2020,16:44,19.23,19.275,19.225,19.25, 474
03/31/2020,16:46,19.25,19.25,19.25,19.25, 600
03/31/2020,17:04,19.26,19.26,19.24,19.24, 400
03/31/2020,17:10,19.355,19.355,19.355,19.355, 254
03/31/2020,17:14,19.3,19.3,19.3,19.3, 100
03/31/2020,17:19,19.28,19.28,19.26,19.26, 200
03/31/2020,17:21,19.28,19.28,19.28,19.28, 100
03/31/2020,17:24,19.29,19.29,19.28,19.28, 200
03/31/2020,17:27,19.25,19.25,19.23,19.23, 200
03/31/2020,17:28,19.23,19.23,19.23,19.23, 100
03/31/2020,17:29,19.24,19.24,19.24,19.24, 100
03/31/2020,17:31,19.24,19.24,19.24,19.24, 100
03/31/2020,17:36,19.22,19.22,19.22,19.22, 100
03/31/2020,17:44,19.21,19.21,19.21,19.21, 100
03/31/2020,17:48,19.26,19.26,19.26,19.26, 300
03/31/2020,17:52,19.26,19.26,19.26,19.26, 580
03/31/2020,17:53,19.21,19.21,19.21,19.21, 100
03/31/2020,17:59,19.21,19.21,19.21,19.21, 100
03/31/2020,18:01,19.24,19.26,19.23,19.23, 400
03/31/2020,18:09,19.22,19.23,19.22,19.23, 200
03/31/2020,18:19,19.21,19.21,19.21,19.21, 100
03/31/2020,18:25,19.16,19.16,19.16,19.16, 100
03/31/2020,18:37,19.12,19.12,19.07,19.07, 300
03/31/2020,18:51,19.07,19.07,19.07,19.07, 100
03/31/2020,18:55,19.05,19.05,19.05,19.05, 100
03/31/2020,18:56,19.1,19.1,19.1,19.1, 100
03/31/2020,19:06,19.08,19.08,19.08,19.08, 100
03/31/2020,19:13,19.07,19.07,19.07,19.07, 100
03/31/2020,19:21,19.06,19.06,19.06,19.06, 100
03/31/2020,19:29,19,19.01,19,19.01, 200
03/31/2020,19:30,19.008,19.008,18.96,18.96, 600
03/31/2020,19:31,18.95,18.96,18.95,18.96, 300
03/31/2020,19:32,18.955,19.01,18.955,19.01, 400
03/31/2020,19:32,19.01,19.01,19.01,19.01, 100
03/31/2020,19:36,19.15,19.15,19.15,19.15, 500
03/31/2020,19:41,19.06,19.08,19.06,19.08, 200
03/31/2020,19:44,19.15,19.15,19.14,19.14, 300
03/31/2020,19:51,19.195,19.195,19.167,19.167, 1501
03/31/2020,19:54,19.23,19.23,19.23,19.23, 100
03/31/2020,19:54,19.23,19.25,19.23,19.25, 200
03/31/2020,19:55,19.25,19.25,19.25,19.25, 100
03/31/2020,19:58,19.195,19.195,19.195,19.195, 524
03/31/2020,20:10,19.25,19.25,19.25,19.25, 100
03/31/2020,20:12,19.195,19.195,19.195,19.195, 100
03/31/2020,20:16,19.19,19.19,19.19,19.19, 100
03/31/2020,20:21,19.19,19.19,19.19,19.19, 300
03/31/2020,20:22,19.25,19.25,19.25,19.25, 100
03/31/2020,20:24,19.25,19.25,19.25,19.25, 200
03/31/2020,20:30,19.25,19.25,19.25,19.25, 300
03/31/2020,20:39,19.195,19.195,19.195,19.195, 100
03/31/2020,20:42,19.25,19.25,19.25,19.25, 300
03/31/2020,20:44,19.32,19.32,19.32,19.32, 200
03/31/2020,20:46,19.23,19.32,19.23,19.32, 4288
03/31/2020,20:57,19.275,19.275,19.275,19.275, 519
03/31/2020,21:07,19.32,19.32,19.32,19.32, 200
03/31/2020,21:15,19.27,19.27,19.27,19.27, 100
03/31/2020,21:16,19.21,19.21,19.21,19.21, 100
03/31/2020,21:19,19.265,19.265,19.265,19.265, 100
03/31/2020,21:23,19.15,19.15,19.15,19.15, 100
03/31/2020,21:24,19.15,19.15,19.15,19.15, 100
03/31/2020,21:30,19.21,19.29,19.21,19.28, 700
03/31/2020,21:36,19.32,19.37,19.32,19.37, 1014
03/31/2020,21:48,19.38,19.38,19.38,19.38, 400
03/31/2020,21:52,19.32,19.32,19.32,19.32, 119
03/31/2020,21:52,19.16,19.256,19.13,19.226, 400
03/31/2020,21:54,19.4,19.4,19.4,19.4, 300
03/31/2020,21:56,19.501,19.501,19.501,19.501, 100
03/31/2020,21:57,19.49,19.49,19.49,19.49, 250
03/31/2020,22:00,19.46,19.46,19.46,19.46, 100
03/31/2020,22:00,19.5,19.5,19.5,19.5, 200
03/31/2020,22:01,19.46,19.46,19.46,19.46, 100

