03/02/2020,00:45,.064,.064,.064,.064, 29223
03/02/2020,02:22,.064,.064,.064,.064, 20000
03/02/2020,04:06,.067,.067,.067,.067, 15000
03/02/2020,05:52,.067,.067,.067,.067, 10000
03/02/2020,06:12,.066,.066,.066,.066, 4548
03/03/2020,00:27,.066,.066,.066,.066, 30000
03/04/2020,01:06,.066,.066,.066,.066, 50000
03/04/2020,01:07,.066,.066,.066,.066, 50000
03/04/2020,03:48,.066,.066,.066,.066, 3061
03/04/2020,04:21,.065,.065,.065,.065, 4304
03/04/2020,05:44,.065,.065,.065,.065, 45705
03/04/2020,05:45,.065,.065,.065,.065, 50000
03/04/2020,06:31,.065,.065,.065,.065, 50000
03/05/2020,00:58,.065,.065,.065,.065, 102155
03/05/2020,01:00,.065,.065,.065,.065, 161394
03/05/2020,01:05,.065,.065,.065,.065, 136451
03/05/2020,01:44,.065,.065,.065,.065, 17744
03/05/2020,04:22,.065,.065,.065,.065, 200000
03/05/2020,06:08,.065,.065,.065,.065, 40000
03/05/2020,06:20,.065,.065,.063,.063, 269499
03/05/2020,06:20,.063,.063,.063,.063, 92948
03/06/2020,01:37,.063,.063,.063,.063, 8048
03/06/2020,03:27,.062,.062,.062,.062, 33684
03/06/2020,03:54,.063,.063,.063,.063, 5292
03/06/2020,04:06,.063,.063,.063,.063, 50000
03/06/2020,04:24,.063,.063,.063,.063, 6313
03/06/2020,04:35,.063,.063,.063,.063, 30347
03/06/2020,04:37,.065,.065,.065,.065, 50000
03/06/2020,04:54,.065,.065,.065,.065, 12496
03/06/2020,04:58,.065,.065,.065,.065, 75000
03/06/2020,05:00,.065,.065,.065,.065, 50000
03/06/2020,05:04,.065,.065,.065,.065, 16000
03/06/2020,05:05,.065,.065,.065,.065, 368
03/06/2020,05:08,.065,.065,.065,.065, 57000
03/06/2020,06:15,.063,.063,.063,.063, 10000
03/09/2020,00:27,.062,.062,.062,.062, 10073
03/09/2020,00:47,.062,.062,.062,.062, 29927
03/09/2020,01:52,.061,.061,.061,.061, 150000
03/09/2020,02:08,.06,.06,.06,.06, 75000
03/09/2020,02:09,.06,.06,.06,.06, 59927
03/09/2020,02:43,.061,.062,.061,.062, 70398
03/09/2020,03:01,.06,.06,.06,.06, 100000
03/09/2020,04:10,.062,.062,.062,.062, 6787
03/09/2020,04:17,.061,.061,.061,.061, 12496
03/09/2020,04:52,.062,.062,.062,.062, 6055
03/09/2020,05:36,.061,.061,.061,.061, 37504
03/10/2020,00:36,.06,.06,.06,.06, 12073
03/10/2020,00:42,.058,.058,.058,.058, 82319
03/10/2020,00:44,.058,.058,.058,.058, 11795
03/10/2020,00:55,.055,.055,.055,.055, 75000
03/10/2020,01:15,.052,.052,.051,.051, 28324
03/10/2020,01:16,.05,.05,.05,.05, 17553
03/10/2020,01:18,.052,.052,.052,.052, 305000
03/10/2020,01:29,.052,.052,.052,.052, 195000
03/10/2020,02:23,.052,.052,.052,.052, 21205
03/10/2020,05:41,.057,.057,.057,.057, 38319
03/10/2020,05:44,.057,.057,.057,.057, 7681
03/10/2020,05:53,.058,.058,.058,.058, 7301
03/11/2020,00:27,.06,.06,.06,.06, 16000
03/11/2020,00:46,.06,.06,.06,.06, 6819
03/11/2020,01:45,.057,.057,.057,.057, 128182
03/11/2020,06:13,.059,.059,.059,.059, 9565
03/12/2020,00:27,.06,.06,.06,.06, 4098
03/12/2020,00:33,.056,.056,.056,.056, 6000
03/12/2020,00:36,.056,.056,.056,.056, 6000
03/12/2020,01:26,.059,.059,.059,.059, 15000
03/12/2020,01:35,.057,.057,.057,.057, 1500
03/12/2020,01:59,.057,.057,.056,.056, 72607
03/12/2020,03:04,.057,.057,.057,.057, 6429
03/12/2020,04:41,.056,.056,.056,.056, 8883
03/12/2020,05:07,.054,.054,.053,.053, 108774
03/12/2020,05:15,.052,.052,.052,.052, 82447
03/12/2020,05:57,.051,.052,.051,.052, 118000
03/12/2020,06:04,.052,.052,.052,.052, 150000
03/13/2020,01:33,.048,.048,.048,.048, 35981
03/13/2020,03:42,.05,.05,.05,.05, 101211
03/13/2020,04:01,.052,.052,.052,.052, 95000
03/13/2020,04:04,.052,.052,.052,.052, 3789
03/13/2020,05:34,.052,.052,.052,.052, 8994
03/13/2020,05:56,.048,.048,.048,.048, 67500
03/16/2020,00:42,.05,.05,.05,.05, 38461
03/16/2020,01:01,.05,.05,.05,.05, 1539
03/16/2020,01:06,.05,.05,.05,.05, 20490
03/16/2020,02:25,.048,.048,.048,.048, 54350
03/16/2020,03:11,.049,.049,.049,.049, 20000
03/16/2020,03:36,.049,.049,.049,.049, 10687
03/16/2020,04:58,.048,.048,.048,.048, 3495
03/17/2020,01:22,.048,.048,.046,.046, 88821
03/17/2020,04:55,.045,.045,.045,.045, 20000
03/18/2020,01:09,.041,.041,.04,.04, 52342
03/18/2020,01:54,.041,.041,.041,.041, 220000
03/18/2020,02:05,.041,.041,.041,.041, 26032
03/18/2020,03:30,.04,.04,.04,.04, 125785
03/18/2020,03:53,.04,.04,.04,.04, 64626
03/18/2020,04:34,.04,.04,.04,.04, 77744
03/18/2020,05:51,.04,.04,.04,.04, 8839
03/18/2020,06:16,.04,.04,.04,.04, 9370
03/19/2020,03:12,.041,.041,.041,.041, 100000
03/19/2020,03:32,.04,.04,.04,.04, 3155
03/19/2020,03:53,.04,.04,.04,.04, 7990
03/19/2020,03:58,.04,.04,.04,.04, 10462
03/19/2020,04:21,.035,.035,.035,.035, 2195
03/19/2020,06:03,.038,.038,.038,.038, 24450
03/20/2020,00:27,.038,.038,.038,.038, 13859
03/20/2020,01:43,.038,.038,.038,.038, 50000
03/20/2020,01:50,.038,.038,.038,.038, 61656
03/20/2020,03:41,.037,.037,.037,.037, 8838
03/20/2020,04:07,.036,.036,.035,.035, 281805
03/20/2020,04:19,.034,.035,.034,.035, 31580
03/20/2020,05:07,.035,.035,.035,.035, 2000
03/20/2020,05:19,.035,.035,.035,.035, 216420
03/20/2020,05:49,.035,.035,.035,.035, 6506
03/20/2020,06:11,.035,.035,.035,.035, 7074
03/23/2020,00:27,.033,.033,.033,.033, 92926
03/23/2020,00:34,.033,.033,.033,.033, 102577
03/23/2020,01:15,.033,.033,.033,.033, 250000
03/23/2020,01:46,.03,.03,.03,.03, 123326
03/23/2020,01:59,.03,.03,.029,.029, 84497
03/23/2020,03:07,.03,.03,.03,.03, 25000
03/23/2020,04:34,.03,.03,.029,.029, 20000
03/24/2020,00:40,.029,.029,.029,.029, 10177
03/24/2020,00:46,.029,.029,.029,.029, 30000
03/24/2020,02:06,.029,.029,.029,.029, 1779
03/24/2020,02:19,.026,.026,.026,.026, 6100
03/24/2020,02:45,.029,.029,.029,.029, 11180
03/24/2020,02:49,.029,.029,.029,.029, 4835
03/25/2020,00:58,.037,.038,.037,.038, 25000
03/25/2020,01:04,.038,.038,.038,.038, 20000
03/25/2020,01:04,.038,.038,.038,.038, 20000
03/25/2020,03:33,.038,.038,.038,.038, 7857
03/26/2020,01:07,.038,.038,.038,.038, 20000
03/26/2020,01:32,.037,.037,.037,.037, 25000
03/26/2020,01:36,.034,.034,.034,.034, 24377
03/26/2020,03:41,.034,.034,.034,.034, 20788
03/26/2020,06:31,.034,.034,.034,.034, 10800
03/27/2020,00:27,.034,.034,.034,.034, 17647
03/27/2020,00:42,.034,.034,.034,.034, 48259
03/27/2020,01:23,.031,.031,.03,.03, 122841
03/27/2020,02:50,.03,.03,.03,.03, 193759
03/27/2020,02:52,.029,.029,.029,.029, 208747
03/30/2020,01:27,.03,.03,.03,.03, 10000
03/30/2020,04:34,.032,.032,.032,.032, 522841
03/30/2020,04:42,.032,.033,.032,.033, 200000
03/30/2020,04:44,.033,.033,.033,.033, 25159
03/30/2020,05:45,.032,.032,.032,.032, 27000
03/30/2020,06:44,.032,.032,.032,.032, 3000
03/31/2020,01:27,.032,.032,.032,.032, 60664
03/31/2020,01:52,.032,.032,.032,.032, 48636
03/31/2020,02:28,.033,.033,.033,.033, 18600
03/31/2020,02:54,.034,.034,.033,.033, 153113
03/31/2020,02:58,.034,.034,.034,.034, 1400
03/31/2020,03:16,.032,.032,.032,.032, 52000
03/31/2020,03:49,.032,.032,.032,.032, 20000
03/31/2020,03:49,.03,.03,.03,.03, 5000
03/31/2020,03:59,.032,.032,.032,.032, 40000
03/31/2020,06:01,.032,.032,.032,.032, 28125
03/31/2020,07:05,.032,.032,.032,.032, 100000
03/31/2020,07:20,.032,.032,.032,.032, 100000

