02/03/2020,16:31,10.58,10.58,10.58,10.58, 1
02/03/2020,17:01,10.58,10.58,10.58,10.58, 1
02/04/2020,16:31,10.73,10.73,10.73,10.73, 1
02/04/2020,17:01,10.73,10.73,10.73,10.73, 1
02/05/2020,16:31,11,11,11,11, 1
02/05/2020,17:01,11,11,11,11, 1
02/06/2020,16:31,10.86,10.86,10.86,10.86, 1
02/06/2020,17:01,10.86,10.86,10.86,10.86, 1
02/07/2020,16:31,11,11,11,11, 1
02/10/2020,16:31,10.73,10.73,10.73,10.73, 1
02/10/2020,17:01,10.73,10.73,10.73,10.73, 1
02/11/2020,16:31,10.89,10.89,10.89,10.89, 1
02/11/2020,17:01,10.89,10.89,10.89,10.89, 1
02/12/2020,16:31,10.95,10.95,10.95,10.95, 1
02/12/2020,17:01,10.95,10.95,10.95,10.95, 1
02/13/2020,16:31,11.27,11.27,11.27,11.27, 1
02/13/2020,17:01,11.27,11.27,11.27,11.27, 1
02/14/2020,16:31,11.37,11.37,11.37,11.37, 1
02/14/2020,17:01,11.37,11.37,11.37,11.37, 1
02/17/2020,16:31,11.59,11.59,11.59,11.59, 1
02/17/2020,17:01,11.59,11.59,11.59,11.59, 1
02/18/2020,16:31,11.59,11.59,11.59,11.59, 1
02/18/2020,17:01,11.59,11.59,11.59,11.59, 1
02/19/2020,16:31,11.72,11.72,11.72,11.72, 1
02/19/2020,17:01,11.72,11.72,11.72,11.72, 1
02/20/2020,16:31,11.24,11.24,11.24,11.24, 1
02/20/2020,17:01,11.24,11.24,11.24,11.24, 1
02/21/2020,17:01,12.54,12.54,12.54,12.54, 1
02/24/2020,16:31,12.71,12.71,12.71,12.71, 1
02/24/2020,17:01,12.71,12.71,12.71,12.71, 1
02/25/2020,16:31,12.56,12.56,12.56,12.56, 1
02/25/2020,17:01,12.56,12.56,12.56,12.56, 1
02/26/2020,16:31,12.43,12.43,12.43,12.43, 1
02/26/2020,17:01,12.43,12.43,12.43,12.43, 1
02/28/2020,16:31,11.3,11.3,11.3,11.3, 1
02/28/2020,17:01,11.3,11.3,11.3,11.3, 1

