03/02/2020,16:31,6.87,6.87,6.87,6.87, 1
03/02/2020,17:01,6.87,6.87,6.87,6.87, 1
03/03/2020,16:31,7.23,7.23,7.23,7.23, 1
03/03/2020,17:01,7.23,7.23,7.23,7.23, 1
03/04/2020,16:31,7.48,7.48,7.48,7.48, 1
03/04/2020,17:01,7.48,7.48,7.48,7.48, 1
03/05/2020,16:31,7.43,7.43,7.43,7.43, 1
03/05/2020,17:01,7.43,7.43,7.43,7.43, 1
03/06/2020,16:31,7.29,7.29,7.29,7.29, 1
03/09/2020,16:31,6.94,6.94,6.94,6.94, 1
03/09/2020,17:01,6.94,6.94,6.94,6.94, 1
03/10/2020,16:31,6.84,6.84,6.84,6.84, 1
03/10/2020,17:01,6.84,6.84,6.84,6.84, 1
03/11/2020,16:31,6.77,6.77,6.77,6.77, 1
03/11/2020,17:01,6.77,6.77,6.77,6.77, 1
03/12/2020,16:31,6.26,6.26,6.26,6.26, 1
03/12/2020,17:01,6.26,6.26,6.26,6.26, 1
03/13/2020,16:31,6.45,6.45,6.45,6.45, 1
03/13/2020,17:01,6.45,6.45,6.45,6.45, 1
03/16/2020,16:31,5.97,5.97,5.97,5.97, 1
03/16/2020,17:01,5.97,5.97,5.97,5.97, 1
03/17/2020,16:31,6.09,6.09,6.09,6.09, 1
03/17/2020,17:01,6.09,6.09,6.09,6.09, 1
03/18/2020,16:31,5.86,5.86,5.86,5.86, 1
03/18/2020,17:01,5.86,5.86,5.86,5.86, 1
03/19/2020,16:31,5.68,5.68,5.68,5.68, 1
03/20/2020,16:31,5.52,5.52,5.52,5.52, 1
03/20/2020,17:01,5.52,5.52,5.52,5.52, 1
03/23/2020,17:01,5.36,5.36,5.36,5.36, 1
03/24/2020,17:01,5.73,5.73,5.73,5.73, 1
03/25/2020,16:31,5.57,5.57,5.57,5.57, 1
03/25/2020,17:01,5.57,5.57,5.57,5.57, 1
03/26/2020,16:31,5.73,5.73,5.73,5.73, 1
03/26/2020,17:01,5.73,5.73,5.73,5.73, 1
03/27/2020,16:31,5.53,5.53,5.53,5.53, 1
03/27/2020,17:01,5.53,5.53,5.53,5.53, 1
03/30/2020,17:31,5.51,5.51,5.51,5.51, 1
03/30/2020,18:01,5.51,5.51,5.51,5.51, 1
03/31/2020,18:01,5.6,5.6,5.6,5.6, 1

