03/02/2020,16:31,7.56,7.56,7.56,7.56, 1
03/02/2020,17:01,7.56,7.56,7.56,7.56, 1
03/03/2020,16:31,8.15,8.15,8.15,8.15, 1
03/03/2020,17:01,8.15,8.15,8.15,8.15, 1
03/04/2020,16:31,7.83,7.83,7.83,7.83, 1
03/04/2020,17:01,7.83,7.83,7.83,7.83, 1
03/05/2020,16:31,8.07,8.07,8.07,8.07, 1
03/05/2020,17:01,8.07,8.07,8.07,8.07, 1
03/06/2020,16:31,7.8,7.8,7.8,7.8, 1
03/09/2020,16:31,7.01,7.01,7.01,7.01, 1
03/09/2020,17:01,7.01,7.01,7.01,7.01, 1
03/10/2020,16:31,6.96,6.96,6.96,6.96, 1
03/10/2020,17:01,6.96,6.96,6.96,6.96, 1
03/11/2020,16:31,6.9,6.9,6.9,6.9, 1
03/11/2020,17:01,6.9,6.9,6.9,6.9, 1
03/12/2020,16:31,6.2,6.2,6.2,6.2, 1
03/12/2020,17:01,6.2,6.2,6.2,6.2, 1
03/13/2020,16:31,6.3,6.3,6.3,6.3, 1
03/13/2020,17:01,6.3,6.3,6.3,6.3, 1
03/16/2020,16:31,5.87,5.87,5.87,5.87, 1
03/16/2020,17:01,5.87,5.87,5.87,5.87, 1
03/17/2020,16:31,5.9,5.9,5.9,5.9, 1
03/17/2020,17:01,5.9,5.9,5.9,5.9, 1
03/18/2020,16:31,5.75,5.75,5.75,5.75, 1
03/18/2020,17:01,5.75,5.75,5.75,5.75, 1
03/19/2020,16:31,5.71,5.71,5.71,5.71, 1
03/19/2020,17:01,5.71,5.71,5.71,5.71, 1
03/20/2020,16:31,6.07,6.07,6.07,6.07, 1
03/20/2020,17:01,6.07,6.07,6.07,6.07, 1
03/23/2020,17:01,6.2,6.2,6.2,6.2, 1
03/24/2020,17:01,6.78,6.78,6.78,6.78, 1
03/25/2020,16:31,6.58,6.58,6.58,6.58, 1
03/25/2020,17:01,6.58,6.58,6.58,6.58, 1
03/26/2020,16:31,7,7,7,7, 1
03/26/2020,17:01,7,7,7,7, 1
03/27/2020,16:31,6.56,6.56,6.56,6.56, 1
03/27/2020,17:01,6.56,6.56,6.56,6.56, 1
03/30/2020,17:31,6.65,6.65,6.65,6.65, 1
03/30/2020,18:01,6.65,6.65,6.65,6.65, 1
03/31/2020,18:01,6.7,6.7,6.7,6.7, 1

