02/03/2020,08:04,61.655,61.655,61.655,61.655, 1
02/03/2020,08:23,61.615,61.615,61.615,61.615, 1
02/03/2020,08:47,61.655,61.655,61.655,61.655, 1
02/03/2020,09:09,61.615,61.615,61.615,61.615, 1
02/03/2020,12:28,61.655,61.655,61.655,61.655, 1
02/03/2020,12:48,61.615,61.615,61.615,61.615, 1
02/03/2020,13:46,61.62,61.62,61.62,61.62, 1
02/03/2020,13:53,61.655,61.655,61.655,61.655, 1
02/03/2020,14:17,61.615,61.615,61.615,61.615, 1
02/03/2020,16:31,61.655,61.655,61.655,61.655, 1
02/04/2020,08:12,61.615,61.615,61.615,61.615, 1
02/04/2020,13:48,61.62,61.62,61.62,61.62, 1
02/04/2020,16:14,61.655,61.655,61.655,61.655, 1
02/05/2020,08:33,61.615,61.615,61.615,61.615, 1
02/05/2020,10:05,61.655,61.655,61.655,61.655, 1
02/05/2020,10:28,61.615,61.615,61.615,61.615, 1
02/05/2020,13:00,61.655,61.655,61.655,61.655, 1
02/05/2020,13:22,61.615,61.615,61.615,61.615, 1
02/05/2020,13:48,61.63,61.63,61.63,61.63, 1
02/05/2020,14:31,61.655,61.655,61.655,61.655, 1
02/05/2020,15:16,61.615,61.615,61.615,61.615, 1
02/06/2020,13:07,61.655,61.655,61.655,61.655, 1
02/06/2020,13:32,61.615,61.615,61.615,61.615, 1
02/06/2020,13:47,61.61,61.61,61.61,61.61, 1
02/06/2020,15:22,61.655,61.655,61.655,61.655, 1
02/06/2020,16:03,61.615,61.615,61.615,61.615, 1
02/06/2020,16:26,61.655,61.655,61.655,61.655, 1
02/07/2020,08:22,61.615,61.615,61.615,61.615, 1
02/07/2020,11:41,61.655,61.655,61.655,61.655, 1
02/07/2020,12:24,61.615,61.615,61.615,61.615, 1
02/07/2020,12:46,61.655,61.655,61.655,61.655, 1
02/07/2020,13:47,61.62,61.62,61.62,61.62, 1
02/07/2020,14:17,61.615,61.615,61.615,61.615, 1
02/10/2020,08:01,61.615,61.615,61.615,61.615, 1
02/10/2020,13:48,61.62,61.62,61.62,61.62, 1
02/10/2020,15:01,61.655,61.655,61.655,61.655, 1
02/11/2020,08:10,61.615,61.615,61.615,61.615, 1
02/11/2020,09:38,61.655,61.655,61.655,61.655, 1
02/11/2020,09:59,61.615,61.615,61.615,61.615, 1
02/11/2020,13:18,61.655,61.655,61.655,61.655, 1
02/11/2020,13:38,61.615,61.615,61.615,61.615, 1
02/11/2020,13:48,61.68,61.68,61.68,61.68, 1
02/11/2020,14:22,61.655,61.655,61.655,61.655, 1
02/11/2020,15:47,61.615,61.615,61.615,61.615, 1
02/11/2020,16:11,61.655,61.655,61.655,61.655, 1
02/12/2020,12:13,61.655,61.655,61.655,61.655, 1
02/12/2020,12:35,61.615,61.615,61.615,61.615, 1
02/12/2020,13:48,61.62,61.62,61.62,61.62, 1
02/13/2020,12:24,61.62,61.62,61.62,61.62, 1
02/13/2020,13:05,61.615,61.615,61.615,61.615, 1
02/13/2020,13:47,61.62,61.62,61.62,61.62, 1
02/13/2020,14:10,61.62,61.62,61.62,61.62, 1
02/13/2020,14:57,61.615,61.615,61.615,61.615, 1
02/13/2020,16:01,61.62,61.62,61.62,61.62, 1
02/14/2020,08:42,61.615,61.615,61.615,61.615, 1
02/14/2020,09:45,61.62,61.62,61.62,61.62, 1
02/14/2020,10:29,61.615,61.615,61.615,61.615, 1
02/14/2020,11:15,61.62,61.62,61.62,61.62, 1
02/14/2020,11:38,61.615,61.615,61.615,61.615, 1
02/14/2020,11:59,61.62,61.62,61.62,61.62, 1
02/14/2020,12:22,61.615,61.615,61.615,61.615, 1
02/14/2020,13:47,61.64,61.64,61.64,61.64, 1
02/14/2020,13:51,61.62,61.62,61.62,61.62, 1
02/14/2020,14:15,61.615,61.615,61.615,61.615, 1
02/14/2020,14:38,61.62,61.62,61.62,61.62, 1
02/17/2020,06:10,61.62,61.62,61.62,61.62, 1
02/17/2020,08:05,61.62,61.62,61.62,61.62, 1
02/17/2020,08:10,61.62,61.62,61.62,61.62, 1
02/17/2020,08:48,61.615,61.615,61.615,61.615, 1
02/17/2020,09:31,61.62,61.62,61.62,61.62, 1
02/17/2020,13:47,61.64,61.64,61.64,61.64, 1
02/17/2020,16:54,61.575,61.575,61.575,61.575, 1
02/18/2020,08:34,61.615,61.615,61.615,61.615, 1
02/18/2020,10:46,61.575,61.575,61.575,61.575, 1
02/18/2020,11:08,61.615,61.615,61.615,61.615, 1
02/18/2020,13:21,61.595,61.595,61.595,61.595, 1
02/18/2020,13:42,61.615,61.615,61.615,61.615, 1
02/18/2020,13:48,61.62,61.62,61.62,61.62, 1
02/18/2020,14:26,61.595,61.595,61.595,61.595, 1
02/18/2020,15:29,61.615,61.615,61.615,61.615, 1
02/18/2020,16:37,61.575,61.575,61.575,61.575, 1
02/19/2020,08:34,61.595,61.595,61.595,61.595, 1
02/19/2020,09:21,61.575,61.575,61.575,61.575, 1
02/19/2020,09:42,61.615,61.615,61.615,61.615, 1
02/19/2020,10:29,61.575,61.575,61.575,61.575, 1
02/19/2020,10:49,61.615,61.615,61.615,61.615, 1
02/19/2020,13:46,61.575,61.575,61.575,61.575, 1
02/19/2020,13:48,61.61,61.61,61.61,61.61, 1
02/19/2020,14:09,61.615,61.615,61.615,61.615, 1
02/20/2020,09:17,61.5,61.5,61.5,61.5, 1
02/20/2020,09:29,61.51,61.51,61.51,61.51, 1
02/20/2020,13:47,61.51,61.51,61.51,61.51, 1
02/20/2020,16:04,61.595,61.595,61.595,61.595, 1
02/21/2020,08:23,61.615,61.615,61.615,61.615, 1
02/21/2020,10:57,61.575,61.575,61.575,61.575, 1
02/21/2020,11:19,61.615,61.615,61.615,61.615, 1
02/21/2020,13:10,61.575,61.575,61.575,61.575, 1
02/21/2020,13:33,61.615,61.615,61.615,61.615, 1
02/21/2020,13:48,61.61,61.61,61.61,61.61, 1
02/21/2020,15:05,61.575,61.575,61.575,61.575, 1
02/21/2020,15:25,61.615,61.615,61.615,61.615, 1
02/21/2020,16:28,61.575,61.575,61.575,61.575, 1
02/24/2020,07:59,61.595,61.595,61.595,61.595, 1
02/24/2020,09:04,61.575,61.575,61.575,61.575, 1
02/24/2020,13:48,61.61,61.61,61.61,61.61, 1
02/25/2020,08:08,61.615,61.615,61.615,61.615, 1
02/25/2020,12:34,61.575,61.575,61.575,61.575, 1
02/25/2020,12:55,61.615,61.615,61.615,61.615, 1
02/25/2020,13:48,61.59,61.59,61.59,61.59, 1
02/25/2020,15:45,61.575,61.575,61.575,61.575, 1
02/25/2020,16:09,61.615,61.615,61.615,61.615, 1
02/25/2020,16:32,61.575,61.575,61.575,61.575, 1
02/26/2020,08:04,61.615,61.615,61.615,61.615, 1
02/26/2020,12:11,61.67,61.67,61.67,61.67, 1
02/26/2020,13:18,61.615,61.615,61.615,61.615, 1
02/26/2020,13:47,61.68,61.68,61.68,61.68, 1
02/26/2020,14:03,61.67,61.67,61.67,61.67, 1
02/26/2020,14:50,61.615,61.615,61.615,61.615, 1
02/26/2020,16:18,61.67,61.67,61.67,61.67, 1
02/28/2020,13:48,61.69,61.69,61.69,61.69, 1

