01/02/2020,01:11,.091,.091,.091,.091, 5630
01/02/2020,01:37,.092,.092,.092,.092, 221319
01/02/2020,01:39,.092,.092,.091,.092, 86414
01/02/2020,01:52,.092,.092,.092,.092, 50560
01/02/2020,01:57,.093,.093,.093,.093, 28056
01/02/2020,03:40,.092,.092,.092,.092, 124428
01/02/2020,03:41,.091,.091,.091,.091, 133637
01/02/2020,03:47,.092,.092,.092,.092, 215646
01/02/2020,03:50,.092,.092,.092,.092, 26862
01/02/2020,04:51,.092,.092,.092,.092, 7576
01/02/2020,05:16,.092,.092,.092,.092, 36315
01/02/2020,05:24,.092,.092,.092,.092, 28505
01/02/2020,05:46,.092,.092,.092,.092, 5953
01/02/2020,05:46,.092,.092,.092,.092, 12200
01/02/2020,05:48,.093,.093,.093,.093, 261475
01/02/2020,06:31,.093,.093,.093,.093, 26352
01/03/2020,00:21,.093,.093,.093,.093, 252238
01/03/2020,00:29,.094,.094,.094,.094, 27500
01/03/2020,00:31,.094,.094,.094,.094, 797929
01/03/2020,00:32,.094,.094,.094,.094, 82585
01/03/2020,00:33,.094,.094,.094,.094, 80000
01/03/2020,00:34,.095,.095,.095,.095, 32988
01/03/2020,00:38,.095,.095,.095,.095, 64640
01/03/2020,00:42,.094,.094,.094,.094, 109119
01/03/2020,00:54,.093,.093,.093,.093, 69028
01/03/2020,00:54,.092,.092,.092,.092, 148317
01/03/2020,01:02,.093,.093,.093,.093, 25000
01/03/2020,01:23,.092,.093,.092,.093, 327115
01/03/2020,02:06,.093,.093,.093,.093, 4500
01/03/2020,02:29,.093,.093,.093,.093, 33630
01/03/2020,02:44,.093,.093,.093,.093, 17896
01/03/2020,03:27,.093,.093,.093,.093, 18750
01/03/2020,03:32,.093,.093,.093,.093, 5000
01/03/2020,03:53,.093,.093,.093,.093, 9458
01/03/2020,03:59,.093,.093,.093,.093, 44469
01/03/2020,04:33,.093,.093,.093,.093, 27329
01/03/2020,06:31,.093,.093,.093,.093, 22671
01/06/2020,00:20,.094,.094,.094,.094, 118958
01/06/2020,00:27,.094,.094,.093,.094, 74203
01/06/2020,00:28,.094,.094,.094,.094, 285
01/06/2020,00:29,.094,.094,.094,.094, 44271
01/06/2020,00:36,.094,.094,.094,.094, 52766
01/06/2020,00:48,.094,.094,.094,.094, 78800
01/06/2020,00:52,.093,.093,.093,.093, 256613
01/06/2020,00:54,.093,.093,.093,.093, 52876
01/06/2020,01:29,.092,.092,.092,.092, 101540
01/06/2020,02:07,.092,.092,.092,.092, 6000
01/06/2020,02:16,.092,.092,.092,.092, 20798
01/06/2020,03:46,.092,.092,.092,.092, 9932
01/06/2020,03:53,.092,.092,.092,.092, 10800
01/06/2020,04:19,.092,.092,.092,.092, 21970
01/06/2020,04:36,.092,.092,.092,.092, 33000
01/06/2020,04:50,.092,.093,.092,.092, 173044
01/06/2020,04:51,.092,.092,.092,.092, 22209
01/06/2020,04:52,.092,.092,.092,.092, 505
01/06/2020,04:53,.092,.092,.092,.092, 508
01/06/2020,04:54,.092,.092,.092,.092, 489
01/06/2020,04:55,.092,.092,.092,.092, 535
01/06/2020,04:56,.092,.092,.092,.092, 470
01/06/2020,04:57,.092,.092,.092,.092, 1051
01/06/2020,04:58,.092,.092,.092,.092, 1060
01/06/2020,04:59,.092,.092,.092,.092, 858
01/06/2020,06:09,.092,.092,.092,.092, 491
01/06/2020,06:10,.092,.092,.092,.092, 652
01/06/2020,06:11,.092,.092,.092,.092, 120127
01/06/2020,06:12,.091,.091,.091,.091, 221767
01/06/2020,06:13,.091,.091,.091,.091, 14510
01/06/2020,06:17,.091,.091,.091,.091, 4224
01/06/2020,06:18,.091,.091,.091,.091, 3544
01/06/2020,06:19,.091,.091,.091,.091, 2063
01/06/2020,06:20,.091,.091,.091,.091, 1574
01/06/2020,06:31,.091,.091,.091,.091, 9218
01/07/2020,00:21,.092,.092,.092,.092, 446608
01/07/2020,00:24,.092,.092,.092,.092, 10734
01/07/2020,00:34,.092,.092,.092,.092, 22000
01/07/2020,00:37,.092,.092,.092,.092, 48165
01/07/2020,00:42,.091,.091,.091,.091, 4414
01/07/2020,01:44,.092,.092,.092,.092, 6522
01/07/2020,01:55,.092,.092,.092,.092, 50980
01/07/2020,01:59,.092,.092,.092,.092, 3000
01/07/2020,02:39,.092,.092,.092,.092, 7500
01/07/2020,02:42,.091,.091,.091,.091, 5500
01/07/2020,02:58,.092,.092,.092,.092, 11563
01/07/2020,03:15,.091,.091,.091,.091, 100000
01/07/2020,03:21,.091,.091,.091,.091, 58363
01/07/2020,04:07,.092,.092,.092,.092, 80000
01/07/2020,04:15,.092,.092,.092,.092, 38319
01/07/2020,04:17,.092,.092,.092,.092, 6000
01/07/2020,05:04,.091,.091,.091,.091, 29513
01/07/2020,05:05,.091,.091,.091,.091, 14119
01/07/2020,05:05,.091,.091,.091,.091, 172
01/07/2020,05:06,.091,.091,.091,.091, 270
01/07/2020,05:07,.091,.091,.091,.091, 382
01/07/2020,05:09,.091,.091,.091,.091, 554
01/07/2020,05:26,.091,.091,.091,.091, 6387
01/07/2020,05:40,.092,.092,.091,.091, 11145
01/07/2020,05:44,.091,.091,.091,.091, 1237
01/07/2020,06:11,.091,.091,.091,.091, 1117
01/07/2020,06:18,.091,.092,.091,.092, 5619
01/07/2020,06:18,.091,.091,.091,.091, 634
01/08/2020,00:20,.091,.091,.091,.091, 70068
01/08/2020,00:26,.092,.092,.092,.092, 34230
01/08/2020,00:35,.092,.092,.092,.092, 5000
01/08/2020,00:49,.092,.092,.092,.092, 12741
01/08/2020,01:07,.091,.091,.091,.091, 5000
01/08/2020,01:23,.092,.092,.091,.091, 3052
01/08/2020,01:30,.091,.091,.091,.091, 553438
01/08/2020,01:35,.09,.09,.09,.09, 15000
01/08/2020,01:49,.09,.09,.09,.09, 11592
01/08/2020,02:02,.09,.09,.09,.09, 4818
01/08/2020,02:24,.09,.09,.09,.09, 215000
01/08/2020,02:38,.09,.09,.09,.09, 323864
01/08/2020,03:01,.09,.09,.09,.09, 3000
01/08/2020,03:04,.09,.09,.09,.09, 54175
01/08/2020,03:29,.09,.09,.089,.089, 148360
01/08/2020,03:46,.089,.089,.089,.089, 36803
01/08/2020,04:02,.09,.09,.09,.09, 5700
01/08/2020,04:09,.089,.089,.089,.089, 11000
01/08/2020,04:53,.09,.09,.09,.09, 66344
01/08/2020,04:55,.09,.09,.09,.09, 10000
01/08/2020,05:49,.089,.089,.089,.089, 76000
01/08/2020,05:55,.089,.089,.089,.089, 20000
01/08/2020,06:00,.09,.09,.09,.09, 20000
01/08/2020,06:04,.089,.089,.089,.089, 50000
01/08/2020,06:16,.088,.088,.087,.087, 137968
01/08/2020,06:18,.087,.087,.087,.087, 551395
01/09/2020,00:24,.088,.089,.088,.088, 32578
01/09/2020,00:37,.089,.089,.089,.089, 10000
01/09/2020,01:00,.089,.089,.089,.089, 5000
01/09/2020,01:13,.089,.089,.089,.089, 89026
01/09/2020,02:10,.089,.089,.089,.089, 8402
01/09/2020,02:23,.089,.089,.088,.088, 281270
01/09/2020,02:24,.088,.088,.088,.088, 6034
01/09/2020,02:28,.089,.089,.089,.089, 14593
01/09/2020,03:15,.089,.089,.089,.089, 153112
01/09/2020,03:38,.089,.089,.089,.089, 16685
01/09/2020,04:03,.089,.089,.089,.089, 8146
01/09/2020,04:16,.089,.089,.089,.089, 1746
01/09/2020,04:21,.089,.089,.089,.089, 14121
01/09/2020,05:12,.088,.088,.088,.088, 50000
01/09/2020,05:19,.088,.088,.088,.088, 10835
01/09/2020,05:48,.088,.088,.088,.088, 50000
01/09/2020,06:06,.088,.088,.088,.088, 11862
01/09/2020,06:09,.089,.089,.089,.089, 4
01/09/2020,06:18,.088,.088,.088,.088, 224112
01/10/2020,00:20,.088,.088,.088,.088, 71769
01/10/2020,00:43,.087,.088,.087,.088, 8779
01/10/2020,00:46,.087,.088,.087,.088, 1731
01/10/2020,01:09,.088,.088,.088,.088, 1399
01/10/2020,01:12,.088,.088,.088,.088, 1549
01/10/2020,01:28,.088,.088,.088,.088, 7278
01/10/2020,02:03,.089,.089,.089,.089, 88841
01/10/2020,02:03,.089,.089,.089,.089, 393
01/10/2020,02:25,.089,.089,.089,.089, 11640
01/10/2020,02:28,.089,.089,.089,.089, 1378
01/10/2020,02:35,.089,.089,.089,.089, 1888
01/10/2020,02:35,.089,.089,.089,.089, 10612
01/10/2020,03:11,.089,.089,.089,.089, 8236
01/10/2020,03:14,.09,.09,.09,.09, 60595
01/10/2020,03:24,.089,.089,.089,.089, 1584
01/10/2020,03:35,.089,.089,.089,.089, 213356
01/10/2020,03:37,.088,.088,.088,.088, 115900
01/10/2020,03:41,.087,.087,.087,.087, 349494
01/10/2020,03:41,.086,.087,.086,.087, 57792
01/10/2020,03:43,.086,.086,.086,.086, 100000
01/10/2020,03:44,.086,.086,.086,.086, 4527
01/10/2020,03:47,.086,.086,.086,.086, 9829
01/10/2020,03:52,.086,.087,.086,.087, 88603
01/10/2020,03:53,.087,.087,.087,.087, 75000
01/10/2020,03:54,.087,.087,.087,.087, 6392
01/10/2020,04:03,.087,.088,.087,.088, 9570
01/10/2020,04:20,.087,.087,.087,.087, 185930
01/10/2020,04:49,.087,.087,.087,.087, 12633
01/10/2020,04:57,.088,.088,.088,.088, 51
01/10/2020,04:59,.087,.088,.087,.088, 20000
01/10/2020,05:07,.088,.088,.088,.088, 3079
01/10/2020,05:22,.087,.087,.087,.087, 9195
01/10/2020,05:46,.088,.088,.088,.088, 88301
01/10/2020,05:56,.088,.088,.088,.088, 14063
01/10/2020,05:58,.087,.087,.087,.087, 16364
01/10/2020,06:08,.087,.087,.087,.087, 3500
01/10/2020,06:17,.087,.087,.087,.087, 14550
01/10/2020,06:20,.087,.087,.087,.087, 22500
01/10/2020,06:20,.088,.088,.088,.088, 20000
01/13/2020,00:21,.089,.089,.089,.089, 38461
01/13/2020,00:21,.09,.09,.089,.089, 123500
01/13/2020,00:55,.09,.09,.09,.09, 156593
01/13/2020,01:05,.09,.09,.09,.09, 3216
01/13/2020,01:28,.09,.09,.09,.09, 6053
01/13/2020,01:46,.089,.089,.089,.089, 4954
01/13/2020,01:55,.089,.089,.089,.089, 200165
01/13/2020,01:58,.089,.089,.089,.089, 10000
01/13/2020,03:02,.089,.089,.089,.089, 12921
01/13/2020,03:38,.089,.089,.088,.088, 22900
01/13/2020,05:01,.089,.089,.088,.088, 133333
01/13/2020,05:51,.087,.087,.087,.087, 5330
01/13/2020,06:00,.088,.088,.088,.088, 14800
01/13/2020,06:02,.088,.088,.088,.088, 2994
01/14/2020,00:21,.088,.088,.088,.088, 29289
01/14/2020,01:12,.088,.088,.088,.088, 405
01/14/2020,01:58,.088,.088,.087,.087, 70807
01/14/2020,02:05,.087,.087,.087,.087, 1217
01/14/2020,02:22,.088,.088,.088,.088, 2839
01/14/2020,02:23,.087,.087,.087,.087, 3955
01/14/2020,02:43,.087,.088,.087,.087, 52752
01/14/2020,02:53,.087,.087,.087,.087, 1347
01/14/2020,02:56,.087,.087,.087,.087, 1863
01/14/2020,03:03,.087,.088,.087,.088, 6250
01/14/2020,03:09,.088,.088,.088,.088, 20000
01/14/2020,03:10,.087,.087,.087,.087, 1404
01/14/2020,03:12,.087,.088,.087,.088, 2500
01/14/2020,03:21,.087,.087,.087,.087, 541
01/14/2020,03:39,.087,.087,.087,.087, 5506
01/14/2020,03:54,.088,.088,.087,.087, 7661
01/14/2020,04:48,.087,.087,.086,.086, 223506
01/14/2020,04:51,.086,.086,.086,.086, 4340
01/14/2020,05:04,.087,.087,.087,.087, 2293
01/14/2020,05:11,.087,.087,.087,.087, 114036
01/14/2020,05:12,.086,.086,.086,.086, 23460
01/14/2020,05:14,.086,.086,.086,.086, 621443
01/14/2020,05:15,.086,.086,.085,.085, 84980
01/14/2020,05:15,.085,.085,.085,.085, 16138
01/14/2020,05:23,.085,.085,.085,.085, 7809
01/14/2020,05:24,.085,.085,.085,.085, 7729
01/14/2020,05:34,.085,.086,.085,.086, 19675
01/14/2020,05:35,.086,.086,.086,.086, 12226
01/14/2020,05:43,.086,.086,.086,.086, 13554
01/14/2020,05:45,.086,.087,.086,.086, 1036952
01/14/2020,05:46,.086,.086,.086,.086, 31007
01/14/2020,05:55,.086,.086,.086,.086, 9933
01/14/2020,06:31,.087,.087,.087,.087, 4600
01/15/2020,00:20,.088,.088,.088,.088, 20667
01/15/2020,00:34,.087,.087,.087,.087, 18700
01/15/2020,00:37,.087,.087,.087,.087, 27994
01/15/2020,01:00,.087,.087,.087,.087, 15318
01/15/2020,01:03,.086,.086,.086,.086, 7200
01/15/2020,01:04,.087,.087,.087,.087, 20000
01/15/2020,02:12,.086,.086,.086,.086, 22240
01/15/2020,02:14,.086,.086,.086,.086, 135121
01/15/2020,02:25,.086,.086,.086,.086, 342375
01/15/2020,03:05,.085,.085,.085,.085, 43917
01/15/2020,03:05,.085,.085,.085,.085, 555803
01/15/2020,03:06,.085,.085,.085,.085, 29832
01/15/2020,03:11,.085,.085,.085,.085, 50000
01/15/2020,03:17,.085,.085,.085,.085, 1069
01/15/2020,03:34,.084,.084,.084,.084, 32390
01/15/2020,03:35,.085,.085,.085,.085, 16764
01/15/2020,03:54,.086,.086,.086,.086, 3373
01/15/2020,04:01,.086,.086,.086,.086, 3500
01/15/2020,04:16,.086,.086,.086,.086, 6170
01/15/2020,04:24,.086,.086,.086,.086, 16632
01/15/2020,04:26,.085,.085,.085,.085, 173500
01/15/2020,04:50,.086,.086,.086,.086, 34000
01/15/2020,04:52,.085,.085,.085,.085, 9234
01/15/2020,05:03,.085,.085,.085,.085, 10000
01/15/2020,05:27,.085,.085,.085,.085, 1566
01/15/2020,05:30,.085,.085,.085,.085, 11879
01/15/2020,06:12,.085,.085,.085,.085, 10753
01/15/2020,06:18,.085,.085,.085,.085, 142877
01/15/2020,06:31,.086,.086,.086,.086, 151198
01/16/2020,00:20,.086,.086,.086,.086, 35070
01/16/2020,00:32,.086,.086,.086,.086, 15188
01/16/2020,00:45,.086,.086,.086,.086, 110614
01/16/2020,00:56,.086,.086,.086,.086, 162624
01/16/2020,01:39,.086,.086,.086,.086, 67927
01/16/2020,01:52,.086,.086,.086,.086, 14841
01/16/2020,01:57,.085,.087,.085,.087, 112165
01/16/2020,02:03,.085,.085,.085,.085, 68461
01/16/2020,02:29,.085,.085,.085,.085, 93222
01/16/2020,02:35,.085,.085,.085,.085, 40000
01/16/2020,02:47,.085,.085,.085,.085, 45327
01/16/2020,03:21,.085,.085,.085,.085, 3435
01/16/2020,03:55,.084,.084,.084,.084, 113000
01/16/2020,04:01,.085,.085,.085,.085, 44935
01/16/2020,04:03,.085,.085,.085,.085, 178634
01/16/2020,04:15,.084,.084,.084,.084, 10000
01/16/2020,04:42,.084,.084,.084,.084, 751
01/16/2020,05:06,.085,.085,.085,.085, 21000
01/16/2020,05:44,.085,.085,.085,.085, 13515
01/16/2020,06:20,.085,.086,.085,.086, 99319
01/16/2020,06:31,.087,.087,.087,.087, 6954
01/17/2020,00:21,.087,.087,.087,.087, 6464
01/17/2020,00:32,.087,.087,.087,.087, 60000
01/17/2020,00:33,.086,.086,.086,.086, 8400
01/17/2020,00:42,.086,.086,.086,.086, 914
01/17/2020,01:06,.086,.086,.086,.086, 6143
01/17/2020,01:17,.086,.086,.086,.086, 3964
01/17/2020,01:27,.087,.087,.086,.086, 16164
01/17/2020,01:30,.086,.086,.086,.086, 757
01/17/2020,01:39,.086,.086,.085,.085, 32597
01/17/2020,01:40,.085,.085,.085,.085, 9333
01/17/2020,01:48,.085,.087,.085,.085, 7537
01/17/2020,02:16,.085,.086,.085,.086, 3179
01/17/2020,02:49,.086,.086,.086,.086, 8800
01/17/2020,02:50,.086,.086,.086,.086, 2800
01/17/2020,03:40,.086,.086,.086,.086, 14071
01/17/2020,03:46,.086,.086,.086,.086, 1559
01/17/2020,04:06,.086,.087,.086,.087, 19503
01/17/2020,04:16,.087,.087,.087,.087, 1600
01/17/2020,04:29,.087,.087,.087,.087, 1180
01/17/2020,04:58,.087,.087,.087,.087, 1420
01/17/2020,05:00,.087,.087,.087,.087, 35141
01/17/2020,05:32,.086,.086,.086,.086, 735
01/17/2020,06:31,.088,.088,.088,.088, 10000
01/20/2020,00:20,.088,.088,.088,.088, 202880
01/20/2020,00:23,.088,.088,.088,.088, 6000
01/20/2020,00:42,.088,.088,.085,.085, 229299
01/20/2020,00:55,.085,.085,.085,.085, 26770
01/20/2020,01:08,.087,.087,.087,.087, 30000
01/20/2020,02:26,.086,.086,.086,.086, 11483
01/20/2020,02:55,.085,.085,.085,.085, 40000
01/20/2020,03:32,.086,.086,.086,.086, 110538
01/20/2020,04:29,.087,.087,.087,.087, 20000
01/20/2020,06:07,.085,.085,.085,.085, 200000
01/20/2020,06:31,.086,.086,.086,.086, 12671
01/21/2020,00:20,.086,.086,.086,.086, 30000
01/21/2020,01:01,.085,.085,.085,.085, 80040
01/21/2020,01:08,.085,.085,.085,.085, 10000
01/21/2020,01:15,.085,.085,.085,.085, 17380
01/21/2020,01:15,.085,.086,.085,.086, 40582
01/21/2020,01:23,.086,.086,.086,.086, 3500
01/21/2020,01:45,.086,.086,.086,.086, 65134
01/21/2020,02:17,.086,.086,.086,.086, 27069
01/21/2020,02:42,.086,.086,.086,.086, 107797
01/21/2020,03:31,.086,.086,.086,.086, 17430
01/21/2020,06:31,.085,.085,.085,.085, 77273
01/22/2020,00:20,.085,.085,.085,.085, 102500
01/22/2020,01:15,.085,.085,.085,.085, 10000
01/22/2020,01:17,.085,.085,.085,.085, 5700
01/22/2020,01:55,.085,.085,.085,.085, 126000
01/22/2020,02:03,.085,.085,.085,.085, 69200
01/22/2020,02:38,.085,.085,.085,.085, 50000
01/22/2020,03:13,.085,.085,.085,.085, 125899
01/22/2020,04:38,.084,.084,.084,.084, 9200
01/22/2020,05:02,.084,.084,.083,.083, 740751
01/22/2020,05:45,.083,.083,.083,.083, 31818
01/22/2020,05:52,.083,.083,.083,.083, 50000
01/23/2020,00:21,.084,.084,.084,.084, 85000
01/23/2020,00:29,.083,.083,.083,.083, 6321
01/23/2020,00:33,.084,.084,.084,.084, 63760
01/23/2020,00:36,.084,.084,.084,.084, 80526
01/23/2020,00:50,.084,.084,.084,.084, 203623
01/23/2020,00:52,.084,.084,.084,.084, 11861
01/23/2020,00:52,.084,.084,.084,.084, 40000
01/23/2020,01:08,.084,.084,.084,.084, 32916
01/23/2020,01:11,.084,.084,.084,.084, 50000
01/23/2020,01:31,.083,.083,.083,.083, 46624
01/23/2020,01:47,.083,.083,.083,.083, 16000
01/23/2020,03:00,.083,.083,.083,.083, 195099
01/23/2020,03:24,.083,.083,.083,.083, 11322
01/23/2020,04:26,.082,.082,.082,.082, 115514
01/23/2020,04:28,.082,.082,.082,.082, 100000
01/23/2020,04:30,.082,.082,.082,.082, 5619
01/23/2020,05:38,.082,.082,.082,.082, 300000
01/23/2020,05:57,.083,.083,.083,.083, 726
01/23/2020,06:07,.082,.082,.082,.082, 20000
01/23/2020,06:10,.082,.082,.082,.082, 1899
01/23/2020,06:20,.082,.082,.082,.082, 5274
01/24/2020,00:21,.081,.081,.081,.081, 303055
01/24/2020,00:45,.081,.081,.081,.081, 98900
01/24/2020,00:49,.081,.081,.081,.081, 355680
01/24/2020,01:08,.08,.08,.08,.08, 553712
01/24/2020,01:11,.08,.08,.08,.08, 165000
01/24/2020,01:25,.08,.08,.08,.08, 31000
01/24/2020,01:30,.081,.081,.081,.081, 12496
01/24/2020,01:53,.08,.08,.08,.08, 5700
01/24/2020,02:25,.081,.081,.081,.081, 55000
01/24/2020,02:28,.08,.08,.08,.08, 11000
01/24/2020,02:31,.08,.08,.08,.08, 90086
01/24/2020,03:06,.08,.081,.08,.081, 50000
01/24/2020,03:42,.081,.081,.081,.081, 13844
01/24/2020,05:10,.081,.081,.081,.081, 2457
01/24/2020,05:33,.08,.08,.08,.08, 45964
01/24/2020,06:14,.08,.08,.08,.08, 28357
01/24/2020,06:16,.08,.08,.08,.08, 445964
01/24/2020,06:31,.08,.08,.08,.08, 1877
01/28/2020,00:20,.079,.079,.079,.079, 216284
01/28/2020,00:23,.079,.079,.079,.079, 50000
01/28/2020,00:29,.079,.079,.079,.079, 30000
01/28/2020,00:30,.079,.079,.079,.079, 50000
01/28/2020,00:31,.079,.079,.079,.079, 100000
01/28/2020,00:32,.079,.079,.079,.079, 10000
01/28/2020,00:33,.079,.079,.079,.079, 32332
01/28/2020,00:39,.079,.079,.079,.079, 14400
01/28/2020,00:45,.079,.079,.079,.079, 64036
01/28/2020,00:57,.078,.078,.078,.078, 10003
01/28/2020,00:58,.078,.078,.078,.078, 50000
01/28/2020,01:25,.079,.079,.079,.079, 3088
01/28/2020,01:32,.079,.079,.079,.079, 10000
01/28/2020,01:50,.079,.079,.079,.079, 3739
01/28/2020,02:11,.079,.079,.078,.078, 285569
01/28/2020,02:13,.078,.078,.078,.078, 53000
01/28/2020,02:20,.078,.078,.078,.078, 6000
01/28/2020,02:57,.078,.078,.078,.078, 6179
01/28/2020,03:06,.078,.078,.078,.078, 12000
01/28/2020,03:26,.078,.078,.078,.078, 5000
01/28/2020,03:33,.078,.079,.078,.079, 100000
01/28/2020,03:39,.078,.078,.078,.078, 10000
01/28/2020,03:57,.078,.078,.078,.078, 19519
01/28/2020,04:07,.078,.078,.078,.078, 8088
01/28/2020,04:16,.078,.078,.078,.078, 32608
01/28/2020,04:42,.078,.078,.078,.078, 21739
01/28/2020,04:44,.078,.078,.078,.078, 26000
01/28/2020,04:48,.078,.078,.078,.078, 40711
01/28/2020,05:35,.078,.078,.078,.078, 54597
01/28/2020,05:41,.078,.078,.078,.078, 2453
01/28/2020,05:41,.078,.078,.078,.078, 77333
01/28/2020,05:47,.078,.078,.078,.078, 16000
01/28/2020,05:56,.078,.078,.078,.078, 100801
01/28/2020,06:00,.078,.078,.078,.078, 851
01/28/2020,06:09,.078,.078,.078,.078, 82102
01/28/2020,06:11,.078,.078,.078,.078, 25000
01/28/2020,06:12,.078,.078,.078,.078, 27000
01/28/2020,06:15,.078,.078,.078,.078, 25851
01/28/2020,06:18,.078,.078,.078,.078, 50000
01/28/2020,06:20,.078,.078,.078,.078, 60000
01/29/2020,00:21,.078,.078,.078,.078, 223555
01/29/2020,00:27,.077,.077,.077,.077, 6522
01/29/2020,00:28,.077,.077,.077,.077, 10000
01/29/2020,00:54,.078,.078,.078,.078, 15000
01/29/2020,01:00,.077,.077,.077,.077, 18000
01/29/2020,01:01,.078,.078,.078,.078, 8000
01/29/2020,02:20,.078,.078,.078,.078, 19039
01/29/2020,02:25,.078,.078,.078,.078, 7000
01/29/2020,02:32,.078,.078,.078,.078, 142000
01/29/2020,02:35,.077,.077,.077,.077, 1650
01/29/2020,03:18,.078,.078,.078,.078, 28236
01/29/2020,03:18,.078,.078,.078,.078, 50407
01/29/2020,05:15,.078,.078,.078,.078, 39428
01/29/2020,05:59,.079,.079,.079,.079, 10000
01/29/2020,06:01,.078,.078,.078,.078, 17429
01/29/2020,06:16,.079,.079,.079,.079, 3158
01/30/2020,00:21,.079,.079,.078,.078, 217449
01/30/2020,00:25,.078,.078,.078,.078, 50000
01/30/2020,00:34,.079,.079,.078,.078, 18250
01/30/2020,01:05,.078,.078,.078,.078, 10000
01/30/2020,01:27,.079,.079,.079,.079, 62594
01/30/2020,02:13,.078,.078,.078,.078, 6750
01/30/2020,02:17,.078,.078,.078,.078, 846
01/30/2020,03:29,.078,.078,.078,.078, 12000
01/30/2020,03:46,.078,.079,.078,.079, 8250
01/30/2020,03:48,.078,.078,.078,.078, 890
01/30/2020,03:51,.078,.078,.078,.078, 5000
01/30/2020,04:05,.078,.078,.078,.078, 837
01/30/2020,06:08,.078,.078,.078,.078, 1828
01/30/2020,06:31,.078,.078,.078,.078, 23157
01/31/2020,00:21,.078,.078,.078,.078, 105868
01/31/2020,00:33,.079,.079,.079,.079, 49788
01/31/2020,01:10,.079,.079,.079,.079, 100000
01/31/2020,01:41,.078,.078,.078,.078, 130000
01/31/2020,01:44,.079,.079,.079,.079, 18610
01/31/2020,01:52,.079,.079,.079,.079, 7000
01/31/2020,02:19,.078,.078,.078,.078, 10000
01/31/2020,03:21,.078,.078,.078,.078, 70964
01/31/2020,04:09,.078,.078,.078,.078, 14000
01/31/2020,04:22,.078,.078,.078,.078, 6380
01/31/2020,05:30,.078,.078,.078,.078, 30000
01/31/2020,06:16,.078,.078,.078,.078, 57614
01/31/2020,06:31,.078,.078,.078,.078, 91725

