02/03/2020,15:34,1.32,1.32,1.32,1.32, 1000
02/03/2020,15:52,1.31,1.31,1.31,1.31, 200
02/03/2020,15:54,1.32,1.35,1.31,1.34, 12261
02/03/2020,16:01,1.34,1.34,1.34,1.34, 100
02/03/2020,16:04,1.345,1.345,1.345,1.345, 100
02/03/2020,16:07,1.34,1.34,1.34,1.34, 100
02/03/2020,16:08,1.345,1.345,1.345,1.345, 100
02/03/2020,16:15,1.35,1.36,1.35,1.36, 863
02/03/2020,16:26,1.355,1.355,1.355,1.355, 400
02/03/2020,16:29,1.36,1.37,1.36,1.37, 4988
02/03/2020,16:32,1.365,1.365,1.365,1.365, 100
02/03/2020,16:38,1.365,1.365,1.365,1.365, 1081
02/03/2020,16:39,1.36,1.365,1.36,1.365, 300
02/03/2020,16:43,1.37,1.38,1.37,1.37, 2100
02/03/2020,16:46,1.38,1.38,1.38,1.38, 129
02/03/2020,16:48,1.375,1.38,1.375,1.375, 304
02/03/2020,16:52,1.37,1.37,1.37,1.37, 100
02/03/2020,17:01,1.37,1.37,1.36,1.36, 2285
02/03/2020,17:05,1.36,1.36,1.36,1.36, 100
02/03/2020,17:10,1.37,1.37,1.37,1.37, 999
02/03/2020,17:11,1.37,1.37,1.36,1.36, 400
02/03/2020,17:50,1.365,1.365,1.365,1.365, 100
02/03/2020,17:59,1.365,1.37,1.365,1.37, 400
02/03/2020,18:11,1.36,1.36,1.36,1.36, 1300
02/03/2020,18:12,1.36,1.36,1.36,1.36, 100
02/03/2020,18:15,1.37,1.375,1.37,1.37, 2700
02/03/2020,18:20,1.37,1.37,1.37,1.37, 100
02/03/2020,18:25,1.38,1.38,1.37,1.37, 3000
02/03/2020,18:36,1.37,1.38,1.36,1.36, 3515
02/03/2020,18:37,1.365,1.365,1.365,1.365, 380
02/03/2020,18:49,1.36,1.36,1.36,1.36, 2500
02/03/2020,18:50,1.35,1.35,1.35,1.35, 2200
02/03/2020,18:59,1.36,1.36,1.36,1.36, 100
02/03/2020,19:05,1.35,1.35,1.35,1.35, 1300
02/03/2020,19:06,1.36,1.36,1.36,1.36, 100
02/03/2020,19:07,1.35,1.35,1.35,1.35, 200
02/03/2020,19:17,1.35,1.355,1.35,1.35, 2000
02/03/2020,19:21,1.36,1.36,1.36,1.36, 100
02/03/2020,19:40,1.35,1.35,1.35,1.35, 100
02/03/2020,19:42,1.36,1.36,1.36,1.36, 100
02/03/2020,20:04,1.36,1.36,1.32,1.33, 6200
02/03/2020,20:05,1.33,1.33,1.33,1.33, 200
02/03/2020,20:08,1.325,1.33,1.325,1.325, 2099
02/03/2020,20:13,1.325,1.325,1.31,1.31, 500
02/03/2020,20:14,1.32,1.32,1.31,1.31, 3800
02/03/2020,20:42,1.315,1.315,1.315,1.315, 100
02/03/2020,20:44,1.315,1.315,1.3,1.305, 4407
02/03/2020,20:45,1.3,1.31,1.3,1.31, 200
02/03/2020,20:51,1.3,1.3,1.29,1.29, 3100
02/03/2020,20:51,1.29,1.3,1.29,1.29, 300
02/03/2020,20:58,1.29,1.29,1.29,1.29, 400
02/03/2020,20:58,1.29,1.29,1.29,1.29, 100
02/03/2020,21:00,1.3,1.3,1.3,1.3, 100
02/03/2020,21:08,1.3,1.31,1.29,1.29, 12167
02/03/2020,21:08,1.29,1.29,1.29,1.29, 100
02/03/2020,21:14,1.29,1.29,1.29,1.29, 200
02/03/2020,21:15,1.3,1.3,1.29,1.29, 7700
02/03/2020,21:17,1.29,1.29,1.29,1.29, 100
02/03/2020,21:18,1.29,1.29,1.29,1.29, 100
02/03/2020,21:23,1.3,1.3,1.29,1.29, 4462
02/03/2020,21:24,1.29,1.29,1.29,1.29, 100
02/03/2020,21:33,1.29,1.29,1.28,1.28, 2518
02/03/2020,21:38,1.28,1.28,1.28,1.28, 300
02/03/2020,21:44,1.28,1.28,1.28,1.28, 500
02/03/2020,21:45,1.286,1.286,1.286,1.286, 2300
02/03/2020,21:45,1.28,1.28,1.28,1.28, 311
02/03/2020,21:47,1.29,1.29,1.29,1.29, 300
02/03/2020,21:48,1.29,1.29,1.29,1.29, 400
02/03/2020,21:53,1.285,1.285,1.285,1.285, 200
02/03/2020,21:53,1.28,1.28,1.28,1.28, 100
02/03/2020,21:55,1.285,1.285,1.285,1.285, 100
02/03/2020,21:57,1.28,1.285,1.28,1.28, 1241
02/03/2020,21:58,1.28,1.3,1.28,1.29, 7642
02/03/2020,21:59,1.29,1.3,1.29,1.29, 12608
02/03/2020,22:00,1.3,1.3,1.28,1.28, 298
02/03/2020,22:01,1.29,1.3,1.28,1.28, 2578
02/04/2020,15:37,1.3,1.3,1.3,1.3, 100
02/04/2020,15:42,1.3,1.3,1.3,1.3, 100
02/04/2020,16:06,1.33,1.33,1.33,1.33, 1534
02/04/2020,16:08,1.32,1.32,1.32,1.32, 100
02/04/2020,16:22,1.322,1.322,1.322,1.322, 400
02/04/2020,16:23,1.32,1.32,1.32,1.32, 100
02/04/2020,16:37,1.34,1.34,1.33,1.33, 6088
02/04/2020,16:38,1.34,1.34,1.34,1.34, 100
02/04/2020,16:41,1.34,1.34,1.34,1.34, 100
02/04/2020,16:47,1.35,1.35,1.35,1.35, 200
02/04/2020,16:49,1.349,1.349,1.349,1.349, 5000
02/04/2020,16:52,1.345,1.345,1.345,1.345, 100
02/04/2020,17:06,1.345,1.345,1.345,1.345, 100
02/04/2020,17:10,1.345,1.345,1.345,1.345, 100
02/04/2020,17:12,1.345,1.345,1.345,1.345, 100
02/04/2020,17:16,1.35,1.35,1.35,1.35, 800
02/04/2020,17:20,1.345,1.345,1.345,1.345, 900
02/04/2020,17:20,1.345,1.345,1.345,1.345, 100
02/04/2020,17:29,1.35,1.36,1.345,1.353, 4522
02/04/2020,17:31,1.355,1.355,1.34,1.34, 2100
02/04/2020,17:31,1.34,1.34,1.34,1.34, 10340
02/04/2020,17:36,1.34,1.34,1.34,1.34, 100
02/04/2020,17:37,1.33,1.33,1.32,1.32, 3500
02/04/2020,17:49,1.322,1.322,1.322,1.322, 400
02/04/2020,17:50,1.32,1.321,1.32,1.32, 900
02/04/2020,17:51,1.33,1.33,1.32,1.32, 6800
02/04/2020,17:52,1.31,1.31,1.31,1.31, 300
02/04/2020,17:54,1.29,1.29,1.29,1.29, 100
02/04/2020,18:03,1.3,1.3,1.3,1.3, 100
02/04/2020,18:15,1.304,1.304,1.3,1.3, 2500
02/04/2020,18:17,1.3,1.3,1.3,1.3, 100
02/04/2020,18:17,1.29,1.29,1.29,1.29, 100
02/04/2020,18:21,1.3,1.3,1.3,1.3, 100
02/04/2020,18:23,1.3,1.3,1.3,1.3, 200
02/04/2020,18:31,1.3,1.3,1.3,1.3, 100
02/04/2020,18:36,1.29,1.29,1.29,1.29, 200
02/04/2020,18:40,1.295,1.3,1.295,1.3, 200
02/04/2020,18:45,1.299,1.3,1.295,1.295, 2200
02/04/2020,18:46,1.295,1.295,1.295,1.295, 100
02/04/2020,18:50,1.295,1.295,1.295,1.295, 100
02/04/2020,18:52,1.291,1.291,1.291,1.291, 1000
02/04/2020,18:53,1.3,1.3,1.3,1.3, 100
02/04/2020,18:56,1.296,1.296,1.296,1.296, 400
02/04/2020,19:01,1.295,1.295,1.295,1.295, 100
02/04/2020,19:09,1.295,1.295,1.295,1.295, 100
02/04/2020,19:14,1.29,1.29,1.29,1.29, 900
02/04/2020,19:16,1.295,1.295,1.295,1.295, 100
02/04/2020,19:23,1.295,1.295,1.295,1.295, 100
02/04/2020,19:30,1.295,1.295,1.295,1.295, 100
02/04/2020,19:32,1.295,1.295,1.295,1.295, 100
02/04/2020,19:37,1.297,1.297,1.297,1.297, 2000
02/04/2020,19:42,1.295,1.295,1.295,1.295, 100
02/04/2020,19:52,1.295,1.295,1.295,1.295, 100
02/04/2020,19:54,1.295,1.295,1.295,1.295, 1200
02/04/2020,19:55,1.3,1.3,1.3,1.3, 100
02/04/2020,20:00,1.295,1.295,1.29,1.29, 3000
02/04/2020,20:04,1.295,1.295,1.295,1.295, 100
02/04/2020,20:05,1.3,1.3,1.3,1.3, 100
02/04/2020,20:08,1.3,1.3,1.3,1.3, 100
02/04/2020,20:14,1.295,1.295,1.295,1.295, 100
02/04/2020,20:17,1.295,1.295,1.295,1.295, 200
02/04/2020,20:23,1.3,1.3,1.3,1.3, 100
02/04/2020,20:29,1.295,1.295,1.29,1.29, 200
02/04/2020,20:33,1.29,1.295,1.29,1.295, 300
02/04/2020,20:41,1.295,1.295,1.295,1.295, 100
02/04/2020,20:43,1.3,1.3,1.298,1.3, 4771
02/04/2020,20:51,1.295,1.295,1.295,1.295, 100
02/04/2020,20:52,1.295,1.295,1.295,1.295, 100
02/04/2020,20:53,1.3,1.3,1.295,1.295, 400
02/04/2020,21:01,1.295,1.295,1.29,1.29, 2209
02/04/2020,21:07,1.3,1.31,1.29,1.31, 9425
02/04/2020,21:10,1.31,1.31,1.31,1.31, 200
02/04/2020,21:11,1.315,1.32,1.315,1.32, 9300
02/04/2020,21:14,1.315,1.33,1.315,1.33, 28462
02/04/2020,21:18,1.325,1.325,1.325,1.325, 1000
02/04/2020,21:20,1.33,1.33,1.33,1.33, 100
02/04/2020,21:22,1.325,1.325,1.325,1.325, 100
02/04/2020,21:24,1.325,1.325,1.325,1.325, 100
02/04/2020,21:25,1.325,1.325,1.31,1.31, 10100
02/04/2020,21:28,1.315,1.32,1.315,1.32, 200
02/04/2020,21:30,1.315,1.315,1.315,1.315, 100
02/04/2020,21:32,1.32,1.33,1.32,1.33, 13600
02/04/2020,21:32,1.339,1.339,1.339,1.339, 896
02/04/2020,21:34,1.331,1.331,1.32,1.32, 5200
02/04/2020,21:34,1.325,1.325,1.325,1.325, 100
02/04/2020,21:36,1.321,1.325,1.32,1.321, 3200
02/04/2020,21:38,1.31,1.31,1.31,1.31, 200
02/04/2020,21:51,1.305,1.31,1.305,1.305, 300
02/04/2020,21:56,1.305,1.305,1.305,1.305, 100
02/04/2020,21:58,1.31,1.31,1.31,1.31, 200
02/04/2020,21:59,1.31,1.31,1.31,1.31, 100
02/04/2020,22:00,1.31,1.31,1.302,1.302, 700
02/04/2020,22:00,1.3,1.32,1.3,1.32, 6325
02/05/2020,15:55,1.32,1.32,1.32,1.32, 100
02/05/2020,15:57,1.34,1.34,1.336,1.336, 300
02/05/2020,16:00,1.323,1.323,1.323,1.323, 500
02/05/2020,16:01,1.323,1.326,1.323,1.326, 1500
02/05/2020,16:02,1.321,1.321,1.32,1.32, 2000
02/05/2020,16:03,1.321,1.322,1.32,1.32, 3600
02/05/2020,16:04,1.32,1.32,1.32,1.32, 100
02/05/2020,16:25,1.313,1.313,1.31,1.31, 1299
02/05/2020,16:26,1.305,1.309,1.305,1.309, 646
02/05/2020,16:29,1.31,1.31,1.31,1.31, 200
02/05/2020,16:45,1.31,1.31,1.3,1.3, 600
02/05/2020,16:45,1.31,1.31,1.31,1.31, 2000
02/05/2020,17:20,1.31,1.31,1.31,1.31, 7622
02/05/2020,17:21,1.3,1.305,1.3,1.305, 200
02/05/2020,17:24,1.3,1.3,1.3,1.3, 7466
02/05/2020,17:24,1.3,1.3,1.3,1.3, 9220
02/05/2020,17:27,1.295,1.295,1.29,1.29, 1843
02/05/2020,17:30,1.29,1.29,1.29,1.29, 100
02/05/2020,17:40,1.29,1.29,1.29,1.29, 4720
02/05/2020,17:40,1.28,1.28,1.28,1.28, 100
02/05/2020,17:50,1.28,1.285,1.28,1.285, 3200
02/05/2020,17:51,1.285,1.285,1.285,1.285, 400
02/05/2020,17:52,1.285,1.285,1.285,1.285, 200
02/05/2020,17:53,1.285,1.285,1.285,1.285, 400
02/05/2020,17:54,1.29,1.29,1.285,1.285, 600
02/05/2020,18:02,1.29,1.295,1.29,1.295, 2000
02/05/2020,18:05,1.289,1.289,1.289,1.289, 100
02/05/2020,18:10,1.29,1.29,1.29,1.29, 6200
02/05/2020,18:24,1.299,1.299,1.299,1.299, 250
02/05/2020,18:31,1.3,1.3,1.3,1.3, 100
02/05/2020,18:43,1.299,1.299,1.299,1.299, 700
02/05/2020,18:46,1.3,1.3,1.3,1.3, 433
02/05/2020,18:47,1.3,1.3,1.3,1.3, 1900
02/05/2020,18:59,1.305,1.305,1.305,1.305, 500
02/05/2020,19:02,1.3,1.3,1.3,1.3, 400
02/05/2020,19:09,1.298,1.298,1.298,1.298, 1000
02/05/2020,19:17,1.29,1.29,1.29,1.29, 500
02/05/2020,19:22,1.3,1.3,1.3,1.3, 300
02/05/2020,19:26,1.306,1.306,1.306,1.306, 400
02/05/2020,19:32,1.31,1.31,1.31,1.31, 100
02/05/2020,19:38,1.305,1.305,1.305,1.305, 3000
02/05/2020,19:43,1.3,1.3,1.3,1.3, 100
02/05/2020,19:47,1.3,1.3,1.3,1.3, 1000
02/05/2020,20:18,1.3,1.3,1.3,1.3, 100
02/05/2020,20:44,1.305,1.305,1.305,1.305, 140
02/05/2020,20:48,1.306,1.306,1.306,1.306, 1000
02/05/2020,20:50,1.31,1.31,1.31,1.31, 2100
02/05/2020,20:52,1.315,1.315,1.315,1.315, 900
02/05/2020,20:56,1.31,1.31,1.31,1.31, 166
02/05/2020,21:28,1.32,1.32,1.32,1.32, 100
02/05/2020,21:29,1.314,1.314,1.314,1.314, 1633
02/05/2020,21:31,1.315,1.32,1.315,1.32, 13720
02/05/2020,21:34,1.32,1.32,1.32,1.32, 4600
02/05/2020,21:34,1.32,1.32,1.32,1.32, 205
02/05/2020,21:39,1.31,1.31,1.31,1.31, 100
02/05/2020,21:43,1.32,1.32,1.32,1.32, 600
02/05/2020,21:49,1.32,1.32,1.32,1.32, 100
02/05/2020,21:57,1.31,1.32,1.31,1.32, 200
02/05/2020,22:01,1.31,1.31,1.31,1.31, 2328
02/06/2020,15:31,1.31,1.31,1.31,1.31, 493
02/06/2020,15:31,1.32,1.32,1.32,1.32, 5800
02/06/2020,15:36,1.31,1.31,1.31,1.31, 100
02/06/2020,15:36,1.32,1.32,1.32,1.32, 2600
02/06/2020,15:38,1.311,1.311,1.311,1.311, 2122
02/06/2020,15:42,1.32,1.36,1.32,1.36, 4000
02/06/2020,15:47,1.345,1.345,1.345,1.345, 500
02/06/2020,15:51,1.33,1.33,1.33,1.33, 1300
02/06/2020,15:56,1.35,1.35,1.35,1.35, 200
02/06/2020,16:07,1.33,1.35,1.33,1.35, 200
02/06/2020,16:12,1.35,1.35,1.35,1.35, 100
02/06/2020,16:17,1.343,1.343,1.343,1.343, 3465
02/06/2020,16:20,1.34,1.34,1.34,1.34, 100
02/06/2020,16:32,1.34,1.34,1.34,1.34, 100
02/06/2020,16:36,1.347,1.347,1.347,1.347, 1000
02/06/2020,16:40,1.33,1.33,1.33,1.33, 100
02/06/2020,16:47,1.34,1.34,1.34,1.34, 106
02/06/2020,16:50,1.33,1.33,1.33,1.33, 100
02/06/2020,16:55,1.341,1.341,1.341,1.341, 751
02/06/2020,17:01,1.34,1.34,1.34,1.34, 100
02/06/2020,17:09,1.33,1.35,1.33,1.35, 8456
02/06/2020,17:13,1.35,1.35,1.35,1.35, 100
02/06/2020,17:21,1.35,1.35,1.35,1.35, 200
02/06/2020,17:24,1.35,1.35,1.35,1.35, 100
02/06/2020,17:31,1.35,1.35,1.35,1.35, 100
02/06/2020,17:45,1.35,1.35,1.35,1.35, 100
02/06/2020,17:54,1.355,1.355,1.35,1.35, 399
02/06/2020,17:56,1.356,1.356,1.35,1.35, 2700
02/06/2020,17:58,1.35,1.35,1.35,1.35, 200
02/06/2020,18:08,1.355,1.355,1.355,1.355, 100
02/06/2020,18:16,1.355,1.355,1.355,1.355, 300
02/06/2020,18:18,1.35,1.35,1.35,1.35, 169
02/06/2020,18:21,1.35,1.355,1.35,1.355, 995
02/06/2020,18:24,1.35,1.35,1.35,1.35, 100
02/06/2020,18:25,1.35,1.355,1.35,1.355, 301
02/06/2020,18:29,1.35,1.35,1.35,1.35, 200
02/06/2020,18:39,1.355,1.355,1.355,1.355, 100
02/06/2020,18:50,1.354,1.354,1.354,1.354, 700
02/06/2020,18:55,1.35,1.35,1.35,1.35, 100
02/06/2020,18:59,1.35,1.35,1.35,1.35, 200
02/06/2020,19:07,1.355,1.355,1.35,1.35, 200
02/06/2020,19:18,1.35,1.35,1.35,1.35, 300
02/06/2020,19:26,1.355,1.355,1.35,1.355, 400
02/06/2020,19:41,1.355,1.355,1.355,1.355, 100
02/06/2020,19:49,1.355,1.355,1.35,1.355, 3000
02/06/2020,19:56,1.36,1.36,1.35,1.35, 800
02/06/2020,20:14,1.35,1.35,1.35,1.35, 328
02/06/2020,20:14,1.35,1.35,1.34,1.35, 700
02/06/2020,20:24,1.34,1.34,1.34,1.34, 100
02/06/2020,20:28,1.34,1.34,1.34,1.34, 100
02/06/2020,20:30,1.34,1.34,1.34,1.34, 100
02/06/2020,20:34,1.34,1.34,1.34,1.34, 100
02/06/2020,20:36,1.34,1.34,1.34,1.34, 100
02/06/2020,20:40,1.36,1.36,1.36,1.36, 422
02/06/2020,21:00,1.34,1.34,1.34,1.34, 100
02/06/2020,21:03,1.34,1.34,1.34,1.34, 4418
02/06/2020,21:05,1.33,1.33,1.33,1.33, 100
02/06/2020,21:11,1.33,1.33,1.32,1.32, 6648
02/06/2020,21:11,1.32,1.32,1.32,1.32, 100
02/06/2020,21:13,1.32,1.32,1.32,1.32, 108
02/06/2020,21:14,1.32,1.32,1.32,1.32, 100
02/06/2020,21:16,1.32,1.32,1.32,1.32, 200
02/06/2020,21:18,1.32,1.32,1.32,1.32, 100
02/06/2020,21:19,1.32,1.32,1.32,1.32, 300
02/06/2020,21:20,1.32,1.32,1.32,1.32, 100
02/06/2020,21:22,1.325,1.325,1.325,1.325, 100
02/06/2020,21:23,1.32,1.32,1.31,1.31, 200
02/06/2020,21:27,1.31,1.31,1.31,1.31, 200
02/06/2020,21:29,1.31,1.31,1.31,1.31, 100
02/06/2020,21:32,1.31,1.31,1.31,1.31, 200
02/06/2020,21:34,1.31,1.31,1.31,1.31, 200
02/06/2020,21:35,1.31,1.31,1.31,1.31, 100
02/06/2020,21:37,1.31,1.31,1.31,1.31, 100
02/06/2020,21:39,1.31,1.31,1.31,1.31, 100
02/06/2020,21:40,1.31,1.31,1.31,1.31, 1960
02/06/2020,21:42,1.3,1.3,1.3,1.3, 100
02/06/2020,21:43,1.3,1.3,1.3,1.3, 100
02/06/2020,21:45,1.3,1.3,1.3,1.3, 100
02/06/2020,21:46,1.3,1.3,1.3,1.3, 200
02/06/2020,21:47,1.304,1.304,1.3,1.3, 500
02/06/2020,21:48,1.3,1.3,1.3,1.3, 300
02/06/2020,21:48,1.3,1.3,1.3,1.3, 100
02/06/2020,21:49,1.3,1.3,1.3,1.3, 100
02/06/2020,21:51,1.3,1.3,1.3,1.3, 200
02/06/2020,21:52,1.3,1.3,1.3,1.3, 100
02/06/2020,21:52,1.3,1.3,1.3,1.3, 100
02/06/2020,21:54,1.3,1.3,1.3,1.3, 300
02/06/2020,21:55,1.3,1.3,1.3,1.3, 300
02/06/2020,21:56,1.3,1.3,1.3,1.3, 400
02/06/2020,21:57,1.3,1.3,1.29,1.29, 1188
02/06/2020,21:58,1.29,1.295,1.29,1.29, 695
02/06/2020,21:59,1.29,1.29,1.29,1.29, 800
02/06/2020,22:00,1.29,1.29,1.29,1.29, 2500
02/06/2020,22:01,1.29,1.3,1.28,1.3, 2620
02/07/2020,15:31,1.36,1.36,1.36,1.36, 3100
02/07/2020,15:36,1.344,1.344,1.34,1.34, 4400
02/07/2020,15:53,1.331,1.331,1.331,1.331, 100
02/07/2020,15:55,1.35,1.35,1.35,1.35, 100
02/07/2020,16:05,1.31,1.31,1.31,1.31, 100
02/07/2020,16:10,1.33,1.33,1.33,1.33, 400
02/07/2020,16:15,1.315,1.315,1.315,1.315, 500
02/07/2020,16:19,1.3,1.32,1.3,1.32, 600
02/07/2020,16:36,1.315,1.315,1.315,1.315, 190
02/07/2020,16:37,1.3,1.3,1.3,1.3, 100
02/07/2020,16:54,1.3,1.3,1.3,1.3, 100
02/07/2020,17:02,1.32,1.32,1.32,1.32, 312
02/07/2020,17:05,1.31,1.32,1.31,1.31, 1000
02/07/2020,17:13,1.3,1.3,1.3,1.3, 100
02/07/2020,17:15,1.31,1.315,1.31,1.315, 600
02/07/2020,17:15,1.31,1.31,1.31,1.31, 100
02/07/2020,17:25,1.32,1.32,1.315,1.315, 1100
02/07/2020,17:31,1.31,1.31,1.31,1.31, 100
02/07/2020,17:34,1.32,1.32,1.315,1.315, 500
02/07/2020,17:47,1.315,1.315,1.315,1.315, 100
02/07/2020,17:51,1.31,1.31,1.31,1.31, 200
02/07/2020,17:57,1.31,1.31,1.31,1.31, 1500
02/07/2020,17:58,1.315,1.315,1.315,1.315, 100
02/07/2020,18:02,1.315,1.315,1.315,1.315, 100
02/07/2020,18:12,1.31,1.31,1.31,1.31, 100
02/07/2020,18:30,1.315,1.315,1.315,1.315, 100
02/07/2020,18:37,1.31,1.31,1.31,1.31, 100
02/07/2020,18:49,1.31,1.31,1.31,1.31, 100
02/07/2020,18:58,1.31,1.31,1.31,1.31, 100
02/07/2020,19:08,1.31,1.31,1.31,1.31, 100
02/07/2020,19:16,1.31,1.31,1.31,1.31, 100
02/07/2020,19:20,1.316,1.316,1.316,1.316, 130
02/07/2020,19:22,1.31,1.31,1.31,1.31, 100
02/07/2020,19:27,1.315,1.325,1.315,1.325, 9998
02/07/2020,19:27,1.325,1.325,1.325,1.325, 2000
02/07/2020,19:36,1.325,1.325,1.325,1.325, 200
02/07/2020,19:37,1.33,1.33,1.33,1.33, 400
02/07/2020,19:46,1.325,1.325,1.325,1.325, 4000
02/07/2020,19:46,1.325,1.33,1.325,1.33, 4498
02/07/2020,19:49,1.33,1.33,1.33,1.33, 100
02/07/2020,19:52,1.33,1.33,1.33,1.33, 1000
02/07/2020,19:54,1.34,1.34,1.34,1.34, 100
02/07/2020,20:07,1.32,1.32,1.32,1.32, 300
02/07/2020,20:08,1.321,1.321,1.321,1.321, 1000
02/07/2020,20:16,1.34,1.34,1.33,1.33, 200
02/07/2020,20:29,1.337,1.337,1.337,1.337, 100
02/07/2020,20:32,1.32,1.32,1.32,1.32, 100
02/07/2020,20:35,1.33,1.33,1.33,1.33, 200
02/07/2020,20:44,1.335,1.335,1.335,1.335, 700
02/07/2020,20:49,1.335,1.34,1.335,1.34, 3580
02/07/2020,21:17,1.345,1.345,1.335,1.339, 10286
02/07/2020,21:17,1.33,1.33,1.33,1.33, 100
02/07/2020,21:33,1.33,1.33,1.33,1.33, 100
02/07/2020,21:34,1.33,1.337,1.33,1.337, 400
02/07/2020,21:40,1.33,1.33,1.33,1.33, 100
02/07/2020,21:41,1.34,1.35,1.335,1.35, 16099
02/07/2020,21:41,1.345,1.345,1.345,1.345, 100
02/07/2020,21:52,1.34,1.34,1.34,1.34, 200
02/07/2020,21:54,1.34,1.34,1.34,1.34, 100
02/07/2020,22:01,1.35,1.35,1.35,1.35, 162
02/10/2020,15:31,1.38,1.38,1.38,1.38, 200
02/10/2020,15:31,1.36,1.36,1.36,1.36, 200
02/10/2020,15:33,1.38,1.38,1.38,1.38, 250
02/10/2020,15:36,1.37,1.37,1.36,1.36, 1100
02/10/2020,15:39,1.36,1.364,1.35,1.35, 7504
02/10/2020,15:50,1.339,1.339,1.339,1.339, 3500
02/10/2020,15:53,1.35,1.35,1.35,1.35, 1300
02/10/2020,15:59,1.36,1.36,1.36,1.36, 4100
02/10/2020,16:04,1.36,1.365,1.36,1.36, 7082
02/10/2020,16:06,1.37,1.37,1.36,1.36, 350
02/10/2020,16:10,1.36,1.36,1.36,1.36, 100
02/10/2020,16:12,1.369,1.369,1.369,1.369, 100
02/10/2020,16:15,1.368,1.368,1.36,1.36, 600
02/10/2020,16:16,1.365,1.365,1.365,1.365, 100
02/10/2020,16:17,1.365,1.365,1.365,1.365, 100
02/10/2020,16:18,1.365,1.365,1.36,1.36, 200
02/10/2020,16:19,1.365,1.365,1.365,1.365, 100
02/10/2020,16:21,1.365,1.367,1.36,1.36, 1300
02/10/2020,16:22,1.37,1.37,1.36,1.36, 4900
02/10/2020,16:23,1.365,1.365,1.365,1.365, 100
02/10/2020,16:24,1.365,1.365,1.365,1.365, 100
02/10/2020,16:27,1.365,1.365,1.365,1.365, 100
02/10/2020,16:34,1.36,1.36,1.36,1.36, 100
02/10/2020,16:39,1.36,1.36,1.36,1.36, 100
02/10/2020,16:53,1.37,1.37,1.365,1.365, 800
02/10/2020,17:04,1.365,1.365,1.34,1.35, 14405
02/10/2020,17:06,1.36,1.36,1.36,1.36, 100
02/10/2020,17:09,1.35,1.35,1.35,1.35, 100
02/10/2020,17:10,1.35,1.35,1.34,1.34, 1300
02/10/2020,17:11,1.34,1.344,1.34,1.344, 3583
02/10/2020,17:12,1.34,1.34,1.34,1.34, 100
02/10/2020,17:25,1.34,1.34,1.335,1.335, 300
02/10/2020,17:33,1.335,1.335,1.335,1.335, 100
02/10/2020,17:40,1.335,1.335,1.33,1.33, 951
02/10/2020,17:54,1.33,1.33,1.33,1.33, 200
02/10/2020,17:57,1.33,1.33,1.33,1.33, 100
02/10/2020,18:02,1.329,1.329,1.329,1.329, 203
02/10/2020,18:03,1.33,1.33,1.33,1.33, 100
02/10/2020,18:10,1.33,1.33,1.33,1.33, 100
02/10/2020,18:26,1.33,1.33,1.33,1.33, 980
02/10/2020,18:35,1.323,1.323,1.323,1.323, 100
02/10/2020,18:42,1.325,1.325,1.32,1.325, 1525
02/10/2020,18:42,1.32,1.32,1.32,1.32, 100
02/10/2020,19:14,1.326,1.326,1.32,1.32, 1200
02/10/2020,19:15,1.31,1.31,1.31,1.31, 200
02/10/2020,19:33,1.316,1.316,1.316,1.316, 1762
02/10/2020,19:39,1.315,1.315,1.315,1.315, 250
02/10/2020,19:41,1.32,1.32,1.315,1.32, 8800
02/10/2020,19:44,1.33,1.33,1.33,1.33, 100
02/10/2020,19:59,1.327,1.327,1.32,1.32, 3000
02/10/2020,20:23,1.325,1.325,1.32,1.32, 3001
02/10/2020,20:24,1.315,1.315,1.315,1.315, 100
02/10/2020,20:26,1.31,1.31,1.31,1.31, 100
02/10/2020,20:38,1.315,1.315,1.315,1.315, 100
02/10/2020,20:55,1.32,1.32,1.315,1.315, 200
02/10/2020,20:56,1.315,1.32,1.315,1.32, 200
02/10/2020,20:57,1.31,1.31,1.31,1.31, 100
02/10/2020,20:57,1.32,1.33,1.32,1.32, 3746
02/10/2020,20:59,1.34,1.34,1.34,1.34, 5400
02/10/2020,21:00,1.34,1.35,1.34,1.35, 1300
02/10/2020,21:01,1.35,1.35,1.35,1.35, 100
02/10/2020,21:02,1.34,1.35,1.34,1.35, 200
02/10/2020,21:04,1.35,1.35,1.34,1.34, 200
02/10/2020,21:06,1.34,1.35,1.34,1.34, 400
02/10/2020,21:07,1.35,1.35,1.35,1.35, 100
02/10/2020,21:08,1.35,1.35,1.35,1.35, 100
02/10/2020,21:09,1.34,1.35,1.34,1.35, 200
02/10/2020,21:10,1.35,1.35,1.35,1.35, 100
02/10/2020,21:11,1.34,1.35,1.34,1.35, 300
02/10/2020,21:12,1.34,1.35,1.34,1.35, 200
02/10/2020,21:13,1.34,1.35,1.34,1.35, 200
02/10/2020,21:14,1.345,1.35,1.345,1.35, 200
02/10/2020,21:15,1.35,1.35,1.34,1.34, 900
02/10/2020,21:16,1.35,1.35,1.35,1.35, 20595
02/10/2020,21:17,1.36,1.36,1.36,1.36, 200
02/10/2020,21:18,1.36,1.36,1.355,1.36, 635
02/10/2020,21:25,1.35,1.35,1.35,1.35, 100
02/10/2020,21:29,1.35,1.35,1.35,1.35, 100
02/10/2020,21:30,1.35,1.35,1.35,1.35, 100
02/10/2020,21:39,1.35,1.35,1.35,1.35, 1317
02/10/2020,21:41,1.34,1.34,1.34,1.34, 400
02/10/2020,21:42,1.34,1.34,1.34,1.34, 400
02/10/2020,21:43,1.34,1.34,1.34,1.34, 200
02/10/2020,21:52,1.34,1.34,1.34,1.34, 100
02/10/2020,21:53,1.35,1.35,1.35,1.35, 100
02/10/2020,21:58,1.34,1.35,1.34,1.34, 6700
02/10/2020,22:01,1.34,1.35,1.34,1.35, 1176
02/11/2020,15:31,1.35,1.35,1.35,1.35, 1423
02/11/2020,15:32,1.34,1.34,1.34,1.34, 200
02/11/2020,15:33,1.34,1.342,1.34,1.34, 1000
02/11/2020,15:38,1.34,1.34,1.34,1.34, 1881
02/11/2020,15:40,1.35,1.35,1.35,1.35, 800
02/11/2020,15:42,1.35,1.36,1.35,1.35, 13600
02/11/2020,15:45,1.36,1.36,1.36,1.36, 11000
02/11/2020,15:54,1.343,1.343,1.343,1.343, 400
02/11/2020,16:06,1.36,1.36,1.35,1.36, 5984
02/11/2020,16:08,1.365,1.365,1.365,1.365, 700
02/11/2020,16:12,1.365,1.37,1.365,1.37, 17142
02/11/2020,16:13,1.37,1.37,1.37,1.37, 2600
02/11/2020,16:14,1.37,1.37,1.36,1.36, 2081
02/11/2020,16:18,1.367,1.367,1.36,1.36, 229
02/11/2020,16:21,1.37,1.37,1.36,1.37, 7700
02/11/2020,16:22,1.355,1.355,1.35,1.35, 1629
02/11/2020,16:27,1.36,1.36,1.36,1.36, 100
02/11/2020,16:27,1.355,1.36,1.35,1.35, 5140
02/11/2020,16:29,1.36,1.37,1.36,1.36, 6304
02/11/2020,16:43,1.365,1.365,1.365,1.365, 100
02/11/2020,16:45,1.36,1.36,1.36,1.36, 100
02/11/2020,16:47,1.365,1.37,1.36,1.36, 1199
02/11/2020,16:57,1.36,1.36,1.36,1.36, 100
02/11/2020,17:14,1.37,1.38,1.37,1.375, 23332
02/11/2020,17:15,1.375,1.375,1.375,1.375, 200
02/11/2020,17:19,1.373,1.373,1.37,1.37, 6000
02/11/2020,17:39,1.38,1.38,1.38,1.38, 3500
02/11/2020,17:39,1.37,1.37,1.37,1.37, 100
02/11/2020,17:41,1.372,1.372,1.372,1.372, 821
02/11/2020,17:59,1.37,1.37,1.37,1.37, 100
02/11/2020,18:08,1.372,1.372,1.372,1.372, 7000
02/11/2020,18:10,1.373,1.373,1.37,1.37, 6100
02/11/2020,18:28,1.375,1.38,1.37,1.37, 12556
02/11/2020,18:29,1.37,1.37,1.37,1.37, 100
02/11/2020,18:31,1.375,1.375,1.37,1.374, 6521
02/11/2020,18:34,1.37,1.37,1.37,1.37, 100
02/11/2020,18:36,1.37,1.37,1.37,1.37, 100
02/11/2020,18:51,1.375,1.375,1.375,1.375, 795
02/11/2020,18:53,1.374,1.374,1.374,1.374, 500
02/11/2020,19:01,1.375,1.375,1.375,1.375, 100
02/11/2020,19:05,1.375,1.379,1.375,1.379, 4900
02/11/2020,19:08,1.375,1.375,1.375,1.375, 100
02/11/2020,19:09,1.37,1.37,1.37,1.37, 100
02/11/2020,19:10,1.375,1.375,1.375,1.375, 300
02/11/2020,19:15,1.37,1.37,1.37,1.37, 300
02/11/2020,19:23,1.37,1.37,1.37,1.37, 700
02/11/2020,19:29,1.375,1.375,1.375,1.375, 100
02/11/2020,19:31,1.37,1.37,1.37,1.37, 300
02/11/2020,19:34,1.37,1.37,1.37,1.37, 100
02/11/2020,19:49,1.375,1.375,1.375,1.375, 100
02/11/2020,19:55,1.37,1.38,1.37,1.38, 14000
02/11/2020,20:00,1.37,1.37,1.37,1.37, 100
02/11/2020,20:07,1.37,1.37,1.37,1.37, 100
02/11/2020,20:16,1.37,1.37,1.365,1.365, 7000
02/11/2020,20:19,1.365,1.365,1.365,1.365, 300
02/11/2020,20:23,1.365,1.365,1.365,1.365, 200
02/11/2020,20:33,1.36,1.36,1.36,1.36, 100
02/11/2020,20:39,1.36,1.36,1.36,1.36, 100
02/11/2020,20:42,1.365,1.365,1.365,1.365, 200
02/11/2020,20:43,1.367,1.367,1.365,1.365, 1000
02/11/2020,20:44,1.365,1.365,1.365,1.365, 100
02/11/2020,20:49,1.37,1.37,1.365,1.365, 700
02/11/2020,20:58,1.365,1.365,1.365,1.365, 200
02/11/2020,21:02,1.365,1.38,1.365,1.38, 9033
02/11/2020,21:02,1.38,1.38,1.38,1.38, 100
02/11/2020,21:04,1.37,1.37,1.37,1.37, 300
02/11/2020,21:09,1.37,1.37,1.37,1.37, 2354
02/11/2020,21:13,1.37,1.37,1.37,1.37, 140
02/11/2020,21:14,1.369,1.369,1.369,1.369, 500
02/11/2020,21:17,1.36,1.36,1.36,1.36, 1897
02/11/2020,21:21,1.37,1.37,1.37,1.37, 200
02/11/2020,21:22,1.37,1.37,1.37,1.37, 100
02/11/2020,21:23,1.37,1.37,1.37,1.37, 100
02/11/2020,21:24,1.37,1.37,1.37,1.37, 100
02/11/2020,21:25,1.37,1.37,1.37,1.37, 100
02/11/2020,21:26,1.37,1.37,1.37,1.37, 100
02/11/2020,21:27,1.37,1.37,1.37,1.37, 100
02/11/2020,21:28,1.37,1.37,1.37,1.37, 100
02/11/2020,21:29,1.37,1.37,1.37,1.37, 100
02/11/2020,21:30,1.37,1.37,1.37,1.37, 100
02/11/2020,21:32,1.368,1.37,1.368,1.37, 830
02/11/2020,21:34,1.37,1.38,1.37,1.37, 2720
02/11/2020,21:35,1.37,1.37,1.37,1.37, 249
02/11/2020,21:43,1.365,1.37,1.355,1.37, 16819
02/11/2020,21:55,1.365,1.365,1.36,1.362, 900
02/11/2020,21:58,1.363,1.363,1.36,1.36, 899
02/11/2020,22:01,1.365,1.37,1.365,1.37, 605
02/12/2020,15:31,1.37,1.38,1.37,1.37, 1884
02/12/2020,15:36,1.37,1.38,1.37,1.38, 979
02/12/2020,15:48,1.39,1.39,1.38,1.38, 1100
02/12/2020,16:02,1.39,1.39,1.38,1.38, 1600
02/12/2020,16:13,1.38,1.38,1.38,1.38, 100
02/12/2020,16:18,1.39,1.39,1.385,1.39, 9400
02/12/2020,16:19,1.395,1.395,1.39,1.39, 200
02/12/2020,16:23,1.39,1.395,1.39,1.395, 1550
02/12/2020,16:29,1.398,1.398,1.398,1.398, 2200
02/12/2020,16:30,1.39,1.4,1.39,1.39, 2164
02/12/2020,16:32,1.395,1.395,1.395,1.395, 100
02/12/2020,16:33,1.39,1.39,1.39,1.39, 1899
02/12/2020,16:55,1.395,1.395,1.395,1.395, 200
02/12/2020,16:58,1.4,1.4,1.4,1.4, 100
02/12/2020,17:08,1.39,1.39,1.39,1.39, 100
02/12/2020,17:09,1.39,1.39,1.39,1.39, 100
02/12/2020,17:13,1.397,1.397,1.397,1.397, 228
02/12/2020,17:18,1.394,1.395,1.39,1.395, 1300
02/12/2020,17:24,1.39,1.39,1.39,1.39, 100
02/12/2020,17:24,1.39,1.39,1.39,1.39, 100
02/12/2020,17:47,1.39,1.39,1.39,1.39, 2200
02/12/2020,17:52,1.383,1.383,1.38,1.38, 2100
02/12/2020,18:19,1.38,1.38,1.38,1.38, 100
02/12/2020,18:49,1.385,1.385,1.38,1.38, 1200
02/12/2020,18:58,1.38,1.38,1.38,1.38, 100
02/12/2020,19:13,1.38,1.38,1.38,1.38, 100
02/12/2020,19:18,1.39,1.39,1.38,1.38, 1090
02/12/2020,19:21,1.39,1.39,1.39,1.39, 7200
02/12/2020,19:37,1.38,1.38,1.38,1.38, 100
02/12/2020,19:47,1.39,1.39,1.39,1.39, 100
02/12/2020,20:09,1.381,1.381,1.38,1.38, 700
02/12/2020,20:12,1.385,1.385,1.38,1.38, 200
02/12/2020,20:30,1.39,1.39,1.39,1.39, 100
02/12/2020,20:34,1.387,1.387,1.38,1.38, 1087
02/12/2020,20:38,1.38,1.38,1.38,1.38, 100
02/12/2020,20:42,1.38,1.38,1.38,1.38, 100
02/12/2020,20:43,1.39,1.39,1.39,1.39, 100
02/12/2020,20:56,1.39,1.39,1.39,1.39, 100
02/12/2020,20:58,1.39,1.39,1.38,1.38, 200
02/12/2020,21:01,1.39,1.39,1.39,1.39, 100
02/12/2020,21:03,1.39,1.39,1.39,1.39, 100
02/12/2020,21:05,1.39,1.4,1.39,1.395, 400
02/12/2020,21:07,1.4,1.4,1.4,1.4, 100
02/12/2020,21:08,1.391,1.391,1.38,1.38, 5577
02/12/2020,21:09,1.385,1.385,1.385,1.385, 100
02/12/2020,21:11,1.39,1.39,1.38,1.38, 200
02/12/2020,21:14,1.385,1.385,1.385,1.385, 100
02/12/2020,21:15,1.39,1.39,1.39,1.39, 100
02/12/2020,21:17,1.39,1.39,1.39,1.39, 100
02/12/2020,21:18,1.39,1.39,1.39,1.39, 100
02/12/2020,21:19,1.39,1.39,1.39,1.39, 100
02/12/2020,21:20,1.39,1.39,1.38,1.38, 200
02/12/2020,21:21,1.39,1.39,1.39,1.39, 100
02/12/2020,21:22,1.39,1.39,1.39,1.39, 100
02/12/2020,21:23,1.39,1.39,1.39,1.39, 100
02/12/2020,21:24,1.39,1.39,1.39,1.39, 100
02/12/2020,21:25,1.39,1.39,1.38,1.38, 200
02/12/2020,21:29,1.39,1.39,1.39,1.39, 100
02/12/2020,21:33,1.39,1.39,1.39,1.39, 141
02/12/2020,21:41,1.385,1.385,1.385,1.385, 100
02/12/2020,21:48,1.387,1.387,1.38,1.38, 1164
02/12/2020,21:51,1.39,1.39,1.38,1.39, 3250
02/12/2020,21:51,1.385,1.385,1.385,1.385, 100
02/12/2020,21:53,1.39,1.39,1.39,1.39, 5500
02/12/2020,21:58,1.38,1.38,1.38,1.38, 100
02/12/2020,22:00,1.385,1.39,1.37,1.37, 11085
02/12/2020,22:01,1.37,1.39,1.37,1.38, 1142
02/13/2020,15:31,1.38,1.38,1.38,1.38, 102
02/13/2020,15:31,1.38,1.38,1.38,1.38, 100
02/13/2020,15:36,1.38,1.38,1.37,1.38, 20090
02/13/2020,15:38,1.37,1.37,1.37,1.37, 1604
02/13/2020,15:39,1.37,1.37,1.37,1.37, 500
02/13/2020,15:40,1.37,1.37,1.36,1.36, 800
02/13/2020,15:44,1.36,1.36,1.36,1.36, 1300
02/13/2020,15:54,1.367,1.367,1.367,1.367, 200
02/13/2020,16:06,1.36,1.36,1.36,1.36, 6235
02/13/2020,16:07,1.362,1.362,1.362,1.362, 153
02/13/2020,16:08,1.351,1.351,1.351,1.351, 1300
02/13/2020,16:09,1.35,1.35,1.35,1.35, 100
02/13/2020,16:10,1.355,1.355,1.355,1.355, 500
02/13/2020,16:15,1.36,1.36,1.36,1.36, 100
02/13/2020,16:33,1.36,1.36,1.36,1.36, 800
02/13/2020,17:06,1.36,1.36,1.36,1.36, 100
02/13/2020,17:10,1.36,1.36,1.36,1.36, 100
02/13/2020,17:14,1.35,1.355,1.35,1.355, 200
02/13/2020,17:18,1.36,1.36,1.355,1.36, 2599
02/13/2020,17:19,1.35,1.35,1.35,1.35, 500
02/13/2020,17:22,1.35,1.35,1.35,1.35, 100
02/13/2020,17:44,1.355,1.355,1.355,1.355, 2600
02/13/2020,17:56,1.355,1.355,1.355,1.355, 500
02/13/2020,18:07,1.36,1.369,1.36,1.36, 11304
02/13/2020,18:35,1.37,1.37,1.37,1.37, 100
02/13/2020,19:03,1.37,1.37,1.37,1.37, 5000
02/13/2020,19:04,1.36,1.36,1.36,1.36, 100
02/13/2020,19:25,1.368,1.368,1.368,1.368, 416
02/13/2020,19:33,1.36,1.36,1.36,1.36, 1000
02/13/2020,19:39,1.36,1.368,1.36,1.365, 6000
02/13/2020,19:40,1.365,1.37,1.365,1.37, 5488
02/13/2020,19:41,1.37,1.37,1.37,1.37, 1000
02/13/2020,19:43,1.38,1.38,1.38,1.38, 100
02/13/2020,20:03,1.38,1.38,1.38,1.38, 100
02/13/2020,20:24,1.37,1.37,1.37,1.37, 1000
02/13/2020,20:26,1.375,1.375,1.375,1.375, 100
02/13/2020,20:29,1.37,1.37,1.37,1.37, 100
02/13/2020,20:34,1.37,1.37,1.36,1.36, 2410
02/13/2020,20:41,1.37,1.37,1.37,1.37, 5844
02/13/2020,21:04,1.37,1.37,1.37,1.37, 2050
02/13/2020,21:09,1.37,1.37,1.37,1.37, 100
02/13/2020,21:22,1.38,1.38,1.38,1.38, 3372
02/13/2020,21:31,1.375,1.375,1.375,1.375, 774
02/13/2020,21:32,1.375,1.375,1.375,1.375, 426
02/13/2020,21:36,1.38,1.38,1.38,1.38, 1805
02/13/2020,21:44,1.38,1.38,1.38,1.38, 3221
02/13/2020,21:45,1.39,1.39,1.385,1.39, 4880
02/13/2020,21:52,1.385,1.385,1.385,1.385, 151
02/13/2020,21:59,1.39,1.39,1.39,1.39, 100
02/13/2020,22:00,1.38,1.38,1.38,1.38, 3381
02/13/2020,22:01,1.37,1.38,1.37,1.38, 200
02/14/2020,15:31,1.36,1.36,1.36,1.36, 700
02/14/2020,15:31,1.35,1.35,1.35,1.35, 100
02/14/2020,15:35,1.369,1.369,1.35,1.35, 1200
02/14/2020,16:01,1.38,1.38,1.35,1.35, 5700
02/14/2020,16:19,1.36,1.36,1.36,1.36, 200
02/14/2020,16:23,1.36,1.36,1.36,1.36, 100
02/14/2020,16:25,1.37,1.37,1.37,1.37, 100
02/14/2020,16:30,1.36,1.36,1.36,1.36, 100
02/14/2020,16:32,1.36,1.36,1.36,1.36, 100
02/14/2020,17:17,1.37,1.37,1.37,1.37, 500
02/14/2020,17:22,1.36,1.36,1.36,1.36, 100
02/14/2020,17:24,1.36,1.36,1.36,1.36, 100
02/14/2020,17:26,1.37,1.37,1.37,1.37, 200
02/14/2020,17:29,1.36,1.36,1.36,1.36, 3094
02/14/2020,17:30,1.36,1.36,1.36,1.36, 1000
02/14/2020,17:31,1.36,1.36,1.36,1.36, 600
02/14/2020,17:33,1.36,1.36,1.345,1.345, 8398
02/14/2020,17:35,1.345,1.345,1.34,1.34, 1494
02/14/2020,17:38,1.347,1.347,1.347,1.347, 375
02/14/2020,17:43,1.341,1.341,1.34,1.34, 1150
02/14/2020,17:55,1.347,1.347,1.347,1.347, 500
02/14/2020,17:57,1.34,1.34,1.34,1.34, 500
02/14/2020,18:01,1.35,1.35,1.35,1.35, 100
02/14/2020,18:20,1.34,1.34,1.34,1.34, 100
02/14/2020,18:23,1.34,1.34,1.34,1.34, 1500
02/14/2020,18:26,1.345,1.345,1.345,1.345, 100
02/14/2020,18:33,1.343,1.343,1.343,1.343, 3000
02/14/2020,18:36,1.34,1.34,1.34,1.34, 100
02/14/2020,18:40,1.345,1.345,1.345,1.345, 100
02/14/2020,18:44,1.343,1.343,1.34,1.34, 581
02/14/2020,18:46,1.34,1.34,1.34,1.34, 2306
02/14/2020,18:49,1.343,1.343,1.343,1.343, 1000
02/14/2020,18:57,1.341,1.341,1.341,1.341, 600
02/14/2020,19:01,1.341,1.341,1.341,1.341, 700
02/14/2020,19:02,1.34,1.34,1.34,1.34, 1179
02/14/2020,19:07,1.335,1.335,1.335,1.335, 100
02/14/2020,21:01,1.33,1.33,1.33,1.33, 100
02/14/2020,21:02,1.33,1.33,1.33,1.33, 1200
02/14/2020,21:04,1.32,1.32,1.32,1.32, 300
02/14/2020,21:05,1.325,1.33,1.32,1.33, 11600
02/14/2020,21:10,1.32,1.325,1.32,1.32, 1500
02/14/2020,21:14,1.32,1.32,1.32,1.32, 2816
02/14/2020,21:16,1.318,1.32,1.318,1.32, 5600
02/14/2020,21:18,1.32,1.32,1.32,1.32, 100
02/14/2020,21:27,1.329,1.329,1.329,1.329, 300
02/14/2020,21:36,1.33,1.33,1.33,1.33, 100
02/14/2020,21:38,1.326,1.326,1.326,1.326, 1000
02/14/2020,21:40,1.33,1.33,1.33,1.33, 100
02/14/2020,21:42,1.33,1.338,1.33,1.33, 3425
02/14/2020,21:45,1.34,1.345,1.34,1.345, 2775
02/14/2020,21:46,1.345,1.345,1.345,1.345, 100
02/14/2020,21:47,1.34,1.34,1.34,1.34, 100
02/14/2020,21:53,1.345,1.35,1.34,1.34, 17058
02/14/2020,21:54,1.34,1.36,1.34,1.35, 11545
02/14/2020,21:55,1.34,1.345,1.34,1.345, 885
02/14/2020,21:56,1.35,1.36,1.345,1.35, 10000
02/14/2020,21:57,1.355,1.36,1.35,1.35, 1200
02/14/2020,21:57,1.35,1.35,1.35,1.35, 800
02/14/2020,22:00,1.35,1.35,1.345,1.345, 10507
02/14/2020,22:00,1.35,1.35,1.35,1.35, 500
02/18/2020,15:31,1.32,1.32,1.32,1.32, 2000
02/18/2020,15:38,1.35,1.36,1.35,1.35, 6900
02/18/2020,15:38,1.36,1.36,1.36,1.36, 800
02/18/2020,15:39,1.33,1.334,1.33,1.334, 800
02/18/2020,15:45,1.32,1.32,1.32,1.32, 500
02/18/2020,15:53,1.329,1.329,1.329,1.329, 333
02/18/2020,15:56,1.32,1.32,1.32,1.32, 100
02/18/2020,15:58,1.326,1.326,1.326,1.326, 1000
02/18/2020,15:59,1.336,1.336,1.336,1.336, 2500
02/18/2020,16:02,1.32,1.32,1.32,1.32, 100
02/18/2020,16:05,1.325,1.33,1.325,1.33, 1600
02/18/2020,16:08,1.34,1.34,1.34,1.34, 2100
02/18/2020,16:09,1.34,1.34,1.34,1.34, 100
02/18/2020,16:14,1.35,1.35,1.35,1.35, 1499
02/18/2020,16:17,1.347,1.347,1.347,1.347, 5000
02/18/2020,16:29,1.34,1.34,1.34,1.34, 100
02/18/2020,16:32,1.34,1.34,1.34,1.34, 100
02/18/2020,16:37,1.34,1.34,1.34,1.34, 100
02/18/2020,16:40,1.345,1.345,1.345,1.345, 100
02/18/2020,16:44,1.34,1.34,1.34,1.34, 100
02/18/2020,16:46,1.34,1.34,1.34,1.34, 100
02/18/2020,16:57,1.34,1.34,1.34,1.34, 100
02/18/2020,17:06,1.34,1.34,1.34,1.34, 100
02/18/2020,17:11,1.34,1.34,1.34,1.34, 100
02/18/2020,17:14,1.34,1.34,1.34,1.34, 100
02/18/2020,17:16,1.34,1.35,1.34,1.35, 200
02/18/2020,17:23,1.34,1.34,1.34,1.34, 100
02/18/2020,17:32,1.34,1.34,1.34,1.34, 100
02/18/2020,17:42,1.34,1.34,1.34,1.34, 100
02/18/2020,17:53,1.34,1.34,1.34,1.34, 100
02/18/2020,17:57,1.34,1.34,1.34,1.34, 100
02/18/2020,17:58,1.35,1.35,1.35,1.35, 100
02/18/2020,18:05,1.34,1.34,1.34,1.34, 300
02/18/2020,18:05,1.34,1.34,1.34,1.34, 200
02/18/2020,18:08,1.34,1.34,1.34,1.34, 100
02/18/2020,18:09,1.34,1.34,1.34,1.34, 100
02/18/2020,18:10,1.34,1.34,1.34,1.34, 200
02/18/2020,18:15,1.34,1.34,1.34,1.34, 200
02/18/2020,18:17,1.34,1.34,1.34,1.34, 494
02/18/2020,18:30,1.33,1.33,1.33,1.33, 100
02/18/2020,18:43,1.33,1.33,1.33,1.33, 100
02/18/2020,18:48,1.335,1.335,1.335,1.335, 100
02/18/2020,18:50,1.335,1.335,1.335,1.335, 100
02/18/2020,18:51,1.335,1.335,1.335,1.335, 100
02/18/2020,18:53,1.336,1.336,1.336,1.336, 100
02/18/2020,18:54,1.34,1.34,1.34,1.34, 100
02/18/2020,18:56,1.34,1.34,1.33,1.33, 200
02/18/2020,18:57,1.335,1.335,1.335,1.335, 200
02/18/2020,19:01,1.34,1.34,1.34,1.34, 100
02/18/2020,19:03,1.34,1.34,1.34,1.34, 100
02/18/2020,19:04,1.34,1.34,1.34,1.34, 100
02/18/2020,19:06,1.34,1.34,1.34,1.34, 100
02/18/2020,19:08,1.335,1.34,1.335,1.34, 200
02/18/2020,19:10,1.34,1.34,1.34,1.34, 100
02/18/2020,19:12,1.34,1.34,1.33,1.33, 500
02/18/2020,19:13,1.34,1.34,1.34,1.34, 100
02/18/2020,19:15,1.33,1.34,1.33,1.34, 1100
02/18/2020,19:17,1.34,1.34,1.34,1.34, 200
02/18/2020,19:19,1.34,1.34,1.34,1.34, 100
02/18/2020,19:20,1.34,1.34,1.34,1.34, 100
02/18/2020,19:22,1.34,1.34,1.34,1.34, 100
02/18/2020,19:23,1.33,1.33,1.33,1.33, 100
02/18/2020,19:24,1.34,1.34,1.34,1.34, 100
02/18/2020,19:26,1.34,1.34,1.34,1.34, 100
02/18/2020,19:28,1.34,1.34,1.335,1.335, 1055
02/18/2020,19:29,1.34,1.34,1.34,1.34, 100
02/18/2020,19:31,1.34,1.34,1.335,1.335, 300
02/18/2020,19:33,1.335,1.34,1.335,1.34, 200
02/18/2020,19:35,1.34,1.34,1.34,1.34, 100
02/18/2020,19:37,1.34,1.34,1.34,1.34, 100
02/18/2020,19:38,1.34,1.34,1.34,1.34, 100
02/18/2020,19:40,1.34,1.34,1.34,1.34, 100
02/18/2020,19:42,1.34,1.34,1.34,1.34, 100
02/18/2020,19:44,1.34,1.34,1.34,1.34, 100
02/18/2020,19:45,1.34,1.34,1.335,1.335, 200
02/18/2020,19:45,1.33,1.335,1.33,1.335, 200
02/18/2020,19:58,1.33,1.33,1.33,1.33, 100
02/18/2020,20:02,1.34,1.34,1.34,1.34, 185
02/18/2020,20:04,1.34,1.34,1.34,1.34, 100
02/18/2020,20:10,1.33,1.335,1.33,1.335, 200
02/18/2020,20:14,1.34,1.34,1.34,1.34, 100
02/18/2020,20:16,1.33,1.33,1.33,1.33, 100
02/18/2020,20:22,1.33,1.33,1.33,1.33, 100
02/18/2020,20:30,1.336,1.336,1.336,1.336, 200
02/18/2020,20:33,1.33,1.33,1.33,1.33, 100
02/18/2020,20:40,1.34,1.34,1.335,1.34, 2500
02/18/2020,20:48,1.34,1.34,1.34,1.34, 17970
02/18/2020,20:54,1.34,1.35,1.34,1.35, 9214
02/18/2020,20:55,1.34,1.34,1.34,1.34, 100
02/18/2020,21:09,1.34,1.34,1.34,1.34, 6274
02/18/2020,21:13,1.33,1.33,1.33,1.33, 100
02/18/2020,21:20,1.33,1.33,1.33,1.33, 200
02/18/2020,21:28,1.33,1.33,1.33,1.33, 100
02/18/2020,21:33,1.33,1.33,1.33,1.33, 100
02/18/2020,21:34,1.34,1.34,1.34,1.34, 450
02/18/2020,21:35,1.33,1.33,1.33,1.33, 100
02/18/2020,21:42,1.33,1.33,1.33,1.33, 100
02/18/2020,21:44,1.335,1.335,1.335,1.335, 100
02/18/2020,21:45,1.335,1.335,1.335,1.335, 100
02/18/2020,21:48,1.335,1.335,1.335,1.335, 100
02/18/2020,21:49,1.33,1.33,1.33,1.33, 100
02/18/2020,21:52,1.33,1.33,1.33,1.33, 100
02/18/2020,21:55,1.33,1.33,1.33,1.33, 100
02/18/2020,21:56,1.339,1.339,1.339,1.339, 1000
02/18/2020,21:57,1.335,1.335,1.33,1.335, 1008
02/18/2020,21:58,1.33,1.33,1.33,1.33, 100
02/18/2020,21:59,1.33,1.33,1.32,1.32, 600
02/18/2020,22:00,1.33,1.33,1.33,1.33, 110
02/18/2020,22:01,1.33,1.33,1.32,1.32, 6981
02/19/2020,15:33,1.339,1.339,1.339,1.339, 988
02/19/2020,15:35,1.32,1.32,1.32,1.32, 200
02/19/2020,15:36,1.31,1.31,1.31,1.31, 100
02/19/2020,15:47,1.33,1.33,1.33,1.33, 100
02/19/2020,15:52,1.33,1.33,1.33,1.33, 1200
02/19/2020,15:53,1.32,1.32,1.32,1.32, 100
02/19/2020,16:03,1.32,1.32,1.32,1.32, 100
02/19/2020,16:07,1.325,1.33,1.325,1.33, 3200
02/19/2020,16:08,1.327,1.327,1.31,1.31, 920
02/19/2020,16:27,1.316,1.316,1.31,1.31, 3100
02/19/2020,16:30,1.31,1.31,1.31,1.31, 200
02/19/2020,16:33,1.31,1.31,1.31,1.31, 300
02/19/2020,16:39,1.32,1.32,1.32,1.32, 100
02/19/2020,16:47,1.319,1.32,1.31,1.32, 752
02/19/2020,16:48,1.315,1.32,1.315,1.32, 700
02/19/2020,16:51,1.32,1.35,1.32,1.33, 10437
02/19/2020,16:52,1.33,1.33,1.33,1.33, 122
02/19/2020,16:55,1.32,1.32,1.32,1.32, 200
02/19/2020,17:11,1.33,1.33,1.33,1.33, 600
02/19/2020,17:13,1.335,1.335,1.335,1.335, 100
02/19/2020,17:14,1.33,1.33,1.33,1.33, 100
02/19/2020,17:19,1.33,1.33,1.33,1.33, 200
02/19/2020,17:27,1.335,1.335,1.335,1.335, 100
02/19/2020,18:14,1.335,1.335,1.335,1.335, 400
02/19/2020,20:05,1.333,1.333,1.33,1.33, 1052
02/19/2020,20:07,1.33,1.33,1.33,1.33, 100
02/19/2020,20:09,1.34,1.34,1.34,1.34, 7462
02/19/2020,20:10,1.33,1.33,1.33,1.33, 600
02/19/2020,20:11,1.33,1.33,1.33,1.33, 100
02/19/2020,20:13,1.338,1.338,1.33,1.33, 600
02/19/2020,20:14,1.33,1.33,1.33,1.33, 100
02/19/2020,20:17,1.33,1.33,1.33,1.33, 100
02/19/2020,20:20,1.335,1.335,1.33,1.33, 200
02/19/2020,20:24,1.335,1.335,1.335,1.335, 500
02/19/2020,20:26,1.335,1.335,1.335,1.335, 100
02/19/2020,20:30,1.34,1.34,1.34,1.34, 100
02/19/2020,20:33,1.335,1.335,1.335,1.335, 100
02/19/2020,20:45,1.33,1.33,1.33,1.33, 400
02/19/2020,20:47,1.34,1.34,1.33,1.33, 283
02/19/2020,20:48,1.33,1.33,1.33,1.33, 100
02/19/2020,20:50,1.33,1.33,1.33,1.33, 100
02/19/2020,20:50,1.33,1.33,1.33,1.33, 100
02/19/2020,20:52,1.33,1.33,1.33,1.33, 100
02/19/2020,20:53,1.33,1.33,1.33,1.33, 200
02/19/2020,21:00,1.33,1.33,1.33,1.33, 100
02/19/2020,21:01,1.32,1.32,1.32,1.32, 3100
02/19/2020,21:03,1.32,1.32,1.32,1.32, 100
02/19/2020,21:04,1.325,1.325,1.325,1.325, 100
02/19/2020,21:13,1.33,1.33,1.32,1.32, 3207
02/19/2020,21:14,1.32,1.32,1.32,1.32, 2399
02/19/2020,21:16,1.315,1.315,1.31,1.31, 24400
02/19/2020,21:17,1.31,1.315,1.31,1.31, 1454
02/19/2020,21:18,1.305,1.305,1.305,1.305, 100
02/19/2020,21:21,1.305,1.305,1.305,1.305, 100
02/19/2020,21:23,1.305,1.305,1.305,1.305, 100
02/19/2020,21:24,1.305,1.31,1.305,1.31, 200
02/19/2020,21:25,1.31,1.31,1.31,1.31, 1200
02/19/2020,21:26,1.305,1.305,1.305,1.305, 300
02/19/2020,21:27,1.31,1.31,1.305,1.305, 200
02/19/2020,21:31,1.31,1.31,1.31,1.31, 100
02/19/2020,21:32,1.31,1.31,1.305,1.31, 8874
02/19/2020,21:37,1.31,1.31,1.3,1.3, 200
02/19/2020,21:41,1.31,1.31,1.305,1.31, 7216
02/19/2020,21:42,1.3,1.305,1.3,1.305, 2200
02/19/2020,21:43,1.3,1.31,1.3,1.3, 11194
02/19/2020,21:45,1.305,1.31,1.305,1.31, 4321
02/19/2020,21:46,1.31,1.31,1.31,1.31, 200
02/19/2020,21:46,1.305,1.305,1.305,1.305, 100
02/19/2020,21:48,1.305,1.305,1.305,1.305, 100
02/19/2020,21:50,1.305,1.305,1.305,1.305, 100
02/19/2020,21:52,1.31,1.31,1.31,1.31, 100
02/19/2020,21:53,1.305,1.305,1.305,1.305, 100
02/19/2020,21:55,1.305,1.305,1.305,1.305, 100
02/19/2020,21:57,1.305,1.305,1.305,1.305, 100
02/19/2020,22:00,1.3,1.3,1.3,1.3, 168
02/19/2020,22:01,1.3,1.3,1.3,1.3, 126
02/20/2020,15:31,1.33,1.33,1.33,1.33, 2455
02/20/2020,15:32,1.303,1.303,1.303,1.303, 300
02/20/2020,15:35,1.338,1.338,1.338,1.338, 258
02/20/2020,15:36,1.3,1.3,1.3,1.3, 100
02/20/2020,15:48,1.33,1.34,1.33,1.34, 6100
02/20/2020,15:48,1.339,1.34,1.339,1.34, 10979
02/20/2020,15:56,1.335,1.335,1.335,1.335, 180
02/20/2020,15:57,1.349,1.349,1.349,1.349, 1400
02/20/2020,16:06,1.35,1.35,1.35,1.35, 100
02/20/2020,16:07,1.34,1.34,1.34,1.34, 500
02/20/2020,16:17,1.35,1.35,1.35,1.35, 100
02/20/2020,16:18,1.34,1.34,1.34,1.34, 2000
02/20/2020,16:22,1.34,1.34,1.34,1.34, 200
02/20/2020,16:30,1.34,1.34,1.34,1.34, 100
02/20/2020,16:32,1.35,1.35,1.35,1.35, 100
02/20/2020,16:35,1.35,1.35,1.35,1.35, 100
02/20/2020,16:47,1.347,1.35,1.347,1.35, 3225
02/20/2020,16:55,1.35,1.35,1.35,1.35, 100
02/20/2020,17:04,1.341,1.341,1.341,1.341, 1200
02/20/2020,17:15,1.35,1.35,1.35,1.35, 100
02/20/2020,17:26,1.344,1.344,1.344,1.344, 1000
02/20/2020,17:32,1.34,1.34,1.34,1.34, 1450
02/20/2020,17:32,1.34,1.34,1.34,1.34, 250
02/20/2020,17:34,1.345,1.35,1.34,1.35, 750
02/20/2020,17:34,1.341,1.341,1.341,1.341, 250
02/20/2020,17:36,1.35,1.35,1.34,1.34, 350
02/20/2020,17:38,1.34,1.341,1.34,1.341, 500
02/20/2020,17:39,1.345,1.345,1.345,1.345, 200
02/20/2020,17:40,1.34,1.34,1.34,1.34, 500
02/20/2020,17:40,1.341,1.341,1.341,1.341, 250
02/20/2020,17:43,1.341,1.341,1.341,1.341, 250
02/20/2020,17:45,1.341,1.341,1.341,1.341, 250
02/20/2020,17:46,1.34,1.34,1.34,1.34, 100
02/20/2020,17:49,1.35,1.35,1.35,1.35, 100
02/20/2020,17:52,1.34,1.34,1.34,1.34, 250
02/20/2020,18:17,1.343,1.35,1.34,1.34, 580
02/20/2020,18:24,1.348,1.348,1.348,1.348, 500
02/20/2020,18:31,1.342,1.342,1.34,1.34, 500
02/20/2020,18:38,1.35,1.35,1.35,1.35, 100
02/20/2020,18:40,1.345,1.345,1.341,1.341, 1250
02/20/2020,18:43,1.345,1.345,1.345,1.345, 2000
02/20/2020,18:45,1.34,1.34,1.34,1.34, 250
02/20/2020,18:46,1.35,1.35,1.35,1.35, 100
02/20/2020,18:47,1.35,1.35,1.35,1.35, 370
02/20/2020,18:49,1.35,1.35,1.35,1.35, 7351
02/20/2020,18:52,1.35,1.35,1.35,1.35, 3100
02/20/2020,18:58,1.35,1.35,1.35,1.35, 200
02/20/2020,19:03,1.35,1.35,1.35,1.35, 100
02/20/2020,19:04,1.34,1.34,1.34,1.34, 250
02/20/2020,19:07,1.341,1.341,1.341,1.341, 250
02/20/2020,19:12,1.35,1.35,1.35,1.35, 100
02/20/2020,19:13,1.35,1.35,1.35,1.35, 1100
02/20/2020,19:13,1.35,1.35,1.35,1.35, 200
02/20/2020,19:17,1.36,1.36,1.36,1.36, 100
02/20/2020,19:19,1.355,1.355,1.35,1.355, 1100
02/20/2020,19:19,1.36,1.36,1.35,1.35, 600
02/20/2020,19:29,1.35,1.35,1.35,1.35, 200
02/20/2020,19:31,1.355,1.355,1.35,1.35, 200
02/20/2020,19:38,1.35,1.35,1.35,1.35, 100
02/20/2020,19:45,1.355,1.355,1.355,1.355, 100
02/20/2020,19:48,1.354,1.354,1.354,1.354, 753
02/20/2020,19:51,1.355,1.355,1.355,1.355, 100
02/20/2020,19:51,1.35,1.35,1.35,1.35, 500
02/20/2020,19:53,1.355,1.355,1.355,1.355, 100
02/20/2020,19:55,1.35,1.35,1.35,1.35, 578
02/20/2020,20:02,1.355,1.355,1.355,1.355, 100
02/20/2020,20:13,1.355,1.355,1.355,1.355, 500
02/20/2020,20:17,1.355,1.355,1.355,1.355, 100
02/20/2020,20:23,1.355,1.355,1.355,1.355, 100
02/20/2020,20:32,1.351,1.351,1.351,1.351, 2772
02/20/2020,20:34,1.35,1.35,1.35,1.35, 100
02/20/2020,20:38,1.355,1.355,1.355,1.355, 100
02/20/2020,20:41,1.355,1.37,1.355,1.355, 12070
02/20/2020,20:47,1.375,1.375,1.375,1.375, 100
02/20/2020,20:48,1.38,1.39,1.375,1.39, 9500
02/20/2020,20:54,1.385,1.385,1.385,1.385, 600
02/20/2020,20:56,1.39,1.39,1.39,1.39, 400
02/20/2020,20:59,1.385,1.4,1.38,1.395, 11109
02/20/2020,21:03,1.39,1.39,1.39,1.39, 1000
02/20/2020,21:03,1.39,1.39,1.39,1.39, 3000
02/20/2020,21:04,1.385,1.385,1.385,1.385, 200
02/20/2020,21:10,1.39,1.39,1.39,1.39, 1080
02/20/2020,21:17,1.385,1.385,1.385,1.385, 100
02/20/2020,21:22,1.385,1.39,1.38,1.385, 1000
02/20/2020,21:30,1.38,1.38,1.38,1.38, 1000
02/20/2020,21:35,1.385,1.385,1.385,1.385, 2000
02/20/2020,21:38,1.385,1.4,1.38,1.385, 12749
02/20/2020,21:38,1.385,1.395,1.385,1.395, 500
02/20/2020,21:40,1.4,1.4,1.395,1.395, 284
02/20/2020,21:42,1.395,1.395,1.395,1.395, 221
02/20/2020,21:45,1.395,1.395,1.395,1.395, 316
02/20/2020,21:46,1.395,1.395,1.395,1.395, 400
02/20/2020,21:46,1.4,1.4,1.4,1.4, 234
02/20/2020,21:48,1.39,1.39,1.39,1.39, 100
02/20/2020,21:49,1.39,1.39,1.39,1.39, 100
02/20/2020,21:50,1.39,1.39,1.39,1.39, 100
02/20/2020,21:55,1.395,1.395,1.395,1.395, 500
02/20/2020,21:56,1.395,1.395,1.395,1.395, 1000
02/20/2020,21:58,1.4,1.4,1.395,1.395, 7978
02/20/2020,21:59,1.4,1.4,1.4,1.4, 442
02/20/2020,22:00,1.395,1.41,1.395,1.41, 4152
02/20/2020,22:00,1.405,1.405,1.4,1.4, 2300
02/21/2020,15:31,1.4,1.4,1.4,1.4, 720
02/21/2020,15:32,1.401,1.401,1.401,1.401, 200
02/21/2020,15:32,1.39,1.39,1.39,1.39, 100
02/21/2020,15:36,1.39,1.39,1.39,1.39, 200
02/21/2020,15:39,1.39,1.39,1.39,1.39, 100
02/21/2020,15:40,1.39,1.39,1.39,1.39, 100
02/21/2020,15:45,1.39,1.39,1.39,1.39, 100
02/21/2020,15:49,1.404,1.404,1.39,1.39, 2100
02/21/2020,15:50,1.39,1.39,1.39,1.39, 100
02/21/2020,15:54,1.39,1.39,1.39,1.39, 200
02/21/2020,15:55,1.39,1.39,1.39,1.39, 100
02/21/2020,16:00,1.39,1.39,1.39,1.39, 100
02/21/2020,16:01,1.405,1.405,1.4,1.4, 2100
02/21/2020,16:02,1.405,1.405,1.405,1.405, 2000
02/21/2020,16:03,1.406,1.406,1.405,1.405, 2600
02/21/2020,16:04,1.4,1.4,1.4,1.4, 100
02/21/2020,16:05,1.4,1.4,1.4,1.4, 100
02/21/2020,16:09,1.4,1.4,1.4,1.4, 100
02/21/2020,16:10,1.41,1.415,1.41,1.41, 2212
02/21/2020,16:15,1.41,1.41,1.41,1.41, 100
02/21/2020,16:19,1.41,1.41,1.41,1.41, 100
02/21/2020,16:20,1.41,1.41,1.41,1.41, 100
02/21/2020,16:22,1.415,1.415,1.415,1.415, 2000
02/21/2020,16:24,1.415,1.415,1.415,1.415, 2000
02/21/2020,16:25,1.41,1.41,1.41,1.41, 100
02/21/2020,16:26,1.415,1.415,1.415,1.415, 1000
02/21/2020,16:27,1.415,1.415,1.415,1.415, 2000
02/21/2020,16:27,1.415,1.415,1.415,1.415, 2000
02/21/2020,16:29,1.415,1.415,1.41,1.41, 2100
02/21/2020,16:30,1.41,1.41,1.41,1.41, 100
02/21/2020,16:35,1.415,1.415,1.41,1.41, 200
02/21/2020,16:38,1.41,1.41,1.41,1.41, 100
02/21/2020,16:40,1.41,1.41,1.41,1.41, 100
02/21/2020,16:45,1.41,1.41,1.41,1.41, 100
02/21/2020,16:49,1.415,1.415,1.41,1.41, 200
02/21/2020,16:50,1.415,1.415,1.41,1.41, 3405
02/21/2020,16:53,1.415,1.42,1.415,1.42, 1300
02/21/2020,16:55,1.41,1.41,1.41,1.41, 100
02/21/2020,16:56,1.413,1.413,1.413,1.413, 301
02/21/2020,16:58,1.42,1.42,1.415,1.415, 2100
02/21/2020,16:58,1.41,1.41,1.41,1.41, 100
02/21/2020,17:03,1.42,1.42,1.42,1.42, 4000
02/21/2020,17:04,1.41,1.41,1.41,1.41, 100
02/21/2020,17:05,1.41,1.41,1.41,1.41, 100
02/21/2020,17:09,1.415,1.415,1.41,1.41, 250
02/21/2020,17:10,1.41,1.41,1.41,1.41, 100
02/21/2020,17:10,1.415,1.415,1.415,1.415, 2000
02/21/2020,17:13,1.415,1.415,1.415,1.415, 400
02/21/2020,17:15,1.41,1.41,1.41,1.41, 100
02/21/2020,17:19,1.41,1.415,1.41,1.415, 2100
02/21/2020,17:20,1.41,1.42,1.41,1.415, 2100
02/21/2020,17:21,1.42,1.42,1.42,1.42, 2051
02/21/2020,17:22,1.42,1.43,1.42,1.43, 1300
02/21/2020,17:22,1.43,1.43,1.43,1.43, 400
02/21/2020,17:25,1.43,1.43,1.425,1.43, 2960
02/21/2020,17:29,1.43,1.44,1.43,1.44, 200
02/21/2020,17:30,1.43,1.43,1.43,1.43, 100
02/21/2020,17:35,1.44,1.44,1.43,1.43, 200
02/21/2020,17:39,1.43,1.43,1.43,1.43, 100
02/21/2020,17:40,1.44,1.44,1.44,1.44, 100
02/21/2020,17:41,1.43,1.45,1.43,1.45, 5490
02/21/2020,17:41,1.454,1.454,1.454,1.454, 1948
02/21/2020,17:44,1.46,1.46,1.46,1.46, 300
02/21/2020,17:44,1.46,1.46,1.46,1.46, 2000
02/21/2020,17:47,1.47,1.47,1.465,1.465, 900
02/21/2020,17:48,1.473,1.473,1.472,1.472, 3916
02/21/2020,17:49,1.47,1.47,1.47,1.47, 500
02/21/2020,17:50,1.47,1.47,1.47,1.47, 100
02/21/2020,17:52,1.48,1.48,1.48,1.48, 500
02/21/2020,17:53,1.48,1.48,1.48,1.48, 200
02/21/2020,17:54,1.49,1.49,1.49,1.49, 100
02/21/2020,17:55,1.48,1.486,1.48,1.486, 1910
02/21/2020,17:56,1.49,1.49,1.49,1.49, 300
02/21/2020,17:57,1.48,1.48,1.48,1.48, 2000
02/21/2020,17:57,1.49,1.49,1.485,1.485, 300
02/21/2020,17:59,1.48,1.48,1.48,1.48, 100
02/21/2020,18:00,1.48,1.482,1.48,1.482, 2100
02/21/2020,18:02,1.48,1.48,1.48,1.48, 923
02/21/2020,18:03,1.48,1.48,1.48,1.48, 2000
02/21/2020,18:04,1.485,1.485,1.485,1.485, 100
02/21/2020,18:05,1.48,1.5,1.48,1.499, 11195
02/21/2020,18:08,1.5,1.5,1.5,1.5, 6134
02/21/2020,18:10,1.5,1.5,1.5,1.5, 100
02/21/2020,18:12,1.5,1.505,1.5,1.505, 600
02/21/2020,18:15,1.5,1.5,1.5,1.5, 100
02/21/2020,18:16,1.5,1.5,1.5,1.5, 3000
02/21/2020,18:19,1.51,1.51,1.5,1.5, 1700
02/21/2020,18:20,1.5,1.5,1.5,1.5, 100
02/21/2020,18:22,1.505,1.505,1.505,1.505, 100
02/21/2020,18:23,1.51,1.51,1.51,1.51, 1000
02/21/2020,18:25,1.5,1.5,1.5,1.5, 100
02/21/2020,18:29,1.5,1.5,1.5,1.5, 100
02/21/2020,18:30,1.509,1.509,1.5,1.5, 600
02/21/2020,18:36,1.5,1.505,1.5,1.505, 1100
02/21/2020,18:37,1.51,1.51,1.5,1.5, 2700
02/21/2020,18:40,1.5,1.5,1.5,1.5, 1000
02/21/2020,18:41,1.5,1.505,1.5,1.5, 4607
02/21/2020,18:43,1.5,1.5,1.5,1.5, 100
02/21/2020,18:45,1.508,1.518,1.508,1.515, 5200
02/21/2020,18:45,1.51,1.51,1.51,1.51, 100
02/21/2020,18:50,1.51,1.51,1.51,1.51, 100
02/21/2020,18:54,1.51,1.51,1.51,1.51, 100
02/21/2020,18:55,1.51,1.51,1.51,1.51, 100
02/21/2020,18:58,1.515,1.515,1.515,1.515, 1000
02/21/2020,18:58,1.517,1.517,1.51,1.51, 1014
02/21/2020,19:00,1.52,1.52,1.52,1.52, 100
02/21/2020,19:00,1.51,1.51,1.51,1.51, 100
02/21/2020,19:02,1.516,1.516,1.516,1.516, 1000
02/21/2020,19:04,1.51,1.51,1.51,1.51, 200
02/21/2020,19:05,1.513,1.513,1.51,1.51, 700
02/21/2020,19:07,1.517,1.519,1.517,1.518, 1000
02/21/2020,19:10,1.51,1.51,1.51,1.51, 100
02/21/2020,19:11,1.52,1.54,1.52,1.52, 10750
02/21/2020,19:13,1.525,1.525,1.525,1.525, 2600
02/21/2020,19:14,1.52,1.52,1.52,1.52, 100
02/21/2020,19:15,1.52,1.52,1.52,1.52, 100
02/21/2020,19:18,1.53,1.53,1.53,1.53, 400
02/21/2020,19:20,1.52,1.52,1.52,1.52, 100
02/21/2020,19:24,1.52,1.52,1.52,1.52, 100
02/21/2020,19:25,1.53,1.54,1.53,1.53, 2686
02/21/2020,19:30,1.53,1.53,1.53,1.53, 100
02/21/2020,19:32,1.55,1.55,1.55,1.55, 3500
02/21/2020,19:33,1.54,1.54,1.54,1.54, 100
02/21/2020,19:34,1.53,1.55,1.53,1.55, 300
02/21/2020,19:35,1.53,1.53,1.53,1.53, 100
02/21/2020,19:40,1.54,1.54,1.53,1.53, 500
02/21/2020,19:41,1.54,1.54,1.54,1.54, 1000
02/21/2020,19:42,1.54,1.54,1.53,1.53, 1000
02/21/2020,19:44,1.548,1.548,1.53,1.53, 5100
02/21/2020,19:45,1.53,1.53,1.53,1.53, 100
02/21/2020,19:45,1.54,1.54,1.54,1.54, 200
02/21/2020,19:50,1.54,1.54,1.54,1.54, 100
02/21/2020,19:54,1.549,1.549,1.549,1.549, 800
02/21/2020,19:55,1.54,1.54,1.54,1.54, 200
02/21/2020,19:56,1.545,1.545,1.54,1.54, 400
02/21/2020,20:00,1.54,1.54,1.54,1.54, 100
02/21/2020,20:00,1.542,1.542,1.542,1.542, 100
02/21/2020,20:04,1.54,1.54,1.54,1.54, 700
02/21/2020,20:05,1.54,1.54,1.54,1.54, 100
02/21/2020,20:07,1.545,1.55,1.54,1.54, 1690
02/21/2020,20:10,1.54,1.54,1.54,1.54, 100
02/21/2020,20:11,1.55,1.56,1.55,1.56, 3170
02/21/2020,20:12,1.555,1.555,1.55,1.55, 4000
02/21/2020,20:14,1.55,1.55,1.55,1.55, 100
02/21/2020,20:16,1.55,1.55,1.55,1.55, 100
02/21/2020,20:20,1.55,1.55,1.55,1.55, 100
02/21/2020,20:22,1.56,1.56,1.55,1.56, 900
02/21/2020,20:24,1.55,1.55,1.55,1.55, 100
02/21/2020,20:25,1.55,1.55,1.55,1.55, 100
02/21/2020,20:29,1.551,1.551,1.551,1.551, 337
02/21/2020,20:30,1.555,1.56,1.55,1.55, 10700
02/21/2020,20:31,1.55,1.56,1.55,1.55, 5200
02/21/2020,20:31,1.55,1.55,1.55,1.55, 100
02/21/2020,20:32,1.56,1.56,1.56,1.56, 2200
02/21/2020,20:34,1.55,1.55,1.55,1.55, 100
02/21/2020,20:35,1.55,1.55,1.55,1.55, 100
02/21/2020,20:36,1.555,1.56,1.55,1.55, 1400
02/21/2020,20:37,1.56,1.56,1.56,1.56, 200
02/21/2020,20:40,1.55,1.55,1.55,1.55, 100
02/21/2020,20:41,1.56,1.56,1.557,1.557, 350
02/21/2020,20:42,1.557,1.557,1.557,1.557, 200
02/21/2020,20:44,1.55,1.55,1.55,1.55, 100
02/21/2020,20:46,1.55,1.55,1.55,1.55, 100
02/21/2020,20:50,1.55,1.55,1.55,1.55, 100
02/21/2020,20:51,1.555,1.555,1.55,1.55, 15783
02/21/2020,20:52,1.56,1.56,1.557,1.557, 2700
02/21/2020,20:52,1.555,1.555,1.555,1.555, 500
02/21/2020,20:54,1.55,1.56,1.55,1.55, 620
02/21/2020,20:55,1.55,1.55,1.55,1.55, 420
02/21/2020,20:55,1.55,1.55,1.55,1.55, 100
02/21/2020,20:57,1.555,1.555,1.555,1.555, 100
02/21/2020,20:58,1.56,1.56,1.55,1.56, 2400
02/21/2020,20:58,1.57,1.57,1.56,1.57, 1247
02/21/2020,21:00,1.57,1.57,1.56,1.56, 440
02/21/2020,21:01,1.564,1.564,1.564,1.564, 300
02/21/2020,21:04,1.565,1.565,1.56,1.56, 300
02/21/2020,21:05,1.56,1.56,1.56,1.56, 100
02/21/2020,21:08,1.56,1.56,1.55,1.55, 2597
02/21/2020,21:10,1.55,1.55,1.55,1.55, 100
02/21/2020,21:14,1.56,1.56,1.55,1.55, 200
02/21/2020,21:15,1.55,1.55,1.55,1.55, 100
02/21/2020,21:18,1.56,1.56,1.56,1.56, 190
02/21/2020,21:20,1.55,1.55,1.55,1.55, 100
02/21/2020,21:21,1.552,1.56,1.552,1.56, 200
02/21/2020,21:24,1.559,1.559,1.55,1.55, 600
02/21/2020,21:25,1.55,1.55,1.55,1.55, 100
02/21/2020,21:26,1.56,1.562,1.558,1.56, 2709
02/21/2020,21:29,1.56,1.561,1.55,1.55, 5798
02/21/2020,21:30,1.55,1.55,1.55,1.55, 100
02/21/2020,21:31,1.57,1.57,1.57,1.57, 5000
02/21/2020,21:35,1.55,1.55,1.55,1.55, 2000
02/21/2020,21:35,1.55,1.55,1.55,1.55, 100
02/21/2020,21:39,1.55,1.57,1.55,1.57, 400
02/21/2020,21:41,1.55,1.568,1.55,1.568, 200
02/21/2020,21:43,1.57,1.574,1.556,1.56, 4997
02/21/2020,21:44,1.56,1.56,1.56,1.56, 200
02/21/2020,21:45,1.56,1.56,1.56,1.56, 100
02/21/2020,21:50,1.57,1.57,1.57,1.57, 100
02/21/2020,21:53,1.57,1.57,1.57,1.57, 100
02/21/2020,21:58,1.56,1.56,1.56,1.56, 100
02/21/2020,22:01,1.58,1.58,1.57,1.57, 7385
02/24/2020,15:31,1.79,1.79,1.79,1.79, 22237
02/24/2020,15:33,1.68,1.68,1.68,1.68, 100
02/24/2020,15:33,1.69,1.69,1.69,1.69, 100
02/24/2020,15:37,1.66,1.695,1.66,1.695, 500
02/24/2020,15:37,1.7,1.7,1.699,1.7, 400
02/24/2020,15:38,1.67,1.679,1.67,1.679, 1200
02/24/2020,15:39,1.678,1.688,1.628,1.628, 11390
02/24/2020,15:42,1.63,1.638,1.62,1.638, 2200
02/24/2020,15:44,1.62,1.624,1.61,1.61, 7023
02/24/2020,15:46,1.61,1.61,1.6,1.6, 4601
02/24/2020,15:46,1.595,1.6,1.59,1.59, 7255
02/24/2020,15:51,1.59,1.59,1.56,1.58, 14350
02/24/2020,15:52,1.57,1.57,1.57,1.57, 604
02/24/2020,15:53,1.57,1.57,1.55,1.552, 8250
02/24/2020,15:55,1.569,1.569,1.569,1.569, 4000
02/24/2020,15:57,1.559,1.559,1.559,1.559, 500
02/24/2020,16:04,1.555,1.555,1.555,1.555, 1200
02/24/2020,16:10,1.555,1.555,1.555,1.555, 100
02/24/2020,16:13,1.55,1.55,1.55,1.55, 100
02/24/2020,16:18,1.557,1.557,1.557,1.557, 1600
02/24/2020,16:21,1.56,1.56,1.55,1.555, 1669
02/24/2020,16:29,1.547,1.547,1.547,1.547, 400
02/24/2020,16:31,1.54,1.54,1.54,1.54, 100
02/24/2020,16:32,1.53,1.53,1.53,1.53, 100
02/24/2020,16:38,1.52,1.52,1.52,1.52, 100
02/24/2020,16:40,1.52,1.52,1.5,1.5, 10500
02/24/2020,16:42,1.52,1.52,1.52,1.52, 100
02/24/2020,16:44,1.518,1.52,1.518,1.52, 1366
02/24/2020,16:46,1.518,1.518,1.518,1.518, 300
02/24/2020,16:48,1.54,1.55,1.52,1.55, 7410
02/24/2020,16:53,1.55,1.55,1.55,1.55, 100
02/24/2020,17:04,1.543,1.55,1.543,1.55, 3100
02/24/2020,17:07,1.55,1.55,1.55,1.55, 1000
02/24/2020,17:13,1.541,1.541,1.541,1.541, 100
02/24/2020,17:15,1.545,1.545,1.545,1.545, 100
02/24/2020,17:23,1.545,1.545,1.545,1.545, 400
02/24/2020,17:26,1.54,1.54,1.54,1.54, 100
02/24/2020,17:27,1.54,1.54,1.53,1.54, 3300
02/24/2020,17:32,1.52,1.52,1.515,1.515, 300
02/24/2020,17:37,1.515,1.515,1.515,1.515, 400
02/24/2020,17:49,1.515,1.515,1.515,1.515, 100
02/24/2020,17:52,1.52,1.52,1.52,1.52, 100
02/24/2020,18:01,1.515,1.515,1.514,1.514, 475
02/24/2020,18:07,1.513,1.513,1.513,1.513, 100
02/24/2020,18:13,1.51,1.51,1.51,1.51, 100
02/24/2020,18:18,1.515,1.515,1.515,1.515, 200
02/24/2020,18:28,1.51,1.51,1.51,1.51, 100
02/24/2020,18:34,1.515,1.515,1.515,1.515, 100
02/24/2020,18:37,1.515,1.515,1.515,1.515, 100
02/24/2020,18:42,1.51,1.51,1.51,1.51, 371
02/24/2020,18:42,1.51,1.51,1.51,1.51, 100
02/24/2020,18:47,1.519,1.519,1.519,1.519, 1200
02/24/2020,18:54,1.51,1.51,1.51,1.51, 700
02/24/2020,18:57,1.52,1.52,1.52,1.52, 100
02/24/2020,18:59,1.51,1.52,1.51,1.52, 200
02/24/2020,19:00,1.52,1.52,1.515,1.515, 600
02/24/2020,19:03,1.515,1.515,1.515,1.515, 200
02/24/2020,19:07,1.51,1.51,1.51,1.51, 200
02/24/2020,19:12,1.51,1.518,1.51,1.518, 200
02/24/2020,19:15,1.51,1.514,1.5,1.5, 8474
02/24/2020,19:16,1.505,1.505,1.5,1.5, 4200
02/24/2020,19:18,1.5,1.5,1.5,1.5, 748
02/24/2020,19:19,1.5,1.5,1.5,1.5, 4573
02/24/2020,19:21,1.48,1.49,1.48,1.49, 300
02/24/2020,19:25,1.49,1.49,1.49,1.49, 200
02/24/2020,19:30,1.49,1.49,1.49,1.49, 500
02/24/2020,19:36,1.49,1.49,1.49,1.49, 200
02/24/2020,19:49,1.505,1.505,1.5,1.5, 2100
02/24/2020,19:54,1.49,1.49,1.49,1.49, 220
02/24/2020,20:00,1.493,1.493,1.493,1.493, 200
02/24/2020,20:04,1.5,1.5,1.5,1.5, 985
02/24/2020,20:07,1.495,1.495,1.495,1.495, 750
02/24/2020,20:08,1.49,1.49,1.49,1.49, 800
02/24/2020,20:09,1.493,1.493,1.493,1.493, 2000
02/24/2020,20:22,1.5,1.5,1.5,1.5, 200
02/24/2020,20:33,1.5,1.5,1.5,1.5, 200
02/24/2020,20:35,1.5,1.5,1.49,1.49, 1343
02/24/2020,20:49,1.49,1.49,1.49,1.49, 200
02/24/2020,20:50,1.49,1.49,1.49,1.49, 200
02/24/2020,20:51,1.49,1.49,1.49,1.49, 200
02/24/2020,20:52,1.49,1.49,1.48,1.48, 14328
02/24/2020,20:53,1.49,1.49,1.49,1.49, 219
02/24/2020,20:54,1.485,1.49,1.485,1.49, 359
02/24/2020,20:55,1.487,1.487,1.487,1.487, 1000
02/24/2020,20:56,1.48,1.48,1.48,1.48, 1200
02/24/2020,21:02,1.48,1.48,1.48,1.48, 100
02/24/2020,21:09,1.48,1.48,1.48,1.48, 100
02/24/2020,21:13,1.483,1.483,1.483,1.483, 5000
02/24/2020,21:15,1.483,1.483,1.483,1.483, 7800
02/24/2020,21:17,1.477,1.48,1.477,1.48, 5200
02/24/2020,21:18,1.48,1.48,1.46,1.46, 200
02/24/2020,21:19,1.48,1.48,1.48,1.48, 100
02/24/2020,21:19,1.47,1.47,1.47,1.47, 100
02/24/2020,21:22,1.47,1.47,1.47,1.47, 1000
02/24/2020,21:27,1.475,1.475,1.475,1.475, 100
02/24/2020,21:31,1.48,1.5,1.48,1.5, 7599
02/24/2020,21:33,1.5,1.5,1.5,1.5, 300
02/24/2020,21:36,1.504,1.504,1.504,1.504, 100
02/24/2020,21:38,1.51,1.51,1.51,1.51, 101
02/24/2020,21:41,1.5,1.5,1.5,1.5, 1700
02/24/2020,21:44,1.5,1.5,1.49,1.49, 500
02/24/2020,21:48,1.499,1.5,1.499,1.5, 1100
02/24/2020,21:50,1.5,1.5,1.5,1.5, 100
02/24/2020,21:51,1.5,1.505,1.5,1.505, 4100
02/24/2020,21:54,1.505,1.51,1.505,1.51, 2498
02/24/2020,21:58,1.52,1.52,1.52,1.52, 100
02/24/2020,21:59,1.516,1.52,1.5,1.5, 10964
02/24/2020,22:00,1.5,1.505,1.5,1.505, 400
02/24/2020,22:01,1.5,1.505,1.49,1.49, 3453
02/24/2020,22:01,1.49,1.49,1.49,1.49, 4945
02/25/2020,15:31,1.46,1.46,1.451,1.451, 2785
02/25/2020,15:32,1.467,1.467,1.46,1.46, 8300
02/25/2020,15:32,1.46,1.46,1.45,1.45, 1269
02/25/2020,15:33,1.45,1.45,1.45,1.45, 9323
02/25/2020,15:33,1.42,1.42,1.42,1.42, 100
02/25/2020,15:35,1.415,1.415,1.4,1.4, 20100
02/25/2020,15:35,1.382,1.382,1.32,1.33, 2341
02/25/2020,15:36,1.31,1.31,1.23,1.3, 11964
02/25/2020,15:36,1.25,1.25,1.24,1.24, 1496
02/25/2020,15:38,1.25,1.27,1.23,1.27, 6100
02/25/2020,15:39,1.284,1.284,1.284,1.284, 2000
02/25/2020,15:40,1.29,1.29,1.29,1.29, 4150
02/25/2020,15:40,1.32,1.32,1.289,1.289, 2365
02/25/2020,15:41,1.323,1.323,1.323,1.323, 100
02/25/2020,15:42,1.33,1.4,1.33,1.37, 10016
02/25/2020,15:43,1.39,1.39,1.39,1.39, 229
02/25/2020,15:43,1.388,1.388,1.388,1.388, 500
02/25/2020,15:44,1.386,1.386,1.375,1.375, 4000
02/25/2020,15:46,1.361,1.375,1.361,1.375, 10200
02/25/2020,15:46,1.36,1.36,1.36,1.36, 10000
02/25/2020,15:47,1.39,1.41,1.39,1.39, 1488
02/25/2020,15:48,1.402,1.402,1.402,1.402, 500
02/25/2020,15:49,1.394,1.42,1.394,1.42, 800
02/25/2020,15:51,1.396,1.4,1.396,1.4, 1447
02/25/2020,15:54,1.4,1.4,1.4,1.4, 200
02/25/2020,15:59,1.409,1.409,1.409,1.409, 393
02/25/2020,16:02,1.444,1.444,1.39,1.39, 4145
02/25/2020,16:04,1.41,1.45,1.41,1.44, 2888
02/25/2020,16:05,1.455,1.464,1.443,1.443, 6000
02/25/2020,16:06,1.455,1.455,1.455,1.455, 200
02/25/2020,16:07,1.44,1.44,1.44,1.44, 10000
02/25/2020,16:12,1.455,1.455,1.455,1.455, 200
02/25/2020,16:13,1.45,1.45,1.45,1.45, 100
02/25/2020,16:15,1.49,1.49,1.49,1.49, 100
02/25/2020,16:16,1.45,1.45,1.445,1.45, 2300
02/25/2020,16:17,1.45,1.45,1.44,1.45, 700
02/25/2020,16:18,1.445,1.445,1.445,1.445, 200
02/25/2020,16:19,1.445,1.45,1.44,1.45, 300
02/25/2020,16:20,1.45,1.45,1.44,1.44, 200
02/25/2020,16:21,1.45,1.45,1.443,1.45, 400
02/25/2020,16:23,1.44,1.44,1.44,1.44, 360
02/25/2020,16:24,1.44,1.445,1.44,1.445, 800
02/25/2020,16:25,1.44,1.44,1.44,1.44, 100
02/25/2020,16:26,1.44,1.44,1.44,1.44, 100
02/25/2020,16:27,1.44,1.44,1.44,1.44, 100
02/25/2020,16:28,1.44,1.44,1.44,1.44, 800
02/25/2020,16:33,1.442,1.442,1.44,1.44, 878
02/25/2020,16:34,1.44,1.445,1.44,1.44, 1850
02/25/2020,16:34,1.445,1.445,1.44,1.445, 12265
02/25/2020,16:36,1.43,1.43,1.43,1.43, 2164
02/25/2020,16:37,1.43,1.43,1.43,1.43, 2365
02/25/2020,16:41,1.411,1.411,1.411,1.411, 135
02/25/2020,16:42,1.415,1.415,1.415,1.415, 100
02/25/2020,16:42,1.4,1.4,1.4,1.4, 100
02/25/2020,16:50,1.39,1.39,1.39,1.39, 100
02/25/2020,16:53,1.38,1.38,1.38,1.38, 1700
02/25/2020,16:55,1.387,1.387,1.387,1.387, 2300
02/25/2020,16:58,1.38,1.38,1.369,1.369, 9711
02/25/2020,16:59,1.37,1.37,1.36,1.36, 1879
02/25/2020,16:59,1.36,1.36,1.36,1.36, 11798
02/25/2020,17:01,1.36,1.36,1.36,1.36, 1279
02/25/2020,17:01,1.36,1.36,1.35,1.35, 7891
02/25/2020,17:03,1.347,1.347,1.347,1.347, 800
02/25/2020,17:08,1.35,1.35,1.35,1.35, 1900
02/25/2020,17:08,1.33,1.335,1.31,1.31, 3420
02/25/2020,17:13,1.32,1.32,1.32,1.32, 2600
02/25/2020,17:19,1.307,1.31,1.305,1.305, 1220
02/25/2020,17:19,1.307,1.31,1.307,1.31, 500
02/25/2020,17:23,1.307,1.307,1.307,1.307, 152
02/25/2020,17:29,1.305,1.32,1.305,1.32, 6889
02/25/2020,17:36,1.33,1.44,1.33,1.44, 20400
02/25/2020,18:08,1.43,1.43,1.43,1.43, 10000
02/25/2020,18:10,1.43,1.43,1.43,1.43, 3500
02/25/2020,18:21,1.41,1.41,1.41,1.41, 100
02/25/2020,18:22,1.42,1.42,1.42,1.42, 100
02/25/2020,18:23,1.42,1.44,1.42,1.42, 9899
02/25/2020,18:24,1.412,1.412,1.412,1.412, 3040
02/25/2020,18:41,1.42,1.42,1.42,1.42, 400
02/25/2020,18:46,1.411,1.411,1.411,1.411, 850
02/25/2020,18:48,1.415,1.415,1.41,1.41, 3182
02/25/2020,18:49,1.41,1.41,1.41,1.41, 200
02/25/2020,18:50,1.4,1.4,1.4,1.4, 196
02/25/2020,19:00,1.4,1.4,1.4,1.4, 100
02/25/2020,19:16,1.393,1.393,1.393,1.393, 236
02/25/2020,19:21,1.39,1.39,1.39,1.39, 100
02/25/2020,19:24,1.395,1.395,1.395,1.395, 719
02/25/2020,19:29,1.399,1.399,1.395,1.395, 1000
02/25/2020,19:31,1.398,1.398,1.398,1.398, 600
02/25/2020,19:39,1.395,1.395,1.39,1.39, 4400
02/25/2020,19:40,1.395,1.395,1.395,1.395, 1000
02/25/2020,19:47,1.395,1.395,1.395,1.395, 8250
02/25/2020,20:06,1.38,1.385,1.38,1.38, 1470
02/25/2020,20:07,1.381,1.381,1.381,1.381, 1000
02/25/2020,20:09,1.385,1.385,1.385,1.385, 100
02/25/2020,20:10,1.38,1.38,1.38,1.38, 5100
02/25/2020,20:11,1.38,1.38,1.375,1.375, 1300
02/25/2020,20:38,1.37,1.37,1.37,1.37, 407
02/25/2020,20:43,1.37,1.37,1.37,1.37, 100
02/25/2020,21:02,1.369,1.369,1.369,1.369, 429
02/25/2020,21:14,1.36,1.36,1.36,1.36, 9587
02/25/2020,21:18,1.36,1.36,1.36,1.36, 100
02/25/2020,21:24,1.36,1.36,1.36,1.36, 851
02/25/2020,21:26,1.37,1.37,1.365,1.365, 1759
02/25/2020,21:35,1.37,1.37,1.37,1.37, 8015
02/25/2020,21:37,1.38,1.38,1.38,1.38, 1646
02/25/2020,21:37,1.38,1.38,1.38,1.38, 981
02/25/2020,21:42,1.39,1.4,1.39,1.4, 5241
02/25/2020,21:46,1.4,1.41,1.4,1.41, 6191
02/25/2020,21:50,1.42,1.42,1.41,1.415, 12381
02/25/2020,21:55,1.41,1.41,1.41,1.41, 200
02/25/2020,22:00,1.41,1.41,1.4,1.4, 1600
02/26/2020,15:31,1.43,1.43,1.411,1.411, 1370
02/26/2020,15:33,1.43,1.43,1.41,1.43, 701
02/26/2020,15:37,1.41,1.41,1.41,1.41, 200
02/26/2020,15:40,1.41,1.42,1.41,1.42, 4324
02/26/2020,15:41,1.412,1.412,1.412,1.412, 700
02/26/2020,15:46,1.41,1.41,1.41,1.41, 9440
02/26/2020,15:49,1.41,1.429,1.41,1.429, 1754
02/26/2020,15:50,1.41,1.41,1.41,1.41, 950
02/26/2020,15:53,1.41,1.41,1.41,1.41, 686
02/26/2020,15:58,1.412,1.412,1.412,1.412, 1900
02/26/2020,16:04,1.425,1.425,1.425,1.425, 100
02/26/2020,16:28,1.425,1.425,1.425,1.425, 200
02/26/2020,16:35,1.42,1.43,1.42,1.43, 900
02/26/2020,16:38,1.43,1.43,1.42,1.42, 400
02/26/2020,16:43,1.43,1.43,1.43,1.43, 200
02/26/2020,16:48,1.44,1.44,1.435,1.435, 1374
02/26/2020,16:52,1.436,1.436,1.43,1.43, 1100
02/26/2020,16:54,1.435,1.435,1.43,1.43, 2400
02/26/2020,17:00,1.435,1.44,1.435,1.44, 2206
02/26/2020,17:01,1.43,1.43,1.43,1.43, 100
02/26/2020,17:07,1.44,1.45,1.44,1.45, 1100
02/26/2020,17:11,1.445,1.445,1.445,1.445, 100
02/26/2020,17:13,1.445,1.45,1.445,1.45, 1000
02/26/2020,17:18,1.45,1.46,1.45,1.455, 11600
02/26/2020,17:21,1.455,1.455,1.455,1.455, 300
02/26/2020,17:22,1.46,1.46,1.46,1.46, 800
02/26/2020,17:25,1.47,1.47,1.47,1.47, 100
02/26/2020,17:27,1.47,1.474,1.47,1.474, 1500
02/26/2020,17:32,1.47,1.47,1.47,1.47, 400
02/26/2020,17:35,1.46,1.465,1.46,1.465, 600
02/26/2020,17:53,1.465,1.465,1.465,1.465, 100
02/26/2020,18:17,1.465,1.465,1.465,1.465, 300
02/26/2020,18:21,1.465,1.465,1.465,1.465, 200
02/26/2020,18:23,1.465,1.465,1.465,1.465, 100
02/26/2020,18:24,1.465,1.47,1.465,1.465, 350
02/26/2020,18:25,1.465,1.465,1.465,1.465, 100
02/26/2020,18:25,1.465,1.468,1.465,1.465, 950
02/26/2020,18:29,1.465,1.465,1.465,1.465, 500
02/26/2020,18:30,1.465,1.465,1.465,1.465, 300
02/26/2020,18:31,1.47,1.47,1.47,1.47, 900
02/26/2020,18:33,1.49,1.49,1.49,1.49, 3000
02/26/2020,18:34,1.48,1.48,1.48,1.48, 200
02/26/2020,18:35,1.48,1.48,1.48,1.48, 100
02/26/2020,18:36,1.48,1.48,1.48,1.48, 200
02/26/2020,18:37,1.48,1.48,1.48,1.48, 200
02/26/2020,18:39,1.49,1.49,1.49,1.49, 100
02/26/2020,18:40,1.48,1.48,1.48,1.48, 1500
02/26/2020,18:42,1.49,1.49,1.49,1.49, 1100
02/26/2020,18:48,1.501,1.501,1.501,1.501, 600
02/26/2020,18:51,1.51,1.51,1.51,1.51, 1000
02/26/2020,18:54,1.51,1.52,1.51,1.52, 2100
02/26/2020,18:55,1.52,1.52,1.52,1.52, 600
02/26/2020,18:58,1.52,1.533,1.52,1.533, 1250
02/26/2020,18:59,1.54,1.54,1.53,1.53, 821
02/26/2020,19:00,1.53,1.53,1.52,1.52, 1200
02/26/2020,19:02,1.53,1.53,1.53,1.53, 100
02/26/2020,19:04,1.53,1.53,1.53,1.53, 400
02/26/2020,19:09,1.52,1.52,1.52,1.52, 400
02/26/2020,19:15,1.51,1.51,1.51,1.51, 100
02/26/2020,19:20,1.52,1.52,1.52,1.52, 3000
02/26/2020,19:26,1.51,1.51,1.51,1.51, 100
02/26/2020,19:28,1.503,1.51,1.503,1.51, 1200
02/26/2020,19:30,1.502,1.502,1.502,1.502, 440
02/26/2020,19:31,1.505,1.505,1.5,1.5, 800
02/26/2020,19:31,1.505,1.505,1.5,1.5, 800
02/26/2020,19:37,1.49,1.495,1.49,1.49, 5100
02/26/2020,19:40,1.484,1.484,1.484,1.484, 600
02/26/2020,19:44,1.48,1.48,1.48,1.48, 1051
02/26/2020,19:46,1.485,1.485,1.485,1.485, 100
02/26/2020,19:48,1.48,1.48,1.48,1.48, 1100
02/26/2020,19:50,1.487,1.487,1.487,1.487, 200
02/26/2020,19:53,1.481,1.49,1.481,1.49, 1500
02/26/2020,19:56,1.485,1.485,1.485,1.485, 100
02/26/2020,20:11,1.485,1.49,1.485,1.49, 4200
02/26/2020,20:12,1.5,1.5,1.5,1.5, 1000
02/26/2020,20:14,1.51,1.51,1.5,1.51, 4533
02/26/2020,20:27,1.51,1.51,1.505,1.505, 300
02/26/2020,20:28,1.51,1.51,1.51,1.51, 100
02/26/2020,20:29,1.51,1.51,1.51,1.51, 200
02/26/2020,20:30,1.51,1.51,1.51,1.51, 100
02/26/2020,20:31,1.51,1.52,1.5,1.52, 7200
02/28/2020,15:31,1.4,1.4,1.4,1.4, 2029
02/28/2020,15:32,1.42,1.42,1.42,1.42, 1526
02/28/2020,15:40,1.42,1.42,1.41,1.41, 600
02/28/2020,15:41,1.41,1.414,1.41,1.414, 400
02/28/2020,15:42,1.43,1.43,1.41,1.41, 2399
02/28/2020,15:43,1.425,1.425,1.41,1.41, 2300
02/28/2020,15:44,1.41,1.412,1.4,1.4, 7175
02/28/2020,15:55,1.403,1.403,1.4,1.4, 6600
02/28/2020,15:58,1.418,1.418,1.4,1.4, 630
02/28/2020,16:11,1.4,1.4,1.38,1.38, 10781
02/28/2020,16:12,1.38,1.39,1.36,1.36, 5395
02/28/2020,16:13,1.34,1.35,1.34,1.35, 600
02/28/2020,16:14,1.355,1.355,1.355,1.355, 200
02/28/2020,16:14,1.35,1.35,1.34,1.34, 3050
02/28/2020,16:16,1.35,1.35,1.35,1.35, 100
02/28/2020,16:17,1.35,1.35,1.35,1.35, 100
02/28/2020,16:18,1.35,1.35,1.35,1.35, 100
02/28/2020,16:18,1.35,1.35,1.35,1.35, 100
02/28/2020,16:20,1.36,1.36,1.36,1.36, 100
02/28/2020,16:27,1.37,1.37,1.37,1.37, 117
02/28/2020,16:32,1.36,1.36,1.36,1.36, 100
02/28/2020,16:34,1.35,1.36,1.34,1.34, 3000
02/28/2020,16:36,1.36,1.36,1.35,1.35, 1200
02/28/2020,16:37,1.35,1.35,1.35,1.35, 100
02/28/2020,16:37,1.355,1.36,1.35,1.35, 1328
02/28/2020,16:41,1.355,1.355,1.355,1.355, 672
02/28/2020,16:43,1.355,1.355,1.355,1.355, 300
02/28/2020,16:49,1.357,1.36,1.355,1.36, 2172
02/28/2020,16:49,1.36,1.36,1.36,1.36, 100
02/28/2020,16:52,1.37,1.37,1.37,1.37, 600
02/28/2020,16:58,1.36,1.36,1.36,1.36, 100
02/28/2020,16:59,1.356,1.36,1.356,1.36, 500
02/28/2020,17:04,1.36,1.36,1.36,1.36, 100
02/28/2020,17:06,1.37,1.37,1.37,1.37, 200
02/28/2020,17:09,1.365,1.38,1.365,1.38, 10662
02/28/2020,17:13,1.388,1.388,1.388,1.388, 500
02/28/2020,17:23,1.38,1.41,1.38,1.39, 5725
02/28/2020,17:26,1.409,1.409,1.409,1.409, 350
02/28/2020,17:27,1.395,1.408,1.395,1.408, 10209
02/28/2020,17:29,1.403,1.403,1.403,1.403, 3000
02/28/2020,17:39,1.41,1.41,1.41,1.41, 800
02/28/2020,17:45,1.427,1.427,1.427,1.427, 160
02/28/2020,17:51,1.42,1.42,1.42,1.42, 1000
02/28/2020,17:54,1.44,1.44,1.44,1.44, 100
02/28/2020,18:03,1.438,1.44,1.43,1.43, 2215
02/28/2020,18:04,1.43,1.43,1.43,1.43, 100
02/28/2020,18:13,1.435,1.435,1.435,1.435, 100
02/28/2020,18:31,1.439,1.439,1.439,1.439, 500
02/28/2020,18:47,1.43,1.435,1.43,1.435, 1600
02/28/2020,18:53,1.44,1.44,1.44,1.44, 100
02/28/2020,18:54,1.44,1.44,1.44,1.44, 200
02/28/2020,19:02,1.44,1.44,1.435,1.435, 2460
02/28/2020,19:03,1.43,1.435,1.43,1.43, 500
02/28/2020,19:09,1.425,1.425,1.425,1.425, 600
02/28/2020,19:10,1.429,1.429,1.429,1.429, 500
02/28/2020,19:14,1.42,1.42,1.42,1.42, 700
02/28/2020,19:17,1.42,1.42,1.42,1.42, 200
02/28/2020,19:23,1.42,1.42,1.42,1.42, 100
02/28/2020,19:32,1.425,1.425,1.425,1.425, 153
02/28/2020,19:36,1.415,1.42,1.415,1.42, 500
02/28/2020,19:37,1.42,1.42,1.42,1.42, 200
02/28/2020,19:37,1.42,1.42,1.42,1.42, 100
02/28/2020,19:47,1.42,1.42,1.414,1.414, 850
02/28/2020,20:25,1.418,1.418,1.418,1.418, 500
02/28/2020,20:50,1.42,1.42,1.42,1.42, 1176
02/28/2020,20:58,1.41,1.42,1.41,1.42, 400
02/28/2020,21:02,1.41,1.41,1.41,1.41, 300
02/28/2020,21:05,1.415,1.415,1.41,1.41, 1200
02/28/2020,21:11,1.415,1.415,1.415,1.415, 750
02/28/2020,21:14,1.42,1.42,1.42,1.42, 100
02/28/2020,21:25,1.415,1.42,1.415,1.42, 3600
02/28/2020,21:26,1.42,1.42,1.418,1.418, 7042
02/28/2020,21:27,1.42,1.427,1.42,1.427, 4561
02/28/2020,21:27,1.43,1.43,1.43,1.43, 1060
02/28/2020,21:30,1.43,1.43,1.43,1.43, 1003
02/28/2020,21:34,1.44,1.44,1.44,1.44, 1400
02/28/2020,21:36,1.445,1.445,1.44,1.44, 3300
02/28/2020,21:48,1.44,1.44,1.44,1.44, 125
02/28/2020,21:49,1.445,1.445,1.445,1.445, 200
02/28/2020,21:50,1.44,1.44,1.43,1.43, 1500
02/28/2020,21:52,1.435,1.435,1.435,1.435, 100
02/28/2020,21:56,1.43,1.43,1.43,1.43, 500
02/28/2020,22:01,1.44,1.44,1.44,1.44, 310

