02/03/2020,09:01,22.08,22.08,22.08,22.08, 2
02/03/2020,09:04,22.66,22.66,22.66,22.66, 7
02/03/2020,09:10,22.66,22.68,22.58,22.58, 359
02/03/2020,09:11,22.58,22.58,22.58,22.58, 95
02/03/2020,09:19,22.6,22.6,22.6,22.6, 238
02/03/2020,09:21,22.62,22.62,22.62,22.62, 239
02/03/2020,09:34,22.65,22.65,22.65,22.65, 383
02/03/2020,09:41,22.66,22.68,22.66,22.68, 419
02/03/2020,09:41,22.7,22.7,22.7,22.7, 91
02/03/2020,09:43,22.7,22.7,22.7,22.7, 351
02/03/2020,09:47,22.68,22.68,22.68,22.68, 108
02/03/2020,09:58,22.68,22.68,22.68,22.68, 68
02/03/2020,10:03,22.66,22.66,22.66,22.66, 109
02/03/2020,10:11,22.64,22.64,22.64,22.64, 127
02/03/2020,10:25,22.68,22.72,22.68,22.72, 426
02/03/2020,10:29,22.76,22.76,22.76,22.76, 482
02/03/2020,10:30,22.74,22.74,22.74,22.74, 201
02/03/2020,10:32,22.74,22.74,22.72,22.72, 175
02/03/2020,10:38,22.74,22.74,22.74,22.74, 91
02/03/2020,10:44,22.72,22.72,22.7,22.7, 630
02/03/2020,10:51,22.66,22.66,22.66,22.66, 305
02/03/2020,10:56,22.66,22.66,22.66,22.66, 683
02/03/2020,11:03,22.66,22.66,22.66,22.66, 151
02/03/2020,11:07,22.66,22.68,22.66,22.66, 1248
02/03/2020,11:09,22.68,22.68,22.68,22.68, 194
02/03/2020,11:10,22.68,22.7,22.68,22.7, 1458
02/03/2020,11:12,22.72,22.72,22.72,22.72, 45
02/03/2020,11:23,22.72,22.72,22.72,22.72, 71
02/03/2020,11:29,22.76,22.76,22.76,22.76, 189
02/03/2020,11:29,22.726,22.726,22.726,22.726, 1892
02/03/2020,11:42,22.74,22.74,22.74,22.74, 165
02/03/2020,11:45,22.72,22.72,22.7,22.7, 360
02/03/2020,11:48,22.72,22.72,22.72,22.72, 134
02/03/2020,11:49,22.72,22.72,22.72,22.72, 666
02/03/2020,11:53,22.7339,22.7339,22.7339,22.7339, 1062
02/03/2020,11:54,22.74,22.74,22.74,22.74, 245
02/03/2020,11:56,22.74,22.74,22.74,22.74, 190
02/03/2020,11:59,22.74,22.74,22.74,22.74, 54
02/03/2020,12:08,22.74,22.74,22.68,22.7, 1329
02/03/2020,12:09,22.68,22.68,22.68,22.68, 24
02/03/2020,12:09,22.68,22.68,22.68,22.68, 92
02/03/2020,12:14,22.66,22.66,22.64,22.64, 69
02/03/2020,12:31,22.56,22.56,22.56,22.56, 456
02/03/2020,12:37,22.54,22.54,22.54,22.54, 177
02/03/2020,12:41,22.52,22.54,22.52,22.52, 204
02/03/2020,12:44,22.54,22.54,22.54,22.54, 275
02/03/2020,12:48,22.52,22.52,22.52,22.52, 97
02/03/2020,12:50,22.52,22.52,22.52,22.52, 517
02/03/2020,13:00,22.5,22.5,22.5,22.5, 133
02/03/2020,13:00,22.52,22.52,22.52,22.52, 598
02/03/2020,13:03,22.44,22.44,22.44,22.44, 455
02/03/2020,13:12,22.54,22.62,22.52,22.62, 873
02/03/2020,13:17,22.62,22.62,22.62,22.62, 7
02/03/2020,13:26,22.56,22.56,22.56,22.56, 278
02/03/2020,13:42,22.52,22.52,22.52,22.52, 168
02/03/2020,13:46,22.52,22.52,22.52,22.52, 150
02/03/2020,13:50,22.52,22.52,22.52,22.52, 413
02/03/2020,13:52,22.5,22.5,22.5,22.5, 203
02/03/2020,13:56,22.476,22.476,22.476,22.476, 31
02/03/2020,14:06,22.48,22.48,22.48,22.48, 148
02/03/2020,14:08,22.48,22.48,22.48,22.48, 94
02/03/2020,14:12,22.46,22.46,22.46,22.46, 84
02/03/2020,14:17,22.48,22.48,22.48,22.48, 552
02/03/2020,14:19,22.48,22.48,22.48,22.48, 98
02/03/2020,14:20,22.48,22.48,22.46,22.46, 85
02/03/2020,14:24,22.4641,22.4641,22.4641,22.4641, 50
02/03/2020,14:28,22.46,22.46,22.46,22.46, 16
02/03/2020,14:29,22.44,22.44,22.4,22.4, 227
02/03/2020,14:34,22.4,22.4,22.4,22.4, 170
02/03/2020,14:36,22.432,22.432,22.432,22.432, 3
02/03/2020,14:39,22.4,22.4,22.38,22.38, 235
02/03/2020,14:46,22.4,22.4,22.4,22.4, 178
02/03/2020,14:48,22.36,22.36,22.3,22.34, 969
02/03/2020,14:49,22.32,22.38,22.32,22.38, 1851
02/03/2020,14:50,22.38,22.38,22.38,22.38, 212
02/03/2020,14:51,22.36,22.38,22.36,22.38, 273
02/03/2020,14:53,22.36,22.38,22.36,22.38, 669
02/03/2020,14:53,22.36,22.36,22.36,22.36, 527
02/03/2020,14:55,22.38,22.38,22.38,22.38, 201
02/03/2020,14:59,22.34,22.34,22.34,22.34, 147
02/03/2020,15:15,22.32,22.32,22.32,22.32, 88
02/03/2020,15:17,22.34,22.42,22.34,22.4, 1625
02/03/2020,15:23,22.4,22.4,22.4,22.4, 44
02/03/2020,15:25,22.4,22.4,22.4,22.4, 116
02/03/2020,15:31,22.4,22.4,22.4,22.4, 113
02/03/2020,15:36,22.36,22.38,22.36,22.38, 498
02/03/2020,15:38,22.34,22.4,22.34,22.38, 1046
02/03/2020,15:42,22.38,22.38,22.38,22.38, 87
02/03/2020,15:46,22.4,22.42,22.4,22.42, 1135
02/03/2020,15:47,22.44,22.44,22.44,22.44, 211
02/03/2020,15:48,22.42,22.42,22.42,22.42, 92
02/03/2020,15:56,22.42,22.42,22.42,22.42, 100
02/03/2020,15:59,22.42,22.42,22.42,22.42, 147
02/03/2020,16:01,22.42,22.42,22.42,22.42, 433
02/03/2020,16:03,22.44,22.44,22.44,22.44, 83
02/03/2020,16:04,22.44,22.46,22.44,22.44, 1054
02/03/2020,16:04,22.46,22.46,22.46,22.46, 105
02/03/2020,16:05,22.44,22.452,22.44,22.452, 195
02/03/2020,16:08,22.46,22.46,22.46,22.46, 78
02/03/2020,16:14,22.46,22.46,22.46,22.46, 130
02/03/2020,16:14,22.428,22.428,22.428,22.428, 1
02/03/2020,16:18,22.44,22.44,22.42,22.42, 393
02/03/2020,16:23,22.44,22.44,22.42,22.42, 163
02/03/2020,16:23,22.44,22.44,22.44,22.44, 46
02/03/2020,16:25,22.46,22.46,22.46,22.46, 71
02/03/2020,16:28,22.46,22.46,22.46,22.46, 84
02/03/2020,16:29,22.46,22.46,22.46,22.46, 197
02/03/2020,16:33,22.4281,22.4281,22.4281,22.4281, 80
02/03/2020,16:34,22.46,22.46,22.46,22.46, 71
02/03/2020,16:37,22.46,22.46,22.46,22.46, 4
02/03/2020,16:39,22.42,22.42,22.42,22.42, 105
02/03/2020,16:40,22.44,22.46,22.44,22.46, 196
02/03/2020,16:46,22.44,22.44,22.44,22.44, 142
02/03/2020,16:47,22.42,22.42,22.4,22.4, 351
02/03/2020,16:48,22.4,22.44,22.4,22.44, 678
02/03/2020,16:50,22.44,22.44,22.44,22.44, 70
02/03/2020,16:51,22.44,22.44,22.44,22.44, 404
02/03/2020,16:53,22.44,22.44,22.44,22.44, 423
02/03/2020,16:55,22.46,22.46,22.46,22.46, 163
02/03/2020,16:57,22.46,22.46,22.46,22.46, 134
02/03/2020,16:58,22.46,22.46,22.46,22.46, 114
02/03/2020,16:59,22.46,22.46,22.46,22.46, 102
02/03/2020,17:01,22.46,22.46,22.444,22.444, 120
02/03/2020,17:01,22.46,22.46,22.44,22.44, 2624
02/03/2020,17:03,22.44,22.44,22.44,22.44, 678
02/03/2020,17:04,22.46,22.46,22.46,22.46, 124
02/03/2020,17:04,22.46,22.46,22.46,22.46, 127
02/03/2020,17:06,22.46,22.46,22.46,22.46, 23
02/03/2020,17:10,22.42,22.42,22.42,22.42, 313
02/03/2020,17:11,22.44,22.44,22.44,22.44, 192
02/03/2020,17:14,22.44,22.44,22.44,22.44, 155
02/03/2020,17:16,22.42,22.46,22.42,22.46, 675
02/03/2020,17:19,22.46,22.46,22.46,22.46, 84
02/03/2020,17:21,22.42,22.44,22.42,22.44, 514
02/03/2020,17:23,22.44,22.44,22.44,22.44, 318
02/03/2020,17:24,22.46,22.46,22.46,22.46, 160
02/03/2020,17:26,22.46,22.46,22.46,22.46, 118
02/03/2020,17:27,22.44,22.46,22.44,22.46, 1140
02/03/2020,17:28,22.48,22.48,22.48,22.48, 71
02/03/2020,17:29,22.48,22.48,22.46,22.46, 170
02/03/2020,17:30,22.48,22.48,22.48,22.48, 163
02/03/2020,17:36,22.36,22.36,22.36,22.36, 40986
02/04/2020,09:01,21.96,21.96,21.96,21.96, 954
02/04/2020,09:17,22.42,22.42,22.42,22.42, 3
02/04/2020,09:18,22.48,22.48,22.48,22.48, 195
02/04/2020,09:19,22.44,22.44,22.42,22.44, 543
02/04/2020,09:24,22.48,22.56,22.48,22.56, 253
02/04/2020,09:35,22.46,22.46,22.38,22.38, 369
02/04/2020,09:37,22.4,22.4,22.38,22.38, 397
02/04/2020,09:39,22.34,22.36,22.32,22.36, 218
02/04/2020,09:40,22.34,22.34,22.34,22.34, 100
02/04/2020,09:43,22.36,22.4,22.36,22.4, 293
02/04/2020,09:58,22.4,22.4,22.4,22.4, 185
02/04/2020,10:02,22.44,22.44,22.36,22.36, 2179
02/04/2020,10:06,22.32,22.32,22.32,22.32, 325
02/04/2020,10:07,22.3,22.3,22.28,22.28, 112
02/04/2020,10:12,22.24,22.24,22.24,22.24, 168
02/04/2020,10:13,22.24,22.24,22.22,22.24, 360
02/04/2020,10:15,22.24,22.26,22.22,22.22, 1008
02/04/2020,10:24,22.2,22.2,22.2,22.2, 42
02/04/2020,10:40,22.18,22.18,22.14,22.14, 376
02/04/2020,10:52,22.076,22.076,22.076,22.076, 81
02/04/2020,10:55,22.14,22.18,22.12,22.18, 1076
02/04/2020,10:57,22.18,22.22,22.18,22.2, 769
02/04/2020,11:06,22.26,22.26,22.26,22.26, 150
02/04/2020,11:11,22.23,22.23,22.23,22.23, 195
02/04/2020,11:43,22.22,22.22,22.2,22.2, 379
02/04/2020,11:49,22.24,22.28,22.24,22.28, 488
02/04/2020,11:50,22.24,22.24,22.24,22.24, 205
02/04/2020,12:10,22.28,22.28,22.28,22.28, 47
02/04/2020,12:12,22.3,22.3,22.3,22.3, 377
02/04/2020,12:18,22.3,22.3,22.3,22.3, 186
02/04/2020,12:24,22.26,22.26,22.26,22.26, 8
02/04/2020,12:28,22.24,22.24,22.24,22.24, 229
02/04/2020,12:41,22.22,22.24,22.22,22.24, 392
02/04/2020,13:03,22.18,22.18,22.18,22.18, 143
02/04/2020,13:04,22.2,22.2,22.2,22.2, 769
02/04/2020,13:10,22.22,22.22,22.22,22.22, 891
02/04/2020,13:32,22.2,22.2,22.2,22.2, 151
02/04/2020,13:34,22.18,22.18,22.16,22.16, 87
02/04/2020,13:35,22.14,22.14,22.14,22.14, 298
02/04/2020,13:55,22.12,22.12,22.12,22.12, 96
02/04/2020,13:56,22.1,22.14,22.1,22.12, 1238
02/04/2020,14:28,22.14,22.14,22.14,22.14, 177
02/04/2020,14:32,22.1,22.12,22.1,22.12, 325
02/04/2020,14:43,22.1,22.16,22.1,22.16, 1057
02/04/2020,14:46,22.16,22.16,22.16,22.16, 195
02/04/2020,14:52,22.16,22.16,22.16,22.16, 10
02/04/2020,14:56,22.18,22.2,22.18,22.2, 162
02/04/2020,14:57,22.168,22.168,22.168,22.168, 50
02/04/2020,15:06,22.18,22.18,22.18,22.18, 78
02/04/2020,15:18,22.16,22.16,22.16,22.16, 389
02/04/2020,15:19,22.18,22.22,22.16,22.22, 2906
02/04/2020,15:31,22.22,22.22,22.22,22.22, 22
02/04/2020,15:32,22.2,22.2,22.2,22.2, 66
02/04/2020,15:34,22.2,22.2,22.2,22.2, 94
02/04/2020,15:35,22.2,22.2,22.2,22.2, 293
02/04/2020,15:37,22.18,22.18,22.18,22.18, 157
02/04/2020,15:39,22.18,22.18,22.18,22.18, 583
02/04/2020,15:43,22.18,22.18,22.18,22.18, 235
02/04/2020,15:48,22.22,22.24,22.22,22.24, 301
02/04/2020,15:50,22.26,22.28,22.26,22.28, 537
02/04/2020,16:03,22.26,22.26,22.26,22.26, 19
02/04/2020,16:07,22.28,22.28,22.28,22.28, 122
02/04/2020,16:24,22.26,22.26,22.26,22.26, 335
02/04/2020,16:27,22.28,22.28,22.28,22.28, 319
02/04/2020,16:36,22.32,22.32,22.32,22.32, 5
02/04/2020,16:43,22.32,22.38,22.32,22.38, 745
02/04/2020,16:53,22.38,22.38,22.38,22.38, 5
02/04/2020,17:02,22.38,22.42,22.38,22.42, 1497
02/04/2020,17:04,22.42,22.42,22.42,22.42, 566
02/04/2020,17:09,22.4,22.4,22.4,22.4, 405
02/04/2020,17:11,22.42,22.42,22.42,22.42, 5
02/04/2020,17:15,22.4,22.4,22.4,22.4, 21
02/04/2020,17:16,22.4,22.42,22.4,22.42, 85
02/04/2020,17:17,22.42,22.42,22.42,22.42, 7
02/04/2020,17:21,22.42,22.42,22.42,22.42, 432
02/04/2020,17:24,22.42,22.42,22.42,22.42, 5
02/04/2020,17:26,22.42,22.42,22.42,22.42, 540
02/04/2020,17:26,22.42,22.42,22.42,22.42, 226
02/04/2020,17:29,22.4,22.4,22.38,22.38, 448
02/04/2020,17:30,22.38,22.38,22.3,22.34, 2614
02/04/2020,17:30,22.34,22.34,22.34,22.34, 11
02/04/2020,17:36,22.28,22.28,22.28,22.28, 31963
02/04/2020,17:39,22.28,22.28,22.28,22.28, 235
02/05/2020,09:01,22.26,22.26,22.26,22.26, 3
02/05/2020,09:07,22.26,22.28,22.26,22.28, 52
02/05/2020,09:11,22.24,22.24,22.16,22.22, 1222
02/05/2020,09:11,22.2,22.2,22.2,22.2, 21
02/05/2020,09:13,22.28,22.28,22.28,22.28, 32
02/05/2020,09:16,22.28,22.28,22.28,22.28, 61
02/05/2020,09:19,22.28,22.28,22.28,22.28, 41
02/05/2020,09:24,22.22,22.22,22.22,22.22, 268
02/05/2020,09:30,22.24,22.24,22.24,22.24, 94
02/05/2020,09:34,22.22,22.22,22.22,22.22, 168
02/05/2020,09:38,22.28,22.3,22.28,22.3, 217
02/05/2020,09:44,22.3,22.3,22.3,22.3, 284
02/05/2020,09:45,22.26,22.26,22.26,22.26, 113
02/05/2020,09:50,22.3,22.3,22.3,22.3, 53
02/05/2020,09:52,22.3,22.32,22.3,22.32, 384
02/05/2020,09:56,22.28,22.28,22.26,22.26, 308
02/05/2020,09:56,22.22,22.22,22.22,22.22, 64
02/05/2020,09:58,22.24,22.24,22.24,22.24, 128
02/05/2020,10:03,22.24,22.24,22.24,22.24, 17
02/05/2020,10:04,22.26,22.28,22.26,22.28, 58
02/05/2020,10:07,22.26,22.26,22.26,22.26, 66
02/05/2020,10:08,22.24,22.28,22.24,22.28, 747
02/05/2020,10:14,22.26,22.26,22.26,22.26, 25
02/05/2020,10:21,22.26,22.26,22.26,22.26, 280
02/05/2020,10:55,22.22,22.22,22.2,22.22, 574
02/05/2020,10:56,22.21,22.21,22.21,22.21, 293
02/05/2020,10:57,22.22,22.22,22.22,22.22, 77
02/05/2020,11:15,22.2,22.2,22.08,22.1, 4653
02/05/2020,11:19,22.06,22.06,22.06,22.06, 118
02/05/2020,11:23,22.08,22.08,22.08,22.08, 150
02/05/2020,11:33,22.04,22.04,22.04,22.04, 686
02/05/2020,11:33,22.02,22.02,22.02,22.02, 246
02/05/2020,11:36,22,22.02,22,22.02, 100
02/05/2020,11:36,22.02,22.02,22,22, 760
02/05/2020,11:40,22,22,22,22, 72
02/05/2020,11:47,22,22,22,22, 49
02/05/2020,11:50,21.98,21.98,21.98,21.98, 81
02/05/2020,12:01,21.96,21.96,21.96,21.96, 78
02/05/2020,12:06,21.96,21.96,21.96,21.96, 660
02/05/2020,12:08,21.94,21.94,21.94,21.94, 284
02/05/2020,12:12,21.96,21.98,21.94,21.94, 1267
02/05/2020,12:13,21.92,21.92,21.9,21.9, 495
02/05/2020,12:17,21.84,21.85,21.84,21.84, 2796
02/05/2020,12:20,21.84,21.84,21.84,21.84, 150
02/05/2020,12:21,21.82,21.82,21.8,21.8, 244
02/05/2020,12:32,21.84,21.84,21.78,21.78, 2071
02/05/2020,12:32,21.76,21.76,21.76,21.76, 56
02/05/2020,12:34,21.76,21.764,21.76,21.764, 404
02/05/2020,12:36,21.76,21.76,21.76,21.76, 302
02/05/2020,12:36,21.74,21.74,21.74,21.74, 14
02/05/2020,12:38,21.7,21.7,21.7,21.7, 78
02/05/2020,12:40,21.7,21.7,21.68,21.68, 351
02/05/2020,12:45,21.66,21.68,21.66,21.68, 1606
02/05/2020,12:46,21.66,21.66,21.64,21.66, 216
02/05/2020,12:47,21.64,21.64,21.64,21.64, 325
02/05/2020,12:48,21.64,21.64,21.64,21.64, 24
02/05/2020,12:51,21.6362,21.6362,21.6362,21.6362, 21
02/05/2020,12:51,21.66,21.66,21.64,21.64, 557
02/05/2020,12:54,21.68,21.72,21.66,21.72, 876
02/05/2020,12:57,22.26,22.26,21.74,21.74, 11668
02/05/2020,13:00,21.74,21.74,21.74,21.74, 353
02/05/2020,13:03,21.66,21.66,21.66,21.66, 914
02/05/2020,13:05,21.7,21.7,21.7,21.7, 202
02/05/2020,13:07,21.7,21.7,21.7,21.7, 38
02/05/2020,13:12,21.7,21.7,21.7,21.7, 1
02/05/2020,13:16,21.68,21.68,21.68,21.68, 31
02/05/2020,13:18,21.7,21.7,21.7,21.7, 47
02/05/2020,13:20,21.72,21.74,21.7,21.72, 884
02/05/2020,13:23,21.72,21.72,21.7,21.72, 327
02/05/2020,13:25,21.72,21.72,21.72,21.72, 305
02/05/2020,13:28,21.7,21.7,21.68,21.68, 606
02/05/2020,13:36,21.6926,21.6926,21.6926,21.6926, 36
02/05/2020,13:39,21.68,21.68,21.68,21.68, 77
02/05/2020,13:40,21.66,21.68,21.66,21.68, 468
02/05/2020,13:45,21.7,21.7,21.7,21.7, 625
02/05/2020,13:47,21.7,21.74,21.7,21.74, 1187
02/05/2020,14:00,21.76,21.76,21.76,21.76, 289
02/05/2020,14:01,21.78,21.78,21.78,21.78, 186
02/05/2020,14:10,21.78,21.78,21.78,21.78, 39
02/05/2020,14:13,21.78,21.8,21.78,21.8, 615
02/05/2020,14:13,21.78,21.78,21.78,21.78, 299
02/05/2020,14:16,21.78,21.78,21.78,21.78, 106
02/05/2020,14:17,21.7965,21.7965,21.7965,21.7965, 454
02/05/2020,14:22,21.8,21.8,21.78,21.78, 687
02/05/2020,14:28,21.78,21.78,21.78,21.78, 3
02/05/2020,14:30,21.78,21.78,21.78,21.78, 2
02/05/2020,14:31,21.78,21.78,21.78,21.78, 66
02/05/2020,14:33,21.8,21.8,21.8,21.8, 11
02/05/2020,14:33,21.8,21.8,21.8,21.8, 93
02/05/2020,14:46,21.78,21.8,21.78,21.8, 1366
02/05/2020,14:48,21.8,21.8,21.8,21.8, 102
02/05/2020,14:54,21.78,21.78,21.78,21.78, 370
02/05/2020,14:55,21.78,21.78,21.78,21.78, 680
02/05/2020,14:56,21.78,21.78,21.78,21.78, 170
02/05/2020,14:59,21.78,21.78,21.78,21.78, 50
02/05/2020,15:01,21.76,21.76,21.76,21.76, 196
02/05/2020,15:05,21.74,21.74,21.74,21.74, 204
02/05/2020,15:07,21.76,21.78,21.76,21.78, 577
02/05/2020,15:13,21.76,21.78,21.76,21.78, 378
02/05/2020,15:16,21.76,21.76,21.76,21.76, 42
02/05/2020,15:26,21.76,21.78,21.76,21.78, 92
02/05/2020,15:27,21.78,21.78,21.78,21.78, 297
02/05/2020,15:32,21.78,21.8,21.78,21.78, 447
02/05/2020,15:35,21.76,21.76,21.76,21.76, 20
02/05/2020,15:36,21.76,21.76,21.76,21.76, 282
02/05/2020,15:39,21.76,21.76,21.76,21.76, 20
02/05/2020,15:42,21.74,21.74,21.74,21.74, 111
02/05/2020,15:47,21.76,21.76,21.76,21.76, 360
02/05/2020,15:54,21.78,21.78,21.78,21.78, 113
02/05/2020,15:58,21.74,21.74,21.74,21.74, 378
02/05/2020,15:59,21.74,21.74,21.74,21.74, 8
02/05/2020,16:00,21.72,21.72,21.72,21.72, 184
02/05/2020,16:02,21.72,21.74,21.72,21.72, 317
02/05/2020,16:04,21.74,21.74,21.74,21.74, 775
02/05/2020,16:08,21.74,21.74,21.74,21.74, 182
02/05/2020,16:11,21.76,21.76,21.74,21.74, 50
02/05/2020,16:12,21.74,21.74,21.74,21.74, 313
02/05/2020,16:14,21.744,21.744,21.744,21.744, 3
02/05/2020,16:18,21.76,21.76,21.76,21.76, 75
02/05/2020,16:18,21.74,21.74,21.74,21.74, 96
02/05/2020,16:26,21.74,21.74,21.74,21.74, 61
02/05/2020,16:38,21.72,21.72,21.72,21.72, 7
02/05/2020,16:40,21.72,21.72,21.72,21.72, 875
02/05/2020,16:42,21.7,21.7,21.68,21.68, 1177
02/05/2020,16:44,21.68,21.68,21.66,21.66, 426
02/05/2020,16:44,21.66,21.66,21.66,21.66, 77
02/05/2020,16:46,21.68,21.68,21.66,21.68, 968
02/05/2020,16:49,21.68,21.68,21.68,21.68, 97
02/05/2020,16:50,21.68,21.68,21.68,21.68, 379
02/05/2020,17:01,21.66,21.66,21.65,21.65, 3456
02/05/2020,17:09,21.66,21.66,21.66,21.66, 491
02/05/2020,17:10,21.68,21.7,21.68,21.7, 509
02/05/2020,17:11,21.7,21.7,21.7,21.7, 18
02/05/2020,17:14,21.7,21.72,21.7,21.72, 307
02/05/2020,17:15,21.72,21.72,21.72,21.72, 12
02/05/2020,17:17,21.74,21.74,21.74,21.74, 137
02/05/2020,17:20,21.76,21.76,21.76,21.76, 101
02/05/2020,17:21,21.76,21.76,21.74,21.76, 185
02/05/2020,17:22,21.76,21.76,21.72,21.74, 1010
02/05/2020,17:23,21.74,21.74,21.72,21.72, 645
02/05/2020,17:24,21.72,21.72,21.72,21.72, 77
02/05/2020,17:26,21.72,21.72,21.68,21.68, 1218
02/05/2020,17:26,21.68,21.68,21.66,21.66, 459
02/05/2020,17:28,21.6438,21.6438,21.6438,21.6438, 25
02/05/2020,17:29,21.66,21.66,21.62,21.66, 909
02/05/2020,17:29,21.64,21.64,21.64,21.64, 58
02/05/2020,17:30,21.62,21.62,21.6,21.6, 335
02/05/2020,17:36,21.62,21.62,21.62,21.62, 47761
02/06/2020,09:01,21.6,21.6,21.6,21.6, 1
02/06/2020,09:01,21.632,21.632,21.632,21.632, 462
02/06/2020,09:03,21.648,21.648,21.648,21.648, 68
02/06/2020,09:06,21.72,21.72,21.58,21.58, 153
02/06/2020,09:07,21.66,21.66,21.64,21.64, 58
02/06/2020,09:08,21.7,21.7,21.7,21.7, 51
02/06/2020,09:10,21.68,21.74,21.68,21.74, 115
02/06/2020,09:20,21.7158,21.7158,21.7158,21.7158, 100
02/06/2020,09:21,21.7,21.7,21.6,21.6, 861
02/06/2020,09:26,21.62,21.62,21.62,21.62, 21
02/06/2020,09:34,21.6,21.6,21.58,21.58, 826
02/06/2020,09:38,21.64,21.64,21.64,21.64, 147
02/06/2020,09:48,21.696,21.696,21.696,21.696, 257
02/06/2020,09:49,21.68,21.68,21.66,21.66, 1502
02/06/2020,09:58,21.66,21.66,21.66,21.66, 324
02/06/2020,09:59,21.664,21.68,21.664,21.68, 289
02/06/2020,10:02,21.68,21.68,21.68,21.68, 2
02/06/2020,10:09,21.7238,21.7238,21.7238,21.7238, 1
02/06/2020,10:10,21.72,21.72,21.72,21.72, 139
02/06/2020,10:13,21.7,21.7,21.7,21.7, 370
02/06/2020,10:17,21.68,21.68,21.68,21.68, 167
02/06/2020,10:26,21.68,21.68,21.62,21.62, 409
02/06/2020,10:29,21.64,21.64,21.64,21.64, 96
02/06/2020,10:50,21.72,21.72,21.72,21.72, 68
02/06/2020,10:50,21.72,21.72,21.72,21.72, 28
02/06/2020,10:58,21.7,21.7,21.68,21.68, 244
02/06/2020,11:04,21.7,21.72,21.7,21.72, 503
02/06/2020,11:06,21.74,21.74,21.74,21.74, 61
02/06/2020,11:07,21.76,21.76,21.76,21.76, 28
02/06/2020,11:14,21.82,21.86,21.82,21.86, 1160
02/06/2020,11:20,21.86,21.86,21.84,21.84, 627
02/06/2020,11:33,21.86,21.92,21.84,21.88, 1479
02/06/2020,11:39,21.9,21.9,21.9,21.9, 64
02/06/2020,11:49,21.9,21.9,21.9,21.9, 43
02/06/2020,11:51,21.92,21.92,21.92,21.92, 307
02/06/2020,11:52,21.96,21.98,21.96,21.98, 151
02/06/2020,11:53,21.96,21.96,21.94,21.96, 572
02/06/2020,11:58,21.92,21.94,21.9,21.94, 777
02/06/2020,12:03,21.98,21.98,21.96,21.96, 238
02/06/2020,12:03,22,22,22,22, 16
02/06/2020,12:24,21.9762,21.9762,21.9762,21.9762, 1000
02/06/2020,12:29,22.02,22.02,22.02,22.02, 554
02/06/2020,12:31,22.04,22.04,22.04,22.04, 508
02/06/2020,12:34,22.04,22.04,22.04,22.04, 342
02/06/2020,12:35,22.04,22.04,22.02,22.02, 130
02/06/2020,12:40,22.04,22.04,21.98,21.98, 372
02/06/2020,12:44,22,22.02,22,22.02, 768
02/06/2020,12:49,22.046,22.046,22.046,22.046, 1400
02/06/2020,12:52,22.06,22.06,22.06,22.06, 7
02/06/2020,12:55,22.04,22.04,22,22, 170
02/06/2020,12:56,22.04,22.04,22.04,22.04, 11
02/06/2020,12:59,22.06,22.06,22.06,22.06, 26
02/06/2020,13:03,21.96,21.96,21.96,21.96, 287
02/06/2020,13:14,22.04,22.04,22.04,22.04, 179
02/06/2020,13:19,22.02,22.02,22.02,22.02, 163
02/06/2020,13:23,22,22,22,22, 28
02/06/2020,13:32,22,22,21.98,22, 386
02/06/2020,13:43,21.98,21.98,21.98,21.98, 46
02/06/2020,13:54,21.98,21.98,21.98,21.98, 532
02/06/2020,13:57,21.96,21.96,21.96,21.96, 46
02/06/2020,14:04,21.96,21.96,21.96,21.96, 30
02/06/2020,14:04,21.96,21.96,21.96,21.96, 136
02/06/2020,14:20,21.98,21.98,21.96,21.96, 214
02/06/2020,14:21,21.96,21.96,21.96,21.96, 268
02/06/2020,14:28,21.94,21.94,21.94,21.94, 27
02/06/2020,14:35,21.96,21.96,21.96,21.96, 290
02/06/2020,14:42,21.94,21.96,21.94,21.96, 475
02/06/2020,14:43,21.94,21.96,21.94,21.96, 628
02/06/2020,14:48,21.94,21.94,21.94,21.94, 106
02/06/2020,15:00,21.94,21.94,21.94,21.94, 189
02/06/2020,15:03,21.94,21.94,21.94,21.94, 160
02/06/2020,15:13,21.9638,21.9638,21.9638,21.9638, 100
02/06/2020,15:24,22,22,22,22, 26
02/06/2020,15:25,21.9763,21.9763,21.9763,21.9763, 67
02/06/2020,15:34,21.94,21.96,21.94,21.94, 223
02/06/2020,15:36,21.92,21.92,21.92,21.92, 42
02/06/2020,15:38,21.92,21.92,21.92,21.92, 151
02/06/2020,15:44,21.88,21.88,21.84,21.84, 636
02/06/2020,15:49,21.86,21.86,21.86,21.86, 124
02/06/2020,15:51,21.84,21.84,21.84,21.84, 43
02/06/2020,16:03,21.84,21.84,21.84,21.84, 97
02/06/2020,16:05,21.8282,21.8282,21.8282,21.8282, 68
02/06/2020,16:07,21.88,21.9,21.86,21.88, 1467
02/06/2020,16:11,21.884,21.884,21.884,21.884, 4
02/06/2020,16:13,21.9,21.92,21.9,21.92, 172
02/06/2020,16:22,21.94,21.94,21.94,21.94, 90
02/06/2020,16:32,21.94,21.94,21.94,21.94, 145
02/06/2020,16:36,21.96,21.96,21.96,21.96, 26
02/06/2020,16:37,21.94,21.94,21.94,21.94, 66
02/06/2020,16:44,21.96,21.96,21.96,21.96, 26
02/06/2020,16:44,21.94,21.94,21.94,21.94, 915
02/06/2020,16:47,21.96,21.96,21.96,21.96, 291
02/06/2020,16:51,21.94,21.94,21.94,21.94, 213
02/06/2020,16:54,21.94,21.94,21.94,21.94, 90
02/06/2020,16:54,21.94,21.94,21.94,21.94, 32
02/06/2020,17:02,21.94,21.94,21.94,21.94, 160
02/06/2020,17:05,21.92,21.92,21.92,21.92, 886
02/06/2020,17:09,21.9,21.9,21.9,21.9, 104
02/06/2020,17:18,21.92,21.92,21.92,21.92, 480
02/06/2020,17:20,21.94,21.94,21.94,21.94, 234
02/06/2020,17:21,21.94,21.94,21.94,21.94, 3
02/06/2020,17:22,21.94,21.94,21.94,21.94, 27
02/06/2020,17:25,21.94,21.94,21.94,21.94, 55
02/06/2020,17:27,21.94,21.96,21.94,21.96, 329
02/06/2020,17:27,21.94,21.94,21.94,21.94, 17
02/06/2020,17:30,21.96,21.96,21.96,21.96, 89
02/06/2020,17:30,21.92,21.96,21.92,21.96, 49
02/06/2020,17:36,21.94,21.94,21.94,21.94, 26863
02/07/2020,09:01,22.4,22.4,22.4,22.4, 48
02/07/2020,09:03,22.18,22.18,22.18,22.18, 4
02/07/2020,09:03,22.1,22.1,22.1,22.1, 24
02/07/2020,09:08,22.08,22.08,22.04,22.04, 275
02/07/2020,09:22,22,22,21.96,21.96, 271
02/07/2020,09:43,21.96,22,21.96,22, 170
02/07/2020,10:25,21.98,21.98,21.96,21.98, 786
02/07/2020,10:31,21.98,21.98,21.98,21.98, 1
02/07/2020,10:49,21.94,22,21.94,22, 1124
02/07/2020,10:59,22.02,22.02,22.02,22.02, 160
02/07/2020,11:00,22.02,22.12,22.02,22.12, 733
02/07/2020,11:03,22.16,22.16,22.16,22.16, 47
02/07/2020,11:12,22.14,22.14,22.12,22.12, 873
02/07/2020,11:14,22.12,22.12,22.12,22.12, 81
02/07/2020,11:16,22.12,22.12,22.12,22.12, 58
02/07/2020,11:31,22.1,22.1,22.08,22.1, 281
02/07/2020,11:32,22.06,22.06,22.06,22.06, 115
02/07/2020,11:35,22,22,21.98,21.98, 256
02/07/2020,11:35,21.98,21.98,21.98,21.98, 2
02/07/2020,11:36,21.98,21.98,21.98,21.98, 43
02/07/2020,11:40,21.96,21.96,21.96,21.96, 2
02/07/2020,11:49,21.96,21.96,21.96,21.96, 11
02/07/2020,11:55,21.96,21.96,21.96,21.96, 193
02/07/2020,11:57,21.98,21.98,21.98,21.98, 131
02/07/2020,11:58,21.98,21.98,21.98,21.98, 537
02/07/2020,12:02,21.96,21.96,21.96,21.96, 317
02/07/2020,12:17,21.96,21.98,21.96,21.98, 865
02/07/2020,12:20,22,22.08,22,22.08, 3503
02/07/2020,12:21,22.1,22.18,22.1,22.18, 1705
02/07/2020,12:21,22.2,22.2,22.2,22.2, 186
02/07/2020,12:23,22.22,22.22,22.22,22.22, 578
02/07/2020,12:36,22.24,22.24,22.2,22.2, 94
02/07/2020,12:41,22.24,22.24,22.24,22.24, 31
02/07/2020,12:42,22.22,22.22,22.2,22.22, 647
02/07/2020,12:42,22.22,22.22,22.22,22.22, 68
02/07/2020,12:53,22.24,22.24,22.24,22.24, 115
02/07/2020,12:58,22.26,22.3,22.26,22.3, 409
02/07/2020,13:00,22.32,22.32,22.3,22.3, 209
02/07/2020,13:03,22.36,22.36,22.36,22.36, 389
02/07/2020,13:33,22.26,22.26,22.22,22.22, 480
02/07/2020,13:33,22.26,22.26,22.26,22.26, 48
02/07/2020,14:09,22.24,22.26,22.24,22.26, 725
02/07/2020,14:12,22.22,22.24,22.22,22.22, 515
02/07/2020,14:18,22.24,22.24,22.24,22.24, 38
02/07/2020,14:25,22.26,22.28,22.26,22.28, 264
02/07/2020,14:27,22.28,22.32,22.28,22.32, 355
02/07/2020,14:31,22.34,22.36,22.34,22.34, 468
02/07/2020,14:33,22.36,22.36,22.36,22.36, 28
02/07/2020,14:36,22.28,22.28,22.28,22.28, 70
02/07/2020,14:45,22.28,22.28,22.28,22.28, 199
02/07/2020,15:05,22.276,22.276,22.276,22.276, 170
02/07/2020,15:22,22.3,22.34,22.3,22.32, 1032
02/07/2020,15:23,22.32,22.32,22.32,22.32, 114
02/07/2020,15:24,22.3,22.3,22.3,22.3, 170
02/07/2020,15:25,22.324,22.324,22.324,22.324, 222
02/07/2020,15:27,22.32,22.324,22.32,22.324, 501
02/07/2020,15:34,22.3,22.3,22.28,22.3, 1083
02/07/2020,15:35,22.24,22.24,22.2362,22.2362, 1265
02/07/2020,15:49,22.26,22.26,22.26,22.26, 47
02/07/2020,16:23,22.26,22.26,22.26,22.26, 583
02/07/2020,16:25,22.26,22.26,22.26,22.26, 26
02/07/2020,16:26,22.28,22.28,22.24,22.28, 303
02/07/2020,16:28,22.2562,22.2562,22.2562,22.2562, 300
02/07/2020,16:30,22.28,22.28,22.28,22.28, 54
02/07/2020,16:44,22.28,22.28,22.28,22.28, 36
02/07/2020,16:49,22.24,22.24,22.24,22.24, 25
02/07/2020,16:57,22.26,22.28,22.24,22.28, 1436
02/07/2020,17:08,22.3,22.3,22.3,22.3, 22
02/07/2020,17:17,22.26,22.26,22.24,22.26, 609
02/07/2020,17:22,22.24,22.24,22.24,22.24, 18
02/07/2020,17:23,22.24,22.24,22.24,22.24, 15
02/07/2020,17:25,22.22,22.24,22.22,22.24, 88
02/07/2020,17:26,22.26,22.26,22.26,22.26, 42
02/07/2020,17:27,22.24,22.3445,22.24,22.3445, 282
02/07/2020,17:29,22.26,22.28,22.26,22.28, 698
02/07/2020,17:30,22.28,22.28,22.28,22.28, 59
02/07/2020,17:30,22.24,22.24,22.24,22.24, 500
02/07/2020,17:36,22.22,22.22,22.22,22.22, 39159
02/10/2020,09:01,22.128,22.128,22.128,22.128, 455
02/10/2020,09:05,22.1412,22.1412,22.1412,22.1412, 100
02/10/2020,09:09,22.1424,22.1424,22.1424,22.1424, 100
02/10/2020,09:11,22.24,22.24,22.24,22.24, 50
02/10/2020,09:18,22.34,22.46,22.32,22.46, 768
02/10/2020,09:19,22.46,22.46,22.46,22.46, 70
02/10/2020,09:21,22.48,22.48,22.48,22.48, 233
02/10/2020,09:22,22.46,22.46,22.46,22.46, 312
02/10/2020,09:23,22.48,22.48,22.48,22.48, 52
02/10/2020,09:24,22.48,22.48,22.48,22.48, 16
02/10/2020,09:26,22.46,22.46,22.42,22.44, 1065
02/10/2020,09:27,22.42,22.42,22.42,22.42, 160
02/10/2020,09:35,22.44,22.44,22.42,22.44, 639
02/10/2020,09:39,22.4,22.4,22.4,22.4, 16
02/10/2020,09:39,22.34,22.34,22.34,22.34, 99
02/10/2020,09:43,22.32,22.32,22.32,22.32, 243
02/10/2020,09:50,22.28,22.28,22.28,22.28, 187
02/10/2020,09:53,22.32,22.32,22.32,22.32, 10
02/10/2020,10:18,22.296,22.296,22.296,22.296, 11
02/10/2020,10:20,22.2845,22.2845,22.2845,22.2845, 68
02/10/2020,10:22,22.28,22.28,22.28,22.28, 100
02/10/2020,10:38,22.24,22.26,22.24,22.26, 189
02/10/2020,10:55,22.28,22.32,22.28,22.32, 373
02/10/2020,10:58,22.28,22.28,22.28,22.28, 168
02/10/2020,10:59,22.28,22.28,22.28,22.28, 22
02/10/2020,11:09,22.22,22.22,22.22,22.22, 187
02/10/2020,11:14,22.2,22.2,22.2,22.2, 276
02/10/2020,11:23,22.22,22.26,22.22,22.26, 682
02/10/2020,11:45,22.28,22.3,22.26,22.3, 395
02/10/2020,11:50,22.34,22.34,22.34,22.34, 192
02/10/2020,12:02,22.34,22.34,22.34,22.34, 62
02/10/2020,12:05,22.336,22.336,22.336,22.336, 8
02/10/2020,12:10,22.336,22.336,22.336,22.336, 456
02/10/2020,12:21,22.36,22.36,22.36,22.36, 29
02/10/2020,12:28,22.34,22.34,22.34,22.34, 136
02/10/2020,12:46,22.28,22.32,22.26,22.26, 1759
02/10/2020,12:48,22.26,22.26,22.26,22.26, 169
02/10/2020,12:52,22.28,22.3,22.28,22.3, 333
02/10/2020,12:54,22.28,22.28,22.28,22.28, 210
02/10/2020,12:58,22.28,22.28,22.28,22.28, 116
02/10/2020,13:03,22.34,22.34,22.34,22.34, 11
02/10/2020,13:21,22.26,22.26,22.26,22.26, 113
02/10/2020,13:37,22.22,22.24,22.18,22.2, 3557
02/10/2020,13:38,22.2,22.22,22.2,22.2, 2410
02/10/2020,13:39,22.22,22.22,22.22,22.22, 155
02/10/2020,13:45,22.24,22.24,22.24,22.24, 186
02/10/2020,14:16,22.26,22.26,22.26,22.26, 33
02/10/2020,14:21,22.26,22.28,22.26,22.28, 379
02/10/2020,14:23,22.28,22.28,22.24,22.24, 713
02/10/2020,14:28,22.268,22.268,22.268,22.268, 391
02/10/2020,14:28,22.28,22.28,22.28,22.28, 30
02/10/2020,14:34,22.28,22.28,22.28,22.28, 124
02/10/2020,14:39,22.3,22.3,22.3,22.3, 228
02/10/2020,14:41,22.28,22.28,22.26,22.26, 243
02/10/2020,14:55,22.28,22.28,22.28,22.28, 48
02/10/2020,15:01,22.248,22.248,22.248,22.248, 13
02/10/2020,15:10,22.28,22.28,22.26,22.26, 717
02/10/2020,15:12,22.26,22.26,22.26,22.26, 57
02/10/2020,15:13,22.28,22.28,22.22,22.22, 1071
02/10/2020,15:25,22.24,22.24,22.24,22.24, 317
02/10/2020,15:35,22.26,22.26,22.26,22.26, 392
02/10/2020,15:44,22.24,22.24,22.24,22.24, 583
02/10/2020,15:58,22.24,22.26,22.24,22.26, 407
02/10/2020,16:07,22.26,22.26,22.26,22.26, 162
02/10/2020,16:17,22.24,22.24,22.24,22.24, 1235
02/10/2020,16:19,22.24,22.24,22.24,22.24, 176
02/10/2020,16:32,22.22,22.22,22.2,22.2, 1040
02/10/2020,16:34,22.2,22.2,22.2,22.2, 653
02/10/2020,16:35,22.2,22.2,22.2,22.2, 3
02/10/2020,16:40,22.1919,22.1919,22.1919,22.1919, 46
02/10/2020,16:44,22.18,22.18,22.18,22.18, 241
02/10/2020,16:45,22.2,22.2,22.18,22.18, 70
02/10/2020,16:48,22.2,22.2,22.2,22.2, 158
02/10/2020,16:51,22.2,22.2,22.2,22.2, 441
02/10/2020,16:58,22.2,22.2,22.2,22.2, 69
02/10/2020,17:05,22.18,22.18,22.16,22.16, 562
02/10/2020,17:06,22.16,22.16,22.16,22.16, 303
02/10/2020,17:10,22.16,22.16,22.16,22.16, 60
02/10/2020,17:13,22.18,22.18,22.18,22.18, 28
02/10/2020,17:18,22.2,22.2,22.2,22.2, 9
02/10/2020,17:20,22.18,22.18,22.18,22.18, 161
02/10/2020,17:22,22.2,22.2,22.2,22.2, 43
02/10/2020,17:26,22.2,22.2,22.2,22.2, 47
02/10/2020,17:27,22.2,22.22,22.2,22.22, 366
02/10/2020,17:28,22.2,22.2,22.2,22.2, 190
02/10/2020,17:30,22.22,22.22,22.22,22.22, 184
02/10/2020,17:30,22.2,22.22,22.18,22.18, 465
02/10/2020,17:36,22.14,22.14,22.14,22.14, 17260
02/11/2020,09:49,22.18,22.18,22.16,22.18, 1511
02/11/2020,09:53,22.18,22.2,22.18,22.2, 609
02/11/2020,09:55,22.22,22.22,22.22,22.22, 8
02/11/2020,09:55,22.24,22.24,22.24,22.24, 3
02/11/2020,10:01,22.24,22.24,22.24,22.24, 69
02/11/2020,10:07,22.2,22.22,22.2,22.22, 65
02/11/2020,10:14,22.2,22.2,22.2,22.2, 324923
02/11/2020,10:18,22.22,22.26,22.22,22.26, 762
02/11/2020,10:21,22.28,22.28,22.28,22.28, 500
02/11/2020,10:46,22.32,22.32,22.32,22.32, 148
02/11/2020,10:53,22.32,22.32,22.32,22.32, 392
02/11/2020,11:15,22.28,22.28,22.28,22.28, 120
02/11/2020,11:24,22.26,22.26,22.22,22.22, 1002
02/11/2020,11:30,22.24,22.24,22.24,22.24, 76
02/11/2020,11:33,22.232,22.232,22.232,22.232, 3
02/11/2020,11:37,22.2,22.22,22.2,22.22, 397
02/11/2020,11:37,22.18,22.18,22.18,22.18, 140
02/11/2020,11:41,22.18,22.26,22.18,22.24, 2860
02/11/2020,11:42,22.26,22.26,22.26,22.26, 69
02/11/2020,11:45,22.24,22.24,22.22,22.24, 415
02/11/2020,11:45,22.22,22.22,22.22,22.22, 12
02/11/2020,11:48,22.24,22.24,22.22,22.22, 301
02/11/2020,11:58,22.24,22.24,22.24,22.24, 116
02/11/2020,12:15,22.22,22.22,22.22,22.22, 1400
02/11/2020,12:52,22.22,22.22,22.22,22.22, 14
02/11/2020,12:53,22.22,22.22,22.22,22.22, 150
02/11/2020,12:55,22.22,22.22,22.22,22.22, 1
02/11/2020,13:03,22.2,22.2,22.2,22.2, 183
02/11/2020,13:04,22.18,22.18,22.18,22.18, 141
02/11/2020,13:24,22.2,22.2,22.2,22.2, 459
02/11/2020,13:48,22.2,22.2,22.2,22.2, 92
02/11/2020,13:50,22.18,22.18,22.18,22.18, 110
02/11/2020,13:58,22.16,22.16,22.16,22.16, 159
02/11/2020,14:02,22.18,22.18,22.18,22.18, 69
02/11/2020,14:11,22.18,22.18,22.16,22.16, 314
02/11/2020,14:27,22.16,22.18,22.16,22.18, 141
02/11/2020,14:29,22.2,22.2,22.18,22.18, 149
02/11/2020,14:37,22.16,22.16,22.16,22.16, 608
02/11/2020,14:39,22.18,22.18,22.18,22.18, 74
02/11/2020,14:57,22.16,22.18,22.16,22.18, 621
02/11/2020,15:00,22.148,22.148,22.148,22.148, 251
02/11/2020,15:08,22.16,22.18,22.16,22.18, 151
02/11/2020,15:09,22.1481,22.1481,22.1481,22.1481, 120
02/11/2020,15:23,22.16,22.16,22.16,22.16, 4
02/11/2020,15:40,22.14,22.14,22.12,22.12, 486
02/11/2020,15:40,22.08,22.08,22.08,22.08, 74
02/11/2020,15:41,22.1,22.1,22.1,22.1, 512
02/11/2020,15:44,22.1,22.1,22.1,22.1, 83
02/11/2020,16:03,22.1,22.1,22.1,22.1, 83
02/11/2020,16:09,22.112,22.112,22.112,22.112, 1
02/11/2020,16:11,22.12,22.12,22.12,22.12, 41
02/11/2020,16:28,22.08,22.08,22.02,22.06, 1615
02/11/2020,16:28,22.02,22.02,22.02,22.02, 410
02/11/2020,16:30,22.04,22.04,22.04,22.04, 700
02/11/2020,16:32,22.06,22.06,22.06,22.06, 417
02/11/2020,16:33,22.08,22.08,22.08,22.08, 74
02/11/2020,16:47,22.08,22.1,22.08,22.1, 628
02/11/2020,16:48,22.1,22.1,22.1,22.1, 70
02/11/2020,16:50,22.1,22.1,22.1,22.1, 368
02/11/2020,16:52,22.12,22.12,22.12,22.12, 69
02/11/2020,16:58,22.08,22.1,22.08,22.1, 854
02/11/2020,16:58,22.08,22.08,22.08,22.08, 76
02/11/2020,17:01,22.06,22.06,22.04,22.04, 113
02/11/2020,17:02,22.06,22.06,22.06,22.06, 69
02/11/2020,17:03,22.06,22.06,22.06,22.06, 48
02/11/2020,17:06,22.08,22.1,22.06,22.1, 793
02/11/2020,17:08,22.1,22.1,22.1,22.1, 350
02/11/2020,17:09,22.1,22.1,22.1,22.1, 119
02/11/2020,17:11,22.08,22.1,22.06,22.08, 2398
02/11/2020,17:12,22.06,22.08,22.06,22.08, 223
02/11/2020,17:14,22.06,22.06,22.06,22.06, 16
02/11/2020,17:15,22.06,22.06,22.06,22.06, 33
02/11/2020,17:16,22.06,22.06,22.06,22.06, 11
02/11/2020,17:20,22.04,22.04,22.04,22.04, 777
02/11/2020,17:22,22.02,22.02,22.02,22.02, 90
02/11/2020,17:23,22,22,22,22, 83
02/11/2020,17:25,21.98,22,21.94,22, 3643
02/11/2020,17:26,22,22.04,22,22.04, 1111
02/11/2020,17:27,22.04,22.04,21.98,21.98, 1031
02/11/2020,17:28,22,22,21.98,21.98, 147
02/11/2020,17:30,21.98,22.02,21.98,22.02, 280
02/11/2020,17:30,22.02,22.02,22.02,22.02, 27
02/11/2020,17:36,21.92,21.92,21.92,21.92, 45601
02/12/2020,10:02,21.98,21.98,21.94,21.94, 461
02/12/2020,10:05,21.92,21.92,21.9,21.9, 431
02/12/2020,10:07,21.9,21.9,21.9,21.9, 169
02/12/2020,10:12,21.88,21.92,21.88,21.92, 902
02/12/2020,10:13,21.92,21.92,21.92,21.92, 546
02/12/2020,10:19,21.92,21.92,21.92,21.92, 238
02/12/2020,10:20,21.88,21.9,21.88,21.88, 338
02/12/2020,10:24,21.888,21.888,21.888,21.888, 225
02/12/2020,10:30,21.9,21.9,21.9,21.9, 266
02/12/2020,10:31,21.9,21.9,21.9,21.9, 40
02/12/2020,10:34,21.8881,21.8881,21.8881,21.8881, 140
02/12/2020,10:36,21.9,21.9,21.9,21.9, 708
02/12/2020,10:47,21.89,21.89,21.89,21.89, 25000
02/12/2020,10:50,21.88,21.88,21.86,21.88, 834
02/12/2020,11:00,21.9,21.92,21.9,21.92, 178
02/12/2020,11:07,21.94,21.96,21.92,21.96, 1019
02/12/2020,11:11,21.92,21.92,21.92,21.92, 325
02/12/2020,11:14,21.92,21.92,21.9,21.9, 637
02/12/2020,11:18,21.88,21.88,21.88,21.88, 210
02/12/2020,11:23,21.9,21.9,21.9,21.9, 69
02/12/2020,11:27,21.9,21.9,21.9,21.9, 106
02/12/2020,11:29,21.9,21.9,21.9,21.9, 273
02/12/2020,11:30,21.9,21.9,21.9,21.9, 94
02/12/2020,11:35,21.92,21.94,21.92,21.94, 681
02/12/2020,11:37,21.94,21.94,21.94,21.94, 39
02/12/2020,11:39,21.92,21.92,21.92,21.92, 12
02/12/2020,11:43,21.9,21.92,21.86,21.86, 1148
02/12/2020,11:49,21.88,21.88,21.88,21.88, 28
02/12/2020,11:59,21.88,21.88,21.86,21.88, 224
02/12/2020,12:16,21.86,21.86,21.86,21.86, 744
02/12/2020,12:17,21.86,21.86,21.86,21.86, 239
02/12/2020,12:18,21.84,21.84,21.8,21.82, 884
02/12/2020,12:19,21.8,21.8,21.8,21.8, 59
02/12/2020,12:23,21.82,21.82,21.82,21.82, 62
02/12/2020,12:36,21.84,21.84,21.84,21.84, 37
02/12/2020,12:39,21.84,21.84,21.82,21.82, 1444
02/12/2020,12:40,21.8,21.8,21.8,21.8, 104
02/12/2020,12:44,21.8,21.8,21.8,21.8, 94
02/12/2020,12:56,21.78,21.78,21.76,21.76, 175
02/12/2020,12:59,21.76,21.84,21.76,21.84, 1033
02/12/2020,13:03,21.88,21.88,21.84,21.84, 1775
02/12/2020,13:09,21.88,21.88,21.86,21.86, 298
02/12/2020,13:11,21.86,21.86,21.86,21.86, 590
02/12/2020,13:14,21.84,21.84,21.84,21.84, 130
02/12/2020,13:16,21.84,21.84,21.84,21.84, 77
02/12/2020,13:19,21.86,21.88,21.84,21.88, 844
02/12/2020,13:20,21.84,21.84,21.84,21.84, 151
02/12/2020,13:26,21.84,21.84,21.84,21.84, 715
02/12/2020,13:27,21.84,21.86,21.84,21.86, 104
02/12/2020,13:37,21.86,21.86,21.86,21.86, 21
02/12/2020,13:45,21.86,21.86,21.86,21.86, 111
02/12/2020,13:47,21.86,21.86,21.86,21.86, 68
02/12/2020,13:48,21.86,21.86,21.84,21.84, 57
02/12/2020,13:51,21.84,21.84,21.84,21.84, 78
02/12/2020,13:53,21.86,21.88,21.86,21.88, 575
02/12/2020,13:54,21.88,21.88,21.88,21.88, 188
02/12/2020,13:56,21.9,21.924,21.9,21.924, 1180
02/12/2020,14:02,21.9,21.9,21.9,21.9, 389
02/12/2020,14:04,21.9,21.92,21.9,21.92, 70
02/12/2020,14:05,21.88,21.88,21.88,21.88, 76
02/12/2020,14:07,21.88,21.88,21.88,21.88, 76
02/12/2020,14:09,21.92,21.92,21.9,21.9, 1060
02/12/2020,14:22,21.88,21.88,21.86,21.88, 1448
02/12/2020,14:27,21.86,21.88,21.84,21.84, 1149
02/12/2020,14:28,21.86,21.86,21.84,21.84, 831
02/12/2020,14:33,21.84,21.84,21.82,21.82, 734
02/12/2020,14:34,21.82,21.84,21.82,21.84, 193
02/12/2020,14:39,21.82,21.82,21.82,21.82, 104
02/12/2020,14:44,21.82,21.82,21.82,21.82, 104
02/12/2020,14:49,21.82,21.82,21.82,21.82, 482
02/12/2020,14:51,21.82,21.82,21.82,21.82, 405
02/12/2020,14:55,21.84,21.84,21.84,21.84, 280
02/12/2020,14:56,21.82,21.82,21.82,21.82, 90
02/12/2020,15:01,21.82,21.82,21.82,21.82, 178
02/12/2020,15:02,21.82,21.82,21.8,21.82, 165
02/12/2020,15:07,21.82,21.82,21.82,21.82, 70
02/12/2020,15:09,21.84,21.84,21.84,21.84, 350
02/12/2020,15:14,21.82,21.82,21.82,21.82, 94
02/12/2020,15:20,21.86,21.9,21.84,21.88, 1622
02/12/2020,15:21,21.88,21.9,21.86,21.9, 374
02/12/2020,15:22,21.86,21.88,21.86,21.88, 330
02/12/2020,15:27,21.86,21.86,21.84,21.84, 359
02/12/2020,15:32,21.82,21.82,21.82,21.82, 124
02/12/2020,15:37,21.82,21.82,21.82,21.82, 76
02/12/2020,15:41,21.824,21.824,21.824,21.824, 22
02/12/2020,15:42,21.82,21.82,21.82,21.82, 75
02/12/2020,15:43,21.82,21.82,21.8,21.82, 2511
02/12/2020,15:47,21.84,21.84,21.84,21.84, 374
02/12/2020,15:52,21.82,21.82,21.82,21.82, 114
02/12/2020,15:57,21.82,21.82,21.82,21.82, 76
02/12/2020,15:58,21.82,21.82,21.8,21.8, 1949
02/12/2020,15:59,21.812,21.812,21.812,21.812, 60
02/12/2020,16:00,21.76,21.78,21.76,21.76, 295
02/12/2020,16:08,21.78,21.78,21.78,21.78, 146
02/12/2020,16:09,21.78,21.78,21.78,21.78, 48
02/12/2020,16:10,21.78,21.78,21.78,21.78, 82
02/12/2020,16:12,21.78,21.78,21.78,21.78, 179
02/12/2020,16:16,21.8,21.8,21.8,21.8, 909
02/12/2020,16:21,21.8,21.8,21.8,21.8, 90
02/12/2020,16:28,21.84,21.86,21.8,21.82, 3845
02/12/2020,16:30,21.82,21.84,21.82,21.82, 686
02/12/2020,16:35,21.82,21.82,21.82,21.82, 281
02/12/2020,16:38,21.84,21.86,21.84,21.86, 552
02/12/2020,16:47,21.86,21.9,21.86,21.9, 2175
02/12/2020,16:48,21.92,21.92,21.92,21.92, 736
02/12/2020,16:51,21.9082,21.9082,21.88,21.88, 3037
02/12/2020,17:01,21.88,21.88,21.88,21.88, 179
02/12/2020,17:03,21.9,21.9,21.9,21.9, 278
02/12/2020,17:05,21.9,21.9,21.9,21.9, 1010
02/12/2020,17:07,21.9,21.9,21.88,21.88, 1202
02/12/2020,17:08,21.88,21.88,21.88,21.88, 281
02/12/2020,17:09,21.9,21.9,21.86,21.86, 7308
02/12/2020,17:13,21.88,21.88,21.88,21.88, 2381
02/12/2020,17:14,21.86,21.86,21.84,21.84, 2180
02/12/2020,17:15,21.86,21.86,21.86,21.86, 11
02/12/2020,17:18,21.86,21.86,21.86,21.86, 26
02/12/2020,17:20,21.84,21.84,21.84,21.84, 1027
02/12/2020,17:21,21.84,21.84,21.8,21.82, 1629
02/12/2020,17:22,21.82,21.82,21.82,21.82, 78
02/12/2020,17:24,21.9,21.9,21.84,21.84, 1726
02/12/2020,17:25,21.86,21.86,21.84,21.86, 625
02/12/2020,17:28,21.84,21.84,21.84,21.84, 557
02/12/2020,17:29,21.84,21.84,21.84,21.84, 110
02/12/2020,17:30,21.86,21.86,21.82,21.82, 539
02/12/2020,17:30,21.86,21.86,21.86,21.86, 8
02/12/2020,17:36,21.9,21.9,21.9,21.9, 39194
02/13/2020,09:31,21.8,21.8,21.8,21.8, 4
02/13/2020,09:33,21.76,21.86,21.76,21.86, 260
02/13/2020,09:34,21.8,21.84,21.8,21.84, 144
02/13/2020,09:38,21.82,21.82,21.82,21.82, 58
02/13/2020,09:39,21.8,21.86,21.8,21.86, 560
02/13/2020,09:40,21.864,21.864,21.864,21.864, 225
02/13/2020,09:41,21.86,21.86,21.86,21.86, 217
02/13/2020,10:00,21.88,21.96,21.88,21.9, 2369
02/13/2020,10:04,21.88,21.88,21.88,21.88, 60
02/13/2020,10:06,21.86,21.86,21.86,21.86, 6
02/13/2020,10:12,21.88,21.88,21.84,21.84, 304
02/13/2020,10:23,21.82,21.82,21.78,21.78, 1183
02/13/2020,10:26,21.76,21.76,21.74,21.74, 453
02/13/2020,10:28,21.72,21.72,21.68,21.68, 556
02/13/2020,10:33,21.72,21.72,21.7,21.7, 655
02/13/2020,10:37,21.9,21.9,21.7,21.7, 1335
02/13/2020,10:44,21.68,21.68,21.66,21.66, 309
02/13/2020,10:48,21.64,21.64,21.64,21.64, 140
02/13/2020,11:03,21.62,21.62,21.6,21.6, 308
02/13/2020,11:27,21.56,21.56,21.56,21.56, 5510
02/13/2020,11:28,21.56,21.56,21.56,21.56, 1764
02/13/2020,11:29,21.56,21.58,21.56,21.58, 654
02/13/2020,11:30,21.6,21.6,21.58,21.58, 372
02/13/2020,11:43,21.56,21.56,21.52,21.52, 1097
02/13/2020,11:50,21.5,21.5,21.46,21.46, 455
02/13/2020,11:51,21.46,21.46,21.46,21.46, 31
02/13/2020,11:52,21.46,21.46,21.44,21.452, 434
02/13/2020,11:53,21.44,21.44,21.44,21.44, 36
02/13/2020,11:54,21.42,21.4322,21.42,21.4322, 434
02/13/2020,11:56,21.42,21.42,21.42,21.42, 157
02/13/2020,12:03,21.4558,21.4558,21.4558,21.4558, 50
02/13/2020,12:04,21.42,21.42,21.42,21.42, 4
02/13/2020,12:06,21.4558,21.4558,21.4558,21.4558, 69
02/13/2020,12:17,21.42,21.42,21.42,21.42, 228
02/13/2020,12:20,21.42,21.42,21.42,21.42, 181
02/13/2020,12:23,21.42,21.44,21.42,21.44, 1100
02/13/2020,12:24,21.42,21.42,21.42,21.42, 103
02/13/2020,12:25,21.44,21.44,21.44,21.44, 28
02/13/2020,12:39,21.46,21.46,21.46,21.46, 286
02/13/2020,12:42,21.48,21.48,21.48,21.48, 150
02/13/2020,12:51,21.5,21.5,21.5,21.5, 322
02/13/2020,12:53,21.5,21.54,21.5,21.54, 799
02/13/2020,12:58,21.54,21.54,21.54,21.54, 388
02/13/2020,13:03,21.52,21.56,21.52,21.56, 263
02/13/2020,13:43,21.54,21.54,21.48,21.48, 416
02/13/2020,13:50,21.4758,21.4758,21.4758,21.4758, 480
02/13/2020,13:54,21.4522,21.4522,21.4522,21.4522, 132
02/13/2020,14:23,21.44,21.46,21.38,21.46, 2225
02/13/2020,14:33,21.5,21.5,21.5,21.5, 48
02/13/2020,14:47,21.44,21.44,21.44,21.44, 21
02/13/2020,14:49,21.46,21.46,21.46,21.46, 95
02/13/2020,14:51,21.44,21.44,21.38,21.38, 525
02/13/2020,14:58,21.36,21.36,21.36,21.36, 223
02/13/2020,14:59,21.34,21.34,21.34,21.34, 100
02/13/2020,15:11,21.36,21.38,21.36,21.38, 695
02/13/2020,15:14,21.38,21.38,21.38,21.38, 442
02/13/2020,15:24,21.32,21.32,21.32,21.32, 147
02/13/2020,15:33,21.38,21.4,21.38,21.4, 320
02/13/2020,15:33,21.38,21.38,21.36,21.36, 584
02/13/2020,15:39,21.4,21.4,21.4,21.4, 123
02/13/2020,15:41,21.408,21.408,21.4,21.4, 106
02/13/2020,15:42,21.38,21.38,21.38,21.38, 35
02/13/2020,15:50,21.36,21.36,21.36,21.36, 194
02/13/2020,15:56,21.34,21.34,21.34,21.34, 331
02/13/2020,15:59,21.34,21.34,21.34,21.34, 37
02/13/2020,16:02,21.32,21.34,21.32,21.34, 1119
02/13/2020,16:04,21.32,21.32,21.32,21.32, 37
02/13/2020,16:09,21.36,21.36,21.34,21.34, 442
02/13/2020,16:10,21.38,21.38,21.356,21.356, 278
02/13/2020,16:17,21.34,21.34,21.32,21.32, 510
02/13/2020,16:18,21.35,21.35,21.35,21.35, 458
02/13/2020,16:20,21.32,21.32,21.32,21.32, 623
02/13/2020,16:25,21.38,21.38,21.38,21.38, 100
02/13/2020,16:27,21.36,21.36,21.36,21.36, 93
02/13/2020,16:34,21.34,21.34,21.34,21.34, 2
02/13/2020,16:35,21.36,21.38,21.36,21.38, 206
02/13/2020,16:36,21.366,21.366,21.366,21.366, 637
02/13/2020,16:39,21.4,21.4,21.4,21.4, 113
02/13/2020,16:40,21.4,21.4,21.4,21.4, 7
02/13/2020,16:41,21.4,21.4,21.4,21.4, 128
02/13/2020,16:43,21.4,21.4,21.4,21.4, 107
02/13/2020,16:45,21.38,21.4,21.38,21.4, 39
02/13/2020,16:47,21.38,21.38,21.38,21.38, 4
02/13/2020,16:48,21.38,21.38,21.38,21.38, 422
02/13/2020,16:49,21.4,21.4,21.38,21.4, 392
02/13/2020,16:50,21.38,21.38,21.38,21.38, 1
02/13/2020,16:51,21.4,21.42,21.4,21.42, 572
02/13/2020,16:53,21.44,21.44,21.44,21.44, 604
02/13/2020,16:54,21.46,21.46,21.46,21.46, 45
02/13/2020,16:56,21.46,21.48,21.46,21.48, 418
02/13/2020,16:58,21.5,21.5,21.5,21.5, 79
02/13/2020,17:00,21.5,21.5,21.5,21.5, 849
02/13/2020,17:01,21.48,21.48,21.48,21.48, 201
02/13/2020,17:06,21.5,21.5,21.5,21.5, 230
02/13/2020,17:07,21.48,21.48,21.48,21.48, 310
02/13/2020,17:13,21.46,21.46,21.46,21.46, 158
02/13/2020,17:17,21.4441,21.4441,21.4441,21.4441, 395
02/13/2020,17:21,21.46,21.46,21.46,21.46, 289
02/13/2020,17:22,21.46,21.48,21.46,21.48, 121
02/13/2020,17:23,21.46,21.46,21.44,21.44, 685
02/13/2020,17:25,21.46,21.46,21.46,21.46, 196
02/13/2020,17:27,21.48,21.48,21.44,21.44, 583
02/13/2020,17:28,21.46,21.46,21.46,21.46, 21
02/13/2020,17:30,21.46,21.48,21.44,21.44, 492
02/13/2020,17:36,21.5,21.5,21.5,21.5, 22764
02/14/2020,09:01,21.88,21.88,21.5,21.5, 255
02/14/2020,09:02,21.68,21.68,21.68,21.68, 28
02/14/2020,09:03,21.5,21.68,21.46,21.46, 1643
02/14/2020,09:17,21.46,21.5,21.46,21.5, 651
02/14/2020,09:26,21.46,21.46,21.44,21.46, 327
02/14/2020,09:34,21.448,21.448,21.4,21.4, 131
02/14/2020,09:52,21.396,21.396,21.396,21.396, 217
02/14/2020,10:01,21.38,21.38,21.38,21.38, 427
02/14/2020,10:04,21.4,21.46,21.4,21.46, 1198
02/14/2020,10:11,21.44,21.44,21.42,21.42, 742
02/14/2020,10:12,21.44,21.44,21.44,21.44, 100
02/14/2020,10:18,21.46,21.46,21.46,21.46, 150
02/14/2020,10:26,21.44,21.44,21.44,21.44, 68
02/14/2020,10:29,21.4708,21.4708,21.4708,21.4708, 462
02/14/2020,10:49,21.42,21.42,21.36,21.36, 413
02/14/2020,11:00,21.34,21.34,21.32,21.32, 301
02/14/2020,11:01,21.34,21.34,21.34,21.34, 673
02/14/2020,11:01,21.36,21.36,21.36,21.36, 150
02/14/2020,11:02,21.4,21.4,21.4,21.4, 176
02/14/2020,11:13,21.432,21.432,21.432,21.432, 45
02/14/2020,11:30,21.44,21.44,21.44,21.44, 76
02/14/2020,11:34,21.42,21.42,21.42,21.42, 294
02/14/2020,11:41,21.44,21.44,21.44,21.44, 5
02/14/2020,11:44,21.4281,21.4281,21.4281,21.4281, 100
02/14/2020,11:49,21.46,21.46,21.46,21.46, 56
02/14/2020,11:51,21.44,21.44,21.42,21.42, 536
02/14/2020,12:01,21.4,21.4,21.4,21.4, 72
02/14/2020,12:11,21.4,21.4,21.4,21.4, 106
02/14/2020,12:14,21.42,21.46,21.42,21.42, 191
02/14/2020,12:16,21.46,21.46,21.46,21.46, 281
02/14/2020,12:21,21.48,21.48,21.48,21.48, 102
02/14/2020,12:30,21.46,21.48,21.44,21.48, 1232
02/14/2020,12:31,21.48,21.48,21.46,21.46, 673
02/14/2020,12:35,21.48,21.48,21.48,21.48, 70
02/14/2020,12:36,21.46,21.46,21.46,21.46, 104
02/14/2020,12:37,21.46,21.48,21.46,21.48, 212
02/14/2020,12:39,21.46,21.46,21.46,21.46, 197
02/14/2020,12:41,21.48,21.48,21.48,21.48, 95
02/14/2020,12:46,21.46,21.46,21.46,21.46, 410
02/14/2020,12:50,21.46,21.46,21.46,21.46, 41
02/14/2020,13:03,21.5,21.5,21.48,21.48, 222
02/14/2020,13:04,21.48,21.48,21.46,21.46, 694
02/14/2020,13:13,21.44,21.46,21.44,21.46, 757
02/14/2020,13:16,21.42,21.42,21.42,21.42, 1
02/14/2020,13:18,21.4612,21.4612,21.4612,21.4612, 5000
02/14/2020,13:19,21.42,21.42,21.42,21.42, 1
02/14/2020,13:22,21.44,21.44,21.44,21.44, 108
02/14/2020,13:27,21.44,21.44,21.44,21.44, 1
02/14/2020,13:36,21.46,21.46,21.46,21.46, 2
02/14/2020,13:37,21.46,21.46,21.46,21.46, 488
02/14/2020,13:52,21.46,21.46,21.46,21.46, 605
02/14/2020,14:02,21.442,21.46,21.442,21.46, 1732
02/14/2020,14:21,21.4481,21.4481,21.4481,21.4481, 34
02/14/2020,14:31,21.44,21.44,21.44,21.44, 135
02/14/2020,14:38,21.42,21.42,21.42,21.42, 128
02/14/2020,14:46,21.42,21.42,21.42,21.42, 2
02/14/2020,14:53,21.42,21.42,21.42,21.42, 389
02/14/2020,14:54,21.42,21.42,21.4,21.42, 968
02/14/2020,15:01,21.44,21.44,21.44,21.44, 15
02/14/2020,15:01,21.44,21.44,21.44,21.44, 78
02/14/2020,15:12,21.42,21.42,21.42,21.42, 598
02/14/2020,15:32,21.4,21.4,21.4,21.4, 68
02/14/2020,15:34,21.3882,21.3882,21.3882,21.3882, 135
02/14/2020,15:41,21.368,21.368,21.368,21.368, 46
02/14/2020,15:46,21.36,21.36,21.3,21.3, 901
02/14/2020,15:47,21.34,21.34,21.34,21.34, 455
02/14/2020,15:58,21.38,21.42,21.38,21.42, 1380
02/14/2020,16:02,21.402,21.402,21.402,21.402, 928
02/14/2020,16:05,21.46,21.46,21.46,21.46, 150
02/14/2020,16:13,21.44,21.44,21.44,21.44, 338
02/14/2020,16:18,21.4283,21.4283,21.4283,21.4283, 933
02/14/2020,16:18,21.4539,21.4539,21.4539,21.4539, 927
02/14/2020,16:23,21.42,21.4279,21.4,21.4279, 6769
02/14/2020,16:28,21.4,21.44,21.4,21.42, 1205
02/14/2020,16:30,21.42,21.42,21.42,21.42, 72
02/14/2020,16:32,21.44,21.44,21.4,21.4, 804
02/14/2020,16:36,21.42,21.42,21.4,21.4, 242
02/14/2020,16:37,21.4,21.4,21.4,21.4, 224
02/14/2020,16:38,21.42,21.42,21.42,21.42, 220
02/14/2020,16:39,21.4,21.4,21.4,21.4, 448
02/14/2020,16:42,21.46,21.48,21.44,21.48, 288
02/14/2020,16:43,21.444,21.444,21.444,21.444, 515
02/14/2020,16:51,21.46,21.46,21.44,21.44, 829
02/14/2020,16:52,21.46,21.46,21.46,21.46, 94
02/14/2020,16:54,21.44,21.44,21.44,21.44, 95
02/14/2020,16:58,21.44,21.44,21.44,21.44, 115
02/14/2020,17:02,21.46,21.48,21.46,21.48, 736
02/14/2020,17:05,21.4642,21.4642,21.4642,21.4642, 70
02/14/2020,17:10,21.48,21.48,21.48,21.48, 164
02/14/2020,17:10,21.48,21.48,21.48,21.48, 159
02/14/2020,17:12,21.5,21.5,21.5,21.5, 76
02/14/2020,17:14,21.5,21.52,21.5,21.52, 249
02/14/2020,17:15,21.52,21.52,21.4637,21.48, 4189
02/14/2020,17:19,21.5,21.5,21.5,21.5, 70
02/14/2020,17:21,21.5,21.52,21.5,21.52, 629
02/14/2020,17:23,21.52,21.534,21.5,21.534, 930
02/14/2020,17:24,21.52,21.52,21.52,21.52, 97
02/14/2020,17:25,21.54,21.54,21.54,21.54, 354
02/14/2020,17:26,21.54,21.54,21.54,21.54, 94
02/14/2020,17:27,21.56,21.56,21.56,21.56, 32
02/14/2020,17:28,21.56,21.56,21.52,21.52, 1226
02/14/2020,17:29,21.52,21.52,21.48,21.52, 682
02/14/2020,17:30,21.5,21.52,21.48,21.48, 237
02/14/2020,17:30,21.48,21.5,21.48,21.5, 210
02/14/2020,17:36,21.5,21.5,21.5,21.5, 17116
02/17/2020,09:09,21.648,21.648,21.648,21.648, 250
02/17/2020,09:19,21.66,21.68,21.56,21.56, 293
02/17/2020,09:20,21.5,21.5,21.5,21.5, 636
02/17/2020,09:21,21.46,21.46,21.46,21.46, 274
02/17/2020,09:25,21.44,21.44,21.44,21.44, 86
02/17/2020,09:26,21.42,21.42,21.42,21.42, 24
02/17/2020,09:27,21.5,21.5,21.5,21.5, 51
02/17/2020,09:30,21.38,21.42,21.32,21.38, 726
02/17/2020,09:34,21.42,21.42,21.42,21.42, 67
02/17/2020,09:35,21.38,21.38,21.38,21.38, 53
02/17/2020,09:37,21.38,21.46,21.38,21.46, 81
02/17/2020,09:38,21.36,21.36,21.36,21.36, 83
02/17/2020,09:39,21.36,21.36,21.36,21.36, 25
02/17/2020,09:50,21.42,21.42,21.42,21.42, 67
02/17/2020,09:54,21.34,21.3562,21.34,21.3562, 167
02/17/2020,09:59,21.4,21.4,21.4,21.4, 8
02/17/2020,10:16,21.4,21.4,21.4,21.4, 119
02/17/2020,10:20,21.38,21.38,21.38,21.38, 17
02/17/2020,10:31,21.38,21.38,21.38,21.38, 131
02/17/2020,10:36,21.4,21.42,21.38,21.42, 417
02/17/2020,10:37,21.42,21.42,21.42,21.42, 16
02/17/2020,10:43,21.42,21.42,21.42,21.42, 185
02/17/2020,10:46,21.38,21.4,21.38,21.38, 378
02/17/2020,10:47,21.38,21.44,21.38,21.44, 671
02/17/2020,10:57,21.46,21.46,21.44,21.44, 450
02/17/2020,11:32,21.4,21.4,21.4,21.4, 15
02/17/2020,12:04,21.38,21.38,21.36,21.36, 67
02/17/2020,12:08,21.38,21.38,21.38,21.38, 1
02/17/2020,12:12,21.4,21.4,21.4,21.4, 6
02/17/2020,12:13,21.44,21.44,21.44,21.44, 144
02/17/2020,12:18,21.4,21.4,21.4,21.4, 1
02/17/2020,12:20,21.4,21.4,21.4,21.4, 1
02/17/2020,12:24,21.42,21.44,21.42,21.44, 42
02/17/2020,12:25,21.44,21.44,21.42,21.42, 591
02/17/2020,12:41,21.44,21.44,21.44,21.44, 89
02/17/2020,12:47,21.44,21.44,21.44,21.44, 213
02/17/2020,12:53,21.44,21.44,21.44,21.44, 2
02/17/2020,13:03,21.4,21.4,21.4,21.4, 26
02/17/2020,13:10,21.42,21.42,21.42,21.42, 240
02/17/2020,13:11,21.43,21.43,21.43,21.43, 90
02/17/2020,13:37,21.4,21.4,21.38,21.38, 226
02/17/2020,13:43,21.4,21.4,21.4,21.4, 280
02/17/2020,14:33,21.44,21.44,21.44,21.44, 712
02/17/2020,14:51,21.46,21.46,21.46,21.46, 140
02/17/2020,14:52,21.46,21.48,21.46,21.48, 261
02/17/2020,14:53,21.46,21.46,21.38,21.38, 1117
02/17/2020,15:01,21.4,21.44,21.4,21.42, 2908
02/17/2020,15:03,21.44,21.44,21.44,21.44, 56
02/17/2020,15:28,21.4122,21.4122,21.4122,21.4122, 67
02/17/2020,15:43,21.4,21.4,21.4,21.4, 171
02/17/2020,15:47,21.4,21.4,21.36,21.4, 510
02/17/2020,15:48,21.4,21.4,21.4,21.4, 5
02/17/2020,16:06,21.3841,21.3841,21.3841,21.3841, 350
02/17/2020,16:07,21.38,21.38,21.38,21.38, 84
02/17/2020,16:08,21.3642,21.3642,21.3642,21.3642, 131
02/17/2020,16:10,21.34,21.36,21.32,21.32, 884
02/17/2020,16:12,21.32,21.34,21.32,21.34, 167
02/17/2020,16:16,21.32,21.32,21.32,21.32, 500
02/17/2020,16:17,21.3449,21.3449,21.3449,21.3449, 9
02/17/2020,16:29,21.3,21.3,21.3,21.3, 212
02/17/2020,16:36,21.34,21.34,21.34,21.34, 139
02/17/2020,16:45,21.34,21.36,21.32,21.32, 902
02/17/2020,16:50,21.34,21.34,21.34,21.34, 78
02/17/2020,16:51,21.34,21.36,21.34,21.34, 969
02/17/2020,16:59,21.34,21.34,21.32,21.32, 877
02/17/2020,17:00,21.32,21.32,21.32,21.32, 835
02/17/2020,17:03,21.34,21.36,21.34,21.36, 1036
02/17/2020,17:07,21.3442,21.3442,21.34,21.34, 789
02/17/2020,17:11,21.36,21.36,21.36,21.36, 307
02/17/2020,17:12,21.36,21.36,21.36,21.36, 67
02/17/2020,17:13,21.36,21.36,21.34,21.34, 1282
02/17/2020,17:15,21.34,21.34,21.34,21.34, 6
02/17/2020,17:18,21.32,21.32,21.3,21.3, 373
02/17/2020,17:21,21.32,21.32,21.32,21.32, 68
02/17/2020,17:24,21.3,21.3,21.28,21.28, 1327
02/17/2020,17:25,21.26,21.28,21.2285,21.28, 1491
02/17/2020,17:26,21.3,21.3,21.3,21.3, 69
02/17/2020,17:27,21.26,21.26,21.26,21.26, 881
02/17/2020,17:29,21.26,21.26,21.26,21.26, 99
02/17/2020,17:30,21.28,21.28,21.28,21.28, 57
02/17/2020,17:36,21.28,21.28,21.28,21.28, 8801
02/18/2020,09:01,20.78,21.08,20.78,21.08, 128
02/18/2020,09:03,20.96,20.96,20.96,20.96, 462
02/18/2020,09:06,21.08,21.08,21.08,21.08, 357
02/18/2020,09:10,21.24,21.24,21.24,21.24, 219
02/18/2020,09:11,21.32,21.32,21.28,21.28, 195
02/18/2020,09:12,21.3,21.36,21.3,21.3, 1278
02/18/2020,09:13,21.3,21.3,21.3,21.3, 78
02/18/2020,09:19,21.36,21.36,21.36,21.36, 14
02/18/2020,09:23,21.36,21.36,21.36,21.36, 137
02/18/2020,09:29,21.34,21.34,21.34,21.34, 138
02/18/2020,09:34,21.38,21.38,21.38,21.38, 16
02/18/2020,09:41,21.38,21.4,21.38,21.4, 115
02/18/2020,09:53,21.38,21.38,21.38,21.38, 36
02/18/2020,10:06,21.38,21.38,21.38,21.38, 88
02/18/2020,10:08,21.38,21.38,21.38,21.38, 506
02/18/2020,10:10,21.385,21.385,21.385,21.385, 69
02/18/2020,10:21,21.4,21.44,21.4,21.4, 419
02/18/2020,10:25,21.46,21.46,21.46,21.46, 161
02/18/2020,10:29,21.448,21.448,21.448,21.448, 150
02/18/2020,10:35,21.44,21.44,21.44,21.44, 121
02/18/2020,10:37,21.42,21.46,21.4,21.46, 1217
02/18/2020,10:56,21.48,21.48,21.48,21.48, 25
02/18/2020,11:04,21.52,21.52,21.52,21.52, 132
02/18/2020,11:08,21.54,21.54,21.54,21.54, 107
02/18/2020,11:09,21.52,21.52,21.5,21.5, 476
02/18/2020,11:10,21.48,21.48,21.42,21.42, 904
02/18/2020,11:12,21.42,21.4477,21.4,21.4477, 9754
02/18/2020,11:25,21.48,21.48,21.48,21.48, 150
02/18/2020,11:30,21.4601,21.4601,21.4601,21.4601, 188
02/18/2020,11:33,21.46,21.46,21.46,21.46, 91
02/18/2020,11:38,21.48,21.48,21.48,21.48, 129
02/18/2020,11:40,21.44,21.44,21.44,21.44, 72
02/18/2020,12:18,21.36,21.36,21.36,21.36, 187
02/18/2020,12:38,21.36,21.36,21.36,21.36, 125
02/18/2020,12:45,21.34,21.34,21.34,21.34, 302
02/18/2020,12:48,21.296,21.296,21.296,21.296, 112
02/18/2020,12:55,21.32,21.32,21.32,21.32, 274
02/18/2020,13:03,21.28,21.28,21.28,21.28, 4
02/18/2020,13:05,21.22,21.28,21.22,21.28, 309
02/18/2020,13:06,21.28,21.28,21.28,21.28, 504
02/18/2020,13:07,21.34,21.34,21.32,21.34, 176
02/18/2020,13:07,21.34,21.34,21.34,21.34, 42
02/18/2020,13:44,21.36,21.36,21.36,21.36, 283
02/18/2020,14:02,21.34,21.34,21.34,21.34, 80
02/18/2020,14:49,21.3,21.3,21.3,21.3, 141
02/18/2020,14:52,21.34,21.34,21.34,21.34, 374
02/18/2020,14:59,21.38,21.38,21.38,21.38, 280
02/18/2020,15:01,21.38,21.38,21.38,21.38, 81
02/18/2020,15:05,21.38,21.38,21.38,21.38, 165
02/18/2020,15:13,21.38,21.38,21.36,21.36, 414
02/18/2020,15:21,21.36,21.36,21.36,21.36, 81
02/18/2020,15:37,21.32,21.34,21.32,21.32, 281
02/18/2020,15:41,21.308,21.308,21.308,21.308, 15
02/18/2020,16:02,21.32,21.32,21.32,21.32, 538
02/18/2020,16:04,21.32,21.32,21.32,21.32, 340
02/18/2020,16:06,21.32,21.32,21.32,21.32, 124
02/18/2020,16:07,21.34,21.38,21.34,21.38, 380
02/18/2020,16:10,21.364,21.364,21.364,21.364, 8
02/18/2020,16:12,21.38,21.38,21.38,21.38, 27
02/18/2020,16:13,21.38,21.38,21.38,21.38, 283
02/18/2020,16:47,21.36,21.36,21.36,21.36, 198
02/18/2020,16:58,21.38,21.38,21.38,21.38, 44
02/18/2020,17:10,21.34,21.36,21.33,21.36, 1478
02/18/2020,17:22,21.36,21.38,21.36,21.38, 260
02/18/2020,17:24,21.36,21.36,21.34,21.34, 486
02/18/2020,17:25,21.3,21.32,21.3,21.32, 484
02/18/2020,17:26,21.32,21.32,21.3,21.3, 406
02/18/2020,17:28,21.3,21.3,21.3,21.3, 80
02/18/2020,17:29,21.3,21.3,21.3,21.3, 324
02/18/2020,17:30,21.32,21.32,21.3,21.32, 256
02/18/2020,17:30,21.3,21.3,21.3,21.3, 4
02/18/2020,17:36,21.26,21.26,21.26,21.26, 36074
02/19/2020,09:01,21.76,21.78,21.76,21.78, 586
02/19/2020,09:06,21.44,21.46,21.36,21.46, 462
02/19/2020,09:11,21.44,21.44,21.44,21.44, 33
02/19/2020,09:12,21.46,21.54,21.46,21.54, 305
02/19/2020,09:13,21.52,21.54,21.4,21.4, 711
02/19/2020,09:15,21.38,21.38,21.38,21.38, 342
02/19/2020,09:21,21.42,21.42,21.42,21.42, 49
02/19/2020,09:23,21.34,21.34,21.32,21.32, 459
02/19/2020,09:36,21.4,21.54,21.4,21.42, 5000
02/19/2020,09:37,21.42,21.42,21.42,21.42, 37
02/19/2020,09:38,21.4,21.4,21.4,21.4, 147
02/19/2020,09:41,21.4,21.8,21.4,21.8, 3790
02/19/2020,09:42,21.76,21.82,21.44,21.44, 7227
02/19/2020,09:43,21.42,21.44,21.42,21.42, 1000
02/19/2020,09:45,21.4,21.52,21.38,21.52, 410
02/19/2020,09:48,21.38,21.38,21.38,21.38, 2
02/19/2020,09:49,21.42,21.44,21.4,21.4, 383
02/19/2020,09:52,21.52,21.52,21.52,21.52, 52
02/19/2020,09:58,21.54,21.54,21.54,21.54, 114
02/19/2020,09:58,21.54,21.54,21.54,21.54, 116
02/19/2020,10:00,21.54,21.56,21.54,21.56, 1185
02/19/2020,10:02,21.64,21.64,21.54,21.56, 1362
02/19/2020,10:04,21.62,21.64,21.48,21.48, 1193
02/19/2020,10:06,21.6,21.6,21.6,21.6, 108
02/19/2020,10:07,21.6,21.6,21.52,21.52, 115
02/19/2020,10:09,21.5,21.5,21.5,21.5, 203
02/19/2020,10:16,21.504,21.504,21.504,21.504, 505
02/19/2020,10:17,21.54,21.54,21.54,21.54, 229
02/19/2020,10:22,21.6,21.6,21.6,21.6, 68
02/19/2020,10:24,21.58,21.58,21.54,21.54, 179
02/19/2020,10:26,21.56,21.56,21.56,21.56, 19
02/19/2020,10:31,21.5023,21.5023,21.5023,21.5023, 10000
02/19/2020,10:35,21.56,21.64,21.56,21.64, 596
02/19/2020,10:37,21.58,21.6,21.58,21.58, 130
02/19/2020,10:46,21.56,21.56,21.56,21.56, 1
02/19/2020,10:47,21.52,21.52,21.52,21.52, 83
02/19/2020,10:56,21.52,21.52,21.44,21.44, 372
02/19/2020,10:57,21.48,21.5,21.48,21.5, 990
02/19/2020,11:04,21.52,21.52,21.52,21.52, 11
02/19/2020,11:05,21.52,21.52,21.52,21.52, 4
02/19/2020,11:13,21.52,21.52,21.52,21.52, 241
02/19/2020,11:30,21.46,21.48,21.42,21.42, 815
02/19/2020,11:34,21.44,21.44,21.44,21.44, 336
02/19/2020,11:35,21.436,21.436,21.436,21.436, 5
02/19/2020,11:41,21.46,21.46,21.46,21.46, 214
02/19/2020,11:42,21.46,21.48,21.42,21.48, 459
02/19/2020,11:47,21.5,21.5,21.48,21.48, 231
02/19/2020,11:48,21.48,21.48,21.48,21.48, 2
02/19/2020,11:54,21.48,21.5,21.48,21.5, 3
02/19/2020,12:07,21.5,21.5,21.5,21.5, 7
02/19/2020,12:11,21.48,21.48,21.46,21.48, 533
02/19/2020,12:31,21.48,21.48,21.48,21.48, 173
02/19/2020,12:36,21.48,21.48,21.48,21.48, 230
02/19/2020,12:37,21.48,21.48,21.46,21.46, 309
02/19/2020,12:38,21.44,21.46,21.44,21.46, 167
02/19/2020,12:44,21.48,21.48,21.48,21.48, 150
02/19/2020,13:03,21.46,21.48,21.44,21.44, 344
02/19/2020,13:18,21.42,21.42,21.42,21.42, 422
02/19/2020,13:20,21.42,21.42,21.42,21.42, 2
02/19/2020,13:27,21.42,21.42,21.42,21.42, 188
02/19/2020,13:40,21.44,21.44,21.44,21.44, 72
02/19/2020,13:44,21.44,21.5,21.44,21.5, 778
02/19/2020,13:50,21.52,21.52,21.52,21.52, 70
02/19/2020,14:07,21.52,21.56,21.52,21.56, 321
02/19/2020,14:21,21.5173,21.5173,21.5173,21.5173, 5000
02/19/2020,14:33,21.54,21.54,21.54,21.54, 402
02/19/2020,14:36,21.48,21.5,21.48,21.5, 550
02/19/2020,14:44,21.54,21.54,21.5,21.52, 557
02/19/2020,15:09,21.52,21.52,21.52,21.52, 203
02/19/2020,15:42,21.54,21.54,21.54,21.54, 401
02/19/2020,16:04,21.52,21.52,21.52,21.52, 410
02/19/2020,16:25,21.5,21.5,21.48,21.5, 607
02/19/2020,16:26,21.46,21.46,21.46,21.46, 20
02/19/2020,16:35,21.48,21.48,21.48,21.48, 43
02/19/2020,16:44,21.44,21.44,21.38,21.38, 2208
02/19/2020,16:46,21.38,21.38,21.38,21.38, 271
02/19/2020,16:47,21.4,21.42,21.4,21.42, 1234
02/19/2020,16:48,21.4,21.48,21.4,21.42, 936
02/19/2020,16:49,21.5,21.5,21.5,21.5, 42
02/19/2020,17:05,21.48,21.48,21.44,21.44, 1256
02/19/2020,17:06,21.42,21.42,21.38,21.38, 1314
02/19/2020,17:07,21.44,21.44,21.44,21.44, 165
02/19/2020,17:09,21.46,21.46,21.46,21.46, 934
02/19/2020,17:10,21.48,21.48,21.48,21.48, 266
02/19/2020,17:11,21.5,21.5,21.5,21.5, 65
02/19/2020,17:13,21.5,21.5,21.5,21.5, 170
02/19/2020,17:13,21.5,21.5,21.5,21.5, 3
02/19/2020,17:16,21.5,21.5,21.5,21.5, 111
02/19/2020,17:21,21.48,21.48,21.48,21.48, 307
02/19/2020,17:22,21.48,21.48,21.44,21.46, 2356
02/19/2020,17:23,21.46,21.46,21.46,21.46, 28
02/19/2020,17:24,21.48,21.48,21.48,21.48, 447
02/19/2020,17:26,21.46,21.48,21.46,21.48, 334
02/19/2020,17:27,21.48,21.48,21.48,21.48, 27
02/19/2020,17:28,21.48,21.48,21.48,21.48, 77
02/19/2020,17:29,21.48,21.48,21.48,21.48, 193
02/19/2020,17:30,21.48,21.48,21.48,21.48, 66
02/19/2020,17:30,21.44,21.44,21.44,21.44, 322
02/19/2020,17:36,21.5,21.5,21.5,21.5, 26215
02/20/2020,09:01,21.9,21.92,21.9,21.9, 98
02/20/2020,09:11,21.72,21.72,21.7,21.7, 160
02/20/2020,09:23,21.76,21.76,21.74,21.74, 112
02/20/2020,10:00,21.74,21.74,21.7,21.72, 458
02/20/2020,10:06,21.66,21.66,21.66,21.66, 19
02/20/2020,10:24,21.66,21.66,21.66,21.66, 4
02/20/2020,10:31,21.64,21.64,21.64,21.64, 91
02/20/2020,10:34,21.6,21.6,21.6,21.6, 81
02/20/2020,10:38,21.64,21.64,21.64,21.64, 287
02/20/2020,10:48,21.66,21.66,21.66,21.66, 91
02/20/2020,10:50,21.66,21.66,21.66,21.66, 115
02/20/2020,11:04,21.66,21.68,21.66,21.68, 523
02/20/2020,11:09,21.68,21.68,21.68,21.68, 159
02/20/2020,11:10,21.66,21.66,21.64,21.64, 855
02/20/2020,11:27,21.6,21.62,21.6,21.62, 55
02/20/2020,11:35,21.62,21.62,21.58,21.58, 930
02/20/2020,11:37,21.6,21.6,21.6,21.6, 58
02/20/2020,11:43,21.56,21.6,21.56,21.58, 460
02/20/2020,11:50,21.56,21.56,21.54,21.54, 158
02/20/2020,11:54,21.54,21.54,21.54,21.54, 245
02/20/2020,11:54,21.5,21.5,21.5,21.5, 555
02/20/2020,12:09,21.52,21.54,21.5,21.5, 1652
02/20/2020,12:15,21.5,21.5,21.5,21.5, 70
02/20/2020,12:16,21.5,21.5,21.5,21.5, 70
02/20/2020,12:18,21.5,21.5,21.5,21.5, 64
02/20/2020,12:21,21.5,21.5,21.5,21.5, 102
02/20/2020,12:40,21.52,21.52,21.52,21.52, 54
02/20/2020,12:42,21.52,21.52,21.52,21.52, 17
02/20/2020,12:45,21.52,21.52,21.52,21.52, 322
02/20/2020,12:47,21.5,21.5,21.5,21.5, 72
02/20/2020,12:59,21.46,21.46,21.46,21.46, 113
02/20/2020,13:00,21.44,21.44,21.44,21.44, 114
02/20/2020,13:03,21.4,21.4,21.4,21.4, 41
02/20/2020,13:06,21.48,21.48,21.48,21.48, 42
02/20/2020,13:29,21.48,21.48,21.48,21.48, 226
02/20/2020,13:33,21.46,21.46,21.42,21.42, 1033
02/20/2020,13:44,21.42,21.42,21.42,21.42, 205
02/20/2020,13:55,21.42,21.42,21.42,21.42, 18
02/20/2020,13:58,21.42,21.42,21.42,21.42, 19
02/20/2020,14:03,21.4,21.4,21.4,21.4, 126
02/20/2020,14:20,21.42,21.42,21.42,21.42, 150
02/20/2020,14:22,21.44,21.44,21.44,21.44, 276
02/20/2020,14:25,21.44,21.44,21.44,21.44, 426
02/20/2020,14:27,21.44,21.44,21.44,21.44, 27
02/20/2020,14:27,21.42,21.42,21.42,21.42, 42
02/20/2020,14:30,21.42,21.42,21.36,21.38, 1728
02/20/2020,14:32,21.36,21.36,21.36,21.36, 254
02/20/2020,14:33,21.4,21.4,21.4,21.4, 150
02/20/2020,14:41,21.424,21.424,21.424,21.424, 100
02/20/2020,14:46,21.4,21.4,21.38,21.38, 195
02/20/2020,14:52,21.36,21.36,21.36,21.36, 137
02/20/2020,14:59,21.38,21.38,21.36,21.36, 613
02/20/2020,15:01,21.36,21.36,21.32,21.32, 399
02/20/2020,15:12,21.38,21.4,21.24,21.4, 3265
02/20/2020,15:20,21.42,21.42,21.42,21.42, 321
02/20/2020,15:20,21.44,21.44,21.44,21.44, 2
02/20/2020,15:22,21.44,21.44,21.44,21.44, 195
02/20/2020,15:25,21.46,21.46,21.46,21.46, 226
02/20/2020,15:28,21.46,21.46,21.46,21.46, 5
02/20/2020,15:31,21.48,21.48,21.48,21.48, 321
02/20/2020,15:36,21.46,21.46,21.46,21.46, 337
02/20/2020,15:38,21.46,21.46,21.46,21.46, 82
02/20/2020,15:40,21.448,21.448,21.448,21.448, 117
02/20/2020,15:50,21.46,21.46,21.46,21.46, 584
02/20/2020,16:01,21.46,21.46,21.46,21.46, 315
02/20/2020,16:05,21.46,21.46,21.46,21.46, 264
02/20/2020,16:07,21.48,21.52,21.48,21.52, 1963
02/20/2020,16:08,21.52,21.52,21.52,21.52, 143
02/20/2020,16:10,21.52,21.52,21.52,21.52, 388
02/20/2020,16:14,21.52,21.52,21.52,21.52, 144
02/20/2020,16:15,21.5,21.5,21.5,21.5, 362
02/20/2020,16:21,21.5,21.5,21.5,21.5, 510
02/20/2020,16:26,21.5,21.5,21.4919,21.4919, 814
02/20/2020,16:36,21.5,21.5,21.5,21.5, 353
02/20/2020,16:37,21.52,21.54,21.52,21.54, 756
02/20/2020,16:43,21.56,21.56,21.56,21.56, 17
02/20/2020,16:48,21.52,21.52,21.52,21.52, 773
02/20/2020,16:49,21.52,21.54,21.52,21.54, 758
02/20/2020,17:02,21.52,21.52,21.5,21.5, 371
02/20/2020,17:05,21.48,21.48,21.48,21.48, 17
02/20/2020,17:07,21.5,21.5,21.5,21.5, 587
02/20/2020,17:11,21.5,21.5,21.5,21.5, 152
02/20/2020,17:13,21.5,21.5,21.5,21.5, 107
02/20/2020,17:15,21.48,21.48,21.46,21.46, 837
02/20/2020,17:20,21.46,21.46,21.46,21.46, 291
02/20/2020,17:24,21.46,21.46,21.46,21.46, 442
02/20/2020,17:27,21.46,21.48,21.38,21.42, 1832
02/20/2020,17:29,21.42,21.42,21.42,21.42, 141
02/20/2020,17:30,21.42,21.44,21.42,21.44, 98
02/20/2020,17:30,21.44,21.44,21.42,21.42, 284
02/20/2020,17:36,21.4,21.4,21.4,21.4, 17030
02/21/2020,09:22,21.56,21.58,21.56,21.58, 103
02/21/2020,09:30,21.56,21.56,21.42,21.42, 883
02/21/2020,09:30,21.42,21.42,21.4,21.4, 101
02/21/2020,09:31,21.3801,21.3801,21.3801,21.3801, 24
02/21/2020,09:33,21.38,21.38,21.38,21.38, 24
02/21/2020,09:34,21.42,21.42,21.4,21.4, 394
02/21/2020,09:35,21.46,21.46,21.46,21.46, 222
02/21/2020,09:36,21.46,21.46,21.46,21.46, 62
02/21/2020,09:41,21.44,21.48,21.44,21.48, 407
02/21/2020,09:55,21.46,21.46,21.46,21.46, 76
02/21/2020,09:57,21.48,21.48,21.48,21.48, 12
02/21/2020,10:01,21.5,21.5,21.5,21.5, 304
02/21/2020,10:02,21.5,21.51,21.5,21.51, 7
02/21/2020,10:08,21.5,21.5,21.44,21.46, 930
02/21/2020,10:10,21.46,21.46,21.46,21.46, 184
02/21/2020,10:16,21.42,21.42,21.36,21.36, 575
02/21/2020,10:16,21.44,21.44,21.4,21.44, 282
02/21/2020,10:31,21.46,21.46,21.46,21.46, 145
02/21/2020,10:50,21.44,21.48,21.44,21.44, 993
02/21/2020,10:59,21.5,21.5,21.5,21.5, 1200
02/21/2020,11:11,21.48,21.48,21.48,21.48, 26
02/21/2020,11:12,21.5,21.52,21.5,21.52, 442
02/21/2020,11:17,21.56,21.56,21.56,21.56, 165
02/21/2020,11:19,21.58,21.58,21.58,21.58, 141
02/21/2020,11:21,21.6,21.6,21.6,21.6, 45
02/21/2020,11:24,21.6,21.62,21.6,21.62, 184
02/21/2020,11:45,21.6,21.6,21.6,21.6, 57
02/21/2020,11:47,21.58,21.58,21.58,21.58, 12
02/21/2020,11:49,21.58,21.6,21.58,21.6, 161
02/21/2020,11:51,21.6,21.6,21.6,21.6, 413
02/21/2020,11:51,21.6,21.6,21.6,21.6, 146
02/21/2020,12:14,21.6,21.6,21.6,21.6, 1
02/21/2020,12:15,21.62,21.64,21.62,21.64, 382
02/21/2020,12:23,21.6,21.6,21.6,21.6, 118
02/21/2020,12:34,21.62,21.62,21.62,21.62, 97
02/21/2020,12:36,21.62,21.62,21.6,21.6, 398
02/21/2020,12:37,21.56,21.56,21.56,21.56, 52
02/21/2020,12:50,21.54,21.54,21.54,21.54, 32
02/21/2020,12:58,21.5,21.52,21.5,21.52, 74
02/21/2020,13:03,21.52,21.54,21.48,21.54, 450
02/21/2020,13:21,21.56,21.56,21.56,21.56, 1
02/21/2020,13:22,21.58,21.6,21.58,21.6, 56
02/21/2020,14:05,21.6,21.6,21.6,21.6, 112
02/21/2020,14:24,21.62,21.62,21.62,21.62, 109
02/21/2020,14:34,21.62,21.62,21.62,21.62, 33
02/21/2020,14:54,21.58,21.58,21.54,21.54, 685
02/21/2020,15:00,21.52,21.52,21.52,21.52, 47
02/21/2020,15:01,21.54,21.54,21.54,21.54, 118
02/21/2020,15:03,21.54,21.54,21.54,21.54, 91
02/21/2020,15:04,21.54,21.54,21.54,21.54, 177
02/21/2020,15:15,21.52,21.52,21.52,21.52, 177
02/21/2020,15:16,21.52,21.54,21.5,21.54, 370
02/21/2020,15:21,21.54,21.54,21.54,21.54, 194
02/21/2020,15:24,21.58,21.58,21.58,21.58, 355
02/21/2020,15:29,21.56,21.56,21.56,21.56, 139
02/21/2020,15:32,21.56,21.58,21.56,21.58, 265
02/21/2020,15:41,21.54,21.54,21.54,21.54, 360
02/21/2020,15:42,21.5,21.5,21.5,21.5, 100
02/21/2020,15:43,21.5,21.52,21.5,21.52, 173
02/21/2020,15:45,21.54,21.54,21.54,21.54, 68
02/21/2020,15:49,21.5,21.5,21.5,21.5, 36
02/21/2020,15:50,21.46,21.46,21.46,21.46, 144
02/21/2020,15:50,21.44,21.44,21.44,21.44, 42
02/21/2020,15:51,21.46,21.48,21.46,21.48, 158
02/21/2020,15:57,21.48,21.48,21.48,21.48, 64
02/21/2020,16:01,21.48,21.48,21.46,21.46, 130
02/21/2020,16:03,21.5,21.5,21.5,21.5, 218
02/21/2020,16:10,21.5,21.5,21.5,21.5, 45
02/21/2020,16:12,21.5,21.5,21.5,21.5, 284
02/21/2020,16:22,21.5,21.5,21.5,21.5, 65
02/21/2020,16:23,21.48,21.48,21.46,21.46, 123
02/21/2020,16:25,21.48,21.48,21.48,21.48, 106
02/21/2020,16:26,21.48,21.48,21.48,21.48, 50
02/21/2020,16:28,21.48,21.48,21.48,21.48, 64
02/21/2020,16:32,21.46,21.46,21.46,21.46, 2
02/21/2020,16:36,21.46,21.46,21.46,21.46, 193
02/21/2020,16:38,21.44,21.44,21.44,21.44, 223
02/21/2020,16:41,21.42,21.44,21.42,21.42, 1916
02/21/2020,16:47,21.4,21.4,21.4,21.4, 1
02/21/2020,16:49,21.42,21.42,21.42,21.42, 285
02/21/2020,16:49,21.42,21.44,21.42,21.44, 208
02/21/2020,16:54,21.44,21.44,21.44,21.44, 180
02/21/2020,16:55,21.42,21.42,21.42,21.42, 233
02/21/2020,16:56,21.42,21.44,21.42,21.44, 154
02/21/2020,16:57,21.44,21.44,21.42,21.42, 284
02/21/2020,16:58,21.44,21.44,21.42,21.42, 244
02/21/2020,16:59,21.44,21.44,21.44,21.44, 65
02/21/2020,17:00,21.42,21.42,21.42,21.42, 259
02/21/2020,17:02,21.4,21.4,21.4,21.4, 191
02/21/2020,17:03,21.4,21.4,21.4,21.4, 142
02/21/2020,17:09,21.42,21.42,21.42,21.42, 50
02/21/2020,17:10,21.42,21.42,21.42,21.42, 125
02/21/2020,17:11,21.42,21.42,21.42,21.42, 62
02/21/2020,17:14,21.42,21.42,21.42,21.42, 76
02/21/2020,17:16,21.44,21.44,21.44,21.44, 11
02/21/2020,17:18,21.44,21.44,21.42,21.42, 328
02/21/2020,17:19,21.42,21.42,21.42,21.42, 563
02/21/2020,17:20,21.42,21.42,21.42,21.42, 24
02/21/2020,17:21,21.42,21.42,21.42,21.42, 112
02/21/2020,17:21,21.44,21.44,21.44,21.44, 62
02/21/2020,17:24,21.4,21.44,21.4,21.44, 300
02/21/2020,17:25,21.42,21.42,21.42,21.42, 84
02/21/2020,17:28,21.4,21.4,21.4,21.4, 465
02/21/2020,17:29,21.4,21.4,21.4,21.4, 157
02/21/2020,17:30,21.42,21.42,21.38,21.38, 178
02/21/2020,17:30,21.38,21.4,21.34,21.34, 645
02/21/2020,17:36,21.36,21.36,21.36,21.36, 33626
02/24/2020,09:01,21.2,21.2,21.2,21.2, 19
02/24/2020,09:05,21.18,21.2,21.14,21.14, 592
02/24/2020,09:14,21.14,21.14,21.14,21.14, 208
02/24/2020,09:23,21.1,21.1,21.1,21.1, 32
02/24/2020,09:41,21.036,21.036,21.036,21.036, 193
02/24/2020,09:43,21.02,21.02,20.98,20.98, 489
02/24/2020,09:44,21.04,21.06,20.8923,21.06, 3960
02/24/2020,09:45,21.085,21.085,21.085,21.085, 49
02/24/2020,09:46,21.1,21.12,21.1,21.1, 144
02/24/2020,09:47,21.0881,21.0881,21.0881,21.0881, 3
02/24/2020,09:48,21.08,21.08,21.06,21.06, 16
02/24/2020,09:52,21.12,21.12,21.12,21.12, 103
02/24/2020,09:53,21.1,21.1,21.1,21.1, 299
02/24/2020,09:57,21.0881,21.0881,21.0881,21.0881, 565
02/24/2020,10:01,21.08,21.08,21.06,21.06, 13
02/24/2020,10:02,21.04,21.04,21.04,21.04, 17
02/24/2020,10:04,21.02,21.02,21.02,21.02, 92
02/24/2020,10:09,20.96,20.96,20.96,20.96, 17
02/24/2020,10:26,20.92,20.92,20.92,20.92, 148
02/24/2020,10:27,20.9122,20.9122,20.9122,20.9122, 552
02/24/2020,10:31,20.88,20.88,20.88,20.88, 7
02/24/2020,10:33,20.888,20.888,20.88,20.88, 354
02/24/2020,10:40,20.888,20.888,20.888,20.888, 315
02/24/2020,10:44,20.86,20.9,20.86,20.9, 1170
02/24/2020,10:45,20.92,20.94,20.9,20.9, 1260
02/24/2020,10:52,20.888,20.888,20.888,20.888, 300
02/24/2020,11:08,20.88,20.9,20.86,20.86, 257
02/24/2020,11:16,20.88,20.92,20.88,20.92, 364
02/24/2020,11:18,20.908,20.908,20.908,20.908, 161
02/24/2020,11:26,20.9,20.9,20.9,20.9, 110
02/24/2020,11:30,20.88,20.88,20.88,20.88, 461
02/24/2020,11:33,20.86,20.88,20.86,20.88, 221
02/24/2020,11:35,20.9,20.9,20.9,20.9, 567
02/24/2020,11:37,20.92,21.02,20.9,20.9, 14643
02/24/2020,11:38,20.9,20.9,20.9,20.9, 150
02/24/2020,11:39,20.9,20.92,20.9,20.92, 26
02/24/2020,11:49,20.92,20.92,20.92,20.92, 183
02/24/2020,11:56,20.8922,20.8922,20.8922,20.8922, 47
02/24/2020,12:07,20.892,20.892,20.892,20.892, 198
02/24/2020,12:10,20.88,20.88,20.88,20.88, 560
02/24/2020,12:16,20.86,20.86,20.86,20.86, 6
02/24/2020,12:24,20.7997,20.82,20.7997,20.82, 721
02/24/2020,12:26,20.8,20.82,20.8,20.82, 870
02/24/2020,12:37,20.86,20.88,20.86,20.88, 1094
02/24/2020,12:53,20.86,20.86,20.86,20.86, 50
02/24/2020,12:54,20.86,20.88,20.86,20.88, 577
02/24/2020,13:00,20.86,20.86,20.86,20.86, 160
02/24/2020,13:03,20.82,20.86,20.82,20.86, 156
02/24/2020,13:06,20.88,20.9,20.88,20.9, 265
02/24/2020,13:34,20.92,20.92,20.92,20.92, 8
02/24/2020,13:47,20.88,20.88,20.86,20.88, 649
02/24/2020,13:57,20.86,20.86,20.86,20.86, 41
02/24/2020,13:59,20.86,20.86,20.86,20.86, 31
02/24/2020,14:13,20.86,20.86,20.86,20.86, 260
02/24/2020,14:15,20.88,20.88,20.88,20.88, 331
02/24/2020,14:21,20.86,20.86,20.86,20.86, 70
02/24/2020,14:33,20.84,20.84,20.82,20.82, 426
02/24/2020,14:47,20.752,20.752,20.752,20.752, 71
02/24/2020,15:05,20.74,20.74,20.72,20.72, 164
02/24/2020,15:08,20.672,20.672,20.672,20.672, 25
02/24/2020,15:11,20.7,20.7,20.7,20.7, 30
02/24/2020,15:15,20.66,20.68,20.58,20.68, 1663
02/24/2020,15:16,20.7,20.72,20.7,20.72, 769
02/24/2020,15:17,20.72,20.72,20.72,20.72, 107
02/24/2020,15:20,20.72,20.72,20.72,20.72, 16
02/24/2020,15:25,20.72,20.72,20.7,20.7, 235
02/24/2020,15:33,20.72,20.72,20.72,20.72, 163
02/24/2020,15:41,20.752,20.752,20.752,20.752, 87
02/24/2020,15:50,20.8,20.8,20.8,20.8, 63
02/24/2020,15:53,20.8,20.8,20.8,20.8, 76
02/24/2020,16:14,20.82,20.82,20.82,20.82, 51
02/24/2020,16:16,20.82,20.84,20.82,20.84, 235
02/24/2020,16:20,20.84,20.84,20.84,20.84, 555
02/24/2020,16:21,20.84,20.84,20.84,20.84, 83
02/24/2020,16:23,20.86,20.86,20.86,20.86, 92
02/24/2020,16:25,20.86,20.86,20.86,20.86, 111
02/24/2020,16:26,20.86,20.86,20.86,20.86, 8
02/24/2020,16:29,20.86,20.86,20.86,20.86, 124
02/24/2020,16:30,20.82,20.82,20.82,20.82, 183
02/24/2020,16:31,20.86,20.88,20.86,20.88, 235
02/24/2020,16:32,20.88,20.88,20.86,20.86, 206
02/24/2020,16:32,20.86,20.86,20.86,20.86, 115
02/24/2020,16:34,20.88,20.88,20.86,20.86, 232
02/24/2020,16:41,20.8699,20.88,20.8699,20.88, 278
02/24/2020,16:42,20.88,20.88,20.88,20.88, 272
02/24/2020,16:46,20.88,20.88,20.88,20.88, 42
02/24/2020,16:47,20.86,20.86,20.86,20.86, 215
02/24/2020,16:48,20.88,20.88,20.88,20.88, 87
02/24/2020,16:51,20.9,20.9,20.9,20.9, 198
02/24/2020,16:55,20.92,20.92,20.92,20.92, 65
02/24/2020,17:03,20.92,20.92,20.92,20.92, 6
02/24/2020,17:04,20.92,20.92,20.92,20.92, 17
02/24/2020,17:05,20.8881,20.8881,20.86,20.86, 748
02/24/2020,17:06,20.88,20.88,20.88,20.88, 40
02/24/2020,17:08,20.9,20.92,20.9,20.92, 37
02/24/2020,17:17,20.9,20.92,20.9,20.92, 138
02/24/2020,17:19,20.9,20.9,20.9,20.9, 67
02/24/2020,17:24,20.88,20.88,20.88,20.88, 92
02/24/2020,17:25,20.9,20.9,20.9,20.9, 763
02/24/2020,17:26,20.9,20.9,20.88,20.88, 409
02/24/2020,17:27,20.9,20.9,20.9,20.9, 451
02/24/2020,17:28,20.9,20.9,20.9,20.9, 42
02/24/2020,17:30,20.9,20.92,20.9,20.92, 50
02/24/2020,17:30,20.92,20.92,20.92,20.92, 2
02/24/2020,17:36,20.9,20.9,20.9,20.9, 18228
02/25/2020,09:01,20.82,20.82,20.82,20.82, 1
02/25/2020,09:04,20.8611,20.8611,20.8611,20.8611, 19
02/25/2020,09:20,21.08,21.14,21,21, 176
02/25/2020,09:21,21,21.04,21,21.04, 93
02/25/2020,09:25,21.065,21.065,21.065,21.065, 50
02/25/2020,09:26,21.02,21.02,21.02,21.02, 55
02/25/2020,09:27,21.02,21.02,21.0049,21.0049, 571
02/25/2020,09:56,21,21,20.94,20.96, 726
02/25/2020,09:58,20.92,20.92,20.92,20.92, 101
02/25/2020,10:07,20.88,20.88,20.88,20.88, 109
02/25/2020,10:22,20.84,20.9,20.84,20.84, 730
02/25/2020,10:32,20.86,20.86,20.86,20.86, 133
02/25/2020,10:34,20.84,20.84,20.82,20.82, 682
02/25/2020,10:51,20.78,20.8,20.78,20.8, 387
02/25/2020,10:56,20.78,20.78,20.78,20.78, 35
02/25/2020,11:09,20.8,20.8,20.72,20.74, 627
02/25/2020,11:10,20.74,20.74,20.74,20.74, 64
02/25/2020,11:11,20.74,20.74,20.74,20.74, 147
02/25/2020,11:12,20.73,20.73,20.73,20.73, 20
02/25/2020,11:22,20.76,20.76,20.74,20.74, 799
02/25/2020,11:24,20.74,20.74,20.74,20.74, 52
02/25/2020,11:25,20.72,20.72,20.7,20.7, 360
02/25/2020,11:33,20.68,20.68,20.68,20.68, 241
02/25/2020,11:43,20.66,20.68,20.66,20.68, 86
02/25/2020,11:47,20.66,20.66,20.66,20.66, 63
02/25/2020,11:51,20.64,20.64,20.64,20.64, 1
02/25/2020,11:58,20.64,20.64,20.64,20.64, 214
02/25/2020,12:08,20.58,20.62,20.56,20.56, 735
02/25/2020,12:13,20.6,20.62,20.6,20.62, 814
02/25/2020,12:15,20.64,20.74,20.64,20.74, 1010
02/25/2020,12:16,20.7523,20.7523,20.7523,20.7523, 206
02/25/2020,12:20,20.74,20.74,20.74,20.74, 301
02/25/2020,12:22,20.74,20.74,20.74,20.74, 190
02/25/2020,12:23,20.74,20.74,20.74,20.74, 24
02/25/2020,12:24,20.76,20.76,20.72,20.72, 419
02/25/2020,12:34,20.7082,20.7082,20.7082,20.7082, 188
02/25/2020,12:36,20.74,20.76,20.74,20.76, 194
02/25/2020,12:43,20.78,20.78,20.78,20.78, 337
02/25/2020,12:56,20.78,20.78,20.78,20.78, 21
02/25/2020,12:58,20.78,20.78,20.76,20.76, 89
02/25/2020,13:00,20.76,20.76,20.76,20.76, 7
02/25/2020,13:03,20.72,20.72,20.72,20.72, 442
02/25/2020,13:07,20.8,20.82,20.8,20.82, 233
02/25/2020,13:27,20.84,20.84,20.84,20.84, 3
02/25/2020,13:36,20.82,20.82,20.82,20.82, 308
02/25/2020,13:40,20.82,20.84,20.82,20.84, 158
02/25/2020,13:54,20.8,20.8,20.8,20.8, 31
02/25/2020,14:00,20.78,20.78,20.78,20.78, 2
02/25/2020,14:08,20.82,20.82,20.82,20.82, 257
02/25/2020,14:19,20.8,20.8,20.8,20.8, 79
02/25/2020,14:21,20.76,20.76,20.74,20.74, 225
02/25/2020,14:30,20.72,20.72,20.72,20.72, 58
02/25/2020,14:31,20.7,20.7,20.7,20.7, 58
02/25/2020,14:33,20.68,20.68,20.68,20.68, 648
02/25/2020,14:41,20.66,20.66,20.66,20.66, 84
02/25/2020,14:45,20.72,20.72,20.72,20.72, 474
02/25/2020,14:46,20.7,20.7,20.7,20.7, 199
02/25/2020,14:48,20.68,20.68,20.68,20.68, 40
02/25/2020,14:50,20.7,20.7,20.6899,20.7, 151
02/25/2020,14:51,20.7,20.7,20.66,20.68, 1417
02/25/2020,14:52,20.68,20.68,20.68,20.68, 126
02/25/2020,14:53,20.66,20.66,20.64,20.64, 462
02/25/2020,14:56,20.6282,20.6282,20.6282,20.6282, 146
02/25/2020,15:00,20.66,20.66,20.66,20.66, 131
02/25/2020,15:02,20.66,20.66,20.66,20.66, 189
02/25/2020,15:17,20.66,20.66,20.66,20.66, 253
02/25/2020,15:20,20.66,20.66,20.66,20.66, 248
02/25/2020,15:41,20.62,20.632,20.608,20.608, 710
02/25/2020,15:43,20.6,20.6,20.6,20.6, 349
02/25/2020,15:44,20.62,20.62,20.62,20.62, 1
02/25/2020,15:46,20.64,20.64,20.6,20.6, 121
02/25/2020,15:47,20.54,20.54,20.54,20.54, 68
02/25/2020,15:48,20.56,20.56,20.56,20.56, 165
02/25/2020,15:50,20.56,20.56,20.56,20.56, 157
02/25/2020,15:54,20.4976,20.56,20.4976,20.54, 5157
02/25/2020,15:56,20.548,20.56,20.54,20.56, 889
02/25/2020,16:00,20.56,20.58,20.56,20.58, 648
02/25/2020,16:01,20.52,20.54,20.52,20.52, 650
02/25/2020,16:02,20.56,20.56,20.56,20.56, 101
02/25/2020,16:03,20.52,20.52,20.52,20.52, 98
02/25/2020,16:04,20.54,20.54,20.5,20.5, 183
02/25/2020,16:07,20.56,20.56,20.56,20.56, 185
02/25/2020,16:10,20.58,20.58,20.58,20.58, 170
02/25/2020,16:12,20.58,20.58,20.58,20.58, 196
02/25/2020,16:14,20.54,20.56,20.54,20.56, 1002
02/25/2020,16:15,20.56,20.56,20.56,20.56, 152
02/25/2020,16:16,20.58,20.58,20.58,20.58, 109
02/25/2020,16:18,20.56,20.56,20.56,20.56, 564
02/25/2020,16:24,20.58,20.58,20.58,20.58, 58
02/25/2020,16:27,20.54,20.54,20.54,20.54, 294
02/25/2020,16:28,20.52,20.52,20.52,20.52, 1239
02/25/2020,16:29,20.48,20.48,20.48,20.48, 583
02/25/2020,16:31,20.48,20.48,20.46,20.48, 603
02/25/2020,16:33,20.46,20.46,20.44,20.44, 387
02/25/2020,16:34,20.44,20.44,20.44,20.44, 129
02/25/2020,16:36,20.4,20.4,20.4,20.4, 55
02/25/2020,16:37,20.42,20.42,20.42,20.42, 129
02/25/2020,16:39,20.44,20.5,20.44,20.5, 947
02/25/2020,16:41,20.48,20.48,20.48,20.48, 7
02/25/2020,16:50,20.5,20.5,20.5,20.5, 166
02/25/2020,16:50,20.48,20.48,20.48,20.48, 148
02/25/2020,16:51,20.48,20.48,20.48,20.48, 97
02/25/2020,16:52,20.46,20.46,20.46,20.46, 352
02/25/2020,16:54,20.44,20.44,20.44,20.44, 567
02/25/2020,16:58,20.46,20.5,20.46,20.48, 522
02/25/2020,17:00,20.52,20.52,20.52,20.52, 213
02/25/2020,17:03,20.5,20.5,20.5,20.5, 73
02/25/2020,17:05,20.48,20.48,20.48,20.48, 144
02/25/2020,17:07,20.48,20.48,20.48,20.48, 156
02/25/2020,17:08,20.5,20.5,20.5,20.5, 5
02/25/2020,17:11,20.48,20.48,20.48,20.48, 566
02/25/2020,17:14,20.5,20.52,20.5,20.5, 1090
02/25/2020,17:15,20.52,20.52,20.52,20.52, 202
02/25/2020,17:16,20.5,20.5,20.5,20.5, 98
02/25/2020,17:17,20.5,20.5,20.5,20.5, 64
02/25/2020,17:19,20.5,20.5,20.5,20.5, 403
02/25/2020,17:21,20.5,20.5,20.5,20.5, 502
02/25/2020,17:22,20.48,20.48,20.48,20.48, 333
02/25/2020,17:23,20.4763,20.4763,20.4763,20.4763, 100
02/25/2020,17:25,20.46,20.46,20.46,20.46, 232
02/25/2020,17:26,20.46,20.46,20.46,20.46, 347
02/25/2020,17:28,20.4681,20.48,20.4681,20.48, 932
02/25/2020,17:30,20.484,20.52,20.484,20.5, 949
02/25/2020,17:36,20.48,20.48,20.48,20.48, 20629
02/26/2020,09:16,20.336,20.336,20.336,20.336, 200
02/26/2020,09:18,20.28,20.3,20.28,20.3, 563
02/26/2020,09:19,20.32,20.32,20.28,20.28, 209
02/26/2020,09:20,20.28,20.28,20.28,20.28, 823
02/26/2020,09:21,20.3085,20.3085,20.3085,20.3085, 103
02/26/2020,09:22,20.28,20.28,20.28,20.28, 151
02/26/2020,09:24,20.22,20.26,20.22,20.22, 220
02/26/2020,09:31,20.24,20.38,20.24,20.38, 969
02/26/2020,09:31,20.36,20.36,20.36,20.36, 32
02/26/2020,09:38,20.36,20.36,20.3,20.3, 354
02/26/2020,09:40,20.28,20.28,20.28,20.28, 399
02/26/2020,09:41,20.2,20.2,20.16,20.16, 251
02/26/2020,09:45,20.18,20.18,20.18,20.18, 60
02/26/2020,09:46,20.18,20.18,20.18,20.18, 50
02/26/2020,09:47,20.2,20.2,20.2,20.2, 15
02/26/2020,09:48,20.2,20.2,20.2,20.2, 66
02/26/2020,09:50,20.16,20.16,20.16,20.16, 86
02/26/2020,09:51,20.16,20.16,20.16,20.16, 574
02/26/2020,09:54,20.2,20.2,20.2,20.2, 273
02/26/2020,09:55,20.22,20.26,20.22,20.26, 232
02/26/2020,09:56,20.26,20.26,20.26,20.26, 93
02/26/2020,09:58,20.22,20.3,20.18,20.3, 2098
02/26/2020,09:59,20.28,20.28,20.26,20.26, 407
02/26/2020,09:59,20.22,20.22,20.22,20.22, 129
02/26/2020,10:02,20.18,20.18,20.18,20.18, 326
02/26/2020,10:03,20.18,20.18,20.18,20.18, 100
02/26/2020,10:05,20.16,20.16,20.16,20.16, 277
02/26/2020,10:06,20.12,20.12,20.12,20.12, 164
02/26/2020,10:09,20.12,20.12,20.12,20.12, 133
02/26/2020,10:10,20.1163,20.1163,20.1,20.1, 306
02/26/2020,10:11,20.1,20.1,20.1,20.1, 47
02/26/2020,10:13,20.08,20.08,20.08,20.08, 75
02/26/2020,10:14,20.08,20.08,20.02,20.08, 1925
02/26/2020,10:16,20.1,20.12,20.1,20.1, 683
02/26/2020,10:20,20.12,20.14,20.12,20.14, 479
02/26/2020,10:22,20.12,20.12,20.12,20.12, 157
02/26/2020,10:24,20.14,20.18,20.14,20.14, 1177
02/26/2020,10:25,20.18,20.18,20.18,20.18, 134
02/26/2020,10:28,20.2,20.22,20.2,20.22, 5
02/26/2020,10:31,20.22,20.24,20.22,20.24, 317
02/26/2020,10:34,20.26,20.26,20.26,20.26, 219
02/26/2020,10:38,20.28,20.34,20.28,20.34, 379
02/26/2020,10:39,20.32,20.32,20.32,20.32, 91
02/26/2020,10:40,20.34,20.34,20.34,20.34, 71
02/26/2020,10:41,20.36,20.36,20.36,20.36, 101
02/26/2020,10:43,20.36,20.36,20.36,20.36, 99
02/26/2020,10:47,20.36,20.38,20.36,20.38, 219
02/26/2020,10:49,20.36,20.36,20.36,20.36, 196
02/26/2020,10:50,20.36,20.36,20.36,20.36, 137
02/26/2020,10:51,20.36,20.36,20.34,20.34, 479
02/26/2020,10:52,20.34,20.38,20.34,20.38, 1698
02/26/2020,10:53,20.36,20.4,20.36,20.4, 712
02/26/2020,10:54,20.42,20.42,20.42,20.42, 135
02/26/2020,10:55,20.4,20.4,20.4,20.4, 421
02/26/2020,10:57,20.42,20.42,20.38,20.38, 894
02/26/2020,10:58,20.38,20.38,20.36,20.36, 1055
02/26/2020,10:59,20.38,20.38,20.38,20.38, 83
02/26/2020,10:50,20.36,20.36,20.36,20.36, 333
02/26/2020,10:52,20.36,20.38,20.34,20.38, 2177
02/26/2020,10:53,20.36,20.4,20.36,20.4, 712
02/26/2020,10:54,20.42,20.42,20.42,20.42, 135
02/26/2020,10:55,20.4,20.4,20.4,20.4, 421
02/26/2020,10:57,20.42,20.42,20.38,20.38, 894
02/26/2020,10:59,20.38,20.38,20.36,20.38, 1138
02/26/2020,11:01,20.4,20.4,20.4,20.4, 162
02/26/2020,11:07,20.42,20.48,20.42,20.44, 795
02/26/2020,11:09,20.44,20.44,20.44,20.44, 3
02/26/2020,11:13,20.46,20.46,20.42,20.42, 682
02/26/2020,11:14,20.42,20.42,20.42,20.42, 16
02/26/2020,11:18,20.44,20.44,20.44,20.44, 522
02/26/2020,11:22,20.46,20.46,20.46,20.46, 103
02/26/2020,11:32,20.46,20.46,20.46,20.46, 102
02/26/2020,11:34,20.46,20.46,20.46,20.46, 54
02/26/2020,11:38,20.4447,20.4447,20.4447,20.4447, 513
02/26/2020,11:43,20.42,20.42,20.42,20.42, 429
02/26/2020,11:47,20.4,20.4,20.38,20.38, 154
02/26/2020,11:49,20.36,20.36,20.36,20.36, 606
02/26/2020,11:51,20.34,20.34,20.34,20.34, 243
02/26/2020,11:55,20.3,20.3,20.26,20.26, 98
02/26/2020,12:00,20.26,20.2765,20.26,20.2765, 233
02/26/2020,12:11,20.2765,20.2765,20.276,20.276, 1135
02/26/2020,12:12,20.26,20.26,20.22,20.22, 396
02/26/2020,12:14,20.26,20.26,20.26,20.26, 136
02/26/2020,12:15,20.24,20.24,20.24,20.24, 150
02/26/2020,12:17,20.24,20.24,20.24,20.24, 280
02/26/2020,12:19,20.22,20.22,20.22,20.22, 271
02/26/2020,12:21,20.24,20.24,20.24,20.24, 149
02/26/2020,12:24,20.26,20.26,20.26,20.26, 181
02/26/2020,12:24,20.24,20.24,20.24,20.24, 162
02/26/2020,12:27,20.22,20.22,20.22,20.22, 92
02/26/2020,12:31,20.24,20.26,20.24,20.26, 1326
02/26/2020,12:33,20.24,20.24,20.24,20.24, 297
02/26/2020,12:38,20.28,20.3,20.28,20.3, 649
02/26/2020,12:42,20.3,20.3,20.3,20.3, 99
02/26/2020,12:44,20.3,20.3,20.3,20.3, 92
02/26/2020,12:46,20.28,20.28,20.28,20.28, 93
02/26/2020,12:50,20.28,20.28,20.28,20.28, 15
02/26/2020,12:52,20.28,20.3,20.28,20.3, 299
02/26/2020,12:53,20.28,20.28,20.28,20.28, 90
02/26/2020,13:03,20.34,20.34,20.26,20.26, 135
02/26/2020,13:12,20.24,20.24,20.24,20.24, 120
02/26/2020,13:13,20.24,20.24,20.24,20.24, 225
02/26/2020,13:14,20.22,20.22,20.22,20.22, 68
02/26/2020,13:20,20.22,20.22,20.22,20.22, 85
02/26/2020,13:21,20.18,20.18,20.18,20.18, 222
02/26/2020,13:23,20.22,20.22,20.22,20.22, 189
02/26/2020,13:39,20.16,20.16,20.16,20.16, 300
02/26/2020,13:46,20.16,20.16,20.16,20.16, 278
02/26/2020,13:48,20.16,20.16,20.16,20.16, 83
02/26/2020,14:08,20.18,20.18,20.18,20.18, 187
02/26/2020,14:11,20.16,20.16,20.16,20.16, 275
02/26/2020,14:15,20.18,20.18,20.18,20.18, 192
02/26/2020,14:20,20.18,20.2,20.18,20.2, 333
02/26/2020,14:21,20.2,20.2,20.2,20.2, 205
02/26/2020,14:23,20.2,20.2,20.2,20.2, 280
02/26/2020,14:27,20.22,20.22,20.22,20.22, 363
02/26/2020,14:30,20.24,20.24,20.24,20.24, 181
02/26/2020,14:33,20.24,20.24,20.24,20.24, 108
02/26/2020,14:33,20.26,20.26,20.26,20.26, 164
02/26/2020,14:35,20.28,20.32,20.28,20.3, 22409
02/26/2020,14:37,20.32,20.34,20.32,20.34, 216
02/26/2020,14:38,20.36,20.36,20.36,20.36, 2
02/26/2020,14:38,20.38,20.38,20.38,20.38, 57
02/26/2020,14:42,20.36,20.36,20.32,20.32, 642
02/26/2020,14:45,20.3,20.32,20.3,20.32, 918
02/26/2020,14:46,20.3,20.3,20.3,20.3, 150
02/26/2020,14:48,20.32,20.32,20.32,20.32, 107
02/26/2020,14:48,20.32,20.32,20.32,20.32, 110
02/26/2020,14:51,20.34,20.34,20.34,20.34, 194
02/26/2020,14:54,20.32,20.32,20.32,20.32, 184
02/26/2020,14:58,20.296,20.296,20.296,20.296, 247
02/26/2020,15:00,20.32,20.32,20.32,20.32, 104
02/26/2020,15:02,20.32,20.32,20.32,20.32, 170
02/26/2020,15:03,20.32,20.32,20.32,20.32, 114
02/26/2020,15:05,20.34,20.34,20.34,20.34, 115
02/26/2020,15:11,20.324,20.324,20.324,20.324, 20
02/26/2020,15:16,20.34,20.34,20.32,20.32, 364
02/26/2020,15:21,20.34,20.34,20.32,20.32, 413
02/26/2020,15:24,20.34,20.38,20.34,20.38, 859
02/26/2020,15:25,20.38,20.38,20.38,20.38, 54
02/26/2020,15:26,20.38,20.38,20.38,20.38, 1
02/26/2020,15:32,20.4,20.4,20.4,20.4, 273
02/26/2020,15:33,20.42,20.42,20.42,20.42, 281
02/26/2020,15:38,20.44,20.5,20.44,20.5, 720
02/26/2020,15:46,20.5,20.5,20.5,20.5, 168
02/26/2020,15:47,20.464,20.464,20.464,20.464, 50
02/26/2020,15:53,20.46,20.46,20.4,20.42, 1398
02/26/2020,15:54,20.4,20.42,20.36,20.4, 1186
02/26/2020,15:56,20.42,20.42,20.42,20.42, 123
02/26/2020,15:56,20.42,20.42,20.42,20.42, 135
02/26/2020,16:04,20.38,20.38,20.36,20.36, 71
02/26/2020,16:07,20.38,20.38,20.38,20.38, 126
02/26/2020,16:07,20.38,20.38,20.38,20.38, 157
02/26/2020,16:10,20.38,20.4,20.38,20.4, 598
02/26/2020,16:18,20.42,20.42,20.42,20.42, 377
02/26/2020,16:19,20.44,20.44,20.44,20.44, 129
02/26/2020,16:20,20.44,20.44,20.44,20.44, 109
02/26/2020,16:21,20.44,20.44,20.42,20.42, 345
02/26/2020,16:26,20.42,20.42,20.42,20.42, 879
02/26/2020,16:35,20.44,20.46,20.44,20.44, 1304
02/26/2020,16:39,20.46,20.48,20.46,20.48, 1404
02/26/2020,16:42,20.52,20.52,20.52,20.52, 164
02/26/2020,16:47,20.54,20.54,20.52,20.52, 345
02/26/2020,16:51,20.54,20.54,20.54,20.54, 40
02/26/2020,16:54,20.54,20.54,20.54,20.54, 1
02/26/2020,16:56,20.52,20.52,20.5,20.52, 406
02/26/2020,16:57,20.5,20.5,20.5,20.5, 328
02/26/2020,17:00,20.52,20.52,20.52,20.52, 203
02/26/2020,17:10,20.52,20.54,20.52,20.54, 1074
02/26/2020,17:15,20.52,20.56,20.52,20.56, 1723
02/26/2020,17:16,20.54,20.54,20.54,20.54, 275
02/26/2020,17:17,20.56,20.56,20.56,20.56, 156
02/26/2020,17:20,20.56,20.6,20.56,20.6, 1137
02/26/2020,17:23,20.62,20.62,20.6,20.6, 113
02/26/2020,17:24,20.6,20.6,20.6,20.6, 252
02/26/2020,17:28,20.62,20.62,20.62,20.62, 492
02/26/2020,17:30,20.62,20.66,20.6,20.66, 899
02/26/2020,17:36,20.6,20.6,20.6,20.6, 19484
02/28/2020,12:03,19.09,19.09,19.09,19.09, 292
02/28/2020,12:07,19.12,19.12,19.12,19.12, 169
02/28/2020,12:14,19.1049,19.1049,19.1049,19.1049, 120
02/28/2020,12:15,19.1,19.1,19.1,19.1, 282
02/28/2020,12:16,19.11,19.11,19.11,19.11, 99
02/28/2020,12:22,19.07,19.07,19.07,19.07, 35
02/28/2020,12:23,19.08,19.08,19.08,19.08, 228
02/28/2020,12:26,19.08,19.08,19.08,19.08, 138
02/28/2020,12:27,19.09,19.1,19.09,19.1, 361
02/28/2020,12:31,19.1,19.1,19.1,19.1, 96
02/28/2020,12:32,19.1,19.1,19.09,19.09, 61
02/28/2020,12:33,19.06,19.06,19.06,19.06, 20
02/28/2020,12:35,19.09,19.09,19.08,19.09, 336
02/28/2020,12:36,19.04,19.06,19.04,19.04, 708
02/28/2020,12:37,19.04,19.06,19.04,19.05, 599
02/28/2020,12:38,19.03,19.03,19.0148,19.0148, 207
02/28/2020,12:41,19.03,19.03,19.03,19.03, 77
02/28/2020,12:43,19.04,19.04,19.04,19.04, 358
02/28/2020,12:44,19.02,19.02,19,19, 501
02/28/2020,12:46,18.99,19,18.99,19, 149
02/28/2020,12:47,18.98,18.98,18.98,18.98, 226
02/28/2020,12:49,18.99,19.05,18.99,19.03, 1479
02/28/2020,12:50,19.05,19.05,19.05,19.05, 367
02/28/2020,12:51,19.05,19.08,19.05,19.08, 554
02/28/2020,12:52,19.05,19.05,19.05,19.05, 37
02/28/2020,12:53,19.07,19.11,19.07,19.11, 453
02/28/2020,12:54,19.11,19.13,19.11,19.13, 448
02/28/2020,13:00,19.13,19.13,19.13,19.13, 514
02/28/2020,13:03,19.06,19.1,19.06,19.08, 337
02/28/2020,13:08,19.15,19.15,19.15,19.15, 4
02/28/2020,13:10,19.13,19.13,19.13,19.13, 70
02/28/2020,13:10,19.12,19.12,19.09,19.09, 125
02/28/2020,13:12,19.08,19.08,19.08,19.08, 610
02/28/2020,13:17,19.11,19.16,19.11,19.16, 434
02/28/2020,13:18,19.15,19.15,19.15,19.15, 85
02/28/2020,13:19,19.16,19.16,19.16,19.16, 24
02/28/2020,13:22,19.195,19.195,19.195,19.195, 1
02/28/2020,13:28,19.2,19.2,19.2,19.2, 72
02/28/2020,13:32,19.18,19.18,19.14,19.15, 1568
02/28/2020,13:33,19.15,19.15,19.14,19.15, 211
02/28/2020,13:34,19.12,19.12,19.12,19.12, 205
02/28/2020,13:41,19.15,19.15,19.14,19.14, 2414
02/28/2020,13:43,19.15,19.16,19.15,19.16, 602
02/28/2020,13:50,19.17,19.17,19.1,19.14, 9840
02/28/2020,13:51,19.17,19.18,19.17,19.18, 380
02/28/2020,13:56,19.14,19.14,19.14,19.14, 186
02/28/2020,13:58,19.137,19.137,19.137,19.137, 6564
02/28/2020,13:59,19.14,19.14,19.14,19.14, 38
02/28/2020,14:01,19.12,19.12,19.1,19.1, 1500
02/28/2020,14:02,19.13,19.13,19.13,19.13, 74
02/28/2020,14:04,19.15,19.15,19.14,19.14, 234
02/28/2020,14:13,19.16,19.16,19.15,19.16, 393
02/28/2020,14:14,19.16,19.2,19.16,19.2, 570
02/28/2020,14:16,19.25,19.25,19.25,19.25, 64
02/28/2020,14:17,19.1177,19.1177,19.1177,19.1177, 2410
02/28/2020,14:19,19.29,19.29,19.29,19.29, 382
02/28/2020,14:20,19.26,19.26,19.26,19.26, 183
02/28/2020,14:23,19.24,19.25,19.24,19.24, 264
02/28/2020,14:24,19.25,19.25,19.25,19.25, 89
02/28/2020,14:25,19.27,19.27,19.26,19.26, 877
02/28/2020,14:26,19.28,19.3,19.28,19.28, 707
02/28/2020,14:27,19.27,19.27,19.26,19.27, 301
02/28/2020,14:29,19.2852,19.2852,19.2852,19.2852, 25
02/28/2020,14:37,19.29,19.29,19.29,19.29, 38
02/28/2020,14:39,19.2581,19.2581,19.2581,19.2581, 130
02/28/2020,14:41,19.2874,19.294,19.2874,19.294, 692
02/28/2020,14:45,19.25,19.26,19.24,19.26, 416
02/28/2020,14:48,19.23,19.2773,19.23,19.2773, 2378
02/28/2020,14:51,19.21,19.21,19.21,19.21, 312
02/28/2020,14:52,19.22,19.23,19.22,19.23, 335
02/28/2020,14:57,19.244,19.244,19.244,19.244, 587
02/28/2020,14:59,19.19,19.19,19.19,19.19, 39
02/28/2020,15:00,19.2414,19.2414,19.2414,19.2414, 1530
02/28/2020,15:05,19.19,19.19,19.19,19.19, 38
02/28/2020,15:06,19.22,19.22,19.22,19.22, 76
02/28/2020,15:08,19.18,19.22,19.16,19.2085, 6362
02/28/2020,15:13,19.18,19.18,19.18,19.18, 46
02/28/2020,15:14,19.13,19.13,19.12,19.12, 88
02/28/2020,15:15,19.12,19.12,19.1,19.1, 716
02/28/2020,15:16,19.1,19.1,19.1,19.1, 289
02/28/2020,15:17,19.11,19.11,19.1,19.1, 167
02/28/2020,15:17,19.11,19.12,19.11,19.11, 619
02/28/2020,15:19,19.12,19.12,19.12,19.12, 35
02/28/2020,15:20,19.1,19.1,19.09,19.09, 490
02/28/2020,15:21,19.1,19.11,19.1,19.1, 829
02/28/2020,15:22,19.09,19.09,19.09,19.09, 36
02/28/2020,15:22,19.09,19.11,19.09,19.09, 962
02/28/2020,15:24,19.1,19.12,19.1,19.11, 1989
02/28/2020,15:25,19.13,19.13,19.11,19.11, 635
02/28/2020,15:27,19.11,19.11,19.11,19.11, 590
02/28/2020,15:28,19.12,19.12,19.12,19.12, 31
02/28/2020,15:29,19.12,19.12,19.12,19.12, 362
02/28/2020,15:31,19.11,19.11,19.11,19.11, 39
02/28/2020,15:31,19.14,19.14,19.14,19.14, 275
02/28/2020,15:33,19.15,19.15,19.15,19.15, 275
02/28/2020,15:34,19.16,19.16,19.16,19.16, 160
02/28/2020,15:34,19.15,19.15,19.14,19.14, 450
02/28/2020,15:35,19.15,19.16,19.15,19.16, 574
02/28/2020,15:36,19.16,19.16,19.16,19.16, 96
02/28/2020,15:37,19.17,19.17,19.17,19.17, 413
02/28/2020,15:37,19.18,19.18,19.18,19.18, 123
02/28/2020,15:38,19.17,19.19,19.17,19.18, 727
02/28/2020,15:39,19.16,19.16,19.16,19.16, 364
02/28/2020,15:41,19.16,19.17,19.16,19.17, 953
02/28/2020,15:41,19.16,19.16,19.16,19.16, 37
02/28/2020,15:43,19.16,19.16,19.16,19.16, 255
02/28/2020,15:45,19.14,19.15,19.14,19.15, 678
02/28/2020,15:45,19.12,19.12,19.11,19.11, 394
02/28/2020,15:47,19.07,19.1,19.07,19.1, 347
02/28/2020,15:47,19.11,19.11,19.11,19.11, 72
02/28/2020,15:48,19.11,19.11,19.11,19.11, 889
02/28/2020,15:48,19.1,19.11,19.1,19.11, 258
02/28/2020,15:51,19.1,19.12,19.1,19.1, 2134
02/28/2020,15:51,19.12,19.12,19.12,19.12, 59
02/28/2020,15:51,19.12,19.12,19.12,19.12, 100
02/28/2020,15:53,19.11,19.12,19.09,19.12, 560
02/28/2020,15:53,19.13,19.13,19.13,19.13, 486
02/28/2020,15:53,19.11,19.11,19.11,19.11, 150
02/28/2020,15:55,19.09,19.12,19.07,19.12, 1169
02/28/2020,15:56,19.07,19.11,19.07,19.11, 1277
02/28/2020,15:57,19.11,19.11,19.11,19.11, 522
02/28/2020,15:57,19.12,19.12,19.12,19.12, 47
02/28/2020,15:58,19.08,19.11,19.08,19.11, 160
02/28/2020,15:59,19.08,19.11,19.08,19.11, 606
02/28/2020,16:01,19.06,19.11,19.06,19.11, 969
02/28/2020,16:02,19.11,19.11,19.11,19.11, 462
02/28/2020,16:05,19.09,19.1,19.07,19.1, 1489
02/28/2020,16:06,19.11,19.12,19.11,19.12, 1146
02/28/2020,16:06,19.13,19.13,19.13,19.13, 150
02/28/2020,16:07,19.13,19.13,19.13,19.13, 151
02/28/2020,16:09,19.11,19.11,19.11,19.11, 123
02/28/2020,16:12,19.12,19.12,19.1,19.12, 261
02/28/2020,16:14,19.12,19.16,19.12,19.16, 1117
02/28/2020,16:14,19.13,19.15,19.09,19.15, 2294
02/28/2020,16:15,19.12,19.13,19.12,19.13, 351
02/28/2020,16:16,19.13,19.15,19.13,19.15, 804
02/28/2020,16:17,19.16,19.16,19.14,19.14, 298
02/28/2020,16:18,19.14,19.14,19.14,19.14, 150
02/28/2020,16:20,19.16,19.16,19.14,19.16, 266
02/28/2020,16:20,19.15,19.15,19.15,19.15, 51
02/28/2020,16:22,19.15,19.15,19.15,19.15, 297
02/28/2020,16:23,19.12,19.12,19.12,19.12, 423
02/28/2020,16:23,19.12,19.1481,19.12,19.1481, 4306
02/28/2020,16:24,19.13,19.13,19.1,19.12, 603
02/28/2020,16:25,19.12,19.12,19.1,19.12, 671
02/28/2020,16:25,19.13,19.13,19.13,19.13, 63
02/28/2020,16:26,19.15,19.15,19.15,19.15, 78
02/28/2020,16:27,19.16,19.17,19.1348,19.1348, 1651
02/28/2020,16:27,19.12,19.12,19.12,19.12, 233
02/28/2020,16:29,19.13,19.14,19.13,19.14, 440
02/28/2020,16:30,19.12,19.14,19.1,19.14, 1068
02/28/2020,16:32,19.14,19.14,19.14,19.14, 25
02/28/2020,16:34,19.16,19.16,19.15,19.15, 284
02/28/2020,16:36,19.16,19.18,19.16,19.18, 800
02/28/2020,16:36,19.19,19.19,19.16,19.16, 515
02/28/2020,16:38,19.2,19.2,19.19,19.19, 94
02/28/2020,16:40,19.18,19.18,19.18,19.18, 191
02/28/2020,16:40,19.18,19.18,19.18,19.18, 35
02/28/2020,16:41,19.2,19.2,19.2,19.2, 535
02/28/2020,16:43,19.18,19.2,19.18,19.18, 911
02/28/2020,16:45,19.2,19.22,19.2,19.2, 1098
02/28/2020,16:48,19.22,19.23,19.22,19.23, 513
02/28/2020,16:49,19.24,19.24,19.19,19.19, 1072
02/28/2020,16:50,19.2,19.2,19.2,19.2, 508
02/28/2020,16:51,19.2,19.22,19.2,19.22, 851
02/28/2020,16:51,19.22,19.22,19.22,19.22, 958
02/28/2020,16:53,19.23,19.23,19.22,19.22, 723
02/28/2020,16:54,19.23,19.24,19.23,19.24, 1552
02/28/2020,16:56,19.25,19.25,19.22,19.22, 1585
02/28/2020,16:57,19.24,19.27,19.22,19.27, 2600
02/28/2020,16:58,19.25,19.25,19.24,19.24, 467
02/28/2020,16:59,19.25,19.26,19.25,19.26, 690
02/28/2020,17:00,19.29,19.31,19.29,19.29, 511
02/28/2020,17:01,19.35,19.35,19.35,19.35, 1
02/28/2020,17:04,19.33,19.33,19.33,19.33, 227
02/28/2020,17:06,19.315,19.33,19.315,19.33, 130
02/28/2020,17:06,19.33,19.33,19.33,19.33, 155
02/28/2020,17:07,19.33,19.33,19.33,19.33, 150
02/28/2020,17:09,19.33,19.35,19.33,19.35, 486
02/28/2020,17:09,19.33,19.34,19.32,19.33, 856
02/28/2020,17:10,19.34,19.34,19.34,19.34, 49
02/28/2020,17:11,19.34,19.35,19.34,19.35, 156
02/28/2020,17:12,19.35,19.37,19.35,19.35, 423
02/28/2020,17:13,19.34,19.34,19.31,19.34, 2106
02/28/2020,17:14,19.36,19.36,19.345,19.36, 347
02/28/2020,17:15,19.37,19.37,19.36,19.37, 704
02/28/2020,17:16,19.42,19.42,19.42,19.42, 156
02/28/2020,17:17,19.43,19.43,19.43,19.43, 119
02/28/2020,17:19,19.42,19.44,19.4,19.44, 1011
02/28/2020,17:20,19.45,19.47,19.435,19.435, 535
02/28/2020,17:21,19.48,19.49,19.465,19.48, 434
02/28/2020,17:21,19.492,19.492,19.49,19.49, 1079
02/28/2020,17:23,19.47,19.47,19.45,19.45, 1336
02/28/2020,17:24,19.43,19.43,19.41,19.41, 890
02/28/2020,17:25,19.41,19.41,19.41,19.41, 981
02/28/2020,17:26,19.42,19.42,19.42,19.42, 145
02/28/2020,17:27,19.4,19.4,19.39,19.39, 642
02/28/2020,17:28,19.4,19.46,19.4,19.46, 1119
02/28/2020,17:29,19.48,19.48,19.48,19.48, 110
02/28/2020,17:30,19.48,19.49,19.47,19.48, 878
02/28/2020,17:30,19.45,19.45,19.45,19.45, 25
02/28/2020,17:36,19.45,19.45,19.45,19.45, 61013

