04/01/2020,09:01,18.76,18.76,18.76,18.76, 8
04/01/2020,09:10,18.62,18.62,18.62,18.62, 1
04/01/2020,09:10,18.62,18.62,18.62,18.62, 1
04/01/2020,09:13,18.62,18.66,18.62,18.66, 4
04/01/2020,09:16,18.74,18.76,18.74,18.76, 2
04/01/2020,09:22,18.6,18.6,18.6,18.6, 1
04/01/2020,09:25,18.56,18.6,18.56,18.6, 7
04/01/2020,09:27,18.76,19.1,18.76,19.1, 13
04/01/2020,09:48,18.5,18.5,18.5,18.5, 1
04/01/2020,09:54,18.48,18.5,18.48,18.5, 6
04/01/2020,09:55,18.66,18.66,18.66,18.66, 3
04/01/2020,09:57,18.66,18.66,18.66,18.66, 1
04/01/2020,09:59,18.66,18.66,18.66,18.66, 3
04/01/2020,10:10,18.82,18.82,18.82,18.82, 2
04/01/2020,10:18,18.94,18.94,18.94,18.94, 1
04/01/2020,10:21,18.82,18.82,18.78,18.82, 8
04/01/2020,10:35,18.78,18.78,18.78,18.78, 1
04/01/2020,10:51,18.82,18.82,18.82,18.82, 2
04/01/2020,10:57,18.62,18.62,18.62,18.62, 4
04/01/2020,11:00,18.68,18.68,18.68,18.68, 1
04/01/2020,11:08,18.68,18.68,18.68,18.68, 4
04/01/2020,11:14,18.7,18.7,18.7,18.7, 4
04/01/2020,11:16,18.7,18.7,18.7,18.7, 2
04/01/2020,11:17,18.72,18.72,18.72,18.72, 4
04/01/2020,11:22,18.74,18.74,18.74,18.74, 1
04/01/2020,11:34,18.94,18.94,18.94,18.94, 1
04/01/2020,11:39,18.74,18.74,18.68,18.68, 16
04/01/2020,11:41,18.74,18.74,18.74,18.74, 1
04/01/2020,11:45,18.74,18.74,18.74,18.74, 3
04/01/2020,11:50,18.7,18.7,18.66,18.68, 14
04/01/2020,12:18,18.74,18.74,18.74,18.74, 5
04/01/2020,12:32,18.84,18.84,18.84,18.84, 2
04/01/2020,12:33,18.84,18.84,18.84,18.84, 3
04/01/2020,12:35,18.84,18.84,18.84,18.84, 1
04/01/2020,12:38,18.88,18.88,18.88,18.88, 1
04/01/2020,12:43,18.94,18.94,18.9,18.9, 4
04/01/2020,12:45,18.94,18.94,18.94,18.94, 1
04/01/2020,12:47,18.94,18.94,18.94,18.94, 2
04/01/2020,12:48,18.9,18.9,18.9,18.9, 2
04/01/2020,12:51,18.9,18.9,18.9,18.9, 2
04/01/2020,12:59,18.9,18.9,18.9,18.9, 3
04/01/2020,13:07,18.9,18.9,18.9,18.9, 1
04/01/2020,13:15,18.92,18.92,18.92,18.92, 1
04/01/2020,13:20,18.94,18.96,18.94,18.96, 3
04/01/2020,13:27,18.92,18.92,18.92,18.92, 1
04/01/2020,13:32,18.96,18.96,18.96,18.96, 1
04/01/2020,13:43,18.94,18.96,18.94,18.96, 3
04/01/2020,13:47,18.94,18.94,18.9,18.9, 6
04/01/2020,13:49,18.96,18.98,18.96,18.98, 3
04/01/2020,13:54,18.96,18.98,18.96,18.96, 4
04/01/2020,13:57,18.96,18.96,18.96,18.96, 1
04/01/2020,13:58,18.98,18.98,18.98,18.98, 3
04/01/2020,13:59,18.98,19,18.98,19, 2
04/01/2020,14:06,18.94,18.94,18.94,18.94, 1
04/01/2020,14:07,18.94,18.94,18.94,18.94, 1
04/01/2020,14:15,18.94,18.94,18.94,18.94, 2
04/01/2020,14:20,18.94,18.94,18.94,18.94, 6
04/01/2020,14:28,18.94,18.94,18.94,18.94, 4
04/01/2020,14:34,18.92,18.92,18.92,18.92, 6
04/01/2020,14:52,18.94,18.94,18.94,18.94, 4
04/01/2020,14:54,18.94,18.94,18.94,18.94, 2
04/01/2020,14:54,18.94,18.94,18.94,18.94, 1
04/01/2020,15:03,18.94,18.94,18.94,18.94, 3
04/01/2020,15:04,18.92,18.92,18.92,18.92, 2
04/01/2020,15:06,18.98,18.98,18.98,18.98, 2
04/01/2020,15:17,18.94,18.94,18.94,18.94, 2
04/01/2020,15:17,19,19,19,19, 1
04/01/2020,15:21,19,19,19,19, 1
04/01/2020,15:27,19,19,19,19, 1
04/01/2020,15:27,18.96,18.96,18.96,18.96, 3
04/01/2020,15:32,19,19,19,19, 2
04/01/2020,15:38,19,19,19,19, 11
04/01/2020,15:38,19,19,19,19, 1
04/01/2020,15:39,19,19,19,19, 5
04/01/2020,15:40,18.96,19,18.96,19, 4
04/01/2020,15:50,18.96,18.96,18.92,18.92, 8
04/01/2020,15:52,19,19,19,19, 10
04/01/2020,15:54,19,19,19,19, 1
04/01/2020,15:55,19,19,19,19, 3
04/01/2020,15:57,19,19,19,19, 10
04/01/2020,16:00,19,19,19,19, 2
04/01/2020,16:01,19,19,19,19, 1
04/01/2020,16:03,18.98,18.98,18.98,18.98, 4
04/01/2020,16:06,18.98,18.98,18.98,18.98, 3
04/01/2020,16:11,19,19,19,19, 3
04/01/2020,16:13,18.96,18.96,18.96,18.96, 2
04/01/2020,16:16,18.98,18.98,18.98,18.98, 1
04/01/2020,16:21,18.98,18.98,18.98,18.98, 1
04/01/2020,16:25,18.98,18.98,18.98,18.98, 1
04/01/2020,16:26,18.96,18.96,18.94,18.94, 9
04/01/2020,16:33,18.96,18.96,18.96,18.96, 1
04/01/2020,16:46,18.96,18.96,18.96,18.96, 5
04/01/2020,16:48,18.94,18.94,18.94,18.94, 1
04/01/2020,16:50,18.96,18.96,18.96,18.96, 1
04/01/2020,16:54,18.96,18.96,18.96,18.96, 5
04/01/2020,16:56,18.94,18.94,18.92,18.92, 2
04/01/2020,16:57,18.94,18.94,18.94,18.94, 1
04/01/2020,17:02,18.96,18.96,18.96,18.96, 1
04/01/2020,17:06,18.96,18.96,18.96,18.96, 1
04/01/2020,17:07,18.94,18.94,18.94,18.94, 3
04/01/2020,17:08,18.96,18.96,18.96,18.96, 2
04/01/2020,17:15,18.94,18.94,18.94,18.94, 1
04/01/2020,17:16,18.96,18.96,18.96,18.96, 11
04/01/2020,17:16,18.96,18.96,18.96,18.96, 1
04/01/2020,17:18,18.96,18.96,18.96,18.96, 2
04/01/2020,17:21,18.96,18.96,18.96,18.96, 1
04/01/2020,17:25,18.94,18.94,18.94,18.94, 4
04/01/2020,17:28,18.96,18.96,18.96,18.96, 3
04/01/2020,17:29,18.96,18.98,18.96,18.98, 7
04/01/2020,17:29,18.98,18.98,18.98,18.98, 2
04/01/2020,17:30,19,19,19,19, 3
04/01/2020,17:36,19,19,19,19, 60
04/02/2020,09:01,19,19,19,19, 18
04/02/2020,09:17,18.9,18.9,18.86,18.86, 4
04/02/2020,09:34,18.84,18.84,18.84,18.84, 2
04/02/2020,09:36,18.84,18.84,18.82,18.82, 2
04/02/2020,09:53,18.9,18.9,18.9,18.9, 3
04/02/2020,09:55,18.9,18.9,18.9,18.9, 1
04/02/2020,09:56,18.92,18.92,18.92,18.92, 1
04/02/2020,09:58,18.92,18.94,18.92,18.94, 3
04/02/2020,10:02,18.92,18.92,18.92,18.92, 1
04/02/2020,10:10,19,19,19,19, 1
04/02/2020,10:29,18.98,18.98,18.98,18.98, 1
04/02/2020,10:39,18.94,18.94,18.94,18.94, 1
04/02/2020,10:41,18.94,18.94,18.9,18.92, 8
04/02/2020,10:46,18.9,18.9,18.9,18.9, 3
04/02/2020,10:48,18.86,18.86,18.86,18.86, 1
04/02/2020,10:49,18.86,18.86,18.86,18.86, 1
04/02/2020,10:51,18.86,18.86,18.86,18.86, 1
04/02/2020,10:56,18.86,18.86,18.86,18.86, 1
04/02/2020,10:59,18.86,18.86,18.86,18.86, 2
04/02/2020,11:02,18.86,18.86,18.86,18.86, 1
04/02/2020,11:04,18.86,18.86,18.86,18.86, 1
04/02/2020,11:07,18.86,18.86,18.86,18.86, 1
04/02/2020,11:10,18.86,18.86,18.86,18.86, 1
04/02/2020,11:12,18.86,18.86,18.86,18.86, 1
04/02/2020,11:13,18.86,18.86,18.86,18.86, 1
04/02/2020,11:15,18.86,18.86,18.86,18.86, 1
04/02/2020,11:17,18.86,18.86,18.86,18.86, 1
04/02/2020,11:21,18.86,18.86,18.86,18.86, 3
04/02/2020,11:23,18.84,18.84,18.82,18.82, 3
04/02/2020,11:25,18.8,18.8,18.78,18.78, 3
04/02/2020,11:26,18.76,18.76,18.76,18.76, 1
04/02/2020,11:29,18.76,18.76,18.76,18.76, 1
04/02/2020,11:30,18.8,18.8,18.8,18.8, 1
04/02/2020,11:32,18.76,18.76,18.76,18.76, 1
04/02/2020,11:35,18.76,18.76,18.76,18.76, 4
04/02/2020,11:35,18.8,18.8,18.8,18.8, 1
04/02/2020,11:37,18.76,18.76,18.76,18.76, 1
04/02/2020,11:39,18.76,18.76,18.76,18.76, 1
04/02/2020,11:40,18.76,18.76,18.76,18.76, 1
04/02/2020,11:44,18.76,18.76,18.76,18.76, 1
04/02/2020,11:46,18.76,18.76,18.76,18.76, 1
04/02/2020,11:47,18.76,18.76,18.76,18.76, 1
04/02/2020,11:51,18.76,18.76,18.76,18.76, 1
04/02/2020,11:57,18.76,18.76,18.76,18.76, 1
04/02/2020,11:59,18.76,18.76,18.72,18.72, 3
04/02/2020,12:00,18.72,18.72,18.72,18.72, 1
04/02/2020,12:02,18.72,18.72,18.72,18.72, 1
04/02/2020,12:05,18.72,18.72,18.72,18.72, 1
04/02/2020,12:08,18.72,18.72,18.72,18.72, 1
04/02/2020,12:10,18.72,18.72,18.72,18.72, 1
04/02/2020,12:16,18.72,18.72,18.72,18.72, 1
04/02/2020,12:19,18.72,18.72,18.72,18.72, 1
04/02/2020,12:25,18.72,18.72,18.72,18.72, 1
04/02/2020,12:28,18.72,18.72,18.72,18.72, 1
04/02/2020,12:29,18.72,18.72,18.72,18.72, 3
04/02/2020,12:30,18.66,18.66,18.66,18.66, 2
04/02/2020,12:35,18.66,18.66,18.66,18.66, 2
04/02/2020,12:37,18.66,18.66,18.66,18.66, 1
04/02/2020,12:39,18.66,18.66,18.66,18.66, 1
04/02/2020,12:42,18.66,18.66,18.66,18.66, 1
04/02/2020,12:45,18.66,18.66,18.66,18.66, 1
04/02/2020,12:45,18.66,18.66,18.66,18.66, 1
04/02/2020,12:48,18.66,18.66,18.66,18.66, 1
04/02/2020,12:52,18.66,18.7,18.66,18.7, 4
04/02/2020,13:01,18.7,18.72,18.7,18.72, 3
04/02/2020,13:09,18.66,18.74,18.66,18.74, 2
04/02/2020,13:12,18.66,18.74,18.66,18.74, 3
04/02/2020,13:18,18.78,18.78,18.78,18.78, 1
04/02/2020,13:26,18.7,18.7,18.7,18.7, 1
04/02/2020,13:28,18.68,18.68,18.68,18.68, 1
04/02/2020,13:30,18.68,18.68,18.68,18.68, 1
04/02/2020,13:31,18.68,18.68,18.68,18.68, 1
04/02/2020,13:35,18.68,18.68,18.68,18.68, 1
04/02/2020,13:35,18.68,18.68,18.68,18.68, 1
04/02/2020,13:52,18.76,18.8,18.76,18.8, 9
04/02/2020,14:00,18.88,18.9,18.88,18.9, 2
04/02/2020,14:02,18.8,18.8,18.8,18.8, 4
04/02/2020,14:38,18.9,18.9,18.9,18.9, 5
04/02/2020,14:40,19,19,18.9,18.9, 4
04/02/2020,14:53,18.92,18.92,18.9,18.9, 7
04/02/2020,15:00,18.86,18.86,18.86,18.86, 2
04/02/2020,15:09,18.9,18.9,18.9,18.9, 2
04/02/2020,15:10,18.88,18.88,18.88,18.88, 1
04/02/2020,15:14,18.9,18.9,18.84,18.84, 4
04/02/2020,15:25,18.92,18.92,18.92,18.92, 1
04/02/2020,15:31,18.92,18.92,18.92,18.92, 2
04/02/2020,15:32,18.86,18.86,18.86,18.86, 7
04/02/2020,15:34,18.84,18.84,18.84,18.84, 3
04/02/2020,15:41,18.92,18.92,18.92,18.92, 1
04/02/2020,15:46,18.92,18.92,18.92,18.92, 1
04/02/2020,15:48,18.88,18.88,18.88,18.88, 2
04/02/2020,15:50,18.92,18.92,18.92,18.92, 5
04/02/2020,15:51,18.94,18.94,18.94,18.94, 2
04/02/2020,15:51,18.94,18.94,18.94,18.94, 1
04/02/2020,16:09,18.94,18.94,18.94,18.94, 4
04/02/2020,16:22,18.94,18.94,18.94,18.94, 1
04/02/2020,16:22,18.9,18.9,18.9,18.9, 3
04/02/2020,16:29,18.94,18.94,18.94,18.94, 1
04/02/2020,16:43,18.92,18.94,18.92,18.94, 5
04/02/2020,16:43,18.96,18.96,18.96,18.96, 4
04/02/2020,16:47,18.96,18.96,18.96,18.96, 1
04/02/2020,16:48,18.96,18.96,18.96,18.96, 1
04/02/2020,16:52,19,19,19,19, 2
04/02/2020,16:57,19,19,18.98,19, 10
04/02/2020,16:58,19,19,19,19, 1
04/02/2020,16:59,19,19,19,19, 3
04/02/2020,17:01,18.96,18.96,18.96,18.96, 4
04/02/2020,17:04,18.98,18.98,18.98,18.98, 3
04/02/2020,17:14,19,19,19,19, 2
04/02/2020,17:18,18.98,18.98,18.98,18.98, 1
04/02/2020,17:20,19,19,19,19, 1
04/02/2020,17:20,19,19,19,19, 4
04/02/2020,17:24,18.98,18.98,18.94,18.94, 10
04/02/2020,17:26,18.94,18.96,18.9,18.9, 3
04/02/2020,17:28,18.9,18.9,18.9,18.9, 1
04/02/2020,17:30,18.9,18.9,18.86,18.86, 11
04/02/2020,17:30,18.98,18.98,18.98,18.98, 1
04/02/2020,17:36,18.82,18.82,18.82,18.82, 40
04/03/2020,09:01,19,19,19,19, 12
04/03/2020,09:07,18.98,18.98,18.98,18.98, 1
04/03/2020,09:24,18.98,18.98,18.98,18.98, 2
04/03/2020,10:07,18.78,18.78,18.78,18.78, 4
04/03/2020,10:08,18.78,18.78,18.78,18.78, 2
04/03/2020,10:11,18.76,18.78,18.76,18.78, 6
04/03/2020,10:13,18.76,18.76,18.76,18.76, 1
04/03/2020,10:16,18.78,18.78,18.78,18.78, 2
04/03/2020,10:24,18.76,18.8,18.76,18.76, 19
04/03/2020,10:37,18.76,18.76,18.76,18.76, 1
04/03/2020,10:40,18.74,18.74,18.74,18.74, 1
04/03/2020,10:44,18.82,18.9,18.76,18.76, 14
04/03/2020,10:48,18.74,18.74,18.74,18.74, 2
04/03/2020,10:49,18.76,18.76,18.76,18.76, 5
04/03/2020,10:49,18.76,18.76,18.76,18.76, 2
04/03/2020,10:52,18.84,18.9,18.82,18.82, 6
04/03/2020,10:53,18.82,18.82,18.82,18.82, 1
04/03/2020,10:56,18.86,18.88,18.86,18.88, 2
04/03/2020,10:57,18.86,18.86,18.86,18.86, 1
04/03/2020,10:58,18.98,18.98,18.98,18.98, 1
04/03/2020,11:01,18.98,18.98,18.98,18.98, 4
04/03/2020,11:27,18.94,18.94,18.94,18.94, 1
04/03/2020,11:28,18.94,18.94,18.94,18.94, 1
04/03/2020,11:30,18.94,18.94,18.94,18.94, 4
04/03/2020,11:44,18.98,18.98,18.98,18.98, 1
04/03/2020,11:47,18.98,18.98,18.98,18.98, 1
04/03/2020,11:49,18.98,19,18.98,18.98, 4
04/03/2020,11:51,18.98,18.98,18.98,18.98, 1
04/03/2020,11:51,18.96,18.96,18.96,18.96, 1
04/03/2020,11:56,18.98,18.98,18.98,18.98, 4
04/03/2020,11:57,18.98,18.98,18.98,18.98, 4
04/03/2020,12:04,18.98,18.98,18.98,18.98, 1
04/03/2020,12:05,18.98,18.98,18.98,18.98, 2
04/03/2020,12:07,18.98,18.98,18.98,18.98, 2
04/03/2020,12:08,19,19,19,19, 6
04/03/2020,12:09,19,19,19,19, 1
04/03/2020,12:11,19,19,19,19, 5
04/03/2020,12:13,19,19,19,19, 1
04/03/2020,12:14,19,19,19,19, 1
04/03/2020,12:15,19,19,19,19, 1
04/03/2020,12:16,18.98,19,18.98,19, 2
04/03/2020,12:17,19,19,19,19, 1
04/03/2020,12:18,18.98,18.98,18.98,18.98, 1
04/03/2020,12:23,19,19,19,19, 1
04/03/2020,12:25,19,19,19,19, 2
04/03/2020,12:26,19,19,19,19, 1
04/03/2020,12:29,19,19,19,19, 4
04/03/2020,12:30,19,19,19,19, 1
04/03/2020,12:31,19,19,19,19, 2
04/03/2020,12:33,19,19,19,19, 1
04/03/2020,12:36,19,19,19,19, 3
04/03/2020,12:36,19,19,19,19, 1
04/03/2020,12:38,19,19,19,19, 1
04/03/2020,12:39,19,19,19,19, 1
04/03/2020,12:41,19,19,19,19, 1
04/03/2020,12:42,19,19,19,19, 1
04/03/2020,12:44,19,19,19,19, 3
04/03/2020,12:44,19,19,18.98,18.98, 3
04/03/2020,12:46,19,19,19,19, 2
04/03/2020,12:47,18.98,18.98,18.98,18.98, 1
04/03/2020,12:48,19,19,19,19, 1
04/03/2020,12:49,19,19,19,19, 1
04/03/2020,12:51,19,19,19,19, 1
04/03/2020,12:52,19,19,19,19, 1
04/03/2020,12:54,19,19,19,19, 1
04/03/2020,12:55,19,19,19,19, 1
04/03/2020,12:57,19,19,19,19, 1
04/03/2020,12:58,19,19,19,19, 1
04/03/2020,13:00,19,19,19,19, 3
04/03/2020,13:01,19,19,19,19, 1
04/03/2020,13:03,19,19,19,19, 1
04/03/2020,13:04,19,19,19,19, 1
04/03/2020,13:06,19,19,19,19, 6
04/03/2020,13:09,19,19,19,19, 1
04/03/2020,13:10,19,19,19,19, 1
04/03/2020,13:12,19,19,19,19, 1
04/03/2020,13:13,19,19,19,19, 1
04/03/2020,13:14,19,19,19,19, 1
04/03/2020,13:15,19,19,19,19, 1
04/03/2020,13:16,19,19,19,19, 1
04/03/2020,13:18,18.98,19,18.98,19, 2
04/03/2020,13:20,19,19,19,19, 1
04/03/2020,13:22,19,19,19,19, 1
04/03/2020,13:22,18.98,18.98,18.98,18.98, 1
04/03/2020,13:24,19,19,19,19, 1
04/03/2020,13:25,19,19,19,19, 1
04/03/2020,13:27,19,19,19,19, 1
04/03/2020,13:28,19,19,19,19, 1
04/03/2020,13:28,19,19,19,19, 1
04/03/2020,13:30,19,19,19,19, 1
04/03/2020,13:31,19,19,19,19, 4
04/03/2020,13:33,19,19,19,19, 1
04/03/2020,13:34,19,19,19,19, 1
04/03/2020,13:36,19,19,19,19, 1
04/03/2020,13:37,19,19,19,19, 1
04/03/2020,13:39,19,19,19,19, 3
04/03/2020,13:40,19,19,19,19, 1
04/03/2020,13:42,19,19,19,19, 1
04/03/2020,13:43,19,19,19,19, 1
04/03/2020,13:44,19,19,19,19, 1
04/03/2020,13:46,19,19,19,19, 1
04/03/2020,13:47,19,19,19,19, 1
04/03/2020,13:49,19,19,19,19, 1
04/03/2020,13:50,18.98,19,18.98,19, 2
04/03/2020,13:52,19,19,19,19, 1
04/03/2020,13:53,19,19,19,19, 1
04/03/2020,13:55,19,19,19,19, 2
04/03/2020,13:57,19,19,19,19, 1
04/03/2020,13:58,19,19,19,19, 1
04/03/2020,14:00,19,19,19,19, 1
04/03/2020,14:01,19,19,19,19, 1
04/03/2020,14:02,18.98,19,18.88,19, 14
04/03/2020,14:27,18.96,18.96,18.96,18.96, 1
04/03/2020,14:30,18.96,18.96,18.96,18.96, 3
04/03/2020,14:49,18.92,18.92,18.92,18.92, 2
04/03/2020,14:58,18.92,18.92,18.92,18.92, 1
04/03/2020,15:17,18.88,18.88,18.82,18.82, 6
04/03/2020,15:17,18.78,18.78,18.78,18.78, 1
04/03/2020,15:27,18.78,18.78,18.78,18.78, 1
04/03/2020,15:36,18.82,18.82,18.82,18.82, 4
04/03/2020,15:43,18.86,18.86,18.86,18.86, 1
04/03/2020,15:44,18.84,18.84,18.84,18.84, 2
04/03/2020,15:51,18.84,18.84,18.84,18.84, 2
04/03/2020,15:54,18.82,18.82,18.82,18.82, 2
04/03/2020,15:57,18.82,18.82,18.82,18.82, 8
04/03/2020,15:58,18.82,18.82,18.8,18.8, 5
04/03/2020,16:00,18.82,18.82,18.82,18.82, 2
04/03/2020,16:13,18.8,18.8,18.8,18.8, 1
04/03/2020,16:15,18.76,18.76,18.76,18.76, 2
04/03/2020,16:28,18.78,18.78,18.76,18.76, 15
04/03/2020,16:31,18.76,18.76,18.76,18.76, 14
04/03/2020,16:31,18.76,18.76,18.76,18.76, 3
04/03/2020,16:32,18.76,18.76,18.76,18.76, 1
04/03/2020,16:37,18.76,18.76,18.76,18.76, 1
04/03/2020,16:41,18.74,18.74,18.74,18.74, 1
04/03/2020,16:44,18.72,18.72,18.7,18.7, 8
04/03/2020,16:45,18.7,18.7,18.7,18.7, 4
04/03/2020,16:48,18.7,18.7,18.7,18.7, 3
04/03/2020,17:01,18.7,18.7,18.7,18.7, 1
04/03/2020,17:10,18.7,18.7,18.66,18.66, 6
04/03/2020,17:11,18.7,18.7,18.7,18.7, 1
04/03/2020,17:13,18.7,18.7,18.7,18.7, 1
04/03/2020,17:14,18.7,18.7,18.7,18.7, 1
04/03/2020,17:17,18.7,18.7,18.7,18.7, 2
04/03/2020,17:18,18.7,18.7,18.7,18.7, 2
04/03/2020,17:19,18.7,18.7,18.7,18.7, 1
04/03/2020,17:20,18.7,18.7,18.7,18.7, 1
04/03/2020,17:22,18.7,18.7,18.7,18.7, 2
04/03/2020,17:23,18.7,18.7,18.7,18.7, 1
04/03/2020,17:25,18.7,18.7,18.7,18.7, 1
04/03/2020,17:26,18.7,18.7,18.68,18.7, 9
04/03/2020,17:36,18.7,18.7,18.7,18.7, 28
04/06/2020,09:01,18.96,18.96,18.96,18.96, 12
04/06/2020,09:03,18.9,18.9,18.9,18.9, 1
04/06/2020,09:12,18.96,18.96,18.96,18.96, 2
04/06/2020,09:26,18.92,18.92,18.9,18.9, 6
04/06/2020,09:27,18.9,18.9,18.9,18.9, 9
04/06/2020,09:28,18.88,18.88,18.88,18.88, 1
04/06/2020,09:38,18.82,18.82,18.82,18.82, 1
04/06/2020,09:48,18.82,18.82,18.76,18.76, 5
04/06/2020,09:51,18.76,18.76,18.76,18.76, 1
04/06/2020,10:26,18.76,18.76,18.76,18.76, 3
04/06/2020,10:30,18.76,18.76,18.76,18.76, 4
04/06/2020,10:52,18.72,18.72,18.72,18.72, 3
04/06/2020,11:51,18.74,18.74,18.74,18.74, 7
04/06/2020,11:53,18.76,18.76,18.76,18.76, 2
04/06/2020,12:43,18.74,18.74,18.74,18.74, 5
04/06/2020,13:07,18.74,18.74,18.74,18.74, 4
04/06/2020,13:08,18.74,18.74,18.74,18.74, 5
04/06/2020,13:09,18.76,18.76,18.76,18.76, 1
04/06/2020,13:26,18.74,18.76,18.74,18.74, 9
04/06/2020,13:27,18.74,18.74,18.74,18.74, 6
04/06/2020,13:39,18.76,18.76,18.76,18.76, 1
04/06/2020,13:42,18.74,18.74,18.74,18.74, 1
04/06/2020,14:11,18.74,18.74,18.74,18.74, 7
04/06/2020,14:16,18.76,18.76,18.76,18.76, 2
04/06/2020,14:20,18.76,18.76,18.76,18.76, 3
04/06/2020,14:43,18.74,18.76,18.74,18.74, 13
04/06/2020,14:43,18.74,18.74,18.74,18.74, 3
04/06/2020,14:57,18.76,18.76,18.76,18.76, 2
04/06/2020,15:09,18.76,18.76,18.76,18.76, 3
04/06/2020,15:21,18.74,18.74,18.74,18.74, 6
04/06/2020,15:24,18.76,18.76,18.76,18.76, 2
04/06/2020,15:34,18.74,18.74,18.74,18.74, 1
04/06/2020,15:41,18.76,18.76,18.76,18.76, 1
04/06/2020,15:45,18.74,18.74,18.74,18.74, 6
04/06/2020,15:57,18.74,18.74,18.74,18.74, 3
04/06/2020,15:57,18.74,18.74,18.74,18.74, 4
04/06/2020,15:59,18.74,18.74,18.74,18.74, 1
04/06/2020,16:00,18.76,18.76,18.76,18.76, 1
04/06/2020,16:04,18.74,18.74,18.74,18.74, 2
04/06/2020,16:08,18.74,18.74,18.74,18.74, 6
04/06/2020,16:09,18.74,18.76,18.7,18.76, 10
04/06/2020,16:09,18.76,18.76,18.7,18.7, 4
04/06/2020,16:12,18.7,18.7,18.66,18.66, 10
04/06/2020,16:12,18.6,18.6,18.6,18.6, 1
04/06/2020,16:27,18.62,18.62,18.62,18.62, 4
04/06/2020,16:29,18.62,18.62,18.62,18.62, 2
04/06/2020,16:30,18.62,18.62,18.62,18.62, 1
04/06/2020,16:31,18.6,18.6,18.6,18.6, 1
04/06/2020,16:39,18.6,18.6,18.6,18.6, 4
04/06/2020,16:41,18.6,18.6,18.6,18.6, 2
04/06/2020,16:46,18.6,18.6,18.6,18.6, 9
04/06/2020,16:50,18.6,18.6,18.6,18.6, 3
04/06/2020,16:53,18.6,18.6,18.6,18.6, 3
04/06/2020,16:55,18.62,18.62,18.6,18.62, 5
04/06/2020,16:56,18.6,18.6,18.6,18.6, 1
04/06/2020,16:57,18.6,18.6,18.6,18.6, 3
04/06/2020,16:58,18.62,18.62,18.62,18.62, 1
04/06/2020,17:02,18.6,18.6,18.58,18.58, 7
04/06/2020,17:05,18.56,18.56,18.56,18.56, 2
04/06/2020,17:11,18.52,18.56,18.52,18.54, 9
04/06/2020,17:15,18.52,18.54,18.52,18.54, 5
04/06/2020,17:16,18.52,18.52,18.52,18.52, 6
04/06/2020,17:17,18.52,18.52,18.52,18.52, 1
04/06/2020,17:19,18.52,18.54,18.52,18.54, 2
04/06/2020,17:20,18.52,18.54,18.52,18.54, 7
04/06/2020,17:22,18.52,18.54,18.52,18.54, 4
04/06/2020,17:23,18.52,18.52,18.5,18.5, 6
04/06/2020,17:25,18.5,18.52,18.5,18.52, 8
04/06/2020,17:26,18.5,18.5,18.46,18.48, 17
04/06/2020,17:27,18.46,18.46,18.44,18.44, 3
04/06/2020,17:30,18.44,18.46,18.4,18.46, 11
04/06/2020,17:30,18.42,18.46,18.4,18.46, 11
04/06/2020,17:36,18.28,18.28,18.28,18.28, 62
04/07/2020,09:01,18.56,18.56,18.56,18.56, 13
04/07/2020,09:02,18.56,18.56,18.56,18.56, 2
04/07/2020,09:25,18.64,18.64,18.64,18.64, 1
04/07/2020,09:35,18.52,18.52,18.5,18.5, 4
04/07/2020,09:48,18.52,18.52,18.5,18.5, 12
04/07/2020,09:57,18.5,18.5,18.5,18.5, 4
04/07/2020,10:12,18.46,18.48,18.46,18.48, 2
04/07/2020,10:18,18.48,18.48,18.48,18.48, 3
04/07/2020,10:23,18.48,18.48,18.48,18.48, 2
04/07/2020,10:24,18.5,18.52,18.5,18.52, 3
04/07/2020,10:57,18.48,18.48,18.44,18.44, 4
04/07/2020,11:32,18.4,18.4,18.38,18.38, 5
04/07/2020,11:36,18.4,18.4,18.4,18.4, 2
04/07/2020,11:41,18.46,18.46,18.46,18.46, 2
04/07/2020,11:49,18.4,18.4,18.28,18.3, 11
04/07/2020,11:49,18.3,18.3,18.3,18.3, 2
04/07/2020,11:55,18.32,18.32,18.32,18.32, 4
04/07/2020,12:01,18.4,18.4,18.4,18.4, 3
04/07/2020,12:05,18.3,18.3,18.3,18.3, 1
04/07/2020,12:18,18.4,18.42,18.32,18.32, 11
04/07/2020,12:35,18.34,18.34,18.34,18.34, 4
04/07/2020,12:43,18.32,18.32,18.32,18.32, 1
04/07/2020,12:45,18.34,18.34,18.34,18.34, 1
04/07/2020,12:57,18.3,18.3,18.3,18.3, 3
04/07/2020,13:05,18.2,18.2,18.04,18.08, 11
04/07/2020,13:08,18,18.08,17.96,18.08, 6
04/07/2020,13:09,18.08,18.14,18.08,18.14, 5
04/07/2020,13:10,18.2,18.2,18.2,18.2, 2
04/07/2020,13:13,18.22,18.22,18.22,18.22, 1
04/07/2020,13:20,18.28,18.28,18.28,18.28, 2
04/07/2020,13:25,18.28,18.28,18.28,18.28, 3
04/07/2020,13:26,18.28,18.28,18.28,18.28, 2
04/07/2020,13:27,18.28,18.28,18.26,18.26, 6
04/07/2020,13:27,18.22,18.22,18.2,18.2, 2
04/07/2020,13:32,18.22,18.22,18.22,18.22, 4
04/07/2020,13:37,18.22,18.22,18.22,18.22, 1
04/07/2020,13:38,18.2,18.22,18.2,18.22, 2
04/07/2020,13:43,18.2,18.2,18.2,18.2, 3
04/07/2020,13:46,18.28,18.28,18.28,18.28, 1
04/07/2020,13:49,18.28,18.28,18.28,18.28, 1
04/07/2020,14:04,18.28,18.28,18.28,18.28, 2
04/07/2020,14:11,18.24,18.28,18.22,18.28, 5
04/07/2020,14:22,18.22,18.22,18.22,18.22, 3
04/07/2020,14:42,18.22,18.28,18.22,18.28, 12
04/07/2020,15:22,18.26,18.26,18.26,18.26, 7
04/07/2020,15:23,18.22,18.24,18.22,18.24, 6
04/07/2020,15:23,18.2,18.2,18.2,18.2, 4
04/07/2020,15:28,18.18,18.18,18.18,18.18, 1
04/07/2020,15:29,18.16,18.18,18.16,18.18, 4
04/07/2020,15:31,18.16,18.16,18.16,18.16, 1
04/07/2020,15:33,18.16,18.16,18.14,18.14, 7
04/07/2020,15:34,18.16,18.16,18.16,18.16, 1
04/07/2020,15:45,18.16,18.16,18.16,18.16, 3
04/07/2020,15:59,18.16,18.16,18.16,18.16, 3
04/07/2020,16:05,18.16,18.16,18.16,18.16, 3
04/07/2020,16:10,18.16,18.16,18.16,18.16, 2
04/07/2020,16:15,18.16,18.2,18.16,18.2, 7
04/07/2020,16:16,18.1,18.1,18.1,18.1, 6
04/07/2020,16:20,18.2,18.2,18.2,18.2, 3
04/07/2020,16:24,18.1,18.18,18.1,18.18, 15
04/07/2020,16:25,18.1,18.1,18.1,18.1, 7
04/07/2020,16:28,18.08,18.08,18.02,18.02, 12
04/07/2020,16:29,18.16,18.16,18.16,18.16, 1
04/07/2020,16:32,18.08,18.08,18.08,18.08, 1
04/07/2020,16:38,18.08,18.08,18.08,18.08, 3
04/07/2020,16:43,18.08,18.08,18.08,18.08, 3
04/07/2020,16:44,18.02,18.02,18.02,18.02, 2
04/07/2020,17:02,18.02,18.02,18,18, 8
04/07/2020,17:04,18,18,18,18, 6
04/07/2020,17:04,17.98,17.98,17.98,17.98, 2
04/07/2020,17:15,17.98,17.98,17.98,17.98, 3
04/07/2020,17:19,18,18,17.98,17.98, 11
04/07/2020,17:20,17.94,17.96,17.92,17.92, 4
04/07/2020,17:21,17.92,17.92,17.92,17.92, 1
04/07/2020,17:25,17.92,17.92,17.92,17.92, 6
04/07/2020,17:26,17.96,17.96,17.96,17.96, 1
04/07/2020,17:30,17.9,17.9,17.84,17.9, 4
04/07/2020,17:36,17.92,17.92,17.92,17.92, 44
04/08/2020,09:01,18.2,18.2,18.2,18.2, 11
04/08/2020,09:26,18.06,18.06,18.06,18.06, 1
04/08/2020,09:29,18,18,18,18, 1
04/08/2020,09:35,18.18,18.18,18.18,18.18, 3
04/08/2020,09:36,18.18,18.2,18.18,18.2, 2
04/08/2020,09:37,18.2,18.2,18.2,18.2, 1
04/08/2020,09:47,18.1,18.1,18.1,18.1, 1
04/08/2020,10:11,18.1,18.1,18.1,18.1, 2
04/08/2020,10:32,18.1,18.1,18.1,18.1, 1
04/08/2020,10:37,18.1,18.1,18.1,18.1, 1
04/08/2020,10:41,18.02,18.08,18.02,18.08, 6
04/08/2020,10:43,18.08,18.08,18.08,18.08, 1
04/08/2020,10:50,18.08,18.08,18.08,18.08, 1
04/08/2020,10:54,18,18,18,18, 4
04/08/2020,11:05,18,18,18,18, 4
04/08/2020,11:10,18.06,18.08,18.06,18.08, 2
04/08/2020,11:25,18.08,18.08,18.08,18.08, 2
04/08/2020,11:32,18.08,18.08,18.08,18.08, 4
04/08/2020,11:35,18.04,18.04,18.04,18.04, 3
04/08/2020,11:37,18.02,18.02,18.02,18.02, 9
04/08/2020,11:44,18.08,18.08,18.08,18.08, 3
04/08/2020,12:09,18.08,18.08,18.08,18.08, 1
04/08/2020,12:14,18.08,18.08,18.08,18.08, 2
04/08/2020,12:29,18.08,18.08,18.08,18.08, 7
04/08/2020,12:32,18.06,18.08,18.06,18.08, 3
04/08/2020,12:34,18.08,18.08,18.08,18.08, 2
04/08/2020,12:37,18.06,18.06,18.06,18.06, 6
04/08/2020,12:47,18.04,18.04,18.04,18.04, 3
04/08/2020,12:54,18.02,18.02,18.02,18.02, 1
04/08/2020,12:55,18.02,18.02,18.02,18.02, 1
04/08/2020,13:04,18.06,18.06,18.06,18.06, 3
04/08/2020,13:54,18,18,18,18, 13
04/08/2020,14:12,18.04,18.04,18.04,18.04, 6
04/08/2020,14:12,18.04,18.14,18.04,18.14, 15
04/08/2020,14:27,18.2,18.2,18.2,18.2, 2
04/08/2020,14:41,18.1,18.1,18.1,18.1, 2
04/08/2020,15:24,18.22,18.58,18.22,18.58, 6
04/08/2020,15:25,18.5,18.5,18.5,18.5, 2
04/08/2020,15:26,18.5,18.5,18.5,18.5, 1
04/08/2020,15:40,18.3,18.3,18.3,18.3, 1
04/08/2020,15:48,18.3,18.3,18.28,18.28, 6
04/08/2020,15:48,18.44,18.44,18.44,18.44, 1
04/08/2020,15:56,18.3,18.3,18.3,18.3, 4
04/08/2020,15:58,18.28,18.44,18.26,18.44, 5
04/08/2020,16:07,18.4,18.4,18.3,18.3, 4
04/08/2020,16:14,18.3,18.3,18.3,18.3, 6
04/08/2020,16:48,18.3,18.3,18.3,18.3, 4
04/08/2020,16:59,18.38,18.38,18.38,18.38, 2
04/08/2020,17:12,18.3,18.3,18.3,18.3, 2
04/08/2020,17:12,18.3,18.3,18.3,18.3, 3
04/08/2020,17:18,18.3,18.3,18.3,18.3, 1
04/08/2020,17:21,18.32,18.34,18.32,18.34, 4
04/08/2020,17:23,18.3,18.34,18.3,18.34, 10
04/08/2020,17:26,18.32,18.32,18.32,18.32, 2
04/08/2020,17:28,18.38,18.38,18.34,18.34, 5
04/08/2020,17:29,18.34,18.34,18.34,18.34, 3
04/08/2020,17:30,18.34,18.34,18.28,18.34, 8
04/08/2020,17:36,18.12,18.12,18.12,18.12, 78
04/09/2020,09:01,18.64,18.64,18.62,18.62, 20
04/09/2020,09:01,18.62,18.62,18.6,18.6, 3
04/09/2020,09:02,18.6,18.64,18.6,18.64, 4
04/09/2020,09:08,18.74,18.74,18.74,18.74, 6
04/09/2020,09:08,18.74,18.74,18.72,18.72, 4
04/09/2020,09:09,18.36,18.36,18.36,18.36, 1
04/09/2020,09:13,18.44,18.44,18.44,18.44, 1
04/09/2020,09:18,18.7,18.7,18.7,18.7, 2
04/09/2020,09:24,18.7,18.78,18.7,18.7, 6
04/09/2020,09:32,18.7,18.72,18.7,18.72, 2
04/09/2020,09:36,18.78,18.78,18.78,18.78, 5
04/09/2020,09:37,18.7,18.7,18.7,18.7, 5
04/09/2020,09:58,18.56,18.56,18.56,18.56, 2
04/09/2020,10:16,18.6,18.6,18.6,18.6, 1
04/09/2020,10:22,18.58,18.58,18.58,18.58, 6
04/09/2020,10:42,18.56,18.56,18.56,18.56, 1
04/09/2020,10:43,18.56,18.56,18.56,18.56, 1
04/09/2020,10:59,18.62,18.62,18.56,18.56, 2
04/09/2020,11:17,18.62,18.62,18.62,18.62, 2
04/09/2020,11:23,18.58,18.58,18.58,18.58, 3
04/09/2020,11:32,18.7,18.7,18.7,18.7, 1
04/09/2020,11:36,18.7,18.7,18.7,18.7, 3
04/09/2020,11:42,18.76,18.82,18.7,18.7, 7
04/09/2020,11:47,18.82,18.82,18.7,18.7, 4
04/09/2020,11:47,18.7,18.86,18.7,18.86, 4
04/09/2020,11:49,18.86,18.86,18.8,18.8, 4
04/09/2020,11:51,18.7,18.96,18.64,18.64, 8
04/09/2020,11:57,18.9,18.96,18.7,18.7, 7
04/09/2020,12:00,18.7,18.96,18.7,18.7, 5
04/09/2020,12:00,18.7,18.94,18.7,18.94, 3
04/09/2020,12:01,18.94,18.94,18.94,18.94, 1
04/09/2020,12:03,18.96,18.96,18.7,18.7, 3
04/09/2020,12:08,18.62,18.62,18.62,18.62, 1
04/09/2020,12:16,18.7,18.7,18.7,18.7, 1
04/09/2020,12:34,18.7,18.7,18.7,18.7, 2
04/09/2020,12:46,18.7,18.7,18.68,18.7, 10
04/09/2020,13:03,18.7,18.76,18.7,18.76, 2
04/09/2020,13:07,18.64,18.64,18.64,18.64, 1
04/09/2020,13:10,18.76,18.76,18.76,18.76, 2
04/09/2020,13:14,18.7,18.7,18.7,18.7, 2
04/09/2020,13:31,18.58,18.58,18.58,18.58, 2
04/09/2020,13:45,18.58,18.7,18.5,18.5, 12
04/09/2020,13:54,18.5,18.5,18.5,18.5, 1
04/09/2020,14:15,18.64,18.64,18.64,18.64, 1
04/09/2020,14:21,18.64,18.64,18.64,18.64, 1
04/09/2020,14:48,18.5,18.5,18.5,18.5, 1
04/09/2020,14:50,18.5,18.5,18.5,18.5, 1
04/09/2020,14:55,18.64,18.64,18.64,18.64, 4
04/09/2020,15:50,18.68,18.68,18.68,18.68, 2
04/09/2020,15:53,18.64,18.64,18.64,18.64, 2
04/09/2020,16:16,18.64,18.64,18.64,18.64, 2
04/09/2020,16:18,18.68,18.7,18.56,18.56, 5
04/09/2020,16:22,18.56,18.56,18.56,18.56, 1
04/09/2020,16:38,18.58,18.58,18.58,18.58, 5
04/09/2020,16:58,18.56,18.56,18.56,18.56, 1
04/09/2020,17:04,18.56,18.56,18.56,18.56, 1
04/09/2020,17:17,18.56,18.56,18.38,18.38, 10
04/09/2020,17:19,18.5,18.5,18.5,18.5, 1
04/09/2020,17:30,18.44,18.44,18.44,18.44, 9
04/09/2020,17:36,18.34,18.34,18.34,18.34, 63
04/14/2020,09:01,18.64,18.64,18.64,18.64, 15
04/14/2020,09:01,18.64,18.64,18.64,18.64, 1
04/14/2020,09:02,18.62,18.62,18.62,18.62, 1
04/14/2020,09:04,18.56,18.56,18.56,18.56, 2
04/14/2020,09:06,18.52,18.52,18.52,18.52, 1
04/14/2020,09:20,18.64,18.64,18.64,18.64, 7
04/14/2020,09:41,18.64,18.64,18.64,18.64, 1
04/14/2020,10:02,18.58,18.58,18.58,18.58, 1
04/14/2020,10:07,18.64,18.64,18.64,18.64, 2
04/14/2020,10:21,18.64,18.7,18.64,18.7, 4
04/14/2020,10:22,18.68,18.68,18.68,18.68, 1
04/14/2020,10:29,18.72,18.72,18.72,18.72, 3
04/14/2020,10:30,18.8,18.8,18.8,18.8, 1
04/14/2020,10:39,18.72,18.72,18.7,18.7, 6
04/14/2020,10:46,18.7,18.7,18.56,18.66, 8
04/14/2020,10:57,18.62,18.62,18.62,18.62, 8
04/14/2020,11:13,18.66,18.66,18.66,18.66, 5
04/14/2020,11:16,18.68,18.7,18.68,18.7, 7
04/14/2020,11:19,18.66,18.66,18.66,18.66, 6
04/14/2020,11:24,18.64,18.64,18.64,18.64, 2
04/14/2020,11:27,18.64,18.64,18.64,18.64, 2
04/14/2020,11:31,18.64,18.64,18.64,18.64, 1
04/14/2020,11:43,18.64,18.64,18.64,18.64, 4
04/14/2020,11:49,18.64,18.64,18.64,18.64, 1
04/14/2020,11:54,18.62,18.62,18.62,18.62, 1
04/14/2020,12:37,18.58,18.6,18.58,18.6, 5
04/14/2020,13:03,18.6,18.6,18.6,18.6, 5
04/14/2020,13:33,18.6,18.62,18.56,18.62, 22
04/14/2020,13:38,18.62,18.62,18.62,18.62, 1
04/14/2020,13:48,18.62,18.62,18.62,18.62, 1
04/14/2020,13:49,18.62,18.62,18.62,18.62, 1
04/14/2020,14:13,18.58,18.58,18.58,18.58, 2
04/14/2020,14:35,18.58,18.6,18.32,18.6, 42
04/14/2020,14:36,18.6,18.62,18.6,18.6, 15
04/14/2020,14:36,18.6,18.6,18.6,18.6, 4
04/14/2020,14:37,18.6,18.6,18.6,18.6, 1
04/14/2020,14:42,18.6,18.6,18.6,18.6, 1
04/14/2020,14:45,18.6,18.6,18.56,18.58, 12
04/14/2020,14:47,18.6,18.6,18.6,18.6, 1
04/14/2020,14:51,18.6,18.6,18.6,18.6, 1
04/14/2020,14:53,18.6,18.6,18.6,18.6, 4
04/14/2020,14:54,18.6,18.6,18.6,18.6, 2
04/14/2020,14:56,18.6,18.6,18.6,18.6, 5
04/14/2020,15:00,18.6,18.6,18.6,18.6, 4
04/14/2020,15:02,18.6,18.6,18.6,18.6, 2
04/14/2020,15:02,18.6,18.6,18.6,18.6, 1
04/14/2020,15:04,18.6,18.6,18.6,18.6, 2
04/14/2020,15:04,18.6,18.6,18.6,18.6, 1
04/14/2020,15:06,18.58,18.58,18.58,18.58, 9
04/14/2020,15:09,18.6,18.6,18.6,18.6, 1
04/14/2020,15:11,18.6,18.6,18.6,18.6, 1
04/14/2020,15:12,18.6,18.6,18.6,18.6, 1
04/14/2020,15:12,18.6,18.6,18.6,18.6, 3
04/14/2020,15:15,18.6,18.6,18.6,18.6, 3
04/14/2020,15:17,18.6,18.6,18.6,18.6, 1
04/14/2020,15:22,18.6,18.6,18.6,18.6, 5
04/14/2020,15:23,18.6,18.6,18.6,18.6, 2
04/14/2020,15:24,18.6,18.6,18.6,18.6, 2
04/14/2020,15:26,18.6,18.6,18.6,18.6, 2
04/14/2020,15:27,18.6,18.6,18.6,18.6, 1
04/14/2020,15:33,18.6,18.6,18.6,18.6, 3
04/14/2020,15:35,18.6,18.6,18.6,18.6, 2
04/14/2020,15:38,18.6,18.6,18.6,18.6, 2
04/14/2020,15:38,18.6,18.6,18.6,18.6, 4
04/14/2020,15:39,18.6,18.6,18.6,18.6, 1
04/14/2020,15:40,18.6,18.6,18.6,18.6, 1
04/14/2020,15:43,18.6,18.6,18.6,18.6, 1
04/14/2020,15:47,18.6,18.6,18.6,18.6, 1
04/14/2020,15:48,18.6,18.6,18.6,18.6, 1
04/14/2020,15:50,18.6,18.6,18.6,18.6, 1
04/14/2020,15:52,18.6,18.6,18.6,18.6, 1
04/14/2020,15:54,18.6,18.6,18.6,18.6, 4
04/14/2020,15:55,18.6,18.6,18.6,18.6, 1
04/14/2020,15:57,18.6,18.6,18.6,18.6, 1
04/14/2020,15:57,18.6,18.6,18.6,18.6, 2
04/14/2020,16:00,18.56,18.56,18.56,18.56, 3
04/14/2020,16:00,18.6,18.6,18.6,18.6, 1
04/14/2020,16:05,18.6,18.6,18.6,18.6, 1
04/14/2020,16:06,18.6,18.6,18.6,18.6, 3
04/14/2020,16:08,18.6,18.6,18.6,18.6, 1
04/14/2020,16:09,18.6,18.6,18.6,18.6, 4
04/14/2020,16:11,18.6,18.6,18.6,18.6, 2
04/14/2020,16:12,18.62,18.62,18.62,18.62, 4
04/14/2020,16:15,18.58,18.62,18.58,18.62, 2
04/14/2020,16:20,18.64,18.64,18.58,18.64, 13
04/14/2020,16:21,18.58,18.58,18.56,18.56, 8
04/14/2020,16:21,18.58,18.58,18.58,18.58, 3
04/14/2020,16:28,18.54,18.54,18.54,18.54, 4
04/14/2020,16:32,18.56,18.58,18.56,18.58, 2
04/14/2020,16:35,18.58,18.58,18.58,18.58, 1
04/14/2020,16:37,18.58,18.58,18.58,18.58, 1
04/14/2020,16:38,18.58,18.58,18.58,18.58, 1
04/14/2020,16:42,18.58,18.58,18.58,18.58, 1
04/14/2020,16:43,18.58,18.58,18.58,18.58, 1
04/14/2020,16:44,18.58,18.58,18.58,18.58, 2
04/14/2020,16:45,18.58,18.58,18.58,18.58, 3
04/14/2020,16:48,18.58,18.58,18.58,18.58, 1
04/14/2020,16:49,18.6,18.6,18.6,18.6, 1
04/14/2020,16:50,18.6,18.6,18.6,18.6, 5
04/14/2020,16:57,18.6,18.6,18.6,18.6, 4
04/14/2020,16:58,18.6,18.6,18.6,18.6, 1
04/14/2020,16:59,18.6,18.6,18.6,18.6, 1
04/14/2020,17:02,18.62,18.62,18.62,18.62, 1
04/14/2020,17:05,18.56,18.56,18.56,18.56, 1
04/14/2020,17:07,18.62,18.62,18.62,18.62, 1
04/14/2020,17:08,18.56,18.56,18.56,18.56, 2
04/14/2020,17:14,18.62,18.62,18.62,18.62, 11
04/14/2020,17:18,18.62,18.62,18.62,18.62, 1
04/14/2020,17:22,18.58,18.6,18.58,18.6, 5
04/14/2020,17:25,18.62,18.62,18.58,18.58, 4
04/14/2020,17:27,18.58,18.58,18.58,18.58, 3
04/14/2020,17:30,18.6,18.6,18.6,18.6, 2
04/14/2020,17:36,18.5,18.5,18.5,18.5, 83
04/15/2020,09:01,18.8,18.8,18.8,18.8, 15
04/15/2020,09:07,18.6,18.6,18.6,18.6, 2
04/15/2020,09:08,18.62,18.64,18.62,18.64, 3
04/15/2020,09:12,18.64,18.64,18.64,18.64, 2
04/15/2020,09:17,18.5,18.5,18.5,18.5, 1
04/15/2020,09:31,18.62,18.62,18.62,18.62, 2
04/15/2020,09:47,18.54,18.54,18.54,18.54, 1
04/15/2020,09:52,18.5,18.56,18.5,18.56, 5
04/15/2020,10:14,18.54,18.56,18.54,18.56, 6
04/15/2020,10:33,18.54,18.56,18.54,18.56, 5
04/15/2020,10:54,18.5,18.5,18.5,18.5, 2
04/15/2020,10:58,18.54,18.54,18.54,18.54, 1
04/15/2020,11:04,18.5,18.5,18.5,18.5, 1
04/15/2020,11:24,18.54,18.54,18.54,18.54, 3
04/15/2020,11:38,18.52,18.52,18.52,18.52, 1
04/15/2020,12:01,18.5,18.5,18.5,18.5, 3
04/15/2020,12:17,18.48,18.5,18.46,18.46, 13
04/15/2020,12:29,18.44,18.5,18.44,18.5, 4
04/15/2020,12:35,18.5,18.5,18.5,18.5, 9
04/15/2020,12:50,18.5,18.5,18.5,18.5, 7
04/15/2020,13:12,18.58,18.58,18.58,18.58, 1
04/15/2020,13:36,18.58,18.58,18.58,18.58, 1
04/15/2020,13:53,18.56,18.56,18.56,18.56, 1
04/15/2020,13:54,18.56,18.56,18.56,18.56, 4
04/15/2020,13:57,18.56,18.58,18.56,18.58, 4
04/15/2020,14:02,18.56,18.56,18.52,18.56, 15
04/15/2020,14:03,18.54,18.54,18.54,18.54, 1
04/15/2020,14:08,18.52,18.52,18.5,18.5, 9
04/15/2020,14:08,18.52,18.52,18.52,18.52, 1
04/15/2020,14:12,18.5,18.5,18.5,18.5, 7
04/15/2020,14:12,18.5,18.5,18.5,18.5, 3
04/15/2020,14:22,18.48,18.48,18.48,18.48, 4
04/15/2020,14:34,18.48,18.48,18.48,18.48, 1
04/15/2020,14:50,18.52,18.52,18.52,18.52, 3
04/15/2020,14:52,18.5,18.5,18.5,18.5, 1
04/15/2020,14:52,18.48,18.48,18.46,18.48, 12
04/15/2020,15:02,18.48,18.48,18.48,18.48, 1
04/15/2020,15:09,18.48,18.48,18.48,18.48, 1
04/15/2020,15:10,18.48,18.48,18.46,18.46, 5
04/15/2020,15:11,18.44,18.44,18.42,18.44, 7
04/15/2020,15:18,18.4,18.44,18.38,18.4, 11
04/15/2020,15:20,18.38,18.38,18.38,18.38, 1
04/15/2020,15:24,18.36,18.36,18.36,18.36, 2
04/15/2020,15:25,18.4,18.4,18.4,18.4, 2
04/15/2020,15:31,18.4,18.44,18.4,18.44, 7
04/15/2020,15:33,18.44,18.44,18.44,18.44, 3
04/15/2020,15:40,18.5,18.5,18.5,18.5, 3
04/15/2020,15:40,18.5,18.5,18.5,18.5, 2
04/15/2020,15:41,18.5,18.5,18.5,18.5, 3
04/15/2020,15:42,18.46,18.5,18.46,18.5, 3
04/15/2020,15:44,18.52,18.52,18.52,18.52, 3
04/15/2020,15:54,18.62,18.62,18.62,18.62, 2
04/15/2020,16:14,18.64,18.64,18.64,18.64, 1
04/15/2020,16:18,18.62,18.62,18.62,18.62, 1
04/15/2020,16:21,18.58,18.58,18.58,18.58, 9
04/15/2020,16:22,18.62,18.62,18.62,18.62, 3
04/15/2020,16:45,18.56,18.56,18.56,18.56, 4
04/15/2020,16:47,18.62,18.64,18.62,18.64, 10
04/15/2020,16:48,18.58,18.58,18.58,18.58, 3
04/15/2020,16:51,18.64,18.64,18.64,18.64, 1
04/15/2020,16:51,18.58,18.58,18.58,18.58, 2
04/15/2020,16:55,18.58,18.58,18.58,18.58, 2
04/15/2020,17:04,18.62,18.62,18.62,18.62, 1
04/15/2020,17:06,18.58,18.62,18.58,18.62, 3
04/15/2020,17:06,18.62,18.62,18.6,18.6, 3
04/15/2020,17:10,18.62,18.64,18.62,18.64, 9
04/15/2020,17:10,18.64,18.68,18.64,18.68, 6
04/15/2020,17:12,18.64,18.64,18.64,18.64, 1
04/15/2020,17:15,18.74,18.8,18.74,18.8, 4
04/15/2020,17:15,18.8,18.8,18.8,18.8, 1
04/15/2020,17:17,18.76,18.8,18.76,18.8, 9
04/15/2020,17:19,18.76,18.8,18.76,18.8, 4
04/15/2020,17:21,18.82,18.82,18.82,18.82, 5
04/15/2020,17:23,18.88,18.9,18.88,18.9, 2
04/15/2020,17:24,18.9,18.9,18.9,18.9, 6
04/15/2020,17:26,18.9,18.9,18.9,18.9, 2
04/15/2020,17:26,18.94,18.94,18.94,18.94, 1
04/15/2020,17:28,18.96,18.96,18.96,18.96, 1
04/15/2020,17:29,18.96,18.96,18.96,18.96, 1
04/15/2020,17:30,18.96,18.98,18.96,18.98, 12
04/15/2020,17:36,18.64,18.64,18.64,18.64, 90
04/16/2020,09:01,18.44,18.44,18.44,18.44, 14
04/16/2020,09:01,18.64,18.64,18.64,18.64, 1
04/16/2020,09:05,18.36,18.62,18.36,18.62, 5
04/16/2020,09:06,18.62,18.62,18.62,18.62, 1
04/16/2020,09:26,18.62,18.62,18.62,18.62, 2
04/16/2020,09:29,18.62,18.62,18.6,18.6, 2
04/16/2020,09:31,18.62,18.62,18.62,18.62, 1
04/16/2020,09:38,18.62,18.62,18.62,18.62, 1
04/16/2020,09:41,18.54,18.54,18.54,18.54, 1
04/16/2020,09:44,18.62,18.62,18.62,18.62, 1
04/16/2020,09:52,18.62,18.62,18.62,18.62, 1
04/16/2020,10:04,18.6,18.66,18.6,18.62, 13
04/16/2020,10:06,18.7,18.72,18.7,18.72, 3
04/16/2020,10:19,18.84,18.84,18.82,18.82, 2
04/16/2020,10:35,18.72,18.74,18.72,18.72, 8
04/16/2020,10:52,18.68,18.68,18.68,18.68, 1
04/16/2020,10:58,18.74,18.74,18.74,18.74, 1
04/16/2020,11:01,18.72,18.72,18.72,18.72, 1
04/16/2020,11:23,18.68,18.68,18.68,18.68, 1
04/16/2020,11:29,18.68,18.68,18.68,18.68, 2
04/16/2020,11:50,18.68,18.68,18.66,18.66, 3
04/16/2020,12:02,18.68,18.68,18.68,18.68, 1
04/16/2020,12:10,18.58,18.66,18.58,18.66, 7
04/16/2020,12:12,18.66,18.66,18.66,18.66, 1
04/16/2020,12:16,18.66,18.66,18.66,18.66, 3
04/16/2020,12:22,18.7,18.7,18.7,18.7, 1
04/16/2020,12:29,18.7,18.7,18.7,18.7, 1
04/16/2020,12:58,18.7,18.7,18.7,18.7, 1
04/16/2020,13:02,18.7,18.7,18.7,18.7, 1
04/16/2020,13:02,18.7,18.7,18.7,18.7, 1
04/16/2020,13:04,18.64,18.64,18.64,18.64, 2
04/16/2020,13:06,18.7,18.74,18.7,18.7, 5
04/16/2020,13:08,18.7,18.7,18.7,18.7, 3
04/16/2020,13:26,18.74,18.74,18.74,18.74, 1
04/16/2020,13:41,18.74,18.74,18.74,18.74, 1
04/16/2020,13:42,18.74,18.74,18.74,18.74, 1
04/16/2020,13:45,18.74,18.74,18.74,18.74, 4
04/16/2020,13:47,18.66,18.66,18.66,18.66, 3
04/16/2020,13:49,18.66,18.7,18.66,18.7, 4
04/16/2020,14:01,18.72,18.72,18.7,18.7, 3
04/16/2020,14:13,18.74,18.74,18.74,18.74, 1
04/16/2020,14:17,18.74,18.74,18.74,18.74, 1
04/16/2020,14:24,18.74,18.74,18.74,18.74, 1
04/16/2020,14:37,18.74,18.74,18.74,18.74, 3
04/16/2020,14:42,18.7,18.7,18.68,18.68, 6
04/16/2020,15:01,18.64,18.64,18.64,18.64, 1
04/16/2020,15:02,18.7,18.7,18.7,18.7, 3
04/16/2020,15:08,18.64,18.64,18.64,18.64, 1
04/16/2020,15:28,18.72,18.72,18.72,18.72, 2
04/16/2020,15:29,18.74,18.74,18.74,18.74, 1
04/16/2020,15:59,18.74,18.74,18.74,18.74, 1
04/16/2020,16:02,18.74,18.74,18.74,18.74, 2
04/16/2020,16:03,18.74,18.74,18.74,18.74, 2
04/16/2020,16:06,18.74,18.74,18.74,18.74, 1
04/16/2020,16:07,18.74,18.74,18.74,18.74, 1
04/16/2020,16:09,18.74,18.74,18.74,18.74, 1
04/16/2020,16:09,18.74,18.74,18.74,18.74, 3
04/16/2020,16:13,18.74,18.74,18.74,18.74, 2
04/16/2020,16:23,18.74,18.76,18.74,18.74, 7
04/16/2020,16:33,18.7,18.7,18.7,18.7, 5
04/16/2020,16:34,18.7,18.7,18.7,18.7, 3
04/16/2020,16:39,18.74,18.74,18.74,18.74, 1
04/16/2020,16:49,18.78,18.78,18.78,18.78, 1
04/16/2020,16:50,18.78,18.78,18.78,18.78, 6
04/16/2020,16:52,18.78,18.78,18.78,18.78, 1
04/16/2020,16:53,18.7,18.7,18.7,18.7, 2
04/16/2020,17:00,18.72,18.72,18.72,18.72, 1
04/16/2020,17:04,18.7,18.7,18.7,18.7, 4
04/16/2020,17:06,18.68,18.74,18.66,18.66, 6
04/16/2020,17:16,18.66,18.66,18.66,18.66, 4
04/16/2020,17:17,18.66,18.68,18.66,18.68, 7
04/16/2020,17:18,18.68,18.68,18.68,18.68, 2
04/16/2020,17:20,18.7,18.7,18.7,18.7, 1
04/16/2020,17:21,18.7,18.7,18.7,18.7, 6
04/16/2020,17:22,18.72,18.72,18.72,18.72, 6
04/16/2020,17:22,18.72,18.72,18.72,18.72, 3
04/16/2020,17:26,18.68,18.68,18.68,18.68, 6
04/16/2020,17:26,18.72,18.72,18.72,18.72, 4
04/16/2020,17:27,18.72,18.72,18.72,18.72, 3
04/16/2020,17:29,18.74,18.78,18.74,18.78, 5
04/16/2020,17:30,18.8,18.86,18.8,18.86, 24
04/16/2020,17:36,18.56,18.56,18.56,18.56, 85
04/17/2020,09:01,18.96,18.96,18.96,18.96, 13
04/17/2020,09:15,18.96,18.96,18.96,18.96, 4
04/17/2020,09:22,18.72,18.72,18.6,18.6, 8
04/17/2020,09:42,18.52,18.52,18.52,18.52, 1
04/17/2020,09:50,18.54,18.54,18.54,18.54, 2
04/17/2020,10:08,18.62,18.64,18.54,18.54, 8
04/17/2020,10:23,18.54,18.54,18.54,18.54, 3
04/17/2020,10:31,18.6,18.6,18.6,18.6, 1
04/17/2020,10:34,18.58,18.58,18.54,18.54, 4
04/17/2020,10:46,18.54,18.54,18.54,18.54, 3
04/17/2020,11:08,18.6,18.66,18.6,18.66, 6
04/17/2020,11:18,18.7,18.7,18.7,18.7, 1
04/17/2020,11:20,18.74,18.74,18.74,18.74, 1
04/17/2020,11:20,18.7,18.7,18.7,18.7, 1
04/17/2020,11:42,18.78,18.78,18.78,18.78, 2
04/17/2020,12:08,18.78,18.78,18.78,18.78, 4
04/17/2020,12:09,18.82,18.82,18.82,18.82, 1
04/17/2020,12:15,18.8,18.8,18.8,18.8, 1
04/17/2020,12:46,18.88,18.9,18.88,18.9, 7
04/17/2020,12:47,18.88,18.92,18.88,18.92, 13
04/17/2020,12:47,18.88,18.88,18.88,18.88, 1
04/17/2020,12:54,18.88,18.9,18.88,18.9, 2
04/17/2020,12:57,18.9,18.9,18.9,18.9, 1
04/17/2020,12:58,18.96,18.96,18.96,18.96, 5
04/17/2020,13:05,18.96,18.96,18.96,18.96, 3
04/17/2020,13:05,18.94,18.94,18.9,18.94, 4
04/17/2020,13:09,18.92,18.92,18.92,18.92, 3
04/17/2020,13:09,18.92,18.92,18.92,18.92, 1
04/17/2020,13:14,18.98,18.98,18.98,18.98, 3
04/17/2020,13:23,19,19,19,19, 1
04/17/2020,13:25,19,19,19,19, 2
04/17/2020,13:31,19,19,19,19, 1
04/17/2020,13:35,18.92,18.92,18.92,18.92, 1
04/17/2020,13:37,18.94,18.94,18.92,18.92, 9
04/17/2020,13:38,18.94,18.94,18.94,18.94, 2
04/17/2020,13:50,18.94,18.94,18.94,18.94, 1
04/17/2020,14:01,18.94,18.94,18.94,18.94, 1
04/17/2020,14:05,18.94,18.94,18.94,18.94, 2
04/17/2020,14:07,18.92,18.94,18.92,18.94, 4
04/17/2020,14:11,18.96,18.96,18.92,18.92, 2
04/17/2020,14:23,18.94,18.94,18.94,18.94, 1
04/17/2020,14:25,18.92,18.92,18.92,18.92, 1
04/17/2020,14:29,18.94,18.94,18.94,18.94, 2
04/17/2020,14:30,18.96,18.96,18.96,18.96, 3
04/17/2020,14:39,18.98,18.98,18.98,18.98, 3
04/17/2020,14:45,19,19,19,19, 2
04/17/2020,14:48,19,19,19,19, 1
04/17/2020,14:51,19,19,19,19, 1
04/17/2020,14:53,19,19,19,19, 15
04/17/2020,14:53,19,19,18.94,18.96, 12
04/17/2020,14:57,19,19,19,19, 1
04/17/2020,15:00,19,19,19,19, 1
04/17/2020,15:02,19,19,19,19, 1
04/17/2020,15:05,19,19,19,19, 2
04/17/2020,15:08,19,19,19,19, 6
04/17/2020,15:10,19,19,19,19, 1
04/17/2020,15:11,19,19,19,19, 1
04/17/2020,15:12,19,19,19,19, 1
04/17/2020,15:15,19,19,19,19, 1
04/17/2020,15:19,19,19,19,19, 5
04/17/2020,15:23,19,19,19,19, 3
04/17/2020,15:26,19,19,19,19, 3
04/17/2020,15:29,19,19,19,19, 3
04/17/2020,15:30,19,19,19,19, 1
04/17/2020,15:32,19,19,19,19, 3
04/17/2020,15:35,19,19,18.98,18.98, 3
04/17/2020,15:36,18.92,18.92,18.92,18.92, 1
04/17/2020,15:38,19,19,19,19, 1
04/17/2020,15:39,19,19,19,19, 2
04/17/2020,15:39,18.98,18.98,18.98,18.98, 1
04/17/2020,15:40,19,19,19,19, 1
04/17/2020,15:42,19,19,19,19, 5
04/17/2020,15:45,19,19,19,19, 1
04/17/2020,15:49,19,19,19,19, 2
04/17/2020,15:50,19,19,19,19, 3
04/17/2020,15:52,19,19,19,19, 4
04/17/2020,15:55,19,19,19,19, 2
04/17/2020,15:58,19,19,18.98,19, 12
04/17/2020,16:06,19,19,19,19, 10
04/17/2020,16:07,19,19,19,19, 1
04/17/2020,16:14,19,19,19,19, 4
04/17/2020,16:16,19,19,19,19, 4
04/17/2020,16:17,19,19,19,19, 2
04/17/2020,16:18,19,19,19,19, 4
04/17/2020,16:19,19,19,19,19, 1
04/17/2020,16:21,19,19,19,19, 3
04/17/2020,16:23,19,19,18.98,18.98, 2
04/17/2020,16:23,19,19,19,19, 1
04/17/2020,16:31,18.98,19,18.98,19, 2
04/17/2020,16:33,19,19,19,19, 1
04/17/2020,16:35,19,19,19,19, 3
04/17/2020,16:38,19,19,19,19, 2
04/17/2020,16:40,19,19,19,19, 2
04/17/2020,16:41,19,19,19,19, 3
04/17/2020,16:44,19,19,19,19, 2
04/17/2020,16:49,18.98,19,18.98,19, 3
04/17/2020,16:51,19,19,19,19, 5
04/17/2020,16:54,19,19,19,19, 2
04/17/2020,16:57,19,19,19,19, 2
04/17/2020,17:00,19,19,19,19, 1
04/17/2020,17:01,19,19,19,19, 1
04/17/2020,17:02,19,19,19,19, 1
04/17/2020,17:04,19,19,18.98,18.98, 6
04/17/2020,17:11,18.98,19,18.98,19, 7
04/17/2020,17:13,19,19,19,19, 1
04/17/2020,17:14,19,19,19,19, 1
04/17/2020,17:15,19,19,19,19, 3
04/17/2020,17:15,18.98,18.98,18.98,18.98, 4
04/17/2020,17:22,18.94,18.94,18.9,18.9, 6
04/17/2020,17:24,18.84,18.84,18.84,18.84, 1
04/17/2020,17:28,18.84,18.84,18.84,18.84, 1
04/17/2020,17:30,18.86,18.86,18.86,18.86, 2
04/17/2020,17:30,18.86,18.86,18.86,18.86, 3
04/17/2020,17:36,18.82,18.82,18.82,18.82, 47

