04/07/2020,09:04,5.6525,5.6525,5.6525,5.6525, 1
04/07/2020,09:04,5.6525,5.6525,5.6525,5.6525, 1
04/07/2020,10:14,5.7325,5.7325,5.7325,5.7325, 1
04/08/2020,10:15,5.7325,5.7325,5.7325,5.7325, 1
04/09/2020,10:16,5.6725,5.6725,5.6725,5.6725, 1
04/10/2020,10:59,5.7265,5.7265,5.7265,5.7265, 1
04/13/2020,09:51,5.7315,5.7315,5.7315,5.7315, 1
04/14/2020,09:59,5.8815,5.8815,5.8815,5.8815, 1
04/15/2020,09:51,5.7525,5.7525,5.7525,5.7525, 1
04/16/2020,09:56,5.7025,5.7025,5.7025,5.7025, 1
04/17/2020,09:56,5.7515,5.7515,5.7515,5.7515, 1

