02/06/2020,00:29,.185,.185,.185,.185, 2739
02/06/2020,00:55,.185,.185,.185,.185, 80016
02/06/2020,01:16,.185,.185,.185,.185, 220679
02/06/2020,01:52,.185,.185,.185,.185, 14305
02/07/2020,01:54,.18,.18,.18,.18, 45000
02/07/2020,04:10,.175,.175,.175,.175, 65071
02/10/2020,03:27,.18,.18,.18,.18, 27490
02/10/2020,04:22,.18,.185,.18,.185, 33960
02/11/2020,05:54,.175,.175,.175,.175, 30000
02/13/2020,04:01,.18,.18,.18,.18, 110133
02/13/2020,04:03,.18,.18,.18,.18, 82631
02/14/2020,00:29,.18,.18,.18,.18, 16500
02/14/2020,01:58,.18,.18,.18,.18, 100000
02/14/2020,03:27,.175,.175,.175,.175, 6187
02/17/2020,01:10,.175,.175,.175,.175, 10000
02/17/2020,03:18,.175,.175,.175,.175, 30671
02/19/2020,04:26,.175,.175,.175,.175, 3000
02/20/2020,01:32,.175,.175,.175,.175, 27900
02/21/2020,02:24,.175,.175,.175,.175, 6180
02/25/2020,00:29,.175,.175,.175,.175, 25007
02/25/2020,00:30,.17,.17,.17,.17, 2200
02/25/2020,02:17,.175,.175,.175,.175, 21573
02/25/2020,05:14,.18,.18,.18,.18, 2847
02/26/2020,01:23,.17,.17,.17,.17, 53687
02/26/2020,02:14,.17,.17,.17,.17, 14718

