02/03/2020,15:35,13.798,13.798,13.798,13.798, 1185
02/03/2020,16:01,13.815,13.815,13.815,13.815, 130
02/03/2020,16:08,13.785,13.785,13.785,13.785, 200
02/03/2020,16:58,13.805,13.805,13.805,13.805, 100
02/03/2020,17:04,13.813,13.813,13.813,13.813, 500
02/03/2020,17:06,13.826,13.826,13.826,13.826, 500
02/03/2020,17:34,13.799,13.799,13.799,13.799, 142
02/03/2020,17:41,13.788,13.788,13.788,13.788, 120
02/03/2020,17:42,13.788,13.788,13.788,13.788, 120
02/03/2020,18:54,13.82,13.82,13.82,13.82, 781
02/03/2020,19:01,13.83,13.83,13.83,13.83, 400
02/03/2020,19:28,13.83,13.83,13.83,13.83, 100
02/03/2020,20:08,13.82,13.82,13.82,13.82, 200
02/03/2020,20:38,13.83,13.83,13.83,13.83, 2000
02/03/2020,20:56,13.83,13.83,13.82,13.82, 1700
02/04/2020,15:31,13.82,13.82,13.82,13.82, 103
02/04/2020,15:37,13.87,13.87,13.87,13.87, 350
02/04/2020,15:51,13.82,13.82,13.82,13.82, 1000
02/04/2020,18:06,13.83,13.83,13.83,13.83, 280
02/04/2020,18:47,13.85,13.85,13.85,13.85, 100
02/04/2020,19:04,13.84,13.84,13.84,13.84, 100
02/04/2020,19:54,13.83,13.83,13.83,13.83, 258
02/04/2020,19:54,13.83,13.83,13.83,13.83, 162
02/04/2020,20:01,13.83,13.84,13.83,13.84, 600
02/04/2020,20:02,13.83,13.83,13.83,13.83, 600
02/04/2020,20:20,13.83,13.83,13.82,13.82, 600
02/04/2020,20:21,13.82,13.82,13.82,13.82, 464
02/04/2020,21:57,13.82,13.82,13.82,13.82, 100
02/05/2020,20:04,13.74,13.74,13.67,13.68, 3000
02/05/2020,20:14,13.74,13.74,13.74,13.74, 200
02/06/2020,15:31,13.73,13.73,13.73,13.73, 327
02/06/2020,21:39,13.73,13.73,13.73,13.73, 200
02/06/2020,22:00,13.75,13.75,13.75,13.75, 100
02/07/2020,16:12,13.746,13.746,13.746,13.746, 197
02/07/2020,16:32,13.773,13.773,13.773,13.773, 100
02/07/2020,21:48,13.785,13.91,13.77,13.86, 13260
02/07/2020,21:48,13.86,13.86,13.84,13.86, 4100
02/10/2020,17:26,13.86,13.86,13.86,13.86, 200
02/10/2020,18:01,13.815,13.815,13.815,13.815, 100
02/10/2020,18:02,13.815,13.815,13.815,13.815, 100
02/10/2020,18:05,13.86,13.86,13.86,13.86, 200
02/10/2020,18:31,13.86,13.86,13.86,13.86, 200
02/10/2020,18:31,13.86,13.86,13.86,13.86, 200
02/10/2020,19:21,13.86,13.86,13.86,13.86, 200
02/10/2020,19:58,13.86,13.86,13.86,13.86, 200
02/10/2020,20:13,13.86,13.86,13.86,13.86, 200
02/10/2020,21:00,13.86,13.86,13.86,13.86, 136
02/11/2020,16:11,13.852,13.852,13.852,13.852, 2000
02/11/2020,18:12,13.832,13.832,13.832,13.832, 100
02/11/2020,21:24,13.825,13.825,13.825,13.825, 2500
02/12/2020,19:53,13.821,13.821,13.821,13.821, 800
02/12/2020,20:42,13.829,13.829,13.829,13.829, 400
02/12/2020,21:02,13.82,13.82,13.82,13.82, 101
02/12/2020,21:21,13.83,13.83,13.83,13.83, 353
02/13/2020,16:26,13.87,13.87,13.81,13.81, 200
02/13/2020,20:23,13.847,13.847,13.847,13.847, 138
02/13/2020,21:00,13.821,13.821,13.821,13.821, 1350
02/13/2020,21:22,13.87,13.87,13.87,13.87, 1740
02/13/2020,21:33,13.89,13.89,13.89,13.89, 106
02/13/2020,21:39,13.89,13.89,13.89,13.89, 120
02/13/2020,21:43,13.89,13.89,13.89,13.89, 220
02/13/2020,21:47,13.89,13.89,13.89,13.89, 100
02/13/2020,21:50,13.9,13.9,13.885,13.9, 312
02/13/2020,21:51,13.885,13.885,13.885,13.885, 100
02/13/2020,21:52,13.885,13.885,13.885,13.885, 100
02/13/2020,21:53,13.885,13.885,13.885,13.885, 100
02/13/2020,21:54,13.885,13.885,13.885,13.885, 100
02/13/2020,21:55,13.885,13.885,13.885,13.885, 100
02/13/2020,21:56,13.9,13.9,13.9,13.9, 100
02/14/2020,15:31,13.92,13.92,13.92,13.92, 612
02/14/2020,18:35,13.935,13.935,13.935,13.935, 800
02/14/2020,19:12,13.94,13.94,13.94,13.94, 2500
02/14/2020,19:13,13.857,13.857,13.857,13.857, 1000
02/14/2020,20:01,13.88,13.88,13.83,13.88, 600
02/18/2020,17:51,13.9,13.9,13.9,13.9, 500
02/18/2020,20:48,13.91,13.91,13.91,13.91, 500
02/18/2020,21:01,13.9,13.9,13.9,13.9, 100
02/18/2020,21:07,13.91,13.91,13.9,13.9, 1267
02/18/2020,21:58,13.91,13.91,13.9,13.9, 400
02/18/2020,22:00,13.91,13.91,13.91,13.91, 100
02/19/2020,15:31,13.91,13.91,13.91,13.91, 171
02/19/2020,22:00,13.88,13.88,13.88,13.88, 215
02/19/2020,22:01,13.89,13.89,13.89,13.89, 7343
02/20/2020,15:31,13.85,13.85,13.85,13.85, 144
02/20/2020,15:39,13.86,13.86,13.86,13.86, 200
02/20/2020,16:01,13.88,13.88,13.88,13.88, 144
02/20/2020,18:19,13.87,13.87,13.85,13.85, 6200
02/20/2020,21:42,13.85,13.85,13.85,13.85, 654
02/20/2020,21:44,13.86,13.86,13.855,13.855, 1100
02/20/2020,21:50,13.856,13.856,13.856,13.856, 1000
02/20/2020,21:59,13.86,13.87,13.86,13.87, 1200
02/20/2020,22:01,13.87,13.87,13.87,13.87, 7208
02/21/2020,15:55,13.88,13.88,13.879,13.88, 2151
02/21/2020,16:06,13.884,13.884,13.884,13.884, 1000
02/21/2020,18:22,13.889,13.889,13.889,13.889, 350
02/24/2020,16:56,13.93,13.93,13.93,13.93, 500
02/24/2020,17:03,13.9,13.9,13.9,13.9, 415
02/24/2020,17:35,13.912,13.915,13.912,13.915, 500
02/24/2020,18:19,13.915,13.915,13.9,13.9, 6200
02/24/2020,21:11,13.9,13.9,13.9,13.9, 100
02/24/2020,21:14,13.91,13.915,13.91,13.915, 600
02/24/2020,21:18,13.92,13.92,13.92,13.92, 500
02/24/2020,21:23,13.92,13.92,13.92,13.92, 200
02/24/2020,21:26,13.924,13.924,13.924,13.924, 500
02/25/2020,15:31,13.92,13.92,13.92,13.92, 207
02/25/2020,15:52,13.946,13.946,13.946,13.946, 286
02/25/2020,17:30,13.92,13.92,13.9,13.9, 1000
02/25/2020,19:03,13.92,13.92,13.92,13.92, 215
02/25/2020,21:24,13.92,13.92,13.92,13.92, 100
02/25/2020,21:45,13.897,13.9,13.894,13.894, 1100
02/25/2020,21:46,13.9,13.9,13.9,13.9, 1000
02/26/2020,15:48,13.915,13.915,13.915,13.915, 1000
02/26/2020,18:21,13.889,13.889,13.889,13.889, 300
02/26/2020,18:28,13.89,13.89,13.89,13.89, 100
02/26/2020,19:04,13.89,13.89,13.89,13.89, 100
02/26/2020,19:54,13.906,13.906,13.906,13.906, 131
02/28/2020,15:31,13.83,13.83,13.83,13.83, 745
02/28/2020,16:01,13.77,13.85,13.77,13.85, 839
02/28/2020,16:03,13.735,13.735,13.735,13.735, 2500
02/28/2020,16:03,13.808,13.808,13.808,13.808, 105
02/28/2020,16:08,13.72,13.849,13.72,13.78, 300
02/28/2020,16:19,13.711,13.78,13.71,13.71, 2880
02/28/2020,16:33,13.71,13.71,13.71,13.71, 728
02/28/2020,16:34,13.71,13.71,13.71,13.71, 100
02/28/2020,17:00,13.71,13.71,13.71,13.71, 100
02/28/2020,17:11,13.726,13.726,13.726,13.726, 500
02/28/2020,17:59,13.76,13.76,13.76,13.76, 902
02/28/2020,19:09,13.72,13.72,13.62,13.64, 12368
02/28/2020,19:19,13.64,13.64,13.64,13.64, 200
02/28/2020,20:15,13.64,13.64,13.64,13.64, 100
02/28/2020,20:31,13.605,13.605,13.51,13.605, 1033

