02/03/2020,00:23,.23,.23,.23,.23, 92000
02/03/2020,00:39,.225,.225,.225,.225, 89613
02/03/2020,00:51,.225,.225,.225,.225, 10134
02/03/2020,01:17,.225,.225,.225,.225, 29806
02/03/2020,01:19,.225,.225,.225,.225, 15621
02/03/2020,01:49,.23,.23,.23,.23, 40000
02/03/2020,02:02,.225,.225,.225,.225, 2309
02/03/2020,02:34,.225,.225,.225,.225, 29100
02/03/2020,02:37,.225,.225,.225,.225, 22200
02/03/2020,02:53,.22,.22,.22,.22, 231951
02/03/2020,03:00,.225,.225,.225,.225, 78928
02/03/2020,03:18,.225,.225,.225,.225, 6
02/03/2020,04:08,.23,.23,.23,.23, 40853
02/03/2020,06:04,.22,.22,.22,.22, 17314
02/03/2020,06:06,.225,.225,.225,.225, 51
02/03/2020,06:17,.23,.23,.23,.23, 1397
02/03/2020,06:31,.22,.22,.22,.22, 463
02/04/2020,00:23,.225,.225,.225,.225, 2500
02/04/2020,00:31,.225,.225,.225,.225, 5000
02/04/2020,00:33,.225,.225,.225,.225, 7471
02/04/2020,02:21,.225,.225,.225,.225, 1719
02/04/2020,02:29,.22,.22,.22,.22, 21854
02/04/2020,04:32,.225,.225,.225,.225, 663
02/04/2020,05:24,.225,.225,.225,.225, 5194
02/04/2020,05:30,.225,.225,.225,.225, 7855
02/04/2020,06:10,.225,.225,.225,.225, 4000
02/04/2020,06:19,.23,.23,.23,.23, 72951
02/04/2020,06:31,.22,.22,.22,.22, 1946
02/05/2020,01:35,.23,.23,.23,.23, 14128
02/05/2020,03:08,.225,.225,.225,.225, 2500
02/05/2020,04:44,.22,.22,.22,.22, 9756
02/05/2020,05:36,.22,.22,.22,.22, 42930
02/05/2020,05:51,.22,.22,.22,.22, 150
02/05/2020,06:05,.22,.22,.22,.22, 138
02/05/2020,06:08,.222,.225,.222,.225, 75923
02/05/2020,06:31,.23,.23,.23,.23, 722
02/06/2020,00:23,.22,.22,.22,.22, 44613
02/06/2020,05:43,.22,.22,.22,.22, 23341
02/06/2020,06:10,.222,.222,.22,.22, 3007
02/06/2020,06:31,.22,.22,.22,.22, 27021
02/07/2020,00:23,.22,.22,.22,.22, 2104
02/07/2020,00:44,.22,.22,.215,.215, 136590
02/07/2020,00:51,.218,.218,.218,.218, 9224
02/07/2020,01:02,.215,.215,.215,.215, 26118
02/07/2020,01:03,.212,.215,.21,.21, 6580
02/07/2020,01:17,.212,.22,.212,.215, 26040
02/07/2020,01:33,.22,.22,.22,.22, 31363
02/07/2020,02:05,.22,.22,.22,.22, 326
02/07/2020,02:30,.222,.222,.222,.222, 161
02/07/2020,02:34,.22,.22,.22,.22, 20661
02/07/2020,02:34,.22,.22,.22,.22, 126
02/07/2020,02:39,.22,.22,.22,.22, 49
02/07/2020,02:44,.22,.22,.22,.22, 136
02/07/2020,03:02,.218,.22,.215,.215, 11654
02/07/2020,03:02,.22,.222,.22,.22, 49425
02/07/2020,03:05,.222,.222,.222,.222, 55
02/07/2020,03:27,.222,.222,.222,.222, 144
02/07/2020,03:47,.22,.222,.22,.222, 394
02/07/2020,04:05,.22,.222,.22,.22, 15402
02/07/2020,04:08,.222,.222,.222,.222, 144
02/07/2020,04:23,.22,.22,.215,.215, 43892
02/07/2020,04:51,.22,.22,.22,.22, 5
02/07/2020,04:52,.22,.22,.22,.22, 10
02/07/2020,04:53,.22,.22,.22,.22, 10
02/07/2020,04:54,.215,.218,.215,.218, 5408
02/07/2020,04:55,.218,.218,.218,.218, 29
02/07/2020,04:58,.218,.218,.218,.218, 29
02/07/2020,05:01,.218,.218,.218,.218, 30
02/07/2020,05:04,.218,.218,.218,.218, 30
02/07/2020,05:06,.218,.218,.218,.218, 28
02/07/2020,05:09,.218,.218,.218,.218, 29
02/07/2020,05:12,.218,.218,.218,.218, 28
02/07/2020,05:15,.218,.218,.218,.218, 30
02/07/2020,05:17,.218,.218,.218,.218, 28
02/07/2020,05:20,.218,.218,.218,.218, 28
02/07/2020,05:23,.22,.22,.22,.22, 14
02/07/2020,05:32,.218,.218,.218,.218, 31
02/07/2020,05:33,.218,.218,.218,.218, 33
02/07/2020,05:37,.218,.218,.218,.218, 150
02/07/2020,05:39,.22,.22,.215,.215, 757
02/07/2020,05:40,.22,.22,.22,.22, 10
02/07/2020,05:41,.22,.22,.22,.22, 12
02/07/2020,05:42,.22,.22,.22,.22, 13
02/07/2020,05:42,.22,.22,.22,.22, 1
02/07/2020,05:45,.218,.218,.218,.218, 13
02/07/2020,05:46,.218,.218,.218,.218, 11
02/07/2020,05:48,.218,.218,.218,.218, 13
02/07/2020,05:49,.218,.218,.218,.218, 11
02/07/2020,05:50,.218,.218,.218,.218, 14
02/07/2020,05:52,.218,.218,.218,.218, 10
02/07/2020,05:53,.218,.218,.218,.218, 13
02/07/2020,05:55,.218,.218,.218,.218, 32
02/07/2020,05:56,.215,.215,.215,.215, 30552
02/07/2020,06:01,.215,.215,.215,.215, 95
02/07/2020,06:03,.215,.215,.215,.215, 81
02/07/2020,06:04,.215,.215,.215,.215, 38
02/07/2020,06:05,.215,.215,.215,.215, 41
02/07/2020,06:06,.215,.215,.215,.215, 40
02/07/2020,06:07,.215,.215,.215,.215, 42
02/07/2020,06:08,.215,.215,.215,.215, 40
02/07/2020,06:09,.215,.215,.215,.215, 45
02/07/2020,06:10,.215,.215,.215,.215, 40
02/07/2020,06:11,.215,.215,.215,.215, 48
02/07/2020,06:12,.215,.215,.215,.215, 48
02/07/2020,06:13,.215,.215,.215,.215, 2501
02/07/2020,06:15,.215,.215,.215,.215, 52
02/07/2020,06:16,.215,.215,.215,.215, 49
02/07/2020,06:17,.215,.215,.215,.215, 167
02/07/2020,06:19,.215,.215,.215,.215, 18236
02/07/2020,06:19,.215,.215,.215,.215, 82173
02/07/2020,06:31,.225,.225,.225,.225, 10910
02/10/2020,01:23,.21,.21,.21,.21, 262
02/10/2020,01:39,.215,.215,.215,.215, 571
02/10/2020,01:51,.21,.21,.21,.21, 1436
02/10/2020,03:47,.215,.215,.215,.215, 54
02/10/2020,04:57,.22,.22,.218,.218, 1834
02/10/2020,04:59,.218,.218,.218,.218, 4023
02/10/2020,05:13,.218,.218,.215,.215, 2000
02/10/2020,05:53,.22,.22,.218,.218, 3104
02/10/2020,06:31,.22,.22,.22,.22, 1653
02/11/2020,01:53,.215,.215,.215,.215, 59111
02/11/2020,02:15,.215,.215,.215,.215, 1049
02/11/2020,02:22,.215,.215,.215,.215, 192
02/11/2020,02:40,.215,.215,.215,.215, 457
02/11/2020,02:59,.215,.215,.215,.215, 1930
02/11/2020,03:37,.215,.215,.215,.215, 12038
02/11/2020,05:52,.218,.218,.215,.215, 2386
02/11/2020,05:58,.215,.215,.215,.215, 8888
02/11/2020,05:58,.215,.215,.215,.215, 1778
02/11/2020,06:11,.215,.215,.215,.215, 11197
02/11/2020,06:20,.215,.22,.21,.21, 17560
02/11/2020,06:31,.22,.22,.22,.22, 49687
02/13/2020,00:23,.21,.21,.21,.21, 32749
02/13/2020,00:41,.21,.21,.21,.21, 377
02/13/2020,00:55,.212,.212,.21,.21, 5655
02/13/2020,01:17,.21,.21,.21,.21, 10536
02/13/2020,01:43,.212,.215,.212,.215, 17654
02/13/2020,02:31,.215,.215,.215,.215, 1892
02/13/2020,02:35,.21,.21,.21,.21, 1211
02/13/2020,03:19,.21,.21,.21,.21, 1078
02/13/2020,04:31,.21,.21,.21,.21, 144
02/13/2020,05:06,.21,.21,.21,.21, 131057
02/13/2020,05:10,.21,.21,.21,.21, 71643
02/13/2020,05:14,.21,.21,.21,.21, 7189
02/13/2020,05:15,.21,.21,.21,.21, 1586
02/13/2020,05:57,.21,.21,.21,.21, 2131
02/13/2020,06:15,.21,.21,.21,.21, 143
02/13/2020,06:20,.21,.21,.21,.21, 1766
02/13/2020,06:31,.21,.21,.21,.21, 2159
02/14/2020,01:23,.21,.21,.21,.21, 221
02/14/2020,02:02,.205,.205,.205,.205, 43642
02/14/2020,02:23,.205,.205,.205,.205, 160
02/14/2020,02:27,.205,.205,.205,.205, 201
02/14/2020,02:44,.205,.205,.205,.205, 126162
02/14/2020,02:44,.21,.21,.21,.21, 2050
02/14/2020,02:50,.205,.205,.205,.205, 217
02/14/2020,02:57,.205,.205,.205,.205, 972
02/14/2020,03:11,.205,.205,.205,.205, 195
02/14/2020,03:33,.205,.205,.205,.205, 212
02/14/2020,03:52,.205,.205,.205,.205, 351
02/14/2020,03:54,.205,.205,.205,.205, 191
02/14/2020,04:06,.205,.205,.205,.205, 16100
02/14/2020,04:16,.205,.205,.205,.205, 208
02/14/2020,04:26,.205,.207,.205,.207, 3905
02/14/2020,04:35,.205,.205,.205,.205, 187
02/14/2020,04:45,.205,.205,.205,.205, 21242
02/14/2020,04:56,.205,.205,.205,.205, 203
02/14/2020,04:58,.205,.205,.205,.205, 12500
02/14/2020,05:12,.205,.205,.205,.205, 4045
02/14/2020,05:14,.205,.205,.205,.205, 178
02/14/2020,05:28,.205,.205,.205,.205, 167
02/14/2020,05:34,.205,.205,.205,.205, 265
02/14/2020,05:35,.205,.205,.205,.205, 199
02/14/2020,05:51,.205,.205,.205,.205, 165
02/14/2020,06:02,.205,.205,.205,.205, 10841
02/14/2020,06:03,.205,.205,.205,.205, 140
02/14/2020,06:04,.205,.205,.205,.205, 4594
02/14/2020,06:12,.205,.205,.205,.205, 67
02/14/2020,06:15,.205,.205,.205,.205, 18553
02/14/2020,06:16,.205,.205,.205,.205, 34
02/14/2020,06:19,.205,.205,.205,.205, 12
02/14/2020,06:31,.205,.205,.205,.205, 26523
02/17/2020,00:23,.205,.205,.205,.205, 86302
02/17/2020,00:38,.205,.205,.205,.205, 107532
02/17/2020,00:52,.205,.205,.205,.205, 9930
02/17/2020,01:02,.205,.205,.205,.205, 6764
02/17/2020,02:14,.205,.205,.205,.205, 28034
02/17/2020,02:40,.205,.205,.205,.205, 4000
02/17/2020,02:52,.205,.205,.205,.205, 2000
02/17/2020,03:30,.205,.205,.205,.205, 22500
02/17/2020,03:44,.205,.205,.205,.205, 299
02/17/2020,04:03,.205,.205,.205,.205, 2495
02/17/2020,06:06,.205,.205,.205,.205, 29298
02/17/2020,06:08,.205,.205,.205,.205, 3051
02/17/2020,06:31,.205,.205,.205,.205, 17098
02/18/2020,02:07,.205,.205,.205,.205, 10857
02/18/2020,02:19,.205,.205,.2,.203, 294029
02/18/2020,03:10,.2,.2,.2,.2, 9844
02/18/2020,04:01,.2,.2,.2,.2, 2561
02/18/2020,04:06,.205,.205,.205,.205, 2564
02/18/2020,04:11,.2,.2,.2,.2, 30000
02/18/2020,04:20,.2,.2,.2,.2, 536
02/18/2020,04:30,.203,.205,.2,.2, 439954
02/18/2020,05:05,.2,.2,.2,.2, 1094
02/18/2020,05:07,.205,.205,.2,.205, 215947
02/18/2020,05:33,.205,.205,.205,.205, 188
02/18/2020,05:43,.205,.205,.205,.205, 27500
02/18/2020,05:52,.21,.21,.21,.21, 265855
02/19/2020,00:44,.21,.21,.205,.205, 44016
02/19/2020,01:48,.207,.207,.207,.207, 35
02/19/2020,02:09,.21,.21,.205,.205, 42028
02/19/2020,02:22,.207,.207,.207,.207, 39
02/19/2020,02:24,.207,.207,.207,.207, 3315
02/19/2020,03:00,.207,.207,.207,.207, 33
02/19/2020,03:35,.207,.207,.207,.207, 39
02/19/2020,04:06,.205,.205,.205,.205, 37837
02/19/2020,05:07,.207,.207,.207,.207, 35
02/19/2020,05:13,.207,.207,.207,.207, 15000
02/19/2020,05:14,.207,.207,.207,.207, 1038
02/19/2020,05:32,.207,.207,.207,.207, 34
02/19/2020,05:46,.207,.207,.207,.207, 36
02/19/2020,05:59,.207,.207,.207,.207, 25
02/19/2020,06:10,.207,.207,.207,.207, 21
02/19/2020,06:12,.207,.207,.205,.205, 7221
02/19/2020,06:13,.207,.207,.207,.207, 70
02/19/2020,06:14,.207,.21,.207,.207, 101
02/19/2020,06:15,.21,.21,.207,.207, 45
02/19/2020,06:16,.207,.21,.207,.21, 85
02/19/2020,06:17,.21,.21,.21,.21, 43
02/19/2020,06:18,.21,.21,.21,.21, 63
02/19/2020,06:19,.21,.21,.21,.21, 81
02/19/2020,06:20,.21,.21,.21,.21, 74
02/19/2020,06:31,.205,.205,.205,.205, 7272
02/20/2020,00:23,.205,.205,.205,.205, 6000
02/20/2020,01:39,.207,.207,.207,.207, 23809
02/20/2020,01:40,.207,.207,.207,.207, 23809
02/20/2020,02:20,.205,.205,.205,.205, 449
02/20/2020,03:08,.205,.205,.205,.205, 4232
02/20/2020,04:24,.205,.205,.2,.2, 112881
02/20/2020,04:45,.2,.2,.2,.2, 1641
02/20/2020,06:16,.2,.2,.2,.2, 2886
02/20/2020,06:32,.21,.21,.21,.21, 100
02/21/2020,00:55,.21,.21,.21,.21, 1
02/21/2020,01:14,.21,.21,.21,.21, 3
02/21/2020,01:51,.21,.21,.21,.21, 3
02/21/2020,02:13,.21,.21,.21,.21, 2
02/21/2020,02:31,.205,.205,.205,.205, 3
02/21/2020,02:46,.205,.205,.205,.205, 2
02/21/2020,03:02,.205,.205,.205,.205, 2
02/21/2020,03:26,.205,.205,.205,.205, 3
02/21/2020,03:42,.205,.205,.205,.205, 2
02/21/2020,04:05,.205,.205,.205,.205, 5
02/21/2020,04:28,.203,.203,.203,.203, 2037
02/21/2020,04:41,.205,.205,.205,.205, 5209
02/21/2020,04:44,.207,.207,.207,.207, 2
02/21/2020,04:57,.21,.21,.21,.21, 3
02/21/2020,04:59,.207,.207,.207,.207, 927
02/21/2020,05:00,.207,.207,.207,.207, 2
02/21/2020,05:13,.205,.205,.2,.2, 221890
02/21/2020,05:14,.2,.2,.2,.2, 143675
02/21/2020,05:35,.205,.205,.205,.205, 3
02/21/2020,05:53,.205,.205,.205,.205, 2
02/21/2020,06:02,.2,.2,.2,.2, 213315
02/21/2020,06:08,.2,.2,.2,.2, 49
02/21/2020,06:15,.2,.2,.2,.2, 2939
02/21/2020,06:16,.195,.195,.195,.195, 16
02/21/2020,06:18,.2,.2,.2,.2, 7370
02/21/2020,06:20,.2,.2,.2,.2, 12
02/21/2020,06:31,.2,.2,.2,.2, 751
02/24/2020,00:23,.2,.2,.2,.2, 20193
02/24/2020,00:34,.2,.2,.195,.195, 288076
02/24/2020,00:40,.195,.195,.195,.195, 6020
02/24/2020,01:05,.195,.195,.19,.19, 104809
02/24/2020,01:08,.19,.19,.19,.19, 116
02/24/2020,01:09,.185,.185,.185,.185, 8637
02/24/2020,01:31,.188,.188,.185,.185, 20517
02/24/2020,02:47,.19,.19,.19,.19, 3178
02/24/2020,03:14,.185,.185,.185,.185, 71
02/24/2020,03:53,.185,.185,.185,.185, 549
02/24/2020,04:00,.19,.19,.19,.19, 2855
02/24/2020,04:22,.192,.192,.192,.192, 16992
02/24/2020,04:57,.19,.19,.19,.19, 567
02/24/2020,05:52,.195,.195,.195,.195, 225
02/24/2020,06:09,.192,.192,.192,.192, 1165
02/24/2020,06:20,.19,.19,.19,.19, 15096
02/24/2020,06:31,.19,.19,.19,.19, 10720
02/25/2020,00:23,.19,.19,.18,.18, 176073
02/25/2020,00:24,.18,.18,.18,.18, 4690
02/25/2020,00:36,.18,.18,.18,.18, 75600
02/25/2020,00:37,.18,.18,.18,.18, 5556
02/25/2020,00:38,.18,.18,.18,.18, 4100
02/25/2020,00:40,.18,.18,.175,.175, 45501
02/25/2020,01:05,.175,.175,.175,.175, 16666
02/25/2020,01:18,.18,.18,.175,.175, 124035
02/25/2020,01:40,.18,.18,.18,.18, 1950
02/25/2020,02:58,.185,.19,.185,.19, 3051
02/25/2020,03:02,.19,.19,.19,.19, 19266
02/25/2020,03:04,.195,.195,.195,.195, 4292
02/25/2020,03:41,.195,.195,.195,.195, 23908
02/25/2020,04:02,.195,.195,.175,.175, 125939
02/25/2020,04:13,.18,.18,.18,.18, 386
02/25/2020,04:30,.18,.18,.18,.18, 1249
02/25/2020,04:47,.185,.185,.185,.185, 994
02/25/2020,04:48,.19,.19,.19,.19, 10000
02/25/2020,04:56,.19,.19,.19,.19, 994
02/25/2020,05:12,.19,.19,.19,.19, 1291
02/25/2020,05:30,.19,.19,.19,.19, 1049
02/25/2020,05:33,.19,.19,.19,.19, 116
02/25/2020,05:36,.195,.195,.19,.19, 3927
02/25/2020,05:37,.195,.195,.195,.195, 11
02/25/2020,05:48,.19,.19,.19,.19, 134
02/25/2020,05:49,.195,.195,.195,.195, 1116
02/25/2020,05:55,.19,.195,.19,.195, 20831
02/25/2020,06:02,.2,.2,.2,.2, 14
02/25/2020,06:04,.2,.2,.2,.2, 176612
02/25/2020,06:05,.2,.2,.2,.2, 18599
02/25/2020,06:06,.205,.205,.205,.205, 11
02/25/2020,06:08,.205,.205,.205,.205, 19
02/25/2020,06:11,.205,.205,.205,.205, 13
02/25/2020,06:14,.2,.2,.2,.2, 47362
02/25/2020,06:16,.2,.205,.2,.205, 14603
02/25/2020,06:18,.205,.205,.205,.205, 13
02/25/2020,06:19,.205,.205,.205,.205, 9
02/25/2020,06:31,.205,.205,.205,.205, 36775
02/26/2020,00:23,.18,.195,.18,.195, 79120
02/26/2020,00:27,.192,.192,.192,.192, 132499
02/26/2020,00:28,.192,.192,.192,.192, 150000
02/26/2020,00:29,.192,.192,.19,.19, 380270
02/26/2020,00:32,.188,.188,.188,.188, 50000
02/26/2020,00:33,.188,.188,.185,.185, 31460
02/26/2020,00:35,.185,.185,.185,.185, 3000
02/26/2020,00:46,.19,.19,.19,.19, 80
02/26/2020,00:56,.195,.195,.195,.195, 1800
02/26/2020,01:08,.195,.195,.195,.195, 20
02/26/2020,01:10,.2,.2,.2,.2, 40100
02/26/2020,01:11,.2,.2,.2,.2, 94151
02/26/2020,01:21,.2,.2,.2,.2, 54352
02/26/2020,01:46,.2,.2,.2,.2, 49873
02/26/2020,02:20,.2,.2,.2,.2, 41054
02/26/2020,02:20,.2,.2,.2,.2, 8579
02/26/2020,03:07,.2,.2,.2,.2, 150000
02/26/2020,03:08,.2,.2,.2,.2, 41783
02/26/2020,03:17,.195,.195,.19,.19, 205591
02/26/2020,03:36,.19,.19,.19,.19, 154145
02/26/2020,03:39,.19,.19,.19,.19, 52236
02/26/2020,04:05,.19,.19,.185,.185, 248492
02/26/2020,04:50,.19,.19,.19,.19, 3115
02/26/2020,05:14,.19,.19,.19,.19, 15000
02/26/2020,05:15,.19,.19,.19,.19, 4000
02/26/2020,05:37,.195,.195,.195,.195, 11
02/26/2020,05:39,.195,.195,.195,.195, 1089
02/26/2020,05:51,.2,.2,.2,.2, 40
02/26/2020,05:59,.197,.197,.197,.197, 25
02/26/2020,06:04,.197,.197,.195,.195, 10013
02/26/2020,06:04,.195,.195,.195,.195, 9926
02/26/2020,06:10,.195,.195,.195,.195, 20505
02/26/2020,06:31,.2,.2,.2,.2, 25063

