04/07/2020,08:36,2499.22,2499.22,2499.22,2499.22, 1
04/07/2020,08:36,2499.22,2499.22,2499.22,2499.22, 1
04/07/2020,13:08,2517.2,2517.2,2517.2,2517.2, 1
04/08/2020,13:05,2514.62,2514.62,2514.62,2514.62, 1
04/09/2020,13:08,2512.93,2512.93,2512.93,2512.93, 1
04/14/2020,13:07,2532.34,2532.34,2532.34,2532.34, 1
04/15/2020,13:09,2529.32,2529.32,2529.32,2529.32, 1
04/16/2020,13:08,2517.48,2517.48,2517.48,2517.48, 1
04/17/2020,13:06,2507.46,2507.46,2507.46,2507.46, 1
04/18/2020,14:35,2507.46,2507.46,2507.46,2507.46, 1
04/18/2020,15:12,2507.46,2507.46,2507.46,2507.46, 1
04/18/2020,15:22,2507.46,2507.46,2507.46,2507.46, 1

