01/02/2020,16:00,2.31,2.31,2.31,2.31, 190
01/02/2020,16:25,2.31,2.31,2.31,2.31, 935
01/02/2020,16:47,2.33,2.33,2.33,2.33, 100
01/02/2020,18:01,2.3,2.3,2.3,2.3, 250
01/02/2020,18:21,2.23,2.23,2.1,2.1, 489
01/02/2020,18:35,2.206,2.206,2.206,2.206, 100
01/02/2020,18:35,2.235,2.235,2.235,2.235, 100
01/02/2020,19:26,2.19,2.19,2.19,2.19, 162
01/02/2020,22:00,2.23,2.23,2.23,2.23, 100
01/03/2020,15:37,2.1,2.1,2.1,2.1, 1506
01/03/2020,16:15,2.17,2.17,2.17,2.17, 100
01/03/2020,22:01,2.16,2.16,2.16,2.16, 116
01/06/2020,15:31,2.24,2.24,2.24,2.24, 122
01/06/2020,16:12,2.236,2.236,2.236,2.236, 500
01/06/2020,16:13,2.259,2.27,2.234,2.234, 1928
01/06/2020,16:14,2.286,2.29,2.22,2.289, 1160
01/06/2020,16:19,2.33,2.33,2.33,2.33, 1000
01/06/2020,16:52,2.312,2.312,2.312,2.312, 200
01/06/2020,20:58,2.26,2.26,2.26,2.26, 207
01/06/2020,21:31,2.21,2.21,2.05,2.05, 18786
01/07/2020,15:34,2.221,2.221,2.221,2.221, 168
01/07/2020,16:04,2.26,2.28,2.26,2.28, 11500
01/07/2020,16:06,2.22,2.22,2.22,2.22, 900
01/07/2020,16:14,2.324,2.324,2.324,2.324, 500
01/07/2020,16:23,2.14,2.14,2.14,2.14, 445
01/07/2020,16:24,2.134,2.14,2.13,2.138, 1200
01/07/2020,16:25,2.24,2.319,2.24,2.24, 700
01/07/2020,16:26,2.24,2.24,2.24,2.24, 400
01/07/2020,16:27,2.24,2.24,2.24,2.24, 400
01/07/2020,16:28,2.28,2.28,2.24,2.24, 394
01/07/2020,16:45,2.326,2.33,2.31,2.329, 1900
01/07/2020,16:46,2.33,2.33,2.33,2.33, 200
01/07/2020,16:48,2.35,2.35,2.35,2.35, 100
01/07/2020,16:56,2.287,2.287,2.287,2.287, 869
01/07/2020,17:48,2.336,2.336,2.336,2.336, 400
01/07/2020,17:54,2.28,2.28,2.28,2.28, 210
01/07/2020,19:52,2.33,2.33,2.33,2.33, 203
01/07/2020,19:53,2.322,2.322,2.32,2.32, 300
01/07/2020,20:38,2.32,2.32,2.32,2.32, 100
01/07/2020,20:53,2.33,2.33,2.33,2.33, 100
01/07/2020,20:53,2.325,2.325,2.325,2.325, 500
01/07/2020,20:57,2.34,2.34,2.319,2.319, 700
01/07/2020,20:58,2.329,2.34,2.325,2.34, 1380
01/08/2020,15:51,2.319,2.319,2.319,2.319, 2000
01/08/2020,15:52,2.33,2.33,2.33,2.33, 300
01/08/2020,16:08,2.239,2.239,2.239,2.239, 104
01/08/2020,16:54,2.44,2.44,2.44,2.44, 198
01/08/2020,17:07,2.438,2.438,2.438,2.438, 225
01/08/2020,17:26,2.42,2.42,2.42,2.42, 100
01/08/2020,17:28,2.4,2.4,2.4,2.4, 100
01/08/2020,19:09,2.369,2.369,2.369,2.369, 193
01/08/2020,21:46,2.36,2.36,2.36,2.36, 100
01/08/2020,21:53,2.382,2.382,2.382,2.382, 250
01/08/2020,21:55,2.378,2.378,2.378,2.378, 500
01/09/2020,15:49,2.456,2.456,2.456,2.456, 100
01/09/2020,16:01,2.48,2.48,2.48,2.48, 549
01/09/2020,16:22,2.43,2.43,2.43,2.43, 300
01/09/2020,17:13,2.43,2.43,2.43,2.43, 247
01/09/2020,17:20,2.415,2.415,2.415,2.415, 122
01/09/2020,17:42,2.38,2.39,2.38,2.39, 1000
01/09/2020,17:49,2.38,2.38,2.38,2.38, 2832
01/09/2020,18:41,2.37,2.4,2.37,2.399, 1496
01/09/2020,18:42,2.38,2.4,2.38,2.385, 1000
01/09/2020,19:29,2.402,2.402,2.402,2.402, 600
01/09/2020,19:32,2.411,2.411,2.411,2.411, 500
01/09/2020,19:33,2.41,2.415,2.41,2.415, 1400
01/09/2020,19:34,2.4,2.4,2.4,2.4, 590
01/09/2020,19:37,2.4,2.43,2.375,2.375, 2000
01/09/2020,19:44,2.43,2.43,2.389,2.389, 600
01/09/2020,20:16,2.34,2.34,2.34,2.34, 2000
01/09/2020,20:17,2.341,2.341,2.34,2.34, 3221
01/09/2020,20:47,2.247,2.247,2.247,2.247, 400
01/09/2020,20:57,2.34,2.34,2.34,2.34, 1000
01/09/2020,21:17,2.326,2.326,2.326,2.326, 200
01/09/2020,21:25,2.29,2.29,2.29,2.29, 100
01/09/2020,21:32,2.3,2.3,2.3,2.3, 150
01/09/2020,21:41,2.284,2.284,2.284,2.284, 300
01/10/2020,16:04,2.3,2.3,2.3,2.3, 100
01/10/2020,16:17,2.344,2.344,2.344,2.344, 1261
01/10/2020,16:44,2.35,2.35,2.35,2.35, 770
01/10/2020,16:50,2.34,2.34,2.34,2.34, 650
01/10/2020,16:57,2.34,2.34,2.34,2.34, 100
01/10/2020,17:12,2.339,2.339,2.3,2.3, 1600
01/10/2020,18:43,2.36,2.36,2.36,2.36, 103
01/10/2020,19:06,2.311,2.311,2.311,2.311, 7897
01/10/2020,20:49,2.35,2.35,2.35,2.35, 100
01/10/2020,21:53,2.355,2.355,2.355,2.355, 300
01/13/2020,16:04,2.38,2.38,2.38,2.38, 225
01/13/2020,17:09,2.45,2.45,2.45,2.45, 100
01/13/2020,20:37,2.36,2.36,2.36,2.36, 193
01/14/2020,21:09,2.27,2.27,2.27,2.27, 100
01/15/2020,15:32,2.395,2.395,2.395,2.395, 300
01/15/2020,15:32,2.43,2.47,2.296,2.47, 1722
01/15/2020,15:35,2.452,2.452,2.44,2.44, 400
01/15/2020,16:25,2.326,2.416,2.326,2.416, 750
01/15/2020,17:08,2.355,2.355,2.355,2.355, 500
01/15/2020,17:36,2.264,2.264,2.264,2.264, 300
01/15/2020,17:53,2.398,2.398,2.398,2.398, 500
01/15/2020,17:56,2.26,2.26,2.26,2.26, 900
01/15/2020,19:21,2.272,2.272,2.272,2.272, 148
01/15/2020,20:34,2.42,2.42,2.42,2.42, 100
01/16/2020,16:01,2.429,2.429,2.429,2.429, 500
01/21/2020,15:31,2.35,2.35,2.35,2.35, 142
01/21/2020,16:07,2.27,2.27,2.27,2.27, 199
01/21/2020,17:36,2.44,2.44,2.44,2.44, 100
01/21/2020,21:47,2.44,2.44,2.44,2.44, 100
01/22/2020,15:32,2.27,2.27,2.261,2.261, 301
01/22/2020,15:42,2.43,2.43,2.43,2.43, 100
01/22/2020,16:36,2.405,2.405,2.405,2.405, 300
01/22/2020,19:21,2.38,2.38,2.38,2.38, 100
01/22/2020,20:56,2.27,2.27,2.26,2.26, 391
01/22/2020,21:15,2.261,2.261,2.261,2.261, 160
01/22/2020,21:23,2.359,2.359,2.359,2.359, 500
01/23/2020,16:09,2.419,2.419,2.41,2.41, 623
01/23/2020,17:19,2.4,2.4,2.39,2.399, 600
01/23/2020,17:19,2.4,2.4,2.4,2.4, 303
01/23/2020,17:22,2.415,2.415,2.41,2.415, 772
01/23/2020,17:24,2.388,2.388,2.388,2.388, 300
01/23/2020,17:55,2.37,2.37,2.37,2.37, 100
01/23/2020,20:04,2.39,2.39,2.39,2.39, 506
01/23/2020,20:53,2.399,2.399,2.39,2.39, 800
01/24/2020,19:20,2.4,2.4,2.4,2.4, 100
01/27/2020,19:23,2.235,2.235,2.235,2.235, 300
01/27/2020,20:49,2.37,2.37,2.37,2.37, 100
01/27/2020,22:01,2.32,2.32,2.32,2.32, 194
01/28/2020,15:31,2.24,2.24,2.24,2.24, 104
01/28/2020,18:29,2.36,2.36,2.36,2.36, 100
01/28/2020,21:17,2.31,2.31,2.31,2.31, 600
01/28/2020,21:35,2.25,2.25,2.25,2.25, 500
01/29/2020,15:45,2.29,2.29,2.29,2.29, 100
01/30/2020,15:44,2.195,2.195,2.195,2.195, 500
01/30/2020,17:22,2.235,2.235,2.235,2.235, 100
01/30/2020,20:55,2.22,2.22,2.22,2.22, 130
01/30/2020,21:30,2.23,2.23,2.23,2.23, 100
01/31/2020,15:46,2.132,2.132,2.132,2.132, 130
01/31/2020,19:59,2.236,2.236,2.236,2.236, 330
01/31/2020,21:07,2.23,2.23,2.23,2.23, 100

