02/03/2020,16:31,9.77,9.77,9.77,9.77, 1
02/03/2020,17:01,9.77,9.77,9.77,9.77, 1
02/04/2020,16:31,10.24,10.24,10.24,10.24, 1
02/04/2020,17:01,10.24,10.24,10.24,10.24, 1
02/05/2020,16:31,10.35,10.35,10.35,10.35, 1
02/05/2020,17:01,10.35,10.35,10.35,10.35, 1
02/06/2020,16:31,10.38,10.38,10.38,10.38, 1
02/06/2020,17:01,10.38,10.38,10.38,10.38, 1
02/07/2020,16:31,10.15,10.15,10.15,10.15, 1
02/07/2020,17:01,10.15,10.15,10.15,10.15, 1
02/10/2020,16:31,9.91,9.91,9.91,9.91, 1
02/10/2020,17:01,9.91,9.91,9.91,9.91, 1
02/11/2020,16:31,10.16,10.16,10.16,10.16, 1
02/11/2020,17:01,10.16,10.16,10.16,10.16, 1
02/12/2020,16:31,10.04,10.04,10.04,10.04, 1
02/12/2020,17:01,10.04,10.04,10.04,10.04, 1
02/13/2020,16:31,10.01,10.01,10.01,10.01, 1
02/13/2020,17:01,10.01,10.01,10.01,10.01, 1
02/14/2020,16:31,9.98,9.98,9.98,9.98, 1
02/14/2020,17:01,9.98,9.98,9.98,9.98, 1
02/17/2020,16:31,9.99,9.99,9.99,9.99, 1
02/17/2020,17:01,9.99,9.99,9.99,9.99, 1
02/18/2020,17:01,9.9,9.9,9.9,9.9, 1
02/19/2020,16:31,9.8,9.8,9.8,9.8, 1
02/19/2020,17:01,9.8,9.8,9.8,9.8, 1
02/20/2020,16:31,9.57,9.57,9.57,9.57, 1
02/20/2020,17:01,9.57,9.57,9.57,9.57, 1
02/21/2020,17:01,9.57,9.57,9.57,9.57, 1
02/24/2020,16:31,9.4,9.4,9.4,9.4, 1
02/24/2020,17:01,9.4,9.4,9.4,9.4, 1
02/25/2020,16:31,9.25,9.25,9.25,9.25, 1
02/25/2020,17:01,9.25,9.25,9.25,9.25, 1
02/26/2020,16:31,9.37,9.37,9.37,9.37, 1
02/26/2020,17:01,9.37,9.37,9.37,9.37, 1
02/28/2020,16:31,8.51,8.51,8.51,8.51, 1
02/28/2020,17:01,8.51,8.51,8.51,8.51, 1

