03/02/2020,00:25,.076,.076,.076,.076, 7000
03/02/2020,00:32,.073,.073,.073,.073, 123405
03/02/2020,00:34,.072,.072,.072,.072, 50685
03/02/2020,00:34,.071,.071,.071,.071, 66817
03/02/2020,00:36,.072,.074,.072,.072, 91772
03/02/2020,00:48,.072,.072,.072,.072, 48333
03/02/2020,00:52,.071,.071,.071,.071, 29727
03/02/2020,00:57,.071,.072,.071,.072, 5170
03/02/2020,00:57,.073,.073,.073,.073, 20000
03/02/2020,01:03,.072,.072,.071,.071, 6554
03/02/2020,01:05,.071,.071,.071,.071, 149247
03/02/2020,01:06,.072,.073,.072,.073, 146969
03/02/2020,01:07,.072,.072,.072,.072, 21373
03/02/2020,01:17,.074,.074,.074,.074, 22635
03/02/2020,01:29,.074,.074,.074,.074, 36100
03/02/2020,01:42,.074,.074,.074,.074, 14692
03/02/2020,01:45,.074,.074,.074,.074, 2341
03/02/2020,02:39,.073,.074,.073,.074, 194800
03/02/2020,02:46,.075,.075,.075,.075, 7228
03/02/2020,02:46,.074,.074,.074,.074, 15909
03/02/2020,02:47,.072,.072,.072,.072, 2882
03/02/2020,02:58,.072,.072,.072,.072, 208128
03/02/2020,03:22,.073,.073,.073,.073, 54437
03/02/2020,04:26,.074,.074,.074,.074, 11752
03/02/2020,04:33,.074,.074,.074,.074, 27688
03/02/2020,04:36,.074,.074,.073,.073, 19603
03/02/2020,05:02,.073,.073,.073,.073, 1223
03/02/2020,05:22,.073,.073,.073,.073, 11111
03/02/2020,05:28,.073,.073,.073,.073, 23825
03/02/2020,05:42,.073,.073,.073,.073, 14006
03/02/2020,05:46,.073,.073,.073,.073, 1667
03/02/2020,05:52,.073,.073,.073,.073, 44444
03/02/2020,05:56,.073,.073,.073,.073, 12963
03/02/2020,05:58,.073,.073,.073,.073, 1440
03/02/2020,06:02,.073,.073,.073,.073, 2778
03/02/2020,06:17,.073,.073,.073,.073, 97343
03/02/2020,06:31,.072,.072,.072,.072, 33333
03/03/2020,00:25,.075,.075,.075,.075, 7464
03/03/2020,00:30,.076,.076,.076,.076, 110125
03/03/2020,00:35,.076,.076,.076,.076, 50000
03/03/2020,00:38,.077,.078,.077,.078, 25745
03/03/2020,00:50,.078,.078,.078,.078, 5000
03/03/2020,00:53,.078,.078,.078,.078, 5000
03/03/2020,00:58,.077,.077,.077,.077, 39396
03/03/2020,01:04,.077,.077,.077,.077, 30000
03/03/2020,01:09,.078,.078,.078,.078, 6000
03/03/2020,01:12,.076,.076,.076,.076, 15052
03/03/2020,01:34,.075,.075,.075,.075, 58093
03/03/2020,01:35,.075,.075,.075,.075, 12460
03/03/2020,01:58,.075,.075,.075,.075, 11752
03/03/2020,01:59,.075,.075,.075,.075, 9491
03/03/2020,02:04,.075,.075,.075,.075, 2983
03/03/2020,02:08,.075,.075,.075,.075, 32400
03/03/2020,02:20,.075,.075,.075,.075, 153897
03/03/2020,02:47,.075,.075,.075,.075, 1
03/03/2020,02:48,.075,.075,.075,.075, 476947
03/03/2020,02:51,.073,.073,.073,.073, 1492
03/03/2020,02:59,.074,.074,.074,.074, 77450
03/03/2020,03:03,.073,.073,.073,.073, 31041
03/03/2020,03:19,.073,.073,.073,.073, 12400
03/03/2020,03:53,.073,.073,.073,.073, 30000
03/03/2020,04:07,.073,.073,.073,.073, 9730
03/03/2020,04:26,.073,.073,.073,.073, 20000
03/03/2020,04:56,.073,.073,.073,.073, 288
03/03/2020,05:08,.073,.073,.073,.073, 46141
03/03/2020,05:19,.073,.073,.073,.073, 21410
03/03/2020,05:23,.073,.073,.073,.073, 69190
03/03/2020,05:31,.073,.073,.073,.073, 25388
03/03/2020,05:47,.072,.072,.072,.072, 115432
03/03/2020,05:52,.071,.071,.069,.07, 76816
03/03/2020,06:12,.07,.07,.07,.07, 50000
03/03/2020,06:13,.072,.072,.072,.072, 16576
03/03/2020,06:15,.072,.072,.072,.072, 20178
03/03/2020,06:17,.073,.073,.073,.073, 65021
03/03/2020,06:32,.077,.077,.077,.077, 5048
03/04/2020,00:25,.075,.075,.075,.075, 16233
03/04/2020,00:26,.074,.074,.074,.074, 49788
03/04/2020,00:34,.074,.075,.074,.075, 38554
03/04/2020,00:36,.076,.076,.076,.076, 1
03/04/2020,00:46,.074,.074,.074,.074, 2800
03/04/2020,01:08,.076,.076,.076,.076, 21
03/04/2020,01:26,.075,.075,.075,.075, 22171
03/04/2020,01:50,.076,.076,.076,.076, 17
03/04/2020,01:51,.076,.076,.076,.076, 15660
03/04/2020,01:57,.075,.075,.075,.075, 105707
03/04/2020,02:09,.075,.075,.075,.075, 3
03/04/2020,02:17,.075,.075,.075,.075, 3
03/04/2020,02:21,.075,.075,.075,.075, 3
03/04/2020,02:25,.075,.075,.075,.075, 3
03/04/2020,02:29,.075,.075,.075,.075, 3
03/04/2020,02:33,.075,.075,.075,.075, 3
03/04/2020,02:37,.075,.075,.075,.075, 3
03/04/2020,02:40,.075,.075,.075,.075, 3
03/04/2020,02:42,.075,.075,.075,.075, 52380
03/04/2020,02:44,.075,.075,.075,.075, 53992
03/04/2020,02:51,.074,.075,.074,.075, 89718
03/04/2020,02:53,.074,.074,.074,.074, 26367
03/04/2020,03:02,.073,.073,.073,.073, 23
03/04/2020,03:23,.073,.073,.073,.073, 19998
03/04/2020,03:57,.073,.074,.073,.074, 45458
03/04/2020,04:01,.073,.073,.073,.073, 30000
03/04/2020,04:24,.073,.073,.073,.073, 26730
03/04/2020,04:53,.074,.074,.074,.074, 27
03/04/2020,05:22,.074,.074,.074,.074, 21
03/04/2020,05:32,.074,.074,.074,.074, 64003
03/04/2020,05:35,.073,.073,.073,.073, 3
03/04/2020,05:50,.074,.074,.074,.074, 9
03/04/2020,05:57,.074,.074,.074,.074, 17
03/04/2020,06:02,.073,.073,.073,.073, 12039
03/04/2020,06:08,.073,.074,.073,.074, 13495
03/04/2020,06:09,.074,.074,.074,.074, 5
03/04/2020,06:11,.074,.074,.074,.074, 6
03/04/2020,06:12,.074,.074,.074,.074, 7
03/04/2020,06:14,.074,.074,.074,.074, 7
03/04/2020,06:15,.074,.074,.074,.074, 5
03/04/2020,06:16,.073,.073,.073,.073, 75462
03/04/2020,06:17,.073,.073,.073,.073, 5
03/04/2020,06:18,.073,.073,.073,.073, 5
03/04/2020,06:19,.073,.073,.073,.073, 7
03/04/2020,06:19,.073,.073,.073,.073, 9
03/04/2020,06:31,.074,.074,.074,.074, 223
03/05/2020,00:25,.075,.075,.075,.075, 72614
03/05/2020,00:29,.077,.077,.077,.077, 1
03/05/2020,00:30,.077,.077,.077,.077, 11286
03/05/2020,00:34,.077,.077,.077,.077, 756
03/05/2020,00:39,.076,.076,.076,.076, 833
03/05/2020,00:45,.076,.076,.076,.076, 3475
03/05/2020,00:50,.076,.076,.076,.076, 9815
03/05/2020,00:55,.076,.076,.076,.076, 61720
03/05/2020,01:02,.076,.076,.076,.076, 16519
03/05/2020,01:02,.076,.076,.076,.076, 30181
03/05/2020,01:30,.075,.075,.075,.075, 21897
03/05/2020,01:38,.075,.075,.075,.075, 55519
03/05/2020,01:44,.075,.075,.075,.075, 7000
03/05/2020,01:46,.075,.075,.075,.075, 25953
03/05/2020,01:48,.075,.076,.075,.075, 143151
03/05/2020,02:01,.075,.075,.075,.075, 8934
03/05/2020,02:10,.075,.075,.075,.075, 21735
03/05/2020,02:12,.075,.075,.075,.075, 13000
03/05/2020,02:18,.075,.075,.075,.075, 844
03/05/2020,02:27,.075,.075,.075,.075, 864
03/05/2020,02:37,.075,.075,.075,.075, 891
03/05/2020,02:42,.075,.075,.075,.075, 861
03/05/2020,02:48,.075,.075,.075,.075, 862
03/05/2020,02:53,.075,.075,.075,.075, 22325
03/05/2020,02:55,.075,.075,.075,.075, 28939
03/05/2020,02:56,.075,.075,.075,.075, 858
03/05/2020,02:58,.075,.075,.075,.075, 65279
03/05/2020,03:03,.075,.075,.075,.075, 1016
03/05/2020,03:53,.075,.075,.075,.075, 394635
03/05/2020,03:57,.075,.075,.075,.075, 4520
03/05/2020,04:02,.074,.074,.074,.074, 29811
03/05/2020,04:06,.074,.075,.074,.075, 24741
03/05/2020,04:13,.075,.075,.075,.075, 3307
03/05/2020,04:16,.075,.075,.075,.075, 5698
03/05/2020,04:19,.074,.074,.074,.074, 28300
03/05/2020,04:21,.075,.075,.075,.075, 853
03/05/2020,04:27,.075,.075,.075,.075, 834
03/05/2020,04:33,.075,.075,.075,.075, 3152
03/05/2020,04:33,.075,.075,.075,.075, 834
03/05/2020,04:39,.075,.075,.075,.075, 828
03/05/2020,04:46,.075,.075,.075,.075, 837
03/05/2020,04:55,.075,.075,.075,.075, 829
03/05/2020,05:08,.075,.075,.075,.075, 888
03/05/2020,05:13,.074,.074,.074,.074, 17673
03/05/2020,05:19,.075,.075,.075,.075, 179610
03/05/2020,05:21,.075,.075,.075,.075, 17193
03/05/2020,05:22,.075,.075,.075,.075, 1404
03/05/2020,05:22,.075,.075,.075,.075, 703
03/05/2020,05:23,.075,.075,.075,.075, 1962
03/05/2020,05:25,.075,.075,.075,.075, 1404
03/05/2020,05:25,.075,.075,.075,.075, 703
03/05/2020,05:28,.075,.075,.075,.075, 71
03/05/2020,05:36,.075,.075,.075,.075, 1100
03/05/2020,05:44,.075,.075,.075,.075, 991
03/05/2020,05:52,.075,.075,.075,.075, 1052
03/05/2020,05:57,.075,.075,.075,.075, 3592
03/05/2020,05:59,.075,.075,.075,.075, 466
03/05/2020,06:01,.075,.075,.075,.075, 311
03/05/2020,06:03,.075,.075,.075,.075, 207
03/05/2020,06:04,.075,.075,.075,.075, 207
03/05/2020,06:05,.075,.075,.075,.075, 207
03/05/2020,06:07,.075,.075,.075,.075, 262
03/05/2020,06:08,.075,.075,.075,.075, 204
03/05/2020,06:09,.075,.075,.075,.075, 204
03/05/2020,06:10,.075,.075,.075,.075, 203
03/05/2020,06:11,.075,.075,.075,.075, 204
03/05/2020,06:12,.075,.075,.075,.075, 204
03/05/2020,06:13,.075,.075,.075,.075, 203
03/05/2020,06:14,.075,.075,.075,.075, 204
03/05/2020,06:15,.075,.075,.075,.075, 204
03/05/2020,06:16,.075,.075,.075,.075, 204
03/05/2020,06:17,.075,.075,.075,.075, 204
03/05/2020,06:18,.075,.075,.075,.075, 204
03/05/2020,06:19,.075,.075,.075,.075, 4911
03/05/2020,06:20,.075,.075,.075,.075, 204
03/05/2020,06:31,.076,.076,.076,.076, 1372
03/06/2020,03:28,.073,.073,.072,.072, 149045
03/06/2020,03:33,.072,.072,.072,.072, 30730
03/06/2020,03:36,.072,.072,.072,.072, 321
03/06/2020,04:00,.073,.073,.072,.072, 15111
03/06/2020,04:10,.072,.072,.072,.072, 15905
03/06/2020,04:10,.072,.072,.072,.072, 2222
03/06/2020,04:18,.072,.072,.072,.072, 3348
03/06/2020,04:39,.072,.072,.072,.072, 502
03/06/2020,05:16,.073,.073,.072,.072, 112659
03/06/2020,05:32,.072,.072,.072,.072, 378
03/06/2020,05:36,.072,.072,.072,.072, 15764
03/06/2020,05:42,.072,.072,.072,.072, 20289
03/06/2020,06:02,.072,.072,.071,.071, 75332
03/06/2020,06:09,.071,.071,.071,.071, 282787
03/06/2020,06:11,.071,.071,.071,.071, 778
03/06/2020,06:31,.074,.074,.074,.074, 16053
03/09/2020,00:38,.071,.071,.071,.071, 51461
03/09/2020,00:39,.07,.07,.069,.069, 45169
03/09/2020,00:42,.07,.07,.07,.07, 23424
03/09/2020,00:49,.071,.071,.07,.07, 5000
03/09/2020,00:51,.071,.071,.071,.071, 2850
03/09/2020,00:55,.071,.071,.071,.071, 9391
03/09/2020,01:01,.071,.071,.069,.071, 41634
03/09/2020,01:03,.071,.071,.071,.071, 581
03/09/2020,01:07,.069,.069,.069,.069, 25034
03/09/2020,01:11,.069,.069,.069,.069, 74323
03/09/2020,01:21,.07,.07,.07,.07, 9620
03/09/2020,01:24,.069,.069,.069,.069, 360
03/09/2020,01:46,.069,.069,.069,.069, 24170
03/09/2020,01:49,.069,.069,.069,.069, 2500
03/09/2020,01:54,.07,.07,.07,.07, 9136
03/09/2020,01:56,.069,.069,.069,.069, 35306
03/09/2020,02:01,.07,.07,.07,.07, 2217
03/09/2020,02:04,.069,.069,.069,.069, 36914
03/09/2020,02:05,.07,.07,.07,.07, 1383
03/09/2020,02:12,.069,.069,.069,.069, 67671
03/09/2020,02:19,.069,.069,.069,.069, 197313
03/09/2020,02:19,.069,.069,.069,.069, 30407
03/09/2020,02:25,.069,.069,.069,.069, 9815
03/09/2020,02:32,.069,.069,.069,.069, 1612
03/09/2020,02:33,.067,.067,.067,.067, 22171
03/09/2020,02:37,.067,.067,.067,.067, 877
03/09/2020,02:40,.068,.068,.067,.067, 85120
03/09/2020,02:56,.069,.069,.067,.067, 14172
03/09/2020,03:17,.067,.068,.067,.067, 245800
03/09/2020,03:33,.067,.067,.067,.067, 106848
03/09/2020,03:37,.066,.066,.066,.066, 39495
03/09/2020,03:38,.066,.066,.065,.065, 105670
03/09/2020,03:40,.066,.066,.065,.065, 39644
03/09/2020,03:41,.066,.067,.066,.067, 30792
03/09/2020,03:46,.068,.068,.068,.068, 3240
03/09/2020,04:16,.069,.069,.069,.069, 10828
03/09/2020,04:29,.069,.069,.069,.069, 668
03/09/2020,04:36,.069,.069,.069,.069, 2337
03/09/2020,04:37,.069,.069,.069,.069, 723
03/09/2020,04:39,.069,.069,.069,.069, 676
03/09/2020,04:40,.067,.067,.067,.067, 30735
03/09/2020,04:46,.069,.069,.069,.069, 2930
03/09/2020,04:47,.069,.069,.067,.067, 1645
03/09/2020,04:48,.069,.069,.069,.069, 687
03/09/2020,04:54,.069,.069,.069,.069, 1022
03/09/2020,04:56,.069,.069,.067,.067, 15091
03/09/2020,04:58,.067,.068,.067,.067, 27508
03/09/2020,05:11,.067,.067,.065,.065, 392807
03/09/2020,05:11,.065,.065,.065,.065, 11184
03/09/2020,05:21,.065,.068,.065,.066, 319569
03/09/2020,05:43,.068,.068,.067,.067, 3134
03/09/2020,05:54,.067,.067,.067,.067, 171
03/09/2020,05:56,.068,.068,.068,.068, 4902
03/09/2020,06:05,.068,.068,.067,.067, 8026
03/09/2020,06:07,.067,.067,.065,.065, 34498
03/09/2020,06:08,.066,.067,.066,.066, 18149
03/09/2020,06:14,.065,.066,.065,.066, 4539
03/09/2020,06:15,.065,.065,.065,.065, 5577
03/09/2020,06:17,.066,.066,.065,.065, 3186
03/09/2020,06:18,.066,.066,.066,.066, 15835
03/09/2020,06:19,.067,.067,.066,.066, 1611
03/09/2020,06:20,.067,.067,.066,.066, 1050
03/09/2020,06:31,.067,.067,.067,.067, 1
03/10/2020,00:25,.066,.066,.065,.065, 125332
03/10/2020,00:37,.066,.066,.06,.063, 619938
03/10/2020,00:39,.063,.063,.06,.06, 536548
03/10/2020,00:41,.06,.06,.06,.06, 422603
03/10/2020,00:42,.059,.06,.059,.06, 42920
03/10/2020,00:43,.059,.059,.059,.059, 1082
03/10/2020,00:44,.059,.059,.059,.059, 8971
03/10/2020,00:53,.061,.061,.061,.061, 221
03/10/2020,00:54,.063,.063,.063,.063, 1678
03/10/2020,00:57,.063,.063,.062,.062, 32290
03/10/2020,01:01,.064,.064,.064,.064, 5069
03/10/2020,01:03,.064,.064,.064,.064, 697
03/10/2020,01:04,.064,.064,.064,.064, 698
03/10/2020,01:06,.064,.064,.064,.064, 522
03/10/2020,01:07,.064,.064,.064,.064, 627
03/10/2020,01:08,.064,.064,.064,.064, 546
03/10/2020,01:21,.065,.065,.065,.065, 3395
03/10/2020,01:23,.065,.065,.064,.064, 3775
03/10/2020,01:35,.065,.065,.065,.065, 29739
03/10/2020,01:53,.066,.066,.066,.066, 18568
03/10/2020,02:08,.066,.068,.066,.068, 69459
03/10/2020,02:15,.067,.067,.065,.067, 72903
03/10/2020,02:15,.065,.065,.065,.065, 8829
03/10/2020,02:30,.066,.067,.066,.067, 50104
03/10/2020,02:31,.067,.067,.067,.067, 60396
03/10/2020,02:33,.067,.067,.067,.067, 98606
03/10/2020,02:50,.067,.067,.067,.067, 9059
03/10/2020,02:52,.069,.069,.069,.069, 13771
03/10/2020,03:00,.068,.068,.068,.068, 3105
03/10/2020,03:12,.068,.068,.068,.068, 11800
03/10/2020,03:30,.068,.068,.068,.068, 13948
03/10/2020,03:40,.07,.07,.07,.07, 20774
03/10/2020,03:42,.068,.068,.068,.068, 2308
03/10/2020,03:44,.068,.068,.068,.068, 50439
03/10/2020,03:46,.068,.068,.068,.068, 10000
03/10/2020,03:49,.068,.068,.068,.068, 40136
03/10/2020,04:10,.068,.068,.068,.068, 6287
03/10/2020,04:10,.068,.068,.068,.068, 3384
03/10/2020,04:31,.068,.068,.067,.067, 92889
03/10/2020,04:46,.068,.068,.068,.068, 2746
03/10/2020,04:47,.068,.068,.068,.068, 684
03/10/2020,04:52,.068,.068,.068,.068, 957
03/10/2020,04:54,.068,.068,.068,.068, 708
03/10/2020,05:13,.068,.068,.067,.067, 11430
03/10/2020,05:24,.068,.068,.068,.068, 5867
03/10/2020,05:30,.068,.068,.068,.068, 790
03/10/2020,05:34,.067,.068,.067,.067, 188677
03/10/2020,05:37,.066,.066,.066,.066, 6916
03/10/2020,05:56,.068,.068,.068,.068, 2088
03/10/2020,06:04,.068,.068,.068,.068, 6272
03/10/2020,06:12,.068,.068,.068,.068, 3492
03/10/2020,06:14,.068,.068,.067,.067, 178994
03/10/2020,06:17,.068,.068,.068,.068, 2672
03/10/2020,06:19,.068,.068,.068,.068, 1293
03/10/2020,06:20,.068,.068,.068,.068, 1514
03/10/2020,06:20,.068,.068,.068,.068, 166
03/10/2020,06:31,.068,.068,.068,.068, 2
03/11/2020,00:25,.068,.068,.068,.068, 17810
03/11/2020,00:26,.072,.074,.072,.074, 13868
03/11/2020,00:27,.075,.076,.072,.072, 75491
03/11/2020,00:29,.071,.071,.071,.071, 2290
03/11/2020,00:49,.071,.071,.071,.071, 3439
03/11/2020,00:51,.071,.071,.071,.071, 114
03/11/2020,01:55,.071,.072,.071,.072, 71895
03/11/2020,02:00,.071,.072,.071,.072, 39074
03/11/2020,02:04,.071,.071,.071,.071, 106746
03/11/2020,02:06,.07,.07,.07,.07, 4299
03/11/2020,03:03,.071,.071,.071,.071, 15000
03/11/2020,03:34,.07,.07,.07,.07, 2561
03/11/2020,03:34,.07,.07,.07,.07, 1
03/11/2020,03:37,.069,.07,.069,.07, 87859
03/11/2020,03:51,.068,.07,.068,.07, 7521
03/11/2020,04:10,.068,.07,.068,.07, 71200
03/11/2020,04:24,.068,.068,.068,.068, 49577
03/11/2020,04:30,.067,.068,.067,.068, 34494
03/11/2020,04:37,.068,.068,.068,.068, 19138
03/11/2020,04:49,.067,.068,.067,.068, 7010
03/11/2020,05:20,.067,.068,.067,.067, 39049
03/11/2020,05:40,.067,.067,.067,.067, 34529
03/11/2020,05:45,.067,.067,.067,.067, 4
03/11/2020,05:50,.067,.067,.067,.067, 19
03/11/2020,05:53,.067,.067,.067,.067, 8
03/11/2020,05:59,.067,.067,.067,.067, 7
03/11/2020,06:00,.066,.066,.066,.066, 3766
03/11/2020,06:05,.067,.067,.067,.067, 16
03/11/2020,06:10,.067,.067,.067,.067, 11
03/11/2020,06:14,.067,.067,.067,.067, 23
03/11/2020,06:19,.067,.067,.067,.067, 40
03/11/2020,06:20,.067,.067,.067,.067, 17
03/11/2020,06:31,.067,.067,.067,.067, 25
03/12/2020,00:25,.068,.068,.068,.068, 22222
03/12/2020,00:28,.065,.065,.064,.064, 111782
03/12/2020,00:28,.065,.065,.065,.065, 18337
03/12/2020,01:09,.064,.064,.063,.064, 107022
03/12/2020,01:32,.063,.063,.063,.063, 5411
03/12/2020,01:33,.066,.067,.064,.064, 64651
03/12/2020,01:34,.067,.07,.065,.07, 160210
03/12/2020,01:35,.065,.075,.065,.075, 41975
03/12/2020,01:36,.075,.076,.075,.076, 32787
03/12/2020,01:37,.076,.077,.069,.077, 47894
03/12/2020,01:37,.077,.078,.077,.078, 31155
03/12/2020,01:39,.072,.073,.072,.073, 104215
03/12/2020,01:40,.071,.071,.068,.068, 14987
03/12/2020,01:40,.073,.073,.073,.073, 54338
03/12/2020,01:42,.069,.069,.068,.068, 5539
03/12/2020,01:45,.071,.074,.071,.074, 4731
03/12/2020,01:48,.069,.069,.069,.069, 2316
03/12/2020,01:50,.074,.075,.074,.075, 54967
03/12/2020,01:53,.074,.075,.069,.069, 6405
03/12/2020,01:59,.073,.074,.073,.074, 15578
03/12/2020,02:03,.074,.074,.074,.074, 8501
03/12/2020,02:08,.072,.072,.072,.072, 1995
03/12/2020,02:11,.073,.073,.073,.073, 1101
03/12/2020,02:11,.072,.072,.072,.072, 3724
03/12/2020,02:12,.071,.071,.07,.07, 6255
03/12/2020,02:13,.071,.071,.069,.069, 7820
03/12/2020,02:15,.069,.069,.069,.069, 46239
03/12/2020,02:16,.068,.068,.067,.067, 2433
03/12/2020,02:17,.067,.067,.067,.067, 1780
03/12/2020,02:18,.067,.067,.065,.065, 370005
03/12/2020,02:19,.068,.068,.068,.068, 11848
03/12/2020,02:31,.067,.067,.067,.067, 701
03/12/2020,02:34,.067,.067,.067,.067, 44285
03/12/2020,02:39,.068,.068,.068,.068, 1393
03/12/2020,02:41,.067,.067,.066,.066, 156737
03/12/2020,02:45,.066,.066,.065,.065, 14091
03/12/2020,02:52,.065,.065,.065,.065, 5385
03/12/2020,02:58,.065,.065,.064,.064, 40422
03/12/2020,03:04,.065,.067,.065,.065, 86589
03/12/2020,03:11,.066,.066,.065,.065, 2701
03/12/2020,03:16,.066,.066,.065,.065, 12792
03/12/2020,03:22,.066,.066,.065,.065, 3174
03/12/2020,03:34,.066,.066,.066,.066, 1396
03/12/2020,03:38,.066,.066,.066,.066, 4575
03/12/2020,03:39,.066,.066,.066,.066, 12500
03/12/2020,03:42,.066,.066,.065,.065, 5411
03/12/2020,04:00,.067,.067,.067,.067, 2286
03/12/2020,04:06,.067,.067,.067,.067, 280
03/12/2020,04:07,.067,.067,.066,.066, 2698
03/12/2020,04:17,.067,.067,.067,.067, 1667
03/12/2020,04:19,.067,.067,.067,.067, 4477
03/12/2020,04:21,.067,.067,.067,.067, 4223
03/12/2020,04:21,.068,.068,.067,.067, 20462
03/12/2020,04:26,.067,.067,.067,.067, 3971
03/12/2020,04:45,.068,.068,.068,.068, 591
03/12/2020,04:47,.067,.067,.067,.067, 5435
03/12/2020,04:55,.068,.068,.068,.068, 1249
03/12/2020,04:58,.068,.068,.068,.068, 1394
03/12/2020,05:00,.067,.067,.067,.067, 19371
03/12/2020,05:07,.067,.067,.066,.066, 8696
03/12/2020,05:10,.067,.067,.067,.067, 825
03/12/2020,05:13,.066,.066,.066,.066, 5121
03/12/2020,05:18,.065,.065,.065,.065, 759
03/12/2020,05:19,.065,.065,.064,.064, 61105
03/12/2020,05:24,.064,.064,.064,.064, 2917
03/12/2020,05:25,.064,.064,.064,.064, 804
03/12/2020,05:26,.064,.064,.064,.064, 92960
03/12/2020,05:34,.064,.064,.064,.064, 4525
03/12/2020,05:43,.064,.064,.064,.064, 12173
03/12/2020,05:51,.064,.067,.064,.065, 102537
03/12/2020,05:57,.066,.066,.066,.066, 682
03/12/2020,06:04,.067,.067,.067,.067, 4082
03/12/2020,06:17,.067,.067,.067,.067, 2831
03/12/2020,06:17,.067,.067,.067,.067, 949
03/12/2020,06:19,.067,.067,.067,.067, 3022
03/12/2020,06:19,.067,.067,.066,.066, 1716
03/12/2020,06:31,.067,.067,.067,.067, 10038
03/13/2020,00:25,.062,.062,.062,.062, 116666
03/13/2020,00:26,.063,.063,.063,.063, 8598
03/13/2020,00:27,.062,.062,.061,.061, 46409
03/13/2020,00:28,.06,.06,.059,.059, 165884
03/13/2020,00:29,.059,.059,.059,.059, 30000
03/13/2020,00:30,.06,.061,.06,.061, 33512
03/13/2020,00:31,.062,.062,.062,.062, 70000
03/13/2020,00:34,.062,.069,.062,.069, 237000
03/13/2020,00:39,.063,.063,.063,.063, 28204
03/13/2020,00:40,.064,.065,.064,.065, 32000
03/13/2020,00:42,.066,.067,.066,.067, 43988
03/13/2020,00:48,.065,.065,.064,.064, 94114
03/13/2020,00:48,.067,.068,.067,.068, 106973
03/13/2020,00:49,.069,.069,.069,.069, 2649
03/13/2020,00:53,.069,.069,.069,.069, 231236
03/13/2020,00:54,.069,.069,.069,.069, 5590
03/13/2020,00:55,.069,.076,.069,.076, 64249
03/13/2020,00:56,.076,.078,.076,.077, 64000
03/13/2020,01:01,.075,.075,.075,.075, 9676
03/13/2020,01:02,.075,.076,.075,.075, 31000
03/13/2020,01:02,.076,.076,.076,.076, 500
03/13/2020,01:03,.076,.076,.076,.076, 592
03/13/2020,01:04,.075,.075,.075,.075, 645
03/13/2020,01:09,.07,.07,.069,.069, 205030
03/13/2020,01:09,.07,.07,.07,.07, 500
03/13/2020,01:26,.064,.064,.062,.062, 130596
03/13/2020,01:37,.065,.066,.065,.066, 3512
03/13/2020,01:50,.067,.067,.067,.067, 1756
03/13/2020,02:02,.066,.066,.066,.066, 5923
03/13/2020,02:07,.066,.066,.066,.066, 25398
03/13/2020,02:08,.066,.066,.066,.066, 15346
03/13/2020,02:25,.066,.066,.066,.066, 4329
03/13/2020,02:36,.066,.066,.066,.066, 31531
03/13/2020,02:40,.066,.066,.066,.066, 3469
03/13/2020,02:53,.066,.066,.066,.066, 1607
03/13/2020,02:56,.066,.067,.066,.067, 161
03/13/2020,03:01,.067,.067,.067,.067, 1288
03/13/2020,03:02,.067,.067,.067,.067, 7160
03/13/2020,03:04,.067,.067,.067,.067, 455
03/13/2020,03:05,.067,.067,.067,.067, 456
03/13/2020,03:17,.065,.066,.065,.066, 10394
03/13/2020,03:29,.065,.066,.065,.066, 11754
03/13/2020,03:30,.067,.067,.067,.067, 4945
03/13/2020,03:33,.065,.065,.065,.065, 2542
03/13/2020,03:43,.065,.065,.065,.065, 25795
03/13/2020,03:44,.065,.065,.065,.065, 17631
03/13/2020,03:46,.064,.064,.064,.064, 4329
03/13/2020,03:49,.064,.064,.063,.064, 235551
03/13/2020,03:54,.063,.063,.063,.063, 32626
03/13/2020,04:07,.063,.063,.063,.063, 42074
03/13/2020,04:07,.063,.063,.063,.063, 25300
03/13/2020,04:24,.064,.064,.064,.064, 722
03/13/2020,04:25,.063,.063,.062,.063, 187309
03/13/2020,04:30,.064,.064,.064,.064, 350
03/13/2020,04:36,.064,.064,.064,.064, 3805
03/13/2020,04:38,.064,.064,.064,.064, 577
03/13/2020,04:39,.063,.063,.062,.062, 39177
03/13/2020,04:43,.063,.063,.063,.063, 10000
03/13/2020,04:51,.064,.064,.064,.064, 2368
03/13/2020,04:55,.064,.064,.064,.064, 676
03/13/2020,05:00,.064,.064,.064,.064, 24335
03/13/2020,05:08,.064,.065,.064,.065, 24049
03/13/2020,05:14,.064,.064,.064,.064, 58903
03/13/2020,05:15,.063,.063,.063,.063, 2698
03/13/2020,05:26,.063,.064,.063,.064, 9529
03/13/2020,05:32,.064,.064,.064,.064, 764
03/13/2020,05:36,.064,.064,.064,.064, 158237
03/13/2020,05:46,.065,.065,.065,.065, 4049
03/13/2020,05:47,.065,.065,.065,.065, 1366
03/13/2020,05:47,.064,.064,.064,.064, 29877
03/13/2020,05:48,.064,.064,.064,.064, 20951
03/13/2020,05:50,.064,.064,.064,.064, 50000
03/13/2020,05:51,.064,.064,.064,.064, 2934
03/13/2020,05:56,.064,.064,.064,.064, 1848
03/13/2020,06:00,.064,.064,.064,.064, 999
03/13/2020,06:05,.064,.064,.064,.064, 5537
03/13/2020,06:13,.064,.064,.064,.064, 3091
03/13/2020,06:17,.064,.064,.063,.063, 27750
03/13/2020,06:18,.064,.064,.064,.064, 2338
03/13/2020,06:20,.064,.064,.062,.062, 46815
03/13/2020,06:20,.064,.064,.064,.064, 512
03/13/2020,06:31,.064,.064,.064,.064, 80600
03/16/2020,00:25,.067,.067,.067,.067, 2222
03/16/2020,00:28,.063,.063,.063,.063, 3333
03/16/2020,00:36,.062,.062,.062,.062, 698
03/16/2020,00:39,.062,.062,.062,.062, 9638
03/16/2020,00:41,.062,.062,.062,.062, 3357
03/16/2020,00:48,.062,.062,.062,.062, 46047
03/16/2020,00:49,.061,.064,.061,.064, 45848
03/16/2020,00:51,.061,.064,.061,.064, 55556
03/16/2020,00:57,.061,.061,.061,.061, 22030
03/16/2020,01:06,.064,.064,.064,.064, 2447
03/16/2020,01:55,.064,.066,.064,.066, 10305
03/16/2020,02:12,.062,.064,.062,.064, 5227
03/16/2020,02:44,.062,.062,.062,.062, 958
03/16/2020,02:50,.062,.062,.061,.062, 14986
03/16/2020,02:58,.061,.061,.061,.061, 169445
03/16/2020,03:08,.062,.062,.062,.062, 26142
03/16/2020,03:10,.061,.064,.061,.064, 27765
03/16/2020,03:23,.061,.063,.061,.063, 5260
03/16/2020,03:26,.061,.063,.061,.063, 11527
03/16/2020,03:29,.061,.062,.06,.062, 43455
03/16/2020,03:33,.062,.062,.06,.062, 33112
03/16/2020,03:56,.06,.063,.06,.063, 29280
03/16/2020,05:12,.06,.062,.06,.062, 37340
03/16/2020,05:17,.062,.062,.06,.062, 6472
03/16/2020,05:20,.061,.063,.06,.063, 73124
03/16/2020,05:52,.06,.062,.059,.062, 84703
03/16/2020,06:06,.062,.062,.059,.062, 6595
03/16/2020,06:20,.059,.062,.059,.062, 38897
03/16/2020,06:31,.063,.063,.063,.063, 4
03/17/2020,00:25,.059,.059,.059,.059, 10000
03/17/2020,00:25,.06,.06,.06,.06, 33210
03/17/2020,00:31,.06,.06,.06,.06, 57623
03/17/2020,00:46,.062,.062,.062,.062, 1036
03/17/2020,01:19,.06,.06,.06,.06, 6499
03/17/2020,01:23,.059,.059,.059,.059, 7704
03/17/2020,01:25,.06,.06,.059,.06, 56961
03/17/2020,01:35,.059,.059,.059,.059, 12328
03/17/2020,01:40,.058,.06,.058,.06, 1929
03/17/2020,01:40,.058,.058,.058,.058, 17521
03/17/2020,01:44,.058,.058,.058,.058, 4876
03/17/2020,01:45,.057,.06,.057,.06, 56613
03/17/2020,01:46,.058,.06,.058,.06, 14087
03/17/2020,02:12,.058,.06,.058,.06, 6176
03/17/2020,02:16,.06,.06,.058,.06, 2181
03/17/2020,02:24,.06,.06,.06,.06, 27590
03/17/2020,02:51,.061,.062,.061,.062, 50786
03/17/2020,03:02,.062,.062,.061,.062, 12806
03/17/2020,03:06,.062,.063,.061,.063, 40618
03/17/2020,03:16,.063,.063,.061,.061, 681
03/17/2020,03:41,.062,.062,.061,.062, 7042
03/17/2020,03:44,.062,.063,.061,.063, 88839
03/17/2020,04:05,.063,.065,.063,.064, 601951
03/17/2020,04:15,.064,.065,.064,.064, 76441
03/17/2020,04:33,.064,.064,.064,.064, 4660
03/17/2020,04:36,.064,.065,.063,.065, 208618
03/17/2020,04:41,.063,.063,.063,.063, 32271
03/17/2020,04:49,.063,.063,.063,.063, 47903
03/17/2020,05:08,.062,.062,.062,.062, 6566
03/17/2020,05:13,.062,.063,.062,.063, 180915
03/17/2020,05:17,.062,.062,.062,.062, 7877
03/17/2020,05:19,.063,.063,.063,.063, 500
03/17/2020,05:23,.061,.061,.061,.061, 160554
03/17/2020,05:24,.062,.062,.062,.062, 500
03/17/2020,05:35,.062,.062,.062,.062, 841
03/17/2020,05:41,.061,.061,.061,.061, 243
03/17/2020,05:43,.063,.063,.063,.063, 26536
03/17/2020,05:46,.062,.062,.062,.062, 3870
03/17/2020,05:47,.062,.062,.062,.062, 26613
03/17/2020,05:49,.062,.062,.062,.062, 1239
03/17/2020,05:52,.062,.062,.062,.062, 953
03/17/2020,05:56,.062,.062,.062,.062, 2386
03/17/2020,05:59,.062,.062,.062,.062, 1029
03/17/2020,06:05,.062,.062,.062,.062, 5954
03/17/2020,06:07,.061,.061,.061,.061, 246
03/17/2020,06:09,.061,.061,.061,.061, 58683
03/17/2020,06:09,.061,.061,.061,.061, 60
03/17/2020,06:12,.061,.061,.061,.061, 59
03/17/2020,06:13,.062,.062,.061,.061, 2775
03/17/2020,06:14,.061,.061,.061,.061, 66
03/17/2020,06:16,.061,.062,.061,.062, 2073
03/17/2020,06:17,.061,.062,.061,.062, 3289
03/17/2020,06:19,.061,.062,.061,.062, 1344
03/17/2020,06:20,.061,.063,.061,.063, 11704
03/17/2020,06:20,.063,.063,.063,.063, 168
03/17/2020,06:31,.061,.061,.061,.061, 227447
03/18/2020,00:25,.063,.063,.063,.063, 1111
03/18/2020,00:57,.062,.062,.062,.062, 16081
03/18/2020,01:00,.062,.063,.062,.063, 3333
03/18/2020,01:01,.06,.063,.06,.063, 95555
03/18/2020,01:17,.063,.063,.063,.063, 100000
03/18/2020,01:41,.063,.063,.063,.063, 2223
03/18/2020,01:57,.06,.063,.06,.063, 15768
03/18/2020,02:11,.06,.063,.06,.063, 15555
03/18/2020,03:28,.061,.063,.061,.063, 18215
03/18/2020,03:37,.063,.063,.063,.063, 1111
03/18/2020,04:34,.063,.063,.062,.062, 14701
03/18/2020,05:09,.061,.062,.06,.062, 211781
03/18/2020,06:31,.062,.062,.062,.062, 2426
03/19/2020,00:37,.062,.063,.061,.061, 190798
03/19/2020,00:40,.06,.061,.06,.061, 248704
03/19/2020,00:43,.059,.059,.059,.059, 2505
03/19/2020,00:44,.059,.059,.059,.059, 7671
03/19/2020,00:59,.058,.058,.058,.058, 10273
03/19/2020,01:00,.058,.058,.057,.058, 150752
03/19/2020,01:10,.057,.057,.057,.057, 300000
03/19/2020,01:29,.057,.057,.056,.057, 100000
03/19/2020,01:38,.056,.056,.056,.056, 17874
03/19/2020,01:59,.056,.056,.056,.056, 14970
03/19/2020,02:01,.057,.059,.057,.059, 24243
03/19/2020,03:01,.059,.059,.059,.059, 10896
03/19/2020,03:21,.057,.059,.057,.059, 12473
03/19/2020,03:38,.057,.058,.057,.058, 1155
03/19/2020,03:46,.057,.058,.057,.058, 21022
03/19/2020,04:26,.058,.058,.058,.058, 5212
03/19/2020,04:47,.057,.057,.056,.057, 248519
03/19/2020,04:48,.056,.056,.056,.056, 27446
03/19/2020,04:49,.055,.055,.055,.055, 102069
03/19/2020,04:56,.054,.054,.054,.054, 8775
03/19/2020,04:59,.054,.054,.054,.054, 21476
03/19/2020,05:10,.055,.055,.055,.055, 7416
03/19/2020,05:23,.055,.055,.055,.055, 1502
03/19/2020,05:33,.055,.055,.055,.055, 1607
03/19/2020,05:41,.055,.055,.055,.055, 5329
03/19/2020,05:46,.055,.055,.055,.055, 2676
03/19/2020,05:49,.055,.055,.055,.055, 1421
03/19/2020,05:52,.055,.055,.055,.055, 1527
03/19/2020,05:52,.055,.056,.055,.056, 32424
03/19/2020,05:55,.056,.056,.056,.056, 1723
03/19/2020,06:02,.056,.056,.056,.056, 7517
03/19/2020,06:08,.055,.055,.055,.055, 24334
03/19/2020,06:12,.053,.053,.053,.053, 3549
03/19/2020,06:13,.053,.054,.053,.054, 139651
03/19/2020,06:16,.054,.054,.054,.054, 5612
03/19/2020,06:19,.054,.054,.054,.054, 1722
03/19/2020,06:20,.054,.054,.054,.054, 727
03/19/2020,06:20,.054,.054,.054,.054, 293
03/19/2020,06:32,.054,.054,.054,.054, 14
03/20/2020,00:25,.051,.051,.051,.051, 124964
03/20/2020,00:27,.054,.054,.054,.054, 2769
03/20/2020,00:31,.053,.053,.053,.053, 2406
03/20/2020,00:35,.053,.054,.053,.054, 17828
03/20/2020,00:48,.054,.055,.054,.055, 48375
03/20/2020,00:55,.055,.055,.055,.055, 26157
03/20/2020,01:10,.054,.054,.054,.054, 45774
03/20/2020,01:32,.053,.054,.053,.054, 40484
03/20/2020,01:32,.052,.054,.052,.054, 12065
03/20/2020,01:36,.054,.054,.054,.054, 33333
03/20/2020,02:03,.054,.055,.054,.055, 24519
03/20/2020,02:06,.054,.054,.054,.054, 4323
03/20/2020,02:08,.054,.054,.054,.054, 677
03/20/2020,02:15,.053,.054,.053,.054, 38600
03/20/2020,02:18,.053,.053,.052,.052, 22130
03/20/2020,02:39,.052,.052,.052,.052, 70000
03/20/2020,02:41,.052,.053,.052,.053, 21666
03/20/2020,02:51,.053,.053,.053,.053, 6786
03/20/2020,02:56,.053,.055,.053,.055, 191997
03/20/2020,03:17,.055,.055,.055,.055, 157357
03/20/2020,03:22,.053,.053,.053,.053, 50000
03/20/2020,03:26,.055,.055,.055,.055, 5487
03/20/2020,03:52,.055,.055,.055,.055, 70
03/20/2020,04:02,.054,.055,.054,.055, 55555
03/20/2020,04:18,.054,.055,.053,.055, 65418
03/20/2020,04:19,.055,.055,.055,.055, 4261
03/20/2020,04:34,.053,.055,.053,.055, 13888
03/20/2020,04:41,.053,.054,.053,.054, 2360
03/20/2020,04:44,.053,.053,.053,.053, 6000
03/20/2020,05:14,.054,.055,.054,.055, 113613
03/20/2020,05:14,.053,.055,.053,.055, 2360
03/20/2020,05:31,.055,.056,.054,.056, 58490
03/20/2020,05:32,.054,.056,.054,.056, 77978
03/20/2020,05:46,.054,.056,.054,.056, 22634
03/20/2020,05:54,.056,.056,.056,.056, 2223
03/20/2020,06:12,.056,.056,.055,.056, 83371
03/20/2020,06:32,.054,.054,.054,.054, 2891
03/23/2020,00:25,.052,.052,.052,.052, 190578
03/23/2020,00:27,.055,.055,.055,.055, 10955
03/23/2020,00:37,.052,.052,.052,.052, 16404
03/23/2020,00:48,.052,.052,.052,.052, 36138
03/23/2020,00:51,.053,.053,.053,.053, 11616
03/23/2020,00:58,.052,.052,.052,.052, 546442
03/23/2020,00:59,.052,.052,.052,.052, 30000
03/23/2020,01:02,.052,.053,.052,.053, 41242
03/23/2020,01:04,.054,.054,.054,.054, 1083
03/23/2020,01:05,.054,.054,.054,.054, 890
03/23/2020,01:11,.054,.054,.054,.054, 57534
03/23/2020,01:24,.053,.053,.053,.053, 2464
03/23/2020,01:29,.052,.055,.051,.051, 292589
03/23/2020,01:29,.052,.052,.052,.052, 4000
03/23/2020,01:48,.054,.054,.054,.054, 18133
03/23/2020,01:55,.052,.052,.052,.052, 3000
03/23/2020,02:32,.053,.053,.053,.053, 12125
03/23/2020,02:56,.053,.053,.053,.053, 12089
03/23/2020,03:00,.053,.054,.052,.054, 88447
03/23/2020,03:04,.053,.053,.053,.053, 2448
03/23/2020,03:05,.052,.052,.052,.052, 8666
03/23/2020,03:09,.052,.052,.052,.052, 5076
03/23/2020,03:15,.051,.051,.051,.051, 6604
03/23/2020,03:33,.051,.053,.051,.051, 835246
03/23/2020,03:42,.05,.05,.049,.05, 514166
03/23/2020,03:42,.05,.05,.05,.05, 32173
03/23/2020,03:48,.05,.051,.05,.051, 74022
03/23/2020,04:18,.05,.05,.05,.05, 72782
03/23/2020,04:23,.05,.05,.05,.05, 13074
03/23/2020,04:27,.049,.049,.049,.049, 636
03/23/2020,04:28,.05,.05,.05,.05, 992
03/23/2020,04:30,.05,.05,.05,.05, 665
03/23/2020,04:35,.049,.05,.049,.049, 121525
03/23/2020,04:50,.048,.048,.048,.048, 74274
03/23/2020,04:55,.048,.048,.048,.048, 38609
03/23/2020,05:01,.048,.048,.048,.048, 90299
03/23/2020,05:10,.047,.047,.047,.047, 37137
03/23/2020,05:14,.046,.046,.046,.046, 41000
03/23/2020,05:16,.045,.045,.045,.045, 88720
03/23/2020,05:28,.045,.045,.045,.045, 28817
03/23/2020,05:31,.045,.046,.045,.045, 280871
03/23/2020,05:32,.045,.045,.045,.045, 6000
03/23/2020,05:34,.043,.043,.043,.043, 20000
03/23/2020,05:40,.043,.043,.043,.043, 103667
03/23/2020,05:43,.044,.044,.044,.044, 45114
03/23/2020,05:44,.043,.043,.043,.043, 10000
03/23/2020,05:45,.043,.043,.043,.043, 21000
03/23/2020,05:47,.045,.045,.045,.045, 921
03/23/2020,05:50,.045,.045,.045,.045, 930
03/23/2020,05:52,.045,.045,.045,.045, 934
03/23/2020,06:00,.045,.045,.045,.045, 12000
03/23/2020,06:01,.045,.045,.045,.045, 4556
03/23/2020,06:05,.044,.044,.044,.044, 50000
03/23/2020,06:06,.044,.045,.044,.045, 50743
03/23/2020,06:11,.045,.045,.045,.045, 15364
03/23/2020,06:13,.045,.045,.045,.045, 24701
03/23/2020,06:14,.045,.045,.045,.045, 262
03/23/2020,06:16,.045,.045,.045,.045, 209
03/23/2020,06:17,.045,.045,.045,.045, 424
03/23/2020,06:19,.045,.045,.045,.045, 1584
03/24/2020,00:25,.046,.046,.046,.046, 164415
03/24/2020,00:26,.046,.046,.046,.046, 44343
03/24/2020,00:40,.051,.051,.051,.051, 20000
03/24/2020,00:40,.051,.051,.051,.051, 21500
03/24/2020,00:51,.048,.048,.045,.045, 233334
03/24/2020,00:55,.049,.049,.048,.048, 17936
03/24/2020,00:56,.047,.047,.046,.046, 111958
03/24/2020,00:57,.047,.048,.047,.048, 20000
03/24/2020,01:10,.046,.046,.046,.046, 6000
03/24/2020,01:21,.049,.049,.049,.049, 7521
03/24/2020,01:25,.05,.05,.05,.05, 2939
03/24/2020,01:47,.049,.049,.049,.049, 8803
03/24/2020,01:54,.05,.05,.05,.05, 33930
03/24/2020,01:57,.05,.05,.048,.048, 160576
03/24/2020,02:08,.049,.049,.049,.049, 77777
03/24/2020,02:10,.049,.049,.049,.049, 48699
03/24/2020,02:18,.05,.05,.05,.05, 183072
03/24/2020,02:19,.05,.051,.05,.051, 146199
03/24/2020,02:23,.05,.05,.05,.05, 1754
03/24/2020,02:24,.051,.051,.051,.051, 55869
03/24/2020,02:28,.05,.05,.05,.05, 45591
03/24/2020,02:29,.05,.05,.05,.05, 64001
03/24/2020,02:30,.049,.049,.049,.049, 4141
03/24/2020,02:38,.051,.051,.051,.051, 48275
03/24/2020,02:43,.051,.051,.051,.051, 67651
03/24/2020,02:45,.05,.051,.05,.051, 63437
03/24/2020,03:01,.05,.05,.05,.05, 9897
03/24/2020,03:02,.05,.051,.05,.051, 572982
03/24/2020,03:05,.051,.051,.051,.051, 10000
03/24/2020,03:06,.051,.051,.051,.051, 41681
03/24/2020,03:11,.051,.051,.051,.051, 33403
03/24/2020,03:20,.051,.051,.051,.051, 60000
03/24/2020,03:21,.051,.051,.051,.051, 125672
03/24/2020,03:31,.051,.051,.051,.051, 45186
03/24/2020,03:33,.051,.051,.051,.051, 14164
03/24/2020,03:34,.051,.051,.051,.051, 11333
03/24/2020,03:36,.051,.051,.051,.051, 12665
03/24/2020,03:38,.051,.051,.051,.051, 22639
03/24/2020,03:40,.051,.051,.051,.051, 9833
03/24/2020,03:41,.051,.051,.051,.051, 58508
03/24/2020,03:43,.052,.053,.052,.053, 135205
03/24/2020,03:49,.053,.053,.053,.053, 63139
03/24/2020,03:51,.054,.054,.053,.053, 63345
03/24/2020,03:55,.053,.054,.053,.054, 51176
03/24/2020,03:58,.052,.052,.052,.052, 57340
03/24/2020,03:59,.052,.052,.052,.052, 55073
03/24/2020,04:02,.053,.053,.053,.053, 6524
03/24/2020,04:03,.054,.054,.054,.054, 15000
03/24/2020,04:18,.054,.054,.054,.054, 10596
03/24/2020,04:20,.054,.054,.054,.054, 6073
03/24/2020,04:21,.054,.054,.053,.054, 158109
03/24/2020,04:37,.054,.054,.054,.054, 3641
03/24/2020,04:44,.054,.054,.054,.054, 81254
03/24/2020,04:47,.053,.054,.053,.054, 144323
03/24/2020,04:57,.053,.053,.053,.053, 9729
03/24/2020,05:04,.053,.053,.053,.053, 2591
03/24/2020,05:09,.054,.054,.054,.054, 10506
03/24/2020,05:11,.054,.054,.054,.054, 21288
03/24/2020,05:13,.054,.054,.054,.054, 11173
03/24/2020,05:15,.054,.054,.054,.054, 19247
03/24/2020,05:17,.054,.054,.054,.054, 24557
03/24/2020,05:19,.054,.054,.054,.054, 9937
03/24/2020,05:21,.054,.054,.054,.054, 10835
03/24/2020,05:23,.054,.054,.054,.054, 20182
03/24/2020,05:25,.054,.054,.054,.054, 10211
03/24/2020,05:26,.054,.054,.054,.054, 10225
03/24/2020,05:27,.054,.054,.054,.054, 14025
03/24/2020,05:30,.054,.054,.054,.054, 21949
03/24/2020,05:32,.054,.054,.054,.054, 10797
03/24/2020,05:34,.054,.055,.054,.055, 27664
03/24/2020,05:37,.056,.056,.056,.056, 24551
03/24/2020,05:40,.056,.056,.056,.056, 13489
03/24/2020,05:40,.056,.056,.056,.056, 4760
03/24/2020,05:42,.057,.057,.057,.057, 23215
03/24/2020,05:43,.057,.057,.057,.057, 8058
03/24/2020,05:44,.057,.057,.057,.057, 16734
03/24/2020,05:45,.057,.057,.057,.057, 20677
03/24/2020,05:47,.057,.057,.057,.057, 21697
03/24/2020,05:49,.057,.057,.057,.057, 9851
03/24/2020,05:51,.057,.057,.057,.057, 21215
03/24/2020,05:52,.057,.057,.057,.057, 11121
03/24/2020,05:55,.057,.057,.057,.057, 20979
03/24/2020,05:56,.057,.057,.057,.057, 11199
03/24/2020,05:59,.057,.057,.057,.057, 29121
03/24/2020,06:00,.057,.057,.057,.057, 22514
03/24/2020,06:01,.057,.057,.057,.057, 11356
03/24/2020,06:02,.057,.057,.057,.057, 27770
03/24/2020,06:03,.057,.057,.057,.057, 29961
03/24/2020,06:04,.057,.057,.057,.057, 10148
03/24/2020,06:04,.057,.057,.057,.057, 10380
03/24/2020,06:06,.057,.057,.057,.057, 38898
03/24/2020,06:07,.057,.057,.057,.057, 24265
03/24/2020,06:08,.057,.057,.057,.057, 19936
03/24/2020,06:09,.057,.057,.057,.057, 20994
03/24/2020,06:10,.057,.057,.057,.057, 10007
03/24/2020,06:11,.057,.057,.057,.057, 30973
03/24/2020,06:12,.057,.057,.057,.057, 20390
03/24/2020,06:13,.057,.057,.057,.057, 21374
03/24/2020,06:14,.057,.057,.057,.057, 19849
03/24/2020,06:15,.057,.057,.057,.057, 12193
03/24/2020,06:16,.057,.057,.057,.057, 33391
03/24/2020,06:17,.057,.057,.057,.057, 22171
03/24/2020,06:18,.057,.057,.057,.057, 10205
03/24/2020,06:19,.057,.057,.057,.057, 32365
03/24/2020,06:20,.057,.057,.057,.057, 16412
03/24/2020,06:31,.057,.057,.057,.057, 12537
03/25/2020,00:25,.057,.057,.057,.057, 100000
03/25/2020,00:30,.057,.057,.057,.057, 47281
03/25/2020,00:30,.058,.058,.058,.058, 33992
03/25/2020,00:36,.058,.059,.058,.059, 2455
03/25/2020,00:41,.059,.06,.059,.06, 14244
03/25/2020,00:43,.06,.063,.06,.063, 139572
03/25/2020,00:45,.063,.063,.063,.063, 41447
03/25/2020,00:45,.066,.066,.066,.066, 200
03/25/2020,00:54,.064,.064,.063,.063, 173914
03/25/2020,01:05,.064,.064,.064,.064, 200
03/25/2020,01:07,.062,.062,.062,.062, 28480
03/25/2020,01:09,.063,.063,.063,.063, 200
03/25/2020,01:19,.062,.062,.062,.062, 16520
03/25/2020,01:20,.062,.062,.062,.062, 13552
03/25/2020,01:32,.062,.062,.062,.062, 28717
03/25/2020,01:47,.062,.062,.059,.059, 41300
03/25/2020,01:50,.062,.062,.062,.062, 1253
03/25/2020,02:05,.061,.061,.061,.061, 84000
03/25/2020,02:06,.062,.062,.062,.062, 3096
03/25/2020,02:27,.061,.061,.061,.061, 40000
03/25/2020,02:29,.062,.062,.062,.062, 2155
03/25/2020,02:31,.062,.062,.062,.062, 79
03/25/2020,02:41,.062,.062,.062,.062, 10741
03/25/2020,02:42,.061,.062,.06,.062, 294464
03/25/2020,02:54,.062,.062,.062,.062, 1512
03/25/2020,02:56,.062,.062,.062,.062, 291
03/25/2020,02:59,.062,.062,.062,.062, 2311
03/25/2020,03:00,.06,.06,.06,.06, 14634
03/25/2020,03:01,.062,.062,.062,.062, 1380
03/25/2020,03:03,.062,.062,.062,.062, 26907
03/25/2020,03:06,.062,.062,.062,.062, 1063
03/25/2020,03:09,.062,.062,.062,.062, 1043
03/25/2020,03:11,.063,.063,.063,.063, 465
03/25/2020,03:14,.063,.063,.063,.063, 339
03/25/2020,03:16,.063,.063,.063,.063, 275
03/25/2020,03:19,.063,.063,.063,.063, 693
03/25/2020,03:21,.063,.063,.063,.063, 252
03/25/2020,03:24,.063,.063,.063,.063, 825
03/25/2020,03:26,.063,.063,.063,.063, 849
03/25/2020,03:29,.063,.063,.063,.063, 2056
03/25/2020,03:31,.063,.063,.063,.063, 772
03/25/2020,03:34,.063,.063,.063,.063, 1043
03/25/2020,03:42,.063,.063,.062,.063, 47098
03/25/2020,04:54,.063,.063,.063,.063, 557
03/25/2020,04:55,.063,.063,.062,.062, 68967
03/25/2020,04:57,.061,.062,.061,.062, 51493
03/25/2020,05:01,.062,.062,.062,.062, 2702
03/25/2020,05:12,.061,.061,.061,.061, 18256
03/25/2020,05:28,.06,.061,.06,.061, 249565
03/25/2020,05:29,.06,.06,.06,.06, 467
03/25/2020,05:30,.06,.06,.058,.06, 83335
03/25/2020,05:37,.057,.057,.057,.057, 32020
03/25/2020,05:39,.06,.06,.06,.06, 1799
03/25/2020,05:46,.057,.057,.057,.057, 31754
03/25/2020,05:47,.057,.06,.057,.06, 58344
03/25/2020,05:55,.057,.057,.057,.057, 31857
03/25/2020,06:05,.058,.058,.058,.058, 8348
03/25/2020,06:12,.057,.058,.055,.055, 62942
03/25/2020,06:14,.055,.057,.055,.057, 48448
03/25/2020,06:17,.057,.057,.057,.057, 2081
03/25/2020,06:20,.057,.057,.054,.054, 103795
03/25/2020,06:31,.056,.056,.056,.056, 202002
03/26/2020,00:30,.058,.058,.056,.056, 356
03/26/2020,00:33,.058,.058,.058,.058, 37624
03/26/2020,00:52,.063,.063,.063,.063, 1080
03/26/2020,00:56,.061,.061,.06,.06, 55729
03/26/2020,01:19,.06,.06,.06,.06, 11625
03/26/2020,01:23,.059,.059,.059,.059, 20500
03/26/2020,01:24,.06,.06,.06,.06, 22194
03/26/2020,01:38,.061,.061,.061,.061, 28200
03/26/2020,01:44,.061,.061,.061,.061, 37114
03/26/2020,01:49,.061,.061,.06,.06, 59872
03/26/2020,01:54,.062,.062,.062,.062, 1451
03/26/2020,02:06,.061,.061,.061,.061, 28513
03/26/2020,02:23,.061,.061,.061,.061, 16579
03/26/2020,02:30,.06,.06,.06,.06, 8576
03/26/2020,02:32,.06,.06,.06,.06, 29871
03/26/2020,02:44,.059,.06,.057,.06, 220777
03/26/2020,03:01,.058,.06,.056,.06, 100470
03/26/2020,03:32,.059,.059,.056,.056, 172517
03/26/2020,03:46,.056,.056,.056,.056, 4818
03/26/2020,04:19,.057,.057,.057,.057, 11036
03/26/2020,04:33,.058,.058,.058,.058, 22194
03/26/2020,04:40,.059,.06,.059,.06, 79525
03/26/2020,04:45,.06,.06,.057,.057, 228030
03/26/2020,04:51,.059,.059,.059,.059, 27099
03/26/2020,05:13,.06,.06,.06,.06, 666
03/26/2020,05:24,.06,.06,.06,.06, 668
03/26/2020,05:33,.06,.06,.06,.06, 628
03/26/2020,05:46,.06,.06,.06,.06, 846
03/26/2020,05:53,.06,.06,.06,.06, 512
03/26/2020,06:05,.06,.06,.06,.06, 27338
03/26/2020,06:09,.06,.06,.06,.06, 32674
03/26/2020,06:11,.061,.061,.061,.061, 1897
03/26/2020,06:14,.061,.061,.061,.061, 21136
03/26/2020,06:17,.061,.061,.061,.061, 11461
03/26/2020,06:18,.061,.061,.061,.061, 732
03/26/2020,06:19,.061,.061,.061,.061, 389
03/26/2020,06:20,.06,.06,.06,.06, 27728
03/26/2020,06:31,.061,.061,.061,.061, 15259
03/27/2020,00:25,.063,.063,.063,.063, 7952
03/27/2020,00:30,.062,.062,.062,.062, 30000
03/27/2020,00:46,.06,.06,.06,.06, 50000
03/27/2020,00:53,.057,.057,.057,.057, 15000
03/27/2020,01:01,.058,.06,.058,.06, 96290
03/27/2020,01:03,.059,.059,.059,.059, 260255
03/27/2020,01:08,.058,.058,.058,.058, 30000
03/27/2020,01:13,.058,.058,.058,.058, 22553
03/27/2020,01:47,.059,.059,.059,.059, 21052
03/27/2020,02:14,.058,.059,.058,.058, 65363
03/27/2020,02:18,.059,.059,.059,.059, 48686
03/27/2020,02:20,.059,.059,.059,.059, 1302
03/27/2020,02:44,.058,.058,.058,.058, 11413
03/27/2020,02:58,.057,.057,.057,.057, 17560
03/27/2020,03:08,.057,.057,.057,.057, 30000
03/27/2020,04:02,.057,.057,.057,.057, 40000
03/27/2020,04:10,.058,.058,.058,.058, 3573
03/27/2020,04:19,.057,.057,.057,.057, 6086
03/27/2020,04:22,.056,.056,.056,.056, 41211
03/27/2020,05:18,.056,.057,.056,.057, 90720
03/27/2020,05:28,.058,.059,.058,.059, 125894
03/27/2020,05:32,.059,.059,.059,.059, 8990
03/27/2020,05:36,.062,.062,.062,.062, 1
03/27/2020,05:41,.062,.062,.062,.062, 1
03/27/2020,05:45,.062,.062,.062,.062, 1
03/27/2020,05:50,.062,.062,.062,.062, 1
03/27/2020,05:54,.062,.062,.062,.062, 1
03/27/2020,05:58,.062,.062,.062,.062, 1
03/27/2020,06:02,.062,.062,.062,.062, 1
03/27/2020,06:05,.062,.062,.062,.062, 1
03/27/2020,06:08,.061,.062,.061,.062, 2
03/27/2020,06:15,.062,.062,.062,.062, 1
03/27/2020,06:17,.062,.062,.062,.062, 1
03/27/2020,06:19,.062,.062,.062,.062, 1
03/27/2020,06:31,.061,.061,.061,.061, 17
03/30/2020,02:14,.055,.055,.055,.055, 20000
03/30/2020,02:18,.054,.054,.054,.054, 30000
03/30/2020,02:23,.055,.055,.055,.055, 71848
03/30/2020,02:39,.057,.057,.057,.057, 30000
03/30/2020,02:51,.057,.058,.057,.058, 6872
03/30/2020,03:29,.059,.059,.058,.058, 86516
03/30/2020,03:41,.059,.059,.059,.059, 15572
03/30/2020,03:51,.058,.059,.058,.059, 45643
03/30/2020,04:14,.059,.059,.059,.059, 2695
03/30/2020,05:07,.06,.06,.06,.06, 22278
03/30/2020,05:38,.059,.06,.059,.06, 131315
03/30/2020,05:41,.06,.061,.06,.061, 7844
03/30/2020,06:30,.06,.06,.06,.06, 7854
03/30/2020,06:32,.06,.061,.06,.061, 350014
03/30/2020,06:41,.058,.058,.058,.058, 3
03/30/2020,06:47,.058,.058,.058,.058, 3
03/30/2020,06:53,.058,.058,.058,.058, 3
03/30/2020,06:58,.058,.058,.058,.058, 3
03/30/2020,07:03,.058,.058,.058,.058, 3
03/30/2020,07:08,.058,.058,.058,.058, 3
03/30/2020,07:12,.058,.058,.058,.058, 3
03/30/2020,07:12,.058,.058,.058,.058, 1
03/30/2020,07:15,.058,.058,.058,.058, 3
03/30/2020,07:19,.058,.058,.058,.058, 4
03/30/2020,07:31,.062,.062,.062,.062, 36
03/31/2020,01:25,.063,.063,.063,.063, 47597
03/31/2020,01:26,.063,.063,.062,.062, 36107
03/31/2020,01:33,.062,.062,.061,.061, 16352
03/31/2020,01:34,.061,.061,.061,.061, 559
03/31/2020,01:49,.063,.063,.063,.063, 1160
03/31/2020,01:57,.064,.065,.064,.065, 135712
03/31/2020,01:58,.064,.064,.064,.064, 11180
03/31/2020,02:04,.064,.064,.064,.064, 312679
03/31/2020,02:09,.062,.062,.062,.062, 100000
03/31/2020,02:56,.062,.062,.062,.062, 30612
03/31/2020,02:57,.062,.062,.062,.062, 69396
03/31/2020,03:04,.063,.063,.063,.063, 20000
03/31/2020,03:11,.062,.062,.062,.062, 3985
03/31/2020,03:12,.062,.062,.062,.062, 27085
03/31/2020,03:14,.062,.062,.062,.062, 60000
03/31/2020,03:15,.061,.061,.061,.061, 101950
03/31/2020,03:17,.061,.061,.061,.061, 198050
03/31/2020,04:56,.062,.062,.062,.062, 50000
03/31/2020,05:14,.062,.062,.062,.062, 7600
03/31/2020,05:39,.062,.062,.062,.062, 3399
03/31/2020,06:38,.064,.064,.064,.064, 6
03/31/2020,06:40,.064,.064,.064,.064, 2
03/31/2020,06:41,.064,.064,.064,.064, 1
03/31/2020,06:42,.064,.064,.064,.064, 1
03/31/2020,06:43,.064,.064,.064,.064, 2
03/31/2020,06:44,.064,.064,.064,.064, 1
03/31/2020,06:45,.064,.064,.064,.064, 1
03/31/2020,06:46,.064,.064,.064,.064, 2
03/31/2020,06:47,.064,.064,.064,.064, 1
03/31/2020,06:48,.064,.064,.064,.064, 1
03/31/2020,06:49,.064,.064,.064,.064, 2
03/31/2020,06:50,.064,.064,.064,.064, 1
03/31/2020,06:51,.063,.063,.063,.063, 56285
03/31/2020,06:54,.062,.062,.062,.062, 62546
03/31/2020,06:57,.064,.064,.064,.064, 2
03/31/2020,06:58,.064,.064,.064,.064, 2
03/31/2020,06:59,.064,.064,.064,.064, 2
03/31/2020,07:01,.063,.063,.063,.063, 2
03/31/2020,07:02,.063,.063,.063,.063, 2
03/31/2020,07:03,.061,.063,.061,.063, 30010
03/31/2020,07:04,.064,.064,.064,.064, 2
03/31/2020,07:06,.064,.064,.063,.063, 3
03/31/2020,07:07,.063,.063,.063,.063, 40973
03/31/2020,07:07,.064,.064,.064,.064, 2
03/31/2020,07:10,.064,.064,.064,.064, 5
03/31/2020,07:11,.064,.064,.064,.064, 16668
03/31/2020,07:12,.064,.064,.064,.064, 1
03/31/2020,07:13,.064,.064,.064,.064, 2
03/31/2020,07:14,.064,.064,.064,.064, 2
03/31/2020,07:15,.064,.064,.061,.061, 21353
03/31/2020,07:16,.064,.064,.064,.064, 3
03/31/2020,07:17,.064,.064,.064,.064, 2
03/31/2020,07:18,.064,.064,.064,.064, 2
03/31/2020,07:19,.064,.064,.064,.064, 6
03/31/2020,07:31,.061,.061,.061,.061, 8450

