04/01/2020,14:01,119.8,119.85,119.3,119.4, 27
04/01/2020,14:01,119.35,119.35,119.35,119.35, 1
04/01/2020,14:02,119.35,119.35,119.25,119.25, 21
04/01/2020,14:04,119.25,119.25,118.9,118.9, 10
04/01/2020,14:04,119.15,119.15,119.15,119.15, 4
04/01/2020,14:06,119.3,119.3,119.3,119.3, 1
04/01/2020,14:13,119.2,119.2,119.2,119.2, 1
04/01/2020,14:14,119.2,119.35,119.15,119.35, 10
04/01/2020,14:15,119.25,119.25,119.25,119.25, 1
04/01/2020,14:16,119.25,119.25,119.25,119.25, 3
04/01/2020,14:18,119.35,119.35,119.35,119.35, 3
04/01/2020,14:19,119.35,119.5,119.35,119.5, 4
04/01/2020,14:19,119.55,119.55,119.35,119.35, 2
04/01/2020,14:21,119.35,119.35,119.35,119.35, 4
04/01/2020,14:24,119.45,119.45,119.45,119.45, 1
04/01/2020,14:25,119.35,119.6,119.35,119.6, 7
04/01/2020,14:27,119.55,119.6,119.55,119.6, 2
04/01/2020,14:31,119.5,119.5,119.4,119.4, 8
04/01/2020,14:32,119.35,119.35,119.35,119.35, 1
04/01/2020,14:32,119.3,119.3,119.3,119.3, 1
04/01/2020,14:34,119.3,119.3,119.3,119.3, 1
04/01/2020,14:38,119.05,119.05,119.05,119.05, 2
04/01/2020,14:39,119.1,119.15,119.1,119.15, 11
04/01/2020,14:40,118.9,118.9,118.9,118.9, 1
04/01/2020,14:40,118.9,118.9,118.9,118.9, 1
04/01/2020,14:44,118.75,118.75,118.35,118.4, 31
04/01/2020,14:45,118.4,118.4,118.3,118.4, 24
04/01/2020,14:45,118.4,118.4,118.4,118.4, 1
04/01/2020,14:47,118.4,118.4,118.4,118.4, 1
04/01/2020,14:48,118.4,118.4,118.4,118.4, 1
04/01/2020,14:51,118.35,118.35,118.25,118.35, 24
04/01/2020,14:51,118.4,118.4,118.4,118.4, 5
04/01/2020,14:52,118.45,118.5,118.45,118.5, 7
04/01/2020,14:54,118.4,118.4,118.4,118.4, 1
04/01/2020,14:56,118.35,118.35,118.35,118.35, 1
04/01/2020,14:57,118.35,118.35,118.35,118.35, 4
04/01/2020,14:57,118.45,118.5,118.4,118.5, 7
04/01/2020,14:59,118.55,118.7,118.55,118.7, 14
04/01/2020,14:59,118.6,118.6,118.6,118.6, 1
04/01/2020,15:01,118.7,118.8,118.7,118.8, 8
04/01/2020,15:02,118.75,118.75,118.7,118.7, 2
04/01/2020,15:03,118.7,118.8,118.7,118.8, 9
04/01/2020,15:11,118.75,118.75,118.75,118.75, 1
04/01/2020,15:16,118.75,118.8,118.75,118.8, 3
04/01/2020,15:17,118.75,118.85,118.75,118.85, 3
04/01/2020,15:18,118.75,118.75,118.75,118.75, 11
04/01/2020,15:19,118.8,118.85,118.75,118.85, 6
04/01/2020,15:21,118.75,118.75,118.75,118.75, 2
04/01/2020,15:22,118.85,118.85,118.75,118.75, 3
04/01/2020,15:25,118.75,118.75,118.75,118.75, 1
04/01/2020,15:26,118.9,118.9,118.9,118.9, 1
04/01/2020,15:28,118.8,118.95,118.8,118.95, 10
04/01/2020,15:31,118.95,119,118.95,119, 2
04/01/2020,15:34,118.9,118.9,118.9,118.9, 1
04/01/2020,15:34,119,119,119,119, 1
04/01/2020,15:36,119,119,118.95,119, 5
04/01/2020,15:37,118.95,118.95,118.95,118.95, 2
04/01/2020,15:38,118.95,118.95,118.95,118.95, 4
04/01/2020,15:38,118.95,118.95,118.95,118.95, 1
04/01/2020,15:39,118.95,119,118.95,119, 3
04/01/2020,15:42,119,119,119,119, 1
04/01/2020,15:42,119.1,119.2,119.1,119.2, 5
04/01/2020,15:43,119.15,119.15,119.15,119.15, 2
04/01/2020,15:44,119.2,119.2,119.2,119.2, 1
04/01/2020,15:45,119.15,119.15,119.15,119.15, 2
04/01/2020,15:47,119.25,119.25,119.25,119.25, 2
04/01/2020,15:48,119.15,119.15,119.15,119.15, 1
04/01/2020,15:48,119.15,119.15,119.15,119.15, 1
04/01/2020,15:49,119.25,119.3,119.25,119.3, 4
04/01/2020,15:51,119.45,119.45,119.45,119.45, 2
04/01/2020,15:53,119.45,119.45,119.45,119.45, 1
04/01/2020,15:58,119.45,119.55,119.45,119.55, 7
04/01/2020,15:59,119.5,119.5,119.5,119.5, 4
04/01/2020,16:01,119.45,119.45,119.35,119.45, 12
04/01/2020,16:01,119.45,119.45,119.45,119.45, 3
04/01/2020,16:02,119.45,119.5,119.45,119.5, 3
04/01/2020,16:04,119.45,119.45,119.45,119.45, 1
04/01/2020,16:05,119.45,119.45,119.45,119.45, 1
04/01/2020,16:07,119.6,119.6,119.6,119.6, 1
04/01/2020,16:10,119.45,119.45,119.4,119.45, 11
04/01/2020,16:11,119.45,119.45,119.45,119.45, 1
04/01/2020,16:15,119.55,119.55,119.55,119.55, 3
04/01/2020,16:15,119.5,119.5,119.5,119.5, 1
04/01/2020,16:20,119.45,119.55,119.35,119.55, 24
04/01/2020,16:32,119.55,119.55,119.55,119.55, 1
04/01/2020,16:34,119.65,119.8,119.65,119.8, 12
04/01/2020,16:35,119.85,119.85,119.85,119.85, 1
04/01/2020,16:35,119.8,119.8,119.8,119.8, 1
04/01/2020,16:37,119.75,119.75,119.75,119.75, 2
04/01/2020,16:40,119.85,119.85,119.85,119.85, 1
04/01/2020,16:41,119.8,119.8,119.8,119.8, 1
04/01/2020,16:43,119.8,119.8,119.8,119.8, 1
04/01/2020,16:43,119.8,119.8,119.8,119.8, 3
04/01/2020,16:45,119.8,119.8,119.8,119.8, 1
04/01/2020,16:47,119.8,119.9,119.8,119.9, 3
04/01/2020,16:48,119.85,119.85,119.8,119.8, 2
04/01/2020,16:49,119.75,119.75,119.7,119.7, 2
04/01/2020,16:50,119.7,119.7,119.7,119.7, 11
04/01/2020,16:51,119.7,119.7,119.7,119.7, 1
04/01/2020,16:53,119.75,119.8,119.75,119.8, 4
04/01/2020,16:59,119.8,119.8,119.8,119.8, 3
04/01/2020,17:02,119.85,119.9,119.85,119.9, 6
04/01/2020,17:03,119.95,119.95,119.95,119.95, 4
04/01/2020,17:03,119.9,119.9,119.9,119.9, 1
04/01/2020,17:06,119.95,119.95,119.95,119.95, 5
04/01/2020,17:10,120,120,119.95,119.95, 14
04/01/2020,17:11,119.9,119.9,119.9,119.9, 18
04/01/2020,17:13,119.9,119.95,119.9,119.95, 10
04/01/2020,17:15,119.9,119.9,119.9,119.9, 12
04/01/2020,17:15,119.9,119.9,119.9,119.9, 2
04/01/2020,17:18,119.9,119.9,119.9,119.9, 2
04/01/2020,17:19,119.9,119.9,119.9,119.9, 3
04/01/2020,17:21,119.95,119.95,119.95,119.95, 4
04/01/2020,17:23,120,120,119.85,119.9, 21
04/01/2020,17:24,119.95,119.95,119.95,119.95, 9
04/01/2020,17:25,119.9,120,119.9,120, 16
04/01/2020,17:25,119.9,119.9,119.85,119.85, 2
04/01/2020,17:30,119.8,119.8,119.8,119.8, 1
04/01/2020,17:31,119.8,119.8,119.8,119.8, 1
04/01/2020,17:32,119.85,119.85,119.85,119.85, 5
04/01/2020,17:36,119.95,119.95,119.95,119.95, 2
04/01/2020,17:39,119.95,119.95,119.95,119.95, 1
04/01/2020,17:40,119.9,119.95,119.9,119.95, 2
04/01/2020,17:43,119.95,120,119.9,120, 3
04/01/2020,17:44,119.9,119.95,119.9,119.95, 4
04/01/2020,17:46,119.9,119.9,119.8,119.9, 7
04/01/2020,17:48,119.9,119.9,119.9,119.9, 1
04/01/2020,17:53,119.9,119.9,119.8,119.8, 5
04/01/2020,17:54,119.75,119.75,119.75,119.75, 1
04/01/2020,17:57,119.85,119.9,119.85,119.9, 5
04/01/2020,18:02,119.95,119.95,119.8,119.8, 3
04/01/2020,18:05,119.95,119.95,119.95,119.95, 3
04/01/2020,18:07,119.95,119.95,119.85,119.85, 8
04/01/2020,18:09,119.85,119.9,119.85,119.9, 5
04/01/2020,18:10,119.85,119.85,119.85,119.85, 6
04/01/2020,18:13,119.9,120.15,119.9,120.15, 33
04/01/2020,18:15,120.05,120.05,119.95,119.95, 6
04/01/2020,18:20,119.95,120,119.95,120, 5
04/01/2020,18:22,119.85,119.85,119.85,119.85, 1
04/01/2020,18:24,119.9,119.95,119.9,119.95, 2
04/01/2020,18:25,119.9,119.9,119.6,119.6, 13
04/01/2020,18:26,119.75,119.85,119.75,119.8, 11
04/01/2020,18:26,119.85,119.9,119.85,119.9, 5
04/01/2020,18:27,119.95,119.95,119.9,119.9, 2
04/01/2020,18:28,119.9,119.9,119.9,119.9, 1
04/01/2020,18:29,119.9,119.9,119.9,119.9, 1
04/01/2020,18:31,119.9,119.95,119.9,119.95, 6
04/01/2020,18:32,119.9,119.95,119.9,119.95, 2
04/01/2020,18:33,119.9,119.95,119.9,119.95, 3
04/01/2020,18:33,119.9,119.9,119.9,119.9, 1
04/01/2020,18:34,119.9,119.9,119.9,119.9, 2
04/01/2020,18:36,119.85,119.85,119.85,119.85, 1
04/01/2020,18:37,119.9,119.95,119.9,119.95, 2
04/01/2020,18:37,119.95,119.95,119.95,119.95, 1
04/01/2020,18:39,119.95,119.95,119.9,119.9, 3
04/01/2020,18:43,119.9,119.95,119.9,119.95, 2
04/01/2020,18:45,119.85,119.85,119.85,119.85, 1
04/01/2020,18:46,119.95,119.95,119.95,119.95, 1
04/01/2020,18:49,119.9,119.9,119.85,119.85, 9
04/01/2020,18:51,119.75,119.85,119.7,119.8, 10
04/01/2020,18:52,119.75,119.75,119.75,119.75, 1
04/01/2020,18:53,119.7,119.7,119.65,119.7, 13
04/01/2020,18:54,119.75,119.75,119.7,119.7, 6
04/01/2020,18:55,119.7,119.7,119.55,119.6, 26
04/01/2020,18:56,119.6,119.6,119.45,119.45, 24
04/01/2020,18:56,119.45,119.45,119.45,119.45, 1
04/01/2020,18:58,119.25,119.25,119.25,119.25, 1
04/01/2020,18:59,119.3,119.3,118.85,119.1, 8
04/01/2020,19:01,119.05,119.1,119,119.05, 10
04/01/2020,19:02,119.05,119.05,118.95,118.95, 8
04/01/2020,19:02,118.9,118.9,118.85,118.85, 3
04/01/2020,19:04,118.85,118.85,118.85,118.85, 2
04/01/2020,19:07,118.85,118.9,118.8,118.8, 15
04/01/2020,19:08,118.8,118.9,118.8,118.9, 8
04/01/2020,19:09,119,119,119,119, 1
04/01/2020,19:11,119.05,119.05,119.05,119.05, 1
04/01/2020,19:12,119.1,119.1,119.05,119.05, 3
04/01/2020,19:14,119.1,119.1,119.1,119.1, 1
04/01/2020,19:16,118.95,118.95,118.85,118.9, 5
04/01/2020,19:18,118.95,119.05,118.95,119, 4
04/01/2020,19:19,119.1,119.1,119,119, 2
04/01/2020,19:19,118.95,118.95,118.95,118.95, 1
04/01/2020,19:21,119,119.05,119,119.05, 4
04/01/2020,19:23,119,119,119,119, 2
04/01/2020,19:26,119,119,119,119, 1
04/01/2020,19:28,119.1,119.1,119.1,119.1, 1
04/01/2020,19:28,119,119,119,119, 1
04/01/2020,19:30,119,119,118.8,118.9, 29
04/01/2020,19:31,118.9,118.9,118.85,118.9, 3
04/01/2020,19:31,118.95,118.95,118.95,118.95, 1
04/01/2020,19:35,118.95,119,118.95,119, 2
04/01/2020,19:37,118.8,118.8,118.8,118.8, 1
04/01/2020,19:40,119,119,119,119, 1
04/01/2020,19:43,118.75,118.8,118.7,118.75, 16
04/01/2020,19:44,118.8,118.8,118.8,118.8, 3
04/01/2020,19:45,118.8,118.9,118.8,118.9, 9
04/01/2020,19:49,118.85,118.9,118.85,118.9, 5
04/01/2020,19:50,118.95,118.95,118.95,118.95, 5
04/01/2020,19:55,119,119.1,119,119.1, 6
04/01/2020,19:57,119,119,119,119, 1
04/01/2020,19:58,119.1,119.1,119.1,119.1, 1
04/01/2020,20:00,119.15,119.15,119.05,119.05, 4
04/02/2020,14:01,119.05,119.5,119.05,119.5, 26
04/02/2020,14:02,119.5,119.5,119.5,119.5, 1
04/02/2020,14:03,119.5,119.8,119.5,119.8, 12
04/02/2020,14:03,119.8,119.8,119.8,119.8, 8
04/02/2020,14:05,119.8,119.8,119.8,119.8, 5
04/02/2020,14:07,119.65,119.65,119.65,119.65, 3
04/02/2020,14:08,119.65,119.65,119.5,119.5, 2
04/02/2020,14:08,119.5,119.5,119.5,119.5, 1
04/02/2020,14:09,119.6,119.6,119.6,119.6, 1
04/02/2020,14:12,119.25,119.25,119.25,119.25, 1
04/02/2020,14:16,119.2,119.2,119.2,119.2, 1
04/02/2020,14:21,119.25,119.25,119.2,119.2, 4
04/02/2020,14:24,119,119,119,119, 2
04/02/2020,14:27,119,119,119,119, 1
04/02/2020,14:27,119.1,119.1,119.1,119.1, 1
04/02/2020,14:30,119.2,119.2,119.2,119.2, 1
04/02/2020,14:36,119.15,119.15,119,119, 5
04/02/2020,14:36,119,119,118.85,118.9, 6
04/02/2020,14:43,118.8,118.8,118.8,118.8, 8
04/02/2020,14:46,118.8,118.9,118.75,118.9, 8
04/02/2020,14:49,118.95,118.95,118.95,118.95, 1
04/02/2020,14:51,118.8,118.8,118.8,118.8, 1
04/02/2020,14:52,118.85,118.85,118.85,118.85, 1
04/02/2020,14:56,118.9,118.9,118.9,118.9, 1
04/02/2020,15:00,118.85,118.85,118.85,118.85, 1
04/02/2020,15:03,118.85,118.85,118.85,118.85, 1
04/02/2020,15:08,119.15,119.15,118.9,118.9, 6
04/02/2020,15:10,118.6,118.8,118.25,118.25, 23
04/02/2020,15:12,118,118.05,112.65,112.65, 190
04/02/2020,15:13,112.95,114.55,110.95,114.55, 81
04/02/2020,15:14,114.8,115.1,114.6,114.75, 47
04/02/2020,15:15,114.6,114.7,114.25,114.7, 31
04/02/2020,15:16,114.95,117.95,114.95,117.95, 19
04/02/2020,15:17,117.35,117.65,117.25,117.25, 8
04/02/2020,15:19,115.75,115.75,115.75,115.75, 4
04/02/2020,15:20,115.55,115.55,115.5,115.5, 4
04/02/2020,15:21,115.4,115.5,115.4,115.5, 11
04/02/2020,15:22,116.4,116.4,116.4,116.4, 1
04/02/2020,15:23,115.55,115.55,115.55,115.55, 4
04/02/2020,15:24,115.65,117.1,115.65,117.1, 6
04/02/2020,15:26,116.45,116.45,116.45,116.45, 3
04/02/2020,15:27,116.8,116.8,116.8,116.8, 1
04/02/2020,15:28,117,117,117,117, 1
04/02/2020,15:31,116.2,116.2,116.15,116.15, 2
04/02/2020,15:32,116.15,116.15,116.15,116.15, 1
04/02/2020,15:36,116.65,116.65,116.65,116.65, 1
04/02/2020,15:36,116.65,116.65,116.65,116.65, 1
04/02/2020,15:37,116.4,116.4,116.4,116.4, 1
04/02/2020,15:38,116.85,116.85,116.85,116.85, 6
04/02/2020,15:39,116.85,116.85,116.85,116.85, 1
04/02/2020,15:40,116.85,116.85,116.85,116.85, 1
04/02/2020,15:41,116.85,116.85,116.75,116.75, 2
04/02/2020,15:45,116.2,116.2,116.2,116.2, 1
04/02/2020,15:46,116.2,116.2,116.2,116.2, 1
04/02/2020,15:49,116.55,116.55,116.55,116.55, 2
04/02/2020,15:52,116.5,116.5,116.5,116.5, 1
04/02/2020,15:54,116.5,116.5,116.5,116.5, 2
04/02/2020,15:54,116.1,116.1,116.05,116.1, 6
04/02/2020,15:56,116.25,116.25,116.25,116.25, 2
04/02/2020,16:01,116,116,115.9,115.9, 13
04/02/2020,16:02,115.85,115.85,115.8,115.8, 2
04/02/2020,16:07,116.25,116.25,116.25,116.25, 1
04/02/2020,16:08,116.05,116.05,116,116, 12
04/02/2020,16:09,116,116.15,116,116.15, 7
04/02/2020,16:12,116.25,116.25,116.25,116.25, 1
04/02/2020,16:18,116,116,116,116, 5
04/02/2020,16:19,115.7,115.7,115.7,115.7, 1
04/02/2020,16:22,115.8,115.8,115.35,115.35, 12
04/02/2020,16:23,115.65,115.65,115.35,115.65, 4
04/02/2020,16:26,115.4,115.4,115.4,115.4, 3
04/02/2020,16:29,115.5,115.5,115.5,115.5, 1
04/02/2020,16:34,115.5,115.6,115.5,115.6, 2
04/02/2020,16:41,115.55,115.55,115.55,115.55, 1
04/02/2020,16:42,115.6,115.6,115.6,115.6, 1
04/02/2020,16:42,115.6,115.6,115.6,115.6, 1
04/02/2020,16:47,115.7,115.8,115.7,115.8, 2
04/02/2020,16:50,115.8,115.8,115.8,115.8, 1
04/02/2020,16:52,115.95,115.95,115.95,115.95, 3
04/02/2020,16:53,115.5,115.6,115.45,115.45, 7
04/02/2020,16:53,115.5,115.5,115.45,115.5, 5
04/02/2020,16:56,115.35,115.35,115.35,115.35, 1
04/02/2020,17:00,115.65,115.65,115.65,115.65, 1
04/02/2020,17:03,115.9,115.9,115.9,115.9, 1
04/02/2020,17:10,116,116,116,116, 16
04/02/2020,17:13,116,116,116,116, 1
04/02/2020,17:16,115.85,115.85,115.85,115.85, 2
04/02/2020,17:19,115.95,115.95,115.95,115.95, 1
04/02/2020,17:22,115.8,115.8,115.8,115.8, 1
04/02/2020,17:23,115.95,115.95,115.95,115.95, 1
04/02/2020,17:25,115.9,115.9,115.9,115.9, 1
04/02/2020,17:32,115.9,115.9,115.9,115.9, 1
04/02/2020,17:32,115.9,115.9,115.9,115.9, 1
04/02/2020,17:35,115.8,115.8,115.6,115.75, 3
04/02/2020,17:36,115.9,115.9,115.9,115.9, 1
04/02/2020,17:40,115.8,115.8,115.7,115.7, 2
04/02/2020,17:41,115.85,115.85,115.85,115.85, 1
04/02/2020,17:42,115.95,115.95,115.95,115.95, 1
04/02/2020,17:44,115.85,115.85,115.6,115.6, 12
04/02/2020,17:45,115.65,115.7,115.65,115.7, 7
04/02/2020,17:47,115.85,115.85,115.85,115.85, 1
04/02/2020,17:54,115.95,116,115.95,116, 8
04/02/2020,17:55,115.95,115.95,115.9,115.9, 2
04/02/2020,18:00,115.9,116,115.9,116, 5
04/02/2020,18:02,115.95,115.95,115.95,115.95, 1
04/02/2020,18:05,115.9,116,115.85,116, 8
04/02/2020,18:06,115.95,115.95,115.95,115.95, 1
04/02/2020,18:10,116,116,116,116, 2
04/02/2020,18:13,116,116,115.95,116, 15
04/02/2020,18:13,116,116,116,116, 2
04/02/2020,18:16,115.9,115.9,115.85,115.9, 8
04/02/2020,18:19,115.9,115.9,115.9,115.9, 1
04/02/2020,18:24,115.85,115.9,115.8,115.8, 6
04/02/2020,18:28,115.8,115.8,115.75,115.75, 6
04/02/2020,18:29,115.65,115.7,115.65,115.7, 5
04/02/2020,18:33,115.85,116,115.85,115.95, 6
04/02/2020,18:33,116,116,115.9,115.9, 6
04/02/2020,18:35,115.95,116,115.95,116, 3
04/02/2020,18:42,115.95,115.95,115.95,115.95, 1
04/02/2020,18:42,116,116,116,116, 6
04/02/2020,18:44,115.9,115.9,115.8,115.8, 2
04/02/2020,18:47,115.85,115.85,115.85,115.85, 1
04/02/2020,18:54,115.85,115.85,115.75,115.75, 2
04/02/2020,19:00,115.95,115.95,115.95,115.95, 1
04/02/2020,19:01,116,116,116,116, 8
04/02/2020,19:05,116,116,116,116, 3
04/02/2020,19:06,116.15,116.25,116.15,116.25, 7
04/02/2020,19:08,116.25,116.3,116.25,116.3, 2
04/02/2020,19:11,116.2,116.2,116.2,116.2, 1
04/02/2020,19:12,116.25,116.25,116.25,116.25, 1
04/02/2020,19:16,116.3,116.5,116.25,116.35, 28
04/02/2020,19:17,116.35,116.35,116.35,116.35, 1
04/02/2020,19:23,116.35,116.35,116.35,116.35, 1
04/02/2020,19:23,116.25,116.25,116.2,116.2, 10
04/02/2020,19:27,116.3,116.3,116.3,116.3, 1
04/02/2020,19:27,116.2,116.2,116.1,116.1, 14
04/02/2020,19:29,116.1,116.3,116.1,116.3, 2
04/02/2020,19:30,116.15,116.15,116.1,116.1, 7
04/02/2020,19:30,116.1,116.1,115.3,115.3, 7
04/02/2020,19:32,115.55,115.55,115.55,115.55, 1
04/02/2020,19:37,115.55,115.55,115.55,115.55, 1
04/02/2020,19:39,115.5,115.5,115.3,115.3, 6
04/02/2020,19:41,115.25,115.25,114.5,114.5, 27
04/02/2020,19:41,114.7,114.7,114.7,114.7, 6
04/02/2020,19:43,114.7,114.7,114.55,114.55, 4
04/02/2020,19:45,115.15,115.15,115.15,115.15, 1
04/02/2020,19:47,115.15,115.25,114.85,114.85, 4
04/02/2020,19:55,115.1,115.1,115.1,115.1, 3
04/02/2020,19:56,115.2,115.2,115.2,115.2, 1
04/02/2020,19:56,115.4,115.4,115.4,115.4, 2
04/02/2020,19:57,115.4,115.5,115.15,115.15, 3
04/02/2020,20:00,115.45,115.45,115.45,115.45, 1
04/02/2020,20:00,115.1,115.5,115.1,115.5, 3
04/03/2020,14:01,114.5,115,114.2,114.25, 6
04/03/2020,14:01,114.3,114.3,114.3,114.3, 1
04/03/2020,14:05,114.55,114.55,114.4,114.4, 8
04/03/2020,14:06,114.3,114.3,114.05,114.05, 6
04/03/2020,14:07,114.05,114.15,114.05,114.15, 3
04/03/2020,14:09,114.25,114.3,114.1,114.1, 5
04/03/2020,14:15,114.05,114.05,114.05,114.05, 1
04/03/2020,14:16,114.05,114.05,114.05,114.05, 1
04/03/2020,14:22,114.3,114.3,114.05,114.05, 2
04/03/2020,14:23,114.35,114.35,114.25,114.25, 3
04/03/2020,14:25,114,114.05,113.75,113.75, 9
04/03/2020,14:26,113.4,113.4,113.15,113.15, 5
04/03/2020,14:26,113.1,113.1,113.1,113.1, 2
04/03/2020,14:29,113.15,113.8,113.1,113.8, 10
04/03/2020,14:33,113.8,113.8,113.8,113.8, 1
04/03/2020,14:35,113.85,113.85,113.85,113.85, 1
04/03/2020,14:38,113.3,113.3,113.15,113.15, 2
04/03/2020,14:42,113.15,113.15,113.15,113.15, 4
04/03/2020,14:43,113.35,113.35,113.35,113.35, 1
04/03/2020,14:46,113.1,113.2,113.1,113.2, 2
04/03/2020,14:46,113.35,113.35,113.35,113.35, 2
04/03/2020,14:49,113.45,113.45,113.45,113.45, 1
04/03/2020,14:51,113.55,113.55,113.55,113.55, 2
04/03/2020,14:51,113.6,113.6,113.6,113.6, 2
04/03/2020,14:59,113.6,113.6,113.6,113.6, 1
04/03/2020,15:00,113.6,113.65,113.6,113.6, 3
04/03/2020,15:03,113.55,113.55,113.55,113.55, 1
04/03/2020,15:04,113.55,113.6,113.55,113.6, 2
04/03/2020,15:05,113.5,113.5,113.35,113.35, 6
04/03/2020,15:06,113.25,113.25,113.25,113.25, 1
04/03/2020,15:07,113.25,113.35,113.25,113.35, 2
04/03/2020,15:14,113.2,113.2,113.2,113.2, 1
04/03/2020,15:18,113.2,113.2,113.1,113.1, 5
04/03/2020,15:20,113.1,113.1,113.1,113.1, 1
04/03/2020,15:22,113.1,113.1,113,113, 9
04/03/2020,15:22,113,113,112.75,112.9, 15
04/03/2020,15:23,112.8,112.8,112.8,112.8, 1
04/03/2020,15:26,112.75,112.75,112.75,112.75, 1
04/03/2020,15:27,112.8,112.8,112.8,112.8, 1
04/03/2020,15:33,113.1,113.1,112.75,112.75, 3
04/03/2020,15:36,112.95,112.95,112.95,112.95, 1
04/03/2020,15:42,112.75,112.75,112.75,112.75, 3
04/03/2020,15:43,112.7,112.8,112.5,112.5, 21
04/03/2020,15:45,112.5,112.5,112.5,112.5, 6
04/03/2020,15:45,112.5,112.5,112.5,112.5, 9
04/03/2020,15:46,112.6,112.6,112.5,112.5, 3
04/03/2020,15:48,112.35,112.35,112.35,112.35, 2
04/03/2020,15:49,112.25,112.25,112.25,112.25, 2
04/03/2020,15:52,112.25,112.25,112.25,112.25, 6
04/03/2020,15:53,112.35,112.35,112.1,112.1, 4
04/03/2020,15:54,112.1,112.1,112,112, 3
04/03/2020,15:54,112,112,112,112, 2
04/03/2020,15:56,112,112,112,112, 2
04/03/2020,15:59,112,112,111.85,111.85, 15
04/03/2020,16:01,111.8,111.8,111.8,111.8, 4
04/03/2020,16:03,111.9,112.05,111.9,112.05, 2
04/03/2020,16:04,112.2,112.2,112.05,112.05, 3
04/03/2020,16:05,112.05,112.2,112.05,112.2, 2
04/03/2020,16:07,112.2,112.2,112.2,112.2, 2
04/03/2020,16:13,112.3,112.3,112.3,112.3, 2
04/03/2020,16:16,112.35,112.35,112.35,112.35, 1
04/03/2020,16:19,112.35,112.6,112.35,112.6, 4
04/03/2020,16:21,112.6,112.6,112.6,112.6, 2
04/03/2020,16:24,112.65,113.05,112.65,113.05, 5
04/03/2020,16:25,113.15,113.2,113.15,113.2, 3
04/03/2020,16:26,112.95,112.95,112.95,112.95, 1
04/03/2020,16:29,112.95,112.95,112.95,112.95, 1
04/03/2020,16:31,113,113,113,113, 3
04/03/2020,16:32,113,113,113,113, 1
04/03/2020,16:33,112.85,112.85,112.6,112.6, 7
04/03/2020,16:36,112.6,112.7,112.6,112.7, 6
04/03/2020,16:40,112.8,112.85,112.8,112.85, 3
04/03/2020,16:41,112.8,112.8,112.8,112.8, 1
04/03/2020,16:43,112.8,112.8,112.8,112.8, 1
04/03/2020,16:44,112.65,112.65,112.55,112.55, 8
04/03/2020,16:48,112.7,112.7,112.7,112.7, 1
04/03/2020,16:49,112.5,112.5,112.5,112.5, 1
04/03/2020,16:50,112.6,112.6,112.5,112.5, 4
04/03/2020,16:51,112.55,112.95,112.5,112.95, 14
04/03/2020,16:52,113.1,113.2,113.1,113.1, 4
04/03/2020,16:53,113.2,113.2,113.2,113.2, 1
04/03/2020,16:54,113.15,113.15,113.15,113.15, 1
04/03/2020,16:58,113,113,113,113, 1
04/03/2020,16:59,113,113,113,113, 1
04/03/2020,17:02,113,113.25,113,113.25, 3
04/03/2020,17:03,113.3,113.3,113.3,113.3, 1
04/03/2020,17:06,113.8,113.8,113.8,113.8, 1
04/03/2020,17:08,113.85,113.85,113.85,113.85, 1
04/03/2020,17:09,113.85,113.85,113.55,113.55, 15
04/03/2020,17:10,113.65,113.65,113.55,113.55, 6
04/03/2020,17:16,113.15,113.15,113,113, 2
04/03/2020,17:20,112.95,112.95,112.95,112.95, 1
04/03/2020,17:24,112.95,112.95,112.9,112.9, 5
04/03/2020,17:25,112.8,112.8,112.8,112.8, 1
04/03/2020,17:26,112.8,112.9,112.8,112.8, 8
04/03/2020,17:27,112.8,112.8,112.8,112.8, 1
04/03/2020,17:31,112.75,112.75,112.75,112.75, 1
04/03/2020,17:33,112.45,112.45,112.45,112.45, 1
04/03/2020,17:37,112.75,112.8,112.75,112.8, 3
04/03/2020,17:40,112.75,112.75,112.75,112.75, 3
04/03/2020,17:41,112.55,112.75,112.45,112.65, 7
04/03/2020,17:43,112.4,112.4,112.4,112.4, 1
04/03/2020,17:46,112.45,112.45,112.45,112.45, 2
04/03/2020,17:48,112.55,112.6,112.45,112.45, 5
04/03/2020,17:52,112.8,112.8,112.8,112.8, 2
04/03/2020,17:54,112.5,112.6,112.45,112.6, 3
04/03/2020,17:54,112.75,112.8,112.75,112.8, 5
04/03/2020,17:56,112.6,112.6,112.6,112.6, 7
04/03/2020,18:00,112.4,112.4,112.3,112.3, 9
04/03/2020,18:01,112.2,112.2,112.2,112.2, 1
04/03/2020,18:04,112.15,112.2,112,112, 5
04/03/2020,18:07,112.05,112.4,112.05,112.4, 9
04/03/2020,18:08,112.35,112.35,112.35,112.35, 3
04/03/2020,18:11,112.05,112.05,111.8,111.85, 8
04/03/2020,18:12,111.85,111.85,111.85,111.85, 2
04/03/2020,18:12,111.75,111.75,111.65,111.65, 18
04/03/2020,18:13,111.55,111.55,111.55,111.55, 1
04/03/2020,18:15,111.65,111.65,111.65,111.65, 1
04/03/2020,18:16,112,112,112,112, 1
04/03/2020,18:18,111.8,111.8,111.75,111.75, 4
04/03/2020,18:21,111.55,111.55,111.55,111.55, 1
04/03/2020,18:21,111.55,111.55,111.55,111.55, 1
04/03/2020,18:23,111.65,111.65,111.65,111.65, 1
04/03/2020,18:24,111.65,111.65,111.55,111.55, 5
04/03/2020,18:25,111.55,111.55,111.5,111.5, 13
04/03/2020,18:26,111.5,111.5,111.4,111.4, 4
04/03/2020,18:26,111.3,111.3,111.3,111.3, 12
04/03/2020,18:28,111.4,111.55,111.4,111.55, 7
04/03/2020,18:34,111.2,111.35,111.2,111.35, 3
04/03/2020,18:35,111.3,111.3,111.3,111.3, 1
04/03/2020,18:39,111.2,111.3,111.2,111.3, 3
04/03/2020,18:41,110.85,110.85,110.85,110.85, 2
04/03/2020,18:43,110.9,110.9,110.9,110.9, 1
04/03/2020,18:44,111,111,111,111, 1
04/03/2020,18:47,110.95,111,110.75,110.75, 4
04/03/2020,18:50,110.9,110.95,110.9,110.95, 3
04/03/2020,18:54,111,111,110.9,110.9, 16
04/03/2020,18:54,110.8,110.8,110.8,110.8, 2
04/03/2020,18:56,110.85,110.9,110.85,110.9, 3
04/03/2020,19:01,110.9,110.9,110.9,110.9, 2
04/03/2020,19:02,110.95,111,110.95,111, 6
04/03/2020,19:03,111,111.2,110.95,110.95, 3
04/03/2020,19:05,111.2,111.2,111,111, 3
04/03/2020,19:06,111.15,111.15,111.15,111.15, 1
04/03/2020,19:10,111.3,111.3,111.3,111.3, 4
04/03/2020,19:11,111.4,111.4,111.4,111.4, 2
04/03/2020,19:11,111.4,111.4,111.4,111.4, 4
04/03/2020,19:14,111.8,111.8,111.8,111.8, 2
04/03/2020,19:15,112.05,112.05,112.05,112.05, 2
04/03/2020,19:18,111.7,111.7,111.7,111.7, 1
04/03/2020,19:21,112.15,112.15,112.15,112.15, 1
04/03/2020,19:22,112.15,112.15,112.15,112.15, 2
04/03/2020,19:27,112.25,112.65,112.25,112.6, 7
04/03/2020,19:27,112.15,112.15,112.15,112.15, 1
04/03/2020,19:31,112.5,112.6,112.5,112.6, 3
04/03/2020,19:33,112.15,112.15,112.15,112.15, 1
04/03/2020,19:39,112.15,112.15,112.05,112.05, 7
04/03/2020,19:46,112.3,112.3,112.05,112.05, 6
04/03/2020,19:46,111.95,111.95,111.95,111.95, 2
04/03/2020,19:49,111.95,111.95,111.95,111.95, 3
04/03/2020,19:52,111.5,111.5,111.5,111.5, 1
04/03/2020,19:55,111.8,111.8,111.8,111.8, 1
04/03/2020,19:56,111.8,111.8,111.8,111.8, 2
04/03/2020,19:58,111.5,111.5,111.5,111.5, 4
04/03/2020,19:58,111.8,111.8,111.8,111.8, 1
04/03/2020,20:00,111.85,112.25,111.55,112.25, 5
04/06/2020,14:01,111.55,111.6,111.05,111.05, 26
04/06/2020,14:04,111.3,111.8,111.3,111.8, 9
04/06/2020,14:05,111.8,111.9,111.8,111.9, 13
04/06/2020,14:06,111.8,111.8,111.65,111.65, 12
04/06/2020,14:07,111.4,111.45,110.85,110.85, 13
04/06/2020,14:08,111.55,112.35,111.55,112.35, 14
04/06/2020,14:09,111.5,111.5,111.5,111.5, 1
04/06/2020,14:13,111,111,110.95,111, 4
04/06/2020,14:13,111,111,111,111, 1
04/06/2020,14:15,111,111,111,111, 1
04/06/2020,14:17,110.85,110.85,110.85,110.85, 1
04/06/2020,14:18,110.7,110.8,110.7,110.8, 5
04/06/2020,14:29,110.7,110.7,110.65,110.65, 11
04/06/2020,14:32,110.7,110.7,110.7,110.7, 1
04/06/2020,14:38,110.95,111,110.9,110.9, 7
04/06/2020,14:50,110.75,110.75,110.75,110.75, 4
04/06/2020,14:51,110.75,110.75,110.65,110.65, 7
04/06/2020,14:53,110.75,110.75,110.65,110.65, 5
04/06/2020,14:56,110.65,110.65,110.25,110.25, 24
04/06/2020,14:57,110.3,110.3,110.25,110.25, 9
04/06/2020,14:59,110.25,110.25,110.25,110.25, 2
04/06/2020,15:01,110.1,110.1,110.05,110.05, 4
04/06/2020,15:02,110.05,110.05,110.05,110.05, 1
04/06/2020,15:06,110.1,110.1,110.1,110.1, 1
04/06/2020,15:14,110.2,110.2,110.2,110.2, 3
04/06/2020,15:15,110.1,110.1,110.05,110.05, 8
04/06/2020,15:16,110.05,110.1,109.95,109.95, 16
04/06/2020,15:16,109.75,109.75,109.75,109.75, 3
04/06/2020,15:21,110.1,110.1,110.1,110.1, 1
04/06/2020,15:24,110.1,110.1,110.1,110.1, 1
04/06/2020,15:25,110,110,109.7,109.7, 6
04/06/2020,15:31,109.6,109.6,109.55,109.55, 6
04/06/2020,15:35,109.55,109.55,109.35,109.5, 23
04/06/2020,15:36,109.4,109.5,109.25,109.5, 20
04/06/2020,15:38,109.3,109.3,109.15,109.15, 9
04/06/2020,15:41,109.45,109.45,109.35,109.35, 3
04/06/2020,15:45,109.7,109.7,109.7,109.7, 1
04/06/2020,15:47,109.95,109.95,109.55,109.55, 5
04/06/2020,15:49,109.65,109.65,109.65,109.65, 1
04/06/2020,15:52,109.6,109.6,109.5,109.5, 4
04/06/2020,15:53,109.25,109.25,109.25,109.25, 1
04/06/2020,15:55,109.2,109.2,108.95,108.95, 7
04/06/2020,15:56,109,109,108.95,108.95, 3
04/06/2020,15:58,109.05,109.05,108.95,108.95, 6
04/06/2020,15:59,108.95,108.95,108.95,108.95, 1
04/06/2020,15:59,108.75,108.75,108.6,108.6, 9
04/06/2020,16:00,108.7,108.7,108.6,108.6, 3
04/06/2020,16:01,108.7,108.7,108.6,108.6, 9
04/06/2020,16:01,108.7,108.75,108.7,108.75, 4
04/06/2020,16:02,108.75,108.75,108.75,108.75, 1
04/06/2020,16:04,108.75,108.75,108.75,108.75, 1
04/06/2020,16:04,108.75,108.75,108.75,108.75, 1
04/06/2020,16:06,108.95,108.95,108.65,108.65, 3
04/06/2020,16:11,108.75,108.75,108.75,108.75, 2
04/06/2020,16:12,108.95,109.05,108.95,108.95, 12
04/06/2020,16:13,109.2,109.2,109.1,109.1, 2
04/06/2020,16:13,109.35,109.35,109.35,109.35, 1
04/06/2020,16:14,109.2,109.35,109.15,109.35, 3
04/06/2020,16:15,109.65,109.7,109.65,109.7, 2
04/06/2020,16:15,109.35,109.35,109.35,109.35, 1
04/06/2020,16:17,109.05,109.05,109.05,109.05, 2
04/06/2020,16:18,109.1,109.1,109.05,109.05, 7
04/06/2020,16:19,109.4,109.4,109.4,109.4, 1
04/06/2020,16:21,109.4,109.4,109,109.15, 6
04/06/2020,16:25,109.25,109.25,109.25,109.25, 3
04/06/2020,16:28,109,109.3,109,109.15, 13
04/06/2020,16:28,109,109.25,109,109.25, 4
04/06/2020,16:30,109.3,109.35,109.3,109.35, 6
04/06/2020,16:31,109.35,109.5,109.35,109.4, 8
04/06/2020,16:31,109.5,109.5,109.5,109.5, 1
04/06/2020,16:33,109.5,109.5,109.4,109.4, 2
04/06/2020,16:33,109.4,109.4,109.3,109.4, 8
04/06/2020,16:34,109.6,109.6,109.6,109.6, 3
04/06/2020,16:36,109.55,109.55,109.55,109.55, 1
04/06/2020,16:42,109.8,109.8,109.8,109.8, 1
04/06/2020,16:44,109.85,109.85,109.85,109.85, 2
04/06/2020,16:48,109.85,109.95,109.85,109.95, 29
04/06/2020,16:49,109.65,109.65,109.65,109.65, 1
04/06/2020,16:50,109.9,109.9,109.85,109.85, 3
04/06/2020,16:51,109.75,109.75,109.75,109.75, 1
04/06/2020,16:54,109.75,109.95,109.75,109.95, 4
04/06/2020,16:57,109.85,109.85,109.85,109.85, 1
04/06/2020,17:00,109.95,109.95,109.9,109.9, 7
04/06/2020,17:01,109.95,109.95,109.95,109.95, 1
04/06/2020,17:03,109.85,109.85,109.8,109.85, 4
04/06/2020,17:07,109.75,109.75,109.65,109.65, 6
04/06/2020,17:11,109.3,109.3,109,109.05, 16
04/06/2020,17:19,109.3,109.3,109.3,109.3, 1
04/06/2020,17:40,109.55,109.55,109.55,109.55, 7
04/06/2020,17:43,109.8,109.8,109.8,109.8, 1
04/06/2020,17:43,109.8,109.8,109.8,109.8, 1
04/06/2020,17:57,109.6,109.6,109.6,109.6, 3
04/06/2020,17:58,109.6,109.9,109.6,109.6, 8
04/06/2020,18:01,109.55,109.55,109.55,109.55, 3
04/06/2020,18:06,109.85,109.85,109.85,109.85, 1
04/06/2020,18:11,109.85,109.85,109.85,109.85, 1
04/06/2020,18:14,109.55,109.55,109.55,109.55, 3
04/06/2020,18:30,109.6,109.75,109.6,109.75, 2
04/06/2020,18:31,109.8,109.9,109.8,109.9, 7
04/06/2020,18:32,109.95,109.95,109.85,109.95, 13
04/06/2020,18:33,109.75,109.75,109.55,109.55, 6
04/06/2020,18:33,109.5,109.5,109.5,109.5, 1
04/06/2020,18:36,109.7,109.7,109.7,109.7, 1
04/06/2020,18:37,109.8,109.8,109.8,109.8, 1
04/06/2020,18:46,109.75,109.75,109.65,109.65, 3
04/06/2020,18:46,109.5,109.5,109.5,109.5, 1
04/06/2020,18:48,109.5,109.5,109.5,109.5, 1
04/06/2020,18:50,109.4,109.4,109.35,109.35, 2
04/06/2020,18:53,109.45,109.45,109.45,109.45, 1
04/06/2020,18:59,109.5,109.5,109.5,109.5, 5
04/06/2020,19:03,109.65,109.65,109.65,109.65, 1
04/06/2020,19:04,109.75,109.75,109.75,109.75, 28
04/06/2020,19:05,109.75,109.75,109.75,109.75, 2
04/06/2020,19:06,109.75,109.75,109.6,109.6, 4
04/06/2020,19:09,109.2,109.2,109.15,109.15, 4
04/06/2020,19:13,109.2,109.2,109.2,109.2, 2
04/06/2020,19:13,109.2,109.3,109.2,109.3, 5
04/06/2020,19:16,109.3,109.35,109.3,109.35, 6
04/06/2020,19:17,109.45,109.45,109.45,109.45, 1
04/06/2020,19:28,109.45,109.5,109.45,109.5, 2
04/06/2020,19:29,109.35,109.35,109.35,109.35, 1
04/06/2020,19:31,109.45,109.55,109.35,109.35, 3
04/06/2020,19:31,109.35,109.35,109.35,109.35, 2
04/06/2020,19:36,109.3,109.3,109.3,109.3, 2
04/06/2020,19:41,109.5,109.5,109.5,109.5, 1
04/06/2020,19:42,109.35,109.35,109.3,109.3, 2
04/06/2020,19:45,109,109,109,109, 1
04/06/2020,19:45,109.2,109.2,109.2,109.2, 1
04/06/2020,19:47,109.2,109.2,109.2,109.2, 1
04/06/2020,19:49,109.25,109.25,109.25,109.25, 4
04/06/2020,19:54,109.25,109.25,109.25,109.25, 1
04/06/2020,19:55,109.1,109.1,109.1,109.1, 1
04/06/2020,19:59,109.4,109.4,108.65,108.65, 7
04/06/2020,20:00,108.6,108.95,108.4,108.4, 19
04/06/2020,20:00,108.25,108.3,108.25,108.25, 7
04/07/2020,06:19,108.25,108.25,108.25,108.25, 1
04/07/2020,14:01,108.25,108.25,106.25,106.65, 53
04/07/2020,14:01,106.75,106.75,106.65,106.65, 2
04/07/2020,14:04,106.75,106.75,106.1,106.45, 18
04/07/2020,14:06,106.35,106.35,106.35,106.35, 2
04/07/2020,14:06,106.2,106.2,106.2,106.2, 1
04/07/2020,14:11,106.2,106.35,106.2,106.2, 8
04/07/2020,14:12,106.35,106.5,106.35,106.5, 7
04/07/2020,14:15,106.4,106.4,106.35,106.35, 2
04/07/2020,14:24,106.6,106.6,106.45,106.45, 3
04/07/2020,14:27,106.6,106.8,106.6,106.7, 4
04/07/2020,14:27,106.85,106.85,106.85,106.85, 2
04/07/2020,14:29,106.95,106.95,106.95,106.95, 1
04/07/2020,14:31,107.15,107.25,107.15,107.25, 10
04/07/2020,14:32,107.25,107.25,107.25,107.25, 1
04/07/2020,14:35,107.5,107.5,107.5,107.5, 1
04/07/2020,14:38,107.25,107.25,107.1,107.1, 6
04/07/2020,14:43,107.55,107.55,107.55,107.55, 2
04/07/2020,14:45,107.3,107.3,107.25,107.25, 2
04/07/2020,14:51,107.35,107.35,107.35,107.35, 1
04/07/2020,14:57,107.25,107.25,107.25,107.25, 1
04/07/2020,14:59,107,107,107,107, 2
04/07/2020,15:03,107.2,107.2,107.2,107.2, 4
04/07/2020,15:04,107,107,107,107, 1
04/07/2020,15:04,106.95,106.95,106.95,106.95, 1
04/07/2020,15:09,106.9,106.9,106.5,106.5, 15
04/07/2020,15:11,106.5,106.5,106.5,106.5, 4
04/07/2020,15:12,106.4,106.4,106.35,106.35, 5
04/07/2020,15:12,106.35,106.35,106.35,106.35, 1
04/07/2020,15:14,106.3,106.3,106.3,106.3, 1
04/07/2020,15:16,106.25,106.25,106.2,106.2, 2
04/07/2020,15:17,106.2,106.2,106.2,106.2, 2
04/07/2020,15:18,106.25,106.25,106.25,106.25, 1
04/07/2020,15:19,106.4,106.4,106.2,106.2, 4
04/07/2020,15:21,106.1,106.4,106.1,106.35, 5
04/07/2020,15:21,106.35,106.35,106.35,106.35, 1
04/07/2020,15:24,106.45,106.45,106.35,106.35, 2
04/07/2020,15:25,106.35,106.35,106.35,106.35, 1
04/07/2020,15:28,106.2,106.2,105.75,105.75, 30
04/07/2020,15:29,105.75,106,105.75,105.95, 7
04/07/2020,15:29,105.75,105.75,105.75,105.75, 1
04/07/2020,15:34,105.95,105.95,105.85,105.85, 2
04/07/2020,15:35,105.75,105.95,105.65,105.95, 4
04/07/2020,15:35,106,106,106,106, 1
04/07/2020,15:36,106,106,106,106, 1
04/07/2020,15:38,105.9,105.9,105.9,105.9, 1
04/07/2020,15:40,105.9,106,105.9,106, 5
04/07/2020,15:42,106.25,106.25,106.25,106.25, 1
04/07/2020,15:43,106.15,106.15,106.15,106.15, 1
04/07/2020,15:48,106.75,106.75,106.4,106.75, 3
04/07/2020,15:51,106.8,106.8,106.8,106.8, 3
04/07/2020,15:53,106.75,106.75,106.25,106.25, 18
04/07/2020,15:53,106.6,106.6,106.6,106.6, 1
04/07/2020,15:55,106.85,106.85,106.85,106.85, 2
04/07/2020,15:56,106.4,106.4,106.4,106.4, 1
04/07/2020,15:57,107.05,107.05,107.05,107.05, 1
04/07/2020,16:00,106.9,106.9,106.9,106.9, 3
04/07/2020,16:06,106.7,106.7,106.7,106.7, 4
04/07/2020,16:06,106.7,106.7,106.7,106.7, 3
04/07/2020,16:07,106.9,106.9,106.9,106.9, 1
04/07/2020,16:09,106.9,106.9,106.9,106.9, 1
04/07/2020,16:11,106.6,106.6,106.6,106.6, 2
04/07/2020,16:13,106.8,106.85,106.8,106.85, 4
04/07/2020,16:15,106.85,106.85,106.85,106.85, 1
04/07/2020,16:15,106.85,106.85,106.85,106.85, 1
04/07/2020,16:18,106.6,106.6,106.55,106.55, 14
04/07/2020,16:18,106.55,106.55,106.55,106.55, 1
04/07/2020,16:19,106.55,106.55,106.55,106.55, 2
04/07/2020,16:20,106.5,106.5,106.45,106.45, 7
04/07/2020,16:21,106.15,106.15,106.15,106.15, 1
04/07/2020,16:22,105.85,105.85,105.65,105.65, 5
04/07/2020,16:23,105.65,105.65,105.6,105.6, 6
04/07/2020,16:24,105.55,105.55,105.45,105.5, 77
04/07/2020,16:24,105.5,105.5,105.45,105.45, 2
04/07/2020,16:24,105.5,105.5,105.5,105.5, 13
04/07/2020,16:26,105.6,105.7,105.6,105.7, 3
04/07/2020,16:26,105.8,106.15,105.8,106.15, 11
04/07/2020,16:32,105.5,105.5,105.5,105.5, 1
04/07/2020,16:34,105.5,105.5,105.5,105.5, 1
04/07/2020,16:35,105.55,105.65,105.55,105.6, 4
04/07/2020,16:36,105.6,105.7,105.6,105.7, 6
04/07/2020,16:38,105.85,105.85,105.85,105.85, 1
04/07/2020,16:41,105.7,105.7,105.7,105.7, 1
04/07/2020,16:41,105.85,105.85,105.85,105.85, 1
04/07/2020,16:43,105.65,105.65,105.65,105.65, 4
04/07/2020,16:50,105.55,105.55,105.55,105.55, 2
04/07/2020,16:52,105.75,105.75,105.75,105.75, 1
04/07/2020,16:54,105.6,105.6,105.6,105.6, 4
04/07/2020,16:54,105.55,105.55,105.5,105.5, 12
04/07/2020,16:56,105.65,105.7,105.65,105.7, 2
04/07/2020,16:57,105.75,105.75,105.75,105.75, 1
04/07/2020,16:59,105.55,105.9,105.55,105.9, 10
04/07/2020,17:01,105.75,105.75,105.75,105.75, 1
04/07/2020,17:03,105.95,105.95,105.95,105.95, 2
04/07/2020,17:13,106.05,106.1,106,106.1, 8
04/07/2020,17:15,106,106,106,106, 1
04/07/2020,17:16,106.1,106.15,106.1,106.15, 2
04/07/2020,17:17,106.15,106.15,106.15,106.15, 1
04/07/2020,17:29,106.05,106.05,106,106, 4
04/07/2020,17:31,106.05,106.05,106.05,106.05, 1
04/07/2020,17:34,106.15,106.15,106.15,106.15, 3
04/07/2020,17:35,106.15,106.15,106.15,106.15, 2
04/07/2020,17:35,106.25,106.25,106.25,106.25, 2
04/07/2020,17:37,106.3,106.3,106.3,106.3, 1
04/07/2020,17:39,106.6,106.6,106.6,106.6, 5
04/07/2020,17:40,106.65,106.65,106.65,106.65, 5
04/07/2020,17:41,106.6,106.6,106.5,106.5, 5
04/07/2020,17:42,106.6,106.6,106.6,106.6, 1
04/07/2020,17:44,106.2,106.2,106.05,106.05, 5
04/07/2020,17:45,106.05,106.05,106.05,106.05, 1
04/07/2020,17:47,106.1,106.1,106.1,106.1, 1
04/07/2020,17:54,106.3,106.3,106.3,106.3, 1
04/07/2020,17:58,106.15,106.15,106.15,106.15, 1
04/07/2020,18:01,106.2,106.2,106.2,106.2, 2
04/07/2020,18:01,106.3,106.3,106.3,106.3, 7
04/07/2020,18:03,106.35,106.35,106.35,106.35, 1
04/07/2020,18:12,106.25,106.3,106.25,106.3, 4
04/07/2020,18:33,106.35,106.5,106.35,106.5, 4
04/07/2020,18:38,106.45,106.45,106.45,106.45, 2
04/07/2020,18:40,106.6,106.6,106.6,106.6, 1
04/07/2020,18:41,106.6,106.6,106.6,106.6, 3
04/07/2020,18:53,106.3,106.3,106.25,106.25, 7
04/07/2020,18:56,106.3,106.3,106.3,106.3, 1
04/07/2020,19:03,106.15,106.15,106.15,106.15, 4
04/07/2020,19:09,106.05,106.05,106.05,106.05, 1
04/07/2020,19:11,106.05,106.05,106.05,106.05, 1
04/07/2020,19:11,105.9,105.9,105.9,105.9, 3
04/07/2020,19:18,105.9,105.9,105.9,105.9, 1
04/07/2020,19:22,105.85,105.85,105.85,105.85, 1
04/07/2020,19:36,105.85,105.85,105.85,105.85, 5
04/07/2020,19:39,105.75,105.8,105.75,105.8, 2
04/07/2020,19:41,105.75,105.75,105.75,105.75, 1
04/07/2020,19:45,105.9,105.9,105.9,105.9, 2
04/07/2020,19:46,105.8,105.85,105.8,105.85, 2
04/07/2020,19:46,105.75,105.75,105.75,105.75, 3
04/07/2020,19:49,105.75,105.75,105.6,105.6, 8
04/07/2020,19:50,105.55,105.55,105.5,105.5, 14
04/07/2020,19:51,105.5,105.5,105.5,105.5, 1
04/07/2020,19:54,105.45,105.45,105.45,105.45, 2
04/07/2020,19:57,105.55,105.55,105.55,105.55, 1
04/07/2020,20:00,105.7,105.7,105.7,105.7, 2
04/08/2020,14:01,106.3,107.8,105.7,106.6, 28
04/08/2020,14:02,106.6,106.6,106.6,106.6, 2
04/08/2020,14:03,106,106,106,106, 1
04/08/2020,14:03,105.75,105.75,105.2,105.4, 19
04/08/2020,14:06,105.85,105.85,105.8,105.8, 2
04/08/2020,14:14,105.85,105.85,105.8,105.8, 4
04/08/2020,14:15,106,106,106,106, 1
04/08/2020,14:16,106.1,106.1,106.1,106.1, 1
04/08/2020,14:17,106.15,106.15,106.15,106.15, 1
04/08/2020,14:21,106.15,106.15,106.15,106.15, 3
04/08/2020,14:23,106,106,105.8,105.8, 4
04/08/2020,14:24,105.8,105.85,105.8,105.8, 9
04/08/2020,14:26,105.8,105.8,105.8,105.8, 1
04/08/2020,14:27,105.8,105.8,105.75,105.75, 10
04/08/2020,14:28,105.7,105.7,105.5,105.5, 8
04/08/2020,14:33,105.55,105.7,105.55,105.7, 2
04/08/2020,14:34,105.7,105.75,105.7,105.7, 7
04/08/2020,14:37,105.75,105.75,105.75,105.75, 1
04/08/2020,14:38,105.75,105.75,105.75,105.75, 2
04/08/2020,14:40,105.85,105.85,105.85,105.85, 1
04/08/2020,14:42,105.7,105.7,105.7,105.7, 3
04/08/2020,14:44,105.7,105.7,105.7,105.7, 3
04/08/2020,14:46,105.55,105.55,105.5,105.5, 9
04/08/2020,14:51,105.35,105.6,105.35,105.6, 7
04/08/2020,14:51,105.5,105.5,105.5,105.5, 1
04/08/2020,14:56,105.35,105.35,104.95,104.95, 15
04/08/2020,14:56,104.95,104.95,104.95,104.95, 2
04/08/2020,14:57,104.9,104.95,104.5,104.95, 21
04/08/2020,15:00,104.7,104.7,104.25,104.25, 21
04/08/2020,15:01,104.4,104.4,104.1,104.1, 7
04/08/2020,15:02,104.05,104.1,104,104, 7
04/08/2020,15:03,103.95,103.95,103.75,103.75, 16
04/08/2020,15:03,103.85,103.9,103.85,103.9, 4
04/08/2020,15:05,103.95,104.15,103.9,104.1, 8
04/08/2020,15:06,104.1,104.2,104.1,104.2, 5
04/08/2020,15:07,104,104.15,104,104.15, 9
04/08/2020,15:09,104.15,104.15,104.15,104.15, 4
04/08/2020,15:10,104.2,104.85,104.2,104.85, 19
04/08/2020,15:16,104.45,104.45,104.45,104.45, 1
04/08/2020,15:23,104.1,104.1,103.9,103.9, 17
04/08/2020,15:23,104,104.05,104,104.05, 4
04/08/2020,15:26,104.1,104.1,104.1,104.1, 2
04/08/2020,15:27,104.15,104.15,104.15,104.15, 1
04/08/2020,15:29,104,104,104,104, 3
04/08/2020,15:30,104.05,104.3,104.05,104.15, 16
04/08/2020,15:31,104.25,104.25,104.15,104.15, 2
04/08/2020,15:33,104.2,104.2,103.45,103.45, 13
04/08/2020,15:34,103.4,103.4,103.35,103.35, 6
04/08/2020,15:35,103.3,103.35,103.3,103.35, 4
04/08/2020,15:36,103.3,103.3,103.3,103.3, 4
04/08/2020,15:39,103.35,103.35,103.35,103.35, 1
04/08/2020,15:41,103.25,103.25,103.25,103.25, 1
04/08/2020,15:41,103.25,103.4,103.25,103.4, 8
04/08/2020,15:43,103.4,103.45,103.4,103.45, 4
04/08/2020,15:43,103.5,103.5,103.5,103.5, 2
04/08/2020,15:45,103.4,103.5,103.4,103.45, 8
04/08/2020,15:46,103.4,103.4,103.1,103.15, 13
04/08/2020,15:47,103.05,103.05,102.6,102.8, 45
04/08/2020,15:48,102.6,103.75,102.6,103.5, 34
04/08/2020,15:54,103,103,102.65,102.8, 4
04/08/2020,15:56,102.6,102.6,102.6,102.6, 1
04/08/2020,16:00,102.55,102.85,102.55,102.85, 14
04/08/2020,16:00,102.9,102.95,102.75,102.75, 3
04/08/2020,16:01,102.75,102.75,102.55,102.55, 6
04/08/2020,16:02,102.75,102.75,102.55,102.55, 6
04/08/2020,16:03,102.45,102.45,102.2,102.2, 6
04/08/2020,16:03,102.25,102.25,102.1,102.1, 2
04/08/2020,16:04,102.2,102.2,102.2,102.2, 3
04/08/2020,16:05,102.25,102.3,102.2,102.2, 6
04/08/2020,16:06,102.1,102.1,102,102.1, 19
04/08/2020,16:07,102.1,102.15,102.05,102.05, 5
04/08/2020,16:08,102.15,102.45,102.15,102.3, 15
04/08/2020,16:08,102.15,102.15,102.1,102.1, 5
04/08/2020,16:11,102.3,102.3,102.3,102.3, 1
04/08/2020,16:12,102.25,102.35,102.25,102.35, 4
04/08/2020,16:13,102.4,102.4,102.4,102.4, 1
04/08/2020,16:14,102.15,102.4,102.15,102.4, 5
04/08/2020,16:15,102.3,102.3,102.3,102.3, 1
04/08/2020,16:17,102.3,102.3,102.3,102.3, 1
04/08/2020,16:19,102.3,102.4,102.25,102.4, 9
04/08/2020,16:21,102.3,102.35,102.3,102.35, 6
04/08/2020,16:23,102.4,102.45,102.4,102.45, 4
04/08/2020,16:24,102.5,102.5,102.5,102.5, 1
04/08/2020,16:27,102.3,102.35,102.25,102.35, 4
04/08/2020,16:27,102.2,102.25,102.2,102.25, 3
04/08/2020,16:30,102.15,102.15,102.1,102.1, 16
04/08/2020,16:32,102.1,102.25,102.1,102.1, 10
04/08/2020,16:34,102.25,102.3,102.25,102.3, 4
04/08/2020,16:36,102.15,102.3,102.15,102.3, 10
04/08/2020,16:38,102.35,102.4,102.2,102.4, 3
04/08/2020,16:40,102.25,102.25,102.25,102.25, 1
04/08/2020,16:45,102.4,102.45,102.4,102.45, 4
04/08/2020,16:47,102.3,102.3,102.3,102.3, 3
04/08/2020,16:47,102.2,102.2,102.2,102.2, 2
04/08/2020,16:49,102.2,102.25,102.15,102.2, 6
04/08/2020,16:53,102.15,102.15,102.05,102.1, 14
04/08/2020,16:53,102.1,102.1,102.1,102.1, 1
04/08/2020,16:55,102.2,102.2,102.2,102.2, 2
04/08/2020,16:59,102.2,102.2,102.2,102.2, 1
04/08/2020,17:00,102.25,102.25,102.25,102.25, 2
04/08/2020,17:09,102.5,102.95,102.5,102.95, 5
04/08/2020,17:10,102.95,102.95,102.95,102.95, 1
04/08/2020,17:13,102.65,102.75,102.65,102.75, 4
04/08/2020,17:14,102.6,102.6,102.6,102.6, 2
04/08/2020,17:15,102.65,102.65,102.65,102.65, 4
04/08/2020,17:18,102.95,102.95,102.95,102.95, 1
04/08/2020,17:19,102.95,102.95,102.95,102.95, 1
04/08/2020,17:21,103,103,103,103, 5
04/08/2020,17:24,103,103,102.95,102.95, 4
04/08/2020,17:24,103,103,103,103, 1
04/08/2020,17:26,102.85,102.9,102.85,102.9, 3
04/08/2020,17:26,102.9,102.9,102.9,102.9, 1
04/08/2020,17:30,102.85,102.85,102.85,102.85, 1
04/08/2020,17:33,103,103,102.95,102.95, 3
04/08/2020,17:36,103.45,103.7,103.45,103.7, 6
04/08/2020,17:39,103.4,103.4,103.4,103.4, 3
04/08/2020,17:40,103.4,103.4,103.4,103.4, 5
04/08/2020,17:41,103.5,103.5,103.5,103.5, 1
04/08/2020,17:42,103.4,103.45,103.4,103.45, 4
04/08/2020,17:45,103.25,103.25,103.25,103.25, 1
04/08/2020,17:50,103.2,103.2,102.85,102.85, 4
04/08/2020,17:50,103.05,103.05,103.05,103.05, 1
04/08/2020,17:52,102.7,102.85,102.7,102.85, 3
04/08/2020,17:55,103.3,103.3,103.3,103.3, 1
04/08/2020,17:58,103.35,103.35,103.35,103.35, 1
04/08/2020,18:01,103.65,103.65,103.65,103.65, 1
04/08/2020,18:04,103.7,103.7,103.7,103.7, 1
04/08/2020,18:07,103.75,104,103.75,104, 9
04/08/2020,18:09,103.8,103.8,103.75,103.75, 2
04/08/2020,18:12,103.55,103.75,103.5,103.75, 19
04/08/2020,18:13,103.85,104.05,103.85,104.05, 8
04/08/2020,18:15,104.7,104.95,104.7,104.95, 5
04/08/2020,18:16,104.95,104.95,104.95,104.95, 1
04/08/2020,18:17,104.95,104.95,104.95,104.95, 1
04/08/2020,18:18,104.85,105.15,104.85,105.15, 8
04/08/2020,18:19,105.25,105.25,105.25,105.25, 2
04/08/2020,18:21,105.1,105.25,105.1,105.15, 3
04/08/2020,18:22,105,105,105,105, 6
04/08/2020,18:22,104.9,104.9,104.9,104.9, 2
04/08/2020,18:25,104.8,104.8,104.8,104.8, 1
04/08/2020,18:25,104.7,104.7,104.7,104.7, 1
04/08/2020,18:27,104.65,104.65,104.45,104.45, 3
04/08/2020,18:27,104.55,104.55,104.55,104.55, 1
04/08/2020,18:30,104.15,104.15,104.1,104.1, 2
04/08/2020,18:32,104.35,104.35,104.35,104.35, 1
04/08/2020,18:35,104.2,104.2,104.05,104.05, 9
04/08/2020,18:35,104.05,104.05,104.05,104.05, 2
04/08/2020,18:37,104.05,104.05,104.05,104.05, 1
04/08/2020,18:38,104.05,104.05,104,104, 3
04/08/2020,18:39,103.9,103.9,103.85,103.85, 3
04/08/2020,18:42,104,104,104,104, 1
04/08/2020,18:42,104.1,104.1,104.1,104.1, 2
04/08/2020,18:44,104.25,104.35,104.25,104.35, 3
04/08/2020,18:47,104.2,104.2,104.2,104.2, 3
04/08/2020,18:51,104.15,104.15,104.1,104.1, 3
04/08/2020,18:53,104.15,104.15,104.15,104.15, 1
04/08/2020,18:53,103.95,103.95,103.95,103.95, 2
04/08/2020,18:55,104.15,104.15,104.05,104.15, 5
04/08/2020,18:57,104.25,104.75,104.25,104.75, 2
04/08/2020,18:59,105.05,105.15,105,105.15, 4
04/08/2020,19:02,105.15,105.65,105.15,105.35, 14
04/08/2020,19:04,105.2,105.25,105.15,105.15, 5
04/08/2020,19:05,105.1,105.1,105.1,105.1, 2
04/08/2020,19:07,105.05,105.05,104.65,104.65, 5
04/08/2020,19:11,104.6,104.6,104.6,104.6, 1
04/08/2020,19:13,104.35,104.8,104.35,104.8, 2
04/08/2020,19:15,104.3,104.3,104.3,104.3, 1
04/08/2020,19:19,104.3,104.3,104.25,104.25, 6
04/08/2020,19:20,104.3,104.3,104.3,104.3, 1
04/08/2020,19:21,104.2,104.2,104.2,104.2, 1
04/08/2020,19:21,104.4,104.4,104.4,104.4, 3
04/08/2020,19:23,104.4,104.4,104.15,104.15, 6
04/08/2020,19:24,104.15,104.25,104.15,104.2, 3
04/08/2020,19:24,104.15,104.15,104,104, 6
04/08/2020,19:26,104.15,104.45,104.15,104.45, 5
04/08/2020,19:30,104.5,104.5,104.35,104.35, 13
04/08/2020,19:31,104.3,104.7,104.05,104.7, 14
04/08/2020,19:32,104.3,104.35,104.25,104.3, 7
04/08/2020,19:33,104.3,104.3,104.25,104.25, 7
04/08/2020,19:35,104.05,104.05,104.05,104.05, 1
04/08/2020,19:35,104.25,104.3,104.25,104.3, 5
04/08/2020,19:38,104.6,104.75,104.6,104.75, 5
04/08/2020,19:42,105,105,105,105, 3
04/08/2020,19:44,105,105.9,105,105.9, 12
04/08/2020,19:45,106.1,106.3,105.55,105.55, 6
04/08/2020,19:46,105.75,105.75,105.1,105.5, 9
04/08/2020,19:53,105.2,105.2,105.1,105.15, 7
04/08/2020,19:53,104.85,104.85,104.85,104.85, 1
04/08/2020,19:55,104.9,104.9,104.9,104.9, 1
04/08/2020,19:57,105.2,105.2,105.2,105.2, 1
04/08/2020,19:59,105.85,105.85,105.85,105.85, 1
04/08/2020,19:59,106.1,106.1,106.1,106.1, 2
04/08/2020,20:00,106.2,106.45,105.85,105.85, 5
04/09/2020,14:01,105.2,105.6,105.2,105.6, 7
04/09/2020,14:02,105.3,105.6,105.25,105.25, 4
04/09/2020,14:03,105.15,105.4,105.15,105.4, 6
04/09/2020,14:04,105.4,105.4,105.15,105.15, 5
04/09/2020,14:08,105.2,105.2,105.2,105.2, 1
04/09/2020,14:08,105.25,105.25,105,105, 2
04/09/2020,14:09,105.25,105.25,105.25,105.25, 1
04/09/2020,14:12,104.65,105.05,104.65,105.05, 2
04/09/2020,14:13,104.55,104.55,104.55,104.55, 1
04/09/2020,14:16,104.4,104.5,104.25,104.5, 4
04/09/2020,14:20,104.5,104.5,104.5,104.5, 1
04/09/2020,14:21,104.05,104.05,104.05,104.05, 1
04/09/2020,14:29,104,104,104,104, 1
04/09/2020,14:29,104,104,104,104, 1
04/09/2020,14:33,103.9,104.1,103.9,104.1, 7
04/09/2020,14:36,103.9,103.9,103.9,103.9, 1
04/09/2020,14:41,103.9,103.9,103.9,103.9, 1
04/09/2020,14:44,103.95,103.95,103.95,103.95, 6
04/09/2020,14:48,104.15,104.25,104.15,104.25, 3
04/09/2020,14:48,104.45,104.45,104.45,104.45, 1
04/09/2020,14:52,104.5,104.8,104.5,104.5, 6
04/09/2020,14:54,105.05,105.05,104.65,104.65, 2
04/09/2020,14:58,104.45,104.45,104.4,104.4, 3
04/09/2020,14:58,104.65,104.65,104.65,104.65, 1
04/09/2020,15:05,104.65,104.65,104.65,104.65, 2
04/09/2020,15:06,104.7,104.8,104.65,104.75, 8
04/09/2020,15:12,104.85,104.85,104.85,104.85, 2
04/09/2020,15:13,105.05,105.2,105,105.2, 7
04/09/2020,15:13,105.2,105.6,105.2,105.25, 23
04/09/2020,15:16,105.5,105.5,105.5,105.5, 4
04/09/2020,15:26,105.4,105.65,105.4,105.65, 12
04/09/2020,15:26,105.65,105.65,105.65,105.65, 3
04/09/2020,15:27,105.55,105.7,105.55,105.7, 6
04/09/2020,15:30,105.35,105.45,105.35,105.45, 5
04/09/2020,15:30,105.7,105.9,105.7,105.9, 5
04/09/2020,15:33,105.9,105.9,105.9,105.9, 1
04/09/2020,15:33,105.85,105.9,105.85,105.9, 3
04/09/2020,15:36,105.85,105.85,105.85,105.85, 2
04/09/2020,15:37,105.8,105.8,105.75,105.75, 2
04/09/2020,15:39,105.5,105.5,105.5,105.5, 1
04/09/2020,15:54,106,106,105.75,105.75, 2
04/09/2020,15:57,105.9,105.9,105.9,105.9, 2
04/09/2020,15:58,106.05,106.05,105.75,105.85, 5
04/09/2020,15:59,105.95,105.95,105.6,105.6, 2
04/09/2020,16:01,105.9,106.1,105.85,106.1, 7
04/09/2020,16:01,105.75,105.75,105.75,105.75, 1
04/09/2020,16:02,105.8,105.8,105.8,105.8, 1
04/09/2020,16:03,106,106,106,106, 2
04/09/2020,16:05,106,106,106,106, 2
04/09/2020,16:05,106,106,106,106, 1
04/09/2020,16:14,105.75,106,105.75,106, 7
04/09/2020,16:14,106.1,106.1,106.1,106.1, 1
04/09/2020,16:14,106.1,106.15,106.1,106.15, 5
04/09/2020,16:15,106.15,106.15,106.15,106.15, 2
04/09/2020,16:22,106.05,106.05,105.85,105.85, 5
04/09/2020,16:23,106.05,106.05,106.05,106.05, 2
04/09/2020,16:25,106.1,106.1,106.1,106.1, 1
04/09/2020,16:31,106.75,107.05,106.75,107.05, 11
04/09/2020,16:35,107.2,107.2,107.2,107.2, 1
04/09/2020,16:38,107.05,107.05,107.05,107.05, 1
04/09/2020,16:40,106.7,106.7,106.7,106.7, 1
04/09/2020,16:50,106.7,106.7,106.7,106.7, 2
04/09/2020,16:51,106.7,106.7,106.7,106.7, 1
04/09/2020,16:51,106.7,106.7,106.7,106.7, 1
04/09/2020,16:53,106.7,106.7,106.7,106.7, 3
04/09/2020,16:54,106.4,106.5,106.4,106.5, 3
04/09/2020,16:54,106.55,106.55,106.55,106.55, 1
04/09/2020,17:03,106.95,107.05,106.95,107.05, 6
04/09/2020,17:03,107.05,107.15,107.05,107.15, 8
04/09/2020,17:05,107.05,107.05,106.95,106.95, 5
04/09/2020,17:05,106.9,106.9,106.85,106.85, 5
04/09/2020,17:06,106.85,106.85,106.85,106.85, 1
04/09/2020,17:10,106.85,106.85,106.85,106.85, 2
04/09/2020,17:24,107,107,107,107, 1
04/09/2020,17:26,107,107,107,107, 1
04/09/2020,17:28,107.1,107.15,107,107.1, 6
04/09/2020,17:29,107,107,107,107, 1
04/09/2020,17:36,106.95,106.95,106.7,106.7, 3
04/09/2020,17:38,106.65,106.65,106.65,106.65, 3
04/09/2020,17:39,106.65,106.65,106.4,106.5, 18
04/09/2020,17:40,106.8,106.8,106.8,106.8, 2
04/09/2020,17:41,106.95,106.95,106.95,106.95, 1
04/09/2020,17:43,106.6,106.6,106.6,106.6, 1
04/09/2020,17:45,106.9,106.95,106.9,106.95, 5
04/09/2020,17:48,107.05,107.05,107.05,107.05, 1
04/09/2020,17:50,106.95,107.05,106.95,107.05, 3
04/09/2020,17:51,106.9,106.9,106.9,106.9, 3
04/09/2020,17:55,106.95,106.95,106.95,106.95, 1
04/09/2020,17:59,107,107.35,107,107.35, 20
04/09/2020,18:01,107.6,107.6,107.6,107.6, 1
04/09/2020,18:06,107.45,107.45,107.45,107.45, 1
04/09/2020,18:07,107.55,107.6,107.55,107.6, 2
04/09/2020,18:09,107.45,107.55,107.45,107.5, 8
04/09/2020,18:11,107.5,107.5,107.5,107.5, 4
04/09/2020,18:13,107.5,107.5,107.5,107.5, 1
04/09/2020,18:14,107.6,107.6,107.6,107.6, 1
04/09/2020,18:19,107.5,107.5,107.2,107.2, 4
04/09/2020,18:27,106.85,106.85,106.85,106.85, 3
04/09/2020,18:30,106.7,106.7,106.7,106.7, 2
04/09/2020,18:31,106.7,106.9,106.7,106.9, 3
04/09/2020,18:36,107.45,107.45,107.45,107.45, 1
04/09/2020,18:39,107.7,107.7,107.7,107.7, 1
04/09/2020,18:46,107.5,107.5,107.5,107.5, 5
04/09/2020,18:48,107.7,107.7,107.7,107.7, 1
04/09/2020,18:49,107.5,107.5,107.5,107.5, 1
04/09/2020,18:52,107.45,107.45,107.45,107.45, 1
04/09/2020,18:52,107.3,107.3,107.2,107.2, 3
04/09/2020,18:53,106.9,106.9,106.9,106.9, 1
04/09/2020,18:55,107.1,107.1,107.1,107.1, 2
04/09/2020,18:58,106.85,106.85,106.85,106.85, 1
04/09/2020,19:01,107.25,107.25,107.1,107.1, 2
04/09/2020,19:01,107.5,107.7,107.5,107.7, 10
04/09/2020,19:03,107.7,107.7,107.7,107.7, 10
04/09/2020,19:04,107.7,107.7,107.7,107.7, 5
04/09/2020,19:12,107.85,109.55,107.85,109.1, 46
04/09/2020,19:12,109,109,108.75,108.75, 18
04/09/2020,19:13,108.2,108.2,108,108, 2
04/09/2020,19:15,109,109,109,109, 1
04/09/2020,19:18,108.75,108.75,108.75,108.75, 1
04/09/2020,19:21,108.8,108.8,108.8,108.8, 1
04/09/2020,19:22,108.75,109,108.75,109, 2
04/09/2020,19:24,108.8,109,108.65,108.7, 8
04/09/2020,19:28,108.95,109.1,108.95,109.1, 2
04/09/2020,19:30,109.15,110,109.15,110, 41
04/09/2020,19:31,109.85,110.2,109.65,110.2, 14
04/09/2020,19:32,109.7,109.7,109.35,109.35, 2
04/09/2020,19:32,109.3,109.3,109.3,109.3, 1
04/09/2020,19:33,109.05,109.05,109.05,109.05, 1
04/09/2020,19:35,109.4,109.5,109.4,109.5, 5
04/09/2020,19:35,109.3,109.9,109.3,109.9, 5
04/09/2020,19:39,109.75,109.75,109.65,109.65, 3
04/09/2020,19:39,109.55,109.85,109.55,109.85, 3
04/09/2020,19:42,109.9,109.9,109.9,109.9, 2
04/09/2020,19:43,109.9,110.2,109.9,110.1, 12
04/09/2020,19:47,110.15,110.2,110.15,110.2, 5
04/09/2020,19:48,109.95,109.95,109.95,109.95, 1
04/09/2020,19:49,110.15,110.15,109.95,109.95, 3
04/09/2020,19:51,109.9,109.9,109.9,109.9, 1
04/09/2020,19:53,109.8,109.8,108.6,108.6, 8
04/09/2020,19:54,109.65,110.2,109.65,110.2, 4
04/09/2020,19:54,109.2,109.2,109.05,109.05, 8
04/09/2020,19:58,110.3,110.3,110.3,110.3, 1
04/09/2020,19:58,110,110,110,110, 1
04/09/2020,20:00,110.3,110.4,110.3,110.4, 13
04/09/2020,20:00,110.4,110.4,110,110, 12
04/13/2020,14:01,109.4,110.4,109.4,110.3, 34
04/13/2020,14:02,109.95,109.95,109.25,109.25, 20
04/13/2020,14:04,109.15,109.15,109,109, 8
04/13/2020,14:05,108.95,108.95,108.75,108.75, 7
04/13/2020,14:06,108.8,108.8,108.8,108.8, 1
04/13/2020,14:07,108.95,109,108.8,108.8, 6
04/13/2020,14:14,108.75,108.95,108.55,108.7, 8
04/13/2020,14:15,108.5,108.5,108.5,108.5, 2
04/13/2020,14:19,108.25,108.4,108.25,108.4, 5
04/13/2020,14:20,108.5,108.5,108.45,108.45, 4
04/13/2020,14:22,108.2,108.25,107.05,107.05, 26
04/13/2020,14:23,107.35,107.75,107.35,107.75, 11
04/13/2020,14:27,107.1,107.1,107.05,107.05, 2
04/13/2020,14:27,107,107,107,107, 1
04/13/2020,14:29,107.1,107.1,107.1,107.1, 1
04/13/2020,14:31,107.15,107.3,107.15,107.3, 7
04/13/2020,14:33,107,107,106.9,106.9, 10
04/13/2020,14:34,106.75,106.75,106.75,106.75, 1
04/13/2020,14:35,106.9,106.9,106.9,106.9, 1
04/13/2020,14:36,106.9,107.05,106.9,107.05, 9
04/13/2020,14:47,106.9,106.9,106.35,106.35, 8
04/13/2020,14:48,106.45,106.45,106.35,106.35, 6
04/13/2020,14:51,106.35,106.35,106.35,106.35, 1
04/13/2020,14:52,106.5,106.6,106.5,106.55, 6
04/13/2020,14:53,106.4,106.4,106.3,106.3, 6
04/13/2020,14:55,106.5,106.5,106.5,106.5, 1
04/13/2020,15:01,106.5,106.5,106.45,106.45, 4
04/13/2020,15:02,106.5,106.5,106.1,106.1, 26
04/13/2020,15:02,106.05,106.05,105.95,105.95, 5
04/13/2020,15:04,105.95,105.95,105.95,105.95, 6
04/13/2020,15:05,105.95,106.05,105.95,106, 9
04/13/2020,15:07,105.95,105.95,105.95,105.95, 1
04/13/2020,15:09,106,106,106,106, 2
04/13/2020,15:09,106.05,106.05,106.05,106.05, 1
04/13/2020,15:15,106.1,106.1,106.1,106.1, 1
04/13/2020,15:15,106.15,106.2,106.15,106.15, 5
04/13/2020,15:23,106.2,106.2,106.2,106.2, 3
04/13/2020,15:24,106.25,106.35,106.25,106.35, 5
04/13/2020,15:28,106.3,106.3,105.95,106.05, 10
04/13/2020,15:29,105.9,105.9,105.9,105.9, 6
04/13/2020,15:29,105.9,105.9,105.7,105.7, 7
04/13/2020,15:31,105.7,105.8,105.7,105.7, 7
04/13/2020,15:33,105.8,105.8,105.8,105.8, 1
04/13/2020,15:37,105.7,105.75,105.7,105.75, 8
04/13/2020,15:42,105.8,105.85,105.8,105.8, 4
04/13/2020,15:43,105.85,105.85,105.7,105.7, 4
04/13/2020,15:47,105.65,105.65,105.5,105.6, 15
04/13/2020,15:48,105.5,105.5,105.5,105.5, 1
04/13/2020,15:52,105.45,105.45,105.45,105.45, 2
04/13/2020,15:53,105.3,105.6,105.3,105.6, 10
04/13/2020,15:55,105.35,105.35,105.35,105.35, 1
04/13/2020,15:56,105.4,105.45,105.4,105.45, 3
04/13/2020,15:58,105.45,105.45,105.45,105.45, 1
04/13/2020,16:01,105.35,105.35,105.35,105.35, 5
04/13/2020,16:03,105.25,105.25,105.25,105.25, 1
04/13/2020,16:05,105.25,105.25,105.25,105.25, 2
04/13/2020,16:12,105.25,105.25,105.25,105.25, 1
04/13/2020,16:15,105.35,105.5,105.35,105.5, 8
04/13/2020,16:17,105.45,105.45,105.45,105.45, 2
04/13/2020,16:18,105.5,105.65,105.5,105.65, 10
04/13/2020,16:20,105.65,105.8,105.65,105.8, 4
04/13/2020,16:24,105.9,106.05,105.9,106.05, 6
04/13/2020,16:25,105.95,106.1,105.95,106.1, 9
04/13/2020,16:27,106.05,106.1,106.05,106.1, 3
04/13/2020,16:28,106,106.1,106,106.1, 6
04/13/2020,16:29,106.1,106.1,106.1,106.1, 1
04/13/2020,16:31,106.15,106.2,106,106, 8
04/13/2020,16:32,105.85,105.85,105.85,105.85, 4
04/13/2020,16:37,105.75,105.75,105.75,105.75, 1
04/13/2020,16:39,105.95,105.95,105.75,105.75, 3
04/13/2020,16:41,105.9,105.9,105.9,105.9, 1
04/13/2020,16:42,105.95,105.95,105.75,105.75, 3
04/13/2020,16:46,105.7,105.7,105.7,105.7, 5
04/13/2020,16:48,105.5,105.5,105.5,105.5, 4
04/13/2020,16:51,105.25,105.3,105.25,105.25, 6
04/13/2020,16:52,105.25,105.25,105,105, 3
04/13/2020,16:52,105,105,105,105, 1
04/13/2020,16:54,105.1,105.2,105.1,105.15, 8
04/13/2020,16:55,105.25,105.7,105.25,105.7, 19
04/13/2020,16:57,105.5,105.6,105.45,105.45, 7
04/13/2020,16:59,105.65,105.65,105.65,105.65, 4
04/13/2020,17:02,105.7,105.75,105.65,105.65, 5
04/13/2020,17:04,105.35,105.4,105.35,105.4, 7
04/13/2020,17:05,105.35,105.35,105.35,105.35, 1
04/13/2020,17:06,105.35,105.45,105.35,105.4, 5
04/13/2020,17:21,105.35,105.35,105.35,105.35, 1
04/13/2020,17:23,105.35,105.35,105.35,105.35, 1
04/13/2020,17:26,105.45,105.5,105.35,105.35, 6
04/13/2020,17:27,105.45,105.45,105.4,105.4, 2
04/13/2020,17:29,105.4,105.45,105.4,105.45, 3
04/13/2020,17:30,105.35,105.35,105.35,105.35, 1
04/13/2020,17:31,105.35,105.35,105.35,105.35, 5
04/13/2020,17:34,105.45,105.55,105.45,105.55, 8
04/13/2020,17:35,105.5,105.5,105.2,105.2, 4
04/13/2020,17:36,105,105,104.75,104.75, 8
04/13/2020,17:37,104.85,104.85,104.75,104.85, 5
04/13/2020,17:39,104.75,104.75,104.75,104.75, 1
04/13/2020,17:40,104.85,104.9,104.8,104.8, 3
04/13/2020,17:41,104.95,104.95,104.95,104.95, 2
04/13/2020,17:43,105.1,105.25,105.1,105.25, 5
04/13/2020,17:44,105.1,105.3,105.1,105.25, 5
04/13/2020,17:45,105.4,105.4,105.4,105.4, 4
04/13/2020,17:45,105.5,105.5,105.5,105.5, 1
04/13/2020,17:46,105.55,105.55,105.55,105.55, 1
04/13/2020,17:49,105.65,105.65,105.6,105.6, 3
04/13/2020,17:51,105.7,105.7,105.7,105.7, 1
04/13/2020,17:52,105.6,105.6,105.6,105.6, 1
04/13/2020,17:53,105.9,105.9,105.9,105.9, 1
04/13/2020,17:54,105.75,105.75,105.75,105.75, 1
04/13/2020,17:55,105.9,105.9,105.9,105.9, 2
04/13/2020,17:56,105.95,105.95,105.95,105.95, 1
04/13/2020,17:57,105.85,105.85,105.85,105.85, 1
04/13/2020,17:58,105.65,105.65,105.65,105.65, 1
04/13/2020,18:00,105.8,105.8,105.8,105.8, 1
04/13/2020,18:03,105.8,105.8,105.8,105.8, 1
04/13/2020,18:06,105.85,105.85,105.85,105.85, 1
04/13/2020,18:09,105.9,106.1,105.9,106.1, 11
04/13/2020,18:10,106.1,106.35,106.1,106.35, 7
04/13/2020,18:11,106.25,106.25,106.25,106.25, 1
04/13/2020,18:14,106.3,106.3,106.3,106.3, 1
04/13/2020,18:17,106.15,106.15,106.1,106.1, 5
04/13/2020,18:20,106.15,106.15,106.15,106.15, 1
04/13/2020,18:21,106.2,106.55,106.2,106.55, 14
04/13/2020,18:22,106.7,106.7,106.7,106.7, 1
04/13/2020,18:23,106.75,106.75,106.7,106.7, 2
04/13/2020,18:24,106.75,106.8,106.75,106.8, 5
04/13/2020,18:30,107.05,107.05,107.05,107.05, 1
04/13/2020,18:31,106.75,106.75,106.75,106.75, 1
04/13/2020,18:33,106.7,106.7,106.7,106.7, 1
04/13/2020,18:33,107.05,107.05,107.05,107.05, 1
04/13/2020,18:35,106.7,106.7,106.7,106.7, 1
04/13/2020,18:36,106.95,106.95,106.95,106.95, 1
04/13/2020,18:41,106.7,106.7,106.7,106.7, 1
04/13/2020,18:41,106.75,106.75,106.65,106.65, 5
04/13/2020,18:53,106.1,106.1,106.1,106.1, 1
04/13/2020,19:12,105.8,105.8,105.55,105.75, 9
04/13/2020,19:15,105.5,105.5,105.3,105.3, 12
04/13/2020,19:17,105,105,105,105, 3
04/13/2020,19:18,105,105,104.7,104.7, 16
04/13/2020,19:20,104.65,104.65,104.25,104.25, 32
04/13/2020,19:24,104.6,104.7,104.6,104.7, 5
04/13/2020,19:28,104.65,104.65,104.5,104.6, 11
04/13/2020,19:30,104.6,104.6,104.35,104.35, 17
04/13/2020,19:30,104.6,104.6,104.6,104.6, 1
04/13/2020,19:34,104.3,104.3,104.25,104.25, 2
04/13/2020,19:35,104.2,104.2,104.15,104.15, 4
04/13/2020,19:38,104.1,104.1,104.1,104.1, 2
04/13/2020,19:39,104.25,104.35,104.25,104.35, 4
04/13/2020,19:39,104.3,104.3,104.3,104.3, 1
04/13/2020,19:41,104.4,104.65,104.4,104.6, 18
04/13/2020,19:45,104.65,104.65,104.65,104.65, 2
04/13/2020,19:46,104.9,104.9,104.75,104.75, 4
04/13/2020,19:49,104.8,104.8,104.8,104.8, 1
04/13/2020,19:50,105.15,105.15,105.15,105.15, 6
04/13/2020,19:51,105,105,105,105, 10
04/13/2020,19:52,105.05,105.05,105.05,105.05, 1
04/13/2020,19:55,105.6,105.6,105,105.2, 3
04/13/2020,19:55,105.2,105.2,105.2,105.2, 1
04/13/2020,19:58,105.35,105.35,105.35,105.35, 3
04/13/2020,19:58,105.35,105.35,105.35,105.35, 1
04/13/2020,20:00,105.5,105.5,105.5,105.5, 2
04/14/2020,14:01,106.35,108.5,106.2,108.5, 14
04/14/2020,14:03,106.3,106.3,106.3,106.3, 2
04/14/2020,14:04,106.2,106.2,105.85,105.85, 2
04/14/2020,14:09,105.75,105.75,105.75,105.75, 1
04/14/2020,14:12,105.7,105.7,105.7,105.7, 1
04/14/2020,14:12,106,106.1,106,106.1, 3
04/14/2020,14:17,106.5,106.55,106.5,106.55, 3
04/14/2020,14:19,106.75,106.75,106.7,106.7, 2
04/14/2020,14:25,107.1,107.95,107.1,107.95, 7
04/14/2020,14:26,108,108,108,108, 1
04/14/2020,14:35,108,108,107.3,107.3, 9
04/14/2020,14:35,107.3,107.35,107.3,107.35, 3
04/14/2020,14:48,107.6,107.6,107.6,107.6, 4
04/14/2020,14:49,107.8,107.8,107.45,107.55, 7
04/14/2020,14:51,107.6,107.6,107.6,107.6, 1
04/14/2020,15:03,107.35,107.75,107.3,107.75, 10
04/14/2020,15:13,107.25,107.55,107.25,107.55, 3
04/14/2020,15:16,107.8,107.8,107.8,107.8, 1
04/14/2020,15:18,107.55,107.55,107.55,107.55, 1
04/14/2020,15:21,107.5,107.5,107.5,107.5, 2
04/14/2020,15:22,107.5,107.5,107.5,107.5, 1
04/14/2020,15:26,107.5,107.5,107.5,107.5, 1
04/14/2020,15:33,107.05,107.05,107.05,107.05, 1
04/14/2020,15:36,107.05,107.05,107.05,107.05, 1
04/14/2020,15:39,106.7,106.7,106.7,106.7, 1
04/14/2020,15:41,106.6,106.6,106.6,106.6, 1
04/14/2020,15:42,106.85,106.85,106.85,106.85, 1
04/14/2020,15:43,107.25,107.3,107.25,107.3, 2
04/14/2020,15:49,107.65,107.65,107.65,107.65, 3
04/14/2020,15:50,107.15,107.15,107,107.15, 6
04/14/2020,16:01,107,107.5,107,107.5, 3
04/14/2020,16:02,107.7,107.7,107.7,107.7, 1
04/14/2020,16:12,107.4,107.4,107.4,107.4, 1
04/14/2020,16:20,107.1,107.1,106.45,106.5, 27
04/14/2020,16:20,106.7,106.7,106.7,106.7, 1
04/14/2020,16:32,106.7,106.7,106.7,106.7, 1
04/14/2020,16:33,106.45,106.45,105.85,106.05, 5
04/14/2020,16:37,105.85,105.85,105.85,105.85, 1
04/14/2020,16:38,105.8,105.8,105.8,105.8, 1
04/14/2020,16:41,105.85,105.85,105.85,105.85, 1
04/14/2020,16:43,106.05,106.05,106.05,106.05, 1
04/14/2020,16:43,105.85,105.85,105.85,105.85, 2
04/14/2020,16:51,105.85,105.85,105.85,105.85, 1
04/14/2020,17:13,106.3,106.3,106.25,106.25, 2
04/14/2020,17:21,106.15,106.15,106.15,106.15, 1
04/14/2020,17:24,106.55,107.15,106.55,107.15, 5
04/14/2020,17:28,107.2,107.4,107.2,107.4, 2
04/14/2020,17:30,107.3,107.3,107.3,107.3, 1
04/14/2020,17:34,107.4,107.4,107.4,107.4, 3
04/14/2020,17:36,107.2,107.2,107.2,107.2, 1
04/14/2020,17:36,107.35,107.35,107.35,107.35, 2
04/14/2020,17:41,107.4,107.4,107.4,107.4, 2
04/14/2020,17:42,107.4,107.4,107.4,107.4, 1
04/14/2020,17:46,107.2,107.2,106.7,106.7, 7
04/14/2020,17:49,106.65,107,106.65,107, 3
04/14/2020,17:51,107.2,107.2,107.2,107.2, 1
04/14/2020,18:00,106.75,106.75,106.75,106.75, 1
04/14/2020,18:02,107.1,107.1,106.6,106.6, 2
04/14/2020,18:07,106.4,106.4,106.4,106.4, 1
04/14/2020,18:08,106.5,106.5,106.45,106.5, 8
04/14/2020,18:27,106.45,106.6,106.45,106.6, 12
04/14/2020,18:31,106.8,106.8,106.8,106.8, 1
04/14/2020,18:46,106.85,106.85,106.85,106.85, 1
04/14/2020,18:57,107,107,106.45,106.45, 2
04/14/2020,19:16,106.7,106.7,106.7,106.7, 1
04/14/2020,19:30,106.9,106.9,106.8,106.9, 6
04/14/2020,19:30,107.15,107.15,107.15,107.15, 1
04/14/2020,19:34,107.15,107.15,107.05,107.05, 3
04/14/2020,19:34,107.45,107.45,107.45,107.45, 1
04/14/2020,19:37,107.1,107.1,107.1,107.1, 1
04/14/2020,19:55,107.1,107.1,106.55,106.55, 9
04/14/2020,19:55,106.5,106.5,106.5,106.5, 1
04/14/2020,19:57,107.35,107.35,107.35,107.35, 1
04/14/2020,20:00,106.5,106.5,106.5,106.5, 2
04/15/2020,14:01,105.6,105.6,104.55,105.2, 20
04/15/2020,14:03,104.55,104.55,104.55,104.55, 2
04/15/2020,14:07,105.1,105.1,105.1,105.1, 1
04/15/2020,14:11,105,105,105,105, 1
04/15/2020,14:17,105.3,105.3,104.9,104.9, 3
04/15/2020,14:18,105.4,105.4,105.4,105.4, 3
04/15/2020,14:22,105.05,105.05,104.9,105, 4
04/15/2020,14:22,104.95,104.95,104.95,104.95, 1
04/15/2020,14:24,105.2,105.2,105.2,105.2, 1
04/15/2020,14:28,105.2,105.2,105.2,105.2, 1
04/15/2020,14:42,105.05,105.05,105.05,105.05, 1
04/15/2020,14:49,105,105,104.95,104.95, 9
04/15/2020,14:55,105.25,105.25,105.25,105.25, 1
04/15/2020,14:59,105.25,105.25,105.25,105.25, 1
04/15/2020,15:01,105.25,105.25,105.25,105.25, 2
04/15/2020,15:10,105.25,105.25,105.25,105.25, 1
04/15/2020,15:12,105.1,105.1,105.1,105.1, 6
04/15/2020,15:17,105.9,106.1,105.9,106.1, 5
04/15/2020,15:18,106.1,106.2,106.1,106.2, 7
04/15/2020,15:21,106.2,106.2,106.15,106.15, 2
04/15/2020,15:23,106.15,106.15,106.15,106.15, 1
04/15/2020,15:26,105.85,105.9,105.85,105.9, 2
04/15/2020,15:27,105.9,105.9,105.9,105.9, 5
04/15/2020,15:29,106.4,106.45,105.9,105.9, 6
04/15/2020,15:31,105.95,105.95,105.9,105.9, 2
04/15/2020,15:32,105.85,105.85,105.85,105.85, 1
04/15/2020,15:39,105.8,105.8,105.8,105.8, 1
04/15/2020,15:46,105.9,105.9,105.9,105.9, 1
04/15/2020,15:46,105.9,105.9,105.9,105.9, 1
04/15/2020,15:49,106,106,106,106, 1
04/15/2020,15:51,106.35,106.45,106.35,106.45, 7
04/15/2020,15:52,106.6,106.75,106.6,106.75, 5
04/15/2020,15:53,107,107,107,107, 1
04/15/2020,15:56,107.15,107.15,107.15,107.15, 1
04/15/2020,16:00,106.8,106.8,106.8,106.8, 1
04/15/2020,16:01,106.8,106.8,106.8,106.8, 1
04/15/2020,16:01,107.1,107.1,107,107, 2
04/15/2020,16:05,107.1,107.15,107.1,107.15, 2
04/15/2020,16:08,107.2,107.2,107.2,107.2, 1
04/15/2020,16:20,107.15,107.2,106.55,107.15, 15
04/15/2020,16:21,107.55,107.55,107.55,107.55, 1
04/15/2020,16:32,106.2,106.2,106.2,106.2, 1
04/15/2020,16:41,107.3,107.3,107.3,107.3, 1
04/15/2020,17:01,107.45,107.45,107.45,107.45, 1
04/15/2020,17:13,107.9,107.9,107.9,107.9, 1
04/15/2020,17:13,107.65,107.65,107.65,107.65, 1
04/15/2020,17:35,107.05,107.25,107.05,107.25, 2
04/15/2020,17:37,107.5,107.5,107.5,107.5, 3
04/15/2020,17:53,107.35,107.35,107.35,107.35, 1
04/15/2020,17:54,107.5,107.5,107.5,107.5, 2
04/15/2020,17:55,107.5,107.5,107.5,107.5, 2
04/15/2020,18:01,107.4,107.4,107.4,107.4, 1
04/15/2020,18:10,107.9,107.9,107.9,107.9, 1
04/15/2020,18:17,107.9,107.9,107.5,107.5, 2
04/15/2020,18:21,107.9,107.95,107.9,107.95, 2
04/15/2020,18:27,107.85,108.15,107.85,108.15, 2
04/15/2020,18:31,108.15,108.15,108.15,108.15, 1
04/15/2020,18:34,108.15,108.2,108.15,108.2, 3
04/15/2020,18:36,108,108,108,108, 1
04/15/2020,18:39,108,108,108,108, 2
04/15/2020,18:42,107.9,107.9,107.9,107.9, 3
04/15/2020,18:47,108.15,108.15,108.15,108.15, 2
04/15/2020,19:00,108.15,108.2,108.15,108.2, 5
04/15/2020,19:06,108.15,108.15,108.15,108.15, 1
04/15/2020,19:07,108.1,108.2,108,108.2, 7
04/15/2020,19:09,108,108.15,107.9,107.9, 23
04/15/2020,19:10,108.1,108.2,108,108.2, 6
04/15/2020,19:10,108.1,108.2,107.95,107.95, 4
04/15/2020,19:13,108.2,108.2,108.2,108.2, 1
04/15/2020,19:14,108.2,108.2,108.2,108.2, 1
04/15/2020,19:15,108.2,108.35,108.2,108.35, 3
04/15/2020,19:17,108.4,108.4,108.4,108.4, 3
04/15/2020,19:20,108.35,108.35,108.35,108.35, 3
04/15/2020,19:22,108.35,108.35,108.35,108.35, 1
04/15/2020,19:28,108.35,108.35,108.35,108.35, 1
04/15/2020,19:31,108.35,108.4,108.35,108.4, 7
04/15/2020,19:31,108.35,108.35,108.35,108.35, 1
04/15/2020,19:34,108.4,108.4,108.4,108.4, 2
04/15/2020,19:38,108.5,108.5,108.5,108.5, 3
04/15/2020,19:39,108.5,108.5,108.5,108.5, 2
04/15/2020,19:45,108.4,108.4,108.4,108.4, 1
04/15/2020,19:47,108.5,108.5,108.5,108.5, 2
04/15/2020,19:50,108.3,108.3,108.3,108.3, 1
04/15/2020,19:54,108.3,108.3,108.3,108.3, 2
04/15/2020,19:55,108.35,108.35,108.35,108.35, 1
04/15/2020,19:59,108.7,108.75,108.7,108.75, 9
04/15/2020,20:00,108.75,108.75,108.75,108.75, 1
04/15/2020,20:00,108.95,109,108.95,109, 19
04/16/2020,14:01,109.25,109.85,109.1,109.25, 20
04/16/2020,14:03,109.6,109.6,109.6,109.6, 1
04/16/2020,14:11,109.25,109.25,109.25,109.25, 1
04/16/2020,14:15,109.6,109.6,109.6,109.6, 1
04/16/2020,14:19,109.2,109.6,109.2,109.6, 3
04/16/2020,14:20,109.6,109.65,109.6,109.65, 3
04/16/2020,14:21,109.8,109.8,109.6,109.6, 8
04/16/2020,14:25,108.75,108.75,108.75,108.75, 2
04/16/2020,14:28,109,109,109,109, 1
04/16/2020,14:31,108.9,108.9,108.9,108.9, 1
04/16/2020,14:38,108.8,108.8,108.8,108.8, 1
04/16/2020,14:49,109.1,109.1,109.1,109.1, 3
04/16/2020,14:56,109.4,109.4,109.4,109.4, 1
04/16/2020,15:18,109.45,109.5,109.45,109.5, 8
04/16/2020,15:21,109.6,109.6,109.6,109.6, 1
04/16/2020,15:25,109.55,109.55,109.55,109.55, 1
04/16/2020,15:27,109.7,109.7,109.7,109.7, 2
04/16/2020,15:37,109.6,109.6,109.6,109.6, 1
04/16/2020,15:55,109.5,109.5,109.45,109.5, 7
04/16/2020,16:04,109.05,109.05,108.95,108.95, 2
04/16/2020,16:06,109.3,109.3,109.3,109.3, 1
04/16/2020,16:06,109.35,109.35,109.35,109.35, 1
04/16/2020,16:07,109.2,109.2,109.2,109.2, 1
04/16/2020,16:09,109.1,109.1,109.1,109.1, 1
04/16/2020,16:10,109.35,109.5,109.35,109.5, 3
04/16/2020,16:11,109.5,109.5,109.5,109.5, 1
04/16/2020,16:12,109.65,109.65,109.65,109.65, 4
04/16/2020,16:13,109.35,109.35,109.35,109.35, 1
04/16/2020,16:15,109.65,109.65,109.55,109.55, 2
04/16/2020,16:15,109.45,109.45,109.45,109.45, 1
04/16/2020,16:19,109.55,109.55,109.55,109.55, 1
04/16/2020,16:21,109.55,109.55,109.55,109.55, 2
04/16/2020,16:29,109.45,109.5,109.45,109.5, 3
04/16/2020,16:34,109.6,109.6,109.6,109.6, 1
04/16/2020,16:38,109.65,109.7,109.65,109.7, 2
04/16/2020,16:47,109.55,109.55,109.55,109.55, 1
04/16/2020,16:53,109.5,109.5,109.45,109.45, 2
04/16/2020,16:59,109.45,109.45,109.45,109.45, 1
04/16/2020,16:59,109.5,109.5,109.5,109.5, 3
04/16/2020,17:00,108.9,108.9,108.9,108.9, 1
04/16/2020,17:09,109.3,109.3,109.3,109.3, 1
04/16/2020,17:13,109.5,109.5,109.5,109.5, 2
04/16/2020,17:19,109.5,109.55,109.45,109.45, 5
04/16/2020,17:23,109.5,109.5,109.5,109.5, 3
04/16/2020,17:23,109.5,109.5,109.5,109.5, 1
04/16/2020,17:41,109.6,109.6,109.6,109.6, 4
04/16/2020,17:41,109.6,109.6,109.6,109.6, 5
04/16/2020,17:50,109.65,109.65,109.65,109.65, 2
04/16/2020,18:04,109.2,109.2,109.2,109.2, 4
04/16/2020,18:20,109.2,109.2,109.2,109.2, 1
04/16/2020,18:31,108.85,109.1,108.85,109.1, 2
04/16/2020,18:33,109.15,109.15,109.15,109.15, 1
04/16/2020,18:34,109.2,109.2,109.2,109.2, 2
04/16/2020,18:34,109.2,109.2,109.2,109.2, 2
04/16/2020,18:40,109.2,109.2,109.2,109.2, 1
04/16/2020,18:41,109.2,109.2,109.2,109.2, 1
04/16/2020,18:42,108.9,108.9,108.9,108.9, 3
04/16/2020,18:43,109.2,109.2,108.95,108.95, 2
04/16/2020,19:01,109.2,109.2,109.2,109.2, 1
04/16/2020,19:06,109.2,109.2,109.2,109.2, 1
04/16/2020,19:33,109.35,109.35,109.35,109.35, 1
04/16/2020,19:47,109.35,109.35,109.35,109.35, 1
04/16/2020,19:48,109.35,109.35,109.35,109.35, 1
04/16/2020,19:53,109.2,109.2,109.2,109.2, 1
04/16/2020,19:57,109,109,109,109, 2
04/16/2020,19:57,109,109,109,109, 2
04/16/2020,20:00,109.2,109.5,109.2,109.5, 7
04/16/2020,20:00,109.45,109.5,109.45,109.5, 4
04/17/2020,14:01,108.5,109.5,108.25,109.45, 7
04/17/2020,14:01,109.4,109.4,109.4,109.4, 1
04/17/2020,14:31,109,109,109,109, 2
04/17/2020,14:31,109,109,109,109, 1
04/17/2020,14:42,109.05,109.05,109.05,109.05, 1
04/17/2020,14:53,108.95,108.95,108.95,108.95, 1
04/17/2020,14:54,109,109,109,109, 1
04/17/2020,14:56,109,109,109,109, 3
04/17/2020,15:13,109.1,109.1,109.1,109.1, 2
04/17/2020,15:22,109.1,109.1,109.1,109.1, 1
04/17/2020,15:27,108.9,108.9,108.9,108.9, 1
04/17/2020,15:29,109.1,109.1,109.1,109.1, 2
04/17/2020,15:45,109.2,109.2,109.2,109.2, 4
04/17/2020,15:46,109.2,109.2,109.2,109.2, 1
04/17/2020,15:59,109.1,109.1,109.1,109.1, 1
04/17/2020,16:04,108.95,108.95,108.9,108.9, 3
04/17/2020,16:09,108.7,108.7,108.5,108.5, 4
04/17/2020,16:09,108.25,108.25,107.35,107.35, 12
04/17/2020,16:10,106.7,106.7,106.4,106.4, 6
04/17/2020,16:11,106.4,106.85,106.4,106.5, 3
04/17/2020,16:13,106.6,106.65,106.6,106.65, 3
04/17/2020,16:14,107.15,107.15,107.15,107.15, 1
04/17/2020,16:16,107,107,107,107, 2
04/17/2020,16:24,107.1,107.1,107.1,107.1, 1
04/17/2020,16:26,106.8,106.8,106.8,106.8, 1
04/17/2020,16:29,106.75,106.75,106.75,106.75, 1
04/17/2020,16:32,106.85,106.85,106.85,106.85, 1
04/17/2020,16:52,106.9,106.9,106.9,106.9, 2
04/17/2020,16:53,106.85,106.85,106.8,106.8, 3
04/17/2020,16:56,106.7,106.8,106.7,106.8, 2
04/17/2020,17:01,106.8,106.8,106.8,106.8, 19
04/17/2020,17:05,106.45,106.45,106.4,106.4, 15
04/17/2020,17:05,106.35,106.35,106.35,106.35, 1
04/17/2020,17:07,106,106,105.95,105.95, 7
04/17/2020,17:13,106,106,106,106, 2
04/17/2020,17:14,105.85,105.85,105.85,105.85, 1
04/17/2020,17:43,105.85,105.85,105.8,105.8, 6
04/17/2020,17:47,105.75,105.75,105.7,105.7, 9
04/17/2020,17:56,105.95,105.95,105.95,105.95, 1
04/17/2020,18:06,106,106,106,106, 12
04/17/2020,18:15,106,106,106,106, 3
04/17/2020,18:20,106.2,106.2,106.2,106.2, 6
04/17/2020,18:30,106.4,106.45,106.4,106.45, 9
04/17/2020,18:32,106.45,106.45,106.45,106.45, 1
04/17/2020,18:34,106.2,106.2,106.2,106.2, 1
04/17/2020,18:35,106.25,106.25,106.25,106.25, 1
04/17/2020,18:39,106.25,106.25,106.25,106.25, 1
04/17/2020,18:59,106.35,106.35,106.35,106.35, 1
04/17/2020,19:22,106.4,106.4,106.4,106.4, 2
04/17/2020,19:25,106.5,106.5,106.5,106.5, 2
04/17/2020,19:27,106.5,106.5,106.4,106.4, 2
04/17/2020,19:28,106.5,106.5,106.45,106.45, 3
04/17/2020,19:30,106.55,106.55,106.55,106.55, 2
04/17/2020,19:34,106.7,106.7,106.7,106.7, 23
04/17/2020,19:35,106.35,106.35,106.35,106.35, 2
04/17/2020,19:36,106.3,106.3,106.2,106.2, 2
04/17/2020,19:43,106.15,106.15,106.15,106.15, 3
04/17/2020,19:45,106.1,106.1,106.1,106.1, 1
04/17/2020,19:55,106.1,106.1,105.85,105.85, 8
04/17/2020,19:58,105.85,105.85,105.85,105.85, 4
04/17/2020,19:58,106,106,106,106, 2
04/17/2020,19:59,106.05,106.05,106.05,106.05, 2
04/17/2020,20:00,105.85,105.85,105.8,105.8, 3

