02/03/2020,00:25,.43,.43,.43,.43, 13783
02/03/2020,00:27,.422,.422,.42,.42, 148678
02/03/2020,00:31,.415,.415,.415,.415, 50000
02/03/2020,00:33,.42,.42,.42,.42, 4102
02/03/2020,00:40,.42,.42,.417,.417, 6833
02/03/2020,00:43,.42,.42,.42,.42, 1597
02/03/2020,00:44,.42,.42,.42,.42, 51876
02/03/2020,00:44,.425,.425,.425,.425, 834
02/03/2020,00:49,.422,.425,.415,.42, 50852
02/03/2020,01:02,.425,.425,.425,.425, 10803
02/03/2020,01:05,.425,.425,.425,.425, 2853
02/03/2020,01:08,.425,.425,.425,.425, 22773
02/03/2020,01:09,.425,.425,.425,.425, 1845
02/03/2020,01:21,.425,.425,.425,.425, 15935
02/03/2020,01:29,.425,.425,.42,.42, 36332
02/03/2020,01:46,.425,.435,.425,.435, 93449
02/03/2020,01:51,.425,.425,.425,.425, 10000
02/03/2020,01:52,.427,.427,.427,.427, 2849
02/03/2020,02:08,.427,.427,.427,.427, 2895
02/03/2020,02:11,.427,.427,.425,.425, 10262
02/03/2020,02:19,.427,.43,.427,.43, 35520
02/03/2020,02:21,.432,.432,.43,.43, 10000
02/03/2020,02:26,.432,.432,.432,.432, 3193
02/03/2020,02:35,.43,.43,.43,.43, 22837
02/03/2020,02:38,.425,.425,.425,.425, 10000
02/03/2020,02:39,.427,.427,.427,.427, 2367
02/03/2020,02:48,.43,.435,.427,.435, 22629
02/03/2020,02:52,.432,.435,.43,.435, 20868
02/03/2020,02:56,.432,.432,.432,.432, 246
02/03/2020,02:58,.43,.43,.43,.43, 18500
02/03/2020,03:09,.43,.43,.43,.43, 1300
02/03/2020,03:13,.432,.435,.43,.43, 3149
02/03/2020,03:23,.43,.435,.43,.435, 1251
02/03/2020,03:26,.43,.43,.43,.43, 276
02/03/2020,03:28,.435,.435,.435,.435, 495
02/03/2020,03:33,.43,.435,.43,.43, 11357
02/03/2020,03:36,.43,.43,.43,.43, 630
02/03/2020,03:41,.43,.43,.43,.43, 486
02/03/2020,03:57,.435,.435,.435,.435, 722
02/03/2020,04:02,.43,.43,.43,.43, 537
02/03/2020,04:03,.43,.43,.43,.43, 4
02/03/2020,04:05,.43,.43,.43,.43, 4
02/03/2020,04:07,.43,.43,.43,.43, 4
02/03/2020,04:10,.43,.43,.43,.43, 4
02/03/2020,04:11,.43,.43,.43,.43, 5
02/03/2020,04:12,.43,.43,.43,.43, 4
02/03/2020,04:13,.43,.43,.43,.43, 4
02/03/2020,04:14,.43,.43,.43,.43, 4
02/03/2020,04:16,.43,.432,.43,.432, 6
02/03/2020,04:17,.43,.43,.43,.43, 1152
02/03/2020,04:19,.43,.432,.43,.432, 17
02/03/2020,04:20,.432,.432,.432,.432, 7
02/03/2020,04:22,.432,.435,.432,.435, 81
02/03/2020,04:24,.432,.435,.432,.435, 15509
02/03/2020,04:39,.432,.432,.432,.432, 4
02/03/2020,04:41,.432,.435,.432,.435, 2360
02/03/2020,04:48,.43,.435,.43,.435, 11165
02/03/2020,04:49,.43,.435,.43,.435, 11106
02/03/2020,04:53,.432,.432,.432,.432, 4
02/03/2020,04:58,.432,.435,.432,.435, 308
02/03/2020,04:59,.43,.43,.43,.43, 552
02/03/2020,05:09,.43,.435,.43,.435, 1250
02/03/2020,05:18,.432,.432,.432,.432, 242
02/03/2020,05:21,.432,.432,.43,.43, 628
02/03/2020,05:22,.432,.432,.432,.432, 3
02/03/2020,05:25,.432,.435,.432,.435, 857
02/03/2020,05:29,.432,.432,.432,.432, 10
02/03/2020,05:31,.432,.435,.432,.435, 927
02/03/2020,05:37,.432,.432,.432,.432, 4
02/03/2020,05:39,.435,.435,.435,.435, 1293
02/03/2020,05:40,.43,.43,.43,.43, 496
02/03/2020,05:43,.432,.432,.432,.432, 4
02/03/2020,05:45,.432,.435,.432,.435, 1765
02/03/2020,05:47,.432,.432,.432,.432, 247
02/03/2020,05:48,.43,.432,.43,.432, 817
02/03/2020,05:49,.432,.432,.432,.432, 244
02/03/2020,05:51,.432,.432,.432,.432, 243
02/03/2020,05:52,.432,.432,.43,.43, 282
02/03/2020,05:53,.43,.43,.43,.43, 4
02/03/2020,05:54,.432,.432,.43,.43, 39085
02/03/2020,05:55,.43,.432,.43,.432, 23172
02/03/2020,05:56,.43,.435,.43,.432, 83060
02/03/2020,05:58,.43,.43,.425,.43, 24996
02/03/2020,05:59,.425,.425,.425,.425, 10000
02/03/2020,06:00,.425,.425,.425,.425, 642
02/03/2020,06:01,.425,.43,.425,.43, 500
02/03/2020,06:02,.427,.43,.425,.425, 9
02/03/2020,06:03,.425,.425,.425,.425, 2
02/03/2020,06:05,.425,.427,.425,.427, 241
02/03/2020,06:06,.425,.425,.422,.425, 98246
02/03/2020,06:07,.425,.43,.425,.43, 23633
02/03/2020,06:08,.425,.425,.425,.425, 832
02/03/2020,06:09,.425,.425,.425,.425, 17379
02/03/2020,06:10,.425,.425,.425,.425, 88
02/03/2020,06:11,.425,.425,.425,.425, 5844
02/03/2020,06:12,.425,.425,.425,.425, 118
02/03/2020,06:13,.425,.425,.425,.425, 113
02/03/2020,06:14,.425,.425,.42,.425, 71908
02/03/2020,06:15,.425,.425,.42,.425, 27435
02/03/2020,06:16,.422,.422,.422,.422, 20450
02/03/2020,06:17,.422,.422,.42,.422, 33162
02/03/2020,06:18,.425,.425,.422,.422, 5011
02/03/2020,06:19,.425,.425,.422,.425, 672
02/03/2020,06:20,.422,.425,.422,.425, 806
02/03/2020,06:21,.425,.425,.422,.425, 806
02/03/2020,06:31,.425,.425,.425,.425, 22551
02/04/2020,00:25,.43,.43,.43,.43, 58823
02/04/2020,00:37,.425,.425,.425,.425, 541
02/04/2020,00:44,.425,.425,.425,.425, 16616
02/04/2020,00:48,.425,.425,.425,.425, 15736
02/04/2020,00:50,.43,.43,.43,.43, 1793
02/04/2020,00:51,.43,.43,.43,.43, 48637
02/04/2020,00:54,.43,.43,.43,.43, 588
02/04/2020,01:05,.43,.43,.425,.425, 15298
02/04/2020,01:12,.425,.425,.425,.425, 12388
02/04/2020,01:12,.425,.425,.425,.425, 2752
02/04/2020,01:14,.425,.425,.42,.42, 9393
02/04/2020,01:17,.422,.425,.422,.425, 9034
02/04/2020,01:24,.425,.43,.425,.43, 408
02/04/2020,01:25,.425,.425,.425,.425, 730
02/04/2020,01:28,.43,.43,.43,.43, 1078
02/04/2020,01:30,.43,.43,.43,.43, 1337
02/04/2020,01:37,.425,.425,.425,.425, 1
02/04/2020,01:40,.425,.43,.425,.43, 1641
02/04/2020,01:42,.425,.43,.425,.43, 5252
02/04/2020,01:43,.43,.43,.43,.43, 1736
02/04/2020,01:45,.43,.43,.43,.43, 214
02/04/2020,01:49,.425,.427,.425,.427, 2648
02/04/2020,01:51,.427,.43,.427,.43, 457
02/04/2020,01:53,.425,.425,.425,.425, 741
02/04/2020,01:58,.425,.43,.425,.43, 2096
02/04/2020,02:00,.425,.43,.425,.43, 20038
02/04/2020,02:09,.425,.43,.425,.425, 12181
02/04/2020,02:10,.425,.43,.425,.43, 2329
02/04/2020,02:12,.425,.425,.425,.425, 514
02/04/2020,02:13,.43,.43,.43,.43, 128
02/04/2020,02:15,.43,.43,.43,.43, 1542
02/04/2020,02:16,.425,.425,.425,.425, 690
02/04/2020,02:22,.425,.43,.425,.43, 2318
02/04/2020,02:26,.425,.427,.425,.427, 972
02/04/2020,02:28,.43,.43,.425,.427, 3124
02/04/2020,02:34,.425,.43,.425,.425, 25153
02/04/2020,02:38,.425,.43,.425,.43, 2612
02/04/2020,02:46,.427,.427,.427,.427, 81
02/04/2020,02:49,.427,.43,.427,.427, 1480
02/04/2020,02:50,.427,.43,.427,.43, 991
02/04/2020,02:50,.427,.427,.427,.427, 139
02/04/2020,02:53,.425,.425,.425,.425, 753
02/04/2020,02:54,.43,.43,.427,.427, 1076
02/04/2020,02:55,.427,.427,.427,.427, 48
02/04/2020,02:56,.425,.43,.425,.43, 2292
02/04/2020,03:02,.43,.43,.43,.43, 476
02/04/2020,03:03,.43,.43,.43,.43, 1190
02/04/2020,03:04,.43,.43,.425,.427, 16761
02/04/2020,03:05,.427,.43,.425,.43, 5662
02/04/2020,03:19,.43,.43,.427,.427, 1249
02/04/2020,03:21,.425,.43,.425,.425, 3286
02/04/2020,03:25,.427,.43,.427,.427, 6152
02/04/2020,03:27,.43,.43,.427,.43, 38567
02/04/2020,03:30,.427,.43,.427,.43, 2575
02/04/2020,03:30,.427,.427,.427,.427, 1537
02/04/2020,03:37,.427,.427,.427,.427, 25
02/04/2020,03:44,.427,.43,.427,.43, 823
02/04/2020,03:45,.43,.43,.427,.43, 316
02/04/2020,03:49,.43,.43,.43,.43, 601
02/04/2020,03:50,.43,.43,.43,.43, 122
02/04/2020,03:50,.43,.43,.43,.43, 4
02/04/2020,03:52,.43,.43,.43,.43, 163
02/04/2020,03:53,.43,.43,.43,.43, 1083
02/04/2020,03:54,.43,.43,.427,.427, 2960
02/04/2020,03:55,.43,.43,.427,.427, 448
02/04/2020,03:56,.43,.43,.43,.43, 744
02/04/2020,03:57,.43,.43,.43,.43, 478
02/04/2020,03:58,.43,.43,.43,.43, 439
02/04/2020,03:59,.43,.43,.43,.43, 295
02/04/2020,04:00,.43,.435,.43,.435, 65517
02/04/2020,04:01,.432,.432,.432,.432, 576
02/04/2020,04:02,.435,.435,.435,.435, 526
02/04/2020,04:03,.435,.435,.435,.435, 117
02/04/2020,04:05,.432,.435,.43,.432, 6444
02/04/2020,04:06,.435,.435,.435,.435, 1143
02/04/2020,04:06,.432,.432,.432,.432, 286
02/04/2020,04:08,.432,.432,.432,.432, 88
02/04/2020,04:10,.432,.432,.432,.432, 994
02/04/2020,04:11,.435,.435,.432,.432, 6338
02/04/2020,04:12,.432,.435,.432,.435, 755
02/04/2020,04:13,.435,.435,.432,.435, 6296
02/04/2020,04:14,.435,.435,.435,.435, 268
02/04/2020,04:16,.435,.435,.432,.435, 2209
02/04/2020,04:18,.432,.432,.432,.432, 503
02/04/2020,04:19,.435,.435,.435,.435, 1684
02/04/2020,04:20,.435,.435,.435,.435, 177
02/04/2020,04:21,.435,.435,.435,.435, 461
02/04/2020,04:22,.435,.435,.435,.435, 176
02/04/2020,04:23,.435,.435,.435,.435, 694
02/04/2020,04:23,.432,.432,.432,.432, 700
02/04/2020,04:27,.435,.435,.435,.435, 682
02/04/2020,04:32,.435,.435,.432,.432, 4152
02/04/2020,04:33,.435,.435,.435,.435, 265
02/04/2020,04:34,.435,.435,.435,.435, 248
02/04/2020,04:35,.435,.435,.435,.435, 830
02/04/2020,04:36,.435,.435,.432,.435, 3361
02/04/2020,04:37,.432,.44,.432,.44, 34582
02/04/2020,04:38,.438,.438,.438,.438, 800
02/04/2020,04:41,.438,.438,.438,.438, 1262
02/04/2020,04:42,.44,.44,.44,.44, 1053
02/04/2020,04:45,.438,.44,.43,.44, 61338
02/04/2020,04:46,.438,.438,.435,.438, 7234
02/04/2020,04:48,.438,.438,.438,.438, 782
02/04/2020,04:50,.438,.438,.435,.438, 1318
02/04/2020,04:53,.438,.438,.438,.438, 991
02/04/2020,04:53,.438,.438,.438,.438, 363
02/04/2020,04:58,.438,.438,.438,.438, 3
02/04/2020,05:00,.44,.44,.438,.438, 942
02/04/2020,05:01,.438,.44,.438,.438, 2054
02/04/2020,05:02,.435,.44,.435,.438, 7865
02/04/2020,05:08,.438,.44,.438,.44, 3862
02/04/2020,05:08,.438,.438,.438,.438, 421
02/04/2020,05:14,.44,.44,.44,.44, 1147
02/04/2020,05:15,.438,.44,.438,.44, 5157
02/04/2020,05:16,.435,.44,.435,.44, 2077
02/04/2020,05:16,.438,.438,.438,.438, 310
02/04/2020,05:21,.438,.438,.438,.438, 642
02/04/2020,05:22,.44,.44,.438,.438, 7047
02/04/2020,05:24,.438,.438,.438,.438, 1063
02/04/2020,05:25,.438,.438,.438,.438, 1124
02/04/2020,05:27,.435,.44,.435,.44, 2488
02/04/2020,05:27,.438,.438,.438,.438, 300
02/04/2020,05:29,.44,.44,.438,.438, 1954
02/04/2020,05:30,.44,.44,.438,.438, 4567
02/04/2020,05:32,.44,.44,.438,.438, 3775
02/04/2020,05:40,.438,.438,.435,.438, 6420
02/04/2020,05:43,.44,.44,.44,.44, 1032
02/04/2020,05:44,.44,.44,.44,.44, 2794
02/04/2020,05:45,.438,.438,.438,.438, 427
02/04/2020,05:46,.438,.438,.438,.438, 476
02/04/2020,05:46,.438,.438,.438,.438, 255
02/04/2020,05:51,.438,.438,.438,.438, 853
02/04/2020,05:53,.438,.44,.435,.438, 21839
02/04/2020,05:54,.438,.438,.438,.438, 4
02/04/2020,05:56,.438,.438,.438,.438, 659
02/04/2020,05:57,.44,.44,.44,.44, 176
02/04/2020,05:58,.44,.44,.438,.44, 3146
02/04/2020,05:58,.438,.438,.438,.438, 4
02/04/2020,06:00,.44,.44,.435,.438, 3612
02/04/2020,06:01,.438,.44,.438,.438, 45079
02/04/2020,06:02,.438,.438,.438,.438, 1252
02/04/2020,06:02,.438,.438,.438,.438, 593
02/04/2020,06:07,.44,.44,.438,.438, 970
02/04/2020,06:08,.44,.44,.438,.438, 12102
02/04/2020,06:11,.44,.44,.438,.438, 1796
02/04/2020,06:12,.44,.44,.438,.438, 12059
02/04/2020,06:13,.438,.438,.438,.438, 418
02/04/2020,06:14,.438,.44,.438,.44, 1549
02/04/2020,06:15,.438,.438,.438,.438, 535
02/04/2020,06:16,.438,.44,.438,.44, 732
02/04/2020,06:17,.44,.44,.438,.44, 1287
02/04/2020,06:18,.44,.44,.438,.44, 1493
02/04/2020,06:19,.44,.44,.435,.44, 2736
02/04/2020,06:20,.44,.445,.435,.44, 30452
02/04/2020,06:20,.435,.44,.435,.44, 382
02/04/2020,06:31,.445,.445,.445,.445, 61482
02/05/2020,00:31,.44,.44,.44,.44, 81
02/05/2020,00:53,.44,.44,.435,.435, 10522
02/05/2020,01:07,.435,.435,.43,.435, 84682
02/05/2020,01:07,.435,.435,.435,.435, 4358
02/05/2020,01:09,.435,.435,.435,.435, 320
02/05/2020,01:12,.435,.435,.435,.435, 378
02/05/2020,01:17,.44,.44,.438,.438, 11299
02/05/2020,01:27,.44,.44,.44,.44, 50
02/05/2020,01:29,.44,.44,.44,.44, 41
02/05/2020,01:38,.44,.44,.435,.435, 2279
02/05/2020,01:42,.435,.44,.435,.44, 5190
02/05/2020,01:48,.435,.435,.43,.432, 182461
02/05/2020,01:50,.432,.432,.432,.432, 3187
02/05/2020,01:57,.432,.432,.432,.432, 331
02/05/2020,02:00,.435,.44,.435,.435, 37927
02/05/2020,02:11,.435,.435,.435,.435, 1
02/05/2020,02:19,.435,.435,.435,.435, 9730
02/05/2020,02:39,.435,.435,.435,.435, 2693
02/05/2020,02:55,.43,.43,.43,.43, 5000
02/05/2020,03:11,.43,.43,.43,.43, 300
02/05/2020,03:25,.435,.435,.435,.435, 24860
02/05/2020,03:46,.43,.43,.43,.43, 327
02/05/2020,03:48,.43,.43,.43,.43, 144
02/05/2020,03:54,.435,.435,.435,.435, 3000
02/05/2020,03:55,.43,.43,.43,.43, 411
02/05/2020,03:58,.43,.43,.43,.43, 804
02/05/2020,04:03,.43,.43,.43,.43, 381
02/05/2020,04:05,.432,.432,.432,.432, 4
02/05/2020,04:13,.43,.43,.43,.43, 744
02/05/2020,04:18,.43,.43,.43,.43, 743
02/05/2020,04:20,.43,.43,.43,.43, 289
02/05/2020,04:28,.43,.43,.43,.43, 745
02/05/2020,04:33,.43,.43,.43,.43, 429
02/05/2020,04:48,.43,.43,.43,.43, 1879
02/05/2020,05:01,.43,.43,.43,.43, 413
02/05/2020,05:03,.43,.43,.43,.43, 798
02/05/2020,05:08,.432,.435,.432,.435, 20175
02/05/2020,05:15,.435,.435,.435,.435, 11502
02/05/2020,05:23,.43,.432,.43,.432, 702
02/05/2020,05:28,.43,.43,.43,.43, 994
02/05/2020,05:31,.43,.43,.43,.43, 473
02/05/2020,05:40,.43,.43,.43,.43, 885
02/05/2020,05:44,.43,.43,.43,.43, 318
02/05/2020,05:46,.43,.43,.43,.43, 804
02/05/2020,05:52,.43,.43,.43,.43, 1089
02/05/2020,05:53,.43,.43,.43,.43, 31
02/05/2020,05:54,.43,.43,.43,.43, 29
02/05/2020,05:55,.43,.43,.43,.43, 16
02/05/2020,05:57,.43,.43,.43,.43, 1219
02/05/2020,05:58,.432,.435,.432,.435, 10000
02/05/2020,06:01,.43,.43,.43,.43, 768
02/05/2020,06:02,.43,.43,.43,.43, 26
02/05/2020,06:03,.43,.43,.43,.43, 26
02/05/2020,06:04,.43,.43,.43,.43, 23
02/05/2020,06:05,.43,.43,.43,.43, 449
02/05/2020,06:05,.43,.43,.43,.43, 929
02/05/2020,06:08,.43,.43,.43,.43, 1480
02/05/2020,06:08,.43,.43,.43,.43, 16
02/05/2020,06:13,.432,.432,.43,.43, 428
02/05/2020,06:14,.43,.43,.43,.43, 51
02/05/2020,06:15,.43,.43,.43,.43, 42
02/05/2020,06:16,.43,.43,.43,.43, 181
02/05/2020,06:17,.43,.43,.43,.43, 872
02/05/2020,06:19,.43,.43,.43,.43, 811
02/05/2020,06:19,.43,.435,.43,.435, 70
02/05/2020,06:31,.44,.44,.44,.44, 76946
02/06/2020,00:25,.435,.435,.435,.435, 12130
02/06/2020,00:37,.435,.435,.435,.435, 273
02/06/2020,00:46,.435,.435,.435,.435, 90113
02/06/2020,00:51,.432,.432,.43,.43, 11314
02/06/2020,00:55,.43,.43,.43,.43, 2722
02/06/2020,01:00,.43,.43,.43,.43, 731
02/06/2020,01:06,.432,.44,.432,.44, 20075
02/06/2020,01:06,.438,.438,.438,.438, 2732
02/06/2020,01:09,.438,.438,.438,.438, 7383
02/06/2020,01:25,.435,.435,.435,.435, 328
02/06/2020,01:29,.435,.435,.435,.435, 332
02/06/2020,01:31,.435,.438,.435,.435, 48942
02/06/2020,01:34,.438,.438,.438,.438, 4422
02/06/2020,01:41,.438,.438,.438,.438, 53
02/06/2020,01:43,.438,.438,.438,.438, 46
02/06/2020,01:45,.438,.438,.438,.438, 48
02/06/2020,01:47,.438,.438,.438,.438, 1
02/06/2020,01:49,.438,.438,.438,.438, 1
02/06/2020,01:51,.438,.438,.438,.438, 1
02/06/2020,01:54,.438,.438,.438,.438, 10000
02/06/2020,01:57,.438,.438,.435,.438, 13954
02/06/2020,01:58,.438,.44,.438,.438, 12261
02/06/2020,02:01,.438,.438,.435,.438, 1006
02/06/2020,02:04,.438,.438,.438,.438, 2623
02/06/2020,02:16,.438,.445,.438,.44, 117738
02/06/2020,02:16,.445,.445,.445,.445, 42053
02/06/2020,02:17,.445,.445,.44,.44, 3395
02/06/2020,02:18,.442,.442,.442,.442, 1444
02/06/2020,02:21,.442,.455,.442,.45, 179989
02/06/2020,02:31,.445,.445,.445,.445, 2000
02/06/2020,03:02,.445,.447,.445,.445, 10573
02/06/2020,03:05,.447,.447,.44,.44, 155831
02/06/2020,03:10,.44,.44,.44,.44, 141
02/06/2020,03:13,.44,.44,.44,.44, 188
02/06/2020,03:18,.44,.44,.44,.44, 126
02/06/2020,03:21,.44,.44,.44,.44, 3
02/06/2020,03:25,.442,.445,.442,.445, 3500
02/06/2020,03:27,.44,.44,.44,.44, 1
02/06/2020,03:33,.44,.442,.44,.442, 313
02/06/2020,03:35,.44,.44,.44,.44, 14
02/06/2020,03:38,.442,.442,.442,.442, 4
02/06/2020,03:40,.44,.44,.44,.44, 288
02/06/2020,03:42,.44,.44,.44,.44, 744
02/06/2020,03:43,.44,.44,.44,.44, 1141
02/06/2020,03:48,.44,.44,.44,.44, 1
02/06/2020,03:50,.44,.44,.44,.44, 556
02/06/2020,03:50,.442,.445,.442,.445, 36079
02/06/2020,03:58,.445,.445,.445,.445, 152
02/06/2020,04:01,.445,.445,.445,.445, 4461
02/06/2020,04:05,.442,.442,.442,.442, 10000
02/06/2020,04:10,.442,.442,.442,.442, 1384
02/06/2020,04:15,.442,.442,.442,.442, 420
02/06/2020,04:18,.442,.442,.442,.442, 1357
02/06/2020,04:20,.442,.442,.442,.442, 31
02/06/2020,04:23,.442,.442,.442,.442, 31
02/06/2020,04:26,.442,.442,.442,.442, 1731
02/06/2020,04:35,.442,.442,.43,.435, 324808
02/06/2020,04:39,.435,.435,.435,.435, 1802
02/06/2020,04:43,.435,.435,.435,.435, 116
02/06/2020,04:45,.435,.435,.435,.435, 1672
02/06/2020,04:47,.435,.435,.435,.435, 638
02/06/2020,04:48,.435,.435,.435,.435, 27
02/06/2020,04:49,.438,.438,.438,.438, 2270
02/06/2020,04:52,.435,.435,.435,.435, 1578
02/06/2020,04:54,.435,.435,.435,.435, 3471
02/06/2020,04:57,.435,.435,.435,.435, 366
02/06/2020,04:57,.435,.435,.435,.435, 6162
02/06/2020,05:02,.435,.435,.435,.435, 611
02/06/2020,05:03,.435,.435,.435,.435, 2280
02/06/2020,05:04,.435,.435,.435,.435, 305
02/06/2020,05:09,.435,.438,.435,.438, 521
02/06/2020,05:09,.435,.435,.435,.435, 139
02/06/2020,05:12,.435,.438,.435,.438, 7563
02/06/2020,05:12,.435,.435,.435,.435, 1453
02/06/2020,05:14,.438,.438,.438,.438, 2573
02/06/2020,05:18,.435,.435,.435,.435, 113
02/06/2020,05:23,.438,.438,.435,.435, 5699
02/06/2020,05:24,.435,.435,.435,.435, 354
02/06/2020,05:28,.435,.435,.435,.435, 120
02/06/2020,05:30,.438,.438,.438,.438, 4596
02/06/2020,05:38,.435,.438,.435,.435, 1834
02/06/2020,05:39,.438,.438,.438,.438, 2773
02/06/2020,05:41,.435,.435,.435,.435, 6
02/06/2020,05:43,.438,.438,.438,.438, 6
02/06/2020,05:46,.435,.435,.435,.435, 387
02/06/2020,05:46,.438,.438,.438,.438, 4241
02/06/2020,05:47,.438,.438,.435,.435, 3271
02/06/2020,05:52,.438,.438,.435,.438, 213
02/06/2020,05:53,.438,.438,.438,.438, 82
02/06/2020,05:54,.438,.438,.435,.438, 2345
02/06/2020,05:55,.438,.438,.435,.438, 167
02/06/2020,05:56,.435,.435,.435,.435, 108
02/06/2020,05:58,.435,.435,.435,.435, 108
02/06/2020,06:00,.438,.438,.435,.435, 3158
02/06/2020,06:01,.438,.438,.435,.438, 124
02/06/2020,06:03,.435,.438,.435,.438, 120
02/06/2020,06:04,.438,.438,.438,.438, 129
02/06/2020,06:05,.435,.438,.435,.438, 2269
02/06/2020,06:05,.435,.435,.435,.435, 115
02/06/2020,06:07,.435,.435,.435,.435, 2271
02/06/2020,06:07,.435,.435,.435,.435, 110
02/06/2020,06:08,.435,.435,.435,.435, 8
02/06/2020,06:09,.435,.435,.435,.435, 117
02/06/2020,06:11,.438,.438,.435,.435, 718
02/06/2020,06:12,.435,.435,.435,.435, 2403
02/06/2020,06:13,.435,.438,.435,.435, 593
02/06/2020,06:14,.435,.438,.435,.435, 23098
02/06/2020,06:15,.435,.438,.435,.435, 2830
02/06/2020,06:16,.435,.435,.435,.435, 335
02/06/2020,06:17,.435,.438,.435,.438, 3188
02/06/2020,06:18,.438,.438,.435,.435, 2112
02/06/2020,06:19,.435,.435,.435,.435, 4883
02/06/2020,06:20,.435,.44,.435,.435, 27590
02/06/2020,06:20,.435,.435,.435,.435, 10348
02/06/2020,06:31,.435,.435,.435,.435, 68720
02/07/2020,00:25,.44,.44,.44,.44, 34131
02/07/2020,00:27,.44,.44,.435,.435, 47765
02/07/2020,00:45,.435,.435,.435,.435, 30150
02/07/2020,00:52,.432,.432,.432,.432, 600
02/07/2020,01:09,.432,.432,.432,.432, 1200
02/07/2020,01:19,.435,.435,.435,.435, 460
02/07/2020,01:27,.43,.43,.43,.43, 139
02/07/2020,01:29,.43,.43,.43,.43, 156
02/07/2020,01:31,.435,.435,.435,.435, 65068
02/07/2020,01:32,.435,.435,.435,.435, 10121
02/07/2020,01:45,.435,.435,.435,.435, 7
02/07/2020,01:50,.435,.435,.435,.435, 6
02/07/2020,01:54,.435,.435,.435,.435, 6
02/07/2020,02:00,.435,.435,.435,.435, 6
02/07/2020,02:05,.43,.435,.43,.435, 8008
02/07/2020,02:06,.435,.435,.435,.435, 1
02/07/2020,02:07,.435,.435,.435,.435, 1
02/07/2020,02:08,.43,.43,.43,.43, 6100
02/07/2020,02:11,.432,.432,.432,.432, 1600
02/07/2020,02:16,.435,.435,.435,.435, 7
02/07/2020,02:18,.43,.43,.43,.43, 399
02/07/2020,02:20,.43,.43,.43,.43, 315
02/07/2020,02:21,.43,.43,.43,.43, 253
02/07/2020,02:23,.43,.432,.43,.432, 20002
02/07/2020,02:24,.432,.432,.43,.43, 361
02/07/2020,02:26,.43,.43,.427,.427, 161161
02/07/2020,02:28,.425,.425,.425,.425, 292
02/07/2020,02:30,.425,.425,.425,.425, 20221
02/07/2020,02:33,.425,.425,.425,.425, 262
02/07/2020,02:36,.425,.425,.425,.425, 463
02/07/2020,02:38,.425,.425,.425,.425, 788
02/07/2020,02:40,.425,.425,.425,.425, 286
02/07/2020,02:49,.425,.425,.425,.425, 296
02/07/2020,02:51,.425,.425,.425,.425, 271
02/07/2020,02:53,.425,.425,.425,.425, 822
02/07/2020,02:55,.425,.425,.425,.425, 247
02/07/2020,02:58,.425,.425,.425,.425, 302
02/07/2020,03:03,.425,.425,.425,.425, 374
02/07/2020,03:05,.425,.425,.425,.425, 317
02/07/2020,03:06,.427,.427,.427,.427, 5
02/07/2020,03:08,.425,.425,.425,.425, 918
02/07/2020,03:13,.425,.425,.425,.425, 415
02/07/2020,03:16,.425,.425,.425,.425, 260
02/07/2020,03:18,.427,.43,.425,.425, 10061
02/07/2020,03:19,.425,.425,.425,.425, 411
02/07/2020,03:21,.425,.425,.425,.425, 399
02/07/2020,03:23,.425,.425,.425,.425, 1002
02/07/2020,03:25,.425,.425,.425,.425, 320
02/07/2020,03:26,.425,.425,.425,.425, 10188
02/07/2020,03:27,.43,.43,.43,.43, 5
02/07/2020,03:28,.425,.425,.425,.425, 285
02/07/2020,03:31,.425,.425,.425,.425, 484
02/07/2020,03:33,.425,.425,.425,.425, 622
02/07/2020,03:37,.425,.425,.425,.425, 803
02/07/2020,03:40,.425,.425,.425,.425, 264
02/07/2020,03:45,.425,.425,.425,.425, 8
02/07/2020,03:49,.425,.425,.425,.425, 311
02/07/2020,03:51,.425,.43,.425,.43, 25284
02/07/2020,03:52,.425,.425,.425,.425, 1155
02/07/2020,03:54,.425,.425,.425,.425, 19060
02/07/2020,03:58,.425,.425,.425,.425, 681
02/07/2020,04:00,.425,.425,.425,.425, 630
02/07/2020,04:01,.425,.425,.425,.425, 373
02/07/2020,04:04,.425,.425,.425,.425, 335
02/07/2020,04:07,.425,.43,.425,.43, 315
02/07/2020,04:07,.425,.425,.425,.425, 28
02/07/2020,04:08,.425,.425,.425,.425, 534
02/07/2020,04:10,.425,.425,.425,.425, 333
02/07/2020,04:14,.425,.425,.425,.425, 847
02/07/2020,04:16,.425,.425,.425,.425, 559
02/07/2020,04:18,.425,.425,.425,.425, 1106
02/07/2020,04:22,.425,.425,.425,.425, 94
02/07/2020,04:23,.425,.425,.425,.425, 277
02/07/2020,04:30,.425,.425,.425,.425, 861
02/07/2020,04:32,.43,.43,.43,.43, 5
02/07/2020,04:34,.425,.425,.425,.425, 477
02/07/2020,04:36,.425,.425,.425,.425, 445
02/07/2020,04:39,.425,.425,.425,.425, 1398
02/07/2020,04:41,.425,.425,.425,.425, 1408
02/07/2020,04:43,.425,.425,.425,.425, 647
02/07/2020,04:45,.43,.43,.43,.43, 5
02/07/2020,04:45,.425,.425,.425,.425, 1282
02/07/2020,04:48,.425,.425,.425,.425, 599
02/07/2020,04:50,.425,.425,.425,.425, 510
02/07/2020,04:52,.43,.43,.43,.43, 5
02/07/2020,04:53,.425,.425,.425,.425, 1070
02/07/2020,05:00,.425,.425,.425,.425, 1877
02/07/2020,05:06,.425,.425,.425,.425, 394
02/07/2020,05:09,.425,.425,.425,.425, 23341
02/07/2020,05:11,.425,.425,.425,.425, 419
02/07/2020,05:13,.43,.43,.43,.43, 5
02/07/2020,05:15,.425,.425,.425,.425, 1368
02/07/2020,05:16,.425,.425,.425,.425, 409
02/07/2020,05:21,.425,.425,.425,.425, 437
02/07/2020,05:22,.425,.425,.425,.425, 599
02/07/2020,05:23,.425,.425,.425,.425, 694
02/07/2020,05:26,.425,.425,.425,.425, 668
02/07/2020,05:28,.43,.43,.43,.43, 5
02/07/2020,05:30,.425,.425,.425,.425, 1273
02/07/2020,05:33,.425,.425,.425,.425, 656
02/07/2020,05:36,.425,.425,.425,.425, 6176
02/07/2020,05:37,.425,.425,.425,.425, 498
02/07/2020,05:40,.427,.43,.427,.43, 3440
02/07/2020,05:49,.43,.43,.43,.43, 17000
02/07/2020,05:52,.425,.425,.425,.425, 34
02/07/2020,05:53,.425,.425,.42,.42, 77364
02/07/2020,05:54,.42,.42,.42,.42, 32
02/07/2020,05:55,.42,.42,.42,.42, 32
02/07/2020,05:56,.425,.425,.425,.425, 5
02/07/2020,05:59,.425,.43,.425,.43, 88883
02/07/2020,06:00,.425,.425,.425,.425, 702
02/07/2020,06:07,.43,.43,.43,.43, 5
02/07/2020,06:08,.425,.425,.425,.425, 1216
02/07/2020,06:12,.43,.43,.43,.43, 5
02/07/2020,06:14,.425,.425,.425,.425, 1596
02/07/2020,06:16,.425,.43,.425,.43, 1748
02/07/2020,06:16,.425,.425,.425,.425, 758
02/07/2020,06:17,.425,.425,.425,.425, 228
02/07/2020,06:19,.427,.43,.425,.43, 19218
02/07/2020,06:20,.43,.43,.425,.43, 12340
02/07/2020,06:20,.43,.43,.425,.43, 13252
02/07/2020,06:31,.435,.435,.435,.435, 209458
02/10/2020,00:25,.43,.43,.43,.43, 95
02/10/2020,00:31,.43,.43,.43,.43, 50736
02/10/2020,00:37,.425,.43,.425,.43, 14727
02/10/2020,00:41,.425,.425,.425,.425, 10461
02/10/2020,00:42,.43,.43,.43,.43, 1
02/10/2020,00:53,.425,.425,.425,.425, 19340
02/10/2020,00:55,.425,.425,.425,.425, 10822
02/10/2020,01:08,.425,.425,.425,.425, 93
02/10/2020,01:11,.425,.425,.425,.425, 51407
02/10/2020,01:11,.422,.422,.422,.422, 1702
02/10/2020,01:24,.42,.42,.42,.42, 1
02/10/2020,01:35,.42,.42,.42,.42, 50000
02/10/2020,01:41,.42,.42,.42,.42, 197
02/10/2020,01:49,.422,.425,.422,.425, 2882
02/10/2020,01:55,.42,.42,.42,.42, 292
02/10/2020,01:57,.42,.42,.42,.42, 297
02/10/2020,01:58,.42,.42,.415,.415, 362282
02/10/2020,02:00,.412,.412,.41,.41, 574
02/10/2020,02:02,.41,.41,.41,.41, 454
02/10/2020,02:04,.41,.41,.41,.41, 246
02/10/2020,02:07,.41,.41,.41,.41, 295
02/10/2020,02:08,.412,.412,.412,.412, 699
02/10/2020,02:10,.41,.41,.41,.41, 280
02/10/2020,02:12,.41,.41,.41,.41, 688
02/10/2020,02:14,.41,.41,.41,.41, 234
02/10/2020,02:16,.412,.412,.412,.412, 31
02/10/2020,02:17,.412,.415,.41,.41, 626
02/10/2020,02:19,.41,.41,.41,.41, 260
02/10/2020,02:20,.412,.412,.412,.412, 1647
02/10/2020,02:21,.412,.415,.412,.412, 816
02/10/2020,02:22,.415,.415,.415,.415, 960
02/10/2020,02:23,.412,.412,.412,.412, 950
02/10/2020,02:24,.412,.415,.412,.412, 1527
02/10/2020,02:25,.415,.415,.412,.412, 79
02/10/2020,02:26,.415,.415,.415,.415, 4273
02/10/2020,02:27,.415,.415,.412,.412, 1742
02/10/2020,02:28,.415,.415,.415,.415, 7588
02/10/2020,02:29,.415,.417,.412,.417, 104484
02/10/2020,02:30,.42,.42,.42,.42, 1273
02/10/2020,02:31,.42,.42,.42,.42, 1289
02/10/2020,02:32,.42,.42,.42,.42, 1341
02/10/2020,02:33,.42,.42,.42,.42, 1187
02/10/2020,02:34,.42,.42,.42,.42, 1293
02/10/2020,02:35,.42,.42,.42,.42, 533
02/10/2020,02:36,.42,.42,.42,.42, 3834
02/10/2020,02:37,.42,.42,.42,.42, 51511
02/10/2020,02:39,.42,.42,.42,.42, 3754
02/10/2020,02:42,.42,.42,.42,.42, 3323
02/10/2020,02:46,.42,.42,.415,.42, 12051
02/10/2020,02:48,.42,.42,.42,.42, 1254
02/10/2020,02:50,.42,.42,.42,.42, 1246
02/10/2020,02:51,.42,.42,.42,.42, 1238
02/10/2020,02:52,.42,.42,.42,.42, 1924
02/10/2020,02:54,.42,.42,.42,.42, 1739
02/10/2020,02:55,.42,.42,.42,.42, 1729
02/10/2020,02:57,.42,.42,.42,.42, 1338
02/10/2020,02:58,.42,.42,.417,.417, 3422
02/10/2020,02:59,.42,.42,.42,.42, 1363
02/10/2020,03:01,.42,.42,.42,.42, 1319
02/10/2020,03:02,.42,.42,.42,.42, 1564
02/10/2020,03:03,.42,.42,.42,.42, 4014
02/10/2020,03:04,.42,.42,.42,.42, 1368
02/10/2020,03:05,.42,.42,.417,.417, 3846
02/10/2020,03:08,.42,.42,.42,.42, 6074
02/10/2020,03:09,.42,.42,.42,.42, 1422
02/10/2020,03:11,.42,.42,.42,.42, 1102
02/10/2020,03:12,.42,.42,.42,.42, 2857
02/10/2020,03:13,.42,.42,.42,.42, 1172
02/10/2020,03:14,.42,.42,.42,.42, 1134
02/10/2020,03:15,.42,.42,.42,.42, 1254
02/10/2020,03:16,.42,.42,.42,.42, 1060
02/10/2020,03:17,.417,.417,.417,.417, 1261
02/10/2020,03:18,.42,.42,.42,.42, 2324
02/10/2020,03:19,.42,.42,.42,.42, 1071
02/10/2020,03:20,.42,.42,.42,.42, 2167
02/10/2020,03:21,.42,.42,.42,.42, 1217
02/10/2020,03:22,.42,.42,.42,.42, 1137
02/10/2020,03:23,.42,.42,.42,.42, 1150
02/10/2020,03:24,.42,.42,.42,.42, 14072
02/10/2020,03:25,.425,.425,.425,.425, 1150
02/10/2020,03:26,.425,.425,.425,.425, 1314
02/10/2020,03:27,.425,.425,.425,.425, 1423
02/10/2020,03:29,.425,.425,.425,.425, 1408
02/10/2020,03:33,.425,.425,.425,.425, 2465
02/10/2020,03:34,.425,.425,.425,.425, 1125
02/10/2020,03:36,.425,.425,.425,.425, 2882
02/10/2020,03:40,.425,.425,.425,.425, 1407
02/10/2020,03:40,.425,.425,.425,.425, 1909
02/10/2020,03:43,.425,.425,.425,.425, 1172
02/10/2020,03:45,.422,.422,.422,.422, 1212
02/10/2020,03:47,.422,.422,.422,.422, 1206
02/10/2020,03:50,.425,.425,.425,.425, 1240
02/10/2020,03:52,.425,.425,.425,.425, 1236
02/10/2020,03:53,.422,.425,.422,.425, 1276
02/10/2020,03:55,.425,.425,.425,.425, 1292
02/10/2020,03:57,.422,.425,.422,.422, 1742
02/10/2020,03:59,.422,.425,.42,.425, 4702
02/10/2020,04:01,.422,.425,.422,.425, 1909
02/10/2020,04:02,.42,.42,.417,.417, 32303
02/10/2020,04:03,.42,.42,.417,.42, 6050
02/10/2020,04:04,.422,.422,.42,.42, 17674
02/10/2020,04:05,.42,.42,.42,.42, 1764
02/10/2020,04:07,.42,.42,.415,.415, 36311
02/10/2020,04:08,.425,.425,.425,.425, 1354
02/10/2020,04:09,.425,.425,.425,.425, 815
02/10/2020,04:10,.425,.425,.425,.425, 840
02/10/2020,04:11,.425,.425,.425,.425, 1416
02/10/2020,04:12,.425,.425,.42,.42, 11911
02/10/2020,04:13,.422,.422,.422,.422, 1897
02/10/2020,04:15,.422,.422,.422,.422, 1181
02/10/2020,04:16,.425,.425,.425,.425, 2536
02/10/2020,04:17,.425,.425,.425,.425, 1357
02/10/2020,04:18,.425,.425,.425,.425, 1352
02/10/2020,04:19,.42,.425,.42,.425, 2592
02/10/2020,04:20,.42,.42,.42,.42, 5404
02/10/2020,04:23,.422,.425,.422,.425, 1942
02/10/2020,04:25,.422,.422,.422,.422, 2328
02/10/2020,04:26,.422,.422,.422,.422, 25
02/10/2020,04:27,.422,.422,.42,.42, 13785
02/10/2020,04:30,.422,.425,.422,.425, 1452
02/10/2020,04:31,.425,.425,.425,.425, 783
02/10/2020,04:32,.425,.425,.425,.425, 1293
02/10/2020,04:33,.422,.425,.422,.425, 2234
02/10/2020,04:34,.422,.425,.422,.422, 1316
02/10/2020,04:35,.425,.425,.422,.425, 4018
02/10/2020,04:36,.425,.425,.425,.425, 829
02/10/2020,04:37,.425,.425,.422,.422, 1712
02/10/2020,04:38,.422,.425,.422,.425, 2201
02/10/2020,04:40,.425,.425,.425,.425, 2161
02/10/2020,04:41,.422,.425,.422,.422, 6954
02/10/2020,04:43,.425,.425,.425,.425, 2210
02/10/2020,04:44,.425,.425,.425,.425, 1936
02/10/2020,04:46,.425,.425,.425,.425, 2045
02/10/2020,04:47,.425,.425,.425,.425, 3354
02/10/2020,04:48,.422,.422,.42,.42, 58654
02/10/2020,04:48,.42,.42,.42,.42, 41
02/10/2020,04:52,.425,.425,.425,.425, 2710
02/10/2020,04:53,.42,.42,.42,.42, 26743
02/10/2020,04:54,.417,.417,.417,.417, 1796
02/10/2020,04:56,.417,.417,.417,.417, 2232
02/10/2020,04:58,.42,.42,.42,.42, 2677
02/10/2020,05:00,.42,.42,.42,.42, 1863
02/10/2020,05:01,.42,.42,.42,.42, 2205
02/10/2020,05:02,.42,.42,.42,.42, 26262
02/10/2020,05:03,.42,.42,.42,.42, 8749
02/10/2020,05:04,.42,.425,.42,.425, 9494
02/10/2020,05:05,.425,.425,.425,.425, 10000
02/10/2020,05:06,.425,.425,.425,.425, 1336
02/10/2020,05:07,.425,.425,.42,.42, 16927
02/10/2020,05:09,.42,.42,.417,.417, 3169
02/10/2020,05:11,.42,.42,.42,.42, 25108
02/10/2020,05:13,.425,.425,.425,.425, 1846
02/10/2020,05:15,.425,.425,.425,.425, 2559
02/10/2020,05:18,.425,.425,.425,.425, 1897
02/10/2020,05:21,.425,.425,.425,.425, 2313
02/10/2020,05:22,.425,.425,.425,.425, 3
02/10/2020,05:23,.425,.425,.425,.425, 2872
02/10/2020,05:25,.425,.425,.425,.425, 7225
02/10/2020,05:26,.425,.425,.425,.425, 7712
02/10/2020,05:28,.425,.425,.425,.425, 5000
02/10/2020,05:30,.425,.425,.425,.425, 5000
02/10/2020,05:34,.425,.425,.425,.425, 16052
02/10/2020,05:35,.425,.425,.425,.425, 2000
02/10/2020,05:36,.425,.425,.425,.425, 2000
02/10/2020,05:38,.422,.425,.422,.425, 6800
02/10/2020,05:40,.425,.425,.425,.425, 1582
02/10/2020,05:43,.425,.425,.425,.425, 3952
02/10/2020,05:44,.422,.422,.422,.422, 288
02/10/2020,05:46,.422,.422,.422,.422, 25
02/10/2020,05:47,.425,.425,.422,.422, 2047
02/10/2020,05:48,.422,.422,.422,.422, 73
02/10/2020,05:49,.422,.422,.422,.422, 2200
02/10/2020,05:50,.422,.425,.422,.422, 2077
02/10/2020,05:51,.422,.422,.422,.422, 94
02/10/2020,05:52,.422,.425,.42,.422, 3725
02/10/2020,05:53,.422,.425,.422,.422, 2404
02/10/2020,05:54,.422,.425,.422,.422, 2430
02/10/2020,05:55,.422,.422,.422,.422, 1660
02/10/2020,05:56,.422,.425,.422,.422, 2303
02/10/2020,05:57,.425,.425,.422,.425, 4889
02/10/2020,05:58,.422,.425,.422,.422, 3740
02/10/2020,05:59,.422,.425,.422,.422, 2694
02/10/2020,06:00,.422,.425,.422,.425, 2829
02/10/2020,06:01,.422,.425,.422,.422, 5207
02/10/2020,06:02,.422,.425,.422,.422, 2822
02/10/2020,06:03,.422,.425,.422,.422, 4195
02/10/2020,06:04,.422,.425,.422,.422, 2913
02/10/2020,06:05,.422,.422,.422,.422, 97
02/10/2020,06:06,.425,.425,.422,.422, 3354
02/10/2020,06:07,.425,.425,.422,.422, 6488
02/10/2020,06:08,.422,.425,.422,.422, 5666
02/10/2020,06:10,.422,.425,.422,.425, 10271
02/10/2020,06:11,.422,.425,.422,.425, 5025
02/10/2020,06:12,.422,.425,.422,.422, 3222
02/10/2020,06:13,.422,.425,.422,.422, 2212
02/10/2020,06:14,.422,.427,.42,.422, 33272
02/10/2020,06:15,.422,.422,.422,.422, 53
02/10/2020,06:16,.425,.425,.425,.425, 7019
02/10/2020,06:17,.42,.425,.42,.425, 7712
02/10/2020,06:18,.425,.425,.425,.425, 8543
02/10/2020,06:19,.425,.425,.425,.425, 4084
02/10/2020,06:20,.425,.425,.42,.42, 10353
02/10/2020,06:20,.425,.425,.42,.425, 1854
02/10/2020,06:31,.43,.43,.43,.43, 48290
02/11/2020,02:59,.415,.415,.415,.415, 42
02/11/2020,03:04,.42,.42,.417,.42, 25988
02/11/2020,03:29,.415,.415,.415,.415, 482
02/11/2020,03:35,.415,.415,.415,.415, 43
02/11/2020,03:38,.417,.42,.417,.417, 779
02/11/2020,03:44,.417,.417,.417,.417, 4009
02/11/2020,03:45,.42,.42,.42,.42, 3450
02/11/2020,03:49,.417,.417,.417,.417, 2140
02/11/2020,03:55,.417,.42,.417,.42, 1057
02/11/2020,04:01,.417,.42,.417,.42, 4680
02/11/2020,04:03,.42,.42,.42,.42, 3761
02/11/2020,04:17,.415,.415,.415,.415, 128
02/11/2020,04:25,.417,.417,.417,.417, 722
02/11/2020,04:26,.417,.417,.417,.417, 1612
02/11/2020,04:39,.415,.415,.415,.415, 108
02/11/2020,04:44,.415,.415,.415,.415, 4463
02/11/2020,04:47,.42,.42,.42,.42, 168
02/11/2020,04:50,.417,.42,.417,.42, 25080
02/11/2020,05:04,.42,.42,.417,.42, 1454
02/11/2020,05:17,.417,.42,.417,.42, 3407
02/11/2020,05:20,.42,.42,.42,.42, 2135
02/11/2020,05:22,.417,.42,.417,.42, 2037
02/11/2020,05:24,.417,.42,.417,.42, 4084
02/11/2020,05:27,.417,.42,.417,.42, 2064
02/11/2020,05:29,.42,.42,.417,.417, 1329
02/11/2020,05:30,.42,.42,.42,.42, 14040
02/11/2020,05:33,.42,.42,.42,.42, 641
02/11/2020,05:34,.42,.42,.42,.42, 10283
02/11/2020,05:50,.422,.422,.422,.422, 13200
02/11/2020,05:52,.422,.422,.42,.42, 5055
02/11/2020,05:53,.422,.422,.42,.42, 2415
02/11/2020,05:54,.42,.42,.42,.42, 46
02/11/2020,05:55,.42,.42,.42,.42, 110
02/11/2020,05:59,.42,.42,.42,.42, 86
02/11/2020,06:02,.42,.422,.42,.42, 1944
02/11/2020,06:03,.422,.425,.42,.42, 66
02/11/2020,06:04,.42,.42,.42,.42, 31
02/11/2020,06:05,.422,.425,.42,.42, 1448
02/11/2020,06:08,.42,.422,.42,.42, 2329
02/11/2020,06:09,.42,.42,.42,.42, 294
02/11/2020,06:10,.42,.42,.42,.42, 35
02/11/2020,06:13,.422,.425,.42,.42, 2488
02/11/2020,06:14,.42,.42,.42,.42, 163
02/11/2020,06:15,.42,.425,.42,.42, 32109
02/11/2020,06:16,.425,.425,.42,.42, 127
02/11/2020,06:17,.425,.425,.42,.42, 114
02/11/2020,06:18,.425,.425,.42,.425, 2569
02/11/2020,06:19,.42,.425,.42,.42, 46345
02/11/2020,06:20,.415,.42,.415,.42, 16485
02/11/2020,06:20,.42,.42,.42,.42, 3776
02/11/2020,06:31,.42,.42,.42,.42, 36944
02/13/2020,00:25,.415,.415,.415,.415, 4155
02/13/2020,00:26,.415,.417,.415,.415, 10548
02/13/2020,00:28,.417,.417,.415,.415, 444
02/13/2020,00:30,.417,.417,.415,.415, 3090
02/13/2020,00:32,.417,.42,.417,.42, 2069
02/13/2020,00:34,.42,.425,.42,.42, 45428
02/13/2020,00:40,.425,.425,.425,.425, 2352
02/13/2020,00:42,.422,.422,.422,.422, 400
02/13/2020,00:43,.425,.425,.42,.422, 1365
02/13/2020,00:44,.422,.422,.422,.422, 1050
02/13/2020,00:45,.422,.422,.422,.422, 800
02/13/2020,00:46,.422,.422,.422,.422, 650
02/13/2020,00:47,.422,.425,.422,.425, 591
02/13/2020,00:51,.42,.42,.415,.415, 70127
02/13/2020,00:56,.415,.415,.415,.415, 6412
02/13/2020,00:59,.42,.42,.415,.415, 15690
02/13/2020,01:03,.42,.42,.42,.42, 55532
02/13/2020,01:06,.415,.42,.415,.42, 5746
02/13/2020,01:07,.42,.42,.42,.42, 6971
02/13/2020,01:20,.42,.42,.42,.42, 1559
02/13/2020,01:21,.42,.42,.415,.415, 4107
02/13/2020,01:22,.415,.415,.415,.415, 2448
02/13/2020,01:35,.42,.42,.415,.415, 17694
02/13/2020,01:36,.42,.42,.42,.42, 15799
02/13/2020,01:37,.415,.415,.415,.415, 819
02/13/2020,01:42,.415,.415,.415,.415, 1927
02/13/2020,01:47,.415,.415,.415,.415, 27957
02/13/2020,01:48,.415,.415,.415,.415, 2456
02/13/2020,01:49,.415,.415,.415,.415, 758
02/13/2020,01:50,.415,.415,.415,.415, 769
02/13/2020,01:51,.415,.415,.415,.415, 2895
02/13/2020,01:54,.415,.415,.415,.415, 750
02/13/2020,01:56,.415,.415,.415,.415, 2464
02/13/2020,01:58,.415,.415,.415,.415, 4719
02/13/2020,02:00,.415,.415,.415,.415, 761
02/13/2020,02:03,.415,.415,.415,.415, 749
02/13/2020,02:05,.415,.415,.415,.415, 2426
02/13/2020,02:09,.415,.415,.415,.415, 747
02/13/2020,02:14,.415,.415,.415,.415, 4517
02/13/2020,02:15,.415,.415,.415,.415, 752
02/13/2020,02:16,.415,.415,.415,.415, 14251
02/13/2020,02:19,.415,.415,.415,.415, 743
02/13/2020,02:21,.415,.415,.415,.415, 2417
02/13/2020,02:22,.415,.415,.415,.415, 2413
02/13/2020,02:26,.415,.415,.415,.415, 760
02/13/2020,02:28,.415,.417,.415,.417, 5791
02/13/2020,02:31,.415,.415,.415,.415, 2443
02/13/2020,02:32,.415,.415,.415,.415, 11434
02/13/2020,02:35,.417,.417,.417,.417, 2044
02/13/2020,02:37,.415,.415,.415,.415, 600
02/13/2020,02:39,.415,.415,.415,.415, 17969
02/13/2020,02:40,.415,.415,.415,.415, 2447
02/13/2020,02:41,.415,.415,.415,.415, 1539
02/13/2020,02:44,.415,.415,.415,.415, 1156
02/13/2020,02:49,.415,.415,.415,.415, 2421
02/13/2020,02:54,.415,.415,.415,.415, 3484
02/13/2020,02:58,.415,.415,.415,.415, 748
02/13/2020,02:59,.415,.415,.415,.415, 2429
02/13/2020,03:04,.415,.415,.415,.415, 751
02/13/2020,03:09,.415,.415,.415,.415, 16007
02/13/2020,03:12,.415,.415,.415,.415, 1804
02/13/2020,03:13,.415,.415,.415,.415, 354
02/13/2020,03:15,.415,.415,.415,.415, 15969
02/13/2020,03:17,.415,.415,.415,.415, 746
02/13/2020,03:18,.415,.415,.415,.415, 318
02/13/2020,03:19,.415,.415,.415,.415, 3216
02/13/2020,03:20,.415,.415,.415,.415, 2470
02/13/2020,03:22,.415,.415,.415,.415, 745
02/13/2020,03:26,.415,.415,.415,.415, 149
02/13/2020,03:27,.415,.415,.415,.415, 744
02/13/2020,03:31,.415,.415,.415,.415, 3633
02/13/2020,03:33,.415,.415,.415,.415, 907
02/13/2020,03:41,.417,.417,.415,.415, 559
02/13/2020,03:42,.415,.415,.415,.415, 3870
02/13/2020,03:43,.415,.415,.415,.415, 1457
02/13/2020,03:44,.417,.42,.415,.415, 13187
02/13/2020,03:51,.415,.415,.415,.415, 1342
02/13/2020,03:52,.415,.415,.415,.415, 36
02/13/2020,03:53,.415,.415,.415,.415, 1238
02/13/2020,03:54,.415,.415,.415,.415, 2422
02/13/2020,03:56,.415,.415,.415,.415, 1178
02/13/2020,03:59,.415,.415,.415,.415, 1709
02/13/2020,04:01,.415,.415,.415,.415, 1025
02/13/2020,04:02,.415,.415,.415,.415, 2386
02/13/2020,04:05,.415,.415,.415,.415, 4737
02/13/2020,04:06,.415,.415,.415,.415, 1257
02/13/2020,04:08,.415,.415,.415,.415, 2783
02/13/2020,04:09,.415,.415,.415,.415, 752
02/13/2020,04:11,.415,.415,.415,.415, 1452
02/13/2020,04:13,.415,.415,.415,.415, 1173
02/13/2020,04:16,.415,.415,.415,.415, 18719
02/13/2020,04:18,.415,.415,.415,.415, 1961
02/13/2020,04:19,.415,.415,.415,.415, 6694
02/13/2020,04:20,.415,.415,.415,.415, 795
02/13/2020,04:21,.415,.415,.415,.415, 747
02/13/2020,04:23,.415,.415,.415,.415, 542
02/13/2020,04:26,.415,.415,.415,.415, 2418
02/13/2020,04:27,.415,.415,.415,.415, 2209
02/13/2020,04:30,.415,.415,.415,.415, 1136
02/13/2020,04:33,.415,.415,.415,.415, 3622
02/13/2020,04:34,.415,.415,.415,.415, 1069
02/13/2020,04:36,.415,.417,.415,.417, 3562
02/13/2020,04:38,.415,.415,.415,.415, 5065
02/13/2020,04:39,.417,.42,.415,.415, 38688
02/13/2020,04:40,.417,.417,.417,.417, 522
02/13/2020,04:41,.417,.417,.415,.415, 2210
02/13/2020,04:43,.417,.42,.415,.42, 11809
02/13/2020,04:47,.417,.417,.415,.417, 7206
02/13/2020,04:48,.417,.42,.417,.42, 1460
02/13/2020,04:50,.415,.415,.415,.415, 5224
02/13/2020,04:55,.415,.415,.415,.415, 4868
02/13/2020,04:56,.415,.417,.415,.417, 2442
02/13/2020,04:57,.415,.417,.415,.417, 2871
02/13/2020,04:59,.415,.417,.415,.417, 2676
02/13/2020,05:02,.415,.417,.415,.417, 2653
02/13/2020,05:05,.415,.417,.415,.417, 2453
02/13/2020,05:06,.415,.417,.415,.417, 1432
02/13/2020,05:07,.417,.417,.415,.417, 5840
02/13/2020,05:08,.415,.417,.415,.417, 4820
02/13/2020,05:09,.417,.417,.417,.417, 400
02/13/2020,05:10,.417,.417,.415,.417, 2837
02/13/2020,05:11,.417,.42,.417,.42, 2012
02/13/2020,05:13,.415,.417,.415,.417, 1518
02/13/2020,05:14,.417,.417,.417,.417, 300
02/13/2020,05:15,.417,.417,.415,.415, 912
02/13/2020,05:16,.417,.42,.415,.417, 27867
02/13/2020,05:17,.417,.417,.415,.415, 6040
02/13/2020,05:20,.417,.417,.417,.417, 500000
02/13/2020,05:21,.415,.415,.415,.415, 2720
02/13/2020,05:31,.415,.415,.415,.415, 2440
02/13/2020,05:40,.415,.415,.415,.415, 3399
02/13/2020,05:43,.415,.415,.415,.415, 1219
02/13/2020,05:49,.415,.415,.415,.415, 3165
02/13/2020,05:55,.415,.415,.415,.415, 82
02/13/2020,05:57,.415,.415,.415,.415, 4862
02/13/2020,06:00,.415,.415,.415,.415, 976
02/13/2020,06:02,.415,.417,.415,.417, 3819
02/13/2020,06:03,.417,.417,.415,.417, 1236
02/13/2020,06:04,.417,.417,.415,.417, 4477
02/13/2020,06:05,.417,.417,.415,.415, 771
02/13/2020,06:07,.415,.415,.415,.415, 1029
02/13/2020,06:08,.415,.417,.415,.417, 14327
02/13/2020,06:09,.415,.417,.415,.415, 2115
02/13/2020,06:10,.415,.417,.415,.415, 3464
02/13/2020,06:12,.415,.415,.415,.415, 3408
02/13/2020,06:13,.415,.415,.415,.415, 1076
02/13/2020,06:14,.415,.415,.415,.415, 44
02/13/2020,06:15,.415,.415,.415,.415, 1155
02/13/2020,06:16,.415,.417,.415,.417, 5940
02/13/2020,06:17,.415,.417,.415,.417, 10629
02/13/2020,06:18,.415,.417,.415,.417, 6813
02/13/2020,06:19,.415,.415,.415,.415, 6135
02/13/2020,06:20,.415,.42,.415,.415, 34226
02/13/2020,06:20,.42,.42,.415,.415, 784
02/13/2020,06:31,.41,.41,.41,.41, 144387
02/14/2020,00:25,.41,.41,.41,.41, 36864
02/14/2020,00:55,.41,.41,.41,.41, 1348
02/14/2020,01:11,.41,.41,.41,.41, 3566
02/14/2020,01:22,.41,.41,.41,.41, 2029
02/14/2020,01:24,.41,.412,.41,.412, 20302
02/14/2020,01:26,.415,.415,.41,.41, 5860
02/14/2020,01:54,.41,.412,.41,.412, 58364
02/14/2020,01:56,.41,.412,.41,.412, 21435
02/14/2020,02:01,.41,.41,.41,.41, 4108
02/14/2020,02:02,.412,.412,.412,.412, 6066
02/14/2020,02:08,.412,.412,.412,.412, 631
02/14/2020,02:09,.415,.415,.415,.415, 11178
02/14/2020,02:12,.412,.412,.412,.412, 2271
02/14/2020,02:17,.412,.412,.412,.412, 1219
02/14/2020,02:26,.412,.412,.412,.412, 1402
02/14/2020,02:28,.412,.412,.41,.412, 3629
02/14/2020,02:36,.412,.412,.41,.41, 63278
02/14/2020,02:41,.41,.41,.41,.41, 43639
02/14/2020,02:45,.407,.407,.407,.407, 217
02/14/2020,02:47,.407,.407,.407,.407, 1219
02/14/2020,02:49,.407,.407,.407,.407, 605
02/14/2020,02:57,.41,.41,.41,.41, 8500
02/14/2020,03:10,.41,.41,.41,.41, 5262
02/14/2020,03:14,.41,.41,.41,.41, 10000
02/14/2020,03:25,.41,.41,.41,.41, 17079
02/14/2020,03:26,.407,.407,.407,.407, 1313
02/14/2020,03:37,.41,.425,.41,.41, 147844
02/14/2020,03:45,.41,.412,.41,.41, 11864
02/14/2020,03:46,.41,.41,.41,.41, 10000
02/14/2020,04:00,.41,.41,.41,.41, 449
02/14/2020,04:08,.41,.41,.41,.41, 545
02/14/2020,04:10,.405,.412,.405,.41, 24167
02/14/2020,04:21,.41,.41,.41,.41, 2303
02/14/2020,04:31,.405,.405,.405,.405, 152
02/14/2020,04:56,.407,.41,.407,.41, 41966
02/14/2020,05:11,.41,.41,.41,.41, 1479
02/14/2020,05:25,.41,.412,.41,.41, 113884
02/14/2020,05:32,.41,.41,.41,.41, 18349
02/14/2020,05:47,.41,.41,.41,.41, 42997
02/14/2020,05:48,.41,.41,.41,.41, 32286
02/14/2020,05:57,.405,.405,.405,.405, 253162
02/14/2020,05:58,.405,.405,.405,.405, 3667
02/14/2020,06:01,.403,.405,.4,.405, 76417
02/14/2020,06:02,.405,.407,.405,.405, 115102
02/14/2020,06:03,.405,.405,.405,.405, 33
02/14/2020,06:04,.405,.405,.405,.405, 54
02/14/2020,06:05,.405,.405,.405,.405, 18
02/14/2020,06:06,.405,.405,.405,.405, 21024
02/14/2020,06:07,.405,.405,.405,.405, 60649
02/14/2020,06:08,.405,.405,.405,.405, 3743
02/14/2020,06:09,.405,.405,.405,.405, 112
02/14/2020,06:11,.403,.405,.403,.405, 2646
02/14/2020,06:12,.405,.405,.405,.405, 3865
02/14/2020,06:13,.405,.405,.405,.405, 173
02/14/2020,06:14,.405,.405,.403,.405, 2386
02/14/2020,06:15,.405,.405,.405,.405, 80
02/14/2020,06:16,.405,.405,.403,.403, 4838
02/14/2020,06:17,.403,.405,.403,.405, 79826
02/14/2020,06:19,.405,.405,.403,.403, 4925
02/14/2020,06:20,.403,.405,.403,.405, 46559
02/14/2020,06:20,.4,.405,.4,.405, 571
02/14/2020,06:32,.41,.41,.41,.41, 11913
02/17/2020,00:25,.41,.41,.405,.405, 7386
02/17/2020,00:26,.403,.403,.403,.403, 126
02/17/2020,00:27,.4,.4,.4,.4, 4
02/17/2020,00:30,.4,.4,.4,.4, 2967
02/17/2020,00:38,.4,.4,.4,.4, 1665
02/17/2020,00:40,.4,.405,.4,.405, 13926
02/17/2020,00:44,.403,.403,.403,.403, 14
02/17/2020,00:51,.403,.403,.403,.403, 26
02/17/2020,00:52,.403,.403,.403,.403, 13
02/17/2020,00:53,.403,.403,.403,.403, 14
02/17/2020,00:54,.403,.403,.403,.403, 10
02/17/2020,00:55,.403,.403,.403,.403, 14
02/17/2020,00:56,.4,.4,.4,.4, 1760
02/17/2020,00:57,.403,.403,.403,.403, 14
02/17/2020,00:59,.403,.403,.403,.403, 10
02/17/2020,01:01,.403,.403,.403,.403, 15
02/17/2020,01:02,.405,.405,.405,.405, 1202
02/17/2020,01:03,.403,.405,.403,.405, 12497
02/17/2020,01:04,.405,.405,.405,.405, 11585
02/17/2020,01:08,.4,.4,.4,.4, 309716
02/17/2020,01:15,.4,.4,.4,.4, 9282
02/17/2020,01:18,.397,.397,.397,.397, 289
02/17/2020,01:19,.397,.397,.397,.397, 43
02/17/2020,01:21,.395,.395,.395,.395, 3228
02/17/2020,01:34,.397,.397,.397,.397, 45
02/17/2020,01:36,.397,.397,.395,.395, 1931
02/17/2020,01:43,.397,.397,.397,.397, 12
02/17/2020,01:46,.397,.397,.397,.397, 15
02/17/2020,01:47,.397,.397,.397,.397, 14
02/17/2020,01:48,.397,.397,.397,.397, 12
02/17/2020,01:49,.397,.397,.397,.397, 16
02/17/2020,01:50,.397,.397,.397,.397, 13
02/17/2020,01:52,.395,.395,.395,.395, 20077
02/17/2020,01:58,.395,.395,.395,.395, 632
02/17/2020,02:00,.397,.397,.397,.397, 15
02/17/2020,02:03,.397,.397,.397,.397, 10
02/17/2020,02:07,.397,.397,.397,.397, 14
02/17/2020,02:10,.395,.397,.395,.397, 497
02/17/2020,02:11,.4,.4,.4,.4, 5000
02/17/2020,02:13,.397,.397,.397,.397, 16
02/17/2020,02:14,.395,.397,.395,.397, 2644
02/17/2020,02:15,.395,.395,.395,.395, 5000
02/17/2020,02:16,.397,.397,.397,.397, 10
02/17/2020,02:19,.397,.397,.397,.397, 9
02/17/2020,02:24,.397,.397,.395,.395, 692
02/17/2020,02:25,.395,.395,.395,.395, 259
02/17/2020,02:27,.397,.397,.397,.397, 16
02/17/2020,02:28,.397,.397,.397,.397, 13
02/17/2020,02:29,.397,.397,.397,.397, 12
02/17/2020,02:30,.397,.397,.397,.397, 12
02/17/2020,02:31,.397,.397,.397,.397, 14
02/17/2020,02:34,.397,.397,.397,.397, 14
02/17/2020,02:36,.397,.397,.397,.397, 11
02/17/2020,02:38,.397,.397,.397,.397, 13
02/17/2020,02:40,.397,.397,.397,.397, 9
02/17/2020,02:41,.395,.395,.395,.395, 1861
02/17/2020,02:42,.4,.4,.4,.4, 14980
02/17/2020,02:44,.395,.395,.395,.395, 10008
02/17/2020,02:48,.397,.397,.397,.397, 13
02/17/2020,02:52,.397,.397,.397,.397, 16
02/17/2020,02:54,.397,.397,.397,.397, 16
02/17/2020,02:55,.397,.397,.397,.397, 2214
02/17/2020,02:56,.395,.395,.395,.395, 15000
02/17/2020,03:01,.397,.397,.397,.397, 14
02/17/2020,03:03,.397,.397,.397,.397, 13
02/17/2020,03:04,.397,.397,.397,.397, 10
02/17/2020,03:07,.397,.397,.397,.397, 11
02/17/2020,03:11,.397,.397,.397,.397, 11
02/17/2020,03:14,.397,.397,.397,.397, 15
02/17/2020,03:16,.397,.397,.397,.397, 12
02/17/2020,03:17,.395,.397,.395,.395, 3985
02/17/2020,03:18,.395,.397,.395,.397, 128119
02/17/2020,03:19,.395,.395,.395,.395, 966
02/17/2020,03:26,.397,.4,.397,.4, 12105
02/17/2020,03:28,.395,.395,.395,.395, 1043
02/17/2020,03:30,.395,.395,.395,.395, 1071
02/17/2020,03:31,.395,.395,.395,.395, 12338
02/17/2020,03:34,.395,.395,.395,.395, 1731
02/17/2020,03:37,.395,.395,.395,.395, 1432
02/17/2020,03:40,.395,.395,.395,.395, 1142
02/17/2020,03:42,.395,.395,.395,.395, 446
02/17/2020,03:43,.395,.395,.395,.395, 1174
02/17/2020,03:45,.395,.395,.395,.395, 1303
02/17/2020,03:46,.395,.395,.395,.395, 1640
02/17/2020,03:47,.395,.395,.395,.395, 1123
02/17/2020,03:49,.395,.395,.395,.395, 1565
02/17/2020,03:51,.395,.395,.395,.395, 1160
02/17/2020,03:53,.395,.395,.395,.395, 1132
02/17/2020,03:54,.395,.395,.395,.395, 1128
02/17/2020,03:55,.395,.395,.395,.395, 707
02/17/2020,03:56,.395,.395,.395,.395, 1364
02/17/2020,03:57,.395,.395,.395,.395, 384
02/17/2020,03:58,.395,.395,.395,.395, 1143
02/17/2020,04:00,.395,.395,.395,.395, 1248
02/17/2020,04:02,.395,.395,.395,.395, 95
02/17/2020,04:03,.395,.395,.395,.395, 858
02/17/2020,04:04,.395,.395,.395,.395, 72
02/17/2020,04:07,.397,.4,.395,.397, 42637
02/17/2020,04:08,.397,.397,.395,.395, 1868
02/17/2020,04:10,.395,.395,.395,.395, 2046
02/17/2020,04:11,.395,.395,.395,.395, 2009
02/17/2020,04:12,.395,.397,.395,.397, 2363
02/17/2020,04:14,.395,.397,.395,.395, 21555
02/17/2020,04:16,.395,.395,.395,.395, 1306
02/17/2020,04:17,.395,.395,.395,.395, 4474
02/17/2020,04:18,.397,.4,.397,.397, 47708
02/17/2020,04:21,.397,.397,.397,.397, 13
02/17/2020,04:23,.395,.395,.395,.395, 2649
02/17/2020,04:25,.395,.395,.395,.395, 1329
02/17/2020,04:26,.395,.395,.395,.395, 2745
02/17/2020,04:27,.395,.395,.395,.395, 1296
02/17/2020,04:29,.395,.395,.395,.395, 2665
02/17/2020,04:31,.395,.395,.395,.395, 1447
02/17/2020,04:33,.395,.395,.395,.395, 1578
02/17/2020,04:34,.395,.395,.395,.395, 1481
02/17/2020,04:35,.395,.395,.395,.395, 1358
02/17/2020,04:36,.395,.395,.395,.395, 2103
02/17/2020,04:38,.395,.395,.395,.395, 1996
02/17/2020,04:39,.395,.395,.395,.395, 2002
02/17/2020,04:40,.395,.395,.395,.395, 4
02/17/2020,04:41,.395,.395,.395,.395, 2041
02/17/2020,04:42,.395,.395,.395,.395, 2151
02/17/2020,04:44,.395,.395,.395,.395, 1442
02/17/2020,04:45,.395,.395,.395,.395, 2253
02/17/2020,04:46,.395,.395,.395,.395, 6008
02/17/2020,04:47,.395,.395,.395,.395, 3818
02/17/2020,04:48,.395,.395,.395,.395, 520
02/17/2020,04:49,.395,.395,.395,.395, 12675
02/17/2020,04:51,.395,.395,.395,.395, 3732
02/17/2020,04:54,.395,.395,.395,.395, 4
02/17/2020,04:55,.395,.395,.395,.395, 2589
02/17/2020,04:56,.395,.395,.395,.395, 4786
02/17/2020,04:58,.395,.395,.395,.395, 193
02/17/2020,04:59,.395,.395,.395,.395, 2078
02/17/2020,05:00,.395,.395,.395,.395, 33
02/17/2020,05:01,.395,.395,.395,.395, 4294
02/17/2020,05:02,.395,.395,.392,.392, 4492
02/17/2020,05:03,.39,.39,.39,.39, 1642
02/17/2020,05:04,.392,.395,.392,.395, 7192
02/17/2020,05:06,.395,.395,.395,.395, 1657
02/17/2020,05:07,.395,.395,.395,.395, 2451
02/17/2020,05:10,.397,.4,.397,.4, 5128
02/17/2020,05:10,.395,.395,.395,.395, 1709
02/17/2020,05:14,.397,.4,.395,.395, 6666
02/17/2020,05:15,.397,.397,.397,.397, 2
02/17/2020,05:16,.395,.395,.395,.395, 936
02/17/2020,05:19,.395,.395,.395,.395, 26
02/17/2020,05:25,.395,.395,.395,.395, 4
02/17/2020,05:26,.395,.395,.395,.395, 3958
02/17/2020,05:27,.395,.395,.395,.395, 2351
02/17/2020,05:29,.395,.395,.395,.395, 4
02/17/2020,05:32,.395,.395,.395,.395, 246
02/17/2020,05:34,.395,.395,.39,.39, 161136
02/17/2020,05:35,.39,.39,.39,.39, 2347
02/17/2020,05:38,.39,.39,.39,.39, 2985
02/17/2020,05:41,.39,.39,.39,.39, 2469
02/17/2020,05:44,.39,.39,.39,.39, 4
02/17/2020,05:45,.39,.39,.39,.39, 2778
02/17/2020,05:46,.39,.39,.39,.39, 4
02/17/2020,05:48,.39,.39,.39,.39, 3026
02/17/2020,05:49,.39,.39,.39,.39, 4
02/17/2020,05:50,.39,.39,.39,.39, 1013
02/17/2020,05:51,.39,.39,.39,.39, 3088
02/17/2020,05:52,.39,.39,.39,.39, 3440
02/17/2020,05:53,.39,.39,.39,.39, 4
02/17/2020,05:54,.39,.39,.39,.39, 4
02/17/2020,05:55,.39,.39,.39,.39, 4
02/17/2020,05:56,.39,.39,.39,.39, 4
02/17/2020,05:57,.39,.39,.39,.39, 4
02/17/2020,05:58,.39,.39,.39,.39, 4
02/17/2020,05:59,.39,.39,.39,.39, 4
02/17/2020,06:00,.39,.395,.39,.395, 71359
02/17/2020,06:03,.395,.395,.395,.395, 437
02/17/2020,06:04,.395,.395,.395,.395, 20138
02/17/2020,06:05,.395,.395,.395,.395, 1208
02/17/2020,06:07,.395,.395,.395,.395, 77
02/17/2020,06:08,.395,.395,.395,.395, 34602
02/17/2020,06:09,.395,.395,.395,.395, 155
02/17/2020,06:10,.395,.395,.395,.395, 5262
02/17/2020,06:11,.392,.395,.392,.395, 15988
02/17/2020,06:13,.395,.395,.395,.395, 47
02/17/2020,06:14,.395,.395,.395,.395, 347
02/17/2020,06:15,.395,.397,.395,.397, 1456
02/17/2020,06:16,.397,.397,.397,.397, 259
02/17/2020,06:17,.397,.397,.397,.397, 8291
02/17/2020,06:18,.395,.395,.395,.395, 530
02/17/2020,06:19,.395,.4,.395,.4, 1297
02/17/2020,06:20,.4,.4,.397,.397, 3648
02/17/2020,06:31,.395,.395,.395,.395, 65320
02/18/2020,00:34,.4,.4,.395,.395, 7457
02/18/2020,00:35,.395,.4,.395,.4, 17586
02/18/2020,00:37,.4,.4,.4,.4, 12742
02/18/2020,00:37,.4,.4,.4,.4, 1780
02/18/2020,00:39,.4,.4,.39,.395, 138097
02/18/2020,00:46,.395,.395,.395,.395, 716
02/18/2020,00:51,.395,.397,.395,.397, 903
02/18/2020,00:56,.395,.397,.395,.397, 6969
02/18/2020,01:00,.395,.395,.395,.395, 1000
02/18/2020,01:06,.395,.395,.395,.395, 8527
02/18/2020,01:12,.397,.397,.395,.395, 1432
02/18/2020,01:16,.397,.397,.397,.397, 6
02/18/2020,01:20,.397,.397,.397,.397, 6
02/18/2020,01:21,.395,.395,.395,.395, 6063
02/18/2020,01:26,.395,.395,.395,.395, 1346
02/18/2020,01:27,.397,.397,.397,.397, 384
02/18/2020,01:29,.395,.395,.395,.395, 494
02/18/2020,01:45,.397,.397,.397,.397, 15
02/18/2020,01:47,.4,.4,.395,.397, 22481
02/18/2020,01:54,.4,.4,.395,.397, 7214
02/18/2020,01:55,.397,.397,.397,.397, 50
02/18/2020,01:56,.397,.397,.397,.397, 48
02/18/2020,01:57,.397,.397,.397,.397, 110
02/18/2020,01:58,.397,.397,.397,.397, 90
02/18/2020,01:59,.397,.397,.397,.397, 94
02/18/2020,02:00,.397,.397,.395,.397, 26072
02/18/2020,02:01,.397,.397,.397,.397, 364
02/18/2020,02:02,.397,.397,.395,.395, 313
02/18/2020,02:02,.397,.397,.397,.397, 1
02/18/2020,02:06,.397,.397,.395,.397, 1444
02/18/2020,02:06,.397,.397,.397,.397, 4
02/18/2020,02:08,.397,.397,.395,.395, 256
02/18/2020,02:09,.395,.395,.39,.395, 58213
02/18/2020,02:20,.4,.4,.4,.4, 20
02/18/2020,02:23,.4,.4,.4,.4, 21142
02/18/2020,02:26,.403,.403,.403,.403, 623
02/18/2020,02:27,.403,.403,.403,.403, 163
02/18/2020,02:27,.4,.4,.4,.4, 16764
02/18/2020,02:37,.4,.4,.4,.4, 5651
02/18/2020,02:43,.405,.405,.405,.405, 1565
02/18/2020,02:48,.4,.4,.4,.4, 1804
02/18/2020,02:53,.4,.4,.4,.4, 1980
02/18/2020,02:56,.4,.403,.4,.4, 82238
02/18/2020,02:58,.4,.4,.4,.4, 1275
02/18/2020,03:01,.395,.395,.395,.395, 4624
02/18/2020,03:11,.395,.395,.395,.395, 3340
02/18/2020,03:18,.397,.397,.397,.397, 63
02/18/2020,03:19,.397,.397,.397,.397, 58
02/18/2020,03:20,.397,.397,.397,.397, 153
02/18/2020,03:22,.397,.397,.397,.397, 62
02/18/2020,03:23,.397,.397,.397,.397, 177
02/18/2020,03:24,.397,.397,.397,.397, 134
02/18/2020,03:26,.397,.397,.397,.397, 140
02/18/2020,03:28,.397,.397,.397,.397, 148
02/18/2020,03:29,.397,.397,.395,.395, 3140
02/18/2020,03:30,.397,.397,.397,.397, 100
02/18/2020,03:31,.397,.397,.397,.397, 101
02/18/2020,03:32,.397,.397,.397,.397, 115
02/18/2020,03:35,.397,.397,.397,.397, 137
02/18/2020,03:37,.397,.397,.397,.397, 274
02/18/2020,03:40,.397,.397,.397,.397, 101
02/18/2020,03:45,.395,.395,.395,.395, 2215
02/18/2020,03:53,.395,.395,.395,.395, 3887
02/18/2020,03:57,.4,.4,.4,.4, 16
02/18/2020,03:58,.397,.397,.397,.397, 63
02/18/2020,04:04,.397,.397,.395,.395, 3251
02/18/2020,04:07,.397,.397,.397,.397, 57
02/18/2020,04:08,.397,.397,.395,.395, 1219
02/18/2020,04:12,.397,.4,.397,.4, 1589
02/18/2020,04:16,.395,.397,.395,.397, 5852
02/18/2020,04:18,.397,.397,.397,.397, 47
02/18/2020,04:21,.397,.4,.397,.4, 231
02/18/2020,04:24,.4,.4,.397,.4, 898
02/18/2020,04:31,.395,.395,.395,.395, 3284
02/18/2020,04:33,.397,.4,.397,.4, 625
02/18/2020,04:35,.397,.4,.397,.4, 647
02/18/2020,04:39,.395,.4,.395,.4, 56250
02/18/2020,04:39,.4,.4,.4,.4, 472
02/18/2020,04:42,.4,.4,.4,.4, 234
02/18/2020,04:44,.4,.4,.4,.4, 15
02/18/2020,04:45,.4,.4,.4,.4, 231
02/18/2020,04:48,.4,.4,.4,.4, 231
02/18/2020,04:51,.4,.4,.395,.395, 9834
02/18/2020,04:54,.4,.4,.4,.4, 16
02/18/2020,04:58,.4,.4,.4,.4, 232
02/18/2020,05:00,.4,.4,.4,.4, 231
02/18/2020,05:03,.4,.4,.4,.4, 231
02/18/2020,05:04,.4,.4,.4,.4, 15
02/18/2020,05:11,.395,.395,.395,.395, 1368
02/18/2020,05:13,.397,.397,.397,.397, 666
02/18/2020,05:14,.4,.4,.4,.4, 44
02/18/2020,05:15,.4,.4,.4,.4, 597
02/18/2020,05:21,.395,.4,.395,.4, 6222
02/18/2020,05:28,.4,.4,.4,.4, 21
02/18/2020,05:29,.4,.4,.395,.395, 352747
02/18/2020,05:32,.392,.392,.392,.392, 632
02/18/2020,05:35,.392,.392,.392,.392, 1359
02/18/2020,05:38,.395,.395,.395,.395, 74390
02/18/2020,05:51,.39,.395,.39,.395, 6589
02/18/2020,05:52,.395,.395,.395,.395, 68
02/18/2020,05:53,.395,.395,.395,.395, 59
02/18/2020,05:54,.395,.395,.39,.395, 1133
02/18/2020,05:55,.395,.395,.395,.395, 42
02/18/2020,05:56,.392,.392,.392,.392, 67
02/18/2020,05:57,.392,.392,.392,.392, 63
02/18/2020,05:58,.392,.392,.392,.392, 61
02/18/2020,06:00,.392,.395,.392,.395, 25067
02/18/2020,06:01,.392,.395,.39,.395, 7006
02/18/2020,06:02,.395,.395,.392,.395, 132
02/18/2020,06:03,.395,.395,.395,.395, 55
02/18/2020,06:04,.395,.395,.392,.395, 126
02/18/2020,06:05,.392,.395,.392,.395, 89
02/18/2020,06:06,.392,.392,.392,.392, 64
02/18/2020,06:07,.392,.392,.392,.392, 65
02/18/2020,06:08,.392,.395,.39,.395, 14730
02/18/2020,06:09,.395,.395,.395,.395, 8
02/18/2020,06:10,.395,.395,.395,.395, 7
02/18/2020,06:11,.395,.395,.395,.395, 9
02/18/2020,06:12,.395,.395,.395,.395, 7
02/18/2020,06:13,.395,.395,.392,.392, 336
02/18/2020,06:14,.392,.392,.39,.392, 1855
02/18/2020,06:15,.39,.392,.39,.392, 3871
02/18/2020,06:16,.392,.395,.392,.392, 3812
02/18/2020,06:17,.392,.395,.39,.392, 5072
02/18/2020,06:18,.392,.395,.39,.392, 4046
02/18/2020,06:19,.39,.395,.39,.395, 4374
02/18/2020,06:20,.395,.395,.39,.395, 23715
02/18/2020,06:20,.395,.395,.395,.395, 53
02/18/2020,06:31,.39,.39,.39,.39, 56165
02/19/2020,00:25,.395,.395,.395,.395, 9454
02/19/2020,00:31,.39,.39,.39,.39, 950
02/19/2020,00:34,.39,.39,.385,.385, 173785
02/19/2020,00:35,.385,.385,.38,.38, 284134
02/19/2020,00:41,.382,.385,.382,.385, 30224
02/19/2020,00:50,.385,.385,.385,.385, 21428
02/19/2020,01:14,.39,.395,.39,.39, 126720
02/19/2020,01:17,.395,.395,.395,.395, 21924
02/19/2020,01:23,.392,.395,.392,.395, 7684
02/19/2020,01:28,.395,.395,.395,.395, 6674
02/19/2020,01:37,.395,.397,.395,.395, 3423
02/19/2020,02:02,.395,.395,.395,.395, 700
02/19/2020,02:04,.395,.395,.395,.395, 2289
02/19/2020,02:05,.395,.395,.395,.395, 1664
02/19/2020,02:06,.4,.4,.4,.4, 24308
02/19/2020,02:07,.395,.395,.395,.395, 432
02/19/2020,02:15,.395,.395,.395,.395, 2439
02/19/2020,02:28,.395,.395,.395,.395, 2063
02/19/2020,02:49,.4,.4,.4,.4, 6123
02/19/2020,02:51,.4,.4,.4,.4, 16224
02/19/2020,03:03,.395,.395,.395,.395, 2320
02/19/2020,03:06,.397,.397,.397,.397, 571
02/19/2020,03:07,.397,.397,.397,.397, 287
02/19/2020,03:08,.397,.397,.397,.397, 269
02/19/2020,03:09,.397,.397,.397,.397, 568
02/19/2020,03:10,.397,.397,.397,.397, 269
02/19/2020,03:24,.397,.397,.395,.395, 16622
02/19/2020,03:24,.395,.395,.395,.395, 2886
02/19/2020,03:27,.395,.395,.395,.395, 682
02/19/2020,03:29,.395,.397,.395,.395, 66896
02/19/2020,03:34,.395,.395,.395,.395, 803
02/19/2020,03:42,.395,.395,.395,.395, 444
02/19/2020,03:44,.395,.395,.395,.395, 5000
02/19/2020,03:46,.395,.4,.395,.4, 3331
02/19/2020,03:49,.395,.395,.395,.395, 350
02/19/2020,03:49,.4,.4,.4,.4, 9590
02/19/2020,03:56,.4,.4,.4,.4, 1034
02/19/2020,03:58,.4,.4,.4,.4, 1280
02/19/2020,04:08,.395,.395,.395,.395, 481
02/19/2020,04:09,.395,.395,.395,.395, 1374
02/19/2020,04:12,.395,.395,.395,.395, 68
02/19/2020,04:15,.395,.395,.395,.395, 542
02/19/2020,04:19,.395,.395,.395,.395, 25
02/19/2020,04:24,.395,.395,.395,.395, 549
02/19/2020,04:27,.395,.395,.395,.395, 965
02/19/2020,04:30,.397,.397,.395,.395, 2889
02/19/2020,04:34,.397,.397,.397,.397, 2921
02/19/2020,04:38,.395,.397,.395,.397, 21988
02/19/2020,04:39,.395,.397,.395,.395, 6395
02/19/2020,04:42,.395,.395,.395,.395, 637
02/19/2020,04:57,.395,.397,.395,.397, 1954
02/19/2020,04:58,.395,.395,.395,.395, 527
02/19/2020,05:05,.395,.395,.395,.395, 438
02/19/2020,05:09,.395,.395,.395,.395, 1886
02/19/2020,05:12,.395,.395,.395,.395, 1289
02/19/2020,05:17,.395,.395,.395,.395, 723
02/19/2020,05:24,.395,.395,.395,.395, 500
02/19/2020,05:27,.395,.397,.395,.397, 4299
02/19/2020,05:29,.395,.395,.395,.395, 414
02/19/2020,05:37,.395,.395,.395,.395, 610
02/19/2020,05:38,.395,.4,.395,.397, 24526
02/19/2020,05:44,.395,.395,.395,.395, 582
02/19/2020,05:47,.395,.395,.395,.395, 924
02/19/2020,05:48,.395,.397,.395,.397, 33543
02/19/2020,05:49,.397,.397,.395,.395, 5572
02/19/2020,05:50,.395,.395,.395,.395, 296
02/19/2020,05:53,.395,.395,.395,.395, 2003
02/19/2020,05:56,.395,.395,.395,.395, 263
02/19/2020,05:57,.395,.395,.392,.392, 29061
02/19/2020,06:01,.392,.395,.392,.395, 822
02/19/2020,06:02,.392,.395,.392,.395, 142
02/19/2020,06:03,.392,.395,.392,.395, 97
02/19/2020,06:04,.395,.395,.392,.392, 48
02/19/2020,06:05,.392,.392,.392,.392, 28
02/19/2020,06:07,.39,.395,.39,.395, 1919
02/19/2020,06:08,.392,.395,.392,.395, 29
02/19/2020,06:12,.39,.392,.39,.392, 182
02/19/2020,06:14,.39,.392,.39,.392, 1222
02/19/2020,06:18,.39,.39,.39,.39, 558
02/19/2020,06:19,.39,.39,.39,.39, 679
02/19/2020,06:20,.39,.395,.39,.39, 115414
02/19/2020,06:31,.39,.39,.39,.39, 11343
02/20/2020,00:25,.395,.395,.395,.395, 1783
02/20/2020,00:31,.395,.395,.395,.395, 4754
02/20/2020,00:31,.395,.395,.395,.395, 528
02/20/2020,00:57,.395,.4,.395,.395, 12527
02/20/2020,01:15,.395,.395,.39,.39, 53926
02/20/2020,01:18,.392,.395,.392,.395, 563
02/20/2020,01:20,.392,.395,.392,.395, 33218
02/20/2020,01:39,.397,.397,.397,.397, 8749
02/20/2020,01:45,.395,.395,.39,.39, 64983
02/20/2020,01:46,.395,.395,.395,.395, 15220
02/20/2020,01:58,.395,.395,.392,.392, 25304
02/20/2020,02:01,.395,.395,.395,.395, 6092
02/20/2020,02:03,.395,.395,.39,.39, 100593
02/20/2020,02:17,.395,.395,.395,.395, 13500
02/20/2020,02:18,.395,.395,.395,.395, 3100
02/20/2020,02:21,.392,.392,.392,.392, 1782
02/20/2020,02:33,.395,.395,.392,.392, 31726
02/20/2020,02:50,.392,.392,.392,.392, 780
02/20/2020,03:13,.395,.395,.392,.392, 16539
02/20/2020,03:14,.395,.395,.395,.395, 2
02/20/2020,03:15,.395,.395,.395,.395, 3
02/20/2020,03:16,.395,.395,.395,.395, 2
02/20/2020,03:17,.395,.395,.395,.395, 2
02/20/2020,03:18,.395,.395,.395,.395, 3
02/20/2020,03:19,.395,.395,.395,.395, 2
02/20/2020,03:20,.395,.395,.395,.395, 2
02/20/2020,03:21,.395,.395,.395,.395, 4
02/20/2020,03:22,.395,.395,.395,.395, 2
02/20/2020,03:23,.395,.395,.395,.395, 2
02/20/2020,03:24,.395,.395,.395,.395, 3
02/20/2020,03:25,.395,.395,.39,.39, 75785
02/20/2020,03:27,.395,.395,.395,.395, 4
02/20/2020,03:29,.395,.395,.395,.395, 15369
02/20/2020,03:31,.395,.395,.395,.395, 12113
02/20/2020,03:32,.395,.395,.395,.395, 4
02/20/2020,03:33,.395,.395,.395,.395, 2
02/20/2020,03:34,.395,.395,.395,.395, 35
02/20/2020,03:35,.395,.395,.395,.395, 8
02/20/2020,03:36,.395,.395,.395,.395, 10
02/20/2020,03:37,.395,.395,.395,.395, 3
02/20/2020,03:38,.395,.395,.395,.395, 3
02/20/2020,03:40,.395,.395,.395,.395, 3
02/20/2020,03:41,.395,.395,.395,.395, 3
02/20/2020,03:43,.395,.395,.395,.395, 3
02/20/2020,03:44,.395,.395,.395,.395, 3
02/20/2020,03:46,.395,.395,.395,.395, 3
02/20/2020,03:47,.395,.395,.395,.395, 3
02/20/2020,03:48,.39,.395,.39,.39, 493331
02/20/2020,04:02,.387,.387,.387,.387, 514
02/20/2020,04:05,.387,.387,.387,.387, 4982
02/20/2020,04:08,.39,.39,.39,.39, 71989
02/20/2020,04:12,.387,.387,.387,.387, 1500
02/20/2020,04:13,.39,.39,.39,.39, 83104
02/20/2020,04:17,.39,.39,.39,.39, 24306
02/20/2020,04:18,.39,.39,.39,.39, 1400
02/20/2020,04:20,.39,.39,.39,.39, 14275
02/20/2020,04:21,.39,.39,.39,.39, 181857
02/20/2020,04:21,.39,.39,.39,.39, 120476
02/20/2020,04:30,.39,.39,.39,.39, 96081
02/20/2020,04:32,.39,.39,.39,.39, 50646
02/20/2020,04:34,.39,.39,.39,.39, 19843
02/20/2020,04:35,.39,.39,.39,.39, 52982
02/20/2020,04:42,.39,.39,.39,.39, 22000
02/20/2020,04:44,.39,.39,.39,.39, 52220
02/20/2020,04:57,.39,.39,.39,.39, 12229
02/20/2020,05:12,.39,.39,.39,.39, 287
02/20/2020,05:13,.39,.39,.39,.39, 24000
02/20/2020,05:14,.39,.39,.39,.39, 31939
02/20/2020,05:30,.39,.39,.39,.39, 78290
02/20/2020,05:31,.39,.39,.39,.39, 19407
02/20/2020,05:33,.39,.39,.39,.39, 7704
02/20/2020,05:35,.39,.39,.39,.39, 18621
02/20/2020,05:35,.39,.39,.39,.39, 14406
02/20/2020,05:37,.39,.39,.39,.39, 10642
02/20/2020,05:47,.395,.395,.395,.395, 49294
02/20/2020,05:56,.39,.39,.39,.39, 142270
02/20/2020,06:01,.39,.39,.39,.39, 15
02/20/2020,06:04,.39,.39,.39,.39, 14
02/20/2020,06:05,.39,.39,.387,.387, 92361
02/20/2020,06:07,.39,.39,.39,.39, 13
02/20/2020,06:08,.39,.39,.39,.39, 14589
02/20/2020,06:09,.39,.39,.385,.385, 474977
02/20/2020,06:10,.387,.387,.387,.387, 9000
02/20/2020,06:13,.387,.387,.385,.385, 115244
02/20/2020,06:14,.385,.385,.385,.385, 14303
02/20/2020,06:15,.385,.385,.385,.385, 11782
02/20/2020,06:16,.385,.385,.385,.385, 14
02/20/2020,06:18,.385,.385,.385,.385, 15
02/20/2020,06:19,.385,.385,.38,.38, 28051
02/20/2020,06:20,.38,.385,.38,.385, 1171
02/20/2020,06:32,.38,.38,.38,.38, 89907
02/21/2020,00:25,.385,.385,.385,.385, 31960
02/21/2020,00:26,.38,.38,.38,.38, 1833
02/21/2020,00:33,.385,.385,.38,.38, 35144
02/21/2020,00:34,.382,.382,.38,.38, 10000
02/21/2020,00:43,.38,.39,.38,.38, 41129
02/21/2020,00:45,.38,.38,.38,.38, 1376
02/21/2020,00:45,.38,.38,.38,.38, 1
02/21/2020,00:49,.385,.385,.38,.38, 29074
02/21/2020,00:57,.382,.382,.38,.38, 632
02/21/2020,00:59,.385,.385,.38,.38, 19166
02/21/2020,01:00,.382,.382,.38,.38, 13171
02/21/2020,01:01,.38,.38,.38,.38, 1992
02/21/2020,01:10,.385,.385,.382,.382, 43
02/21/2020,01:13,.382,.382,.382,.382, 4
02/21/2020,01:19,.38,.38,.375,.38, 128954
02/21/2020,01:21,.38,.38,.38,.38, 4500
02/21/2020,01:22,.38,.38,.38,.38, 11718
02/21/2020,01:25,.38,.38,.38,.38, 5566
02/21/2020,01:36,.38,.382,.38,.382, 1971
02/21/2020,01:50,.382,.382,.382,.382, 8
02/21/2020,01:51,.382,.382,.382,.382, 2
02/21/2020,01:52,.382,.385,.38,.385, 23519
02/21/2020,02:06,.385,.385,.385,.385, 7
02/21/2020,02:12,.385,.385,.385,.385, 7
02/21/2020,02:16,.385,.385,.38,.38, 58
02/21/2020,02:21,.385,.385,.385,.385, 7
02/21/2020,02:22,.382,.382,.38,.38, 417
02/21/2020,02:22,.382,.382,.38,.38, 403
02/21/2020,02:24,.382,.382,.38,.38, 430
02/21/2020,02:25,.385,.385,.38,.38, 2430
02/21/2020,02:27,.382,.382,.38,.38, 1848
02/21/2020,02:27,.382,.382,.38,.38, 1939
02/21/2020,02:33,.382,.39,.382,.385, 56092
02/21/2020,02:34,.385,.39,.38,.38, 75878
02/21/2020,02:39,.385,.385,.38,.38, 26678
02/21/2020,02:41,.385,.385,.385,.385, 12326
02/21/2020,02:41,.385,.385,.38,.385, 4476
02/21/2020,02:48,.385,.385,.38,.38, 10316
02/21/2020,03:02,.385,.385,.385,.385, 7
02/21/2020,03:03,.385,.385,.38,.38, 1752
02/21/2020,03:05,.385,.385,.385,.385, 7
02/21/2020,03:09,.385,.385,.385,.385, 696
02/21/2020,03:10,.385,.387,.385,.387, 29052
02/21/2020,03:13,.387,.387,.387,.387, 3
02/21/2020,03:16,.385,.385,.385,.385, 2217
02/21/2020,03:18,.385,.39,.385,.39, 1754
02/21/2020,03:20,.385,.385,.385,.385, 1580
02/21/2020,03:21,.385,.385,.385,.385, 14
02/21/2020,03:22,.39,.39,.39,.39, 4230
02/21/2020,03:25,.385,.385,.385,.385, 2052
02/21/2020,03:28,.385,.385,.385,.385, 29
02/21/2020,03:30,.385,.387,.385,.387, 8064
02/21/2020,03:36,.385,.385,.385,.385, 182
02/21/2020,03:38,.385,.385,.385,.385, 2584
02/21/2020,03:43,.385,.387,.385,.385, 666
02/21/2020,03:46,.385,.385,.385,.385, 135
02/21/2020,03:49,.385,.385,.385,.385, 140
02/21/2020,03:51,.385,.385,.385,.385, 18
02/21/2020,03:51,.385,.385,.385,.385, 142
02/21/2020,03:52,.387,.387,.387,.387, 3
02/21/2020,03:54,.385,.385,.385,.385, 137
02/21/2020,03:54,.387,.387,.387,.387, 3
02/21/2020,03:57,.385,.385,.385,.385, 137
02/21/2020,03:58,.385,.385,.385,.385, 18
02/21/2020,04:00,.385,.385,.385,.385, 144
02/21/2020,04:01,.387,.387,.387,.387, 3
02/21/2020,04:03,.385,.385,.385,.385, 141
02/21/2020,04:04,.387,.387,.387,.387, 3
02/21/2020,04:05,.387,.39,.385,.387, 6038
02/21/2020,04:06,.387,.387,.385,.387, 319
02/21/2020,04:08,.385,.385,.385,.385, 140
02/21/2020,04:09,.387,.387,.387,.387, 4
02/21/2020,04:10,.387,.387,.385,.385, 451
02/21/2020,04:12,.387,.39,.385,.387, 3076
02/21/2020,04:13,.385,.385,.385,.385, 224
02/21/2020,04:14,.387,.387,.387,.387, 2
02/21/2020,04:15,.387,.387,.385,.385, 464
02/21/2020,04:18,.387,.387,.385,.385, 464
02/21/2020,04:20,.385,.385,.38,.385, 94285
02/21/2020,04:21,.38,.38,.38,.38, 1637
02/21/2020,04:24,.38,.38,.38,.38, 6657
02/21/2020,04:29,.38,.38,.38,.38, 245
02/21/2020,04:30,.38,.38,.38,.38, 1497
02/21/2020,04:32,.38,.385,.38,.385, 2583
02/21/2020,04:34,.38,.38,.38,.38, 2063
02/21/2020,04:36,.38,.38,.38,.38, 2631
02/21/2020,04:40,.38,.38,.38,.38, 5063
02/21/2020,04:43,.38,.38,.38,.38, 124
02/21/2020,04:44,.38,.38,.38,.38, 366
02/21/2020,04:45,.38,.38,.38,.38, 141
02/21/2020,04:51,.38,.38,.38,.38, 310
02/21/2020,04:52,.382,.385,.38,.38, 12061
02/21/2020,04:52,.38,.38,.38,.38, 137
02/21/2020,04:55,.382,.382,.38,.38, 2079
02/21/2020,04:57,.38,.38,.38,.38, 135
02/21/2020,04:58,.382,.385,.38,.38, 3886
02/21/2020,04:59,.38,.38,.38,.38, 757
02/21/2020,05:01,.38,.38,.38,.38, 462
02/21/2020,05:02,.38,.38,.38,.38, 141
02/21/2020,05:05,.38,.38,.38,.38, 141
02/21/2020,05:06,.382,.382,.38,.38, 49
02/21/2020,05:07,.38,.38,.38,.38, 160
02/21/2020,05:10,.38,.38,.38,.38, 137
02/21/2020,05:11,.382,.382,.382,.382, 7
02/21/2020,05:12,.38,.38,.38,.38, 142
02/21/2020,05:12,.382,.382,.382,.382, 3
02/21/2020,05:14,.38,.382,.38,.382, 46
02/21/2020,05:15,.38,.382,.38,.382, 166
02/21/2020,05:16,.382,.382,.382,.382, 3
02/21/2020,05:17,.382,.382,.38,.38, 3290
02/21/2020,05:18,.382,.382,.382,.382, 4
02/21/2020,05:19,.382,.382,.38,.38, 150
02/21/2020,05:20,.382,.382,.382,.382, 8
02/21/2020,05:21,.382,.382,.38,.38, 432
02/21/2020,05:21,.38,.38,.38,.38, 142
02/21/2020,05:23,.382,.382,.382,.382, 3
02/21/2020,05:23,.38,.38,.38,.38, 140
02/21/2020,05:25,.382,.382,.382,.382, 4
02/21/2020,05:26,.38,.382,.38,.382, 141
02/21/2020,05:27,.382,.382,.38,.382, 890
02/21/2020,05:28,.382,.382,.38,.382, 1052
02/21/2020,05:29,.382,.382,.38,.38, 212
02/21/2020,05:30,.38,.382,.38,.38, 1783
02/21/2020,05:30,.38,.38,.38,.38, 808
02/21/2020,05:32,.38,.38,.38,.38, 906
02/21/2020,05:33,.382,.382,.38,.38, 140
02/21/2020,05:34,.382,.382,.382,.382, 4
02/21/2020,05:35,.38,.38,.38,.38, 866
02/21/2020,05:36,.38,.38,.38,.38, 480
02/21/2020,05:37,.382,.382,.38,.38, 816
02/21/2020,05:39,.38,.382,.38,.382, 143
02/21/2020,05:40,.38,.382,.38,.38, 1333
02/21/2020,05:41,.382,.382,.38,.38, 6823
02/21/2020,05:42,.38,.38,.38,.38, 144
02/21/2020,05:44,.38,.38,.38,.38, 1345
02/21/2020,05:45,.38,.38,.38,.38, 144
02/21/2020,05:47,.382,.382,.38,.38, 146
02/21/2020,05:49,.38,.382,.38,.38, 612
02/21/2020,05:50,.38,.382,.38,.382, 3764
02/21/2020,05:51,.38,.382,.38,.382, 88
02/21/2020,05:51,.38,.382,.38,.382, 198
02/21/2020,05:53,.382,.382,.38,.382, 174
02/21/2020,05:53,.382,.382,.382,.382, 3
02/21/2020,05:55,.38,.382,.38,.382, 173
02/21/2020,05:56,.382,.382,.38,.38, 160
02/21/2020,05:57,.382,.382,.382,.382, 7
02/21/2020,05:58,.38,.382,.38,.38, 539
02/21/2020,05:59,.382,.382,.38,.38, 2092
02/21/2020,06:00,.38,.382,.377,.382, 233496
02/21/2020,06:02,.382,.382,.382,.382, 1589
02/21/2020,06:03,.382,.382,.382,.382, 39
02/21/2020,06:04,.382,.382,.38,.382, 13497
02/21/2020,06:05,.382,.382,.382,.382, 20
02/21/2020,06:06,.38,.382,.38,.38, 6512
02/21/2020,06:08,.382,.382,.382,.382, 4
02/21/2020,06:09,.382,.382,.38,.382, 496
02/21/2020,06:10,.382,.382,.38,.382, 1021
02/21/2020,06:11,.382,.382,.38,.382, 502
02/21/2020,06:12,.382,.382,.38,.382, 982
02/21/2020,06:13,.382,.382,.382,.382, 5
02/21/2020,06:14,.38,.382,.38,.382, 2325
02/21/2020,06:15,.382,.382,.38,.382, 409
02/21/2020,06:16,.382,.382,.38,.38, 933
02/21/2020,06:17,.382,.382,.38,.38, 761
02/21/2020,06:18,.38,.382,.38,.38, 2472
02/21/2020,06:19,.382,.385,.38,.385, 88151
02/21/2020,06:20,.385,.385,.385,.385, 17
02/21/2020,06:20,.38,.385,.38,.385, 1587
02/21/2020,06:31,.38,.38,.38,.38, 36216
02/24/2020,00:25,.395,.395,.395,.395, 49998
02/24/2020,00:27,.385,.385,.385,.385, 12366
02/24/2020,00:29,.387,.39,.387,.39, 17251
02/24/2020,00:29,.387,.39,.387,.39, 8436
02/24/2020,00:35,.385,.385,.385,.385, 11419
02/24/2020,00:36,.385,.385,.385,.385, 6129
02/24/2020,00:37,.385,.385,.385,.385, 298
02/24/2020,00:49,.385,.385,.385,.385, 28278
02/24/2020,01:00,.385,.385,.385,.385, 4010
02/24/2020,01:01,.385,.385,.385,.385, 5177
02/24/2020,01:02,.39,.39,.39,.39, 1028
02/24/2020,01:11,.387,.39,.387,.39, 2581
02/24/2020,01:16,.387,.39,.387,.39, 10256
02/24/2020,01:18,.387,.39,.387,.39, 7272
02/24/2020,01:25,.387,.39,.387,.39, 13515
02/24/2020,01:26,.39,.39,.385,.385, 11424
02/24/2020,01:37,.39,.39,.39,.39, 555
02/24/2020,01:44,.385,.385,.385,.385, 23835
02/24/2020,01:49,.385,.385,.385,.385, 873
02/24/2020,01:51,.385,.385,.385,.385, 7482
02/24/2020,01:51,.385,.385,.385,.385, 9808
02/24/2020,02:01,.385,.385,.385,.385, 483
02/24/2020,02:21,.385,.385,.385,.385, 632
02/24/2020,02:26,.385,.385,.385,.385, 1512
02/24/2020,02:32,.38,.38,.38,.38, 5440
02/24/2020,02:50,.38,.38,.38,.38, 22019
02/24/2020,02:55,.38,.38,.38,.38, 1336
02/24/2020,03:02,.38,.38,.38,.38, 9993
02/24/2020,03:03,.38,.38,.38,.38, 15582
02/24/2020,03:06,.38,.38,.377,.377, 3441
02/24/2020,03:12,.375,.375,.375,.375, 1314
02/24/2020,03:14,.38,.38,.38,.38, 1705
02/24/2020,03:15,.38,.38,.38,.38, 1548
02/24/2020,03:19,.38,.38,.38,.38, 13
02/24/2020,03:22,.38,.38,.38,.38, 14
02/24/2020,03:22,.375,.375,.375,.375, 10393
02/24/2020,03:26,.38,.38,.38,.38, 7946
02/24/2020,03:34,.375,.375,.375,.375, 1957
02/24/2020,03:42,.38,.38,.38,.38, 27349
02/24/2020,03:47,.38,.38,.38,.38, 190
02/24/2020,03:49,.38,.38,.38,.38, 208
02/24/2020,03:50,.38,.38,.38,.38, 189
02/24/2020,03:52,.377,.377,.377,.377, 1215
02/24/2020,03:57,.377,.377,.375,.375, 1058
02/24/2020,04:00,.375,.375,.375,.375, 1995
02/24/2020,04:04,.38,.38,.38,.38, 13215
02/24/2020,04:07,.38,.38,.38,.38, 13
02/24/2020,04:09,.38,.38,.38,.38, 186
02/24/2020,04:10,.38,.38,.38,.38, 18
02/24/2020,04:11,.375,.375,.375,.375, 204912
02/24/2020,04:12,.37,.37,.37,.37, 10000
02/24/2020,04:13,.37,.37,.37,.37, 1456
02/24/2020,04:19,.375,.375,.375,.375, 7806
02/24/2020,04:20,.37,.37,.37,.37, 1549
02/24/2020,04:27,.37,.37,.37,.37, 2299
02/24/2020,04:28,.373,.373,.373,.373, 2439
02/24/2020,04:29,.375,.375,.375,.375, 466
02/24/2020,04:32,.375,.375,.37,.37, 13109
02/24/2020,04:35,.373,.373,.37,.37, 15000
02/24/2020,04:36,.37,.37,.37,.37, 1655
02/24/2020,04:42,.375,.375,.375,.375, 12959
02/24/2020,04:43,.373,.373,.37,.37, 2484
02/24/2020,04:45,.373,.373,.37,.37, 2500
02/24/2020,04:47,.375,.375,.375,.375, 3098
02/24/2020,04:50,.37,.37,.37,.37, 1887
02/24/2020,04:53,.37,.37,.37,.37, 11300
02/24/2020,04:59,.37,.37,.37,.37, 1380
02/24/2020,05:02,.375,.375,.375,.375, 3905
02/24/2020,05:05,.37,.373,.37,.373, 1371
02/24/2020,05:09,.375,.375,.375,.375, 187
02/24/2020,05:10,.375,.375,.37,.373, 1811
02/24/2020,05:15,.373,.373,.37,.37, 809
02/24/2020,05:18,.37,.37,.37,.37, 1496
02/24/2020,05:19,.375,.375,.375,.375, 3254
02/24/2020,05:20,.375,.375,.375,.375, 190
02/24/2020,05:21,.375,.375,.373,.373, 190
02/24/2020,05:23,.375,.375,.373,.373, 188
02/24/2020,05:24,.37,.373,.37,.373, 1335
02/24/2020,05:26,.375,.375,.375,.375, 389
02/24/2020,05:27,.375,.375,.375,.375, 198
02/24/2020,05:28,.375,.375,.375,.375, 193
02/24/2020,05:29,.375,.375,.37,.37, 4285
02/24/2020,05:30,.373,.373,.37,.37, 906
02/24/2020,05:36,.37,.37,.37,.37, 2188
02/24/2020,05:38,.375,.375,.375,.375, 26623
02/24/2020,05:40,.375,.375,.375,.375, 22567
02/24/2020,05:42,.375,.375,.375,.375, 17
02/24/2020,05:45,.375,.375,.375,.375, 185
02/24/2020,05:47,.375,.375,.375,.375, 186
02/24/2020,05:49,.375,.375,.375,.375, 211
02/24/2020,05:51,.375,.375,.375,.375, 212
02/24/2020,05:52,.375,.375,.375,.375, 239
02/24/2020,05:53,.373,.375,.373,.375, 955
02/24/2020,05:54,.375,.375,.375,.375, 42
02/24/2020,05:55,.375,.375,.373,.373, 681
02/24/2020,05:57,.373,.373,.37,.37, 713
02/24/2020,06:02,.375,.375,.375,.375, 640
02/24/2020,06:03,.37,.375,.37,.375, 1895
02/24/2020,06:04,.375,.375,.375,.375, 472
02/24/2020,06:05,.375,.375,.375,.375, 35
02/24/2020,06:06,.375,.375,.37,.375, 2943
02/24/2020,06:07,.375,.375,.375,.375, 255
02/24/2020,06:08,.375,.375,.373,.373, 1078
02/24/2020,06:09,.375,.375,.375,.375, 2000
02/24/2020,06:10,.375,.375,.37,.373, 2008
02/24/2020,06:11,.375,.375,.37,.373, 2355
02/24/2020,06:14,.373,.373,.37,.37, 604
02/24/2020,06:15,.37,.373,.37,.373, 2046
02/24/2020,06:17,.375,.375,.373,.373, 499
02/24/2020,06:18,.37,.375,.37,.375, 2604
02/24/2020,06:19,.375,.375,.37,.37, 888
02/24/2020,06:20,.37,.375,.37,.37, 4092
02/24/2020,06:31,.375,.375,.375,.375, 60961
02/25/2020,00:25,.375,.375,.375,.375, 47000
02/25/2020,00:26,.37,.37,.37,.37, 160272
02/25/2020,00:27,.367,.367,.365,.365, 13230
02/25/2020,00:30,.365,.365,.365,.365, 77193
02/25/2020,00:31,.362,.365,.362,.365, 6125
02/25/2020,00:37,.36,.36,.36,.36, 892
02/25/2020,00:40,.365,.365,.365,.365, 62401
02/25/2020,00:46,.365,.365,.365,.365, 6520
02/25/2020,00:47,.365,.365,.365,.365, 5923
02/25/2020,00:48,.365,.365,.365,.365, 19372
02/25/2020,00:49,.365,.365,.365,.365, 49
02/25/2020,00:49,.37,.37,.37,.37, 47015
02/25/2020,00:52,.367,.367,.367,.367, 1000
02/25/2020,01:08,.37,.37,.37,.37, 17066
02/25/2020,01:30,.375,.375,.375,.375, 29973
02/25/2020,01:31,.38,.38,.38,.38, 2015
02/25/2020,01:41,.375,.375,.375,.375, 27567
02/25/2020,01:41,.375,.375,.375,.375, 8622
02/25/2020,01:43,.375,.375,.375,.375, 1641
02/25/2020,01:56,.375,.375,.375,.375, 2000
02/25/2020,01:59,.375,.375,.375,.375, 4500
02/25/2020,02:21,.37,.37,.37,.37, 2497
02/25/2020,02:29,.37,.37,.37,.37, 30416
02/25/2020,02:30,.37,.37,.37,.37, 24235
02/25/2020,02:33,.37,.37,.37,.37, 7612
02/25/2020,03:19,.37,.37,.37,.37, 270
02/25/2020,03:34,.37,.37,.37,.37, 1
02/25/2020,03:40,.37,.373,.37,.373, 4887
02/25/2020,03:41,.373,.373,.37,.37, 912
02/25/2020,03:42,.373,.373,.37,.37, 604
02/25/2020,03:44,.373,.373,.373,.373, 349
02/25/2020,03:45,.373,.373,.373,.373, 9
02/25/2020,03:46,.373,.373,.373,.373, 187
02/25/2020,03:47,.373,.373,.373,.373, 188
02/25/2020,03:48,.373,.373,.373,.373, 9
02/25/2020,03:49,.373,.373,.373,.373, 358
02/25/2020,03:50,.373,.373,.373,.373, 9
02/25/2020,03:51,.373,.373,.373,.373, 19
02/25/2020,03:55,.375,.377,.375,.377, 80355
02/25/2020,04:03,.377,.377,.375,.375, 401
02/25/2020,04:07,.377,.377,.375,.375, 314859
02/25/2020,04:10,.375,.375,.375,.375, 481
02/25/2020,04:15,.375,.375,.375,.375, 15000
02/25/2020,04:23,.373,.373,.373,.373, 1
02/25/2020,04:30,.375,.375,.375,.375, 17
02/25/2020,04:35,.373,.373,.373,.373, 1219
02/25/2020,04:36,.37,.37,.37,.37, 255
02/25/2020,04:38,.373,.373,.373,.373, 8
02/25/2020,04:39,.373,.373,.373,.373, 1
02/25/2020,04:40,.375,.375,.375,.375, 1399
02/25/2020,04:41,.375,.375,.375,.375, 17
02/25/2020,04:44,.375,.375,.375,.375, 1348
02/25/2020,04:45,.375,.375,.373,.373, 18
02/25/2020,04:46,.37,.37,.37,.37, 4878
02/25/2020,04:47,.373,.373,.373,.373, 481
02/25/2020,04:48,.373,.373,.373,.373, 206
02/25/2020,04:53,.373,.373,.37,.37, 309
02/25/2020,04:55,.373,.375,.373,.375, 8694
02/25/2020,05:00,.375,.375,.375,.375, 1373
02/25/2020,05:02,.375,.375,.375,.375, 1441
02/25/2020,05:04,.373,.375,.37,.375, 231885
02/25/2020,05:05,.373,.373,.373,.373, 1
02/25/2020,05:08,.373,.373,.373,.373, 28
02/25/2020,05:14,.373,.373,.373,.373, 1646
02/25/2020,05:15,.373,.373,.37,.37, 1112
02/25/2020,05:16,.373,.373,.373,.373, 369
02/25/2020,05:17,.373,.373,.373,.373, 379
02/25/2020,05:18,.373,.373,.373,.373, 1
02/25/2020,05:20,.373,.373,.373,.373, 1
02/25/2020,05:21,.375,.375,.375,.375, 17
02/25/2020,05:24,.375,.375,.375,.375, 17
02/25/2020,05:24,.373,.373,.373,.373, 1
02/25/2020,05:26,.375,.375,.375,.375, 2211
02/25/2020,05:27,.375,.375,.375,.375, 17
02/25/2020,05:28,.375,.375,.373,.373, 19
02/25/2020,05:29,.375,.375,.375,.375, 34
02/25/2020,05:30,.375,.375,.373,.373, 18
02/25/2020,05:31,.375,.375,.375,.375, 17
02/25/2020,05:32,.375,.375,.375,.375, 17
02/25/2020,05:34,.373,.375,.373,.375, 18
02/25/2020,05:36,.375,.375,.373,.373, 648
02/25/2020,05:38,.373,.373,.373,.373, 1211
02/25/2020,05:39,.375,.375,.375,.375, 1119
02/25/2020,05:41,.375,.375,.375,.375, 1413
02/25/2020,05:44,.373,.373,.37,.37, 374715
02/25/2020,05:45,.37,.37,.37,.37, 9894
02/25/2020,05:48,.37,.37,.37,.37, 16182
02/25/2020,05:52,.367,.367,.367,.367, 1
02/25/2020,05:53,.367,.367,.365,.365, 191
02/25/2020,05:55,.367,.367,.367,.367, 1
02/25/2020,05:56,.367,.367,.367,.367, 58
02/25/2020,05:57,.367,.367,.367,.367, 208
02/25/2020,05:58,.367,.367,.367,.367, 30
02/25/2020,05:59,.367,.367,.367,.367, 176
02/25/2020,06:00,.367,.367,.367,.367, 429
02/25/2020,06:01,.367,.37,.367,.367, 212
02/25/2020,06:02,.367,.37,.367,.37, 208
02/25/2020,06:03,.365,.37,.365,.37, 2503
02/25/2020,06:04,.37,.37,.365,.37, 30072
02/25/2020,06:05,.37,.37,.37,.37, 33
02/25/2020,06:06,.367,.367,.367,.367, 1
02/25/2020,06:08,.367,.367,.365,.367, 2417
02/25/2020,06:09,.367,.367,.367,.367, 19
02/25/2020,06:10,.367,.367,.367,.367, 24
02/25/2020,06:11,.367,.37,.367,.367, 72195
02/25/2020,06:12,.367,.367,.365,.367, 5161
02/25/2020,06:13,.365,.37,.365,.365, 14974
02/25/2020,06:14,.365,.367,.365,.365, 631
02/25/2020,06:15,.365,.37,.365,.365, 1592
02/25/2020,06:16,.365,.37,.365,.37, 2546
02/25/2020,06:17,.37,.37,.365,.37, 8047
02/25/2020,06:18,.37,.37,.367,.367, 5410
02/25/2020,06:19,.367,.37,.365,.367, 4078
02/25/2020,06:20,.365,.37,.365,.37, 15861
02/25/2020,06:20,.37,.37,.37,.37, 124
02/25/2020,06:31,.365,.365,.365,.365, 58980
02/26/2020,00:25,.36,.36,.36,.36, 40822
02/26/2020,00:27,.36,.362,.36,.362, 21978
02/26/2020,00:28,.365,.365,.365,.365, 9146
02/26/2020,00:30,.36,.362,.36,.36, 15872
02/26/2020,00:33,.36,.36,.36,.36, 223351
02/26/2020,00:35,.36,.36,.357,.36, 27005
02/26/2020,00:39,.36,.36,.36,.36, 19375
02/26/2020,00:53,.365,.367,.365,.365, 49370
02/26/2020,00:54,.365,.365,.36,.36, 188691
02/26/2020,01:05,.365,.365,.365,.365, 17132
02/26/2020,01:08,.362,.362,.362,.362, 2
02/26/2020,01:10,.362,.362,.362,.362, 2
02/26/2020,01:14,.362,.362,.362,.362, 9
02/26/2020,01:15,.362,.362,.362,.362, 1
02/26/2020,01:16,.362,.362,.362,.362, 1
02/26/2020,01:17,.362,.362,.362,.362, 1
02/26/2020,01:18,.362,.365,.362,.365, 5101
02/26/2020,01:19,.362,.362,.362,.362, 1
02/26/2020,01:22,.362,.362,.362,.362, 2
02/26/2020,01:24,.362,.362,.362,.362, 1
02/26/2020,01:31,.362,.362,.362,.362, 1
02/26/2020,01:34,.362,.362,.362,.362, 1
02/26/2020,01:38,.362,.362,.362,.362, 1
02/26/2020,01:45,.362,.362,.36,.36, 128
02/26/2020,01:47,.36,.365,.36,.365, 1628
02/26/2020,01:48,.36,.36,.36,.36, 20000
02/26/2020,01:52,.36,.36,.36,.36, 195
02/26/2020,01:54,.36,.36,.36,.36, 15
02/26/2020,01:57,.36,.362,.36,.362, 34056
02/26/2020,02:00,.362,.362,.362,.362, 3
02/26/2020,02:02,.362,.362,.362,.362, 1
02/26/2020,02:04,.362,.362,.36,.36, 6387
02/26/2020,02:05,.36,.36,.357,.357, 154841
02/26/2020,02:14,.357,.357,.357,.357, 1
02/26/2020,02:16,.357,.357,.357,.357, 840
02/26/2020,02:19,.357,.357,.357,.357, 1
02/26/2020,02:24,.357,.357,.357,.357, 1
02/26/2020,02:27,.357,.357,.357,.357, 1
02/26/2020,02:28,.357,.357,.357,.357, 1
02/26/2020,02:29,.355,.355,.352,.352, 470123
02/26/2020,02:33,.35,.35,.347,.347, 560451
02/26/2020,02:35,.347,.347,.347,.347, 782
02/26/2020,02:39,.347,.347,.347,.347, 700
02/26/2020,02:43,.347,.35,.347,.35, 38587
02/26/2020,02:44,.35,.35,.35,.35, 23643
02/26/2020,02:45,.35,.35,.35,.35, 16115
02/26/2020,02:52,.355,.355,.35,.35, 69000
02/26/2020,02:54,.35,.35,.35,.35, 3755
02/26/2020,02:59,.35,.35,.35,.35, 1688
02/26/2020,03:03,.352,.352,.352,.352, 433
02/26/2020,03:05,.352,.352,.352,.352, 598
02/26/2020,03:06,.352,.355,.352,.355, 8339
02/26/2020,03:10,.355,.355,.355,.355, 252347
02/26/2020,03:15,.352,.352,.352,.352, 487
02/26/2020,03:19,.355,.355,.355,.355, 14000
02/26/2020,03:22,.352,.352,.352,.352, 13119
02/26/2020,03:25,.352,.352,.352,.352, 609
02/26/2020,03:30,.352,.352,.352,.352, 4074
02/26/2020,03:34,.355,.355,.355,.355, 1614
02/26/2020,03:38,.355,.355,.355,.355, 80
02/26/2020,03:39,.355,.355,.352,.355, 266
02/26/2020,03:41,.355,.355,.355,.355, 82268
02/26/2020,03:42,.355,.355,.355,.355, 85
02/26/2020,03:43,.355,.357,.355,.357, 14986
02/26/2020,03:43,.357,.357,.355,.355, 1078
02/26/2020,03:45,.355,.36,.35,.355, 49709
02/26/2020,03:51,.35,.355,.35,.35, 10561
02/26/2020,03:51,.355,.355,.352,.352, 713
02/26/2020,03:53,.352,.352,.352,.352, 2000
02/26/2020,04:01,.352,.355,.352,.355, 10333
02/26/2020,04:02,.352,.355,.352,.355, 20810
02/26/2020,04:03,.355,.355,.355,.355, 13
02/26/2020,04:04,.355,.355,.355,.355, 12
02/26/2020,04:05,.355,.355,.355,.355, 82
02/26/2020,04:06,.355,.355,.355,.355, 13
02/26/2020,04:07,.355,.355,.355,.355, 14
02/26/2020,04:08,.355,.355,.355,.355, 14
02/26/2020,04:09,.355,.355,.355,.355, 13
02/26/2020,04:10,.355,.355,.355,.355, 14
02/26/2020,04:11,.355,.355,.355,.355, 14
02/26/2020,04:12,.355,.355,.355,.355, 71
02/26/2020,04:13,.355,.355,.355,.355, 15
02/26/2020,04:14,.355,.355,.355,.355, 13
02/26/2020,04:15,.355,.355,.355,.355, 12422
02/26/2020,04:16,.355,.355,.355,.355, 4365
02/26/2020,04:17,.355,.355,.355,.355, 2737
02/26/2020,04:19,.36,.36,.36,.36, 23753
02/26/2020,04:23,.36,.36,.36,.36, 179
02/26/2020,04:26,.36,.36,.36,.36, 177
02/26/2020,04:30,.357,.357,.355,.355, 1586
02/26/2020,04:34,.36,.36,.357,.357, 11123
02/26/2020,04:39,.36,.36,.36,.36, 151
02/26/2020,04:40,.36,.36,.355,.355, 3264
02/26/2020,04:42,.357,.357,.357,.357, 339
02/26/2020,04:46,.357,.357,.357,.357, 265
02/26/2020,04:47,.357,.357,.357,.357, 37
02/26/2020,04:48,.357,.357,.357,.357, 128
02/26/2020,04:49,.357,.357,.357,.357, 111
02/26/2020,04:49,.355,.355,.355,.355, 133442
02/26/2020,04:52,.355,.355,.355,.355, 736
02/26/2020,05:11,.355,.355,.355,.355, 127
02/26/2020,05:14,.355,.355,.355,.355, 206
02/26/2020,05:15,.355,.355,.355,.355, 83
02/26/2020,05:18,.352,.352,.352,.352, 825
02/26/2020,05:19,.352,.355,.352,.355, 540
02/26/2020,05:20,.352,.352,.352,.352, 871
02/26/2020,05:21,.352,.355,.352,.355, 584
02/26/2020,05:22,.352,.352,.352,.352, 404
02/26/2020,05:22,.352,.352,.352,.352, 466
02/26/2020,05:23,.355,.355,.352,.352, 1388
02/26/2020,05:25,.352,.355,.352,.355, 482
02/26/2020,05:26,.352,.352,.352,.352, 972
02/26/2020,05:27,.352,.352,.352,.352, 542
02/26/2020,05:28,.352,.355,.352,.352, 1041
02/26/2020,05:29,.352,.352,.352,.352, 18074
02/26/2020,05:30,.352,.352,.352,.352, 150
02/26/2020,05:31,.352,.352,.352,.352, 998
02/26/2020,05:33,.352,.352,.352,.352, 6800
02/26/2020,05:34,.352,.352,.352,.352, 622
02/26/2020,05:34,.352,.352,.352,.352, 346
02/26/2020,05:38,.355,.355,.355,.355, 137
02/26/2020,05:39,.352,.352,.352,.352, 578
02/26/2020,05:41,.352,.355,.352,.355, 841
02/26/2020,05:45,.352,.355,.352,.355, 734
02/26/2020,05:48,.355,.355,.352,.352, 45333
02/26/2020,05:49,.355,.355,.35,.352, 37074
02/26/2020,05:50,.352,.352,.352,.352, 114
02/26/2020,05:51,.352,.352,.352,.352, 169
02/26/2020,05:52,.352,.352,.352,.352, 201
02/26/2020,05:53,.352,.352,.352,.352, 42
02/26/2020,05:54,.352,.352,.35,.352, 248
02/26/2020,05:55,.352,.352,.352,.352, 170
02/26/2020,05:56,.352,.352,.352,.352, 262
02/26/2020,05:57,.352,.352,.35,.352, 504
02/26/2020,05:58,.352,.352,.352,.352, 242
02/26/2020,05:59,.352,.352,.352,.352, 489
02/26/2020,06:00,.352,.352,.35,.35, 1446
02/26/2020,06:01,.352,.352,.35,.352, 791
02/26/2020,06:02,.352,.352,.35,.352, 268
02/26/2020,06:03,.352,.355,.35,.35, 8776
02/26/2020,06:04,.352,.352,.352,.352, 184
02/26/2020,06:05,.352,.352,.35,.352, 2254
02/26/2020,06:06,.352,.352,.35,.352, 306
02/26/2020,06:07,.352,.352,.352,.352, 234
02/26/2020,06:08,.352,.352,.35,.352, 1011
02/26/2020,06:09,.352,.352,.35,.352, 1351
02/26/2020,06:10,.35,.352,.35,.352, 63603
02/26/2020,06:11,.35,.352,.35,.352, 658
02/26/2020,06:12,.35,.352,.35,.352, 502
02/26/2020,06:13,.352,.352,.35,.352, 10456
02/26/2020,06:14,.352,.352,.352,.352, 77
02/26/2020,06:15,.35,.352,.35,.352, 1990
02/26/2020,06:16,.352,.352,.352,.352, 773
02/26/2020,06:17,.35,.352,.35,.352, 719
02/26/2020,06:18,.352,.352,.35,.35, 2952
02/26/2020,06:19,.352,.355,.35,.355, 30837
02/26/2020,06:20,.355,.355,.35,.35, 5231
02/26/2020,06:20,.355,.355,.355,.355, 316
02/26/2020,06:31,.345,.345,.345,.345, 951363

