02/03/2020,00:27,2.22,2.22,2.22,2.22, 6766
02/03/2020,00:36,2.22,2.22,2.22,2.22, 1400
02/03/2020,00:39,2.21,2.21,2.21,2.21, 989
02/03/2020,00:42,2.2,2.2,2.2,2.2, 7500
02/03/2020,00:45,2.2,2.2,2.2,2.2, 6358
02/03/2020,01:06,2.2,2.2,2.2,2.2, 1752
02/03/2020,01:17,2.2,2.2,2.2,2.2, 917
02/03/2020,01:28,2.2,2.2,2.2,2.2, 1647
02/03/2020,01:31,2.2,2.2,2.2,2.2, 912
02/03/2020,01:44,2.2,2.2,2.2,2.2, 1346
02/03/2020,01:50,2.2,2.2,2.2,2.2, 1346
02/03/2020,02:23,2.195,2.195,2.195,2.195, 41
02/03/2020,02:27,2.19,2.19,2.19,2.19, 1372
02/03/2020,03:03,2.17,2.17,2.17,2.17, 2387
02/03/2020,03:21,2.15,2.15,2.15,2.15, 3092
02/03/2020,03:35,2.165,2.165,2.165,2.165, 198
02/03/2020,03:36,2.165,2.165,2.165,2.165, 61
02/03/2020,03:58,2.165,2.165,2.165,2.165, 54
02/03/2020,04:17,2.165,2.165,2.165,2.165, 60
02/03/2020,04:24,2.17,2.17,2.17,2.17, 301
02/03/2020,04:36,2.17,2.17,2.17,2.17, 500
02/03/2020,04:44,2.18,2.18,2.18,2.18, 1335
02/03/2020,04:49,2.18,2.18,2.18,2.18, 673
02/03/2020,05:15,2.175,2.19,2.175,2.19, 5056
02/03/2020,05:25,2.18,2.19,2.18,2.19, 11296
02/03/2020,05:26,2.19,2.19,2.175,2.18, 5428
02/03/2020,05:32,2.175,2.18,2.175,2.18, 92314
02/03/2020,05:33,2.17,2.17,2.17,2.17, 9908
02/03/2020,05:43,2.16,2.16,2.16,2.16, 1370
02/03/2020,05:47,2.155,2.16,2.155,2.16, 6445
02/03/2020,05:53,2.16,2.16,2.16,2.16, 2320
02/03/2020,06:02,2.16,2.16,2.16,2.16, 47
02/03/2020,06:16,2.17,2.17,2.17,2.17, 1428
02/03/2020,06:19,2.18,2.2,2.18,2.2, 13442
02/03/2020,06:31,2.2,2.2,2.2,2.2, 1584
02/04/2020,00:27,2.23,2.23,2.23,2.23, 472
02/04/2020,00:28,2.23,2.23,2.23,2.23, 1683
02/04/2020,00:33,2.22,2.22,2.22,2.22, 5000
02/04/2020,00:48,2.22,2.22,2.22,2.22, 2255
02/04/2020,01:12,2.22,2.22,2.22,2.22, 500
02/04/2020,01:33,2.22,2.22,2.22,2.22, 474
02/04/2020,01:45,2.22,2.23,2.22,2.23, 4000
02/04/2020,02:04,2.22,2.22,2.22,2.22, 1000
02/04/2020,02:09,2.2,2.2,2.2,2.2, 5000
02/04/2020,02:28,2.2,2.2,2.19,2.19, 7500
02/04/2020,02:53,2.22,2.22,2.22,2.22, 225
02/04/2020,02:56,2.2,2.2,2.2,2.2, 900
02/04/2020,03:59,2.19,2.19,2.19,2.19, 113
02/04/2020,04:32,2.21,2.21,2.21,2.21, 253
02/04/2020,04:42,2.19,2.19,2.18,2.18, 2400
02/04/2020,04:48,2.18,2.18,2.18,2.18, 3000
02/04/2020,05:18,2.21,2.21,2.21,2.21, 880
02/04/2020,05:27,2.19,2.19,2.19,2.19, 500
02/04/2020,05:45,2.19,2.19,2.19,2.19, 1100
02/04/2020,05:55,2.19,2.19,2.19,2.19, 5000
02/04/2020,06:31,2.22,2.22,2.22,2.22, 25
02/05/2020,00:28,2.21,2.22,2.21,2.22, 8611
02/05/2020,00:28,2.22,2.23,2.22,2.23, 3139
02/05/2020,00:29,2.23,2.23,2.23,2.23, 2741
02/05/2020,00:31,2.23,2.23,2.23,2.23, 11657
02/05/2020,00:40,2.24,2.24,2.24,2.24, 12244
02/05/2020,00:40,2.24,2.24,2.24,2.24, 2000
02/05/2020,00:42,2.23,2.23,2.23,2.23, 2430
02/05/2020,00:43,2.23,2.23,2.23,2.23, 5408
02/05/2020,00:45,2.24,2.24,2.23,2.23, 10000
02/05/2020,01:03,2.23,2.23,2.23,2.23, 2000
02/05/2020,01:26,2.24,2.24,2.24,2.24, 6000
02/05/2020,01:29,2.24,2.24,2.24,2.24, 1160
02/05/2020,01:31,2.24,2.24,2.23,2.23, 510
02/05/2020,02:11,2.24,2.24,2.24,2.24, 9212
02/05/2020,02:23,2.28,2.28,2.27,2.27, 4192
02/05/2020,02:23,2.26,2.26,2.26,2.26, 2369
02/05/2020,02:33,2.27,2.27,2.27,2.27, 358
02/05/2020,02:34,2.28,2.28,2.28,2.28, 12040
02/05/2020,03:00,2.27,2.27,2.27,2.27, 32
02/05/2020,03:12,2.29,2.29,2.29,2.29, 2000
02/05/2020,03:20,2.3,2.3,2.3,2.3, 4347
02/05/2020,03:23,2.29,2.29,2.27,2.27, 8647
02/05/2020,03:26,2.26,2.26,2.26,2.26, 5367
02/05/2020,03:29,2.26,2.26,2.26,2.26, 10634
02/05/2020,03:32,2.25,2.25,2.25,2.25, 6217
02/05/2020,03:44,2.25,2.25,2.25,2.25, 500
02/05/2020,03:47,2.25,2.25,2.25,2.25, 1250
02/05/2020,04:01,2.25,2.25,2.25,2.25, 888
02/05/2020,04:14,2.26,2.26,2.26,2.26, 3314
02/05/2020,04:15,2.3,2.3,2.3,2.3, 2500
02/05/2020,04:17,2.3,2.35,2.3,2.3, 104335
02/05/2020,04:18,2.29,2.29,2.29,2.29, 2500
02/05/2020,04:19,2.3,2.3,2.28,2.28, 3900
02/05/2020,04:20,2.3,2.3,2.3,2.3, 500
02/05/2020,04:21,2.3,2.3,2.295,2.295, 1080
02/05/2020,04:22,2.28,2.28,2.26,2.26, 9843
02/05/2020,04:22,2.26,2.26,2.26,2.26, 550
02/05/2020,04:24,2.26,2.26,2.19,2.19, 27540
02/05/2020,04:25,2.22,2.25,2.22,2.25, 2000
02/05/2020,04:27,2.26,2.26,2.26,2.26, 633
02/05/2020,04:31,2.25,2.25,2.25,2.25, 900
02/05/2020,04:33,2.25,2.25,2.25,2.25, 100
02/05/2020,04:33,2.24,2.24,2.24,2.24, 120
02/05/2020,04:39,2.25,2.25,2.24,2.25, 11640
02/05/2020,04:41,2.25,2.25,2.25,2.25, 223
02/05/2020,04:43,2.25,2.27,2.25,2.27, 3707
02/05/2020,04:43,2.28,2.28,2.28,2.28, 238
02/05/2020,04:45,2.275,2.28,2.275,2.28, 2000
02/05/2020,04:48,2.27,2.28,2.26,2.26, 2689
02/05/2020,04:48,2.27,2.27,2.27,2.27, 5000
02/05/2020,05:05,2.28,2.28,2.28,2.28, 1000
02/05/2020,05:07,2.28,2.28,2.28,2.28, 220
02/05/2020,05:07,2.28,2.3,2.28,2.3, 862
02/05/2020,05:09,2.29,2.29,2.29,2.29, 500
02/05/2020,05:12,2.29,2.29,2.29,2.29, 1500
02/05/2020,05:13,2.3,2.3,2.3,2.3, 5000
02/05/2020,05:25,2.29,2.29,2.29,2.29, 4586
02/05/2020,05:31,2.29,2.3,2.29,2.3, 2480
02/05/2020,05:33,2.3,2.3,2.3,2.3, 3816
02/05/2020,05:35,2.3,2.3,2.3,2.3, 91
02/05/2020,05:37,2.3,2.3,2.3,2.3, 512
02/05/2020,05:43,2.3,2.3,2.3,2.3, 115
02/05/2020,05:47,2.3,2.3,2.3,2.3, 10544
02/05/2020,05:48,2.3,2.3,2.3,2.3, 109
02/05/2020,05:48,2.3,2.33,2.3,2.33, 12575
02/05/2020,05:52,2.32,2.34,2.32,2.34, 8141
02/05/2020,05:54,2.34,2.34,2.34,2.34, 618
02/05/2020,05:54,2.31,2.31,2.31,2.31, 5000
02/05/2020,05:59,2.33,2.34,2.33,2.34, 14223
02/05/2020,05:59,2.34,2.35,2.34,2.35, 8422
02/05/2020,06:02,2.36,2.36,2.36,2.36, 1250
02/05/2020,06:03,2.39,2.39,2.39,2.39, 5775
02/05/2020,06:18,2.365,2.365,2.35,2.35, 2000
02/05/2020,06:18,2.34,2.37,2.34,2.37, 3469
02/05/2020,06:20,2.37,2.37,2.37,2.37, 500
02/05/2020,06:31,2.37,2.37,2.37,2.37, 2753
02/06/2020,00:27,2.37,2.37,2.37,2.37, 26970
02/06/2020,00:34,2.39,2.4,2.39,2.4, 20977
02/06/2020,00:34,2.41,2.41,2.4,2.4, 2237
02/06/2020,00:37,2.42,2.42,2.42,2.42, 1727
02/06/2020,00:37,2.4,2.4,2.4,2.4, 2200
02/06/2020,00:40,2.4,2.4,2.38,2.38, 12846
02/06/2020,00:44,2.39,2.39,2.36,2.36, 11944
02/06/2020,00:53,2.38,2.38,2.38,2.38, 815
02/06/2020,00:56,2.38,2.38,2.38,2.38, 4200
02/06/2020,01:00,2.38,2.38,2.38,2.38, 8000
02/06/2020,01:05,2.38,2.38,2.38,2.38, 2919
02/06/2020,01:13,2.4,2.4,2.4,2.4, 5400
02/06/2020,01:14,2.4,2.41,2.4,2.41, 4070
02/06/2020,01:23,2.41,2.41,2.41,2.41, 3574
02/06/2020,01:23,2.41,2.41,2.41,2.41, 2500
02/06/2020,01:25,2.41,2.41,2.41,2.41, 4500
02/06/2020,01:28,2.41,2.41,2.41,2.41, 3774
02/06/2020,01:28,2.42,2.42,2.42,2.42, 3726
02/06/2020,01:30,2.43,2.43,2.43,2.43, 2000
02/06/2020,01:31,2.43,2.43,2.43,2.43, 2000
02/06/2020,01:34,2.43,2.44,2.43,2.44, 48620
02/06/2020,01:35,2.44,2.46,2.44,2.46, 2471
02/06/2020,01:41,2.45,2.45,2.45,2.45, 5081
02/06/2020,01:45,2.45,2.45,2.45,2.45, 1691
02/06/2020,01:46,2.45,2.45,2.45,2.45, 5309
02/06/2020,01:46,2.46,2.46,2.46,2.46, 2032
02/06/2020,01:49,2.45,2.45,2.45,2.45, 747
02/06/2020,01:50,2.46,2.46,2.46,2.46, 1250
02/06/2020,01:52,2.46,2.46,2.46,2.46, 976
02/06/2020,01:53,2.46,2.46,2.46,2.46, 2000
02/06/2020,01:54,2.46,2.46,2.46,2.46, 753
02/06/2020,01:55,2.46,2.46,2.46,2.46, 500
02/06/2020,01:58,2.46,2.46,2.46,2.46, 670
02/06/2020,01:59,2.46,2.46,2.46,2.46, 2000
02/06/2020,02:00,2.45,2.45,2.45,2.45, 1000
02/06/2020,02:02,2.44,2.44,2.44,2.44, 29
02/06/2020,02:12,2.44,2.44,2.44,2.44, 1000
02/06/2020,02:14,2.44,2.44,2.44,2.44, 5000
02/06/2020,02:26,2.43,2.44,2.43,2.44, 8147
02/06/2020,02:27,2.445,2.445,2.445,2.445, 2000
02/06/2020,02:34,2.44,2.44,2.44,2.44, 750
02/06/2020,02:37,2.43,2.43,2.43,2.43, 57
02/06/2020,02:37,2.42,2.42,2.41,2.41, 5908
02/06/2020,02:39,2.44,2.44,2.44,2.44, 4098
02/06/2020,02:41,2.44,2.44,2.44,2.44, 128
02/06/2020,02:41,2.43,2.43,2.43,2.43, 1813
02/06/2020,02:45,2.42,2.42,2.42,2.42, 3000
02/06/2020,02:48,2.43,2.43,2.43,2.43, 4779
02/06/2020,02:54,2.42,2.42,2.42,2.42, 2430
02/06/2020,03:01,2.42,2.42,2.42,2.42, 210
02/06/2020,03:09,2.42,2.42,2.42,2.42, 5326
02/06/2020,03:10,2.44,2.44,2.44,2.44, 1650
02/06/2020,03:12,2.42,2.42,2.42,2.42, 5744
02/06/2020,03:17,2.425,2.43,2.425,2.43, 5000
02/06/2020,03:39,2.43,2.43,2.43,2.43, 3000
02/06/2020,03:47,2.43,2.44,2.43,2.44, 6797
02/06/2020,03:51,2.44,2.44,2.44,2.44, 450
02/06/2020,04:01,2.43,2.43,2.43,2.43, 1500
02/06/2020,04:07,2.43,2.44,2.43,2.44, 5505
02/06/2020,04:11,2.43,2.43,2.43,2.43, 2000
02/06/2020,04:13,2.45,2.45,2.45,2.45, 5000
02/06/2020,04:14,2.45,2.45,2.45,2.45, 4000
02/06/2020,04:29,2.43,2.43,2.43,2.43, 400
02/06/2020,04:39,2.42,2.42,2.42,2.42, 17535
02/06/2020,04:47,2.41,2.41,2.41,2.41, 5000
02/06/2020,04:47,2.4,2.4,2.4,2.4, 3950
02/06/2020,04:50,2.4,2.4,2.4,2.4, 1050
02/06/2020,04:52,2.405,2.405,2.4,2.4, 9635
02/06/2020,04:53,2.4,2.4,2.4,2.4, 565
02/06/2020,04:54,2.39,2.39,2.39,2.39, 2092
02/06/2020,05:00,2.39,2.39,2.39,2.39, 450
02/06/2020,05:06,2.39,2.39,2.39,2.39, 8614
02/06/2020,05:06,2.4,2.4,2.4,2.4, 1500
02/06/2020,05:07,2.4,2.4,2.4,2.4, 752
02/06/2020,05:09,2.4,2.4,2.4,2.4, 2213
02/06/2020,05:18,2.39,2.39,2.39,2.39, 1479
02/06/2020,05:22,2.39,2.39,2.39,2.39, 600
02/06/2020,05:26,2.42,2.42,2.42,2.42, 1616
02/06/2020,05:31,2.415,2.415,2.41,2.41, 8548
02/06/2020,05:41,2.4,2.4,2.4,2.4, 400
02/06/2020,05:53,2.41,2.41,2.4,2.4, 18326
02/06/2020,06:07,2.41,2.41,2.41,2.41, 350
02/06/2020,06:07,2.4,2.42,2.4,2.42, 10700
02/06/2020,06:11,2.4,2.4,2.4,2.4, 2042
02/06/2020,06:19,2.41,2.41,2.4,2.4, 4000
02/06/2020,06:20,2.4,2.4,2.4,2.4, 2083
02/07/2020,00:27,2.42,2.42,2.42,2.42, 12989
02/07/2020,00:29,2.45,2.45,2.44,2.44, 4160
02/07/2020,00:32,2.45,2.45,2.45,2.45, 2925
02/07/2020,00:33,2.45,2.45,2.45,2.45, 5781
02/07/2020,00:36,2.45,2.45,2.44,2.44, 469
02/07/2020,00:44,2.45,2.45,2.45,2.45, 2100
02/07/2020,00:46,2.45,2.45,2.45,2.45, 11975
02/07/2020,00:48,2.45,2.45,2.45,2.45, 5000
02/07/2020,00:49,2.45,2.45,2.45,2.45, 4850
02/07/2020,00:53,2.43,2.43,2.43,2.43, 10250
02/07/2020,00:53,2.44,2.44,2.44,2.44, 5725
02/07/2020,01:01,2.44,2.44,2.44,2.44, 420
02/07/2020,01:05,2.44,2.44,2.44,2.44, 1059
02/07/2020,01:05,2.44,2.44,2.44,2.44, 2821
02/07/2020,01:24,2.43,2.43,2.43,2.43, 1050
02/07/2020,01:26,2.42,2.42,2.42,2.42, 9795
02/07/2020,02:03,2.41,2.41,2.41,2.41, 500
02/07/2020,02:36,2.42,2.42,2.42,2.42, 87
02/07/2020,02:37,2.41,2.41,2.41,2.41, 8500
02/07/2020,02:42,2.4,2.4,2.4,2.4, 9913
02/07/2020,03:02,2.4,2.4,2.4,2.4, 150
02/07/2020,03:36,2.42,2.42,2.42,2.42, 2500
02/07/2020,03:52,2.42,2.42,2.42,2.42, 2500
02/07/2020,04:07,2.4,2.4,2.4,2.4, 500
02/07/2020,04:54,2.41,2.41,2.41,2.41, 191
02/07/2020,05:06,2.42,2.45,2.42,2.45, 12164
02/07/2020,05:08,2.45,2.45,2.45,2.45, 10246
02/07/2020,05:21,2.43,2.44,2.43,2.44, 5000
02/07/2020,05:35,2.44,2.44,2.44,2.44, 2500
02/07/2020,05:40,2.43,2.43,2.43,2.43, 1030
02/07/2020,06:20,2.42,2.42,2.41,2.41, 5809
02/07/2020,06:31,2.42,2.42,2.42,2.42, 100
02/10/2020,00:27,2.45,2.45,2.45,2.45, 10343
02/10/2020,00:28,2.45,2.45,2.45,2.45, 6167
02/10/2020,00:29,2.45,2.45,2.45,2.45, 3622
02/10/2020,00:30,2.47,2.48,2.47,2.48, 310
02/10/2020,00:33,2.47,2.47,2.45,2.45, 6086
02/10/2020,00:39,2.45,2.45,2.45,2.45, 600
02/10/2020,00:40,2.45,2.48,2.45,2.48, 8555
02/10/2020,00:47,2.45,2.45,2.45,2.45, 10000
02/10/2020,00:51,2.45,2.45,2.44,2.44, 1165
02/10/2020,00:54,2.44,2.44,2.44,2.44, 252
02/10/2020,00:57,2.45,2.45,2.45,2.45, 3009
02/10/2020,00:59,2.44,2.44,2.44,2.44, 775
02/10/2020,01:02,2.42,2.43,2.42,2.43, 3030
02/10/2020,01:09,2.42,2.42,2.41,2.41, 4299
02/10/2020,01:17,2.41,2.41,2.41,2.41, 3837
02/10/2020,01:25,2.41,2.41,2.41,2.41, 244
02/10/2020,01:26,2.41,2.41,2.41,2.41, 3356
02/10/2020,01:26,2.42,2.42,2.42,2.42, 2323
02/10/2020,01:30,2.42,2.42,2.42,2.42, 848
02/10/2020,01:32,2.42,2.42,2.42,2.42, 3000
02/10/2020,01:45,2.42,2.42,2.42,2.42, 8430
02/10/2020,01:53,2.45,2.45,2.45,2.45, 1892
02/10/2020,01:54,2.45,2.45,2.45,2.45, 1028
02/10/2020,01:55,2.45,2.45,2.45,2.45, 10885
02/10/2020,01:56,2.45,2.47,2.45,2.47, 4253
02/10/2020,02:03,2.45,2.45,2.45,2.45, 2000
02/10/2020,02:10,2.45,2.47,2.45,2.47, 8649
02/10/2020,02:13,2.46,2.46,2.46,2.46, 859
02/10/2020,02:17,2.43,2.43,2.43,2.43, 776
02/10/2020,02:55,2.43,2.43,2.43,2.43, 3008
02/10/2020,03:19,2.42,2.42,2.42,2.42, 9112
02/10/2020,03:20,2.4,2.4,2.4,2.4, 5000
02/10/2020,03:54,2.4,2.4,2.4,2.4, 3000
02/10/2020,04:47,2.41,2.41,2.41,2.41, 270
02/10/2020,04:48,2.44,2.44,2.44,2.44, 699
02/10/2020,05:17,2.44,2.44,2.44,2.44, 1498
02/10/2020,05:52,2.44,2.44,2.44,2.44, 1004
02/10/2020,06:13,2.43,2.43,2.43,2.43, 2885
02/10/2020,06:31,2.44,2.44,2.44,2.44, 10000
02/11/2020,00:27,2.43,2.43,2.43,2.43, 8376
02/11/2020,00:28,2.43,2.43,2.43,2.43, 1224
02/11/2020,00:33,2.45,2.45,2.45,2.45, 6066
02/11/2020,00:35,2.465,2.465,2.45,2.45, 1711
02/11/2020,00:40,2.465,2.465,2.44,2.44, 14263
02/11/2020,00:41,2.45,2.45,2.45,2.45, 900
02/11/2020,00:42,2.45,2.45,2.45,2.45, 9100
02/11/2020,00:43,2.45,2.45,2.45,2.45, 8693
02/11/2020,00:44,2.45,2.45,2.45,2.45, 1224
02/11/2020,00:47,2.44,2.44,2.44,2.44, 1000
02/11/2020,00:52,2.44,2.44,2.44,2.44, 193
02/11/2020,00:53,2.43,2.43,2.43,2.43, 2807
02/11/2020,00:54,2.43,2.43,2.43,2.43, 100
02/11/2020,00:56,2.43,2.43,2.43,2.43, 4000
02/11/2020,01:00,2.45,2.45,2.45,2.45, 3120
02/11/2020,01:07,2.43,2.43,2.43,2.43, 1641
02/11/2020,01:08,2.43,2.43,2.43,2.43, 2359
02/11/2020,01:12,2.45,2.45,2.45,2.45, 2443
02/11/2020,01:18,2.45,2.45,2.45,2.45, 3880
02/11/2020,01:23,2.45,2.45,2.45,2.45, 36
02/11/2020,01:24,2.45,2.45,2.45,2.45, 3303
02/11/2020,01:25,2.45,2.48,2.45,2.48, 2600
02/11/2020,01:38,2.47,2.47,2.47,2.47, 3804
02/11/2020,01:56,2.45,2.45,2.45,2.45, 2393
02/11/2020,02:04,2.45,2.45,2.45,2.45, 107
02/11/2020,02:11,2.45,2.45,2.45,2.45, 2599
02/11/2020,02:51,2.44,2.44,2.43,2.43, 4218
02/11/2020,03:25,2.46,2.46,2.46,2.46, 2580
02/11/2020,04:41,2.43,2.43,2.43,2.43, 5000
02/11/2020,04:46,2.46,2.46,2.46,2.46, 1618
02/11/2020,04:59,2.45,2.46,2.45,2.46, 3790
02/11/2020,05:14,2.47,2.47,2.47,2.47, 6500
02/11/2020,05:14,2.465,2.465,2.465,2.465, 728
02/11/2020,05:17,2.465,2.465,2.465,2.465, 3109
02/11/2020,05:21,2.45,2.45,2.45,2.45, 11736
02/11/2020,05:24,2.44,2.46,2.44,2.46, 6176
02/11/2020,05:25,2.43,2.43,2.43,2.43, 3824
02/11/2020,05:50,2.43,2.43,2.43,2.43, 41
02/11/2020,05:53,2.43,2.43,2.43,2.43, 900
02/11/2020,06:07,2.44,2.44,2.44,2.44, 500
02/11/2020,06:17,2.44,2.44,2.44,2.44, 1000
02/11/2020,06:19,2.45,2.45,2.45,2.45, 3788
02/11/2020,06:20,2.45,2.45,2.45,2.45, 149
02/11/2020,06:31,2.42,2.42,2.42,2.42, 1174
02/13/2020,00:28,2.41,2.41,2.41,2.41, 3048
02/13/2020,00:41,2.42,2.42,2.42,2.42, 5019
02/13/2020,00:49,2.43,2.43,2.43,2.43, 4
02/13/2020,00:56,2.435,2.435,2.43,2.43, 326
02/13/2020,00:59,2.43,2.43,2.43,2.43, 3443
02/13/2020,01:14,2.42,2.42,2.42,2.42, 273
02/13/2020,01:21,2.42,2.42,2.42,2.42, 1115
02/13/2020,01:29,2.42,2.42,2.42,2.42, 636
02/13/2020,01:31,2.43,2.43,2.43,2.43, 3721
02/13/2020,01:37,2.42,2.42,2.42,2.42, 513
02/13/2020,01:43,2.43,2.43,2.43,2.43, 4000
02/13/2020,02:02,2.43,2.43,2.43,2.43, 622
02/13/2020,02:08,2.43,2.43,2.42,2.42, 9604
02/13/2020,02:09,2.41,2.41,2.41,2.41, 1813
02/13/2020,02:16,2.41,2.41,2.41,2.41, 468
02/13/2020,02:20,2.43,2.43,2.43,2.43, 1200
02/13/2020,02:21,2.43,2.43,2.43,2.43, 418
02/13/2020,02:31,2.41,2.41,2.41,2.41, 847
02/13/2020,02:42,2.42,2.42,2.42,2.42, 2000
02/13/2020,02:43,2.42,2.42,2.42,2.42, 1126
02/13/2020,02:49,2.42,2.42,2.42,2.42, 2149
02/13/2020,02:57,2.41,2.41,2.41,2.41, 514
02/13/2020,03:07,2.41,2.41,2.41,2.41, 661
02/13/2020,03:17,2.4,2.4,2.4,2.4, 482
02/13/2020,03:20,2.4,2.4,2.4,2.4, 502
02/13/2020,03:31,2.41,2.41,2.41,2.41, 514
02/13/2020,04:05,2.41,2.41,2.41,2.41, 581
02/13/2020,04:08,2.43,2.43,2.43,2.43, 1974
02/13/2020,04:33,2.42,2.42,2.41,2.41, 153
02/13/2020,04:46,2.42,2.42,2.42,2.42, 12
02/13/2020,04:52,2.42,2.42,2.41,2.41, 1478
02/13/2020,05:00,2.415,2.415,2.41,2.41, 485
02/13/2020,05:08,2.41,2.41,2.41,2.41, 542
02/13/2020,05:36,2.42,2.42,2.41,2.41, 1841
02/13/2020,05:57,2.415,2.415,2.4,2.4, 3033
02/13/2020,06:03,2.4,2.4,2.4,2.4, 479
02/13/2020,06:06,2.4,2.4,2.4,2.4, 2270
02/13/2020,06:08,2.39,2.39,2.39,2.39, 1538
02/13/2020,06:09,2.38,2.38,2.38,2.38, 1192
02/13/2020,06:15,2.38,2.38,2.38,2.38, 347
02/13/2020,06:17,2.38,2.38,2.38,2.38, 353
02/13/2020,06:19,2.42,2.42,2.42,2.42, 1545
02/13/2020,06:20,2.38,2.42,2.38,2.42, 566
02/13/2020,06:31,2.37,2.37,2.37,2.37, 681
02/14/2020,00:35,2.37,2.37,2.37,2.37, 2510
02/14/2020,01:53,2.37,2.37,2.37,2.37, 3000
02/14/2020,01:54,2.37,2.37,2.37,2.37, 28
02/14/2020,02:00,2.37,2.37,2.37,2.37, 7
02/14/2020,02:18,2.37,2.37,2.37,2.37, 34
02/14/2020,02:20,2.37,2.37,2.36,2.37, 2941
02/14/2020,02:23,2.37,2.37,2.37,2.37, 58
02/14/2020,02:28,2.37,2.37,2.37,2.37, 175
02/14/2020,03:15,2.4,2.4,2.4,2.4, 3330
02/14/2020,03:15,2.4,2.41,2.4,2.41, 2357
02/14/2020,03:48,2.4,2.4,2.4,2.4, 4082
02/14/2020,04:15,2.4,2.4,2.4,2.4, 1973
02/14/2020,04:16,2.4,2.4,2.4,2.4, 500
02/14/2020,04:17,2.4,2.4,2.4,2.4, 500
02/14/2020,04:20,2.4,2.4,2.39,2.39, 5439
02/14/2020,04:33,2.4,2.4,2.4,2.4, 263
02/14/2020,05:03,2.4,2.4,2.4,2.4, 1368
02/14/2020,05:13,2.4,2.4,2.4,2.4, 282
02/14/2020,05:21,2.4,2.4,2.4,2.4, 265
02/14/2020,05:30,2.4,2.4,2.4,2.4, 428
02/14/2020,05:38,2.4,2.4,2.4,2.4, 271
02/14/2020,05:41,2.38,2.38,2.38,2.38, 390
02/14/2020,05:46,2.4,2.4,2.4,2.4, 413
02/14/2020,05:51,2.4,2.4,2.4,2.4, 263
02/14/2020,05:56,2.39,2.39,2.39,2.39, 1575
02/14/2020,05:57,2.4,2.4,2.39,2.39, 1256
02/14/2020,06:00,2.39,2.39,2.39,2.39, 926
02/14/2020,06:09,2.4,2.4,2.4,2.4, 256
02/14/2020,06:20,2.4,2.4,2.38,2.4, 687
02/14/2020,06:32,2.37,2.37,2.37,2.37, 1890
02/17/2020,00:27,2.42,2.42,2.42,2.42, 2237
02/17/2020,00:28,2.43,2.43,2.43,2.43, 450
02/17/2020,00:37,2.44,2.44,2.44,2.44, 2030
02/17/2020,00:46,2.435,2.435,2.42,2.42, 471
02/17/2020,00:48,2.42,2.42,2.42,2.42, 5201
02/17/2020,00:57,2.4,2.4,2.4,2.4, 2030
02/17/2020,01:15,2.4,2.4,2.4,2.4, 1697
02/17/2020,01:20,2.4,2.4,2.4,2.4, 1000
02/17/2020,01:33,2.42,2.42,2.42,2.42, 4000
02/17/2020,02:27,2.42,2.42,2.42,2.42, 336
02/17/2020,02:34,2.42,2.42,2.42,2.42, 1000
02/17/2020,02:38,2.42,2.43,2.42,2.43, 1000
02/17/2020,03:10,2.41,2.41,2.4,2.4, 6544
02/17/2020,03:40,2.4,2.4,2.4,2.4, 1756
02/17/2020,05:01,2.4,2.4,2.4,2.4, 2000
02/17/2020,06:31,2.42,2.42,2.42,2.42, 2148
02/18/2020,00:27,2.42,2.42,2.42,2.42, 3833
02/18/2020,01:05,2.43,2.43,2.43,2.43, 1419
02/18/2020,01:24,2.42,2.42,2.42,2.42, 15681
02/18/2020,01:59,2.4,2.4,2.4,2.4, 642
02/18/2020,02:11,2.42,2.42,2.42,2.42, 251
02/18/2020,03:17,2.42,2.42,2.42,2.42, 3672
02/18/2020,03:19,2.42,2.42,2.42,2.42, 207
02/18/2020,03:20,2.42,2.42,2.42,2.42, 6348
02/18/2020,03:20,2.42,2.42,2.42,2.42, 6152
02/18/2020,03:52,2.4,2.4,2.4,2.4, 7500
02/18/2020,05:26,2.4,2.4,2.4,2.4, 11000
02/18/2020,05:33,2.4,2.4,2.4,2.4, 1840
02/18/2020,05:40,2.4,2.4,2.4,2.4, 1500
02/19/2020,00:27,2.4,2.4,2.4,2.4, 18557
02/19/2020,03:51,2.38,2.38,2.38,2.38, 3979
02/19/2020,05:13,2.38,2.38,2.38,2.38, 6050
02/19/2020,05:14,2.37,2.37,2.37,2.37, 1858
02/19/2020,05:22,2.36,2.36,2.36,2.36, 1200
02/19/2020,05:26,2.36,2.36,2.36,2.36, 2110
02/19/2020,05:31,2.36,2.36,2.36,2.36, 15553
02/19/2020,05:37,2.36,2.36,2.36,2.36, 3403
02/19/2020,05:44,2.36,2.36,2.36,2.36, 3533
02/19/2020,05:48,2.36,2.36,2.36,2.36, 430
02/19/2020,06:31,2.35,2.35,2.35,2.35, 887
02/20/2020,00:27,2.35,2.39,2.35,2.35, 3922
02/20/2020,00:53,2.35,2.35,2.35,2.35, 2566
02/20/2020,00:55,2.35,2.35,2.35,2.35, 673
02/20/2020,01:11,2.38,2.38,2.38,2.38, 2000
02/20/2020,01:44,2.36,2.36,2.36,2.36, 246
02/20/2020,01:47,2.38,2.38,2.38,2.38, 2000
02/20/2020,02:23,2.39,2.39,2.39,2.39, 800
02/20/2020,02:26,2.36,2.36,2.36,2.36, 960
02/20/2020,02:36,2.39,2.39,2.39,2.39, 400
02/20/2020,03:17,2.35,2.35,2.35,2.35, 571
02/20/2020,04:19,2.38,2.38,2.38,2.38, 6244
02/20/2020,04:36,2.36,2.36,2.36,2.36, 6500
02/20/2020,04:48,2.37,2.37,2.37,2.37, 2830
02/20/2020,06:08,2.36,2.36,2.36,2.36, 549
02/21/2020,00:28,2.37,2.37,2.37,2.37, 3250
02/21/2020,00:57,2.37,2.37,2.37,2.37, 959
02/21/2020,01:13,2.36,2.36,2.35,2.35, 8569
02/21/2020,01:19,2.37,2.37,2.37,2.37, 3500
02/21/2020,01:58,2.35,2.35,2.35,2.35, 2103
02/21/2020,02:04,2.35,2.35,2.35,2.35, 1644
02/21/2020,02:05,2.35,2.35,2.35,2.35, 1000
02/21/2020,02:31,2.36,2.36,2.35,2.35, 10000
02/21/2020,05:28,2.35,2.35,2.35,2.35, 10026
02/21/2020,05:29,2.37,2.37,2.37,2.37, 851
02/21/2020,06:12,2.35,2.35,2.35,2.35, 4810
02/24/2020,00:28,2.39,2.4,2.39,2.39, 10786
02/24/2020,00:29,2.39,2.39,2.39,2.39, 18
02/24/2020,00:32,2.39,2.39,2.39,2.39, 462
02/24/2020,00:35,2.39,2.39,2.39,2.39, 3715
02/24/2020,00:47,2.38,2.38,2.38,2.38, 670
02/24/2020,00:51,2.36,2.36,2.36,2.36, 50
02/24/2020,01:01,2.35,2.35,2.35,2.35, 383
02/24/2020,01:09,2.34,2.34,2.34,2.34, 3300
02/24/2020,01:17,2.31,2.31,2.31,2.31, 9630
02/24/2020,01:18,2.31,2.31,2.31,2.31, 1315
02/24/2020,01:22,2.31,2.31,2.31,2.31, 1722
02/24/2020,01:30,2.3,2.3,2.29,2.29, 41544
02/24/2020,01:31,2.29,2.29,2.29,2.29, 1396
02/24/2020,01:35,2.26,2.26,2.26,2.26, 2633
02/24/2020,01:37,2.26,2.26,2.26,2.26, 407
02/24/2020,01:38,2.25,2.25,2.25,2.25, 11802
02/24/2020,01:41,2.23,2.23,2.2,2.2, 16000
02/24/2020,01:42,2.21,2.21,2.21,2.21, 400
02/24/2020,01:50,2.22,2.22,2.22,2.22, 668
02/24/2020,01:51,2.21,2.21,2.21,2.21, 1100
02/24/2020,01:53,2.21,2.21,2.21,2.21, 2196
02/24/2020,01:54,2.21,2.21,2.21,2.21, 1000
02/24/2020,02:04,2.2,2.2,2.2,2.2, 14862
02/24/2020,02:08,2.2,2.2,2.2,2.2, 1000
02/24/2020,02:08,2.2,2.2,2.2,2.2, 66
02/24/2020,02:17,2.205,2.21,2.205,2.21, 4500
02/24/2020,02:21,2.205,2.21,2.205,2.21, 1000
02/24/2020,02:30,2.21,2.21,2.21,2.21, 276
02/24/2020,02:34,2.21,2.21,2.2,2.2, 2000
02/24/2020,02:39,2.22,2.22,2.22,2.22, 1000
02/24/2020,02:41,2.22,2.22,2.22,2.22, 404
02/24/2020,03:04,2.2,2.2,2.2,2.2, 3842
02/24/2020,03:08,2.2,2.2,2.2,2.2, 106
02/24/2020,03:10,2.2,2.2,2.2,2.2, 600
02/24/2020,03:12,2.2,2.2,2.2,2.2, 14410
02/24/2020,03:14,2.18,2.18,2.18,2.18, 7671
02/24/2020,03:15,2.18,2.18,2.18,2.18, 2000
02/24/2020,03:21,2.18,2.18,2.18,2.18, 895
02/24/2020,03:24,2.15,2.15,2.15,2.15, 17711
02/24/2020,03:31,2.17,2.17,2.17,2.17, 15
02/24/2020,03:33,2.18,2.19,2.18,2.19, 2300
02/24/2020,03:36,2.19,2.2,2.19,2.2, 1000
02/24/2020,03:55,2.17,2.17,2.17,2.17, 281
02/24/2020,04:04,2.19,2.19,2.19,2.19, 867
02/24/2020,04:06,2.19,2.19,2.19,2.19, 455
02/24/2020,04:17,2.2,2.2,2.19,2.19, 10845
02/24/2020,04:19,2.2,2.21,2.2,2.21, 1000
02/24/2020,04:26,2.21,2.21,2.21,2.21, 5000
02/24/2020,04:32,2.21,2.21,2.21,2.21, 227
02/24/2020,04:49,2.205,2.21,2.205,2.205, 6817
02/24/2020,04:50,2.205,2.21,2.205,2.21, 228
02/24/2020,04:52,2.21,2.21,2.21,2.21, 1250
02/24/2020,04:55,2.205,2.205,2.2,2.205, 2697
02/24/2020,05:03,2.21,2.21,2.21,2.21, 1000
02/24/2020,05:21,2.2,2.2,2.2,2.2, 2236
02/24/2020,05:44,2.21,2.21,2.21,2.21, 500
02/24/2020,05:48,2.21,2.21,2.21,2.21, 1818
02/24/2020,05:49,2.2,2.2,2.2,2.2, 5355
02/24/2020,05:57,2.19,2.19,2.19,2.19, 1000
02/24/2020,06:00,2.18,2.18,2.18,2.18, 1050
02/24/2020,06:01,2.18,2.18,2.18,2.18, 3000
02/24/2020,06:04,2.18,2.18,2.18,2.18, 1000
02/24/2020,06:05,2.18,2.185,2.18,2.185, 5134
02/24/2020,06:06,2.185,2.185,2.185,2.185, 2250
02/24/2020,06:10,2.19,2.19,2.17,2.17, 12114
02/24/2020,06:11,2.19,2.19,2.19,2.19, 771
02/24/2020,06:12,2.17,2.17,2.17,2.17, 3000
02/24/2020,06:16,2.19,2.19,2.19,2.19, 8843
02/24/2020,06:19,2.2,2.2,2.2,2.2, 2500
02/24/2020,06:31,2.2,2.2,2.2,2.2, 6030
02/25/2020,00:27,2.12,2.12,2.08,2.08, 25698
02/25/2020,00:28,2.07,2.07,2.02,2.03, 5022
02/25/2020,00:29,2.02,2.07,2.02,2.07, 20840
02/25/2020,00:30,2.04,2.04,2.04,2.04, 826
02/25/2020,00:34,2.04,2.04,2.04,2.04, 12021
02/25/2020,00:35,2.06,2.06,2.06,2.06, 1471
02/25/2020,00:36,2.06,2.06,2.06,2.06, 6331
02/25/2020,00:37,2.06,2.07,2.06,2.07, 2617
02/25/2020,00:38,2.07,2.07,2.04,2.05, 5541
02/25/2020,00:40,2.04,2.04,2.04,2.04, 830
02/25/2020,00:52,2.09,2.09,2.07,2.07, 3057
02/25/2020,00:54,2.07,2.07,2.07,2.07, 4407
02/25/2020,00:55,2.07,2.07,2.07,2.07, 2000
02/25/2020,00:56,2.07,2.07,2.07,2.07, 593
02/25/2020,00:58,2.06,2.06,2.06,2.06, 1250
02/25/2020,01:07,2.09,2.11,2.09,2.11, 24214
02/25/2020,01:20,2.15,2.18,2.15,2.18, 2400
02/25/2020,01:29,2.17,2.17,2.17,2.17, 1529
02/25/2020,01:44,2.15,2.15,2.14,2.14, 2525
02/25/2020,01:49,2.14,2.14,2.14,2.14, 10555
02/25/2020,01:50,2.13,2.13,2.13,2.13, 2410
02/25/2020,01:56,2.12,2.12,2.12,2.12, 450
02/25/2020,02:10,2.14,2.14,2.14,2.14, 30000
02/25/2020,02:19,2.14,2.14,2.14,2.14, 639
02/25/2020,02:21,2.14,2.14,2.14,2.14, 10009
02/25/2020,02:32,2.16,2.16,2.16,2.16, 2932
02/25/2020,02:33,2.17,2.17,2.17,2.17, 4481
02/25/2020,02:34,2.17,2.17,2.16,2.16, 17370
02/25/2020,02:54,2.17,2.18,2.17,2.18, 4670
02/25/2020,04:04,2.175,2.18,2.175,2.18, 2213
02/25/2020,04:33,2.17,2.17,2.17,2.17, 400
02/25/2020,04:45,2.17,2.17,2.17,2.17, 8267
02/25/2020,05:30,2.17,2.17,2.16,2.16, 11540
02/25/2020,05:39,2.16,2.16,2.16,2.16, 460
02/25/2020,06:13,2.17,2.17,2.17,2.17, 2900
02/25/2020,06:19,2.17,2.17,2.17,2.17, 5100
02/25/2020,06:20,2.16,2.16,2.16,2.16, 4900
02/25/2020,06:32,2.12,2.12,2.12,2.12, 8734
02/26/2020,00:27,2.14,2.14,2.14,2.14, 8235
02/26/2020,00:31,2.15,2.15,2.13,2.13, 8777
02/26/2020,00:32,2.15,2.15,2.12,2.12, 6727
02/26/2020,00:38,2.11,2.11,2.11,2.11, 1500
02/26/2020,01:04,2.12,2.12,2.12,2.12, 677
02/26/2020,01:11,2.12,2.12,2.12,2.12, 84
02/26/2020,01:13,2.12,2.12,2.1,2.1, 5000
02/26/2020,01:28,2.11,2.11,2.11,2.11, 2300
02/26/2020,01:41,2.11,2.11,2.1,2.1, 2300
02/26/2020,01:51,2.12,2.12,2.12,2.12, 678
02/26/2020,02:12,2.13,2.13,2.13,2.13, 243
02/26/2020,02:13,2.12,2.12,2.11,2.11, 500
02/26/2020,02:34,2.11,2.11,2.11,2.11, 12546
02/26/2020,02:44,2.12,2.12,2.12,2.12, 2337
02/26/2020,03:00,2.13,2.13,2.12,2.12, 5402
02/26/2020,03:34,2.12,2.12,2.12,2.12, 1267
02/26/2020,03:34,2.12,2.12,2.12,2.12, 43
02/26/2020,04:03,2.12,2.12,2.12,2.12, 144
02/26/2020,04:14,2.12,2.12,2.12,2.12, 941
02/26/2020,04:22,2.12,2.12,2.12,2.12, 558
02/26/2020,04:40,2.12,2.12,2.12,2.12, 5427
02/26/2020,04:47,2.12,2.12,2.12,2.12, 5599
02/26/2020,05:06,2.12,2.12,2.11,2.11, 10000
02/26/2020,05:10,2.12,2.12,2.12,2.12, 2000
02/26/2020,05:13,2.1,2.1,2.1,2.1, 1004
02/26/2020,05:18,2.11,2.11,2.1,2.1, 17941
02/26/2020,05:34,2.09,2.09,2.08,2.08, 5000
02/26/2020,06:31,2.13,2.13,2.13,2.13, 23302

