04/01/2020,15:31,.7,.7,.7,.7, 235
04/01/2020,15:32,.71,.71,.71,.71, 200
04/01/2020,15:33,.71,.72,.71,.72, 1600
04/01/2020,15:33,.709,.709,.709,.709, 1000
04/01/2020,15:35,.7,.703,.7,.7, 2489
04/01/2020,15:36,.69,.69,.69,.69, 850
04/01/2020,15:45,.69,.69,.69,.69, 600
04/01/2020,15:50,.71,.71,.71,.71, 100
04/01/2020,15:52,.71,.71,.71,.71, 200
04/01/2020,15:54,.685,.685,.685,.685, 100
04/01/2020,15:55,.7,.7,.7,.7, 150
04/01/2020,15:57,.685,.685,.685,.685, 301
04/01/2020,16:05,.682,.682,.682,.682, 280
04/01/2020,16:05,.7,.7,.7,.7, 100
04/01/2020,16:06,.681,.681,.681,.681, 320
04/01/2020,16:07,.68,.68,.68,.68, 110
04/01/2020,16:13,.69,.69,.69,.69, 400
04/01/2020,16:15,.69,.69,.69,.69, 300
04/01/2020,16:16,.686,.69,.686,.69, 1900
04/01/2020,16:18,.69,.705,.69,.705, 300
04/01/2020,16:20,.705,.705,.705,.705, 100
04/01/2020,16:56,.68,.68,.68,.68, 100
04/01/2020,16:59,.7,.7,.7,.7, 100
04/01/2020,17:04,.7,.7,.7,.7, 100
04/01/2020,17:05,.68,.68,.68,.68, 155
04/01/2020,17:09,.7,.7,.7,.7, 100
04/01/2020,17:17,.7,.704,.7,.7, 2020
04/01/2020,17:25,.69,.69,.69,.69, 100
04/01/2020,17:33,.68,.68,.68,.68, 300
04/01/2020,17:57,.68,.68,.68,.68, 1000
04/01/2020,18:03,.68,.68,.68,.68, 100
04/01/2020,19:08,.7,.7,.7,.7, 100
04/01/2020,19:17,.69,.69,.69,.69, 100
04/01/2020,19:21,.7,.7,.7,.7, 100
04/01/2020,19:44,.68,.683,.68,.683, 1600
04/01/2020,19:46,.7,.7,.7,.7, 100
04/01/2020,19:51,.69,.69,.67,.67, 1330
04/01/2020,19:59,.7,.7,.7,.7, 100
04/01/2020,20:27,.69,.701,.69,.701, 250
04/01/2020,20:37,.696,.696,.696,.696, 100
04/01/2020,20:47,.7,.7,.67,.67, 3100
04/01/2020,21:12,.677,.68,.677,.68, 1400
04/01/2020,21:12,.676,.68,.675,.68, 3400
04/01/2020,21:36,.7,.7,.7,.7, 100
04/01/2020,21:43,.68,.68,.676,.677, 400
04/01/2020,21:55,.69,.69,.69,.69, 100
04/01/2020,21:59,.672,.7,.672,.7, 1320
04/02/2020,15:34,.673,.673,.673,.673, 1000
04/02/2020,15:45,.676,.676,.676,.676, 200
04/02/2020,15:48,.675,.675,.675,.675, 100
04/02/2020,15:49,.672,.672,.672,.672, 513
04/02/2020,15:53,.675,.675,.675,.675, 290
04/02/2020,15:54,.675,.675,.651,.651, 350
04/02/2020,16:02,.676,.68,.676,.68, 239
04/02/2020,16:07,.68,.68,.68,.68, 100
04/02/2020,16:17,.68,.68,.68,.68, 100
04/02/2020,16:20,.68,.689,.68,.689, 8000
04/02/2020,17:09,.67,.673,.67,.673, 4000
04/02/2020,17:11,.67,.672,.67,.672, 4500
04/02/2020,17:13,.661,.662,.661,.661, 2300
04/02/2020,17:16,.69,.69,.69,.69, 5000
04/02/2020,17:17,.69,.69,.69,.69, 1000
04/02/2020,17:22,.665,.665,.665,.665, 150
04/02/2020,17:24,.671,.671,.671,.671, 200
04/02/2020,17:25,.67,.69,.67,.69, 400
04/02/2020,17:33,.671,.671,.671,.671, 1200
04/02/2020,17:41,.693,.72,.69,.72, 6170
04/02/2020,17:43,.674,.674,.671,.671, 600
04/02/2020,17:44,.704,.704,.704,.704, 200
04/02/2020,17:46,.719,.719,.719,.719, 200
04/02/2020,17:53,.716,.716,.716,.716, 206
04/02/2020,18:04,.673,.673,.671,.671, 2400
04/02/2020,18:12,.68,.68,.68,.68, 100
04/02/2020,18:18,.71,.71,.71,.71, 1720
04/02/2020,18:23,.71,.72,.71,.72, 5401
04/02/2020,18:28,.733,.734,.73,.734, 13036
04/02/2020,18:50,.68,.68,.68,.68, 500
04/02/2020,18:56,.68,.68,.68,.68, 600
04/02/2020,19:11,.7,.7,.69,.69, 1000
04/02/2020,19:25,.69,.71,.69,.71, 1300
04/02/2020,19:45,.706,.706,.706,.706, 150
04/02/2020,19:48,.693,.693,.693,.693, 100
04/02/2020,19:51,.69,.69,.69,.69, 300
04/02/2020,19:58,.71,.71,.71,.71, 100
04/02/2020,20:19,.693,.693,.69,.69, 2000
04/02/2020,20:22,.69,.693,.69,.69, 2400
04/02/2020,20:27,.681,.681,.681,.681, 1000
04/02/2020,20:29,.68,.68,.67,.67, 7295
04/02/2020,20:29,.681,.681,.68,.68, 1200
04/02/2020,20:48,.69,.69,.69,.69, 100
04/02/2020,20:51,.67,.67,.67,.67, 400
04/02/2020,20:58,.693,.693,.693,.693, 100
04/02/2020,21:21,.71,.71,.71,.71, 200
04/02/2020,21:21,.71,.71,.71,.71, 100
04/02/2020,21:23,.71,.71,.71,.71, 100
04/02/2020,21:35,.71,.71,.71,.71, 224
04/02/2020,21:40,.71,.71,.71,.71, 100
04/02/2020,22:01,.68,.68,.68,.68, 328
04/03/2020,15:33,.681,.681,.681,.681, 1000
04/03/2020,15:33,.681,.681,.681,.681, 1000
04/03/2020,15:41,.71,.71,.71,.71, 200
04/03/2020,15:54,.681,.684,.681,.684, 1854
04/03/2020,16:02,.67,.67,.67,.67, 5000
04/03/2020,16:07,.67,.67,.67,.67, 1120
04/03/2020,16:19,.67,.674,.67,.674, 1900
04/03/2020,16:21,.67,.67,.67,.67, 1000
04/03/2020,16:24,.67,.671,.67,.67, 2830
04/03/2020,16:27,.674,.674,.67,.67, 400
04/03/2020,16:42,.674,.674,.67,.67, 2000
04/03/2020,17:05,.71,.71,.71,.71, 100
04/03/2020,17:15,.704,.704,.704,.704, 100
04/03/2020,17:20,.704,.704,.704,.704, 100
04/03/2020,17:30,.71,.71,.71,.71, 100
04/03/2020,17:36,.69,.69,.69,.69, 100
04/03/2020,17:54,.67,.674,.67,.674, 2000
04/03/2020,17:59,.67,.67,.67,.67, 100
04/03/2020,18:23,.673,.673,.673,.673, 100
04/03/2020,18:38,.673,.673,.673,.673, 100
04/03/2020,18:42,.673,.673,.673,.673, 200
04/03/2020,18:46,.676,.679,.676,.679, 2100
04/03/2020,19:00,.67,.67,.67,.67, 1858
04/03/2020,19:27,.671,.671,.67,.67, 200
04/03/2020,19:38,.67,.67,.67,.67, 2426
04/03/2020,19:51,.66,.663,.66,.66, 4560
04/03/2020,19:55,.67,.67,.67,.67, 200
04/03/2020,20:16,.67,.67,.67,.67, 100
04/03/2020,20:36,.67,.67,.66,.67, 1570
04/03/2020,20:40,.66,.661,.656,.656, 6934
04/03/2020,20:41,.651,.652,.635,.643, 13200
04/03/2020,20:41,.646,.65,.646,.65, 2000
04/03/2020,21:10,.67,.67,.667,.667, 400
04/03/2020,21:26,.665,.665,.66,.66, 400
04/03/2020,22:01,.67,.67,.67,.67, 111
04/06/2020,15:31,.648,.648,.648,.648, 250
04/06/2020,15:52,.648,.648,.648,.648, 177
04/06/2020,15:59,.655,.655,.655,.655, 100
04/06/2020,16:06,.655,.655,.655,.655, 1000
04/06/2020,16:06,.663,.663,.663,.663, 498
04/06/2020,16:08,.655,.655,.655,.655, 200
04/06/2020,16:11,.663,.663,.663,.663, 1000
04/06/2020,16:19,.67,.67,.67,.67, 667
04/06/2020,16:22,.66,.66,.66,.66, 175
04/06/2020,16:26,.71,.71,.709,.709, 200
04/06/2020,16:33,.708,.708,.708,.708, 100
04/06/2020,16:38,.672,.672,.672,.672, 100
04/06/2020,16:41,.694,.694,.694,.694, 400
04/06/2020,16:41,.694,.694,.694,.694, 100
04/06/2020,16:51,.68,.68,.68,.68, 100
04/06/2020,17:11,.68,.68,.68,.68, 200
04/06/2020,17:17,.68,.68,.68,.68, 2594
04/06/2020,17:33,.68,.68,.68,.68, 200
04/06/2020,17:34,.691,.691,.691,.691, 1200
04/06/2020,17:56,.671,.673,.67,.673, 2350
04/06/2020,18:20,.69,.69,.69,.69, 100
04/06/2020,18:30,.69,.69,.69,.69, 200
04/06/2020,20:36,.673,.673,.673,.673, 100
04/06/2020,20:41,.67,.67,.67,.67, 200
04/06/2020,20:59,.69,.69,.69,.69, 100
04/06/2020,21:08,.67,.67,.67,.67, 1660
04/06/2020,21:17,.69,.69,.69,.69, 200
04/06/2020,21:19,.685,.685,.685,.685, 100
04/06/2020,22:01,.68,.68,.68,.68, 140
04/07/2020,15:53,.652,.652,.638,.652, 1000
04/07/2020,16:03,.652,.652,.652,.652, 700
04/07/2020,16:06,.625,.628,.625,.628, 600
04/07/2020,16:17,.64,.64,.64,.64, 100
04/07/2020,16:35,.68,.68,.68,.68, 149
04/07/2020,16:57,.66,.66,.66,.66, 300
04/07/2020,17:01,.679,.68,.679,.68, 400
04/07/2020,17:44,.63,.63,.63,.63, 100
04/07/2020,17:52,.63,.664,.63,.664, 2700
04/07/2020,17:56,.67,.67,.67,.67, 100
04/07/2020,18:13,.63,.631,.63,.631, 7650
04/07/2020,18:27,.67,.67,.67,.67, 100
04/07/2020,18:39,.633,.633,.633,.633, 300
04/07/2020,18:51,.637,.65,.637,.65, 3100
04/07/2020,19:03,.632,.632,.631,.631, 2460
04/07/2020,19:04,.634,.634,.631,.631, 2000
04/07/2020,19:13,.632,.632,.632,.632, 600
04/07/2020,19:17,.658,.658,.658,.658, 100
04/07/2020,19:24,.632,.632,.632,.632, 150
04/07/2020,20:17,.648,.648,.648,.648, 1000
04/07/2020,20:17,.635,.635,.635,.635, 1000
04/07/2020,20:24,.68,.68,.68,.68, 100
04/07/2020,20:31,.643,.643,.643,.643, 1100
04/07/2020,20:52,.65,.65,.635,.635, 811
04/07/2020,20:54,.65,.65,.65,.65, 400
04/07/2020,21:01,.65,.65,.65,.65, 100
04/07/2020,21:31,.68,.68,.68,.68, 1885
04/07/2020,21:35,.635,.635,.632,.632, 4400
04/07/2020,21:36,.633,.633,.633,.633, 400
04/07/2020,21:50,.663,.663,.663,.663, 100
04/07/2020,21:55,.635,.635,.635,.635, 3100
04/07/2020,21:57,.632,.635,.632,.635, 200
04/07/2020,22:00,.64,.64,.632,.632, 815
04/07/2020,22:00,.635,.635,.635,.635, 207
04/08/2020,15:31,.655,.655,.655,.655, 120
04/08/2020,15:35,.65,.65,.65,.65, 3000
04/08/2020,16:02,.68,.68,.68,.68, 100
04/08/2020,16:28,.635,.635,.635,.635, 300
04/08/2020,16:40,.64,.64,.64,.64, 100
04/08/2020,16:44,.667,.667,.667,.667, 100
04/08/2020,16:50,.667,.667,.64,.64, 516
04/08/2020,16:57,.655,.655,.655,.655, 100
04/08/2020,16:58,.68,.68,.68,.68, 100
04/08/2020,17:17,.65,.65,.65,.65, 582
04/08/2020,17:30,.68,.68,.68,.68, 123
04/08/2020,17:36,.68,.68,.68,.68, 100
04/08/2020,18:48,.679,.679,.679,.679, 100
04/08/2020,19:03,.675,.675,.675,.675, 150
04/08/2020,19:17,.678,.678,.678,.678, 690
04/08/2020,19:25,.678,.678,.678,.678, 100
04/08/2020,19:27,.67,.67,.67,.67, 200
04/08/2020,19:45,.67,.67,.67,.67, 123
04/08/2020,19:54,.67,.67,.67,.67, 100
04/08/2020,20:21,.65,.65,.65,.65, 256
04/08/2020,20:50,.66,.66,.66,.66, 100
04/09/2020,15:31,.66,.66,.66,.66, 352
04/09/2020,15:38,.68,.68,.68,.68, 1000
04/09/2020,15:39,.68,.68,.68,.68, 15000
04/09/2020,15:40,.685,.7,.676,.695, 18450
04/09/2020,15:41,.695,.7,.695,.7, 22300
04/09/2020,15:41,.71,.72,.71,.719, 3500
04/09/2020,15:42,.72,.74,.72,.738, 9669
04/09/2020,15:46,.72,.72,.72,.72, 400
04/09/2020,15:47,.72,.72,.72,.72, 6004
04/09/2020,15:48,.71,.71,.71,.71, 200
04/09/2020,15:53,.715,.715,.715,.715, 200
04/09/2020,15:53,.715,.717,.715,.715, 400
04/09/2020,15:58,.72,.72,.72,.72, 235
04/09/2020,15:59,.68,.68,.68,.68, 2500
04/09/2020,16:00,.72,.72,.72,.72, 1477
04/09/2020,16:04,.68,.681,.68,.681, 1500
04/09/2020,16:04,.68,.68,.662,.662, 11000
04/09/2020,16:10,.71,.71,.71,.71, 400
04/09/2020,16:23,.703,.704,.7,.704, 2000
04/09/2020,16:26,.7,.7,.67,.67, 10000
04/09/2020,16:53,.719,.719,.719,.719, 100
04/09/2020,17:16,.685,.688,.685,.688, 2000
04/09/2020,17:22,.67,.68,.67,.68, 2600
04/09/2020,17:25,.71,.71,.71,.71, 6900
04/09/2020,17:35,.71,.71,.695,.695, 4100
04/09/2020,17:44,.706,.706,.706,.706, 4898
04/09/2020,17:51,.719,.73,.715,.72, 9718
04/09/2020,17:52,.73,.73,.72,.72, 1600
04/09/2020,17:53,.72,.72,.72,.72, 100
04/09/2020,17:57,.72,.72,.72,.72, 100
04/09/2020,18:03,.721,.721,.721,.721, 400
04/09/2020,18:06,.72,.73,.7,.7, 4300
04/09/2020,18:11,.71,.71,.71,.71, 1500
04/09/2020,18:19,.71,.71,.71,.71, 1133
04/09/2020,18:28,.715,.725,.71,.725, 2627
04/09/2020,18:30,.715,.715,.715,.715, 1400
04/09/2020,18:32,.71,.712,.71,.712, 200
04/09/2020,18:32,.715,.715,.715,.715, 400
04/09/2020,18:38,.717,.717,.715,.715, 2000
04/09/2020,18:42,.715,.715,.715,.715, 200
04/09/2020,18:42,.715,.715,.715,.715, 100
04/09/2020,18:54,.715,.722,.715,.722, 1100
04/09/2020,19:10,.73,.73,.729,.73, 6992
04/09/2020,19:10,.739,.739,.727,.727, 2000
04/09/2020,19:17,.73,.733,.73,.73, 1000
04/09/2020,19:17,.732,.732,.727,.727, 440
04/09/2020,19:23,.726,.726,.726,.726, 2040
04/09/2020,19:52,.735,.735,.735,.735, 100
04/09/2020,19:52,.73,.73,.73,.73, 100
04/09/2020,19:58,.735,.735,.735,.735, 100
04/09/2020,20:00,.73,.73,.73,.73, 600
04/09/2020,20:00,.732,.734,.726,.726, 4400
04/09/2020,20:09,.72,.72,.72,.72, 1000
04/09/2020,20:14,.727,.727,.727,.727, 311
04/09/2020,20:22,.735,.735,.735,.735, 800
04/09/2020,20:40,.724,.724,.72,.72, 2000
04/09/2020,20:45,.73,.73,.73,.73, 698
04/09/2020,20:50,.727,.727,.727,.727, 500
04/09/2020,20:59,.725,.725,.725,.725, 270
04/09/2020,21:07,.727,.727,.725,.727, 1102
04/09/2020,21:12,.727,.727,.727,.727, 1000
04/09/2020,21:18,.725,.725,.72,.72, 3500
04/09/2020,21:23,.72,.72,.72,.72, 350
04/09/2020,21:49,.72,.72,.72,.72, 209
04/09/2020,22:00,.73,.73,.72,.72, 200
04/09/2020,22:00,.72,.72,.72,.72, 3080
04/13/2020,15:31,.72,.72,.717,.717, 422
04/13/2020,15:33,.716,.716,.716,.716, 100
04/13/2020,16:06,.702,.702,.702,.702, 130
04/13/2020,16:10,.7,.7,.7,.7, 1000
04/13/2020,16:12,.7,.7,.7,.7, 2000
04/13/2020,16:16,.7,.7,.666,.666, 2000
04/13/2020,16:35,.667,.702,.65,.702, 18600
04/13/2020,16:45,.68,.68,.68,.68, 3200
04/13/2020,16:51,.66,.68,.66,.675, 9442
04/13/2020,17:02,.675,.675,.675,.675, 100
04/13/2020,17:16,.673,.673,.673,.673, 100
04/13/2020,17:25,.673,.673,.673,.673, 1000
04/13/2020,18:04,.675,.675,.675,.675, 100
04/13/2020,18:09,.675,.675,.675,.675, 100
04/13/2020,18:12,.675,.675,.675,.675, 400
04/13/2020,18:12,.675,.675,.675,.675, 100
04/13/2020,18:23,.67,.67,.67,.67, 300
04/13/2020,19:19,.675,.675,.675,.675, 200
04/13/2020,19:39,.675,.675,.675,.675, 150
04/13/2020,19:54,.675,.675,.675,.675, 100
04/13/2020,20:14,.675,.702,.675,.702, 5250
04/13/2020,21:05,.702,.702,.702,.702, 500
04/13/2020,21:26,.702,.702,.702,.702, 100
04/13/2020,21:56,.68,.68,.68,.68, 100
04/14/2020,15:31,.69,.69,.69,.69, 2751
04/14/2020,15:42,.687,.687,.687,.687, 300
04/14/2020,15:59,.69,.69,.69,.69, 100
04/14/2020,16:09,.68,.68,.66,.66, 6084
04/14/2020,16:10,.675,.675,.675,.675, 200
04/14/2020,16:25,.662,.662,.66,.66, 737
04/14/2020,17:18,.716,.716,.716,.716, 100
04/14/2020,17:42,.704,.716,.704,.712, 2100
04/14/2020,17:43,.716,.716,.693,.693, 387
04/14/2020,18:02,.693,.695,.693,.695, 540
04/14/2020,18:06,.716,.716,.716,.716, 100
04/14/2020,18:14,.693,.693,.673,.673, 307
04/14/2020,18:38,.716,.716,.716,.716, 100
04/14/2020,18:39,.69,.69,.69,.69, 100
04/14/2020,18:43,.716,.716,.716,.716, 300
04/14/2020,19:03,.7,.7,.7,.7, 200
04/14/2020,19:08,.7,.7,.7,.7, 200
04/14/2020,19:27,.716,.716,.716,.716, 100
04/14/2020,19:33,.673,.673,.673,.673, 200
04/14/2020,19:45,.673,.673,.673,.673, 550
04/14/2020,19:53,.712,.716,.712,.716, 600
04/14/2020,20:04,.72,.72,.72,.72, 100
04/14/2020,20:19,.72,.72,.72,.72, 100
04/14/2020,20:33,.717,.717,.717,.717, 100
04/14/2020,21:39,.698,.698,.698,.698, 1000
04/15/2020,15:31,.68,.68,.68,.68, 171
04/15/2020,15:32,.733,.733,.733,.733, 200
04/15/2020,15:39,.735,.735,.735,.735, 200
04/15/2020,16:21,.72,.72,.72,.72, 3302
04/15/2020,16:23,.7,.7,.7,.7, 142
04/15/2020,16:25,.7,.7,.7,.7, 936
04/15/2020,16:33,.7,.7,.7,.7, 127
04/15/2020,16:38,.67,.67,.67,.67, 150
04/15/2020,17:08,.7,.7,.7,.7, 200
04/15/2020,17:14,.695,.7,.685,.7, 6900
04/15/2020,17:41,.706,.706,.706,.706, 176
04/15/2020,17:55,.714,.714,.714,.714, 100
04/15/2020,19:51,.735,.735,.735,.735, 1000
04/15/2020,20:57,.714,.714,.714,.714, 800
04/15/2020,21:25,.724,.724,.724,.724, 1401
04/15/2020,22:00,.714,.714,.714,.714, 1358
04/16/2020,16:11,.714,.714,.714,.714, 10000
04/16/2020,16:11,.702,.702,.702,.702, 5000
04/16/2020,16:18,.71,.714,.695,.714, 7200
04/16/2020,16:19,.69,.748,.69,.748, 6800
04/16/2020,16:19,.75,.75,.746,.746, 3300
04/16/2020,16:22,.76,.79,.76,.79, 5169
04/16/2020,16:23,.78,.84,.776,.836, 41486
04/16/2020,16:24,.82,.823,.8,.805, 11400
04/16/2020,16:25,.77,.77,.77,.77, 600
04/16/2020,16:26,.8,.82,.8,.82, 9200
04/16/2020,16:27,.8,.82,.8,.8, 17500
04/16/2020,16:27,.8,.8,.8,.8, 500
04/16/2020,16:29,.806,.826,.8,.814, 7505
04/16/2020,16:30,.82,.82,.82,.82, 100
04/16/2020,16:30,.84,.863,.82,.86, 3056
04/16/2020,16:32,.83,.85,.83,.85, 1300
04/16/2020,16:32,.835,.835,.835,.835, 200
04/16/2020,16:34,.835,.863,.83,.83, 3100
04/16/2020,16:35,.863,.863,.83,.83, 300
04/16/2020,16:36,.83,.83,.83,.83, 630
04/16/2020,16:37,.83,.847,.83,.847, 700
04/16/2020,16:38,.85,.85,.83,.85, 1420
04/16/2020,16:40,.85,.85,.85,.85, 120
04/16/2020,16:43,.83,.834,.83,.83, 7277
04/16/2020,16:44,.8,.804,.78,.784, 3316
04/16/2020,16:45,.771,.781,.75,.766, 8050
04/16/2020,16:47,.75,.766,.75,.766, 2716
04/16/2020,16:54,.75,.75,.75,.75, 285
04/16/2020,17:02,.81,.81,.81,.81, 100
04/16/2020,17:22,.76,.76,.76,.76, 100
04/16/2020,17:24,.75,.75,.75,.75, 500
04/16/2020,17:33,.75,.75,.75,.75, 400
04/16/2020,17:38,.758,.758,.758,.758, 200
04/16/2020,17:40,.758,.758,.758,.758, 200
04/16/2020,18:01,.758,.758,.758,.758, 2000
04/16/2020,18:01,.754,.754,.75,.75, 2349
04/16/2020,18:11,.75,.75,.75,.75, 4215
04/16/2020,18:14,.742,.754,.742,.752, 1800
04/16/2020,18:19,.73,.73,.73,.73, 100
04/16/2020,18:21,.742,.742,.742,.742, 200
04/16/2020,18:25,.742,.742,.742,.742, 150
04/16/2020,18:36,.73,.73,.73,.73, 3000
04/16/2020,18:41,.742,.742,.742,.742, 1850
04/16/2020,18:43,.73,.73,.73,.73, 800
04/16/2020,18:50,.73,.73,.73,.73, 100
04/16/2020,19:02,.757,.757,.757,.757, 200
04/16/2020,19:18,.75,.75,.746,.746, 1000
04/16/2020,19:27,.74,.74,.73,.73, 1595
04/16/2020,19:29,.73,.73,.73,.73, 355
04/16/2020,19:49,.744,.744,.744,.744, 3000
04/16/2020,20:15,.757,.757,.757,.757, 100
04/16/2020,20:22,.74,.74,.74,.74, 308
04/16/2020,20:26,.74,.74,.74,.74, 452
04/16/2020,20:32,.749,.749,.749,.749, 200
04/16/2020,20:33,.741,.741,.741,.741, 200
04/16/2020,20:33,.757,.757,.757,.757, 100
04/16/2020,20:47,.744,.744,.744,.744, 500
04/16/2020,20:49,.754,.754,.754,.754, 500
04/16/2020,20:59,.74,.74,.74,.74, 640
04/16/2020,21:11,.757,.757,.757,.757, 800
04/16/2020,21:16,.757,.757,.757,.757, 100
04/16/2020,21:28,.74,.744,.74,.744, 520
04/16/2020,21:38,.757,.757,.757,.757, 239
04/16/2020,21:41,.757,.757,.757,.757, 100
04/16/2020,22:01,.731,.731,.731,.731, 411
04/17/2020,15:42,.784,.784,.784,.784, 100
04/17/2020,15:43,.767,.767,.731,.731, 1000
04/17/2020,15:48,.77,.77,.77,.77, 716
04/17/2020,15:57,.731,.731,.731,.731, 2000
04/17/2020,15:58,.715,.715,.715,.715, 200
04/17/2020,16:06,.704,.704,.7,.7, 1124
04/17/2020,16:11,.73,.73,.73,.73, 200
04/17/2020,16:27,.7,.7,.7,.7, 100
04/17/2020,16:34,.7,.7,.7,.7, 2000
04/17/2020,16:49,.7,.7,.7,.7, 200
04/17/2020,16:53,.7,.7,.69,.69, 1406
04/17/2020,16:54,.685,.685,.64,.66, 6950
04/17/2020,16:57,.64,.64,.63,.63, 4400
04/17/2020,16:59,.63,.659,.63,.659, 2327
04/17/2020,17:00,.659,.659,.646,.653, 2600
04/17/2020,17:10,.65,.65,.65,.65, 400
04/17/2020,17:14,.697,.697,.697,.697, 100
04/17/2020,17:19,.682,.702,.682,.682, 400
04/17/2020,17:22,.7,.7,.7,.7, 100
04/17/2020,17:26,.7,.7,.7,.7, 200
04/17/2020,17:27,.653,.653,.653,.653, 100
04/17/2020,17:29,.7,.7,.7,.7, 100
04/17/2020,17:43,.7,.7,.7,.7, 200
04/17/2020,18:19,.7,.7,.7,.7, 300
04/17/2020,18:36,.7,.7,.7,.7, 100
04/17/2020,18:54,.686,.686,.686,.686, 200
04/17/2020,19:09,.7,.7,.7,.7, 200
04/17/2020,19:25,.692,.7,.692,.692, 2000
04/17/2020,19:27,.697,.697,.697,.697, 1000
04/17/2020,19:48,.7,.7,.7,.7, 100
04/17/2020,20:27,.7,.7,.7,.7, 100
04/17/2020,21:06,.67,.67,.67,.67, 1000
04/17/2020,21:34,.67,.67,.67,.67, 1200
04/17/2020,21:45,.7,.7,.7,.7, 250
04/17/2020,22:00,.674,.674,.674,.674, 322

