03/02/2020,09:34,182.0182,182.0182,182.0182,182.0182, 1
03/03/2020,08:43,182.0182,182.0182,182.0182,182.0182, 1
03/04/2020,08:49,181.9782,181.9782,181.9782,181.9782, 1
03/05/2020,08:40,181.8482,181.8482,181.8482,181.8482, 1
03/06/2020,09:37,181.6881,181.6881,181.6881,181.6881, 1
03/09/2020,08:43,181.6682,181.6682,181.6682,181.6682, 1
03/10/2020,08:49,181.6682,181.6682,181.6682,181.6682, 1
03/11/2020,08:49,182.4282,182.4282,182.4282,182.4282, 1
03/12/2020,09:40,182.8683,182.8683,182.8683,182.8683, 1
03/13/2020,08:46,184.2416,184.2416,184.2416,184.2416, 1
03/15/2020,08:46,184.2416,184.2416,184.2416,184.2416, 1
03/15/2020,13:04,184.2416,184.2416,184.2416,184.2416, 1
03/16/2020,09:13,184.0216,184.0216,184.0216,184.0216, 1
03/17/2020,10:13,184.9215,184.9215,184.9215,184.9215, 1
03/18/2020,09:28,185.3814,185.3814,185.3814,185.3814, 1
03/19/2020,08:55,186.275,186.275,186.275,186.275, 1
03/20/2020,09:46,187.1013,187.1013,187.1013,187.1013, 1
03/23/2020,09:40,187.1013,187.1013,187.1013,187.1013, 1
03/24/2020,12:01,187.1013,187.1013,187.1013,187.1013, 1
03/25/2020,08:37,187.1013,187.1013,187.1013,187.1013, 1
03/26/2020,08:49,187.1013,187.1013,187.1013,187.1013, 1
03/27/2020,08:52,188.4011,188.4011,188.4011,188.4011, 1
03/30/2020,08:46,190.411,190.411,190.411,190.411, 1
03/31/2020,08:28,188.8311,188.8311,188.8311,188.8311, 1

