02/06/2020,09:01,990.12,990.12,990.12,990.12, 1
02/06/2020,09:02,990.12,990.12,990.12,990.12, 6
02/06/2020,09:02,990.12,990.12,990.12,990.12, 1
02/07/2020,09:10,987.02,987.02,987.02,987.02, 1
02/10/2020,09:13,985.28,985.28,985.28,985.28, 1
02/13/2020,08:53,979.05,979.05,979.05,979.05, 1
02/14/2020,08:39,975.42,975.42,975.42,975.42, 1
02/17/2020,09:12,975.6399,975.6399,975.6399,975.6399, 1
02/18/2020,08:44,975.2099,975.2099,975.2099,975.2099, 1
02/19/2020,08:41,971.96,971.96,971.96,971.96, 1
02/20/2020,09:11,971.85,971.85,971.85,971.85, 2
02/21/2020,08:50,971.63,971.63,971.63,971.63, 1
02/24/2020,09:20,974.545,974.545,974.545,974.545, 1
02/24/2020,09:21,974.545,974.545,974.545,974.545, 2
02/25/2020,09:20,977.095,977.095,977.095,977.095, 1
02/26/2020,08:57,977.98,977.98,977.98,977.98, 1

