03/02/2020,09:41,14311.75,14311.75,14311.75,14311.75, 1
03/03/2020,08:45,14235.35,14235.35,14235.35,14235.35, 1
03/04/2020,09:39,14197.55,14197.55,14197.55,14197.55, 2
03/05/2020,08:40,14154,14154,14154,14154, 1
03/06/2020,09:33,14231.7,14231.7,14231.7,14231.7, 1
03/09/2020,08:46,14262.6,14262.6,14262.6,14262.6, 1
03/10/2020,08:51,14408.1,14408.1,14408.1,14408.1, 1
03/11/2020,09:05,14320.1,14320.1,14320.1,14320.1, 1
03/12/2020,09:44,14363.55,14363.55,14363.55,14363.55, 1
03/13/2020,08:46,14564.2,14564.2,14564.2,14564.2, 1
03/15/2020,12:06,14564.2,14564.2,14564.2,14564.2, 1
03/16/2020,09:41,14609.4,14609.4,14609.4,14609.4, 1
03/17/2020,09:39,14930.05,14930.05,14930.05,14930.05, 1
03/18/2020,09:34,15126.1,15126.1,15126.1,15126.1, 1
03/19/2020,09:13,15374.05,15374.05,15374.05,15374.05, 1
03/20/2020,09:45,15837.85,15837.85,15837.85,15837.85, 1
03/23/2020,09:21,16097.55,16097.55,16097.55,16097.55, 1
03/24/2020,09:00,16615.15,16615.15,16615.15,16615.15, 1
03/25/2020,09:05,16308.95,16308.95,16308.95,16308.95, 1
03/26/2020,08:56,16144.55,16144.55,16144.55,16144.55, 1
03/27/2020,08:57,16138.5,16138.5,16138.5,16138.5, 1
03/30/2020,08:55,16225.15,16225.15,16225.15,16225.15, 1
03/31/2020,08:38,16345.05,16345.05,16345.05,16345.05, 1

