01/02/2020,15:53,62,62,62,62, 200
01/02/2020,17:14,62.4,62.78,61.63,61.63, 1121
01/02/2020,22:00,61.7,61.7,61.7,61.7, 100
01/03/2020,16:09,62.51,62.51,62.51,62.51, 100
01/03/2020,16:14,62.65,62.65,62.65,62.65, 300
01/03/2020,16:58,62.79,63,62.78,62.82, 1038
01/03/2020,18:36,63.72,63.72,63.72,63.72, 100
01/03/2020,21:17,63.76,63.76,63.76,63.76, 100
01/03/2020,21:23,63.76,63.76,63.76,63.76, 100
01/03/2020,21:29,63.76,63.76,63.76,63.76, 100
01/03/2020,21:34,63.76,63.76,63.76,63.76, 100
01/03/2020,21:40,63.76,63.76,63.76,63.76, 200
01/03/2020,21:44,63.76,63.76,63.76,63.76, 100
01/03/2020,21:48,63.75,63.75,63.75,63.75, 100
01/03/2020,21:52,63.75,63.76,63.75,63.76, 600
01/06/2020,15:40,64.63,64.63,64.63,64.63, 300
01/06/2020,16:24,64.63,64.63,64.63,64.63, 200
01/06/2020,16:48,63.75,63.75,63.75,63.75, 100
01/07/2020,15:31,64,64,64,64, 100
01/07/2020,15:36,64,64,64,64, 1107
01/07/2020,16:15,64,64,64,64, 500
01/07/2020,21:19,63.8,63.8,62.55,62.55, 200
01/08/2020,15:54,63,63,63,63, 100
01/08/2020,15:57,62.99,62.99,62.99,62.99, 100
01/08/2020,16:57,62.9,62.9,62.9,62.9, 100
01/08/2020,19:51,62.75,62.75,62.75,62.75, 100
01/08/2020,20:07,62.75,62.75,62.75,62.75, 184
01/08/2020,20:10,62.75,62.75,62,62, 2114
01/08/2020,20:11,62.75,62.75,62.75,62.75, 100
01/08/2020,20:34,62.5,62.5,62.5,62.5, 100
01/08/2020,21:48,62.82,62.82,62.82,62.82, 100
01/09/2020,17:37,61.75,61.75,61.75,61.75, 100
01/09/2020,18:27,61.7,61.7,61.7,61.7, 300
01/09/2020,19:19,62,62,62,62, 300
01/09/2020,19:19,61.99,62,61.6,61.6, 310
01/09/2020,19:33,61.98,62,61.55,61.55, 1191
01/09/2020,20:25,62,62,62,62, 922
01/09/2020,20:47,61.92,61.92,61.92,61.92, 550
01/09/2020,21:19,62,62,62,62, 476
01/09/2020,21:42,62.25,62.25,62.25,62.25, 450
01/10/2020,16:49,63.5,63.5,63.5,63.5, 220
01/10/2020,17:09,63.23,63.46,63.23,63.46, 370
01/10/2020,17:26,63.46,63.46,63.46,63.46, 246
01/10/2020,20:05,62.5,62.5,62.5,62.5, 100
01/10/2020,20:37,63.27,63.27,63.27,63.27, 224
01/10/2020,20:41,63.36,63.36,63.25,63.25, 550
01/10/2020,20:46,63.28,63.4,63.28,63.4, 1223
01/13/2020,17:31,63.9,63.9,63.9,63.9, 224
01/13/2020,18:39,64,64,64,64, 100
01/13/2020,19:03,64,64,64,64, 313
01/13/2020,19:07,64.2,64.2,64.17,64.17, 1623
01/13/2020,19:12,63.92,63.92,63.92,63.92, 100
01/13/2020,19:52,63.9,63.9,63.9,63.9, 200
01/13/2020,20:02,63.9,63.9,63.9,63.9, 100
01/13/2020,21:53,63.13,63.13,63.13,63.13, 543
01/14/2020,18:01,63.15,63.15,63.15,63.15, 300
01/14/2020,18:40,63.14,63.14,63.14,63.14, 221
01/14/2020,18:52,63.14,63.14,63.14,63.14, 100
01/14/2020,20:30,63.13,63.13,63.13,63.13, 100
01/14/2020,21:51,63.99,63.99,63.99,63.99, 275
01/14/2020,21:53,64.06,64.06,64.06,64.06, 1425
01/15/2020,20:43,63.96,63.96,63.96,63.96, 135
01/15/2020,21:49,63.99,63.99,63.99,63.99, 143
01/16/2020,20:41,64,64,64,64, 200
01/17/2020,16:02,63.75,63.75,63.75,63.75, 100
01/17/2020,19:57,64.01,64.01,64,64, 338
01/21/2020,15:31,64,64,64,64, 463
01/21/2020,17:55,64.21,64.21,64.21,64.21, 100
01/21/2020,21:48,64.68,64.68,64.68,64.68, 200
01/22/2020,15:56,64.09,64.09,64,64, 852
01/22/2020,16:37,64.8,64.8,64.8,64.8, 100
01/22/2020,20:11,63.7,63.9,63.7,63.9, 200
01/22/2020,20:46,63,63,63,63, 156
01/22/2020,20:47,63.25,63.25,63.25,63.25, 200
01/22/2020,20:50,63.25,63.25,63.25,63.25, 220
01/24/2020,16:37,63,63,63,63, 100
01/30/2020,17:00,62.55,62.55,62.55,62.55, 400
01/30/2020,19:33,62.58,62.58,62.58,62.58, 100
01/30/2020,19:36,62.75,62.75,62.75,62.75, 100
01/30/2020,19:41,62.65,62.65,62.65,62.65, 200
01/30/2020,19:42,62.66,62.66,62.66,62.66, 200
01/30/2020,19:44,62.75,62.75,62.75,62.75, 178
01/30/2020,19:45,62.63,62.63,62.63,62.63, 100
01/30/2020,19:49,62.62,62.62,62.62,62.62, 100
01/30/2020,19:51,62.58,62.58,62.58,62.58, 100
01/31/2020,15:49,62.5,62.5,62.5,62.5, 100
01/31/2020,20:06,62.01,62.01,62.01,62.01, 555
01/31/2020,21:19,62.5,62.5,62.5,62.5, 100
01/31/2020,21:38,62.28,62.28,62.28,62.28, 300
01/31/2020,21:44,62.5,62.5,62.33,62.33, 200
01/31/2020,21:56,62.5,62.5,62.5,62.5, 300

