01/02/2020,09:34,3030,3030,3030,3030, 6
01/02/2020,10:13,3045,3045,3045,3045, 2
01/02/2020,10:36,3040,3040,3040,3040, 5
01/02/2020,10:58,3046,3046,3046,3046, 1
01/02/2020,11:02,3048,3048,3048,3048, 5
01/02/2020,11:12,3047.5,3047.5,3047.5,3047.5, 2
01/02/2020,11:26,3047.5,3047.5,3047.5,3047.5, 3
01/02/2020,12:25,3052,3052,3052,3052, 1
01/02/2020,13:11,3054.5,3054.5,3054.5,3054.5, 2
01/02/2020,13:11,3055,3055,3055,3055, 3
01/02/2020,13:26,3055,3055,3055,3055, 3
01/02/2020,13:54,3053,3053,3053,3053, 3
01/02/2020,14:24,3055,3055,3055,3055, 2
01/02/2020,15:20,3063,3063,3063,3063, 3
01/02/2020,15:34,3067,3067,3067,3067, 1
01/02/2020,15:37,3067,3067,3067,3067, 2
01/02/2020,15:46,3070,3070,3070,3070, 6
01/02/2020,16:30,3069,3069,3069,3069, 3
01/02/2020,16:30,3070,3070,3070,3070, 5
01/02/2020,16:58,3066,3066,3066,3066, 15
01/02/2020,17:00,3065,3065,3065,3065, 5
01/02/2020,17:07,3068,3068,3068,3068, 3
01/02/2020,17:09,3065,3065.5,3065,3065.5, 4
01/02/2020,17:13,3065.5,3067,3065.5,3066, 16
01/02/2020,17:13,3066,3066,3066,3066, 2
01/02/2020,17:16,3065,3066,3065,3066, 8
01/02/2020,17:30,3063,3063,3063,3063, 8
01/02/2020,17:32,3063.5,3063.5,3063.5,3063.5, 16
01/02/2020,17:34,3066,3066,3066,3066, 10
01/02/2020,17:36,3068,3068,3068,3068, 2
01/02/2020,17:39,3071,3071,3071,3071, 2
01/03/2020,09:01,3042,3042,3042,3042, 2
01/03/2020,09:03,3042.5,3042.5,3042.5,3042.5, 2
01/03/2020,09:04,3044.5,3044.5,3044,3044, 3
01/03/2020,09:37,3040,3040,3040,3040, 2
01/03/2020,09:41,3039,3039,3039,3039, 1
01/03/2020,09:48,3038.5,3038.5,3038.5,3038.5, 1
01/03/2020,10:26,3032,3032,3032,3032, 2
01/03/2020,12:34,3017,3017,3017,3017, 5
01/03/2020,13:02,3012,3012,3012,3012, 2
01/03/2020,14:05,3019,3019,3019,3019, 2
01/03/2020,16:26,3025,3025,3025,3025, 3
01/03/2020,16:35,3028,3028,3028,3028, 1
01/03/2020,17:14,3031.5,3031.5,3031.5,3031.5, 5
01/03/2020,17:17,3029,3029,3029,3029, 5
01/03/2020,17:20,3030,3030,3030,3030, 1
01/03/2020,17:30,3031,3031,3031,3031, 8
01/03/2020,17:31,3031,3031,3031,3031, 9
01/06/2020,09:23,2995,2995,2995,2995, 1
01/06/2020,09:24,2993,2993,2993,2993, 4
01/06/2020,09:35,2976.5,2976.5,2976,2976, 4
01/06/2020,09:36,2978,2978,2978,2978, 2
01/06/2020,09:37,2977,2977,2977,2977, 5
01/06/2020,09:37,2976,2976,2976,2976, 5
01/06/2020,09:39,2975,2975,2971,2971, 10
01/06/2020,09:40,2970.5,2970.5,2970.5,2970.5, 15
01/06/2020,09:41,2972,2972,2972,2972, 5
01/06/2020,09:46,2974,2974,2974,2974, 4
01/06/2020,09:54,2970,2970,2970,2970, 2
01/06/2020,10:11,2963,2963,2963,2963, 2
01/06/2020,10:31,2958,2958,2958,2958, 4
01/06/2020,10:35,2954.5,2954.5,2954.5,2954.5, 2
01/06/2020,11:12,2962,2962,2962,2962, 4
01/06/2020,12:01,2973,2973,2973,2973, 2
01/06/2020,12:24,2977,2977,2977,2977, 2
01/06/2020,12:30,2977.5,2977.5,2977.5,2977.5, 3
01/06/2020,13:55,2982,2982,2982,2982, 10
01/06/2020,14:06,2978.5,2978.5,2978.5,2978.5, 3
01/06/2020,15:00,2978,2978,2978,2978, 1
01/06/2020,15:12,2982,2982,2980.5,2980.5, 10
01/06/2020,15:25,2982.5,2982.5,2982.5,2982.5, 1
01/06/2020,15:35,2981.5,2981.5,2981,2981, 4
01/06/2020,15:38,2987.5,2987.5,2986.5,2986.5, 7
01/06/2020,15:39,2984.5,2984.5,2984.5,2984.5, 5
01/06/2020,15:42,2985.5,2985.5,2985.5,2985.5, 1
01/06/2020,15:45,2985,2985,2985,2985, 3
01/06/2020,15:47,2985,2985,2985,2985, 3
01/06/2020,15:48,2985,2985,2985,2985, 6
01/06/2020,16:20,2990,2990,2990,2990, 1
01/06/2020,16:30,2996.5,2996.5,2996.5,2996.5, 2
01/06/2020,17:07,3000,3000,3000,3000, 1
01/06/2020,17:15,3003.5,3003.5,3003.5,3003.5, 5
01/06/2020,17:19,3003.5,3003.5,3003.5,3003.5, 1
01/06/2020,17:22,2999.5,2999.5,2999.5,2999.5, 3
01/07/2020,09:06,3030,3030,3030,3030, 10
01/07/2020,09:21,3035.5,3035.5,3035.5,3035.5, 4
01/07/2020,09:21,3035,3035,3035,3035, 4
01/07/2020,12:41,3047,3047,3047,3047, 5
01/07/2020,15:08,3034,3034,3034,3034, 3
01/07/2020,15:32,3029,3029,3029,3029, 1
01/07/2020,15:34,3030,3030,3029.5,3029.5, 5
01/07/2020,15:36,3033,3033,3033,3033, 1
01/07/2020,15:40,3031,3031,3031,3031, 2
01/07/2020,17:18,3035.5,3035.5,3035.5,3035.5, 1
01/08/2020,09:08,3013,3013,3013,3013, 2
01/08/2020,09:13,3005,3005,3005,3005, 5
01/08/2020,11:26,3017.5,3017.5,3017.5,3017.5, 3
01/08/2020,12:07,3020.5,3020.5,3020.5,3020.5, 2
01/08/2020,12:17,3020.5,3020.5,3020.5,3020.5, 5
01/08/2020,14:35,3037.5,3039,3037.5,3037.5, 6
01/08/2020,14:48,3028,3028,3028,3028, 5
01/08/2020,15:35,3031.5,3031.5,3031.5,3031.5, 2
01/08/2020,15:45,3035,3035,3035,3035, 1
01/08/2020,17:15,3040,3040,3039,3039, 5
01/09/2020,09:02,3079.5,3079.5,3079.5,3079.5, 1
01/09/2020,09:03,3080,3080,3080,3080, 2
01/09/2020,09:15,3088,3088,3088,3088, 5
01/09/2020,09:19,3089,3089,3089,3089, 24
01/09/2020,09:19,3089,3089,3089,3089, 8
01/09/2020,09:23,3094,3094,3094,3094, 5
01/09/2020,09:35,3094.5,3094.5,3094.5,3094.5, 3
01/09/2020,09:47,3093,3094,3093,3094, 6
01/09/2020,09:48,3090.5,3090.5,3090.5,3090.5, 1
01/09/2020,09:50,3092,3092.5,3092,3092.5, 10
01/09/2020,09:50,3094,3096,3094,3094, 31
01/09/2020,09:52,3091.5,3091.5,3091.5,3091.5, 5
01/09/2020,10:00,3092.5,3093,3092.5,3093, 4
01/09/2020,10:00,3093,3093.5,3093,3093.5, 4
01/09/2020,10:44,3093.5,3093.5,3093.5,3093.5, 2
01/09/2020,10:48,3099,3099,3099,3099, 1
01/09/2020,11:07,3105,3105,3105,3105, 2
01/09/2020,11:09,3105,3105,3105,3105, 1
01/09/2020,11:13,3106.5,3106.5,3106.5,3106.5, 3
01/09/2020,12:08,3102,3102,3102,3102, 3
01/09/2020,13:40,3095.5,3095.5,3095.5,3095.5, 3
01/09/2020,15:18,3089.5,3089.5,3089.5,3089.5, 2
01/09/2020,15:34,3088.5,3088.5,3088.5,3088.5, 1
01/09/2020,15:36,3090,3090.5,3090,3090.5, 10
01/09/2020,16:46,3096,3096,3096,3096, 6
01/09/2020,16:47,3096,3096,3096,3096, 9
01/09/2020,16:57,3097,3097,3097,3097, 2
01/09/2020,17:03,3096,3096,3096,3096, 4
01/09/2020,17:13,3094.5,3094.5,3094.5,3094.5, 2
01/09/2020,17:15,3092,3092,3092,3092, 3
01/09/2020,17:23,3094.5,3094.5,3094.5,3094.5, 10
01/09/2020,17:27,3092.5,3093,3092.5,3093, 10
01/10/2020,09:15,3117.5,3117.5,3117.5,3117.5, 5
01/10/2020,09:19,3110.5,3110.5,3110.5,3110.5, 5
01/10/2020,09:24,3111.5,3111.5,3111.5,3111.5, 5
01/10/2020,09:38,3104,3104,3104,3104, 20
01/10/2020,10:27,3108,3108,3108,3108, 10
01/10/2020,10:32,3109.5,3109.5,3109.5,3109.5, 10
01/10/2020,11:28,3115,3115,3115,3115, 4
01/10/2020,11:36,3115,3115,3115,3115, 2
01/10/2020,11:37,3115,3115,3115,3115, 10
01/10/2020,11:37,3115,3115,3115,3115, 4
01/10/2020,12:17,3111.5,3111.5,3111.5,3111.5, 2
01/10/2020,12:19,3112,3112,3112,3112, 3
01/10/2020,12:31,3111,3111,3110,3110, 6
01/10/2020,12:32,3111,3111,3111,3111, 5
01/10/2020,12:33,3111,3111,3111,3111, 5
01/10/2020,12:35,3112,3112,3112,3112, 6
01/10/2020,12:35,3112.5,3112.5,3112.5,3112.5, 5
01/10/2020,12:38,3111,3111,3111,3111, 9
01/10/2020,13:29,3106,3106,3106,3106, 6
01/10/2020,13:36,3108.5,3111.5,3108.5,3111.5, 23
01/10/2020,14:20,3105,3105,3105,3105, 1
01/10/2020,16:26,3115.5,3115.5,3115.5,3115.5, 3
01/10/2020,16:56,3107,3107,3107,3107, 2
01/10/2020,16:57,3109,3109,3109,3109, 1
01/10/2020,17:19,3109,3109,3109,3109, 4
01/13/2020,09:08,3127.5,3128,3127.5,3128, 6
01/13/2020,09:11,3128,3130,3128,3130, 5
01/13/2020,09:11,3130,3130,3130,3130, 1
01/13/2020,09:12,3133,3133,3133,3133, 5
01/13/2020,10:01,3125,3125,3125,3125, 5
01/13/2020,10:32,3123,3123,3123,3123, 3
01/13/2020,10:36,3121.5,3121.5,3121.5,3121.5, 2
01/13/2020,10:45,3126.5,3126.5,3126.5,3126.5, 3
01/13/2020,12:38,3117,3117,3117,3117, 2
01/13/2020,12:40,3116.5,3116.5,3116.5,3116.5, 4
01/13/2020,12:40,3116.5,3116.5,3116.5,3116.5, 1
01/13/2020,14:16,3110,3110,3110,3110, 4
01/13/2020,14:18,3110,3110,3110,3110, 1
01/13/2020,14:48,3104.5,3104.5,3104.5,3104.5, 5
01/13/2020,15:49,3097.5,3097.5,3097.5,3097.5, 1
01/13/2020,15:51,3095.5,3095.5,3095.5,3095.5, 1
01/13/2020,17:04,3094.5,3094.5,3094.5,3094.5, 1
01/13/2020,17:17,3091,3091,3091,3091, 5
01/13/2020,17:24,3090,3090,3090,3090, 1
01/13/2020,17:55,3100,3100,3100,3100, 1
01/14/2020,09:08,3087.5,3087.5,3087.5,3087.5, 4
01/14/2020,09:51,3078.5,3078.5,3078.5,3078.5, 1
01/14/2020,10:06,3092,3092,3092,3092, 1
01/14/2020,11:06,3088,3088,3088,3088, 5
01/14/2020,12:31,3082,3082,3082,3082, 3
01/14/2020,12:45,3082,3082,3082,3082, 1
01/14/2020,13:38,3086,3086,3086,3086, 2
01/14/2020,13:38,3086,3086,3086,3086, 9
01/14/2020,13:40,3086,3086,3086,3086, 1
01/14/2020,13:41,3086,3086,3086,3086, 1
01/14/2020,13:43,3086,3086,3086,3086, 2
01/14/2020,14:59,3091,3091,3091,3091, 3
01/14/2020,15:41,3092.5,3092.5,3092.5,3092.5, 1
01/14/2020,16:38,3094.5,3094.5,3094.5,3094.5, 2
01/14/2020,17:00,3097.5,3097.5,3097.5,3097.5, 2
01/14/2020,17:11,3102.5,3102.5,3102.5,3102.5, 1
01/14/2020,17:19,3098.5,3098.5,3098.5,3098.5, 2
01/14/2020,17:23,3098.5,3098.5,3098.5,3098.5, 1
01/15/2020,11:52,3111,3111,3111,3111, 5
01/15/2020,12:00,3110.5,3110.5,3110.5,3110.5, 5
01/15/2020,12:12,3110.5,3110.5,3110.5,3110.5, 6
01/15/2020,13:13,3110,3110,3110,3110, 5
01/15/2020,13:15,3111.5,3111.5,3111.5,3111.5, 4
01/15/2020,13:16,3111.5,3111.5,3111.5,3111.5, 1
01/15/2020,13:23,3112,3112,3112,3112, 5
01/15/2020,13:25,3109,3109,3109,3109, 2
01/15/2020,14:21,3105,3105,3105,3105, 6
01/15/2020,14:23,3108,3108,3108,3108, 3
01/15/2020,14:38,3107.5,3107.5,3107.5,3107.5, 3
01/15/2020,14:44,3102,3102,3102,3102, 1
01/15/2020,14:55,3098.5,3098.5,3098.5,3098.5, 5
01/15/2020,15:34,3100.5,3100.5,3100.5,3100.5, 1
01/15/2020,15:50,3100.5,3100.5,3100.5,3100.5, 1
01/15/2020,16:32,3100,3100,3100,3100, 1
01/15/2020,17:14,3096,3096,3096,3096, 2
01/15/2020,17:14,3097.5,3097.5,3097.5,3097.5, 3
01/15/2020,17:28,3098.5,3098.5,3098.5,3098.5, 1
01/16/2020,09:03,3115,3115,3115,3115, 2
01/16/2020,09:07,3115.5,3115.5,3115.5,3115.5, 2
01/16/2020,09:14,3118,3118,3118,3118, 4
01/16/2020,09:14,3118,3118,3118,3118, 1
01/16/2020,09:54,3128,3128,3128,3128, 3
01/16/2020,10:01,3125,3125,3125,3125, 4
01/16/2020,10:01,3125,3125,3125,3125, 1
01/16/2020,10:16,3135,3135,3135,3135, 3
01/16/2020,10:17,3133.5,3133.5,3133.5,3133.5, 3
01/16/2020,10:20,3138,3138,3138,3138, 6
01/16/2020,10:34,3128,3128,3128,3128, 1
01/16/2020,10:51,3123.5,3123.5,3123.5,3123.5, 1
01/16/2020,11:04,3129,3129,3129,3129, 3
01/16/2020,11:21,3128,3128,3128,3128, 3
01/16/2020,14:37,3123,3123,3123,3123, 9
01/16/2020,14:38,3123,3123,3123,3123, 4
01/16/2020,14:39,3124.5,3124.5,3124.5,3124.5, 9
01/16/2020,15:35,3126,3126,3126,3126, 1
01/16/2020,15:47,3124.5,3124.5,3124.5,3124.5, 2
01/16/2020,16:18,3128.5,3128.5,3128.5,3128.5, 3
01/16/2020,16:45,3128.5,3128.5,3128.5,3128.5, 1
01/16/2020,16:46,3128.5,3128.5,3128.5,3128.5, 4
01/16/2020,17:06,3130,3130,3130,3130, 8
01/16/2020,17:07,3130,3130,3130,3130, 3
01/16/2020,17:21,3126,3126,3125.5,3125.5, 7
01/17/2020,09:04,3153,3153,3153,3153, 5
01/17/2020,09:31,3154.5,3154.5,3154.5,3154.5, 6
01/17/2020,09:32,3154.5,3154.5,3154.5,3154.5, 1
01/17/2020,09:41,3155,3155,3155,3155, 2
01/17/2020,09:48,3149,3149,3149,3149, 1
01/17/2020,09:52,3148,3148,3148,3148, 4
01/17/2020,09:55,3140,3140,3139.5,3139.5, 4
01/17/2020,09:56,3139,3139,3138.5,3138.5, 6
01/17/2020,11:44,3146.5,3147,3146.5,3147, 4
01/17/2020,11:52,3145,3145,3145,3145, 1
01/17/2020,11:55,3143.5,3143.5,3143.5,3143.5, 1
01/17/2020,13:10,3144,3144,3144,3144, 2
01/17/2020,15:39,3142.5,3142.5,3142.5,3142.5, 1
01/17/2020,16:37,3153,3153,3153,3153, 1
01/17/2020,16:40,3153,3153,3153,3153, 1
01/17/2020,16:47,3149,3149,3149,3149, 8
01/17/2020,17:12,3149,3149,3149,3149, 4
01/17/2020,17:20,3150,3150,3150,3150, 4
01/17/2020,17:21,3150,3150,3150,3150, 1
01/17/2020,17:42,3159.5,3159.5,3159.5,3159.5, 1
01/20/2020,08:23,3165,3165,3165,3165, 6
01/20/2020,09:07,3168,3169,3168,3169, 7
01/20/2020,09:08,3170.5,3170.5,3170.5,3170.5, 1
01/20/2020,09:10,3169.5,3169.5,3169.5,3169.5, 4
01/20/2020,09:12,3169.5,3169.5,3169.5,3169.5, 1
01/20/2020,09:16,3171,3171,3171,3171, 4
01/20/2020,09:22,3169.5,3169.5,3169.5,3169.5, 2
01/20/2020,09:31,3169.5,3169.5,3169.5,3169.5, 3
01/20/2020,09:34,3172,3172,3172,3172, 2
01/20/2020,11:24,3168.5,3168.5,3168.5,3168.5, 2
01/20/2020,11:52,3168,3168,3168,3168, 6
01/20/2020,12:13,3166.5,3166.5,3166.5,3166.5, 1
01/20/2020,12:33,3168,3168,3168,3168, 2
01/20/2020,13:02,3174,3174,3174,3174, 4
01/20/2020,14:16,3172.5,3172.5,3172.5,3172.5, 1
01/20/2020,14:53,3175.5,3175.5,3175.5,3175.5, 3
01/20/2020,15:44,3174,3174,3174,3174, 3
01/20/2020,16:32,3169.5,3171,3169,3171, 18
01/20/2020,16:35,3171.5,3171.5,3171.5,3171.5, 4
01/20/2020,17:17,3168.5,3168.5,3168.5,3168.5, 4
01/20/2020,17:20,3170,3171,3170,3171, 8
01/20/2020,17:25,3170,3170,3170,3170, 8
01/20/2020,17:26,3170,3170,3170,3170, 2
01/20/2020,19:01,3199,3199,3199,3199, 1
01/21/2020,09:03,3150,3150,3150,3150, 1
01/21/2020,09:05,3146.5,3146.5,3146,3146, 6
01/21/2020,09:11,3142.5,3142.5,3142.5,3142.5, 8
01/21/2020,09:15,3141,3141,3139.5,3139.5, 11
01/21/2020,09:15,3137.5,3137.5,3137.5,3137.5, 2
01/21/2020,09:19,3140,3140,3140,3140, 5
01/21/2020,09:19,3140,3140,3140,3140, 5
01/21/2020,09:21,3141,3141,3141,3141, 4
01/21/2020,09:21,3141,3141,3141,3141, 1
01/21/2020,09:22,3140,3140,3139.5,3139.5, 10
01/21/2020,09:24,3138,3138,3137.5,3137.5, 10
01/21/2020,09:28,3141,3141,3141,3141, 1
01/21/2020,09:45,3139.5,3139.5,3139.5,3139.5, 8
01/21/2020,10:23,3144.5,3144.5,3144.5,3144.5, 2
01/21/2020,10:38,3145,3145,3145,3145, 4
01/21/2020,11:28,3147,3147,3147,3147, 2
01/21/2020,11:29,3148,3148,3148,3148, 2
01/21/2020,13:01,3159,3159,3159,3159, 4
01/21/2020,13:41,3156,3156,3156,3156, 1
01/21/2020,14:21,3154.5,3154.5,3154.5,3154.5, 1
01/21/2020,14:42,3158,3158,3158,3158, 2
01/21/2020,15:23,3156.5,3156.5,3156.5,3156.5, 1
01/21/2020,15:37,3159.5,3159.5,3159.5,3159.5, 1
01/21/2020,15:41,3158.5,3158.5,3158.5,3158.5, 1
01/21/2020,16:02,3160,3160,3160,3160, 1
01/21/2020,16:26,3158,3158,3158,3158, 1
01/21/2020,16:28,3159,3160.5,3159,3160.5, 14
01/21/2020,16:29,3160.5,3160.5,3160.5,3160.5, 11
01/21/2020,16:33,3159,3159,3159,3159, 1
01/21/2020,16:56,3159,3159,3159,3159, 1
01/21/2020,17:07,3160.5,3160.5,3160,3160, 12
01/21/2020,17:16,3162.5,3162.5,3162.5,3162.5, 1
01/21/2020,17:17,3164.5,3164.5,3164.5,3164.5, 2
01/21/2020,17:26,3166.5,3166.5,3166.5,3166.5, 1
01/21/2020,19:10,3182.5,3182.5,3182.5,3182.5, 1
01/22/2020,09:14,3177,3177,3177,3177, 1
01/22/2020,09:41,3177,3177,3177,3177, 1
01/22/2020,09:44,3176,3176,3176,3176, 1
01/22/2020,10:14,3174.5,3174.5,3174.5,3174.5, 3
01/22/2020,11:17,3168,3168,3168,3168, 2
01/22/2020,11:29,3168.5,3168.5,3168.5,3168.5, 5
01/22/2020,11:44,3170,3170,3170,3170, 5
01/22/2020,12:03,3165,3165,3165,3165, 4
01/22/2020,12:11,3165,3165,3165,3165, 1
01/22/2020,12:30,3162.5,3162.5,3162.5,3162.5, 3
01/22/2020,12:32,3165.5,3165.5,3165.5,3165.5, 1
01/22/2020,14:44,3170,3170,3170,3170, 4
01/22/2020,16:10,3179.5,3179.5,3179.5,3179.5, 3
01/22/2020,16:26,3178,3178,3178,3178, 2
01/22/2020,16:53,3178.5,3178.5,3178,3178, 8
01/22/2020,17:21,3173.5,3173.5,3173.5,3173.5, 5
01/22/2020,17:24,3173.5,3175,3173.5,3175, 6
01/22/2020,17:33,3183,3183,3183,3183, 2
01/23/2020,09:03,3161.5,3161.5,3160,3160, 2
01/23/2020,09:38,3151.5,3151.5,3151.5,3151.5, 2
01/23/2020,09:45,3147.5,3147.5,3147.5,3147.5, 1
01/23/2020,09:58,3149,3149,3149,3149, 1
01/23/2020,10:21,3156.5,3156.5,3156.5,3156.5, 3
01/23/2020,10:58,3168.5,3168.5,3168.5,3168.5, 1
01/23/2020,11:10,3167,3167,3167,3167, 1
01/23/2020,11:11,3167,3167,3167,3167, 1
01/23/2020,11:19,3173.5,3173.5,3173.5,3173.5, 6
01/23/2020,11:26,3175,3175,3175,3175, 2
01/23/2020,11:36,3179.5,3179.5,3179.5,3179.5, 1
01/23/2020,11:44,3181,3181,3181,3181, 1
01/23/2020,11:59,3178.5,3178.5,3178.5,3178.5, 1
01/23/2020,12:22,3181,3181,3181,3181, 1
01/23/2020,12:33,3184.5,3184.5,3184.5,3184.5, 1
01/23/2020,12:51,3185.5,3185.5,3185.5,3185.5, 1
01/23/2020,13:08,3188,3188,3188,3188, 2
01/23/2020,13:09,3190,3190,3190,3190, 1
01/23/2020,13:14,3186.5,3186.5,3186.5,3186.5, 4
01/23/2020,13:14,3186,3186,3186,3186, 4
01/23/2020,13:19,3184,3184,3184,3184, 2
01/23/2020,13:25,3187.5,3187.5,3187.5,3187.5, 2
01/23/2020,13:27,3187,3187,3187,3187, 1
01/23/2020,13:30,3185.5,3185.5,3185.5,3185.5, 2
01/23/2020,13:32,3185,3185,3185,3185, 8
01/23/2020,13:50,3189,3189,3189,3189, 1
01/23/2020,14:05,3183,3183,3183,3183, 1
01/23/2020,14:06,3183,3183,3183,3183, 4
01/23/2020,14:07,3183,3183,3183,3183, 3
01/23/2020,14:23,3183,3183,3183,3183, 1
01/23/2020,14:27,3179.5,3179.5,3179.5,3179.5, 5
01/23/2020,14:38,3182.5,3182.5,3182.5,3182.5, 1
01/23/2020,14:55,3181.5,3181.5,3181.5,3181.5, 1
01/23/2020,15:14,3181,3181,3181,3181, 1
01/23/2020,15:39,3179,3179,3179,3179, 5
01/24/2020,08:56,3190,3190,3190,3190, 2
01/24/2020,09:04,3199.5,3199.5,3199.5,3199.5, 2
01/24/2020,09:08,3196,3196,3196,3196, 2
01/24/2020,09:17,3200.5,3200.5,3200.5,3200.5, 6
01/24/2020,09:25,3201.5,3201.5,3201,3201, 4
01/24/2020,09:27,3201.5,3201.5,3201.5,3201.5, 3
01/24/2020,09:45,3215,3215,3215,3215, 3
01/24/2020,09:48,3214,3214,3214,3214, 3
01/24/2020,10:02,3213,3213,3213,3213, 2
01/24/2020,10:20,3215,3215,3215,3215, 3
01/24/2020,10:28,3213.5,3213.5,3213.5,3213.5, 8
01/24/2020,10:46,3214,3214,3214,3214, 3
01/24/2020,11:11,3212.5,3212.5,3212.5,3212.5, 1
01/24/2020,11:51,3215,3215,3215,3215, 3
01/24/2020,12:56,3221,3221,3221,3221, 2
01/24/2020,13:18,3226,3226,3226,3226, 1
01/24/2020,13:41,3228,3228,3228,3228, 2
01/24/2020,13:42,3227,3227,3226.5,3226.5, 15
01/24/2020,13:59,3228.5,3228.5,3228.5,3228.5, 3
01/24/2020,14:13,3227,3227,3227,3227, 3
01/24/2020,15:13,3226.5,3226.5,3226.5,3226.5, 3
01/24/2020,15:26,3229,3229,3229,3229, 3
01/24/2020,15:38,3233,3233,3233,3233, 1
01/24/2020,15:44,3235,3235,3235,3235, 1
01/24/2020,16:35,3221,3221,3221,3221, 3
01/24/2020,16:59,3220.5,3220.5,3220.5,3220.5, 4
01/24/2020,17:03,3222,3222,3222,3222, 4
01/24/2020,17:18,3227,3227,3227,3227, 10
01/24/2020,17:19,3224,3224,3224,3224, 5
01/24/2020,17:20,3225,3225,3225,3225, 1
01/24/2020,17:23,3222.5,3222.5,3222.5,3222.5, 5
01/24/2020,17:25,3222,3222,3222,3222, 2
01/24/2020,18:23,3222.5,3222.5,3222.5,3222.5, 1
01/24/2020,18:48,3238,3238,3238,3238, 2
01/27/2020,08:35,3172,3172,3172,3172, 10
01/27/2020,08:38,3172,3172,3172,3172, 5
01/27/2020,09:05,3165,3165,3165,3165, 4
01/27/2020,09:06,3165,3165,3165,3165, 1
01/27/2020,09:10,3170,3170,3170,3170, 2
01/27/2020,09:13,3170,3172,3170,3172, 10
01/27/2020,09:15,3175,3175.5,3175,3175.5, 3
01/27/2020,09:17,3179,3179,3179,3179, 1
01/27/2020,09:21,3180,3180,3180,3180, 1
01/27/2020,09:24,3179,3179,3179,3179, 2
01/27/2020,09:32,3177.5,3177.5,3177.5,3177.5, 1
01/27/2020,09:43,3172.5,3172.5,3172.5,3172.5, 2
01/27/2020,09:52,3171.5,3171.5,3171.5,3171.5, 1
01/27/2020,10:13,3170.5,3170.5,3170.5,3170.5, 3
01/27/2020,10:25,3163,3163,3163,3163, 2
01/27/2020,10:28,3163,3163.5,3163,3163.5, 8
01/27/2020,10:44,3154.5,3154.5,3154.5,3154.5, 1
01/27/2020,10:45,3153.5,3153.5,3150,3150, 4
01/27/2020,10:46,3151,3151,3151,3151, 6
01/27/2020,11:02,3151,3151,3151,3151, 4
01/27/2020,11:05,3151,3151,3151,3151, 2
01/27/2020,11:11,3151,3151,3151,3151, 8
01/27/2020,11:16,3151.5,3151.5,3151.5,3151.5, 5
01/27/2020,11:18,3151,3151,3151,3151, 5
01/27/2020,11:43,3140.5,3140.5,3140.5,3140.5, 1
01/27/2020,11:47,3133.5,3133.5,3133.5,3133.5, 11
01/27/2020,11:48,3131.5,3131.5,3131.5,3131.5, 2
01/27/2020,11:54,3128,3128,3127.5,3127.5, 7
01/27/2020,12:12,3129,3129,3129,3129, 2
01/27/2020,12:19,3130,3130,3130,3130, 2
01/27/2020,12:34,3143.5,3143.5,3143.5,3143.5, 2
01/27/2020,12:36,3140.5,3140.5,3140.5,3140.5, 3
01/27/2020,15:12,3132.5,3132.5,3132.5,3132.5, 18
01/27/2020,15:16,3134.5,3134.5,3134.5,3134.5, 2
01/27/2020,15:22,3132,3132,3132,3132, 2
01/27/2020,15:41,3139,3139,3139,3139, 1
01/27/2020,16:35,3141,3141,3141,3141, 1
01/27/2020,17:02,3140.5,3140.5,3140.5,3140.5, 2
01/27/2020,17:14,3143,3143,3143,3143, 5
01/27/2020,17:16,3140,3140,3140,3140, 10
01/27/2020,17:21,3140.5,3141,3140.5,3141, 11
01/27/2020,17:30,3136.5,3136.5,3136.5,3136.5, 4
01/27/2020,18:20,3168,3168,3168,3168, 1
01/28/2020,09:01,3149.5,3149.5,3149,3149, 2
01/28/2020,09:01,3148.5,3148.5,3148.5,3148.5, 2
01/28/2020,09:04,3145,3145,3145,3145, 1
01/28/2020,09:10,3150.5,3150.5,3150,3150, 10
01/28/2020,09:13,3157,3157,3157,3157, 1
01/28/2020,09:15,3157.5,3157.5,3157.5,3157.5, 4
01/28/2020,09:18,3156,3156,3156,3156, 4
01/28/2020,09:30,3148,3148,3148,3148, 1
01/28/2020,09:33,3148,3148,3148,3148, 2
01/28/2020,09:36,3154,3154.5,3154,3154.5, 3
01/28/2020,09:44,3150.5,3150.5,3150,3150, 15
01/28/2020,10:09,3138,3138,3138,3138, 1
01/28/2020,10:24,3134,3134,3134,3134, 2
01/28/2020,10:33,3129,3129,3129,3129, 5
01/28/2020,10:53,3118.5,3118.5,3118.5,3118.5, 14
01/28/2020,11:03,3116,3116,3116,3116, 5
01/28/2020,11:32,3115,3115,3115,3115, 2
01/28/2020,12:02,3110,3110,3110,3110, 2
01/28/2020,12:16,3106,3106,3106,3106, 5
01/28/2020,12:30,3111,3111,3111,3111, 1
01/28/2020,12:54,3117,3117,3117,3117, 2
01/28/2020,13:43,3131.5,3131.5,3131.5,3131.5, 1
01/28/2020,14:41,3134,3134,3134,3134, 3
01/28/2020,16:26,3149.5,3149.5,3149.5,3149.5, 1
01/28/2020,16:32,3147,3147,3147,3147, 1
01/28/2020,16:35,3153.5,3153.5,3153.5,3153.5, 2
01/28/2020,17:14,3148.5,3148.5,3148.5,3148.5, 1
01/28/2020,17:21,3148,3148,3148,3148, 1
01/28/2020,17:22,3147.5,3147.5,3147.5,3147.5, 7
01/28/2020,17:24,3148,3148,3148,3148, 2
01/29/2020,09:11,3159.5,3159.5,3159.5,3159.5, 1
01/29/2020,09:46,3152,3152,3152,3152, 2
01/29/2020,10:28,3151.5,3152,3151.5,3152, 12
01/29/2020,11:59,3163,3163,3163,3163, 1
01/29/2020,15:14,3167,3167,3167,3167, 2
01/29/2020,15:33,3168.5,3168.5,3168.5,3168.5, 6
01/29/2020,15:45,3161.5,3161.5,3161.5,3161.5, 6
01/29/2020,15:58,3158.5,3158.5,3158.5,3158.5, 2
01/29/2020,16:00,3156.5,3156.5,3156.5,3156.5, 2
01/29/2020,16:47,3160,3160,3160,3160, 1
01/29/2020,17:00,3158.5,3158.5,3158.5,3158.5, 9
01/29/2020,17:02,3159.5,3159.5,3159.5,3159.5, 1
01/29/2020,17:05,3159.5,3159.5,3159.5,3159.5, 4
01/29/2020,17:21,3160,3160,3160,3160, 2
01/29/2020,21:24,3159.5,3159.5,3159.5,3159.5, 2
01/30/2020,08:58,3125.5,3125.5,3125,3125, 5
01/30/2020,09:06,3117,3117,3117,3117, 5
01/30/2020,09:10,3124,3124,3124,3124, 1
01/30/2020,09:19,3122.5,3123,3122.5,3123, 6
01/30/2020,10:01,3129,3129,3129,3129, 1
01/30/2020,10:19,3138,3138,3138,3138, 1
01/30/2020,10:21,3137,3137,3137,3137, 1
01/30/2020,10:23,3134,3134,3134,3134, 1
01/30/2020,10:27,3136,3136,3132.5,3132.5, 4
01/30/2020,10:41,3133.5,3133.5,3133.5,3133.5, 3
01/30/2020,11:12,3131,3131,3131,3131, 30
01/30/2020,11:40,3125,3125,3125,3125, 1
01/30/2020,12:08,3120.5,3122,3120.5,3122, 4
01/30/2020,14:11,3105,3105,3105,3105, 2
01/30/2020,14:47,3107,3107,3107,3107, 2
01/30/2020,15:51,3120.5,3120.5,3120.5,3120.5, 22
01/30/2020,16:40,3103,3103,3103,3103, 3
01/30/2020,17:01,3095.5,3095.5,3095.5,3095.5, 5
01/30/2020,17:07,3098.5,3098.5,3098.5,3098.5, 6
01/30/2020,17:12,3099,3099,3099,3099, 12
01/30/2020,17:20,3098.5,3098.5,3098.5,3098.5, 5
01/30/2020,17:29,3105,3105,3105,3105, 1
01/30/2020,17:35,3112,3112,3112,3112, 1
01/31/2020,09:01,3115,3115,3115,3115, 5
01/31/2020,09:10,3117,3117,3117,3117, 1
01/31/2020,09:30,3114,3114,3114,3114, 3
01/31/2020,10:07,3116,3116,3116,3116, 6
01/31/2020,10:14,3115,3115,3115,3115, 3
01/31/2020,10:31,3113.5,3113.5,3113.5,3113.5, 2
01/31/2020,10:39,3109,3109,3109,3109, 1
01/31/2020,10:48,3108,3108,3108,3108, 2
01/31/2020,11:17,3105,3105,3105,3105, 2
01/31/2020,11:49,3093.5,3093.5,3093.5,3093.5, 2
01/31/2020,12:03,3095,3095,3095,3095, 2
01/31/2020,13:40,3100,3100.5,3100,3100.5, 17
01/31/2020,15:40,3093.5,3093.5,3093.5,3093.5, 4
01/31/2020,15:52,3083.5,3083.5,3081.5,3081.5, 3
01/31/2020,15:54,3082.5,3083.5,3082.5,3083.5, 2
01/31/2020,15:56,3081,3081,3079.5,3079.5, 12
01/31/2020,15:57,3078,3078,3078,3078, 20
01/31/2020,16:01,3081.5,3081.5,3081.5,3081.5, 2
01/31/2020,16:28,3075,3075,3075,3075, 1
01/31/2020,16:47,3068.5,3068.5,3068.5,3068.5, 3
01/31/2020,17:08,3063,3063,3063,3063, 10
01/31/2020,17:19,3064.5,3064.5,3064.5,3064.5, 7
01/31/2020,17:23,3068,3068,3068,3068, 3
01/31/2020,19:29,3050.5,3050.5,3050.5,3050.5, 3

