03/02/2020,16:06,30.56,30.56,30.56,30.56, 100
03/02/2020,16:22,30.15,30.15,30.15,30.15, 100
03/02/2020,16:29,30.04,30.04,30.04,30.04, 100
03/02/2020,18:06,30.32,30.32,30.32,30.32, 100
03/02/2020,18:31,30.01,30.01,30.01,30.01, 260
03/02/2020,19:55,30.49,30.49,30.49,30.49, 100
03/03/2020,16:48,30.8,30.8,30.8,30.8, 100
03/03/2020,17:18,30.8,30.8,30.69,30.69, 200
03/03/2020,18:05,30.66,30.66,30.66,30.66, 200
03/03/2020,19:01,30.6,30.67,30.55,30.55, 400
03/03/2020,20:28,30.45,30.45,30.45,30.45, 130
03/04/2020,15:31,30.5,30.5,30.5,30.5, 100
03/04/2020,19:40,30.5,30.5,30.5,30.5, 200
03/04/2020,22:00,30.27,30.27,30.27,30.27, 100
03/05/2020,18:00,29.955,29.955,29.955,29.955, 100
03/05/2020,18:40,29.76,29.76,29.76,29.76, 100
03/05/2020,19:25,29.831,29.831,29.831,29.831, 100
03/05/2020,19:29,29.72,29.72,29.72,29.72, 125
03/05/2020,20:10,28.59,28.71,28.59,28.71, 200
03/05/2020,20:13,28.65,28.65,28.65,28.65, 100
03/05/2020,20:26,28.28,28.28,28.28,28.28, 100
03/05/2020,20:58,28.418,28.418,28.418,28.418, 1000
03/05/2020,21:02,28.61,28.61,28.61,28.61, 100
03/05/2020,21:06,28.61,28.61,28.61,28.61, 155
03/05/2020,21:25,28.6,28.6,28.6,28.6, 100
03/05/2020,21:42,28.641,28.641,28.41,28.41, 400
03/06/2020,16:09,28.47,28.47,28.47,28.47, 100
03/06/2020,16:12,28.346,28.346,28.346,28.346, 200
03/06/2020,16:14,28.379,28.5,28.379,28.5, 758
03/06/2020,16:44,28.55,28.55,28.55,28.55, 200
03/06/2020,16:59,29.46,29.5,29.46,29.485, 400
03/06/2020,17:00,29.44,29.5,29.44,29.5, 625
03/06/2020,17:03,30,30,30,30, 300
03/06/2020,17:28,29.56,29.56,29.56,29.56, 100
03/06/2020,17:29,29.551,29.551,29.551,29.551, 200
03/06/2020,17:38,29.55,29.55,29.55,29.55, 100
03/06/2020,17:46,29.55,29.55,29.55,29.55, 100
03/06/2020,17:47,29.5,29.5,29.5,29.5, 300
03/06/2020,17:48,29.5,29.5,29.06,29.06, 300
03/06/2020,17:56,29.09,29.09,29.09,29.09, 100
03/06/2020,17:57,29.09,29.09,29.09,29.09, 300
03/06/2020,18:10,28.54,28.54,28.54,28.54, 100
03/06/2020,18:12,29.074,29.074,29.074,29.074, 127
03/06/2020,18:22,28.785,29.08,28.5,28.5, 1700
03/06/2020,18:37,28.5,28.5,28.5,28.5, 100
03/06/2020,18:38,28.99,29,28.99,29, 200
03/06/2020,18:48,29.1,29.14,29.1,29.14, 301
03/06/2020,18:49,29.15,29.15,29.15,29.15, 100
03/06/2020,19:27,29.01,29.01,29.01,29.01, 100
03/06/2020,19:40,29.01,29.01,29.01,29.01, 100
03/06/2020,19:47,29.36,29.36,29.36,29.36, 100
03/06/2020,19:50,29.27,29.27,29.27,29.27, 200
03/06/2020,19:53,29.22,29.22,29.22,29.22, 100
03/06/2020,20:05,29.02,29.02,29.02,29.02, 100
03/06/2020,20:18,28.66,28.66,28.66,28.66, 100
03/06/2020,20:30,28.68,28.68,28.68,28.68, 100
03/06/2020,20:42,28.65,29.19,28.5,28.5, 1189
03/06/2020,20:52,29.087,29.087,29,29, 390
03/06/2020,20:54,28.57,28.57,28.57,28.57, 100
03/06/2020,21:03,28.5,28.5,28.5,28.5, 200
03/06/2020,21:26,28.5,28.5,28.5,28.5, 100
03/06/2020,21:42,28.5,28.5,28.5,28.5, 100
03/06/2020,21:47,28.5,28.5,28.5,28.5, 100
03/06/2020,21:48,28.5,28.5,28.5,28.5, 100
03/06/2020,21:48,28.5,28.5,28.5,28.5, 100
03/06/2020,21:51,28.5,28.5,28.5,28.5, 277
03/06/2020,21:58,28.15,28.15,28.15,28.15, 100
03/09/2020,15:29,26.005,26.005,26.005,26.005, 100
03/09/2020,16:11,25,25,25,25, 100
03/09/2020,16:46,25.33,25.33,25.33,25.33, 200
03/09/2020,16:58,24.42,24.42,24.42,24.42, 100
03/09/2020,17:09,25.312,25.312,25.312,25.312, 200
03/09/2020,17:22,24.743,24.743,24.743,24.743, 592
03/09/2020,17:24,25.131,25.131,25.131,25.131, 160
03/09/2020,18:52,24.78,24.78,24.304,24.304, 906
03/09/2020,19:03,24.33,24.33,24.33,24.33, 200
03/09/2020,19:07,24.33,24.33,24.33,24.33, 100
03/09/2020,20:11,24.5,24.5,24.5,24.5, 100
03/09/2020,20:12,24.5,24.55,24.5,24.5, 745
03/09/2020,20:50,24.765,24.765,24.765,24.765, 200
03/10/2020,14:31,25.73,25.73,25.73,25.73, 151
03/10/2020,15:21,25.4,25.4,25.4,25.4, 100
03/10/2020,15:22,25.4,25.42,25.4,25.42, 300
03/10/2020,15:59,25.1,25.1,25.1,25.1, 306
03/10/2020,15:59,25.1,25.1,25.1,25.1, 100
03/10/2020,16:24,25.511,25.511,25.511,25.511, 100
03/10/2020,16:42,25.5,25.5,25.5,25.5, 100
03/10/2020,16:43,25.4,25.4,25.4,25.4, 100
03/10/2020,16:44,25.85,25.85,25.85,25.85, 100
03/10/2020,16:51,25.51,25.51,25.51,25.51, 216
03/10/2020,16:53,25.5,25.5,25.5,25.5, 100
03/10/2020,17:08,25.05,25.05,25.01,25.01, 629
03/10/2020,17:42,24.6,24.6,24.6,24.6, 100
03/10/2020,17:51,24.6,24.6,24.6,24.6, 200
03/10/2020,17:56,25.045,25.045,25.045,25.045, 100
03/10/2020,18:06,25.331,25.331,25.331,25.331, 200
03/10/2020,18:27,25.045,25.045,25.045,25.045, 158
03/10/2020,18:29,25.045,25.045,25.002,25.002, 200
03/10/2020,18:35,25.045,25.045,25,25, 200
03/10/2020,18:46,25.04,25.04,25.002,25.002, 200
03/10/2020,18:49,24.6,24.6,24.6,24.6, 100
03/10/2020,18:50,24.845,24.845,24.845,24.845, 100
03/10/2020,19:05,24.837,24.837,24.837,24.837, 350
03/10/2020,19:06,24.76,24.76,24.76,24.76, 100
03/10/2020,19:42,24.789,24.87,24.789,24.8, 1105
03/10/2020,20:18,24.9,24.9,24.9,24.9, 100
03/10/2020,20:20,24.854,24.854,24.854,24.854, 100
03/10/2020,20:22,25,25,25,25, 100
03/10/2020,20:49,25.235,25.235,25.235,25.235, 100
03/10/2020,20:52,25.5,25.5,25.5,25.5, 200
03/11/2020,14:36,25.24,25.24,25.24,25.24, 100
03/11/2020,14:56,24.973,24.973,24.973,24.973, 148
03/11/2020,15:34,25.01,25.128,25.01,25.01, 400
03/11/2020,15:41,25.05,25.05,25.05,25.05, 100
03/11/2020,16:00,24.99,25,24.954,24.996, 630
03/11/2020,16:17,25.2,25.2,25.2,25.2, 100
03/11/2020,16:41,25.05,25.05,24.86,24.91, 1100
03/11/2020,17:06,25.036,25.585,25.036,25.07, 900
03/11/2020,17:10,25.312,25.312,25.312,25.312, 200
03/11/2020,17:14,25.45,25.45,25.45,25.45, 100
03/11/2020,17:42,25.53,25.55,25.4,25.55, 559
03/11/2020,17:43,25.55,25.55,25.55,25.55, 718
03/11/2020,17:49,25.5,25.5,25.5,25.5, 400
03/11/2020,18:29,25.446,25.446,25.446,25.446, 135
03/11/2020,18:53,25.28,25.28,25.28,25.28, 100
03/11/2020,19:27,25.49,25.49,25.49,25.49, 200
03/11/2020,19:31,25.44,25.44,25.44,25.44, 202
03/11/2020,19:31,25.49,25.49,25.49,25.49, 100
03/11/2020,20:08,25.36,25.36,25.36,25.36, 100
03/12/2020,14:31,24.5,24.5,24.5,24.5, 355
03/12/2020,15:26,24.75,24.75,24.75,24.75, 100
03/12/2020,16:06,24.76,24.76,24.76,24.76, 100
03/12/2020,16:07,24.97,24.97,24.97,24.97, 100
03/12/2020,17:16,24.77,24.77,24.7,24.7, 453
03/12/2020,17:24,23.108,23.108,22.32,22.32, 400
03/12/2020,17:27,22.905,22.905,22.905,22.905, 100
03/12/2020,17:28,22.6,23.5,22.6,23.1, 850
03/12/2020,17:39,23.3,23.3,23.11,23.11, 300
03/12/2020,17:54,23.73,23.74,23.73,23.74, 200
03/12/2020,18:12,22.85,23.399,22.7,23.399, 1020
03/12/2020,18:13,23.4,23.4,23.4,23.4, 220
03/12/2020,19:35,23.59,23.59,23.59,23.59, 100
03/12/2020,19:49,23.6,23.6,23.6,23.6, 100
03/12/2020,20:02,23.585,23.585,23.585,23.585, 100
03/12/2020,20:36,23.585,23.585,23.585,23.585, 100
03/12/2020,20:44,23.61,23.61,23.61,23.61, 100
03/12/2020,20:51,23.728,23.77,23.728,23.77, 400
03/12/2020,20:52,23.89,23.9,23.89,23.899, 500
03/13/2020,14:33,24.97,25.23,24.97,25.23, 500
03/13/2020,14:37,25.26,25.26,25.26,25.26, 100
03/13/2020,14:42,25.05,25.05,25,25, 900
03/13/2020,14:42,25.01,25.01,25,25, 400
03/13/2020,14:44,25.01,25.01,25,25, 400
03/13/2020,14:46,25,25,25,25, 100
03/13/2020,14:49,24.5,24.5,24.5,24.5, 100
03/13/2020,14:52,24.799,24.799,24.799,24.799, 200
03/13/2020,14:53,24.465,24.465,24.465,24.465, 100
03/13/2020,14:58,24.452,24.452,24.452,24.452, 362
03/13/2020,15:04,24.275,24.275,24.275,24.275, 200
03/13/2020,15:13,24.28,24.28,24.28,24.28, 100
03/13/2020,15:25,24.285,24.299,24.285,24.299, 200
03/13/2020,15:47,24.29,24.29,24.29,24.29, 100
03/13/2020,16:16,24.03,24.03,24.03,24.03, 100
03/13/2020,16:33,24.29,24.29,24.29,24.29, 100
03/13/2020,17:19,24.04,24.04,24.04,24.04, 100
03/13/2020,17:36,24.06,24.06,24,24, 710
03/13/2020,17:41,24,24.01,24,24.01, 300
03/13/2020,17:43,24.01,24.01,24.01,24.01, 188
03/13/2020,17:45,24,24,24,24, 200
03/13/2020,17:48,24,24,24,24, 100
03/13/2020,17:49,24,24,24,24, 100
03/13/2020,17:50,24,24,24,24, 100
03/13/2020,18:05,23.52,23.52,23.52,23.52, 100
03/13/2020,18:31,23.51,23.655,23.51,23.655, 300
03/13/2020,18:35,23.695,23.695,23.655,23.695, 400
03/13/2020,19:50,23.55,23.75,23.55,23.56, 500
03/13/2020,19:51,23.61,23.7,23.2,23.7, 600
03/13/2020,19:51,24.19,24.375,24.19,24.37, 400
03/13/2020,19:52,24.885,24.885,24.885,24.885, 100
03/13/2020,19:54,25.55,25.55,25.55,25.55, 100
03/13/2020,19:55,25,25,25,25, 200
03/13/2020,19:57,25.03,25.03,25.03,25.03, 100
03/13/2020,20:01,25.2,25.23,25.2,25.23, 400
03/13/2020,20:01,25.33,25.33,25.301,25.301, 600
03/13/2020,20:04,24.895,24.895,24.606,24.606, 600
03/13/2020,20:05,24.639,24.639,24.639,24.639, 195
03/13/2020,20:06,24.82,24.82,24.61,24.61, 200
03/13/2020,20:09,24.79,25.075,24.79,25.075, 200
03/13/2020,20:10,24.75,24.751,24.55,24.751, 800
03/13/2020,20:12,24.615,25.315,24.45,24.775, 400
03/13/2020,20:12,24.45,24.775,24.45,24.775, 200
03/13/2020,20:14,24.4,24.521,24.4,24.521, 300
03/13/2020,20:14,24.4,24.89,24.4,24.521, 400
03/13/2020,20:16,24.45,24.45,24.45,24.45, 100
03/13/2020,20:17,24.35,24.725,24.35,24.35, 400
03/13/2020,20:19,24.1,24.1,24.1,24.1, 100
03/13/2020,20:22,24.45,24.45,24.449,24.449, 300
03/13/2020,20:24,24.32,24.32,24.32,24.32, 500
03/13/2020,20:26,24.15,24.3,24.15,24.3, 300
03/13/2020,20:27,24.05,24.281,24.05,24.281, 200
03/13/2020,20:27,24.04,24.04,24.04,24.04, 100
03/13/2020,20:30,24.1,24.1,24,24, 400
03/13/2020,20:31,24.31,24.31,24.31,24.31, 100
03/13/2020,20:31,24.345,24.345,24,24.069, 500
03/13/2020,20:32,24.262,24.262,24.007,24.007, 200
03/13/2020,20:41,23.84,23.89,23.82,23.89, 1100
03/13/2020,20:42,23.06,23.06,23.06,23.06, 100
03/13/2020,20:53,23.86,23.86,23.86,23.86, 100
03/16/2020,14:50,21.69,21.69,21.69,21.69, 100
03/16/2020,14:59,22.11,22.11,22.11,22.11, 100
03/16/2020,15:36,22,22,21.768,21.768, 500
03/16/2020,15:37,22,22,22,22, 200
03/16/2020,15:41,21.71,21.71,21.3,21.3, 600
03/16/2020,15:43,21.03,21.135,21,21, 600
03/16/2020,15:52,21.145,21.145,21.145,21.145, 100
03/16/2020,15:56,21,21,19.75,19.75, 1950
03/16/2020,16:01,20.23,20.23,20.23,20.23, 500
03/16/2020,16:15,20.312,20.312,20.16,20.16, 450
03/16/2020,16:33,20.26,20.26,20.26,20.26, 200
03/16/2020,16:36,20.16,20.16,20.16,20.16, 500
03/16/2020,17:15,19.99,19.99,19.99,19.99, 638
03/16/2020,17:20,20.106,20.106,20.106,20.106, 750
03/16/2020,17:23,19.98,19.98,19.98,19.98, 100
03/16/2020,17:39,20.082,20.082,20.082,20.082, 148
03/16/2020,18:01,20.105,20.25,20.105,20.24, 1700
03/16/2020,18:08,19.96,19.96,19.96,19.96, 200
03/16/2020,18:20,20.25,20.25,20.25,20.25, 200
03/16/2020,18:24,20.16,20.25,20.16,20.247, 300
03/16/2020,18:26,20,20,20,20, 300
03/16/2020,18:34,20,20.01,20,20.01, 1200
03/16/2020,18:35,19.64,19.64,19.51,19.51, 350
03/16/2020,18:51,19.76,19.76,19,19.299, 2147
03/16/2020,19:03,19.369,19.369,19.369,19.369, 250
03/16/2020,19:45,19.43,19.44,19.345,19.44, 2000
03/16/2020,20:01,19.317,19.317,19.317,19.317, 1000
03/16/2020,20:04,19.25,19.25,19.25,19.25, 100
03/16/2020,20:04,19.25,19.25,19.25,19.25, 100
03/16/2020,20:08,19.3,19.74,19.3,19.691, 700
03/16/2020,20:12,19.862,19.862,19.862,19.862, 428
03/16/2020,20:49,19.25,19.25,19.25,19.25, 100
03/17/2020,14:35,19.03,19.03,19.03,19.03, 100
03/17/2020,14:42,19.06,19.06,19.05,19.05, 398
03/17/2020,15:39,20.3,20.3,19.21,19.21, 200
03/17/2020,15:57,19.251,19.251,19.251,19.251, 200
03/17/2020,16:00,19.05,19.08,19,19.08, 1243
03/17/2020,16:11,18.085,18.085,18.085,18.085, 100
03/17/2020,16:14,17.9,17.9,17.9,17.9, 400
03/17/2020,16:15,18.455,18.455,18.455,18.455, 100
03/17/2020,16:38,18.66,18.66,18.66,18.66, 100
03/17/2020,16:41,18.51,18.51,18.51,18.51, 389
03/17/2020,17:13,18.18,18.18,18.18,18.18, 200
03/17/2020,17:19,18.65,18.65,18.65,18.65, 100
03/17/2020,17:31,18.45,18.45,18.45,18.45, 200
03/17/2020,17:35,18.66,18.66,18.66,18.66, 200
03/17/2020,17:46,18.35,18.35,18.35,18.35, 200
03/17/2020,18:01,18.35,18.35,18.35,18.35, 100
03/17/2020,18:09,18.35,18.35,18.35,18.35, 100
03/17/2020,18:17,18.35,18.35,18.3,18.3, 400
03/17/2020,18:19,18.17,18.17,18.17,18.17, 200
03/17/2020,18:43,18.63,18.63,18.63,18.63, 100
03/17/2020,19:16,18.17,18.17,18.17,18.17, 100
03/17/2020,19:20,18.28,18.28,18.17,18.17, 200
03/17/2020,19:32,18.29,18.29,18.29,18.29, 100
03/17/2020,19:44,18.17,18.17,18.17,18.17, 100
03/17/2020,20:06,18.41,18.635,18.41,18.635, 200
03/17/2020,20:14,18.59,18.59,18.59,18.59, 270
03/17/2020,20:19,18.17,18.18,18.17,18.18, 200
03/17/2020,20:28,18.17,18.17,18.1,18.1, 300
03/17/2020,20:29,18.085,18.085,18.01,18.02, 464
03/17/2020,20:31,18.17,18.17,18.17,18.17, 100
03/17/2020,20:34,18,18,18,18, 150
03/17/2020,20:44,18.545,18.545,18.545,18.545, 100
03/17/2020,20:50,18.56,18.56,18.56,18.56, 100
03/17/2020,21:00,18.51,18.51,18.51,18.51, 100
03/17/2020,21:01,18.66,18.66,18.66,18.66, 145
03/18/2020,14:31,17.6,17.6,17.6,17.6, 374
03/18/2020,14:40,18.6,18.6,18.6,18.6, 100
03/18/2020,16:35,17.63,17.63,17.63,17.63, 100
03/18/2020,16:46,17.39,17.477,17.39,17.441, 300
03/18/2020,16:46,17.722,17.722,17.722,17.722, 400
03/18/2020,16:51,17.36,17.36,17.36,17.36, 100
03/18/2020,17:07,17.35,17.35,17.35,17.35, 100
03/18/2020,17:16,17.35,17.35,17.35,17.35, 200
03/18/2020,17:24,17.35,17.35,17,17.073, 2762
03/18/2020,17:25,17,17,17,17, 100
03/18/2020,17:37,17,17,17,17, 495
03/18/2020,17:39,16.78,16.78,16.78,16.78, 100
03/18/2020,17:50,16.82,16.82,16.81,16.81, 200
03/18/2020,17:50,16.82,16.82,16.82,16.82, 100
03/18/2020,18:49,16.81,16.82,16.8,16.82, 1100
03/18/2020,19:00,16.78,16.78,16.78,16.78, 190
03/18/2020,19:01,16.78,16.78,16.78,16.78, 100
03/18/2020,19:03,16.78,16.78,16.78,16.78, 200
03/18/2020,19:06,16.75,16.75,16.75,16.75, 200
03/18/2020,19:26,16.75,16.75,16.75,16.75, 100
03/18/2020,19:28,16.75,16.75,16.75,16.75, 600
03/18/2020,19:37,17.374,17.374,17.374,17.374, 200
03/18/2020,19:56,16.75,16.79,16.75,16.79, 427
03/18/2020,20:02,16.72,16.72,16.72,16.72, 100
03/18/2020,20:03,16.5,16.5,16.5,16.5, 100
03/18/2020,20:07,15.51,15.51,15.51,15.51, 100
03/18/2020,20:13,15.775,15.775,15.775,15.775, 100
03/18/2020,20:21,15.16,15.21,15.16,15.21, 200
03/18/2020,20:31,16.22,16.22,16.22,16.22, 100
03/18/2020,20:47,15.9,15.9,15.9,15.9, 100
03/18/2020,20:50,16.23,16.23,16.06,16.06, 500
03/18/2020,20:50,16.23,16.23,16.06,16.125, 500
03/18/2020,20:52,16.22,16.22,16.22,16.22, 100
03/18/2020,20:53,16.24,16.24,16.24,16.24, 579
03/18/2020,21:00,15.92,15.92,15.92,15.92, 100
03/18/2020,21:01,16.24,16.24,16.24,16.24, 113
03/19/2020,14:31,15.88,15.88,15.88,15.88, 125
03/19/2020,15:25,16.85,16.85,16.85,16.85, 993
03/19/2020,15:31,16.85,16.85,16.85,16.85, 100
03/19/2020,15:36,16.988,16.988,16.988,16.988, 100
03/19/2020,15:37,16.625,16.625,16.625,16.625, 100
03/19/2020,15:42,16.75,16.75,16.75,16.75, 300
03/19/2020,16:04,16.02,16.02,16.02,16.02, 100
03/19/2020,16:18,16.005,16.005,16.005,16.005, 100
03/19/2020,17:00,16.62,16.62,16.62,16.62, 100
03/19/2020,17:17,16.05,16.05,16.05,16.05, 100
03/19/2020,17:27,16.982,16.982,16.982,16.982, 100
03/19/2020,17:39,16.05,16.05,16.05,16.05, 100
03/19/2020,17:40,16.233,16.233,16.233,16.233, 100
03/19/2020,17:43,16.05,16.05,16.05,16.05, 100
03/19/2020,18:15,16.17,16.17,16.17,16.17, 100
03/19/2020,19:02,16.15,16.15,16.15,16.15, 100
03/19/2020,19:10,16.1,16.1,16.1,16.1, 100
03/19/2020,19:44,16.34,16.34,16.34,16.34, 100
03/19/2020,19:46,16.17,16.17,16.17,16.17, 100
03/19/2020,20:12,16.19,16.19,16.19,16.19, 100
03/19/2020,20:12,16.65,16.65,16.65,16.65, 100
03/19/2020,20:25,16.9,17,16.25,16.25, 326
03/19/2020,20:33,16.24,16.24,16.24,16.24, 200
03/19/2020,20:46,16.94,16.94,16.865,16.865, 200
03/19/2020,20:53,16.51,16.51,16.51,16.51, 297
03/19/2020,20:56,16.5,16.5,16.5,16.5, 100
03/19/2020,21:00,17.64,17.64,17.64,17.64, 100
03/19/2020,21:01,16.89,16.89,16.76,16.76, 312
03/20/2020,14:31,17.86,17.86,17.86,17.86, 570
03/20/2020,14:32,18.724,18.724,18.724,18.724, 100
03/20/2020,15:31,18.64,18.64,18.64,18.64, 139
03/20/2020,15:38,18.71,18.71,18.71,18.71, 100
03/20/2020,17:34,17.035,17.035,17.035,17.035, 100
03/20/2020,17:47,16.5,16.5,16.5,16.5, 200
03/20/2020,17:49,16.535,16.95,16.535,16.95, 300
03/20/2020,17:52,17.25,17.25,17.25,17.25, 100
03/20/2020,18:07,17.25,17.38,17.25,17.38, 200
03/20/2020,18:08,17.3,17.5,16.9,17.245, 700
03/20/2020,18:10,17.64,17.95,17.252,17.827, 1383
03/20/2020,18:11,17.74,17.74,17.74,17.74, 100
03/20/2020,18:13,18,18.05,17.913,18.05, 300
03/20/2020,18:15,18.1,18.1,17.85,17.85, 200
03/20/2020,18:16,17.89,17.89,17.89,17.89, 200
03/20/2020,18:18,18.02,18.15,17.875,18.15, 700
03/20/2020,18:19,17.8,17.8,17.8,17.8, 594
03/20/2020,18:21,17.8,18.15,17.8,18.15, 600
03/20/2020,19:26,18.25,18.3,18.25,18.3, 200
03/20/2020,19:46,17.915,17.915,17.915,17.915, 100
03/20/2020,19:50,18,18,18,18, 100
03/20/2020,19:57,18,18,18,18, 100
03/20/2020,19:59,17.925,17.975,17.188,17.188, 700
03/20/2020,20:12,17.8,17.899,17.7,17.85, 680
03/20/2020,20:16,18,18,17.98,17.98, 200
03/20/2020,20:16,18.1,18.1,18.1,18.1, 100
03/20/2020,20:27,17.9,17.9,17.9,17.9, 100
03/20/2020,20:27,17.9,17.9,17.9,17.9, 100
03/20/2020,20:35,18,18.37,18,18.37, 400
03/20/2020,20:40,18,18,18,18, 100
03/20/2020,20:45,17.94,17.94,17.94,17.94, 100
03/20/2020,20:46,18.34,18.34,18.34,18.34, 100
03/20/2020,20:54,18.31,18.31,18.31,18.31, 100
03/20/2020,21:01,17.19,17.19,17.19,17.19, 100
03/23/2020,14:31,16.01,16.01,16.01,16.01, 826
03/23/2020,14:32,16.5,16.5,16.5,16.5, 146
03/23/2020,14:49,16.64,16.64,16.64,16.64, 450
03/23/2020,15:09,17.9,17.9,17.9,17.9, 100
03/23/2020,15:20,17.995,18.01,17.995,18.01, 200
03/23/2020,15:30,18.63,18.63,18.63,18.63, 100
03/23/2020,15:40,18.55,18.55,18.55,18.55, 100
03/23/2020,15:41,18.915,18.915,18.915,18.915, 100
03/23/2020,16:11,18.625,18.625,18.625,18.625, 100
03/23/2020,17:07,18.6,18.6,18.6,18.6, 100
03/23/2020,17:35,18.485,18.485,18.485,18.485, 100
03/23/2020,18:41,19.175,19.175,19.175,19.175, 100
03/23/2020,19:01,18.33,18.645,17.87,18.01, 770
03/23/2020,20:23,18.995,18.995,18.995,18.995, 100
03/23/2020,20:29,17.95,17.96,17.851,17.96, 300
03/23/2020,20:45,18.955,18.955,18.955,18.955, 100
03/23/2020,20:47,17.99,17.99,17.99,17.99, 100
03/23/2020,20:51,17.87,17.87,17.87,17.87, 100
03/23/2020,20:52,17.88,17.88,17.26,17.26, 200
03/23/2020,21:01,16.76,16.76,16.7,16.7, 200
03/24/2020,14:31,16.24,16.24,16.24,16.24, 105
03/24/2020,14:46,16.41,16.46,16.41,16.46, 300
03/24/2020,15:01,16.35,16.35,16.35,16.35, 100
03/24/2020,15:13,17.78,17.78,17.78,17.78, 100
03/24/2020,16:06,18.97,18.97,18.97,18.97, 100
03/24/2020,16:46,18.3,18.3,18.3,18.3, 100
03/24/2020,17:09,19.02,19.02,19.02,19.02, 100
03/24/2020,17:29,19.35,19.35,19.35,19.35, 120
03/24/2020,17:55,19.08,19.08,19.08,19.08, 100
03/24/2020,18:16,18.988,18.988,18.988,18.988, 131
03/24/2020,18:44,19.025,19.087,19.025,19.087, 200
03/24/2020,19:14,19.025,19.025,19.025,19.025, 100
03/24/2020,19:47,19.7,19.739,19.7,19.739, 200
03/24/2020,20:09,19.065,19.065,19.065,19.065, 100
03/24/2020,20:12,19.049,19.049,19.049,19.049, 100
03/24/2020,20:35,19.065,19.065,19.065,19.065, 100
03/24/2020,20:53,19.75,19.75,19.75,19.75, 100
03/24/2020,20:55,18.87,18.87,18.87,18.87, 100
03/25/2020,14:31,18,18,18,18, 300
03/25/2020,14:43,18.52,18.52,18.52,18.52, 100
03/25/2020,17:07,19.5,19.5,19.5,19.5, 100
03/25/2020,17:09,19.85,19.85,19.85,19.85, 100
03/25/2020,17:16,19.98,19.98,19.98,19.98, 100
03/25/2020,17:28,20.45,20.45,20.45,20.45, 200
03/25/2020,17:37,20.95,20.95,20.13,20.13, 339
03/25/2020,17:43,20.5,20.5,20.5,20.5, 300
03/25/2020,17:45,20.95,20.95,20.95,20.95, 181
03/25/2020,17:52,21.9,21.9,21.86,21.86, 200
03/25/2020,17:59,22,22,22,22, 100
03/25/2020,18:16,22,22,22,22, 100
03/25/2020,18:28,22,22.13,22,22.13, 700
03/25/2020,18:50,22,22,22,22, 100
03/25/2020,19:07,22.25,22.25,22.25,22.25, 100
03/25/2020,19:30,22.165,22.165,22.165,22.165, 500
03/25/2020,19:32,23,23,23,23, 471
03/25/2020,19:38,23,23.92,22.933,23.853, 808
03/25/2020,19:40,23.5,23.5,23.5,23.5, 100
03/25/2020,20:14,23.36,23.36,23.36,23.36, 100
03/25/2020,20:47,23.35,23.35,23.35,23.35, 100
03/25/2020,20:54,22.295,22.295,22.295,22.295, 100
03/25/2020,21:01,21.24,21.24,21.24,21.24, 105
03/26/2020,14:54,21.2,21.2,21.2,21.2, 100
03/26/2020,14:58,23.32,24.44,23.32,23.37, 700
03/26/2020,14:58,24.49,24.49,24.49,24.49, 279
03/26/2020,15:00,24,24,24,24, 400
03/26/2020,15:01,24,24,24,24, 300
03/26/2020,15:06,24.49,24.99,24.49,24.99, 310
03/26/2020,15:48,24.695,24.695,24.695,24.695, 100
03/26/2020,15:51,24.267,24.267,24.04,24.17, 700
03/26/2020,16:16,24.695,24.695,24.695,24.695, 400
03/26/2020,17:00,25.38,25.38,25.38,25.38, 159
03/26/2020,18:38,25.78,26,25.78,26, 326
03/26/2020,19:25,25.983,25.983,25.983,25.983, 100
03/26/2020,21:01,24.4,24.4,24.4,24.4, 100
03/27/2020,14:31,23.5,23.5,23.5,23.5, 186
03/27/2020,16:02,25.48,25.48,25.271,25.28, 300
03/27/2020,17:05,25.52,25.61,25.52,25.61, 200
03/27/2020,17:08,25.585,25.585,25.585,25.585, 100
03/27/2020,17:32,25.55,25.55,25.15,25.15, 400
03/27/2020,18:28,25.55,25.55,25.55,25.55, 170
03/27/2020,20:27,26.98,26.98,26.98,26.98, 200
03/27/2020,20:28,26.985,27.009,26.985,27.009, 200
03/27/2020,20:46,26.1,26.1,26.1,26.1, 100
03/27/2020,20:47,26.05,26.05,25.551,25.56, 400
03/27/2020,20:55,25.57,25.57,25.57,25.57, 170
03/27/2020,21:01,26.86,26.86,26.86,26.86, 102
03/30/2020,15:31,26.1,26.1,26.1,26.1, 100
03/30/2020,15:58,26,26,26,26, 198
03/30/2020,18:00,26.8,26.934,26.8,26.934, 1000
03/30/2020,18:34,27.05,27.05,27.05,27.05, 100
03/30/2020,19:20,27.03,27.03,26.85,26.86, 500
03/30/2020,20:40,26.5,26.5,26.5,26.5, 100
03/30/2020,20:52,26.22,26.22,26.22,26.22, 100
03/30/2020,21:02,26.23,26.23,26.23,26.23, 100
03/31/2020,15:31,25.5,25.5,25.5,25.5, 100
03/31/2020,19:02,23.505,23.505,23.505,23.505, 100
03/31/2020,19:24,23.659,23.659,23.659,23.659, 195
03/31/2020,20:55,23.51,23.51,23.51,23.51, 100
03/31/2020,21:20,23.5,23.5,23.5,23.5, 100

