02/03/2020,00:23,1.07,1.07,1.07,1.07, 2460
02/03/2020,00:44,1.065,1.065,1.065,1.065, 10000
02/03/2020,00:46,1.065,1.065,1.065,1.065, 1215
02/03/2020,00:52,1.06,1.06,1.06,1.06, 27437
02/03/2020,01:29,1.06,1.065,1.06,1.065, 15527
02/03/2020,01:39,1.065,1.065,1.065,1.065, 60
02/03/2020,01:40,1.065,1.065,1.065,1.065, 1471
02/03/2020,02:35,1.065,1.065,1.065,1.065, 644
02/03/2020,04:11,1.065,1.065,1.065,1.065, 2000
02/03/2020,04:56,1.065,1.065,1.065,1.065, 528
02/03/2020,06:31,1.06,1.06,1.06,1.06, 3724
02/04/2020,00:23,1.055,1.055,1.055,1.055, 1957
02/04/2020,00:57,1.055,1.055,1.055,1.055, 146
02/04/2020,01:20,1.04,1.04,1.04,1.04, 4000
02/04/2020,01:36,1.025,1.025,1.025,1.025, 3723
02/04/2020,02:13,1.04,1.04,1.04,1.04, 305
02/04/2020,02:42,1.045,1.045,1.045,1.045, 4
02/04/2020,05:34,1.045,1.045,1.045,1.045, 190
02/05/2020,02:21,1.055,1.06,1.055,1.06, 27065
02/05/2020,03:49,1.075,1.075,1.075,1.075, 4785
02/05/2020,05:23,1.055,1.055,1.055,1.055, 7978
02/05/2020,05:28,1.05,1.05,1.05,1.05, 16126
02/05/2020,05:30,1.045,1.045,1.045,1.045, 635
02/05/2020,06:01,1.045,1.045,1.045,1.045, 2387
02/05/2020,06:03,1.045,1.045,1.045,1.045, 25896
02/05/2020,06:11,1.05,1.05,1.05,1.05, 134
02/05/2020,06:19,1.04,1.04,1.04,1.04, 25000
02/06/2020,01:41,1.04,1.04,1.04,1.04, 25000
02/06/2020,01:44,1.04,1.04,1.04,1.04, 9345
02/06/2020,02:29,1.05,1.05,1.05,1.05, 28700
02/06/2020,03:45,1.06,1.06,1.06,1.06, 779
02/06/2020,03:52,1.06,1.06,1.06,1.06, 472
02/06/2020,03:58,1.04,1.04,1.04,1.04, 470
02/06/2020,04:34,1.06,1.06,1.06,1.06, 658
02/07/2020,02:31,1.05,1.05,1.05,1.05, 9920
02/07/2020,03:18,1.06,1.06,1.06,1.06, 710
02/07/2020,03:31,1.06,1.06,1.06,1.06, 1631
02/07/2020,05:27,1.06,1.06,1.06,1.06, 860
02/07/2020,06:08,1.05,1.05,1.05,1.05, 21359
02/10/2020,02:53,1.04,1.04,1.04,1.04, 4500
02/10/2020,03:10,1.04,1.04,1.04,1.04, 30685
02/10/2020,03:16,1.025,1.025,1.02,1.02, 19700
02/10/2020,04:25,1.04,1.04,1.04,1.04, 909
02/10/2020,06:12,1.035,1.035,1.035,1.035, 8166
02/11/2020,01:43,1.03,1.03,1.03,1.03, 28400
02/11/2020,03:08,1.02,1.02,1.02,1.02, 13000
02/11/2020,03:20,1.03,1.03,1.03,1.03, 835
02/11/2020,03:45,1.025,1.025,1.025,1.025, 633
02/11/2020,04:07,1.03,1.03,1.03,1.03, 994
02/13/2020,03:56,1.03,1.03,1.03,1.03, 11402
02/13/2020,06:15,1.035,1.035,1.035,1.035, 987
02/14/2020,03:56,1.025,1.025,1.025,1.025, 2740
02/17/2020,00:23,1.04,1.04,1.04,1.04, 2941
02/17/2020,00:31,1.035,1.035,1.035,1.035, 147
02/17/2020,00:53,1.04,1.04,1.04,1.04, 4683
02/17/2020,01:15,1.03,1.03,1.03,1.03, 561
02/17/2020,01:17,1.03,1.03,1.03,1.03, 585
02/17/2020,01:18,1.03,1.03,1.03,1.03, 7
02/17/2020,01:21,1.025,1.025,1.025,1.025, 2749
02/17/2020,03:06,1.03,1.03,1.025,1.025, 849
02/17/2020,03:08,1.025,1.025,1.025,1.025, 4
02/17/2020,03:09,1.025,1.025,1.025,1.025, 6
02/17/2020,03:20,1.025,1.025,1.025,1.025, 7
02/17/2020,03:21,1.025,1.025,1.025,1.025, 8
02/17/2020,03:24,1.03,1.03,1.03,1.03, 597
02/17/2020,03:38,1.025,1.025,1.025,1.025, 132
02/17/2020,03:40,1.025,1.025,1.025,1.025, 8
02/17/2020,03:41,1.025,1.025,1.025,1.025, 9
02/17/2020,03:42,1.025,1.025,1.025,1.025, 6
02/17/2020,03:43,1.025,1.025,1.025,1.025, 1
02/17/2020,03:56,1.025,1.025,1.025,1.025, 2
02/17/2020,03:57,1.025,1.025,1.025,1.025, 6
02/17/2020,05:03,1.03,1.03,1.03,1.03, 7300
02/17/2020,05:04,1.025,1.025,1.025,1.025, 721
02/18/2020,00:24,1.025,1.025,1.025,1.025, 14063
02/18/2020,00:26,1.02,1.02,1.02,1.02, 91
02/18/2020,00:32,1.02,1.02,1.02,1.02, 2915
02/18/2020,02:00,1.02,1.02,1.02,1.02, 937
02/18/2020,02:14,1.02,1.02,1.02,1.02, 1787
02/18/2020,02:18,1.025,1.025,1.025,1.025, 564
02/18/2020,04:09,1.025,1.025,1.025,1.025, 686
02/18/2020,04:20,1.025,1.025,1.025,1.025, 4763
02/18/2020,04:35,1.025,1.025,1.025,1.025, 5732
02/18/2020,04:36,1.02,1.02,1.02,1.02, 2634
02/18/2020,04:41,1.02,1.02,1.02,1.02, 15992
02/19/2020,03:02,1.02,1.02,1.02,1.02, 1058
02/19/2020,04:45,1.03,1.03,1.03,1.03, 152
02/20/2020,04:01,1.03,1.03,1.03,1.03, 20000
02/20/2020,04:24,1.03,1.03,1.03,1.03, 433
02/20/2020,05:15,1.025,1.025,1.025,1.025, 963
02/20/2020,06:01,1.03,1.03,1.03,1.03, 493
02/21/2020,00:37,1.03,1.03,1.03,1.03, 19417
02/21/2020,00:48,1.03,1.03,1.03,1.03, 9792
02/21/2020,02:30,1.04,1.04,1.04,1.04, 445
02/21/2020,03:15,1.04,1.04,1.04,1.04, 74
02/21/2020,04:37,1.03,1.03,1.03,1.03, 13718
02/21/2020,05:23,1.03,1.03,1.03,1.03, 4841
02/21/2020,05:24,1.03,1.03,1.03,1.03, 1318
02/21/2020,05:42,1.03,1.03,1.03,1.03, 350
02/21/2020,05:46,1.03,1.03,1.03,1.03, 2159
02/24/2020,03:41,1.02,1.02,1.015,1.015, 29765
02/24/2020,03:51,1.01,1.01,1.01,1.01, 14000
02/24/2020,04:24,1.015,1.015,1.015,1.015, 235
02/25/2020,00:23,1,1,.98,.98, 28527
02/25/2020,00:24,.96,.96,.96,.96, 1041
02/25/2020,00:28,.945,.945,.945,.945, 6826
02/25/2020,00:29,.95,.95,.95,.95, 8056
02/25/2020,00:33,.97,.97,.97,.97, 1944
02/25/2020,00:36,.955,.97,.955,.97, 11200
02/25/2020,00:38,.95,.97,.95,.97, 8853
02/25/2020,00:40,.975,.975,.975,.975, 12013
02/25/2020,00:41,.97,.97,.97,.97, 1821
02/25/2020,00:47,.97,.97,.97,.97, 13080
02/25/2020,00:55,.98,.98,.98,.98, 16500
02/25/2020,01:01,.98,.98,.98,.98, 2700
02/25/2020,01:01,.96,.96,.96,.96, 27300
02/25/2020,01:10,.97,.97,.97,.97, 4000
02/25/2020,01:13,.97,.97,.97,.97, 567
02/25/2020,01:30,.97,.97,.97,.97, 263
02/25/2020,02:10,.995,.995,.995,.995, 5010
02/25/2020,02:21,1,1,1,1, 186
02/25/2020,02:47,1.01,1.01,1.01,1.01, 4935
02/25/2020,02:49,1,1,1,1, 2539
02/25/2020,04:01,1,1,1,1, 2225
02/25/2020,04:55,1,1,1,1, 186
02/25/2020,04:58,1,1,1,1, 1500
02/25/2020,05:17,1,1,1,1, 2113
02/25/2020,06:09,1.01,1.01,1.01,1.01, 5084
02/25/2020,06:11,1.01,1.01,1.01,1.01, 3455
02/25/2020,06:16,1.01,1.01,1.01,1.01, 403
02/26/2020,00:37,.985,.985,.98,.98, 4350
02/26/2020,00:40,.98,.98,.98,.98, 2638
02/26/2020,01:16,.99,.99,.99,.99, 5325
02/26/2020,01:18,.99,.99,.99,.99, 7042
02/26/2020,02:10,.99,.99,.99,.99, 12823
02/26/2020,03:27,1,1,1,1, 3081
02/26/2020,03:35,.99,.99,.99,.99, 60000
02/26/2020,03:39,.99,.99,.99,.99, 15000
02/26/2020,03:43,.99,.99,.99,.99, 2074
02/26/2020,03:49,1,1,1,1, 549
02/26/2020,03:49,.99,.99,.99,.99, 10103
02/26/2020,03:58,.99,.99,.99,.99, 6502
02/26/2020,04:43,.99,.99,.99,.99, 916
02/26/2020,05:46,1,1,1,1, 1898
02/26/2020,06:07,1,1,1,1, 25684
02/26/2020,06:14,1,1,1,1, 2895
02/26/2020,06:16,1,1,1,1, 15000
02/26/2020,06:31,1,1,1,1, 7105

