01/02/2020,15:31,33.69,33.69,33.69,33.69, 331
01/02/2020,15:49,33.34,33.34,33.34,33.34, 517
01/02/2020,15:53,33.53,33.54,33.52,33.52, 400
01/02/2020,15:55,33.51,33.52,33.51,33.52, 400
01/02/2020,15:58,33.52,33.52,33.52,33.52, 630
01/02/2020,16:10,33.25,33.25,33.24,33.24, 512
01/02/2020,16:12,33.24,33.24,33.24,33.24, 209
01/02/2020,16:20,33.381,33.381,33.381,33.381, 600
01/02/2020,16:21,33.47,33.47,33.47,33.47, 535
01/02/2020,16:24,33.234,33.234,33.234,33.234, 100
01/02/2020,16:26,33.273,33.273,33.273,33.273, 844
01/02/2020,16:51,33.367,33.367,33.367,33.367, 665
01/02/2020,17:13,33.302,33.302,33.302,33.302, 445
01/02/2020,17:40,33.42,33.42,33.42,33.42, 195
01/02/2020,17:58,33.38,33.38,33.38,33.38, 540
01/02/2020,18:18,33.33,33.33,33.33,33.33, 500
01/02/2020,18:24,33.32,33.33,33.32,33.329, 2200
01/02/2020,19:30,33.2,33.2,33.2,33.2, 100
01/02/2020,19:45,33.32,33.33,33.32,33.33, 4200
01/02/2020,20:10,33.399,33.399,33.399,33.399, 129
01/02/2020,20:28,33.407,33.407,33.38,33.38, 1100
01/02/2020,20:39,33.33,33.33,33.33,33.33, 100
01/02/2020,20:40,33.33,33.33,33.33,33.33, 100
01/02/2020,20:41,33.33,33.33,33.33,33.33, 100
01/02/2020,20:42,33.33,33.33,33.33,33.33, 100
01/02/2020,20:44,33.33,33.33,33.33,33.33, 100
01/02/2020,20:45,33.33,33.33,33.33,33.33, 100
01/02/2020,20:58,33.41,33.41,33.41,33.41, 200
01/02/2020,21:52,33.46,33.47,33.46,33.47, 200
01/03/2020,15:31,33.28,33.28,33.28,33.28, 100
01/03/2020,15:43,33.236,33.236,33.236,33.236, 200
01/03/2020,15:46,33.224,33.224,33.224,33.224, 1000
01/03/2020,15:53,33.358,33.358,33.358,33.358, 150
01/03/2020,16:13,33.08,33.104,33.05,33.104, 1400
01/03/2020,16:13,33.05,33.05,33.05,33.05, 100
01/03/2020,16:18,33.05,33.05,33.05,33.05, 100
01/03/2020,16:21,33.05,33.05,33.05,33.05, 200
01/03/2020,16:34,33.04,33.04,33.04,33.04, 500
01/03/2020,16:48,33.03,33.03,33.03,33.03, 992
01/03/2020,16:50,33.05,33.05,33.05,33.05, 198
01/03/2020,16:52,33.03,33.03,33.03,33.03, 100
01/03/2020,17:02,33,33.02,32.99,33.02, 1300
01/03/2020,17:08,33.014,33.014,33.014,33.014, 1000
01/03/2020,17:12,33.05,33.05,33.05,33.05, 400
01/03/2020,17:17,33.05,33.105,33.05,33.105, 500
01/03/2020,17:19,33.05,33.093,33.05,33.093, 620
01/03/2020,17:26,33.11,33.11,33.11,33.11, 300
01/03/2020,17:55,33.15,33.15,33.15,33.15, 200
01/03/2020,18:03,33.23,33.23,33.23,33.23, 100
01/03/2020,18:14,33.22,33.22,33.16,33.16, 314
01/03/2020,18:33,33.28,33.28,33.28,33.28, 100
01/03/2020,18:48,33.288,33.288,33.288,33.288, 850
01/03/2020,18:48,33.29,33.29,33.29,33.29, 300
01/03/2020,18:52,33.28,33.28,33.28,33.28, 300
01/03/2020,20:30,33.05,33.23,33.05,33.05, 1087
01/03/2020,21:14,33.25,33.25,33.25,33.25, 143
01/03/2020,21:52,33.08,33.08,33.08,33.08, 300
01/06/2020,15:31,32.94,32.94,32.74,32.94, 1868
01/06/2020,15:33,32.94,33,32.94,32.94, 700
01/06/2020,15:35,32.95,32.95,32.95,32.95, 600
01/06/2020,15:41,32.95,32.95,32.95,32.95, 100
01/06/2020,15:42,32.94,32.94,32.94,32.94, 500
01/06/2020,15:43,32.94,32.941,32.94,32.94, 6164
01/06/2020,15:50,32.945,32.945,32.945,32.945, 300
01/06/2020,16:01,32.94,32.94,32.94,32.94, 1100
01/06/2020,16:17,32.95,32.95,32.95,32.95, 100
01/06/2020,16:19,32.95,32.95,32.95,32.95, 700
01/06/2020,16:21,32.95,32.95,32.94,32.94, 200
01/06/2020,16:22,32.95,32.95,32.95,32.95, 100
01/06/2020,16:23,32.95,32.95,32.95,32.95, 100
01/06/2020,16:24,32.95,32.95,32.95,32.95, 100
01/06/2020,16:29,32.94,32.945,32.85,32.85, 8194
01/06/2020,16:39,32.893,32.893,32.893,32.893, 400
01/06/2020,16:42,32.91,32.91,32.91,32.91, 250
01/06/2020,16:51,32.94,32.94,32.87,32.87, 9802
01/06/2020,16:52,32.87,32.87,32.85,32.85, 900
01/06/2020,16:57,32.895,32.895,32.85,32.895, 1500
01/06/2020,17:10,32.914,32.914,32.914,32.914, 100
01/06/2020,17:39,32.878,32.878,32.878,32.878, 304
01/06/2020,17:50,32.95,32.95,32.95,32.95, 300
01/06/2020,18:15,33.027,33.027,33.027,33.027, 100
01/06/2020,18:42,33.004,33.004,33.004,33.004, 100
01/06/2020,19:31,33.022,33.022,33.022,33.022, 159
01/06/2020,19:42,33.06,33.069,33.06,33.069, 464
01/06/2020,19:46,32.989,32.989,32.989,32.989, 500
01/06/2020,19:53,33.003,33.003,32.989,32.989, 2380
01/06/2020,21:47,33.05,33.05,33.046,33.05, 825
01/07/2020,15:31,32.96,32.96,32.96,32.96, 103
01/07/2020,15:32,33.058,33.058,33.058,33.058, 144
01/07/2020,15:51,33.013,33.013,33.013,33.013, 150
01/07/2020,17:13,33.06,33.06,33.06,33.06, 600
01/07/2020,18:13,33.14,33.14,33.14,33.14, 240
01/07/2020,19:12,33.2,33.2,33.195,33.195, 272
01/07/2020,20:17,33.19,33.195,33.1,33.11, 800
01/07/2020,20:18,33.1,33.1,33.1,33.1, 200
01/07/2020,20:19,33.1,33.13,33.04,33.04, 1875
01/07/2020,20:20,33.04,33.04,33.04,33.04, 400
01/07/2020,20:21,33.04,33.04,33.04,33.04, 400
01/07/2020,20:22,33.04,33.04,33,33, 700
01/07/2020,20:23,33,33,32.95,32.95, 1336
01/07/2020,20:29,32.95,32.95,32.95,32.95, 600
01/07/2020,20:50,32.93,33.003,32.93,33.003, 200
01/07/2020,21:41,32.93,32.95,32.93,32.93, 400
01/07/2020,21:56,33.045,33.045,32.96,32.997, 1800
01/07/2020,22:00,33.18,33.18,33.18,33.18, 100
01/08/2020,15:31,33.18,33.18,33.18,33.18, 300
01/08/2020,16:13,33.164,33.17,33.164,33.17, 800
01/08/2020,16:17,33.17,33.17,33.17,33.17, 1000
01/08/2020,16:18,33.2,33.2,33.2,33.2, 144
01/08/2020,16:31,33.427,33.427,33.427,33.427, 150
01/08/2020,16:35,33.427,33.427,33.427,33.427, 126
01/08/2020,17:11,33.17,33.17,33.17,33.17, 100
01/08/2020,17:37,33.287,33.358,33.287,33.358, 613
01/08/2020,20:10,33.363,33.363,33.363,33.363, 150
01/08/2020,21:42,33.367,33.367,33.367,33.367, 203
01/08/2020,21:57,33.365,33.365,33.365,33.365, 300
01/09/2020,15:31,33.49,33.49,33.49,33.49, 324
01/09/2020,16:23,33.42,33.42,33.42,33.42, 150
01/09/2020,18:01,33.478,33.478,33.478,33.478, 1000
01/09/2020,18:13,33.5,33.51,33.5,33.51, 1500
01/09/2020,18:59,33.445,33.445,33.445,33.445, 229
01/09/2020,19:02,33.452,33.452,33.452,33.452, 192
01/09/2020,19:10,33.48,33.48,33.48,33.48, 900
01/09/2020,19:23,33.464,33.464,33.464,33.464, 143
01/09/2020,20:02,33.461,33.461,33.461,33.461, 130
01/09/2020,20:10,33.455,33.455,33.455,33.455, 100
01/09/2020,20:13,33.48,33.495,33.48,33.495, 522
01/09/2020,20:15,33.51,33.51,33.51,33.51, 300
01/09/2020,20:23,33.495,33.495,33.48,33.49, 2158
01/09/2020,20:27,33.444,33.444,33.444,33.444, 111
01/09/2020,20:55,33.48,33.48,33.48,33.48, 200
01/09/2020,20:56,33.51,33.51,33.505,33.51, 444
01/09/2020,20:58,33.51,33.51,33.505,33.505, 200
01/09/2020,21:01,33.51,33.51,33.51,33.51, 1349
01/09/2020,21:03,33.51,33.515,33.51,33.51, 617
01/09/2020,21:32,33.51,33.51,33.51,33.51, 100
01/09/2020,21:41,33.5,33.5,33.5,33.5, 240
01/09/2020,21:56,33.49,33.495,33.433,33.441, 500
01/09/2020,21:58,33.47,33.47,33.47,33.47, 300
01/10/2020,15:44,33.463,33.463,33.463,33.463, 150
01/10/2020,15:47,33.34,33.34,33.34,33.34, 100
01/10/2020,16:05,33.46,33.46,33.46,33.46, 500
01/10/2020,16:08,33.51,33.51,33.475,33.475, 600
01/10/2020,16:14,33.51,33.51,33.489,33.489, 210
01/10/2020,17:30,33.495,33.51,33.495,33.51, 923
01/10/2020,18:35,33.879,33.879,33.879,33.879, 483
01/10/2020,18:47,33.642,33.642,33.642,33.642, 380
01/10/2020,18:59,33.5,33.5,33.5,33.5, 200
01/10/2020,19:15,33.47,33.482,33.46,33.482, 400
01/10/2020,19:42,33.45,33.45,33.442,33.442, 700
01/10/2020,19:51,33.46,33.46,33.46,33.46, 100
01/10/2020,20:21,33.36,33.36,33.28,33.28, 1591
01/10/2020,20:21,33.24,33.24,33.24,33.24, 100
01/10/2020,20:23,33.24,33.24,33.19,33.19, 200
01/10/2020,20:24,33.14,33.14,33.14,33.14, 100
01/10/2020,20:24,33.14,33.14,33.14,33.14, 100
01/10/2020,20:26,33.12,33.12,33.12,33.12, 200
01/10/2020,20:27,33.06,33.06,33.06,33.06, 100
01/10/2020,20:27,33.07,33.133,33.06,33.06, 400
01/10/2020,20:29,33.07,33.07,33.06,33.06, 688
01/10/2020,21:07,33.06,33.08,33.06,33.08, 200
01/10/2020,21:15,33.232,33.232,33.232,33.232, 100
01/10/2020,21:16,33.214,33.214,33.214,33.214, 300
01/10/2020,21:18,33.118,33.118,33.118,33.118, 300
01/10/2020,21:21,33.09,33.09,33.09,33.09, 100
01/10/2020,21:27,33.155,33.229,33.155,33.229, 2200
01/10/2020,21:45,33.212,33.212,33.212,33.212, 187
01/10/2020,21:46,33.23,33.231,33.23,33.231, 300
01/10/2020,21:51,33.23,33.23,33.23,33.23, 100
01/10/2020,21:52,33.2,33.232,33.16,33.16, 400
01/10/2020,21:55,33.46,33.46,33.46,33.46, 100
01/10/2020,21:57,33.15,33.15,33.15,33.15, 100
01/10/2020,21:58,33.441,33.441,33.441,33.441, 240
01/10/2020,22:00,33.25,33.25,33.25,33.25, 100
01/13/2020,15:31,34.04,34.04,34.04,34.04, 1600
01/13/2020,15:40,33.2,33.566,33.2,33.566, 400
01/13/2020,17:44,33.49,33.49,33.324,33.341, 840
01/13/2020,17:56,33.49,33.49,33.413,33.413, 200
01/13/2020,18:02,33.507,33.507,33.507,33.507, 112
01/13/2020,18:15,33.308,33.308,33.308,33.308, 200
01/13/2020,19:49,33.268,33.268,33.268,33.268, 454
01/13/2020,20:36,33.406,33.406,33.406,33.406, 155
01/13/2020,20:46,33.51,33.51,33.51,33.51, 545
01/13/2020,20:55,33.473,33.473,33.473,33.473, 155
01/13/2020,21:19,33.455,33.455,33.455,33.455, 158
01/13/2020,21:41,33.474,33.474,33.474,33.474, 400
01/14/2020,15:31,33.48,33.48,33.48,33.48, 100
01/14/2020,16:17,33.42,33.49,33.42,33.49, 1470
01/14/2020,16:24,33.5,33.5,33.42,33.5, 500
01/14/2020,16:38,33.497,33.497,33.497,33.497, 127
01/14/2020,16:43,33.5,33.5,33.5,33.5, 990
01/14/2020,17:09,33.5,33.5,33.5,33.5, 600
01/14/2020,17:23,33.49,33.5,33.49,33.5, 800
01/14/2020,17:30,33.311,33.311,33.311,33.311, 285
01/14/2020,17:42,33.48,33.48,33.48,33.48, 200
01/14/2020,17:51,33.45,33.45,33.45,33.45, 900
01/14/2020,18:05,33.471,33.5,33.468,33.5, 900
01/14/2020,18:06,33.48,33.5,33.48,33.5, 200
01/14/2020,18:13,33.5,33.5,33.5,33.5, 600
01/14/2020,18:22,33.51,33.51,33.51,33.51, 500
01/14/2020,18:30,33.51,33.51,33.51,33.51, 219
01/14/2020,18:32,33.51,33.51,33.5,33.5, 540
01/14/2020,18:34,33.459,33.459,33.459,33.459, 352
01/14/2020,18:43,33.5,33.5,33.5,33.5, 6019
01/14/2020,18:57,33.469,33.469,33.469,33.469, 300
01/14/2020,19:21,33.477,33.477,33.477,33.477, 511
01/14/2020,19:25,33.5,33.51,33.5,33.5, 980
01/14/2020,20:25,33.475,33.475,33.45,33.475, 2600
01/14/2020,20:30,33.471,33.471,33.471,33.471, 100
01/14/2020,20:50,33.478,33.5,33.478,33.488, 719
01/14/2020,20:52,33.5,33.5,33.5,33.5, 179
01/14/2020,20:54,33.5,33.5,33.5,33.5, 300
01/14/2020,21:20,33.51,33.51,33.49,33.49, 428
01/14/2020,21:25,33.51,33.51,33.503,33.503, 308
01/14/2020,21:58,33.493,33.493,33.493,33.493, 100
01/14/2020,22:00,33.51,33.51,33.51,33.51, 200
01/15/2020,15:31,33.95,33.95,33.95,33.95, 1240
01/15/2020,15:50,33.66,33.68,33.66,33.68, 400
01/15/2020,15:53,33.68,33.68,33.556,33.556, 200
01/15/2020,16:34,33.75,33.75,33.685,33.685, 410
01/15/2020,16:43,33.673,33.673,33.673,33.673, 154
01/15/2020,17:04,33.67,33.67,33.67,33.67, 682
01/15/2020,17:11,33.607,33.607,33.607,33.607, 151
01/15/2020,17:49,33.65,33.65,33.58,33.649, 500
01/15/2020,17:56,33.64,33.64,33.56,33.639, 304
01/15/2020,18:03,33.56,33.618,33.56,33.613, 600
01/15/2020,18:04,33.647,33.647,33.647,33.647, 231
01/15/2020,18:06,33.702,33.702,33.702,33.702, 106
01/15/2020,18:10,33.6,33.6,33.6,33.6, 400
01/15/2020,18:48,33.56,33.56,33.56,33.56, 616
01/15/2020,18:48,33.56,33.56,33.56,33.56, 200
01/15/2020,19:02,33.5,33.5,33.5,33.5, 718
01/15/2020,20:19,33.47,33.47,33.47,33.47, 100
01/15/2020,20:23,33.474,33.474,33.474,33.474, 106
01/15/2020,20:28,33.44,33.454,33.44,33.454, 200
01/15/2020,20:38,33.44,33.44,33.44,33.44, 121
01/15/2020,20:50,33.44,33.44,33.44,33.44, 244
01/15/2020,21:04,33.44,33.5,33.44,33.5, 200
01/15/2020,21:17,33.44,33.44,33.13,33.13, 2900
01/15/2020,21:29,33.32,33.32,33.32,33.32, 150
01/16/2020,15:31,33.24,33.24,33.24,33.24, 714
01/16/2020,16:05,33.28,33.393,33.28,33.393, 200
01/16/2020,17:07,33.41,33.41,33.41,33.41, 157
01/16/2020,17:18,33.629,33.629,33.629,33.629, 660
01/16/2020,17:43,33.5,33.5,33.5,33.5, 200
01/16/2020,17:55,33.4,33.4,33.39,33.39, 400
01/16/2020,19:48,33.348,33.48,33.348,33.38, 800
01/16/2020,19:54,33.48,33.49,33.432,33.432, 840
01/16/2020,20:39,33.6,33.695,33.6,33.695, 200
01/16/2020,20:53,33.6,33.695,33.6,33.695, 403
01/16/2020,20:56,33.6,33.6,33.6,33.6, 200
01/16/2020,21:13,33.61,33.708,33.61,33.708, 200
01/16/2020,21:16,33.79,33.79,33.79,33.79, 100
01/16/2020,21:18,33.711,33.711,33.63,33.636, 300
01/16/2020,21:19,33.61,33.61,33.61,33.61, 100
01/16/2020,21:21,33.77,33.77,33.77,33.77, 100
01/16/2020,21:23,33.664,33.664,33.664,33.664, 200
01/16/2020,21:24,33.772,33.772,33.772,33.772, 200
01/16/2020,21:25,33.79,33.79,33.79,33.79, 100
01/16/2020,21:27,33.768,33.768,33.768,33.768, 100
01/16/2020,21:29,33.79,33.79,33.79,33.79, 100
01/16/2020,21:30,33.7,33.7,33.7,33.7, 120
01/16/2020,21:33,33.79,33.79,33.79,33.79, 100
01/16/2020,21:36,33.79,33.79,33.79,33.79, 100
01/16/2020,21:37,33.78,33.78,33.713,33.713, 252
01/16/2020,21:39,33.79,33.79,33.79,33.79, 400
01/16/2020,21:43,33.8,33.8,33.8,33.8, 100
01/16/2020,21:45,33.79,33.79,33.79,33.79, 100
01/16/2020,21:46,33.8,33.8,33.8,33.8, 100
01/16/2020,21:48,33.8,33.8,33.8,33.8, 100
01/16/2020,21:50,33.8,33.8,33.8,33.8, 100
01/16/2020,21:57,33.8,33.8,33.8,33.8, 100
01/16/2020,21:58,33.8,33.8,33.8,33.8, 100
01/16/2020,21:59,33.79,33.79,33.79,33.79, 100
01/16/2020,22:00,33.8,33.8,33.8,33.8, 200
01/16/2020,22:01,33.82,33.93,33.82,33.93, 229
01/17/2020,15:31,33.69,33.69,33.69,33.69, 134
01/17/2020,15:44,34,34,34,34, 176
01/17/2020,15:57,33.793,33.793,33.793,33.793, 540
01/17/2020,15:59,33.763,33.763,33.763,33.763, 100
01/17/2020,16:20,33.75,33.765,33.68,33.765, 800
01/17/2020,16:26,33.46,33.605,33.42,33.555, 1400
01/17/2020,16:50,33.8,33.8,33.8,33.8, 670
01/17/2020,17:48,33.69,33.69,33.69,33.69, 100
01/17/2020,18:10,33.64,33.67,33.64,33.67, 800
01/17/2020,18:59,33.64,33.68,33.64,33.68, 208
01/17/2020,19:01,33.52,33.573,33.43,33.573, 1866
01/17/2020,20:01,33.5,33.5,33.5,33.5, 100
01/17/2020,20:03,33.72,33.72,33.72,33.72, 100
01/17/2020,20:04,33.686,33.686,33.686,33.686, 100
01/17/2020,20:20,33.611,33.611,33.558,33.558, 2060
01/17/2020,20:33,33.47,33.537,33.43,33.497, 1982
01/17/2020,21:18,33.608,33.608,33.608,33.608, 200
01/17/2020,21:27,33.6,33.6,33.56,33.572, 1492
01/17/2020,21:27,33.6,33.6,33.58,33.58, 500
01/17/2020,21:29,33.56,33.598,33.56,33.597, 300
01/17/2020,21:32,33.588,33.588,33.588,33.588, 400
01/17/2020,21:34,33.58,33.58,33.58,33.58, 100
01/17/2020,21:42,33.59,33.59,33.59,33.59, 200
01/17/2020,21:45,33.597,33.597,33.597,33.597, 188
01/17/2020,21:48,33.599,33.599,33.599,33.599, 130
01/17/2020,21:53,33.6,33.6,33.596,33.596, 1784
01/17/2020,22:01,33.75,33.75,33.75,33.75, 248
01/21/2020,15:31,33.5,33.5,33.365,33.42, 968
01/21/2020,15:41,33.6,33.6,33.6,33.6, 200
01/21/2020,15:58,33.721,33.721,33.721,33.721, 100
01/21/2020,16:12,33.664,33.664,33.664,33.664, 123
01/21/2020,16:33,33.65,33.681,33.5,33.667, 1050
01/21/2020,17:17,33.523,33.523,33.523,33.523, 100
01/21/2020,17:40,33.604,33.604,33.604,33.604, 165
01/21/2020,18:29,33.67,33.67,33.67,33.67, 214
01/21/2020,18:32,33.541,33.541,33.541,33.541, 2000
01/21/2020,18:54,33.518,33.518,33.518,33.518, 300
01/21/2020,18:59,33.51,33.51,33.51,33.51, 299
01/21/2020,19:02,33.577,33.577,33.577,33.577, 300
01/21/2020,19:09,33.669,33.669,33.669,33.669, 149
01/21/2020,19:33,33.48,33.48,33.48,33.48, 100
01/21/2020,20:19,33.632,33.632,33.632,33.632, 224
01/21/2020,20:42,33.526,33.526,33.526,33.526, 250
01/21/2020,21:03,33.529,33.529,33.529,33.529, 105
01/21/2020,21:08,33.643,33.643,33.643,33.643, 100
01/21/2020,21:11,33.653,33.653,33.653,33.653, 100
01/21/2020,21:15,33.6,33.6,33.6,33.6, 200
01/21/2020,21:26,33.655,33.655,33.655,33.655, 100
01/21/2020,21:47,33.64,33.64,33.64,33.64, 100
01/21/2020,21:49,33.64,33.64,33.64,33.64, 114
01/21/2020,21:56,33.64,33.64,33.64,33.64, 100
01/21/2020,21:56,33.64,33.64,33.64,33.64, 100
01/21/2020,21:59,33.64,33.64,33.64,33.64, 100
01/21/2020,22:00,33.64,33.64,33.64,33.64, 200
01/21/2020,22:00,33.669,33.67,33.667,33.67, 300
01/22/2020,15:31,33.59,33.59,33.59,33.59, 317
01/22/2020,16:17,33.6,33.6,33.6,33.6, 200
01/22/2020,16:21,33.708,33.708,33.708,33.708, 298
01/22/2020,16:23,33.645,33.645,33.645,33.645, 100
01/22/2020,16:35,33.702,33.702,33.702,33.702, 150
01/22/2020,16:46,33.75,33.75,33.75,33.75, 320
01/22/2020,18:38,33.785,33.785,33.785,33.785, 100
01/22/2020,18:40,33.8,33.8,33.761,33.761, 2160
01/22/2020,19:00,33.775,33.8,33.775,33.8, 300
01/22/2020,19:10,33.8,33.8,33.8,33.8, 500
01/22/2020,19:12,33.75,33.75,33.75,33.75, 100
01/22/2020,19:13,33.813,33.813,33.813,33.813, 200
01/22/2020,19:14,33.813,33.813,33.813,33.813, 200
01/22/2020,19:15,33.813,33.818,33.813,33.818, 200
01/22/2020,19:18,33.813,33.813,33.813,33.813, 300
01/22/2020,19:23,33.813,33.813,33.722,33.722, 405
01/22/2020,20:11,33.72,33.72,33.696,33.696, 400
01/22/2020,20:58,33.731,33.731,33.731,33.731, 1000
01/22/2020,21:04,33.72,33.72,33.72,33.72, 300
01/22/2020,21:05,33.72,33.768,33.72,33.768, 300
01/22/2020,21:20,33.72,33.72,33.72,33.72, 300
01/22/2020,21:21,33.72,33.72,33.72,33.72, 100
01/22/2020,21:41,33.72,33.72,33.72,33.72, 300
01/22/2020,21:42,33.72,33.72,33.72,33.72, 300
01/22/2020,21:44,33.72,33.72,33.72,33.72, 200
01/22/2020,21:47,33.72,33.753,33.72,33.72, 1700
01/22/2020,21:50,33.72,33.72,33.72,33.72, 900
01/22/2020,21:51,33.72,33.72,33.72,33.72, 1500
01/23/2020,16:20,33.63,33.63,33.63,33.63, 100
01/23/2020,16:22,33.63,33.63,33.63,33.63, 200
01/23/2020,16:24,33.69,33.69,33.69,33.69, 200
01/23/2020,16:35,33.677,33.677,33.677,33.677, 100
01/23/2020,17:16,33.65,33.65,33.65,33.65, 126
01/23/2020,18:06,33.6,33.609,33.567,33.567, 1250
01/23/2020,18:22,33.64,33.64,33.64,33.64, 350
01/23/2020,18:39,33.57,33.57,33.57,33.57, 100
01/23/2020,19:11,33.596,33.596,33.596,33.596, 108
01/23/2020,19:17,33.626,33.626,33.626,33.626, 300
01/23/2020,19:25,33.64,33.64,33.64,33.64, 100
01/23/2020,19:30,33.642,33.642,33.642,33.642, 600
01/23/2020,20:04,33.61,33.61,33.61,33.61, 500
01/23/2020,20:14,33.601,33.601,33.601,33.601, 100
01/23/2020,20:20,33.719,33.719,33.719,33.719, 120
01/23/2020,20:26,33.66,33.66,33.66,33.66, 150
01/23/2020,20:28,33.72,33.72,33.708,33.712, 300
01/23/2020,20:30,33.72,33.72,33.685,33.685, 200
01/23/2020,20:32,33.72,33.72,33.72,33.72, 100
01/23/2020,20:34,33.66,33.66,33.66,33.66, 100
01/23/2020,21:00,33.601,33.601,33.601,33.601, 100
01/23/2020,21:12,33.61,33.61,33.61,33.61, 100
01/23/2020,21:34,33.636,33.636,33.636,33.636, 147
01/23/2020,21:37,33.719,33.72,33.719,33.72, 577
01/24/2020,15:31,33.78,33.78,33.78,33.78, 836
01/24/2020,15:37,33.963,33.963,33.667,33.667, 400
01/24/2020,15:38,33.781,33.781,33.781,33.781, 456
01/24/2020,15:38,33.855,33.889,33.848,33.848, 1700
01/24/2020,15:59,33.86,33.86,33.86,33.86, 200
01/24/2020,16:19,33.96,33.96,33.96,33.96, 147
01/24/2020,16:22,33.86,33.91,33.84,33.84, 1100
01/24/2020,16:23,33.84,33.84,33.834,33.834, 200
01/24/2020,16:25,33.84,33.84,33.834,33.834, 200
01/24/2020,16:46,33.84,33.84,33.84,33.84, 100
01/24/2020,17:14,33.728,33.728,33.728,33.728, 200
01/24/2020,17:15,33.824,33.824,33.824,33.824, 100
01/24/2020,17:19,33.728,33.728,33.728,33.728, 100
01/24/2020,17:58,33.84,33.84,33.84,33.84, 100
01/24/2020,18:05,33.84,33.84,33.84,33.84, 100
01/24/2020,18:47,33.71,33.71,33.71,33.71, 200
01/24/2020,18:49,33.735,33.815,33.735,33.815, 3121
01/24/2020,18:57,33.669,33.669,33.652,33.652, 200
01/24/2020,19:15,33.68,33.68,33.68,33.68, 300
01/24/2020,19:16,33.72,33.72,33.72,33.72, 200
01/24/2020,19:30,33.63,33.63,33.63,33.63, 273
01/24/2020,20:12,33.758,33.758,33.758,33.758, 600
01/24/2020,20:24,33.74,33.74,33.74,33.74, 100
01/24/2020,20:27,33.59,33.59,33.59,33.59, 100
01/24/2020,20:29,33.68,33.68,33.68,33.68, 100
01/24/2020,20:32,33.562,33.562,33.562,33.562, 1000
01/24/2020,20:34,33.68,33.68,33.68,33.68, 100
01/24/2020,20:39,33.68,33.68,33.68,33.68, 100
01/24/2020,20:44,33.65,33.65,33.65,33.65, 100
01/24/2020,20:49,33.65,33.65,33.65,33.65, 100
01/24/2020,20:50,33.563,33.563,33.563,33.563, 653
01/24/2020,20:54,33.58,33.58,33.58,33.58, 100
01/24/2020,20:59,33.58,33.58,33.58,33.58, 100
01/24/2020,21:08,33.58,33.58,33.58,33.58, 200
01/24/2020,21:12,33.55,33.55,33.55,33.55, 100
01/24/2020,21:16,33.55,33.55,33.55,33.55, 100
01/24/2020,21:20,33.53,33.53,33.53,33.53, 100
01/24/2020,21:23,33.53,33.53,33.53,33.53, 100
01/24/2020,21:24,33.5,33.5,33.5,33.5, 100
01/24/2020,21:27,33.55,33.55,33.55,33.55, 100
01/24/2020,21:33,33.64,33.64,33.64,33.64, 100
01/24/2020,21:41,33.64,33.64,33.64,33.64, 100
01/24/2020,21:43,33.64,33.64,33.64,33.64, 100
01/24/2020,21:45,33.64,33.64,33.64,33.64, 100
01/24/2020,21:47,33.547,33.64,33.547,33.64, 285
01/24/2020,21:48,33.64,33.64,33.64,33.64, 100
01/24/2020,21:50,33.57,33.57,33.57,33.57, 200
01/24/2020,21:51,33.52,33.52,33.52,33.52, 100
01/24/2020,21:53,33.545,33.545,33.545,33.545, 100
01/24/2020,21:53,33.6,33.6,33.6,33.6, 100
01/24/2020,21:54,33.6,33.6,33.6,33.6, 100
01/24/2020,21:56,33.6,33.61,33.6,33.61, 200
01/24/2020,21:56,33.66,33.66,33.66,33.66, 200
01/24/2020,21:57,33.67,33.67,33.67,33.67, 200
01/24/2020,21:59,33.68,33.68,33.68,33.68, 200
01/24/2020,21:59,33.68,33.68,33.68,33.68, 100
01/24/2020,22:00,33.68,33.84,33.67,33.84, 400
01/27/2020,15:41,33.35,33.35,33.35,33.35, 100
01/27/2020,15:46,33.31,33.31,33.246,33.246, 1140
01/27/2020,15:50,33.16,33.16,33.16,33.16, 200
01/27/2020,15:59,33.1,33.171,33.1,33.171, 721
01/27/2020,16:04,32.9,32.985,32.9,32.905, 1100
01/27/2020,16:06,32.8,32.83,32.8,32.83, 1500
01/27/2020,16:18,32.78,32.82,32.78,32.81, 300
01/27/2020,16:31,32.84,32.924,32.8,32.8, 800
01/27/2020,16:36,33.048,33.048,32.81,32.81, 350
01/27/2020,16:53,32.79,32.79,32.79,32.79, 200
01/27/2020,17:02,32.77,32.77,32.77,32.77, 200
01/27/2020,17:09,32.77,32.77,32.77,32.77, 200
01/27/2020,17:21,32.75,32.75,32.75,32.75, 100
01/27/2020,17:26,32.95,32.95,32.95,32.95, 100
01/27/2020,17:34,32.8,32.8,32.75,32.75, 200
01/27/2020,17:39,33.018,33.018,32.9,32.9, 200
01/27/2020,17:44,32.9,32.9,32.9,32.9, 100
01/27/2020,17:50,32.9,32.9,32.9,32.9, 100
01/27/2020,17:53,33.013,33.013,33.013,33.013, 272
01/27/2020,17:57,32.9,32.9,32.765,32.765, 203
01/27/2020,18:11,32.75,32.75,32.75,32.75, 100
01/27/2020,18:13,32.966,32.966,32.966,32.966, 195
01/27/2020,18:20,32.8,32.8,32.8,32.8, 100
01/27/2020,18:29,32.84,32.84,32.84,32.84, 100
01/27/2020,18:40,32.97,32.97,32.8,32.8, 300
01/27/2020,18:53,32.8,32.8,32.8,32.8, 100
01/27/2020,18:58,32.803,32.803,32.803,32.803, 200
01/27/2020,19:00,33.106,33.106,33.106,33.106, 100
01/27/2020,19:01,33.102,33.102,33.102,33.102, 100
01/27/2020,19:04,33.03,33.03,33.03,33.03, 100
01/27/2020,19:07,33.08,33.08,32.981,32.981, 282
01/27/2020,19:12,32.947,32.947,32.947,32.947, 266
01/27/2020,19:16,32.974,32.974,32.974,32.974, 200
01/27/2020,19:18,32.95,32.95,32.95,32.95, 100
01/27/2020,19:28,32.95,32.95,32.95,32.95, 100
01/27/2020,19:51,32.986,32.986,32.986,32.986, 100
01/27/2020,19:52,32.986,32.986,32.986,32.986, 100
01/27/2020,19:56,33.047,33.047,32.95,32.95, 250
01/27/2020,20:07,33.046,33.046,33.046,33.046, 294
01/27/2020,20:09,32.95,32.95,32.95,32.95, 100
01/27/2020,20:19,33.069,33.069,33.069,33.069, 182
01/27/2020,20:39,32.95,32.95,32.95,32.95, 149
01/27/2020,20:56,32.95,33.054,32.95,32.96, 458
01/27/2020,20:58,32.96,32.96,32.96,32.96, 3354
01/27/2020,20:59,32.96,32.96,32.96,32.96, 145
01/27/2020,21:10,32.95,32.988,32.95,32.988, 1000
01/27/2020,21:11,32.951,32.951,32.951,32.951, 500
01/27/2020,21:11,32.978,32.978,32.978,32.978, 100
01/27/2020,21:34,32.985,32.985,32.985,32.985, 100
01/27/2020,21:36,32.973,32.973,32.973,32.973, 350
01/27/2020,21:43,32.95,32.95,32.95,32.95, 250
01/27/2020,21:47,32.974,32.974,32.974,32.974, 100
01/27/2020,21:49,32.965,32.965,32.965,32.965, 100
01/27/2020,21:55,32.95,32.95,32.95,32.95, 105
01/27/2020,21:56,32.95,32.95,32.95,32.95, 245
01/27/2020,22:00,32.95,32.95,32.95,32.95, 200
01/28/2020,16:04,32.975,32.975,32.975,32.975, 900
01/28/2020,16:19,33.189,33.189,33.189,33.189, 184
01/28/2020,16:19,33.239,33.239,33.239,33.239, 113
01/28/2020,17:25,32.9,32.9,32.9,32.9, 642
01/28/2020,17:32,32.93,32.93,32.93,32.93, 100
01/28/2020,17:34,33.098,33.098,33.098,33.098, 126
01/28/2020,17:39,33.083,33.083,33.083,33.083, 300
01/28/2020,17:44,32.93,32.93,32.93,32.93, 100
01/28/2020,17:57,33.01,33.01,33.01,33.01, 100
01/28/2020,18:11,33.071,33.08,33.055,33.08, 1323
01/28/2020,18:19,33.1,33.1,33.1,33.1, 500
01/28/2020,18:54,33.276,33.276,33.276,33.276, 181
01/28/2020,19:05,33.14,33.14,33.14,33.14, 100
01/28/2020,19:08,33.21,33.21,33.086,33.086, 545
01/28/2020,19:10,33.125,33.125,33.125,33.125, 100
01/28/2020,19:34,33.07,33.07,33.07,33.07, 100
01/28/2020,19:46,33.06,33.115,33.06,33.115, 200
01/28/2020,19:46,33.02,33.02,33.02,33.02, 100
01/28/2020,19:49,33.03,33.03,33.03,33.03, 100
01/28/2020,19:55,33.065,33.099,33.065,33.099, 966
01/28/2020,20:14,33.1,33.1,33.1,33.1, 200
01/28/2020,20:16,33.092,33.1,33.085,33.085, 1400
01/28/2020,20:58,33.155,33.155,33.155,33.155, 100
01/28/2020,21:12,33.1,33.1,33.1,33.1, 200
01/28/2020,21:16,33.155,33.155,33.155,33.155, 100
01/28/2020,21:24,33.1,33.105,33.1,33.105, 286
01/28/2020,21:24,33.11,33.11,33.11,33.11, 937
01/28/2020,21:27,33.1,33.1,33.1,33.1, 813
01/28/2020,21:36,33.145,33.145,33.1,33.1, 325
01/28/2020,21:42,33.125,33.125,33.125,33.125, 109
01/28/2020,21:48,33.15,33.15,33.135,33.135, 300
01/28/2020,21:48,33.1,33.1,33.1,33.1, 300
01/28/2020,21:58,33.112,33.112,33.112,33.112, 130
01/28/2020,22:00,33.1,33.125,33.1,33.125, 200
01/28/2020,22:00,33.125,33.125,33.09,33.09, 362
01/29/2020,15:31,33.17,33.17,33.17,33.17, 237
01/29/2020,16:26,33.17,33.178,33.17,33.178, 200
01/29/2020,16:29,33.19,33.19,33.189,33.189, 200
01/29/2020,16:34,33.188,33.188,33.188,33.188, 300
01/29/2020,16:36,33.19,33.19,33.19,33.19, 1529
01/29/2020,16:44,33.19,33.19,33.19,33.19, 600
01/29/2020,16:54,33.166,33.166,33.166,33.166, 200
01/29/2020,16:58,33.2,33.2,33.2,33.2, 100
01/29/2020,17:01,33.17,33.17,33.17,33.17, 100
01/29/2020,17:03,33.17,33.17,33.17,33.17, 100
01/29/2020,17:12,33.165,33.165,33.165,33.165, 1000
01/29/2020,17:20,33.17,33.17,33.167,33.167, 600
01/29/2020,17:30,33.18,33.18,33.18,33.18, 100
01/29/2020,18:07,33.163,33.167,33.16,33.16, 705
01/29/2020,18:40,33.17,33.2,33.17,33.2, 1394
01/29/2020,18:54,33.185,33.185,33.185,33.185, 200
01/29/2020,19:14,33.177,33.177,33.17,33.17, 302
01/29/2020,19:25,33.17,33.17,33.17,33.17, 931
01/29/2020,19:29,33.17,33.17,33.17,33.17, 1000
01/29/2020,19:43,33.199,33.199,33.185,33.185, 600
01/29/2020,19:54,33.17,33.17,33.17,33.17, 200
01/29/2020,20:02,33.2,33.2,33.2,33.2, 151
01/29/2020,20:02,33.16,33.16,33.16,33.16, 1000
01/29/2020,20:22,33.199,33.199,33.19,33.19, 500
01/29/2020,20:26,33.17,33.185,33.17,33.17, 418
01/29/2020,20:30,33.16,33.164,33.16,33.164, 200
01/29/2020,20:59,33.16,33.165,33.16,33.165, 210
01/29/2020,21:09,33.16,33.16,33.15,33.15, 2580
01/29/2020,21:24,33.11,33.11,33.11,33.11, 200
01/29/2020,21:57,33.05,33.05,33.05,33.05, 100
01/29/2020,21:58,33.11,33.11,33.11,33.11, 100
01/29/2020,22:00,33.05,33.05,33.05,33.05, 100
01/30/2020,15:33,32.8,32.8,32.8,32.8, 100
01/30/2020,16:32,32.9,32.9,32.9,32.9, 100
01/30/2020,16:37,32.8,32.8,32.78,32.78, 600
01/30/2020,17:03,32.7,32.7,32.7,32.7, 850
01/30/2020,17:05,32.7,32.7,32.7,32.7, 132
01/30/2020,17:15,32.742,32.742,32.742,32.742, 250
01/30/2020,17:54,32.751,32.751,32.751,32.751, 100
01/30/2020,17:55,32.676,32.676,32.676,32.676, 750
01/30/2020,18:04,32.7,32.7,32.7,32.7, 100
01/30/2020,18:04,32.7,32.7,32.7,32.7, 200
01/30/2020,18:05,32.7,32.7,32.7,32.7, 200
01/30/2020,18:07,32.7,32.7,32.7,32.7, 200
01/30/2020,18:09,32.755,32.755,32.755,32.755, 300
01/30/2020,18:09,32.7,32.7,32.7,32.7, 100
01/30/2020,18:14,32.7,32.734,32.65,32.65, 3606
01/30/2020,18:15,32.625,32.63,32.6,32.6, 1500
01/30/2020,18:16,32.6,32.6,32.55,32.55, 3829
01/30/2020,18:24,32.79,32.79,32.79,32.79, 854
01/30/2020,18:46,32.66,32.66,32.57,32.57, 300
01/30/2020,18:47,32.66,32.66,32.56,32.56, 300
01/30/2020,18:47,32.66,32.66,32.66,32.66, 300
01/30/2020,19:02,32.64,32.64,32.64,32.64, 500
01/30/2020,19:02,32.64,32.64,32.64,32.64, 500
01/30/2020,19:11,32.56,32.56,32.56,32.56, 1000
01/30/2020,19:25,32.68,32.68,32.63,32.63, 200
01/30/2020,19:32,32.61,32.655,32.61,32.65, 600
01/30/2020,20:11,32.64,32.64,32.64,32.64, 100
01/30/2020,20:35,32.64,32.64,32.64,32.64, 300
01/30/2020,21:15,32.7,32.7,32.64,32.64, 209
01/30/2020,21:19,32.64,32.64,32.64,32.64, 200
01/30/2020,21:19,32.64,32.64,32.64,32.64, 1100
01/30/2020,21:33,32.78,32.78,32.78,32.78, 100
01/30/2020,21:35,32.82,32.82,32.82,32.82, 836
01/30/2020,21:36,32.82,32.82,32.82,32.82, 100
01/30/2020,21:39,32.82,32.82,32.82,32.82, 100
01/30/2020,21:41,32.7,32.7,32.7,32.7, 100
01/30/2020,21:47,32.82,32.82,32.82,32.82, 100
01/30/2020,21:53,32.82,32.82,32.82,32.82, 100
01/30/2020,21:54,32.71,32.71,32.71,32.71, 100
01/30/2020,21:58,32.73,32.73,32.73,32.73, 200
01/30/2020,21:59,32.79,32.79,32.74,32.74, 706
01/30/2020,21:59,32.74,32.74,32.74,32.74, 100
01/30/2020,22:00,32.73,32.89,32.73,32.89, 200
01/31/2020,15:54,32.748,32.748,32.748,32.748, 200
01/31/2020,16:04,32.76,32.76,32.76,32.76, 1000
01/31/2020,16:53,32.563,32.563,32.563,32.563, 200
01/31/2020,17:13,32.72,32.8,32.72,32.785, 700
01/31/2020,17:28,32.669,32.669,32.669,32.669, 600
01/31/2020,17:40,32.5,32.5,32.5,32.5, 1902
01/31/2020,18:01,32.46,32.46,32.46,32.46, 1142
01/31/2020,18:13,32.43,32.43,32.427,32.427, 500
01/31/2020,18:55,32.411,32.413,32.38,32.38, 305
01/31/2020,19:05,32.35,32.438,32.35,32.438, 300
01/31/2020,19:05,32.35,32.438,32.35,32.438, 200
01/31/2020,19:12,32.364,32.364,32.364,32.364, 100
01/31/2020,19:39,32.34,32.34,32.3,32.34, 800
01/31/2020,19:41,32.3,32.3,32.3,32.3, 500
01/31/2020,19:42,32.3,32.3,32.3,32.3, 200
01/31/2020,19:43,32.3,32.3,32.3,32.3, 100
01/31/2020,20:02,32.3,32.3,32.3,32.3, 100
01/31/2020,20:02,32.3,32.3,32.3,32.3, 800
01/31/2020,20:03,32.3,32.3,32.3,32.3, 300
01/31/2020,20:11,32.3,32.3,32.3,32.3, 3300
01/31/2020,20:51,32.35,32.35,32.35,32.35, 553
01/31/2020,20:51,32.35,32.35,32.22,32.28, 7318
01/31/2020,20:56,32.479,32.479,32.479,32.479, 412
01/31/2020,21:28,32.478,32.478,32.478,32.478, 107
01/31/2020,21:36,32.478,32.478,32.478,32.478, 556
01/31/2020,21:39,32.302,32.307,32.29,32.303, 600
01/31/2020,21:39,32.29,32.29,32.29,32.29, 283
01/31/2020,21:43,32.3,32.3,32.28,32.28, 400
01/31/2020,21:45,32.241,32.241,32.241,32.241, 417
01/31/2020,21:52,32.25,32.3,32.25,32.25, 800
01/31/2020,21:53,32.348,32.348,32.348,32.348, 152
01/31/2020,21:56,32.25,32.25,32.25,32.25, 145
01/31/2020,21:57,32.24,32.24,32.24,32.24, 500
01/31/2020,21:58,32.24,32.24,32.24,32.24, 200
01/31/2020,22:01,32.24,32.26,32.24,32.24, 2354

