03/02/2020,00:28,2.02,2.02,2.02,2.02, 23189
03/02/2020,00:30,2.02,2.02,2.02,2.02, 4150
03/02/2020,00:48,2.02,2.02,2.02,2.02, 20000
03/02/2020,00:51,2.03,2.03,2.03,2.03, 1186
03/02/2020,00:53,2.02,2.02,2.02,2.02, 1000
03/02/2020,00:54,2.02,2.02,2.02,2.02, 5000
03/02/2020,00:59,2.03,2.03,2.03,2.03, 949
03/02/2020,01:01,2.03,2.03,2.03,2.03, 975
03/02/2020,01:33,2.05,2.05,2.05,2.05, 300
03/02/2020,01:36,2.02,2.05,2.02,2.05, 1300
03/02/2020,01:53,2.04,2.04,2.04,2.04, 900
03/02/2020,01:55,2.04,2.04,2.04,2.04, 1000
03/02/2020,02:02,2.03,2.03,2.03,2.03, 2448
03/02/2020,02:15,2.04,2.04,2.01,2.01, 9337
03/02/2020,02:18,2.04,2.04,2.04,2.04, 1000
03/02/2020,02:18,2.02,2.02,2.01,2.01, 39000
03/02/2020,02:37,2.01,2.01,2.01,2.01, 490
03/02/2020,02:41,2.04,2.04,2.04,2.04, 1642
03/02/2020,02:47,2.04,2.04,2.04,2.04, 82
03/02/2020,03:04,2.01,2.01,2.01,2.01, 500
03/02/2020,03:08,2.01,2.01,2.01,2.01, 2200
03/02/2020,03:35,2.04,2.04,2.04,2.04, 1000
03/02/2020,03:48,2.05,2.05,2.05,2.05, 1200
03/02/2020,03:56,2.05,2.05,2.05,2.05, 1276
03/02/2020,04:26,2.06,2.06,2.06,2.06, 1227
03/02/2020,04:27,2.06,2.07,2.06,2.07, 2000
03/02/2020,04:32,2.07,2.07,2.07,2.07, 6420
03/02/2020,04:33,2.07,2.07,2.07,2.07, 2350
03/02/2020,04:35,2.07,2.07,2.07,2.07, 2879
03/02/2020,04:40,2.07,2.07,2.07,2.07, 3742
03/02/2020,04:41,2.07,2.07,2.07,2.07, 2422
03/02/2020,04:55,2.1,2.1,2.1,2.1, 819
03/02/2020,05:13,2.12,2.12,2.12,2.12, 1208
03/02/2020,06:04,2.12,2.12,2.12,2.12, 300
03/02/2020,06:10,2.12,2.15,2.12,2.15, 9875
03/02/2020,06:13,2.17,2.18,2.17,2.18, 2500
03/02/2020,06:31,2.15,2.15,2.15,2.15, 2332
03/03/2020,00:28,2.13,2.13,2.13,2.13, 17661
03/03/2020,00:34,2.12,2.12,2.12,2.12, 4274
03/03/2020,00:39,2.05,2.05,2.05,2.05, 7317
03/03/2020,00:46,2.05,2.05,2.04,2.04, 5467
03/03/2020,00:49,2.05,2.05,2.04,2.04, 2737
03/03/2020,00:51,2.04,2.04,2.02,2.02, 602
03/03/2020,00:54,2.04,2.04,2.01,2.01, 9306
03/03/2020,01:00,2.04,2.04,2.04,2.04, 1657
03/03/2020,01:02,2.04,2.04,2.04,2.04, 987
03/03/2020,01:04,2.03,2.04,2.03,2.04, 6000
03/03/2020,01:05,2.04,2.04,2.04,2.04, 968
03/03/2020,01:07,2.06,2.09,2.06,2.08, 3402
03/03/2020,01:08,2.08,2.09,2.08,2.09, 951
03/03/2020,01:16,2.11,2.13,2.11,2.13, 7697
03/03/2020,01:16,2.14,2.14,2.14,2.14, 7796
03/03/2020,01:29,2.14,2.14,2.14,2.14, 51
03/03/2020,01:30,2.14,2.14,2.14,2.14, 23
03/03/2020,01:34,2.14,2.14,2.14,2.14, 23
03/03/2020,01:39,2.14,2.14,2.13,2.13, 51
03/03/2020,01:39,2.13,2.13,2.13,2.13, 2
03/03/2020,01:41,2.13,2.13,2.12,2.12, 846
03/03/2020,01:49,2.12,2.12,2.12,2.12, 50
03/03/2020,01:52,2.12,2.12,2.12,2.12, 23
03/03/2020,01:56,2.12,2.12,2.12,2.12, 23
03/03/2020,02:01,2.12,2.12,2.12,2.12, 23
03/03/2020,02:04,2.12,2.12,2.12,2.12, 23
03/03/2020,02:08,2.12,2.12,2.11,2.11, 1023
03/03/2020,02:14,2.11,2.11,2.1,2.1, 4139
03/03/2020,02:29,2.09,2.09,2.09,2.09, 23
03/03/2020,02:30,2.09,2.09,2.09,2.09, 350
03/03/2020,02:30,2.09,2.11,2.09,2.11, 4000
03/03/2020,02:39,2.12,2.12,2.12,2.12, 23
03/03/2020,02:43,2.12,2.12,2.12,2.12, 23
03/03/2020,02:44,2.12,2.12,2.12,2.12, 1022
03/03/2020,02:46,2.12,2.12,2.12,2.12, 115
03/03/2020,02:49,2.115,2.115,2.11,2.11, 735
03/03/2020,03:07,2.12,2.12,2.12,2.12, 24
03/03/2020,03:08,2.115,2.115,2.11,2.11, 57
03/03/2020,03:14,2.105,2.105,2.1,2.1, 3242
03/03/2020,03:14,2.1,2.1,2.1,2.1, 5
03/03/2020,03:20,2.1,2.1,2.1,2.1, 22
03/03/2020,03:23,2.1,2.1,2.1,2.1, 22
03/03/2020,03:25,2.1,2.1,2.1,2.1, 19
03/03/2020,03:30,2.1,2.1,2.1,2.1, 26
03/03/2020,03:33,2.1,2.1,2.1,2.1, 325
03/03/2020,03:50,2.09,2.09,2.09,2.09, 23
03/03/2020,03:57,2.085,2.085,2.04,2.04, 2966
03/03/2020,04:19,2.08,2.08,2.08,2.08, 1400
03/03/2020,04:24,2.08,2.08,2.08,2.08, 23
03/03/2020,04:27,2.08,2.08,2.08,2.08, 3153
03/03/2020,04:28,2.08,2.08,2.08,2.08, 24
03/03/2020,04:29,2.08,2.08,2.08,2.08, 1026
03/03/2020,04:45,2.085,2.085,2.08,2.08, 883
03/03/2020,04:56,2.08,2.08,2.08,2.08, 102
03/03/2020,04:57,2.085,2.085,2.08,2.08, 963
03/03/2020,04:58,2.075,2.075,2.075,2.075, 2582
03/03/2020,05:06,2.08,2.08,2.08,2.08, 1000
03/03/2020,05:13,2.07,2.07,2.07,2.07, 7028
03/03/2020,05:19,2.07,2.08,2.07,2.07, 6957
03/03/2020,05:20,2.08,2.08,2.07,2.07, 1016
03/03/2020,05:29,2.075,2.075,2.05,2.05, 10024
03/03/2020,05:30,2.05,2.05,2.05,2.05, 46
03/03/2020,05:31,2.05,2.05,2.05,2.05, 58
03/03/2020,05:32,2.05,2.05,2.05,2.05, 59
03/03/2020,05:32,2.05,2.05,2.05,2.05, 37
03/03/2020,05:34,2.05,2.05,2.05,2.05, 78
03/03/2020,05:34,2.06,2.06,2.05,2.05, 726
03/03/2020,05:36,2.05,2.05,2.05,2.05, 118
03/03/2020,05:38,2.05,2.05,2.05,2.05, 135
03/03/2020,05:41,2.05,2.05,2.05,2.05, 154
03/03/2020,05:44,2.05,2.05,2.05,2.05, 173
03/03/2020,05:47,2.06,2.06,2.05,2.05, 193
03/03/2020,05:49,2.06,2.06,2.06,2.06, 19
03/03/2020,05:50,2.06,2.06,2.06,2.06, 29
03/03/2020,05:51,2.06,2.06,2.05,2.05, 205
03/03/2020,05:55,2.05,2.06,2.05,2.06, 231
03/03/2020,06:01,2.06,2.06,2.06,2.06, 27
03/03/2020,06:04,2.06,2.06,2.06,2.06, 934
03/03/2020,06:04,2.07,2.07,2.06,2.06, 9255
03/03/2020,06:08,2.06,2.065,2.06,2.06, 310
03/03/2020,06:08,2.06,2.06,2.06,2.06, 2
03/03/2020,06:10,2.06,2.06,2.06,2.06, 23
03/03/2020,06:10,2.06,2.06,2.06,2.06, 2
03/03/2020,06:12,2.06,2.06,2.06,2.06, 22
03/03/2020,06:17,2.07,2.07,2.07,2.07, 47
03/03/2020,06:17,2.07,2.07,2.07,2.07, 23
03/03/2020,06:19,2.07,2.07,2.06,2.06, 48
03/03/2020,06:20,2.07,2.07,2.06,2.06, 420
03/03/2020,06:32,2.07,2.07,2.07,2.07, 1023
03/04/2020,00:27,2.05,2.05,2.05,2.05, 13932
03/04/2020,00:30,2.04,2.04,2.04,2.04, 1815
03/04/2020,01:12,2.03,2.03,2.03,2.03, 1000
03/04/2020,01:52,2.02,2.02,2.02,2.02, 5165
03/04/2020,02:46,2.02,2.02,2.02,2.02, 96
03/04/2020,03:45,2.02,2.02,2.01,2.01, 363
03/04/2020,03:46,2.02,2.02,2.01,2.01, 63
03/04/2020,03:57,2.02,2.02,2.01,2.01, 2985
03/04/2020,04:01,2.01,2.02,2.01,2.01, 2876
03/04/2020,04:12,2.02,2.02,2.01,2.02, 492
03/04/2020,04:19,2.01,2.01,2.01,2.01, 2449
03/04/2020,04:27,2.02,2.02,2.02,2.02, 595
03/04/2020,04:43,2.02,2.02,2.02,2.02, 669
03/04/2020,04:48,2.015,2.015,2.015,2.015, 92
03/04/2020,05:23,2.015,2.015,2.015,2.015, 3192
03/04/2020,05:24,2.015,2.015,2.015,2.015, 90
03/04/2020,05:26,2.01,2.01,2.01,2.01, 238
03/04/2020,05:28,2.01,2.015,2.01,2.01, 3745
03/04/2020,05:31,2.01,2.01,2.01,2.01, 208
03/04/2020,05:41,2.01,2.01,2.01,2.01, 181
03/04/2020,05:49,2.01,2.01,2.01,2.01, 193
03/04/2020,05:50,2.015,2.015,2.015,2.015, 93
03/04/2020,06:06,2.01,2.01,2,2, 3759
03/04/2020,06:08,2,2.01,2,2, 3779
03/04/2020,06:11,2.01,2.01,2.01,2.01, 347
03/04/2020,06:11,2.01,2.01,2,2, 2901
03/04/2020,06:13,2,2,2,2, 1342
03/04/2020,06:18,2,2.01,2,2.01, 919
03/04/2020,06:32,2,2,2,2, 9335
03/05/2020,00:27,2.03,2.03,2.03,2.03, 3071
03/05/2020,00:28,2.03,2.03,2.03,2.03, 2500
03/05/2020,00:42,2.03,2.03,2.03,2.03, 500
03/05/2020,00:47,2.03,2.06,2.03,2.06, 4092
03/05/2020,01:06,2.05,2.05,2.05,2.05, 500
03/05/2020,01:30,2.02,2.02,2.02,2.02, 1
03/05/2020,01:39,2.02,2.02,2.02,2.02, 4617
03/05/2020,01:52,2.02,2.02,2.01,2.01, 8245
03/05/2020,03:15,2.01,2.01,2.01,2.01, 2062
03/05/2020,03:17,2,2,2,2, 2500
03/05/2020,03:17,2,2,2,2, 4182
03/05/2020,03:23,2,2,1.995,1.995, 51837
03/05/2020,03:45,1.985,1.985,1.985,1.985, 168
03/05/2020,04:00,1.975,1.985,1.975,1.982, 1619
03/05/2020,04:12,1.98,1.98,1.975,1.975, 13714
03/05/2020,04:29,1.957,1.957,1.95,1.95, 28229
03/05/2020,04:38,1.96,1.96,1.96,1.96, 1231
03/05/2020,04:46,1.955,1.955,1.95,1.95, 7690
03/05/2020,04:50,1.95,1.95,1.95,1.95, 6000
03/05/2020,04:51,1.95,1.95,1.95,1.95, 3115
03/05/2020,04:53,1.95,1.95,1.95,1.95, 9758
03/05/2020,05:05,1.95,1.95,1.95,1.95, 1000
03/05/2020,05:16,1.95,1.95,1.95,1.95, 1875
03/05/2020,05:16,1.95,1.95,1.95,1.95, 23125
03/05/2020,05:49,1.945,1.945,1.945,1.945, 4000
03/06/2020,00:28,1.9,1.9,1.88,1.88, 32584
03/06/2020,00:29,1.865,1.865,1.865,1.865, 3619
03/06/2020,00:49,1.86,1.86,1.85,1.85, 1438
03/06/2020,00:50,1.84,1.84,1.84,1.84, 10000
03/06/2020,00:54,1.835,1.84,1.835,1.84, 1620
03/06/2020,00:55,1.84,1.84,1.84,1.84, 4665
03/06/2020,00:56,1.835,1.835,1.835,1.835, 1235
03/06/2020,01:18,1.85,1.85,1.85,1.85, 1260
03/06/2020,01:19,1.86,1.86,1.86,1.86, 550
03/06/2020,01:23,1.855,1.855,1.85,1.85, 19769
03/06/2020,01:24,1.85,1.85,1.85,1.85, 4155
03/06/2020,01:25,1.85,1.85,1.85,1.85, 1385
03/06/2020,01:28,1.85,1.85,1.85,1.85, 1385
03/06/2020,01:42,1.85,1.85,1.85,1.85, 7500
03/06/2020,01:44,1.85,1.85,1.85,1.85, 575
03/06/2020,01:53,1.87,1.87,1.87,1.87, 2092
03/06/2020,01:57,1.88,1.88,1.88,1.88, 5827
03/06/2020,01:58,1.89,1.9,1.89,1.9, 19500
03/06/2020,02:01,1.925,1.925,1.925,1.925, 2790
03/06/2020,02:02,1.93,1.93,1.93,1.93, 10000
03/06/2020,02:03,1.95,1.95,1.95,1.95, 1110
03/06/2020,02:05,1.95,1.95,1.95,1.95, 4000
03/06/2020,02:05,1.95,1.95,1.95,1.95, 10085
03/06/2020,02:06,1.95,1.95,1.95,1.95, 10000
03/06/2020,02:07,1.95,1.95,1.95,1.95, 3089
03/06/2020,02:08,1.95,1.95,1.95,1.95, 6911
03/06/2020,02:14,1.95,1.95,1.95,1.95, 2788
03/06/2020,02:14,1.95,1.95,1.95,1.95, 1000
03/06/2020,02:44,1.95,1.95,1.95,1.95, 10000
03/06/2020,02:47,1.945,1.945,1.94,1.94, 1500
03/06/2020,02:49,1.95,1.95,1.95,1.95, 7639
03/06/2020,02:51,1.95,1.95,1.95,1.95, 2361
03/06/2020,02:52,1.95,1.95,1.95,1.95, 2528
03/06/2020,02:53,1.95,1.95,1.95,1.95, 4000
03/06/2020,02:58,1.95,1.95,1.95,1.95, 3472
03/06/2020,02:58,1.95,1.95,1.94,1.95, 25734
03/06/2020,03:18,1.95,1.95,1.95,1.95, 400
03/06/2020,03:29,1.95,1.95,1.95,1.95, 5000
03/06/2020,03:39,1.95,1.95,1.95,1.95, 305
03/06/2020,03:48,1.945,1.945,1.94,1.94, 12601
03/06/2020,03:50,1.94,1.95,1.94,1.95, 13521
03/06/2020,04:00,1.955,1.955,1.95,1.95, 5000
03/06/2020,04:02,1.95,1.95,1.95,1.95, 3619
03/06/2020,04:15,1.95,1.95,1.95,1.95, 3238
03/06/2020,04:30,1.95,1.95,1.95,1.95, 4242
03/06/2020,04:56,1.95,1.95,1.95,1.95, 4784
03/06/2020,04:58,1.95,1.97,1.95,1.97, 1838
03/06/2020,04:59,1.97,1.97,1.95,1.95, 16220
03/06/2020,05:00,1.95,1.95,1.945,1.945, 1000
03/06/2020,05:03,1.96,1.96,1.95,1.95, 17871
03/06/2020,05:10,1.955,1.955,1.955,1.955, 1550
03/06/2020,05:13,1.95,1.95,1.95,1.95, 7991
03/06/2020,05:17,1.95,1.95,1.95,1.95, 5772
03/06/2020,05:27,1.95,1.95,1.95,1.95, 6732
03/06/2020,05:33,1.95,1.95,1.95,1.95, 6284
03/06/2020,05:36,1.95,1.95,1.95,1.95, 6500
03/06/2020,05:38,1.95,1.95,1.95,1.95, 8500
03/06/2020,05:43,1.95,1.95,1.95,1.95, 5000
03/06/2020,05:44,1.95,1.95,1.95,1.95, 5500
03/06/2020,05:44,1.95,1.95,1.95,1.95, 592
03/06/2020,05:56,1.95,1.95,1.93,1.93, 1058
03/06/2020,06:06,1.94,1.94,1.94,1.94, 1058
03/06/2020,06:20,1.925,1.925,1.91,1.91, 4500
03/09/2020,00:27,1.82,1.82,1.79,1.79, 10858
03/09/2020,00:28,1.8,1.8,1.8,1.8, 5000
03/09/2020,00:29,1.795,1.8,1.79,1.79, 11529
03/09/2020,00:32,1.775,1.81,1.775,1.81, 8849
03/09/2020,00:43,1.82,1.82,1.82,1.82, 806
03/09/2020,00:55,1.82,1.82,1.82,1.82, 1894
03/09/2020,01:01,1.81,1.81,1.81,1.81, 420
03/09/2020,01:02,1.82,1.82,1.82,1.82, 300
03/09/2020,01:20,1.76,1.76,1.76,1.76, 2000
03/09/2020,01:25,1.76,1.76,1.76,1.76, 3504
03/09/2020,01:29,1.7,1.7,1.7,1.7, 2318
03/09/2020,01:34,1.7,1.7,1.7,1.7, 234
03/09/2020,01:41,1.7,1.7,1.7,1.7, 250
03/09/2020,01:42,1.7,1.7,1.7,1.7, 9761
03/09/2020,01:43,1.655,1.655,1.65,1.65, 6827
03/09/2020,01:43,1.66,1.66,1.65,1.65, 6270
03/09/2020,01:52,1.68,1.68,1.68,1.68, 1995
03/09/2020,01:54,1.68,1.68,1.68,1.68, 505
03/09/2020,02:32,1.7,1.7,1.7,1.7, 530
03/09/2020,02:43,1.7,1.7,1.7,1.7, 2000
03/09/2020,02:44,1.7,1.7,1.655,1.655, 10000
03/09/2020,03:06,1.7,1.7,1.7,1.7, 5095
03/09/2020,03:07,1.695,1.695,1.695,1.695, 7500
03/09/2020,03:51,1.69,1.69,1.69,1.69, 6542
03/09/2020,04:26,1.695,1.695,1.695,1.695, 500
03/09/2020,04:31,1.695,1.695,1.695,1.695, 600
03/09/2020,04:45,1.695,1.695,1.695,1.695, 2500
03/09/2020,05:07,1.695,1.695,1.695,1.695, 1468
03/09/2020,05:25,1.695,1.695,1.69,1.69, 5000
03/09/2020,05:25,1.69,1.69,1.69,1.69, 930
03/09/2020,05:27,1.68,1.68,1.65,1.65, 6000
03/09/2020,05:41,1.7,1.7,1.7,1.7, 2926
03/09/2020,05:44,1.7,1.7,1.7,1.7, 5000
03/09/2020,05:52,1.725,1.725,1.725,1.725, 1290
03/09/2020,05:54,1.74,1.74,1.74,1.74, 600
03/09/2020,05:57,1.715,1.715,1.715,1.715, 1000
03/09/2020,06:10,1.727,1.727,1.727,1.727, 670
03/09/2020,06:19,1.727,1.727,1.727,1.727, 578
03/10/2020,00:38,1.65,1.675,1.65,1.675, 30387
03/10/2020,00:39,1.65,1.65,1.65,1.65, 800
03/10/2020,00:42,1.65,1.65,1.65,1.65, 226
03/10/2020,00:47,1.675,1.675,1.675,1.675, 7000
03/10/2020,00:48,1.67,1.68,1.67,1.68, 5297
03/10/2020,00:49,1.68,1.68,1.68,1.68, 4000
03/10/2020,00:50,1.68,1.68,1.68,1.68, 796
03/10/2020,00:52,1.7,1.71,1.7,1.71, 6235
03/10/2020,00:54,1.71,1.71,1.71,1.71, 275
03/10/2020,00:56,1.73,1.73,1.73,1.73, 1200
03/10/2020,01:11,1.755,1.755,1.755,1.755, 1477
03/10/2020,01:14,1.75,1.755,1.75,1.755, 5200
03/10/2020,01:16,1.795,1.795,1.795,1.795, 970
03/10/2020,01:17,1.845,1.845,1.845,1.845, 1000
03/10/2020,01:22,1.82,1.82,1.82,1.82, 3000
03/10/2020,01:28,1.835,1.835,1.835,1.835, 1000
03/10/2020,01:29,1.835,1.835,1.835,1.835, 614
03/10/2020,01:34,1.845,1.845,1.845,1.845, 86
03/10/2020,01:38,1.8,1.8,1.78,1.78, 914
03/10/2020,01:39,1.82,1.82,1.82,1.82, 3000
03/10/2020,01:55,1.8,1.8,1.8,1.8, 1071
03/10/2020,02:11,1.82,1.835,1.82,1.835, 1400
03/10/2020,02:26,1.82,1.84,1.82,1.84, 4000
03/10/2020,02:40,1.84,1.84,1.84,1.84, 746
03/10/2020,02:43,1.805,1.805,1.805,1.805, 497
03/10/2020,02:50,1.8,1.8,1.8,1.8, 4375
03/10/2020,03:01,1.82,1.82,1.82,1.82, 1459
03/10/2020,03:03,1.825,1.845,1.825,1.845, 17872
03/10/2020,03:06,1.845,1.845,1.845,1.845, 2769
03/10/2020,03:10,1.85,1.85,1.85,1.85, 850
03/10/2020,03:12,1.88,1.88,1.88,1.88, 5300
03/10/2020,03:14,1.885,1.89,1.88,1.89, 10424
03/10/2020,03:15,1.89,1.89,1.89,1.89, 7000
03/10/2020,03:25,1.89,1.89,1.89,1.89, 22
03/10/2020,03:25,1.86,1.86,1.86,1.86, 2973
03/10/2020,03:33,1.875,1.89,1.875,1.89, 3000
03/10/2020,03:33,1.89,1.89,1.89,1.89, 2000
03/10/2020,03:34,1.9,1.9,1.9,1.9, 3000
03/10/2020,03:35,1.9,1.91,1.9,1.91, 1246
03/10/2020,03:37,1.905,1.905,1.905,1.905, 9
03/10/2020,03:37,1.9,1.9,1.9,1.9, 8831
03/10/2020,03:41,1.9,1.9,1.9,1.9, 1169
03/10/2020,03:45,1.895,1.9,1.895,1.9, 12000
03/10/2020,03:46,1.92,1.92,1.92,1.92, 10000
03/10/2020,03:50,1.92,1.92,1.92,1.92, 14
03/10/2020,03:50,1.92,1.92,1.92,1.92, 63
03/10/2020,03:56,1.9,1.9,1.9,1.9, 763
03/10/2020,04:03,1.9,1.9,1.9,1.9, 8926
03/10/2020,04:05,1.9,1.9,1.9,1.9, 13
03/10/2020,04:05,1.9,1.9,1.9,1.9, 1124
03/10/2020,04:12,1.9,1.9,1.9,1.9, 5000
03/10/2020,04:13,1.9,1.9,1.9,1.9, 3017
03/10/2020,04:14,1.895,1.9,1.895,1.9, 16819
03/10/2020,04:35,1.94,1.96,1.94,1.96, 13639
03/10/2020,04:36,1.96,1.96,1.96,1.96, 977
03/10/2020,04:38,1.96,1.96,1.96,1.96, 1485
03/10/2020,04:42,1.98,1.98,1.98,1.98, 14
03/10/2020,04:51,1.98,1.98,1.98,1.98, 19
03/10/2020,04:55,1.98,1.98,1.98,1.98, 12
03/10/2020,04:59,1.98,1.98,1.98,1.98, 10
03/10/2020,05:03,1.98,1.985,1.98,1.985, 808
03/10/2020,05:08,1.995,1.995,1.995,1.995, 13
03/10/2020,05:10,1.995,1.995,1.995,1.995, 300
03/10/2020,05:12,1.995,1.995,1.995,1.995, 10
03/10/2020,05:15,1.995,1.995,1.995,1.995, 9
03/10/2020,05:19,1.995,1.995,1.995,1.995, 9
03/10/2020,05:23,1.995,1.995,1.995,1.995, 10
03/10/2020,05:30,1.997,1.997,1.997,1.997, 12
03/10/2020,05:32,1.997,1.997,1.95,1.95, 504
03/10/2020,05:40,1.98,1.98,1.98,1.98, 15
03/10/2020,05:47,1.967,1.967,1.965,1.965, 25
03/10/2020,05:49,1.97,1.98,1.97,1.975, 5879
03/10/2020,05:53,1.99,2,1.99,2, 900
03/10/2020,05:55,2,2,2,2, 3000
03/10/2020,05:57,2,2,2,2, 1525
03/10/2020,05:58,2.08,2.08,2.08,2.08, 2000
03/10/2020,06:02,2.07,2.07,2.07,2.07, 600
03/10/2020,06:09,2.06,2.06,2.06,2.06, 5
03/10/2020,06:11,2.04,2.04,2,2, 29
03/10/2020,06:14,1.98,1.98,1.98,1.98, 740
03/10/2020,06:32,1.91,1.91,1.91,1.91, 596
03/11/2020,00:55,1.97,1.97,1.97,1.97, 930
03/11/2020,00:59,1.92,1.92,1.92,1.92, 7150
03/11/2020,01:00,1.91,1.91,1.9,1.9, 20874
03/11/2020,01:01,1.915,1.92,1.915,1.92, 10932
03/11/2020,01:02,1.925,1.925,1.925,1.925, 5000
03/11/2020,01:07,1.95,1.95,1.95,1.95, 13721
03/11/2020,01:10,1.93,1.95,1.93,1.95, 13482
03/11/2020,01:13,1.955,1.955,1.95,1.95, 9983
03/11/2020,01:17,1.95,1.95,1.95,1.95, 4113
03/11/2020,01:18,1.96,1.96,1.96,1.96, 400
03/11/2020,01:28,1.97,1.97,1.97,1.97, 10202
03/11/2020,01:32,1.97,1.97,1.97,1.97, 10000
03/11/2020,01:52,1.98,1.98,1.98,1.98, 500
03/11/2020,02:00,1.985,1.985,1.985,1.985, 5000
03/11/2020,02:00,2,2,2,2, 242
03/11/2020,02:02,2.03,2.03,2.03,2.03, 1000
03/11/2020,02:53,2.02,2.02,2.02,2.02, 6724
03/11/2020,03:04,2,2,2,2, 1000
03/11/2020,03:05,1.985,1.985,1.97,1.97, 16963
03/11/2020,03:05,1.965,1.97,1.965,1.97, 12697
03/11/2020,03:17,1.975,1.975,1.975,1.975, 3044
03/11/2020,03:40,1.97,1.97,1.965,1.965, 22791
03/11/2020,03:41,1.965,1.98,1.965,1.98, 11335
03/11/2020,03:48,1.97,1.97,1.965,1.965, 27697
03/11/2020,04:15,1.97,1.97,1.97,1.97, 3000
03/11/2020,04:18,1.965,1.965,1.965,1.965, 1958
03/11/2020,04:23,1.965,1.965,1.965,1.965, 15000
03/11/2020,04:23,1.965,1.965,1.95,1.95, 20849
03/11/2020,04:28,1.94,1.94,1.94,1.94, 5000
03/11/2020,04:30,1.955,1.98,1.955,1.98, 12850
03/11/2020,04:31,1.955,1.955,1.95,1.95, 5000
03/11/2020,04:39,1.955,1.955,1.95,1.95, 11122
03/11/2020,04:44,1.95,1.95,1.95,1.95, 3878
03/11/2020,04:52,1.95,1.95,1.95,1.95, 11990
03/11/2020,05:00,1.95,1.95,1.95,1.95, 10205
03/11/2020,05:02,1.95,1.95,1.95,1.95, 5000
03/11/2020,05:03,1.95,1.95,1.95,1.95, 5000
03/11/2020,05:05,1.95,1.95,1.95,1.95, 15000
03/11/2020,05:09,1.98,1.98,1.98,1.98, 1765
03/11/2020,05:24,1.945,1.945,1.945,1.945, 2000
03/11/2020,05:24,1.945,1.945,1.945,1.945, 4834
03/11/2020,05:26,1.95,1.95,1.95,1.95, 20000
03/11/2020,06:11,1.95,1.95,1.95,1.95, 200
03/11/2020,06:18,1.97,1.97,1.97,1.97, 10374
03/12/2020,00:27,1.9,1.9,1.9,1.9, 5100
03/12/2020,01:50,1.925,1.925,1.925,1.925, 2208
03/12/2020,01:53,1.93,1.935,1.925,1.935, 4291
03/12/2020,02:47,1.95,1.95,1.95,1.95, 507
03/12/2020,02:56,1.91,1.96,1.91,1.96, 3107
03/12/2020,03:01,1.95,1.95,1.91,1.91, 8443
03/12/2020,03:03,1.9,1.94,1.9,1.94, 4078
03/12/2020,03:06,1.89,1.9,1.89,1.9, 4382
03/12/2020,03:19,1.84,1.84,1.84,1.84, 300
03/12/2020,03:25,1.875,1.875,1.875,1.875, 1328
03/12/2020,03:33,1.875,1.895,1.875,1.895, 4777
03/12/2020,03:41,1.84,1.84,1.84,1.84, 1500
03/12/2020,03:49,1.895,1.895,1.895,1.895, 909
03/12/2020,03:51,1.895,1.895,1.895,1.895, 1408
03/12/2020,03:58,1.89,1.895,1.89,1.89, 1026
03/12/2020,04:16,1.895,1.895,1.895,1.895, 109
03/12/2020,04:18,1.895,1.895,1.895,1.895, 1414
03/12/2020,04:27,1.895,1.94,1.895,1.94, 14145
03/12/2020,04:42,1.94,1.94,1.94,1.94, 1164
03/12/2020,04:55,1.94,1.94,1.94,1.94, 937
03/12/2020,05:09,1.94,1.94,1.94,1.94, 976
03/12/2020,05:09,1.9,1.9,1.9,1.9, 221
03/12/2020,05:14,1.9,1.9,1.9,1.9, 8024
03/12/2020,05:33,1.84,1.895,1.84,1.895, 1893
03/12/2020,05:34,1.84,1.895,1.84,1.895, 8000
03/12/2020,05:38,1.895,1.895,1.895,1.895, 404
03/12/2020,05:41,1.895,1.895,1.895,1.895, 2262
03/12/2020,05:47,1.895,1.895,1.895,1.895, 347
03/12/2020,05:53,1.885,1.885,1.885,1.885, 314
03/12/2020,05:58,1.885,1.885,1.885,1.885, 334
03/12/2020,06:05,1.885,1.885,1.885,1.885, 344
03/12/2020,06:08,1.885,1.9,1.885,1.9, 14064
03/12/2020,06:08,1.9,1.9,1.9,1.9, 4054
03/12/2020,06:11,1.95,1.95,1.95,1.95, 302
03/12/2020,06:31,1.9,1.9,1.9,1.9, 5500
03/13/2020,01:17,1.85,1.85,1.85,1.85, 2000
03/13/2020,01:23,1.78,1.78,1.75,1.75, 1200
03/13/2020,01:43,1.75,1.75,1.75,1.75, 4000
03/13/2020,02:38,1.8,1.8,1.8,1.8, 14557
03/13/2020,03:01,1.8,1.8,1.8,1.8, 800
03/13/2020,03:05,1.8,1.8,1.8,1.8, 3112
03/13/2020,03:21,1.815,1.815,1.815,1.815, 1200
03/13/2020,03:29,1.8,1.8,1.8,1.8, 6000
03/13/2020,03:31,1.8,1.8,1.8,1.8, 2531
03/13/2020,03:37,1.75,1.75,1.75,1.75, 2941
03/13/2020,03:46,1.755,1.8,1.755,1.8, 13816
03/13/2020,03:52,1.8,1.8,1.8,1.8, 553
03/13/2020,03:57,1.815,1.82,1.815,1.82, 2699
03/13/2020,04:37,1.835,1.835,1.835,1.835, 1508
03/13/2020,05:02,1.94,1.94,1.94,1.94, 125
03/13/2020,05:11,1.94,1.94,1.94,1.94, 648
03/13/2020,06:12,1.925,1.925,1.925,1.925, 9500
03/13/2020,06:14,1.91,1.91,1.91,1.91, 5000
03/13/2020,06:31,1.93,1.93,1.93,1.93, 10684
03/16/2020,00:27,1.85,1.85,1.85,1.85, 1500
03/16/2020,00:34,1.84,1.84,1.84,1.84, 5000
03/16/2020,00:36,1.85,1.85,1.85,1.85, 3315
03/16/2020,00:37,1.88,1.88,1.88,1.88, 270
03/16/2020,00:40,1.88,1.88,1.88,1.88, 3000
03/16/2020,00:42,1.88,1.88,1.88,1.88, 4756
03/16/2020,01:32,1.9,1.9,1.9,1.9, 800
03/16/2020,02:22,1.93,1.93,1.93,1.93, 2000
03/16/2020,02:33,1.91,1.91,1.91,1.91, 1595
03/16/2020,03:15,1.905,1.91,1.905,1.905, 5159
03/16/2020,03:16,1.91,1.91,1.9,1.9, 5406
03/16/2020,03:20,1.9,1.9,1.9,1.9, 11
03/16/2020,03:22,1.9,1.9,1.9,1.9, 2528
03/16/2020,03:29,1.9,1.9,1.9,1.9, 2400
03/16/2020,03:33,1.91,1.91,1.91,1.91, 2
03/16/2020,03:55,1.91,1.91,1.91,1.91, 6
03/16/2020,03:56,1.915,1.915,1.915,1.915, 2
03/16/2020,04:03,1.915,1.915,1.915,1.915, 300
03/16/2020,04:04,1.905,1.905,1.905,1.905, 4
03/16/2020,04:12,1.905,1.905,1.905,1.905, 3
03/16/2020,04:18,1.905,1.905,1.905,1.905, 3
03/16/2020,04:20,1.915,1.915,1.915,1.915, 6
03/16/2020,04:37,1.905,1.905,1.905,1.905, 2
03/16/2020,04:45,1.905,1.905,1.905,1.905, 2
03/16/2020,04:51,1.9,1.905,1.9,1.905, 2503
03/16/2020,05:00,1.905,1.905,1.905,1.905, 5
03/16/2020,05:06,1.905,1.905,1.905,1.905, 2
03/16/2020,05:11,1.915,1.915,1.915,1.915, 6
03/16/2020,05:20,1.905,1.905,1.905,1.905, 2
03/16/2020,05:28,1.905,1.905,1.905,1.905, 4
03/16/2020,05:34,1.905,1.915,1.9,1.915, 1878
03/16/2020,05:38,1.9,1.9,1.9,1.9, 5130
03/16/2020,05:46,1.915,1.915,1.915,1.915, 6
03/16/2020,05:57,1.89,1.89,1.89,1.89, 2
03/16/2020,06:05,1.9,1.9,1.9,1.9, 1764
03/16/2020,06:06,1.9,1.9,1.885,1.885, 2185
03/16/2020,06:12,1.9,1.9,1.9,1.9, 343
03/16/2020,06:17,1.9,1.9,1.885,1.885, 6152
03/16/2020,06:18,1.9,1.9,1.885,1.885, 3402
03/16/2020,06:19,1.885,1.885,1.885,1.885, 1
03/16/2020,06:20,1.885,1.885,1.885,1.885, 2
03/16/2020,06:31,1.92,1.92,1.92,1.92, 82
03/17/2020,00:27,1.79,1.79,1.79,1.79, 7848
03/17/2020,00:27,1.79,1.79,1.79,1.79, 5000
03/17/2020,00:31,1.79,1.8,1.79,1.8, 1608
03/17/2020,00:48,1.815,1.815,1.8,1.8, 2600
03/17/2020,00:57,1.805,1.805,1.8,1.8, 1000
03/17/2020,01:17,1.855,1.915,1.855,1.915, 3453
03/17/2020,01:37,1.925,1.925,1.925,1.925, 3711
03/17/2020,01:58,1.935,1.935,1.935,1.935, 14012
03/17/2020,02:00,1.92,1.92,1.92,1.92, 988
03/17/2020,02:28,1.92,1.92,1.92,1.92, 505
03/17/2020,02:35,1.87,1.87,1.87,1.87, 7725
03/17/2020,02:53,1.915,1.915,1.915,1.915, 1947
03/17/2020,03:18,1.9,1.9,1.9,1.9, 4
03/17/2020,03:33,1.9,1.9,1.9,1.9, 6
03/17/2020,03:36,1.92,1.93,1.92,1.93, 6539
03/17/2020,03:43,1.935,1.945,1.935,1.945, 20151
03/17/2020,03:43,1.96,1.96,1.96,1.96, 1184
03/17/2020,03:45,1.96,1.96,1.96,1.96, 2500
03/17/2020,04:03,1.96,1.96,1.96,1.96, 970
03/17/2020,04:18,1.965,1.965,1.965,1.965, 2296
03/17/2020,04:26,1.965,1.965,1.965,1.965, 1165
03/17/2020,04:35,1.93,1.955,1.93,1.955, 260
03/17/2020,04:37,1.915,1.915,1.915,1.915, 256
03/17/2020,04:38,1.94,1.94,1.94,1.94, 2
03/17/2020,04:43,1.905,1.905,1.905,1.905, 46659
03/17/2020,04:44,1.9,1.92,1.9,1.92, 3344
03/17/2020,04:44,1.94,1.94,1.94,1.94, 2021
03/17/2020,04:54,1.96,1.965,1.96,1.965, 520
03/17/2020,04:55,1.965,1.965,1.965,1.965, 332
03/17/2020,05:04,1.91,1.91,1.905,1.905, 10000
03/17/2020,05:14,1.915,1.915,1.91,1.91, 7
03/17/2020,05:15,1.91,1.91,1.9,1.907, 5008
03/17/2020,05:16,1.907,1.907,1.907,1.907, 8
03/17/2020,05:17,1.907,1.907,1.9,1.907, 13
03/17/2020,05:18,1.907,1.907,1.905,1.905, 8
03/17/2020,05:19,1.905,1.91,1.905,1.91, 18
03/17/2020,05:45,1.91,1.91,1.91,1.91, 3
03/17/2020,05:46,1.91,1.91,1.91,1.91, 5
03/17/2020,05:47,1.9,1.9,1.9,1.9, 152
03/17/2020,05:58,1.93,1.935,1.93,1.935, 3021
03/17/2020,06:15,1.94,1.94,1.94,1.94, 2011
03/17/2020,06:19,1.93,1.94,1.93,1.94, 2005
03/17/2020,06:20,1.94,1.94,1.94,1.94, 310
03/17/2020,06:31,1.965,1.965,1.965,1.965, 1904
03/18/2020,00:30,1.965,1.965,1.965,1.965, 140
03/18/2020,00:55,1.977,1.977,1.977,1.977, 12625
03/18/2020,00:56,1.975,1.975,1.975,1.975, 52
03/18/2020,01:24,1.95,1.95,1.95,1.95, 5800
03/18/2020,01:25,1.95,1.95,1.95,1.95, 2
03/18/2020,01:27,1.95,1.95,1.95,1.95, 5000
03/18/2020,01:28,1.95,1.95,1.95,1.95, 798
03/18/2020,01:28,1.93,1.93,1.93,1.93, 783
03/18/2020,01:33,1.95,1.95,1.94,1.94, 10000
03/18/2020,01:40,1.95,1.95,1.95,1.95, 5300
03/18/2020,01:41,1.95,1.95,1.95,1.95, 8000
03/18/2020,01:42,1.95,1.955,1.95,1.955, 11324
03/18/2020,01:49,1.95,1.95,1.95,1.95, 10000
03/18/2020,01:51,1.95,1.95,1.95,1.95, 1997
03/18/2020,02:11,1.95,1.95,1.88,1.88, 50000
03/18/2020,02:12,1.9,1.9,1.9,1.9, 15000
03/18/2020,02:32,1.925,1.925,1.925,1.925, 1650
03/18/2020,02:36,1.9,1.9,1.9,1.9, 1500
03/18/2020,02:42,1.928,1.93,1.928,1.93, 8552
03/18/2020,02:53,1.945,1.945,1.945,1.945, 5000
03/18/2020,03:10,1.945,1.945,1.945,1.945, 1213
03/18/2020,04:29,1.91,1.91,1.91,1.91, 150
03/18/2020,05:01,1.91,1.91,1.91,1.91, 326
03/18/2020,05:04,1.91,1.91,1.9,1.9, 5598
03/18/2020,05:08,1.89,1.89,1.89,1.89, 2699
03/18/2020,05:54,1.892,1.892,1.892,1.892, 50000
03/18/2020,05:58,1.88,1.9,1.88,1.9, 4439
03/18/2020,06:01,1.905,1.905,1.905,1.905, 90
03/18/2020,06:18,1.9,1.9,1.9,1.9, 3655
03/18/2020,06:31,1.91,1.91,1.91,1.91, 622
03/19/2020,00:33,1.85,1.85,1.85,1.85, 500
03/19/2020,00:44,1.85,1.85,1.85,1.85, 4250
03/19/2020,01:06,1.87,1.88,1.87,1.88, 5822
03/19/2020,01:11,1.87,1.87,1.87,1.87, 408
03/19/2020,01:18,1.865,1.865,1.865,1.865, 1000
03/19/2020,01:47,1.845,1.85,1.845,1.85, 4942
03/19/2020,02:13,1.85,1.85,1.85,1.85, 274
03/19/2020,02:32,1.875,1.9,1.875,1.9, 5431
03/19/2020,02:39,1.905,1.905,1.905,1.905, 1900
03/19/2020,02:48,1.88,1.88,1.87,1.87, 5376
03/19/2020,02:54,1.855,1.855,1.84,1.84, 15050
03/19/2020,03:01,1.83,1.83,1.83,1.83, 400
03/19/2020,03:19,1.8,1.8,1.8,1.8, 11510
03/19/2020,03:24,1.8,1.8,1.8,1.8, 1121
03/19/2020,03:26,1.8,1.8,1.8,1.8, 1486
03/19/2020,03:39,1.8,1.8,1.8,1.8, 5883
03/19/2020,03:45,1.75,1.75,1.75,1.75, 2848
03/19/2020,04:08,1.735,1.74,1.735,1.74, 7765
03/19/2020,04:09,1.74,1.74,1.74,1.74, 2190
03/19/2020,04:20,1.74,1.74,1.74,1.74, 7635
03/19/2020,04:40,1.7,1.7,1.7,1.7, 2179
03/19/2020,04:42,1.68,1.68,1.68,1.68, 8000
03/19/2020,04:43,1.68,1.72,1.68,1.72, 20530
03/19/2020,04:44,1.7,1.7,1.7,1.7, 1500
03/19/2020,04:45,1.7,1.7,1.7,1.7, 3500
03/19/2020,05:24,1.72,1.72,1.72,1.72, 2000
03/19/2020,05:44,1.73,1.73,1.73,1.73, 1000
03/19/2020,05:45,1.73,1.73,1.73,1.73, 19718
03/19/2020,05:46,1.742,1.742,1.742,1.742, 2697
03/19/2020,06:03,1.73,1.73,1.73,1.73, 24117
03/19/2020,06:08,1.765,1.765,1.765,1.765, 578
03/19/2020,06:09,1.815,1.815,1.815,1.815, 512
03/19/2020,06:13,1.815,1.815,1.815,1.815, 1000
03/19/2020,06:32,1.85,1.85,1.85,1.85, 92
03/20/2020,00:27,1.8,1.8,1.8,1.8, 2166
03/20/2020,00:31,1.8,1.8,1.8,1.8, 2834
03/20/2020,00:52,1.805,1.805,1.805,1.805, 233
03/20/2020,01:08,1.8,1.8,1.8,1.8, 14887
03/20/2020,01:16,1.79,1.79,1.79,1.79, 1800
03/20/2020,01:19,1.8,1.8,1.8,1.8, 3000
03/20/2020,01:37,1.8,1.8,1.8,1.8, 2476
03/20/2020,01:44,1.813,1.813,1.8,1.8, 2659
03/20/2020,02:04,1.825,1.825,1.825,1.825, 109
03/20/2020,02:05,1.825,1.825,1.825,1.825, 109
03/20/2020,02:07,1.825,1.825,1.825,1.825, 109
03/20/2020,02:09,1.825,1.825,1.825,1.825, 109
03/20/2020,02:11,1.825,1.825,1.825,1.825, 109
03/20/2020,02:13,1.825,1.825,1.825,1.825, 109
03/20/2020,02:14,1.825,1.825,1.825,1.825, 109
03/20/2020,02:16,1.825,1.825,1.825,1.825, 109
03/20/2020,02:18,1.825,1.825,1.825,1.825, 109
03/20/2020,02:20,1.825,1.825,1.825,1.825, 109
03/20/2020,02:21,1.83,1.84,1.83,1.84, 109
03/20/2020,02:23,1.835,1.835,1.835,1.835, 109
03/20/2020,02:25,1.835,1.835,1.835,1.835, 109
03/20/2020,02:27,1.835,1.835,1.835,1.835, 109
03/20/2020,02:28,1.835,1.835,1.835,1.835, 109
03/20/2020,02:30,1.835,1.84,1.835,1.84, 182
03/20/2020,02:44,1.81,1.81,1.81,1.81, 2265
03/20/2020,02:46,1.8,1.81,1.8,1.81, 5261
03/20/2020,02:46,1.81,1.81,1.81,1.81, 25000
03/20/2020,02:50,1.8,1.8,1.8,1.8, 5000
03/20/2020,02:59,1.8,1.8,1.8,1.8, 1318
03/20/2020,03:00,1.8,1.8,1.8,1.8, 7725
03/20/2020,03:04,1.8,1.8,1.8,1.8, 1297
03/20/2020,03:19,1.8,1.8,1.8,1.8, 1000
03/20/2020,03:41,1.81,1.81,1.81,1.81, 29
03/20/2020,04:01,1.81,1.81,1.81,1.81, 800
03/20/2020,04:03,1.835,1.835,1.835,1.835, 8200
03/20/2020,04:30,1.81,1.81,1.8,1.8, 400
03/20/2020,04:41,1.8,1.8,1.8,1.8, 5625
03/20/2020,05:15,1.8,1.8,1.8,1.8, 6400
03/20/2020,05:26,1.8,1.8,1.8,1.8, 11494
03/20/2020,05:36,1.83,1.83,1.83,1.83, 8
03/20/2020,05:45,1.83,1.83,1.83,1.83, 11
03/20/2020,05:54,1.83,1.83,1.83,1.83, 10
03/20/2020,05:59,1.83,1.83,1.83,1.83, 11
03/20/2020,06:06,1.83,1.83,1.83,1.83, 11
03/20/2020,06:10,1.83,1.83,1.83,1.83, 11
03/20/2020,06:12,1.83,1.83,1.83,1.83, 10
03/20/2020,06:15,1.83,1.83,1.8,1.8, 283
03/20/2020,06:16,1.83,1.83,1.83,1.83, 11
03/20/2020,06:18,1.83,1.83,1.83,1.83, 10
03/20/2020,06:20,1.83,1.83,1.83,1.83, 7
03/23/2020,00:28,1.72,1.72,1.71,1.71, 8818
03/23/2020,00:29,1.72,1.72,1.72,1.72, 45482
03/23/2020,00:31,1.66,1.66,1.66,1.66, 2000
03/23/2020,00:39,1.66,1.66,1.66,1.66, 20000
03/23/2020,00:42,1.66,1.66,1.65,1.65, 4500
03/23/2020,00:51,1.655,1.655,1.655,1.655, 1997
03/23/2020,00:58,1.655,1.655,1.655,1.655, 1000
03/23/2020,01:42,1.65,1.65,1.65,1.65, 738
03/23/2020,01:53,1.65,1.65,1.65,1.65, 780
03/23/2020,01:55,1.645,1.65,1.645,1.65, 7924
03/23/2020,02:23,1.68,1.68,1.68,1.68, 1500
03/23/2020,02:38,1.68,1.68,1.68,1.68, 3076
03/23/2020,02:43,1.635,1.64,1.635,1.64, 14000
03/23/2020,02:49,1.63,1.63,1.55,1.6, 9050
03/23/2020,03:01,1.555,1.555,1.55,1.55, 500
03/23/2020,03:02,1.55,1.55,1.55,1.55, 4600
03/23/2020,03:39,1.555,1.555,1.55,1.55, 3800
03/23/2020,04:39,1.615,1.635,1.615,1.635, 931
03/23/2020,04:40,1.55,1.55,1.55,1.55, 7000
03/23/2020,05:04,1.55,1.55,1.55,1.55, 1000
03/23/2020,05:07,1.6,1.6,1.6,1.6, 937
03/23/2020,05:08,1.635,1.64,1.635,1.64, 1000
03/23/2020,05:17,1.59,1.59,1.59,1.59, 1800
03/23/2020,05:25,1.64,1.64,1.64,1.64, 1000
03/23/2020,05:30,1.64,1.64,1.64,1.64, 260
03/23/2020,06:04,1.65,1.65,1.65,1.65, 4500
03/23/2020,06:16,1.72,1.72,1.72,1.72, 643
03/23/2020,06:19,1.715,1.715,1.715,1.715, 1000
03/23/2020,06:32,1.72,1.72,1.72,1.72, 19
03/24/2020,00:27,1.65,1.65,1.65,1.65, 3030
03/24/2020,00:49,1.6,1.6,1.6,1.6, 21500
03/24/2020,00:49,1.63,1.63,1.63,1.63, 3000
03/24/2020,01:05,1.63,1.63,1.63,1.63, 1333
03/24/2020,01:38,1.63,1.63,1.63,1.63, 2374
03/24/2020,02:20,1.62,1.62,1.62,1.62, 838
03/24/2020,02:58,1.6,1.6,1.6,1.6, 5352
03/24/2020,03:07,1.6,1.6,1.6,1.6, 705
03/24/2020,03:12,1.615,1.615,1.615,1.615, 1478
03/24/2020,03:29,1.62,1.62,1.62,1.62, 7818
03/24/2020,03:30,1.62,1.62,1.62,1.62, 5000
03/24/2020,03:32,1.62,1.62,1.62,1.62, 5000
03/24/2020,03:33,1.62,1.63,1.62,1.63, 6537
03/24/2020,03:45,1.605,1.605,1.605,1.605, 9938
03/24/2020,03:46,1.6,1.6,1.6,1.6, 25549
03/24/2020,03:47,1.6,1.6,1.6,1.6, 10000
03/24/2020,03:50,1.6,1.6,1.6,1.6, 1300
03/24/2020,04:01,1.58,1.58,1.58,1.58, 438
03/24/2020,04:14,1.595,1.6,1.595,1.6, 13081
03/24/2020,04:16,1.6,1.6,1.6,1.6, 10000
03/24/2020,04:25,1.62,1.62,1.62,1.62, 508
03/24/2020,04:47,1.63,1.63,1.63,1.63, 500
03/24/2020,04:47,1.6,1.6,1.58,1.58, 6100
03/24/2020,05:26,1.63,1.63,1.63,1.63, 1540
03/24/2020,06:20,1.61,1.61,1.61,1.61, 2
03/24/2020,06:31,1.61,1.61,1.61,1.61, 1
03/25/2020,00:27,1.69,1.69,1.69,1.69, 2500
03/25/2020,00:30,1.72,1.72,1.72,1.72, 3000
03/25/2020,00:45,1.72,1.72,1.7,1.7, 4500
03/25/2020,00:50,1.765,1.765,1.765,1.765, 5650
03/25/2020,01:29,1.735,1.735,1.735,1.735, 3000
03/25/2020,01:52,1.8,1.8,1.8,1.8, 300
03/25/2020,02:52,1.8,1.8,1.8,1.8, 2553
03/25/2020,03:37,1.83,1.83,1.83,1.83, 1650
03/25/2020,06:00,1.74,1.74,1.74,1.74, 100
03/25/2020,06:31,1.825,1.825,1.825,1.825, 36
03/26/2020,00:33,1.835,1.835,1.835,1.835, 427
03/26/2020,00:51,1.72,1.72,1.72,1.72, 1287
03/26/2020,01:19,1.75,1.75,1.75,1.75, 176
03/26/2020,02:19,1.795,1.8,1.795,1.795, 2822
03/26/2020,03:39,1.83,1.83,1.82,1.82, 305
03/26/2020,03:46,1.835,1.835,1.835,1.835, 2779
03/26/2020,04:09,1.82,1.835,1.82,1.835, 4213
03/26/2020,04:42,1.83,1.83,1.83,1.83, 1
03/26/2020,04:48,1.83,1.83,1.83,1.83, 534
03/26/2020,05:16,1.825,1.825,1.825,1.825, 5380
03/26/2020,05:29,1.83,1.83,1.825,1.825, 166
03/26/2020,05:41,1.825,1.825,1.825,1.825, 2
03/26/2020,05:46,1.825,1.835,1.825,1.835, 3
03/26/2020,05:52,1.825,1.825,1.825,1.825, 2
03/26/2020,05:55,1.825,1.825,1.825,1.825, 1
03/26/2020,05:57,1.825,1.825,1.825,1.825, 1
03/26/2020,05:59,1.825,1.825,1.825,1.825, 1
03/26/2020,06:01,1.825,1.825,1.825,1.825, 1
03/26/2020,06:03,1.825,1.825,1.825,1.825, 1
03/26/2020,06:05,1.825,1.825,1.825,1.825, 1
03/26/2020,06:07,1.825,1.825,1.825,1.825, 1
03/26/2020,06:09,1.825,1.825,1.825,1.825, 1
03/26/2020,06:11,1.825,1.825,1.825,1.825, 1
03/26/2020,06:13,1.825,1.825,1.825,1.825, 1
03/26/2020,06:14,1.825,1.825,1.825,1.825, 1
03/26/2020,06:16,1.825,1.825,1.825,1.825, 1
03/26/2020,06:17,1.825,1.825,1.825,1.825, 1
03/26/2020,06:19,1.825,1.825,1.825,1.825, 2
03/26/2020,06:31,1.825,1.825,1.825,1.825, 4484
03/27/2020,00:27,1.82,1.82,1.82,1.82, 1097
03/27/2020,00:35,1.82,1.82,1.82,1.82, 4160
03/27/2020,00:37,1.8,1.8,1.8,1.8, 1541
03/27/2020,00:48,1.8,1.8,1.8,1.8, 2041
03/27/2020,00:54,1.83,1.83,1.83,1.83, 2275
03/27/2020,02:18,1.85,1.85,1.85,1.85, 598
03/27/2020,02:43,1.85,1.85,1.85,1.85, 4200
03/27/2020,02:59,1.88,1.895,1.845,1.88, 3102
03/27/2020,03:01,1.827,1.827,1.827,1.827, 266
03/27/2020,03:33,1.845,1.85,1.845,1.85, 1192
03/27/2020,03:33,1.85,1.85,1.85,1.85, 184
03/27/2020,03:34,1.842,1.842,1.842,1.842, 106
03/27/2020,03:37,1.847,1.847,1.847,1.847, 267
03/27/2020,03:38,1.835,1.835,1.835,1.835, 135
03/27/2020,03:40,1.835,1.835,1.835,1.835, 230
03/27/2020,03:43,1.83,1.83,1.83,1.83, 223
03/27/2020,03:45,1.83,1.83,1.83,1.83, 3223
03/27/2020,03:45,1.83,1.83,1.83,1.83, 81
03/27/2020,03:46,1.827,1.827,1.827,1.827, 3109
03/27/2020,03:47,1.827,1.827,1.827,1.827, 102
03/27/2020,03:49,1.827,1.827,1.827,1.827, 222
03/27/2020,03:50,1.827,1.827,1.827,1.827, 106
03/27/2020,03:51,1.827,1.827,1.827,1.827, 107
03/27/2020,03:52,1.827,1.827,1.827,1.827, 104
03/27/2020,03:54,1.827,1.827,1.827,1.827, 130
03/27/2020,03:54,1.827,1.827,1.827,1.827, 85
03/27/2020,03:58,1.82,1.82,1.82,1.82, 126
03/27/2020,03:59,1.82,1.82,1.82,1.82, 98
03/27/2020,04:00,1.82,1.82,1.82,1.82, 103
03/27/2020,04:01,1.82,1.82,1.82,1.82, 3097
03/27/2020,04:02,1.82,1.82,1.82,1.82, 95
03/27/2020,04:03,1.82,1.82,1.82,1.82, 97
03/27/2020,04:04,1.82,1.82,1.82,1.82, 496
03/27/2020,04:05,1.82,1.82,1.82,1.82, 100
03/27/2020,04:06,1.82,1.82,1.82,1.82, 105
03/27/2020,04:07,1.82,1.82,1.82,1.82, 98
03/27/2020,04:08,1.82,1.82,1.82,1.82, 108
03/27/2020,04:09,1.82,1.82,1.82,1.82, 105
03/27/2020,04:10,1.82,1.82,1.82,1.82, 103
03/27/2020,04:11,1.82,1.82,1.82,1.82, 102
03/27/2020,04:12,1.82,1.82,1.82,1.82, 106
03/27/2020,04:13,1.82,1.82,1.82,1.82, 107
03/27/2020,04:14,1.82,1.82,1.82,1.82, 105
03/27/2020,04:15,1.82,1.82,1.82,1.82, 104
03/27/2020,04:17,1.82,1.82,1.82,1.82, 104
03/27/2020,04:18,1.82,1.82,1.82,1.82, 100
03/27/2020,04:28,1.827,1.83,1.827,1.83, 3000
03/27/2020,04:54,1.827,1.827,1.827,1.827, 2196
03/27/2020,04:58,1.827,1.827,1.827,1.827, 561
03/27/2020,05:04,1.827,1.827,1.827,1.827, 556
03/27/2020,05:06,1.82,1.827,1.82,1.827, 5659
03/27/2020,05:06,1.827,1.827,1.827,1.827, 186
03/27/2020,05:08,1.827,1.827,1.827,1.827, 191
03/27/2020,05:11,1.827,1.827,1.827,1.827, 117
03/27/2020,05:12,1.827,1.827,1.827,1.827, 113
03/27/2020,05:13,1.827,1.827,1.827,1.827, 288
03/27/2020,05:14,1.827,1.827,1.827,1.827, 183
03/27/2020,05:16,1.827,1.827,1.827,1.827, 147
03/27/2020,05:17,1.827,1.827,1.827,1.827, 131
03/27/2020,05:17,1.827,1.827,1.827,1.827, 62
03/27/2020,05:19,1.827,1.827,1.827,1.827, 126
03/27/2020,05:19,1.827,1.827,1.827,1.827, 64
03/27/2020,05:20,1.827,1.827,1.827,1.827, 119
03/27/2020,05:22,1.827,1.827,1.827,1.827, 124
03/27/2020,05:23,1.827,1.827,1.827,1.827, 128
03/27/2020,05:24,1.827,1.827,1.827,1.827, 119
03/27/2020,05:24,1.827,1.827,1.827,1.827, 63
03/27/2020,05:25,1.827,1.827,1.827,1.827, 118
03/27/2020,05:27,1.827,1.827,1.827,1.827, 126
03/27/2020,05:28,1.827,1.827,1.827,1.827, 121
03/27/2020,05:29,1.827,1.827,1.827,1.827, 125
03/27/2020,05:30,1.827,1.827,1.827,1.827, 125
03/27/2020,05:31,1.827,1.827,1.827,1.827, 113
03/27/2020,05:31,1.827,1.827,1.827,1.827, 59
03/27/2020,05:33,1.827,1.827,1.827,1.827, 180
03/27/2020,05:34,1.827,1.827,1.827,1.827, 64
03/27/2020,05:35,1.827,1.827,1.827,1.827, 129
03/27/2020,05:36,1.827,1.827,1.827,1.827, 113
03/27/2020,05:36,1.827,1.827,1.827,1.827, 59
03/27/2020,05:38,1.827,1.827,1.827,1.827, 135
03/27/2020,05:38,1.827,1.827,1.827,1.827, 103
03/27/2020,05:39,1.827,1.827,1.827,1.827, 114
03/27/2020,05:41,1.827,1.827,1.827,1.827, 118
03/27/2020,05:41,1.827,1.827,1.827,1.827, 62
03/27/2020,05:43,1.82,1.82,1.82,1.82, 53
03/27/2020,05:44,1.82,1.82,1.82,1.82, 120
03/27/2020,05:46,1.82,1.82,1.82,1.82, 153
03/27/2020,05:47,1.82,1.82,1.82,1.82, 154
03/27/2020,05:49,1.82,1.82,1.82,1.82, 204
03/27/2020,05:50,1.82,1.82,1.82,1.82, 205
03/27/2020,05:52,1.82,1.827,1.82,1.827, 338
03/27/2020,05:59,1.825,1.825,1.825,1.825, 213
03/27/2020,06:05,1.813,1.822,1.813,1.822, 1470
03/27/2020,06:06,1.82,1.82,1.82,1.82, 574
03/27/2020,06:06,1.82,1.82,1.82,1.82, 177
03/27/2020,06:08,1.82,1.822,1.82,1.822, 2590
03/27/2020,06:09,1.82,1.822,1.82,1.822, 1911
03/27/2020,06:11,1.82,1.822,1.82,1.822, 1724
03/27/2020,06:12,1.82,1.822,1.82,1.822, 1751
03/27/2020,06:13,1.822,1.822,1.822,1.822, 2811
03/27/2020,06:16,1.822,1.822,1.822,1.822, 122
03/27/2020,06:17,1.822,1.825,1.82,1.825, 1931
03/27/2020,06:18,1.82,1.822,1.82,1.822, 1446
03/27/2020,06:19,1.82,1.85,1.82,1.82, 33064
03/27/2020,06:20,1.82,1.82,1.82,1.82, 10000
03/27/2020,06:31,1.82,1.82,1.82,1.82, 6400
03/30/2020,01:27,1.75,1.75,1.75,1.75, 20000
03/30/2020,01:31,1.77,1.77,1.77,1.77, 580
03/30/2020,01:52,1.845,1.845,1.845,1.845, 500
03/30/2020,02:01,1.835,1.85,1.835,1.85, 3000
03/30/2020,02:14,1.8,1.8,1.8,1.8, 9578
03/30/2020,03:30,1.82,1.82,1.82,1.82, 2332
03/30/2020,03:31,1.85,1.85,1.85,1.85, 997
03/30/2020,04:04,1.845,1.845,1.845,1.845, 1416
03/30/2020,04:12,1.84,1.84,1.84,1.84, 7000
03/30/2020,04:43,1.84,1.84,1.84,1.84, 10000
03/30/2020,04:56,1.845,1.845,1.845,1.845, 43830
03/30/2020,04:57,1.85,1.85,1.85,1.85, 12174
03/30/2020,05:39,1.89,1.9,1.89,1.9, 1136
03/30/2020,06:08,1.85,1.85,1.85,1.85, 1803
03/30/2020,07:18,1.885,1.885,1.885,1.885, 26
03/30/2020,07:19,1.885,1.89,1.885,1.89, 182
03/30/2020,07:20,1.89,1.89,1.89,1.89, 237
03/30/2020,07:20,1.89,1.89,1.89,1.89, 1000
03/30/2020,07:31,1.89,1.89,1.89,1.89, 991
03/31/2020,01:27,1.9,1.9,1.9,1.9, 50000
03/31/2020,01:30,1.9,1.9,1.9,1.9, 1480
03/31/2020,01:32,1.9,1.9,1.9,1.9, 400
03/31/2020,01:54,1.9,1.9,1.9,1.9, 1315
03/31/2020,02:01,1.9,1.9,1.9,1.9, 9000
03/31/2020,02:06,1.9,1.9,1.9,1.9, 455
03/31/2020,02:22,1.905,1.905,1.905,1.905, 2604
03/31/2020,02:50,1.93,1.93,1.93,1.93, 3058
03/31/2020,04:14,1.94,1.94,1.94,1.94, 8400
03/31/2020,04:54,1.93,1.93,1.915,1.915, 1168
03/31/2020,05:18,1.945,1.945,1.945,1.945, 1315
03/31/2020,06:05,1.945,1.945,1.945,1.945, 455
03/31/2020,06:40,1.97,1.97,1.97,1.97, 1
03/31/2020,06:44,1.955,1.955,1.955,1.955, 1
03/31/2020,06:47,1.97,1.97,1.97,1.97, 1
03/31/2020,06:52,1.955,2,1.955,2, 3060
03/31/2020,06:58,1.97,1.97,1.97,1.97, 1
03/31/2020,07:01,1.97,1.97,1.97,1.97, 1
03/31/2020,07:07,1.975,1.975,1.975,1.975, 1
03/31/2020,07:08,1.975,2.02,1.975,2.02, 713
03/31/2020,07:09,2.02,2.02,2.02,2.02, 844
03/31/2020,07:10,2.02,2.02,2,2.02, 816
03/31/2020,07:11,2.02,2.02,2.02,2.02, 831
03/31/2020,07:11,2.02,2.02,2.02,2.02, 4757
03/31/2020,07:13,2,2,2,2, 1
03/31/2020,07:15,2,2,2,2, 224
03/31/2020,07:16,2.01,2.01,2.01,2.01, 1
03/31/2020,07:17,2.02,2.02,2.02,2.02, 1346
03/31/2020,07:19,2.02,2.02,2.02,2.02, 13215
03/31/2020,07:32,2.02,2.02,2.02,2.02, 3036

