02/03/2020,16:31,19.92,19.92,19.92,19.92, 1
02/03/2020,17:01,19.92,19.92,19.92,19.92, 1
02/04/2020,16:31,19.93,19.93,19.93,19.93, 1
02/04/2020,17:01,19.93,19.93,19.93,19.93, 1
02/05/2020,16:31,19.93,19.93,19.93,19.93, 1
02/05/2020,17:01,19.93,19.93,19.93,19.93, 1
02/06/2020,16:31,19.7,19.7,19.7,19.7, 1
02/06/2020,17:01,19.7,19.7,19.7,19.7, 1
02/07/2020,16:31,19.25,19.25,19.25,19.25, 1
02/07/2020,17:01,19.25,19.25,19.25,19.25, 1
02/10/2020,16:31,19.1,19.1,19.1,19.1, 1
02/10/2020,17:01,19.1,19.1,19.1,19.1, 1
02/11/2020,16:31,19.02,19.02,19.02,19.02, 1
02/11/2020,17:01,19.02,19.02,19.02,19.02, 1
02/12/2020,16:31,19.1,19.1,19.1,19.1, 1
02/12/2020,17:01,19.1,19.1,19.1,19.1, 1
02/13/2020,16:31,19.6,19.6,19.6,19.6, 1
02/13/2020,17:01,19.6,19.6,19.6,19.6, 1
02/14/2020,16:31,19.66,19.66,19.66,19.66, 1
02/14/2020,17:01,19.66,19.66,19.66,19.66, 1
02/17/2020,16:31,17.55,17.55,17.55,17.55, 1
02/17/2020,17:01,17.55,17.55,17.55,17.55, 1
02/18/2020,17:01,18,18,18,18, 1
02/19/2020,16:31,17.74,17.74,17.74,17.74, 1
02/19/2020,17:01,17.74,17.74,17.74,17.74, 1
02/20/2020,16:31,16.52,16.52,16.52,16.52, 1
02/20/2020,17:01,16.52,16.52,16.52,16.52, 1
02/21/2020,17:01,16.97,16.97,16.97,16.97, 1
02/24/2020,16:31,17.45,17.45,17.45,17.45, 1
02/24/2020,17:01,17.45,17.45,17.45,17.45, 1
02/25/2020,16:31,17.15,17.15,17.15,17.15, 1
02/25/2020,17:01,17.15,17.15,17.15,17.15, 1
02/26/2020,16:31,17.06,17.06,17.06,17.06, 1
02/26/2020,17:01,17.06,17.06,17.06,17.06, 1
02/28/2020,16:31,14.5,14.5,14.5,14.5, 1
02/28/2020,17:01,14.5,14.5,14.5,14.5, 1

