01/02/2020,01:02,2.53,2.53,2.53,2.53, 60
01/02/2020,01:22,2.53,2.53,2.51,2.53, 59
01/02/2020,01:45,2.52,2.52,2.52,2.52, 5362
01/02/2020,02:10,2.52,2.52,2.52,2.52, 44
01/02/2020,02:35,2.52,2.52,2.52,2.52, 48
01/02/2020,04:33,2.5,2.5,2.5,2.5, 132
01/02/2020,05:21,2.5,2.5,2.5,2.5, 50
01/02/2020,05:36,2.48,2.5,2.48,2.5, 43
01/02/2020,05:39,2.5,2.5,2.5,2.5, 443
01/02/2020,05:41,2.5,2.5,2.5,2.5, 10
01/02/2020,05:45,2.48,2.48,2.48,2.48, 2
01/02/2020,05:49,2.48,2.48,2.48,2.48, 2
01/02/2020,05:53,2.48,2.48,2.48,2.48, 3
01/02/2020,05:56,2.5,2.5,2.5,2.5, 39
01/02/2020,05:57,2.48,2.48,2.48,2.48, 2
01/02/2020,06:00,2.48,2.48,2.48,2.48, 2
01/02/2020,06:02,2.5,2.5,2.5,2.5, 223
01/02/2020,06:02,2.5,2.5,2.5,2.5, 29
01/02/2020,06:04,2.48,2.48,2.48,2.48, 2
01/02/2020,06:08,2.48,2.48,2.48,2.48, 2
01/02/2020,06:10,2.5,2.5,2.5,2.5, 1
01/02/2020,06:12,2.48,2.48,2.48,2.48, 2
01/02/2020,06:15,2.48,2.48,2.48,2.48, 2
01/02/2020,06:17,2.48,2.48,2.48,2.48, 1
01/02/2020,06:19,2.48,2.5,2.48,2.5, 2
01/02/2020,06:20,2.48,2.48,2.48,2.48, 9
01/02/2020,06:31,2.46,2.46,2.46,2.46, 11
01/03/2020,00:46,2.45,2.48,2.45,2.48, 750
01/03/2020,01:04,2.47,2.48,2.47,2.47, 1945
01/03/2020,01:04,2.47,2.47,2.47,2.47, 800
01/03/2020,04:04,2.5,2.5,2.5,2.5, 264
01/03/2020,04:06,2.5,2.5,2.5,2.5, 29
01/03/2020,04:08,2.5,2.51,2.5,2.51, 1102
01/03/2020,04:08,2.49,2.5,2.49,2.5, 293
01/03/2020,04:09,2.49,2.49,2.49,2.49, 81
01/03/2020,04:13,2.5,2.5,2.5,2.5, 199
01/03/2020,05:02,2.5,2.5,2.5,2.5, 524
01/03/2020,05:06,2.5,2.5,2.5,2.5, 66
01/03/2020,05:58,2.49,2.49,2.49,2.49, 2
01/03/2020,06:17,2.49,2.5,2.49,2.5, 1247
01/03/2020,06:19,2.5,2.51,2.5,2.51, 240
01/06/2020,00:50,2.51,2.51,2.5,2.5, 2153
01/06/2020,00:54,2.5,2.5,2.5,2.5, 1941
01/06/2020,00:54,2.49,2.49,2.49,2.49, 509
01/06/2020,01:02,2.49,2.49,2.49,2.49, 1731
01/06/2020,01:05,2.5,2.5,2.5,2.5, 3269
01/06/2020,01:06,2.5,2.5,2.48,2.49, 3841
01/06/2020,01:12,2.51,2.51,2.51,2.51, 1178
01/06/2020,01:42,2.52,2.52,2.52,2.52, 67
01/06/2020,02:05,2.52,2.52,2.52,2.52, 64
01/06/2020,02:19,2.51,2.51,2.51,2.51, 745
01/06/2020,02:27,2.52,2.53,2.52,2.53, 4537
01/06/2020,02:29,2.53,2.53,2.53,2.53, 66
01/06/2020,02:38,2.525,2.525,2.525,2.525, 400
01/06/2020,02:50,2.525,2.525,2.525,2.525, 400
01/06/2020,02:51,2.53,2.53,2.53,2.53, 190
01/06/2020,02:58,2.53,2.53,2.53,2.53, 900
01/06/2020,03:05,2.53,2.55,2.53,2.55, 27559
01/06/2020,03:06,2.55,2.55,2.55,2.55, 58
01/06/2020,03:07,2.55,2.55,2.55,2.55, 1158
01/06/2020,03:08,2.56,2.56,2.56,2.56, 14766
01/06/2020,03:11,2.58,2.58,2.58,2.58, 334
01/06/2020,03:13,2.58,2.59,2.58,2.59, 1798
01/06/2020,03:14,2.59,2.59,2.59,2.59, 6350
01/06/2020,03:15,2.59,2.6,2.59,2.6, 21658
01/06/2020,03:35,2.62,2.62,2.62,2.62, 39
01/06/2020,03:38,2.62,2.62,2.62,2.62, 64
01/06/2020,03:41,2.62,2.62,2.62,2.62, 7313
01/06/2020,03:43,2.62,2.62,2.62,2.62, 6605
01/06/2020,03:45,2.62,2.62,2.62,2.62, 3184
01/06/2020,03:49,2.62,2.65,2.62,2.65, 23113
01/06/2020,03:55,2.64,2.64,2.64,2.64, 200
01/06/2020,03:56,2.64,2.64,2.64,2.64, 34
01/06/2020,03:57,2.63,2.63,2.63,2.63, 44
01/06/2020,03:59,2.62,2.62,2.62,2.62, 175
01/06/2020,04:16,2.62,2.62,2.62,2.62, 75
01/06/2020,04:18,2.62,2.62,2.62,2.62, 111
01/06/2020,04:22,2.62,2.64,2.62,2.64, 1344
01/06/2020,04:27,2.64,2.65,2.64,2.65, 5996
01/06/2020,04:30,2.65,2.65,2.65,2.65, 12
01/06/2020,04:36,2.65,2.65,2.65,2.65, 55
01/06/2020,04:42,2.65,2.65,2.65,2.65, 150
01/06/2020,04:48,2.65,2.65,2.65,2.65, 89
01/06/2020,04:52,2.65,2.65,2.65,2.65, 883
01/06/2020,04:54,2.64,2.64,2.64,2.64, 678
01/06/2020,04:54,2.65,2.65,2.65,2.65, 73
01/06/2020,05:02,2.63,2.63,2.63,2.63, 400
01/06/2020,05:04,2.63,2.63,2.63,2.63, 100000
01/06/2020,05:10,2.63,2.63,2.63,2.63, 52
01/06/2020,05:19,2.64,2.64,2.63,2.63, 206
01/06/2020,05:21,2.63,2.63,2.63,2.63, 57
01/06/2020,05:26,2.64,2.64,2.64,2.64, 63
01/06/2020,05:33,2.64,2.64,2.64,2.64, 128
01/06/2020,05:36,2.64,2.64,2.64,2.64, 586
01/06/2020,05:37,2.64,2.64,2.64,2.64, 114
01/06/2020,05:38,2.64,2.64,2.64,2.64, 55
01/06/2020,05:42,2.64,2.64,2.64,2.64, 73
01/06/2020,05:45,2.64,2.64,2.64,2.64, 56
01/06/2020,05:50,2.64,2.64,2.64,2.64, 50
01/06/2020,05:50,2.64,2.64,2.64,2.64, 891
01/06/2020,05:52,2.65,2.65,2.65,2.65, 126
01/06/2020,05:53,2.64,2.64,2.62,2.62, 6070
01/06/2020,05:58,2.62,2.64,2.62,2.64, 11285
01/06/2020,05:58,2.64,2.64,2.64,2.64, 227
01/06/2020,06:01,2.63,2.63,2.63,2.63, 5
01/06/2020,06:02,2.64,2.64,2.64,2.64, 43
01/06/2020,06:06,2.64,2.64,2.64,2.64, 43
01/06/2020,06:08,2.64,2.64,2.64,2.64, 33
01/06/2020,06:10,2.64,2.64,2.64,2.64, 52
01/06/2020,06:13,2.64,2.64,2.64,2.64, 89
01/06/2020,06:14,2.64,2.64,2.64,2.64, 47
01/06/2020,06:17,2.64,2.65,2.64,2.65, 419
01/06/2020,06:17,2.65,2.65,2.65,2.65, 69
01/06/2020,06:19,2.65,2.65,2.65,2.65, 1995
01/06/2020,06:20,2.65,2.65,2.65,2.65, 120
01/06/2020,06:20,2.65,2.65,2.65,2.65, 88
01/06/2020,06:32,2.65,2.65,2.65,2.65, 1777
01/07/2020,00:25,2.65,2.65,2.65,2.65, 783
01/07/2020,00:51,2.64,2.68,2.64,2.64, 9785
01/07/2020,01:08,2.65,2.65,2.65,2.65, 2634
01/07/2020,01:25,2.65,2.65,2.63,2.64, 5197
01/07/2020,01:37,2.65,2.65,2.65,2.65, 215
01/07/2020,01:42,2.63,2.63,2.63,2.63, 69
01/07/2020,01:42,2.65,2.65,2.64,2.64, 5039
01/07/2020,01:44,2.65,2.65,2.65,2.65, 15
01/07/2020,01:47,2.66,2.67,2.66,2.67, 1050
01/07/2020,01:53,2.68,2.68,2.68,2.68, 27
01/07/2020,01:53,2.69,2.7,2.67,2.7, 5229
01/07/2020,02:02,2.7,2.7,2.7,2.7, 489
01/07/2020,02:21,2.71,2.71,2.71,2.71, 122
01/07/2020,02:23,2.71,2.71,2.71,2.71, 1000
01/07/2020,02:24,2.7,2.7,2.7,2.7, 1947
01/07/2020,02:40,2.705,2.705,2.7,2.7, 2298
01/07/2020,02:52,2.7,2.7,2.7,2.7, 68
01/07/2020,03:00,2.7,2.705,2.7,2.7, 12311
01/07/2020,03:03,2.71,2.71,2.71,2.71, 281
01/07/2020,03:04,2.715,2.715,2.71,2.71, 1117
01/07/2020,03:16,2.71,2.71,2.71,2.71, 72
01/07/2020,03:28,2.715,2.715,2.7,2.7, 3869
01/07/2020,03:43,2.72,2.72,2.72,2.72, 64
01/07/2020,03:43,2.7,2.7,2.7,2.7, 10
01/07/2020,03:51,2.72,2.72,2.72,2.72, 47
01/07/2020,03:55,2.71,2.71,2.71,2.71, 80
01/07/2020,04:06,2.72,2.72,2.72,2.72, 88
01/07/2020,04:14,2.72,2.72,2.72,2.72, 47
01/07/2020,04:29,2.72,2.72,2.72,2.72, 90
01/07/2020,04:31,2.71,2.71,2.71,2.71, 40
01/07/2020,04:39,2.71,2.71,2.71,2.71, 50
01/07/2020,04:44,2.72,2.72,2.72,2.72, 91
01/07/2020,04:51,2.72,2.72,2.72,2.72, 500
01/07/2020,04:59,2.72,2.72,2.72,2.72, 92
01/07/2020,05:01,2.71,2.71,2.71,2.71, 53
01/07/2020,05:08,2.71,2.71,2.71,2.71, 759
01/07/2020,05:10,2.72,2.72,2.72,2.72, 521
01/07/2020,05:13,2.72,2.72,2.72,2.72, 94
01/07/2020,05:25,2.71,2.71,2.71,2.71, 67
01/07/2020,05:28,2.72,2.72,2.72,2.72, 67
01/07/2020,05:34,2.72,2.72,2.72,2.72, 63
01/07/2020,05:35,2.72,2.72,2.72,2.72, 40
01/07/2020,05:35,2.72,2.72,2.72,2.72, 44
01/07/2020,05:38,2.71,2.71,2.71,2.71, 2700
01/07/2020,05:38,2.71,2.71,2.71,2.71, 580
01/07/2020,05:43,2.71,2.71,2.7,2.7, 495
01/07/2020,05:53,2.71,2.71,2.71,2.71, 50
01/07/2020,06:06,2.72,2.72,2.72,2.72, 121
01/07/2020,06:12,2.72,2.72,2.72,2.72, 160
01/07/2020,06:14,2.71,2.71,2.71,2.71, 652
01/07/2020,06:16,2.72,2.72,2.72,2.72, 78
01/07/2020,06:18,2.72,2.72,2.72,2.72, 3
01/07/2020,06:20,2.72,2.72,2.71,2.72, 18
01/07/2020,06:20,2.72,2.72,2.72,2.72, 3
01/07/2020,06:31,2.71,2.71,2.71,2.71, 217
01/08/2020,00:25,2.65,2.65,2.65,2.65, 285
01/08/2020,00:53,2.64,2.68,2.64,2.65, 6377
01/08/2020,01:08,2.64,2.64,2.64,2.64, 600
01/08/2020,01:28,2.66,2.66,2.66,2.66, 2
01/08/2020,01:33,2.66,2.67,2.66,2.67, 1522
01/08/2020,02:00,2.67,2.67,2.67,2.67, 3
01/08/2020,02:02,2.65,2.65,2.63,2.64, 5694
01/08/2020,02:04,2.62,2.62,2.61,2.62, 1385
01/08/2020,02:05,2.61,2.61,2.61,2.61, 209
01/08/2020,02:10,2.6,2.62,2.6,2.62, 2851
01/08/2020,02:29,2.6,2.62,2.57,2.57, 23421
01/08/2020,02:30,2.57,2.57,2.55,2.55, 14626
01/08/2020,02:35,2.55,2.55,2.55,2.55, 2275
01/08/2020,02:43,2.56,2.56,2.56,2.56, 2363
01/08/2020,03:03,2.57,2.57,2.57,2.57, 3105
01/08/2020,03:05,2.55,2.55,2.55,2.55, 9
01/08/2020,03:14,2.56,2.56,2.5,2.56, 32100
01/08/2020,03:29,2.55,2.55,2.55,2.55, 39
01/08/2020,03:37,2.55,2.55,2.55,2.55, 1
01/08/2020,03:51,2.55,2.55,2.55,2.55, 348
01/08/2020,03:57,2.55,2.55,2.55,2.55, 73
01/08/2020,04:05,2.55,2.55,2.55,2.55, 55
01/08/2020,04:08,2.55,2.56,2.55,2.56, 2061
01/08/2020,04:10,2.55,2.55,2.55,2.55, 217
01/08/2020,04:12,2.55,2.55,2.55,2.55, 1048
01/08/2020,04:15,2.56,2.56,2.56,2.56, 812
01/08/2020,04:20,2.56,2.56,2.56,2.56, 41
01/08/2020,04:25,2.55,2.55,2.55,2.55, 288
01/08/2020,04:33,2.54,2.54,2.54,2.54, 335
01/08/2020,04:42,2.55,2.55,2.55,2.55, 1359
01/08/2020,04:47,2.55,2.55,2.55,2.55, 65
01/08/2020,04:49,2.54,2.54,2.54,2.54, 3
01/08/2020,04:51,2.53,2.53,2.53,2.53, 884
01/08/2020,05:09,2.55,2.55,2.55,2.55, 49
01/08/2020,05:13,2.55,2.55,2.55,2.55, 107
01/08/2020,05:23,2.55,2.55,2.55,2.55, 7546
01/08/2020,05:25,2.55,2.55,2.55,2.55, 4
01/08/2020,05:27,2.56,2.56,2.56,2.56, 112
01/08/2020,05:29,2.55,2.55,2.55,2.55, 4131
01/08/2020,05:30,2.55,2.55,2.55,2.55, 1560
01/08/2020,05:31,2.55,2.56,2.55,2.56, 4438
01/08/2020,05:34,2.56,2.56,2.56,2.56, 1000
01/08/2020,05:38,2.57,2.57,2.57,2.57, 5042
01/08/2020,05:39,2.59,2.59,2.59,2.59, 988
01/08/2020,05:41,2.59,2.59,2.59,2.59, 4
01/08/2020,05:42,2.59,2.59,2.57,2.57, 1971
01/08/2020,06:01,2.61,2.61,2.61,2.61, 65
01/08/2020,06:09,2.61,2.61,2.61,2.61, 110
01/08/2020,06:17,2.62,2.62,2.62,2.62, 345
01/08/2020,06:18,2.62,2.62,2.62,2.62, 26
01/08/2020,06:19,2.62,2.62,2.62,2.62, 42
01/08/2020,06:20,2.62,2.62,2.62,2.62, 251
01/08/2020,06:31,2.59,2.59,2.59,2.59, 5907
01/09/2020,00:43,2.67,2.67,2.67,2.67, 554
01/09/2020,00:50,2.64,2.64,2.63,2.63, 5247
01/09/2020,00:52,2.62,2.63,2.62,2.63, 1357
01/09/2020,01:01,2.64,2.64,2.64,2.64, 3195
01/09/2020,01:02,2.64,2.65,2.64,2.64, 2266
01/09/2020,01:05,2.64,2.64,2.64,2.64, 3251
01/09/2020,01:11,2.63,2.64,2.63,2.64, 3592
01/09/2020,01:31,2.67,2.68,2.64,2.64, 3753
01/09/2020,01:38,2.62,2.62,2.6,2.6, 14262
01/09/2020,01:40,2.62,2.62,2.61,2.61, 3388
01/09/2020,01:45,2.62,2.62,2.62,2.62, 141
01/09/2020,01:46,2.61,2.63,2.61,2.61, 2041
01/09/2020,01:49,2.63,2.64,2.61,2.64, 7845
01/09/2020,02:06,2.65,2.66,2.65,2.66, 105604
01/09/2020,02:09,2.65,2.65,2.59,2.6, 14994
01/09/2020,02:09,2.6,2.6,2.6,2.6, 39876
01/09/2020,02:15,2.64,2.64,2.64,2.64, 210
01/09/2020,02:32,2.65,2.65,2.65,2.65, 270
01/09/2020,02:37,2.67,2.67,2.67,2.67, 135
01/09/2020,03:01,2.67,2.67,2.67,2.67, 126
01/09/2020,03:36,2.68,2.68,2.68,2.68, 134
01/09/2020,03:41,2.68,2.68,2.68,2.68, 76
01/09/2020,03:45,2.68,2.68,2.68,2.68, 9
01/09/2020,03:47,2.68,2.68,2.68,2.68, 8
01/09/2020,03:50,2.68,2.68,2.68,2.68, 34
01/09/2020,03:55,2.68,2.68,2.68,2.68, 4
01/09/2020,04:01,2.68,2.68,2.68,2.68, 64
01/09/2020,04:02,2.68,2.68,2.68,2.68, 7
01/09/2020,04:36,2.67,2.67,2.67,2.67, 137
01/09/2020,04:39,2.65,2.66,2.65,2.66, 903
01/09/2020,04:40,2.64,2.64,2.64,2.64, 423
01/09/2020,04:59,2.66,2.66,2.66,2.66, 1302
01/09/2020,05:01,2.66,2.66,2.66,2.66, 64
01/09/2020,05:04,2.67,2.67,2.67,2.67, 161
01/09/2020,05:07,2.67,2.67,2.66,2.66, 1075
01/09/2020,05:12,2.67,2.67,2.67,2.67, 120
01/09/2020,05:13,2.65,2.66,2.65,2.65, 1301
01/09/2020,05:14,2.65,2.65,2.65,2.65, 371
01/09/2020,05:19,2.65,2.65,2.65,2.65, 34
01/09/2020,05:42,2.66,2.66,2.66,2.66, 90
01/09/2020,05:52,2.66,2.66,2.66,2.66, 2030
01/09/2020,05:55,2.66,2.66,2.66,2.66, 127
01/09/2020,05:57,2.66,2.66,2.66,2.66, 216
01/09/2020,06:07,2.66,2.66,2.66,2.66, 79
01/09/2020,06:12,2.66,2.66,2.66,2.66, 150
01/09/2020,06:13,2.66,2.67,2.66,2.67, 901
01/09/2020,06:17,2.66,2.66,2.66,2.66, 51
01/09/2020,06:19,2.67,2.67,2.67,2.67, 2155
01/09/2020,06:20,2.67,2.67,2.67,2.67, 353
01/09/2020,06:20,2.67,2.67,2.67,2.67, 14
01/09/2020,06:31,2.67,2.67,2.67,2.67, 179
01/10/2020,00:25,2.68,2.68,2.68,2.68, 949
01/10/2020,00:32,2.68,2.7,2.68,2.7, 3705
01/10/2020,00:41,2.7,2.7,2.7,2.7, 1968
01/10/2020,00:42,2.71,2.72,2.71,2.72, 2106
01/10/2020,00:45,2.715,2.715,2.71,2.71, 681
01/10/2020,00:52,2.72,2.72,2.72,2.72, 74
01/10/2020,00:55,2.72,2.72,2.72,2.72, 7763
01/10/2020,00:58,2.73,2.74,2.73,2.74, 8128
01/10/2020,01:00,2.74,2.75,2.74,2.75, 3174
01/10/2020,01:02,2.75,2.75,2.75,2.75, 532
01/10/2020,01:07,2.74,2.74,2.74,2.74, 748
01/10/2020,01:10,2.75,2.76,2.75,2.76, 129494
01/10/2020,01:22,2.77,2.78,2.76,2.78, 1854
01/10/2020,01:27,2.78,2.78,2.78,2.78, 42
01/10/2020,01:30,2.78,2.78,2.78,2.78, 775
01/10/2020,01:33,2.78,2.78,2.78,2.78, 2000
01/10/2020,01:44,2.78,2.785,2.77,2.78, 2479
01/10/2020,01:48,2.79,2.82,2.79,2.82, 89458
01/10/2020,01:49,2.85,2.85,2.85,2.85, 2120
01/10/2020,01:50,2.85,2.85,2.84,2.84, 2852
01/10/2020,02:01,2.84,2.84,2.84,2.84, 528
01/10/2020,02:02,2.85,2.85,2.85,2.85, 22
01/10/2020,02:04,2.86,2.86,2.85,2.85, 962
01/10/2020,02:05,2.85,2.85,2.85,2.85, 1691
01/10/2020,02:06,2.84,2.84,2.84,2.84, 1128
01/10/2020,02:09,2.84,2.85,2.84,2.85, 344
01/10/2020,02:11,2.85,2.85,2.85,2.85, 8442
01/10/2020,02:15,2.85,2.85,2.85,2.85, 246
01/10/2020,02:18,2.85,2.85,2.85,2.85, 2078
01/10/2020,02:19,2.85,2.85,2.85,2.85, 368
01/10/2020,02:24,2.85,2.85,2.85,2.85, 1532
01/10/2020,02:25,2.84,2.84,2.83,2.83, 3995
01/10/2020,02:39,2.83,2.83,2.82,2.82, 3989
01/10/2020,02:40,2.81,2.81,2.8,2.81, 41590
01/10/2020,02:41,2.8,2.8,2.8,2.8, 29681
01/10/2020,02:43,2.82,2.82,2.82,2.82, 290
01/10/2020,02:44,2.83,2.83,2.83,2.83, 2126
01/10/2020,02:45,2.84,2.84,2.84,2.84, 1270
01/10/2020,02:47,2.84,2.85,2.84,2.85, 2524
01/10/2020,02:55,2.84,2.84,2.84,2.84, 808
01/10/2020,02:55,2.85,2.85,2.85,2.85, 59
01/10/2020,02:59,2.84,2.84,2.84,2.84, 2860
01/10/2020,03:02,2.85,2.85,2.84,2.84, 1889
01/10/2020,03:04,2.83,2.83,2.83,2.83, 1855
01/10/2020,03:07,2.83,2.83,2.83,2.83, 2170
01/10/2020,03:14,2.84,2.84,2.84,2.84, 586
01/10/2020,03:17,2.84,2.84,2.84,2.84, 692
01/10/2020,03:20,2.84,2.86,2.84,2.86, 44730
01/10/2020,03:22,2.87,2.87,2.87,2.87, 500
01/10/2020,03:24,2.86,2.86,2.86,2.86, 1129
01/10/2020,03:27,2.87,2.87,2.87,2.87, 557
01/10/2020,03:32,2.86,2.86,2.85,2.86, 3142
01/10/2020,03:40,2.86,2.86,2.86,2.86, 7
01/10/2020,03:46,2.85,2.85,2.85,2.85, 937
01/10/2020,03:48,2.85,2.85,2.85,2.85, 730
01/10/2020,03:50,2.85,2.85,2.85,2.85, 561
01/10/2020,03:55,2.85,2.85,2.85,2.85, 915
01/10/2020,04:08,2.85,2.85,2.85,2.85, 909
01/10/2020,04:09,2.85,2.85,2.85,2.85, 4000
01/10/2020,04:13,2.85,2.85,2.85,2.85, 363
01/10/2020,04:18,2.84,2.84,2.83,2.84, 3543
01/10/2020,04:21,2.82,2.82,2.8,2.82, 4174
01/10/2020,04:31,2.82,2.82,2.82,2.82, 7217
01/10/2020,04:33,2.83,2.83,2.83,2.83, 587
01/10/2020,04:33,2.82,2.82,2.82,2.82, 2140
01/10/2020,04:40,2.82,2.82,2.82,2.82, 280
01/10/2020,04:41,2.82,2.83,2.82,2.83, 1235
01/10/2020,04:45,2.82,2.82,2.82,2.82, 3000
01/10/2020,04:50,2.82,2.82,2.82,2.82, 675
01/10/2020,04:54,2.82,2.82,2.82,2.82, 361
01/10/2020,04:55,2.82,2.82,2.82,2.82, 54
01/10/2020,05:02,2.82,2.82,2.82,2.82, 649
01/10/2020,05:04,2.83,2.83,2.83,2.83, 8524
01/10/2020,05:06,2.82,2.82,2.82,2.82, 549
01/10/2020,05:14,2.82,2.82,2.82,2.82, 683
01/10/2020,05:17,2.82,2.82,2.82,2.82, 531
01/10/2020,05:19,2.83,2.83,2.83,2.83, 11586
01/10/2020,05:32,2.84,2.84,2.84,2.84, 680
01/10/2020,05:32,2.84,2.84,2.84,2.84, 7537
01/10/2020,05:39,2.85,2.85,2.84,2.84, 2808
01/10/2020,05:40,2.85,2.85,2.85,2.85, 315
01/10/2020,05:41,2.86,2.86,2.86,2.86, 918
01/10/2020,05:44,2.86,2.86,2.86,2.86, 265
01/10/2020,05:45,2.85,2.85,2.83,2.84, 3638
01/10/2020,05:46,2.83,2.83,2.82,2.82, 2499
01/10/2020,05:48,2.83,2.83,2.83,2.83, 1250
01/10/2020,05:49,2.83,2.83,2.83,2.83, 7500
01/10/2020,05:54,2.83,2.83,2.83,2.83, 100
01/10/2020,06:00,2.83,2.83,2.82,2.83, 7914
01/10/2020,06:02,2.84,2.84,2.84,2.84, 6955
01/10/2020,06:06,2.84,2.84,2.84,2.84, 54
01/10/2020,06:09,2.84,2.84,2.84,2.84, 15
01/10/2020,06:10,2.84,2.84,2.84,2.84, 7
01/10/2020,06:11,2.84,2.84,2.83,2.84, 731
01/10/2020,06:12,2.84,2.84,2.84,2.84, 20
01/10/2020,06:13,2.84,2.84,2.83,2.83, 7989
01/10/2020,06:16,2.84,2.84,2.84,2.84, 25
01/10/2020,06:17,2.84,2.85,2.84,2.85, 12631
01/10/2020,06:18,2.85,2.85,2.85,2.85, 16
01/10/2020,06:19,2.85,2.85,2.85,2.85, 370
01/10/2020,06:20,2.85,2.85,2.84,2.85, 17465
01/10/2020,06:20,2.85,2.85,2.85,2.85, 17
01/10/2020,06:31,2.85,2.85,2.85,2.85, 16433
01/13/2020,00:26,2.86,2.86,2.86,2.86, 14544
01/13/2020,00:27,2.85,2.85,2.84,2.84, 5851
01/13/2020,00:30,2.83,2.83,2.83,2.83, 608
01/13/2020,00:30,2.84,2.85,2.84,2.85, 1474
01/13/2020,00:31,2.86,2.86,2.86,2.86, 3874
01/13/2020,00:39,2.86,2.92,2.86,2.92, 49235
01/13/2020,00:40,2.91,2.91,2.91,2.91, 1785
01/13/2020,00:46,2.9,2.91,2.9,2.91, 3022
01/13/2020,00:47,2.9,2.91,2.9,2.91, 2360
01/13/2020,00:49,2.9,2.9,2.9,2.9, 2015
01/13/2020,00:53,2.9,2.9,2.9,2.9, 3765
01/13/2020,00:55,2.91,2.92,2.91,2.92, 22220
01/13/2020,00:56,2.92,2.92,2.92,2.92, 13972
01/13/2020,01:00,2.93,2.93,2.93,2.93, 305
01/13/2020,01:04,2.92,2.92,2.91,2.92, 1516
01/13/2020,01:25,2.93,2.93,2.93,2.93, 300
01/13/2020,01:27,2.92,2.92,2.9,2.91, 21374
01/13/2020,01:28,2.92,2.92,2.91,2.92, 4970
01/13/2020,01:29,2.91,2.92,2.91,2.92, 1373
01/13/2020,01:34,2.92,2.92,2.92,2.92, 300
01/13/2020,01:38,2.91,2.91,2.91,2.91, 1523
01/13/2020,01:41,2.89,2.89,2.89,2.89, 1730
01/13/2020,01:43,2.88,2.88,2.88,2.88, 6424
01/13/2020,01:48,2.88,2.88,2.88,2.88, 10577
01/13/2020,01:49,2.85,2.85,2.85,2.85, 131
01/13/2020,02:00,2.85,2.85,2.84,2.84, 1655
01/13/2020,02:05,2.84,2.84,2.82,2.82, 3961
01/13/2020,02:05,2.82,2.82,2.82,2.82, 148
01/13/2020,02:07,2.82,2.82,2.82,2.82, 19
01/13/2020,02:10,2.82,2.82,2.82,2.82, 779
01/13/2020,02:13,2.82,2.82,2.82,2.82, 1000
01/13/2020,02:39,2.81,2.81,2.81,2.81, 141
01/13/2020,02:40,2.81,2.81,2.8,2.8, 3204
01/13/2020,02:45,2.8,2.81,2.8,2.81, 2255
01/13/2020,02:52,2.79,2.79,2.79,2.79, 3001
01/13/2020,03:09,2.79,2.79,2.77,2.78, 4271
01/13/2020,03:14,2.78,2.78,2.775,2.78, 4432
01/13/2020,03:17,2.775,2.78,2.775,2.78, 1718
01/13/2020,03:17,2.78,2.8,2.78,2.79, 6740
01/13/2020,03:18,2.82,2.82,2.82,2.82, 101
01/13/2020,03:23,2.8,2.8,2.79,2.79, 728
01/13/2020,03:23,2.79,2.79,2.79,2.79, 28
01/13/2020,03:26,2.78,2.78,2.78,2.78, 94
01/13/2020,03:33,2.76,2.76,2.76,2.76, 873
01/13/2020,03:41,2.76,2.76,2.76,2.76, 37
01/13/2020,03:42,2.78,2.78,2.78,2.78, 2234
01/13/2020,03:43,2.78,2.79,2.78,2.785, 3171
01/13/2020,03:47,2.785,2.82,2.785,2.82, 3065
01/13/2020,03:51,2.82,2.82,2.82,2.82, 10
01/13/2020,03:59,2.82,2.85,2.82,2.82, 3706
01/13/2020,04:04,2.84,2.84,2.84,2.84, 46
01/13/2020,04:17,2.84,2.84,2.84,2.84, 92
01/13/2020,04:25,2.825,2.825,2.825,2.825, 62
01/13/2020,04:36,2.81,2.81,2.81,2.81, 134
01/13/2020,04:38,2.84,2.84,2.84,2.84, 423
01/13/2020,04:38,2.825,2.825,2.825,2.825, 77
01/13/2020,04:48,2.82,2.82,2.82,2.82, 2832
01/13/2020,04:53,2.81,2.81,2.81,2.81, 3457
01/13/2020,04:56,2.8,2.8,2.8,2.8, 93
01/13/2020,05:00,2.8,2.8,2.8,2.8, 999
01/13/2020,05:06,2.8,2.8,2.8,2.8, 903
01/13/2020,05:09,2.8,2.8,2.79,2.79, 1346
01/13/2020,05:20,2.78,2.78,2.78,2.78, 71
01/13/2020,05:25,2.81,2.81,2.81,2.81, 88
01/13/2020,05:32,2.78,2.78,2.78,2.78, 112
01/13/2020,05:33,2.8,2.8,2.8,2.8, 74
01/13/2020,05:45,2.8,2.8,2.8,2.8, 123
01/13/2020,05:46,2.8,2.81,2.8,2.8, 9965
01/13/2020,05:47,2.8,2.8,2.8,2.8, 4
01/13/2020,05:49,2.8,2.8,2.8,2.8, 207
01/13/2020,05:54,2.8,2.8,2.8,2.8, 240
01/13/2020,05:57,2.8,2.8,2.8,2.8, 6
01/13/2020,05:59,2.78,2.78,2.78,2.78, 97
01/13/2020,06:00,2.78,2.78,2.77,2.77, 13578
01/13/2020,06:07,2.78,2.81,2.78,2.81, 14364
01/13/2020,06:09,2.78,2.78,2.78,2.78, 73
01/13/2020,06:12,2.77,2.77,2.77,2.77, 107
01/13/2020,06:15,2.77,2.77,2.77,2.77, 1332
01/13/2020,06:15,2.76,2.76,2.76,2.76, 5287
01/13/2020,06:18,2.76,2.77,2.76,2.77, 1540
01/13/2020,06:18,2.76,2.76,2.76,2.76, 50
01/13/2020,06:20,2.77,2.77,2.77,2.77, 26
01/13/2020,06:20,2.77,2.77,2.77,2.77, 42
01/13/2020,06:31,2.8,2.8,2.8,2.8, 27724
01/14/2020,00:25,2.83,2.83,2.82,2.83, 3745
01/14/2020,00:33,2.85,2.85,2.85,2.85, 2895
01/14/2020,00:35,2.83,2.83,2.83,2.83, 1429
01/14/2020,00:36,2.83,2.83,2.83,2.83, 1934
01/14/2020,00:43,2.84,2.84,2.84,2.84, 8496
01/14/2020,00:50,2.85,2.85,2.82,2.82, 11809
01/14/2020,00:55,2.87,2.87,2.87,2.87, 511
01/14/2020,00:55,2.88,2.88,2.88,2.88, 5000
01/14/2020,00:57,2.88,2.88,2.88,2.88, 15000
01/14/2020,01:12,2.89,2.89,2.89,2.89, 262
01/14/2020,01:21,2.88,2.89,2.88,2.88, 2838
01/14/2020,01:21,2.88,2.88,2.88,2.88, 505
01/14/2020,01:23,2.89,2.9,2.89,2.9, 4349
01/14/2020,01:29,2.9,2.92,2.9,2.92, 1743
01/14/2020,01:41,2.9,2.92,2.9,2.92, 1459
01/14/2020,01:56,2.92,2.92,2.92,2.92, 857
01/14/2020,02:04,2.9,2.9,2.9,2.9, 2151
01/14/2020,02:17,2.895,2.895,2.895,2.895, 20000
01/14/2020,02:18,2.9,2.9,2.9,2.9, 1125
01/14/2020,02:27,2.89,2.89,2.89,2.89, 5523
01/14/2020,02:39,2.88,2.88,2.88,2.88, 3892
01/14/2020,02:45,2.88,2.88,2.88,2.88, 2000
01/14/2020,02:57,2.88,2.88,2.88,2.88, 262
01/14/2020,03:14,2.88,2.88,2.88,2.88, 5000
01/14/2020,03:23,2.89,2.89,2.89,2.89, 540
01/14/2020,03:24,2.88,2.88,2.88,2.88, 2639
01/14/2020,03:25,2.88,2.89,2.88,2.89, 692
01/14/2020,03:29,2.89,2.89,2.89,2.89, 10
01/14/2020,03:37,2.89,2.89,2.89,2.89, 1
01/14/2020,03:44,2.88,2.88,2.88,2.88, 3054
01/14/2020,04:06,2.89,2.89,2.89,2.89, 95
01/14/2020,04:06,2.88,2.88,2.88,2.88, 899
01/14/2020,04:19,2.89,2.89,2.89,2.89, 93
01/14/2020,04:24,2.89,2.89,2.89,2.89, 494
01/14/2020,04:28,2.89,2.89,2.89,2.89, 2341
01/14/2020,04:32,2.89,2.89,2.89,2.89, 95
01/14/2020,04:35,2.88,2.88,2.88,2.88, 1265
01/14/2020,04:36,2.88,2.88,2.88,2.88, 939
01/14/2020,04:40,2.88,2.88,2.88,2.88, 2943
01/14/2020,04:41,2.88,2.88,2.88,2.88, 10733
01/14/2020,04:41,2.88,2.88,2.88,2.88, 1000
01/14/2020,04:44,2.88,2.88,2.88,2.88, 248
01/14/2020,04:46,2.88,2.88,2.88,2.88, 285
01/14/2020,04:50,2.88,2.88,2.88,2.88, 222
01/14/2020,04:50,2.88,2.88,2.88,2.88, 563
01/14/2020,04:57,2.88,2.88,2.88,2.88, 43
01/14/2020,05:03,2.88,2.88,2.88,2.88, 30001
01/14/2020,05:24,2.89,2.89,2.89,2.89, 98
01/14/2020,05:36,2.89,2.89,2.89,2.89, 109
01/14/2020,05:48,2.89,2.89,2.89,2.89, 111
01/14/2020,05:56,2.88,2.88,2.88,2.88, 2707
01/14/2020,05:58,2.88,2.88,2.88,2.88, 118
01/14/2020,06:03,2.88,2.88,2.88,2.88, 1560
01/14/2020,06:04,2.88,2.88,2.88,2.88, 1591
01/14/2020,06:06,2.88,2.88,2.88,2.88, 375
01/14/2020,06:07,2.88,2.88,2.88,2.88, 128
01/14/2020,06:11,2.88,2.88,2.88,2.88, 513
01/14/2020,06:14,2.89,2.89,2.89,2.89, 97
01/14/2020,06:15,2.89,2.89,2.89,2.89, 569
01/14/2020,06:17,2.88,2.88,2.88,2.88, 183
01/14/2020,06:18,2.88,2.88,2.88,2.88, 17
01/14/2020,06:19,2.88,2.9,2.87,2.88, 31397
01/14/2020,06:20,2.9,2.9,2.9,2.9, 46
01/14/2020,06:31,2.9,2.9,2.9,2.9, 9035
01/15/2020,00:25,2.9,2.9,2.89,2.89, 1034
01/15/2020,00:29,2.89,2.89,2.89,2.89, 328
01/15/2020,00:32,2.89,2.89,2.89,2.89, 254
01/15/2020,00:35,2.88,2.88,2.88,2.88, 2470
01/15/2020,00:51,2.88,2.88,2.88,2.88, 293
01/15/2020,01:12,2.89,2.89,2.89,2.89, 87
01/15/2020,01:29,2.89,2.89,2.89,2.89, 88
01/15/2020,01:36,2.89,2.89,2.89,2.89, 2803
01/15/2020,01:38,2.89,2.89,2.89,2.89, 85
01/15/2020,01:40,2.89,2.89,2.89,2.89, 102
01/15/2020,01:42,2.89,2.89,2.89,2.89, 50
01/15/2020,01:43,2.89,2.89,2.89,2.89, 40
01/15/2020,01:44,2.89,2.89,2.89,2.89, 34
01/15/2020,01:45,2.89,2.89,2.89,2.89, 37
01/15/2020,01:46,2.89,2.89,2.89,2.89, 36
01/15/2020,01:47,2.89,2.89,2.89,2.89, 45
01/15/2020,01:49,2.89,2.89,2.89,2.89, 45
01/15/2020,01:50,2.89,2.89,2.89,2.89, 30
01/15/2020,01:51,2.89,2.89,2.89,2.89, 42
01/15/2020,02:19,2.885,2.89,2.885,2.885, 177
01/15/2020,03:01,2.89,2.89,2.885,2.885, 206
01/15/2020,03:01,2.885,2.885,2.885,2.885, 291
01/15/2020,03:04,2.885,2.89,2.885,2.89, 248
01/15/2020,03:06,2.89,2.89,2.89,2.89, 45
01/15/2020,03:11,2.89,2.89,2.89,2.89, 18
01/15/2020,03:24,2.89,2.89,2.89,2.89, 1
01/15/2020,03:31,2.88,2.88,2.87,2.875, 8369
01/15/2020,03:32,2.88,2.88,2.88,2.88, 1223
01/15/2020,03:33,2.88,2.88,2.88,2.88, 1135
01/15/2020,03:34,2.88,2.88,2.88,2.88, 804
01/15/2020,03:35,2.88,2.88,2.88,2.88, 1905
01/15/2020,03:36,2.87,2.87,2.87,2.87, 1009
01/15/2020,03:39,2.87,2.87,2.87,2.87, 454
01/15/2020,03:40,2.87,2.87,2.87,2.87, 51
01/15/2020,03:45,2.87,2.87,2.87,2.87, 16
01/15/2020,03:45,2.87,2.875,2.87,2.87, 399
01/15/2020,03:47,2.88,2.88,2.87,2.88, 5406
01/15/2020,04:03,2.89,2.89,2.89,2.89, 54
01/15/2020,04:06,2.89,2.89,2.89,2.89, 1082
01/15/2020,04:11,2.89,2.89,2.89,2.89, 53
01/15/2020,04:13,2.89,2.89,2.89,2.89, 126
01/15/2020,04:18,2.89,2.89,2.88,2.88, 1593
01/15/2020,04:23,2.89,2.89,2.89,2.89, 119
01/15/2020,04:24,2.89,2.89,2.89,2.89, 87
01/15/2020,04:25,2.89,2.89,2.89,2.89, 278
01/15/2020,04:30,2.9,2.9,2.9,2.9, 1186
01/15/2020,04:37,2.9,2.9,2.9,2.9, 87
01/15/2020,04:49,2.9,2.9,2.9,2.9, 88
01/15/2020,04:56,2.9,2.9,2.9,2.9, 690
01/15/2020,05:01,2.9,2.9,2.9,2.9, 13374
01/15/2020,05:02,2.91,2.91,2.91,2.91, 90
01/15/2020,05:03,2.91,2.91,2.91,2.91, 569
01/15/2020,05:05,2.91,2.91,2.9,2.9, 2458
01/15/2020,05:06,2.91,2.91,2.91,2.91, 533
01/15/2020,05:09,2.91,2.91,2.91,2.91, 449
01/15/2020,05:10,2.91,2.91,2.905,2.905, 10054
01/15/2020,05:14,2.91,2.91,2.91,2.91, 163
01/15/2020,05:17,2.91,2.91,2.91,2.91, 444
01/15/2020,05:22,2.91,2.91,2.91,2.91, 13
01/15/2020,05:33,2.905,2.905,2.9,2.9, 4475
01/15/2020,05:36,2.9,2.9,2.9,2.9, 3663
01/15/2020,05:42,2.9,2.9,2.89,2.89, 8416
01/15/2020,05:48,2.89,2.905,2.89,2.9, 20862
01/15/2020,05:50,2.91,2.91,2.905,2.905, 1808
01/15/2020,05:51,2.905,2.905,2.905,2.905, 3
01/15/2020,05:52,2.91,2.91,2.91,2.91, 8783
01/15/2020,05:53,2.92,2.92,2.92,2.92, 1000
01/15/2020,06:06,2.93,2.93,2.92,2.92, 1629
01/15/2020,06:16,2.93,2.93,2.93,2.93, 75
01/15/2020,06:20,2.92,2.93,2.92,2.93, 772
01/15/2020,06:31,2.93,2.93,2.93,2.93, 1093
01/16/2020,00:25,2.85,2.86,2.85,2.85, 3929
01/16/2020,00:30,2.85,2.85,2.85,2.85, 1000
01/16/2020,00:32,2.86,2.86,2.86,2.86, 83
01/16/2020,00:37,2.84,2.84,2.84,2.84, 3420
01/16/2020,00:46,2.85,2.85,2.84,2.84, 4340
01/16/2020,01:03,2.87,2.87,2.87,2.87, 97
01/16/2020,01:06,2.82,2.82,2.79,2.79, 14038
01/16/2020,01:17,2.77,2.77,2.75,2.75, 16658
01/16/2020,01:17,2.79,2.79,2.79,2.79, 1130
01/16/2020,01:19,2.78,2.8,2.78,2.8, 10000
01/16/2020,01:34,2.8,2.8,2.8,2.8, 102
01/16/2020,01:38,2.8,2.8,2.8,2.8, 1286
01/16/2020,01:42,2.78,2.78,2.78,2.78, 7030
01/16/2020,01:57,2.795,2.81,2.795,2.81, 12089
01/16/2020,02:03,2.82,2.82,2.82,2.82, 2154
01/16/2020,02:07,2.82,2.82,2.82,2.82, 3975
01/16/2020,02:07,2.82,2.82,2.82,2.82, 25
01/16/2020,02:09,2.8,2.8,2.8,2.8, 157
01/16/2020,02:11,2.81,2.81,2.81,2.81, 1774
01/16/2020,02:40,2.8,2.8,2.8,2.8, 481
01/16/2020,02:44,2.8,2.8,2.8,2.8, 98
01/16/2020,02:47,2.8,2.8,2.79,2.79, 322
01/16/2020,03:05,2.795,2.795,2.795,2.795, 88
01/16/2020,03:17,2.795,2.8,2.795,2.8, 1200
01/16/2020,03:18,2.8,2.8,2.8,2.8, 5
01/16/2020,03:23,2.8,2.8,2.8,2.8, 10
01/16/2020,03:26,2.8,2.8,2.8,2.8, 88
01/16/2020,03:28,2.8,2.8,2.8,2.8, 1
01/16/2020,03:32,2.8,2.8,2.8,2.8, 1
01/16/2020,03:34,2.8,2.8,2.8,2.8, 28
01/16/2020,03:37,2.8,2.8,2.795,2.8, 6252
01/16/2020,03:40,2.81,2.81,2.81,2.81, 37
01/16/2020,03:43,2.81,2.81,2.81,2.81, 182
01/16/2020,03:46,2.815,2.815,2.815,2.815, 39
01/16/2020,03:48,2.815,2.815,2.815,2.815, 30
01/16/2020,03:54,2.815,2.815,2.815,2.815, 26
01/16/2020,03:55,2.815,2.815,2.815,2.815, 29
01/16/2020,03:56,2.815,2.815,2.815,2.815, 82
01/16/2020,03:57,2.815,2.815,2.815,2.815, 142
01/16/2020,03:59,2.81,2.81,2.8,2.8, 2330
01/16/2020,04:04,2.82,2.82,2.82,2.82, 25
01/16/2020,04:07,2.815,2.815,2.815,2.815, 33
01/16/2020,04:08,2.815,2.815,2.815,2.815, 111
01/16/2020,04:15,2.82,2.82,2.82,2.82, 72
01/16/2020,04:28,2.83,2.84,2.83,2.84, 391
01/16/2020,04:35,2.84,2.88,2.84,2.88, 4644
01/16/2020,04:36,2.88,2.88,2.88,2.88, 28
01/16/2020,04:37,2.86,2.86,2.86,2.86, 843
01/16/2020,04:43,2.88,2.88,2.88,2.88, 31
01/16/2020,04:44,2.88,2.88,2.88,2.88, 28
01/16/2020,04:47,2.87,2.87,2.87,2.87, 123
01/16/2020,04:51,2.88,2.88,2.84,2.86, 11866
01/16/2020,04:52,2.855,2.86,2.855,2.86, 409
01/16/2020,04:57,2.88,2.88,2.88,2.88, 2288
01/16/2020,04:59,2.88,2.88,2.88,2.88, 69
01/16/2020,05:00,2.88,2.88,2.88,2.88, 99
01/16/2020,05:01,2.88,2.88,2.88,2.88, 78
01/16/2020,05:02,2.88,2.88,2.88,2.88, 48
01/16/2020,05:03,2.88,2.88,2.88,2.88, 55
01/16/2020,05:04,2.88,2.88,2.88,2.88, 37
01/16/2020,05:05,2.88,2.88,2.88,2.88, 45
01/16/2020,05:06,2.88,2.88,2.88,2.88, 120
01/16/2020,05:07,2.88,2.88,2.88,2.88, 28
01/16/2020,05:08,2.88,2.88,2.88,2.88, 18
01/16/2020,05:09,2.88,2.88,2.88,2.88, 19
01/16/2020,05:10,2.88,2.88,2.88,2.88, 18
01/16/2020,05:11,2.88,2.88,2.88,2.88, 19
01/16/2020,05:12,2.88,2.88,2.88,2.88, 18
01/16/2020,05:13,2.88,2.88,2.88,2.88, 13
01/16/2020,05:14,2.88,2.88,2.88,2.88, 7
01/16/2020,05:19,2.88,2.88,2.88,2.88, 95
01/16/2020,05:20,2.88,2.88,2.88,2.88, 106
01/16/2020,05:22,2.89,2.89,2.89,2.89, 29
01/16/2020,05:27,2.89,2.89,2.89,2.89, 98
01/16/2020,05:27,2.89,2.89,2.89,2.89, 14
01/16/2020,05:28,2.89,2.89,2.89,2.89, 15
01/16/2020,05:29,2.89,2.89,2.89,2.89, 16
01/16/2020,05:30,2.89,2.89,2.89,2.89, 45
01/16/2020,05:31,2.89,2.89,2.89,2.89, 67
01/16/2020,05:33,2.89,2.89,2.89,2.89, 18
01/16/2020,05:34,2.89,2.89,2.89,2.89, 16
01/16/2020,05:35,2.89,2.89,2.89,2.89, 17
01/16/2020,05:35,2.89,2.89,2.89,2.89, 8
01/16/2020,05:36,2.89,2.89,2.89,2.89, 17
01/16/2020,05:37,2.89,2.89,2.89,2.89, 19
01/16/2020,05:38,2.89,2.89,2.89,2.89, 62
01/16/2020,05:39,2.89,2.89,2.89,2.89, 47
01/16/2020,05:40,2.89,2.89,2.89,2.89, 19
01/16/2020,05:41,2.89,2.89,2.89,2.89, 20
01/16/2020,05:42,2.89,2.89,2.89,2.89, 20
01/16/2020,05:43,2.89,2.89,2.89,2.89, 21
01/16/2020,05:44,2.89,2.89,2.89,2.89, 10
01/16/2020,05:46,2.89,2.89,2.89,2.89, 76
01/16/2020,05:47,2.88,2.88,2.88,2.88, 138
01/16/2020,05:55,2.88,2.88,2.88,2.88, 278
01/16/2020,05:56,2.88,2.88,2.88,2.88, 41
01/16/2020,06:04,2.88,2.88,2.87,2.88, 1579
01/16/2020,06:05,2.88,2.88,2.88,2.88, 123
01/16/2020,06:09,2.87,2.87,2.86,2.86, 3706
01/16/2020,06:15,2.86,2.86,2.86,2.86, 77
01/16/2020,06:18,2.86,2.86,2.86,2.86, 699
01/16/2020,06:19,2.85,2.85,2.84,2.85, 994
01/16/2020,06:20,2.85,2.85,2.85,2.85, 55
01/16/2020,06:31,2.84,2.84,2.84,2.84, 4225
01/17/2020,00:25,2.86,2.86,2.85,2.85, 211
01/17/2020,00:27,2.86,2.86,2.86,2.86, 2163
01/17/2020,00:30,2.86,2.86,2.86,2.86, 34500
01/17/2020,00:32,2.92,2.92,2.92,2.92, 54
01/17/2020,00:41,2.92,2.92,2.92,2.92, 1563
01/17/2020,00:46,2.92,2.92,2.92,2.92, 3900
01/17/2020,00:47,2.91,2.91,2.91,2.91, 380
01/17/2020,00:48,2.91,2.91,2.9,2.9, 2670
01/17/2020,00:50,2.89,2.89,2.89,2.89, 1057
01/17/2020,00:51,2.89,2.89,2.89,2.89, 2401
01/17/2020,00:53,2.9,2.9,2.9,2.9, 2621
01/17/2020,00:55,2.9,2.9,2.9,2.9, 26
01/17/2020,00:58,2.91,2.91,2.91,2.91, 2692
01/17/2020,01:01,2.9,2.9,2.9,2.9, 6538
01/17/2020,01:04,2.9,2.9,2.9,2.9, 4603
01/17/2020,01:07,2.91,2.91,2.91,2.91, 1464
01/17/2020,01:12,2.91,2.91,2.91,2.91, 6351
01/17/2020,01:19,2.91,2.91,2.91,2.91, 500
01/17/2020,01:21,2.91,2.91,2.91,2.91, 172
01/17/2020,01:25,2.91,2.91,2.9,2.9, 1293
01/17/2020,01:29,2.91,2.91,2.9,2.9, 69
01/17/2020,01:40,2.9,2.9,2.88,2.9, 7702
01/17/2020,01:46,2.9,2.9,2.9,2.9, 65
01/17/2020,01:49,2.91,2.91,2.9,2.9, 3463
01/17/2020,01:52,2.91,2.91,2.9,2.9, 1124
01/17/2020,01:52,2.91,2.91,2.91,2.91, 10087
01/17/2020,01:58,2.92,2.92,2.92,2.92, 3697
01/17/2020,02:02,2.92,2.92,2.92,2.92, 783
01/17/2020,02:06,2.92,2.92,2.92,2.92, 1391
01/17/2020,02:09,2.92,2.92,2.92,2.92, 1204
01/17/2020,02:12,2.92,2.92,2.92,2.92, 2033
01/17/2020,02:14,2.92,2.92,2.92,2.92, 5774
01/17/2020,02:34,2.93,2.93,2.91,2.91, 4868
01/17/2020,02:36,2.91,2.91,2.91,2.91, 5778
01/17/2020,02:41,2.91,2.91,2.91,2.91, 2469
01/17/2020,02:45,2.91,2.91,2.91,2.91, 1221
01/17/2020,02:54,2.9,2.9,2.9,2.9, 5644
01/17/2020,02:58,2.9,2.9,2.9,2.9, 912
01/17/2020,03:10,2.91,2.91,2.91,2.91, 862
01/17/2020,03:13,2.91,2.91,2.91,2.91, 9
01/17/2020,03:15,2.91,2.91,2.91,2.91, 4719
01/17/2020,03:16,2.92,2.92,2.92,2.92, 121
01/17/2020,03:18,2.92,2.92,2.92,2.92, 354
01/17/2020,03:21,2.91,2.91,2.9,2.9, 23147
01/17/2020,03:25,2.89,2.89,2.89,2.89, 2554
01/17/2020,03:45,2.9,2.9,2.9,2.9, 4
01/17/2020,03:47,2.9,2.9,2.9,2.9, 1174
01/17/2020,03:48,2.9,2.9,2.9,2.9, 21
01/17/2020,03:50,2.9,2.9,2.9,2.9, 3731
01/17/2020,03:56,2.9,2.9,2.9,2.9, 95
01/17/2020,04:08,2.9,2.9,2.9,2.9, 1090
01/17/2020,04:13,2.9,2.9,2.9,2.9, 851
01/17/2020,04:16,2.9,2.9,2.9,2.9, 45
01/17/2020,04:18,2.9,2.9,2.9,2.9, 400
01/17/2020,04:24,2.9,2.9,2.9,2.9, 290
01/17/2020,04:26,2.9,2.9,2.9,2.9, 50
01/17/2020,04:30,2.9,2.9,2.9,2.9, 613
01/17/2020,04:31,2.9,2.9,2.9,2.9, 67
01/17/2020,04:35,2.9,2.9,2.9,2.9, 55
01/17/2020,04:36,2.9,2.9,2.9,2.9, 525
01/17/2020,04:39,2.9,2.9,2.9,2.9, 1630
01/17/2020,04:43,2.9,2.9,2.9,2.9, 951
01/17/2020,04:45,2.9,2.9,2.9,2.9, 57
01/17/2020,04:47,2.89,2.89,2.89,2.89, 1019
01/17/2020,04:51,2.89,2.89,2.88,2.88, 9848
01/17/2020,04:53,2.88,2.88,2.87,2.88, 14752
01/17/2020,04:56,2.88,2.88,2.88,2.88, 7572
01/17/2020,04:57,2.88,2.88,2.88,2.88, 9236
01/17/2020,05:01,2.88,2.88,2.88,2.88, 49
01/17/2020,05:02,2.88,2.88,2.88,2.88, 2926
01/17/2020,05:09,2.88,2.88,2.88,2.88, 1348
01/17/2020,05:10,2.88,2.88,2.88,2.88, 6
01/17/2020,05:13,2.88,2.9,2.88,2.9, 9622
01/17/2020,05:14,2.89,2.89,2.88,2.88, 7662
01/17/2020,05:21,2.89,2.89,2.89,2.89, 71
01/17/2020,05:24,2.89,2.89,2.89,2.89, 585
01/17/2020,05:26,2.89,2.89,2.89,2.89, 36
01/17/2020,05:33,2.9,2.9,2.9,2.9, 1034
01/17/2020,05:34,2.895,2.895,2.89,2.895, 4315
01/17/2020,05:35,2.895,2.895,2.88,2.88, 1598
01/17/2020,05:41,2.89,2.89,2.88,2.88, 355
01/17/2020,05:43,2.88,2.88,2.88,2.88, 9380
01/17/2020,05:44,2.875,2.875,2.875,2.875, 1400
01/17/2020,05:46,2.88,2.88,2.88,2.88, 2357
01/17/2020,05:47,2.88,2.88,2.88,2.88, 178
01/17/2020,05:50,2.89,2.89,2.89,2.89, 56
01/17/2020,05:54,2.89,2.89,2.89,2.89, 26
01/17/2020,05:58,2.89,2.9,2.89,2.9, 3792
01/17/2020,06:01,2.89,2.89,2.86,2.86, 28240
01/17/2020,06:02,2.88,2.88,2.88,2.88, 3319
01/17/2020,06:03,2.88,2.88,2.88,2.88, 1207
01/17/2020,06:07,2.88,2.89,2.87,2.88, 5691
01/17/2020,06:09,2.89,2.89,2.89,2.89, 12
01/17/2020,06:12,2.89,2.89,2.89,2.89, 83
01/17/2020,06:14,2.89,2.9,2.89,2.9, 38388
01/17/2020,06:15,2.89,2.89,2.875,2.875, 25158
01/17/2020,06:15,2.88,2.88,2.88,2.88, 57
01/17/2020,06:19,2.88,2.88,2.88,2.88, 9717
01/17/2020,06:20,2.88,2.9,2.88,2.9, 3975
01/17/2020,06:31,2.91,2.91,2.91,2.91, 2478
01/20/2020,00:25,2.9,2.9,2.9,2.9, 1999
01/20/2020,00:25,2.89,2.9,2.89,2.9, 14298
01/20/2020,00:59,2.88,2.88,2.85,2.85, 3922
01/20/2020,01:02,2.84,2.84,2.83,2.83, 1138
01/20/2020,01:07,2.83,2.83,2.82,2.82, 727
01/20/2020,01:23,2.82,2.86,2.81,2.81, 14423
01/20/2020,01:49,2.81,2.81,2.8,2.8, 4980
01/20/2020,02:05,2.8,2.8,2.79,2.79, 5805
01/20/2020,02:16,2.8,2.81,2.79,2.8, 734
01/20/2020,02:16,2.81,2.81,2.81,2.81, 24
01/20/2020,02:19,2.81,2.82,2.8,2.82, 2536
01/20/2020,02:22,2.81,2.81,2.8,2.8, 8
01/20/2020,02:30,2.81,2.81,2.81,2.81, 4398
01/20/2020,02:31,2.82,2.82,2.8,2.8, 103
01/20/2020,02:46,2.81,2.81,2.8,2.81, 2453
01/20/2020,02:49,2.81,2.81,2.8,2.81, 1295
01/20/2020,02:57,2.81,2.82,2.8,2.82, 8255
01/20/2020,03:02,2.82,2.82,2.81,2.81, 1195
01/20/2020,03:10,2.82,2.83,2.82,2.83, 1295
01/20/2020,03:13,2.83,2.83,2.83,2.83, 4
01/20/2020,03:17,2.83,2.84,2.83,2.84, 6663
01/20/2020,03:21,2.84,2.84,2.84,2.84, 36
01/20/2020,03:25,2.84,2.84,2.84,2.84, 4418
01/20/2020,03:39,2.85,2.85,2.85,2.85, 110
01/20/2020,03:46,2.845,2.845,2.845,2.845, 400
01/20/2020,03:47,2.85,2.85,2.83,2.83, 4291
01/20/2020,03:49,2.84,2.84,2.84,2.84, 122
01/20/2020,03:55,2.84,2.84,2.84,2.84, 41
01/20/2020,03:57,2.84,2.84,2.84,2.84, 75
01/20/2020,04:06,2.84,2.85,2.84,2.85, 3099
01/20/2020,04:07,2.85,2.85,2.85,2.85, 17
01/20/2020,04:15,2.85,2.85,2.84,2.84, 52
01/20/2020,04:19,2.85,2.85,2.83,2.83, 11825
01/20/2020,04:27,2.85,2.85,2.85,2.85, 10
01/20/2020,04:30,2.85,2.87,2.85,2.87, 8271
01/20/2020,04:36,2.87,2.87,2.86,2.86, 168
01/20/2020,04:54,2.86,2.86,2.86,2.86, 59
01/20/2020,04:56,2.85,2.85,2.83,2.84, 3549
01/20/2020,04:56,2.83,2.83,2.83,2.83, 598
01/20/2020,05:05,2.84,2.84,2.84,2.84, 7
01/20/2020,05:13,2.84,2.84,2.84,2.84, 1
01/20/2020,05:15,2.84,2.87,2.84,2.87, 4665
01/20/2020,05:15,2.86,2.86,2.86,2.86, 36
01/20/2020,05:22,2.87,2.87,2.87,2.87, 91
01/20/2020,05:23,2.87,2.87,2.87,2.87, 2066
01/20/2020,05:30,2.87,2.87,2.87,2.87, 76
01/20/2020,05:33,2.85,2.85,2.85,2.85, 1522
01/20/2020,05:37,2.87,2.87,2.87,2.87, 66
01/20/2020,05:42,2.87,2.87,2.87,2.87, 54
01/20/2020,05:45,2.87,2.87,2.87,2.87, 3000
01/20/2020,05:47,2.87,2.87,2.87,2.87, 3265
01/20/2020,05:47,2.88,2.88,2.88,2.88, 49
01/20/2020,05:48,2.88,2.88,2.88,2.88, 6
01/20/2020,05:51,2.88,2.88,2.88,2.88, 9
01/20/2020,05:52,2.88,2.88,2.88,2.88, 46
01/20/2020,05:53,2.88,2.88,2.88,2.88, 6
01/20/2020,05:56,2.88,2.88,2.88,2.88, 49
01/20/2020,05:58,2.88,2.88,2.88,2.88, 4
01/20/2020,06:00,2.88,2.88,2.88,2.88, 42
01/20/2020,06:01,2.88,2.88,2.88,2.88, 6
01/20/2020,06:03,2.88,2.88,2.88,2.88, 4
01/20/2020,06:04,2.88,2.88,2.88,2.88, 42
01/20/2020,06:07,2.88,2.88,2.88,2.88, 59
01/20/2020,06:08,2.88,2.88,2.88,2.88, 5
01/20/2020,06:10,2.88,2.88,2.88,2.88, 41
01/20/2020,06:11,2.88,2.88,2.88,2.88, 4
01/20/2020,06:13,2.88,2.88,2.88,2.88, 41
01/20/2020,06:13,2.88,2.88,2.88,2.88, 5
01/20/2020,06:16,2.88,2.88,2.88,2.88, 55
01/20/2020,06:18,2.88,2.88,2.88,2.88, 104
01/20/2020,06:20,2.88,2.88,2.88,2.88, 53
01/20/2020,06:20,2.88,2.88,2.88,2.88, 34
01/20/2020,06:31,2.86,2.86,2.86,2.86, 3452
01/21/2020,00:34,2.86,2.88,2.85,2.86, 13474
01/21/2020,00:35,2.88,2.88,2.88,2.88, 5307
01/21/2020,00:39,2.89,2.92,2.89,2.91, 45619
01/21/2020,00:40,2.93,2.93,2.93,2.93, 7462
01/21/2020,00:42,2.94,2.94,2.94,2.94, 7897
01/21/2020,00:44,2.93,2.93,2.93,2.93, 5500
01/21/2020,00:45,2.92,2.92,2.92,2.92, 4617
01/21/2020,00:54,2.92,2.92,2.92,2.92, 12
01/21/2020,00:55,2.92,2.92,2.92,2.92, 2
01/21/2020,00:56,2.92,2.92,2.92,2.92, 1
01/21/2020,00:57,2.92,2.92,2.92,2.92, 1
01/21/2020,00:58,2.92,2.92,2.92,2.92, 1
01/21/2020,00:59,2.92,2.92,2.92,2.92, 1
01/21/2020,01:00,2.92,2.92,2.92,2.92, 1
01/21/2020,01:06,2.91,2.91,2.91,2.91, 270
01/21/2020,01:07,2.92,2.92,2.92,2.92, 3
01/21/2020,01:08,2.92,2.92,2.92,2.92, 1
01/21/2020,01:10,2.92,2.92,2.92,2.92, 3
01/21/2020,01:12,2.91,2.915,2.9,2.9, 12498
01/21/2020,01:23,2.9,2.9,2.9,2.9, 3
01/21/2020,01:26,2.9,2.91,2.9,2.9, 10579
01/21/2020,01:30,2.9,2.9,2.9,2.9, 5688
01/21/2020,01:32,2.89,2.89,2.89,2.89, 3997
01/21/2020,01:37,2.9,2.9,2.9,2.9, 1208
01/21/2020,01:42,2.91,2.91,2.91,2.91, 699
01/21/2020,01:46,2.91,2.91,2.91,2.91, 1301
01/21/2020,01:47,2.915,2.915,2.91,2.91, 4999
01/21/2020,01:51,2.905,2.905,2.9,2.9, 11361
01/21/2020,01:52,2.9,2.9,2.9,2.9, 1999
01/21/2020,01:59,2.905,2.905,2.9,2.9, 1805
01/21/2020,02:08,2.91,2.91,2.91,2.91, 1999
01/21/2020,02:15,2.91,2.91,2.91,2.91, 5
01/21/2020,02:23,2.91,2.91,2.91,2.91, 3
01/21/2020,02:26,2.91,2.91,2.91,2.91, 3
01/21/2020,02:27,2.9,2.91,2.9,2.9, 8732
01/21/2020,02:28,2.9,2.92,2.9,2.9, 5872
01/21/2020,02:36,2.91,2.92,2.9,2.9, 6682
01/21/2020,02:39,2.9,2.9,2.9,2.9, 3804
01/21/2020,02:40,2.9,2.9,2.9,2.9, 4999
01/21/2020,02:40,2.9,2.9,2.9,2.9, 5000
01/21/2020,02:55,2.89,2.89,2.89,2.89, 9895
01/21/2020,03:05,2.885,2.885,2.885,2.885, 4
01/21/2020,03:05,2.885,2.885,2.885,2.885, 2
01/21/2020,03:09,2.885,2.885,2.885,2.885, 2
01/21/2020,03:11,2.88,2.89,2.85,2.89, 37062
01/21/2020,03:12,2.85,2.87,2.85,2.86, 5260
01/21/2020,03:14,2.85,2.85,2.84,2.84, 1041
01/21/2020,03:23,2.87,2.87,2.87,2.87, 790
01/21/2020,03:29,2.86,2.86,2.86,2.86, 175
01/21/2020,03:33,2.85,2.85,2.85,2.85, 3430
01/21/2020,03:48,2.85,2.85,2.85,2.85, 5210
01/21/2020,03:49,2.85,2.85,2.85,2.85, 7919
01/21/2020,03:57,2.85,2.85,2.85,2.85, 5900
01/21/2020,03:58,2.85,2.85,2.85,2.85, 5000
01/21/2020,04:08,2.86,2.86,2.85,2.85, 5315
01/21/2020,04:16,2.855,2.855,2.85,2.85, 400
01/21/2020,04:21,2.855,2.855,2.855,2.855, 17
01/21/2020,04:22,2.85,2.85,2.85,2.85, 133
01/21/2020,04:33,2.86,2.86,2.85,2.85, 74
01/21/2020,04:37,2.85,2.85,2.85,2.85, 22
01/21/2020,04:42,2.85,2.85,2.85,2.85, 26
01/21/2020,04:47,2.85,2.85,2.85,2.85, 26
01/21/2020,04:52,2.85,2.85,2.85,2.85, 2865
01/21/2020,04:56,2.855,2.855,2.85,2.85, 62
01/21/2020,04:57,2.86,2.86,2.86,2.86, 27
01/21/2020,05:01,2.85,2.85,2.84,2.84, 7963
01/21/2020,05:04,2.84,2.84,2.84,2.84, 3
01/21/2020,05:06,2.85,2.85,2.84,2.84, 24
01/21/2020,05:08,2.84,2.84,2.84,2.84, 5
01/21/2020,05:10,2.85,2.85,2.85,2.85, 27
01/21/2020,05:11,2.84,2.84,2.84,2.84, 3
01/21/2020,05:14,2.84,2.84,2.84,2.84, 9
01/21/2020,05:15,2.85,2.85,2.85,2.85, 27
01/21/2020,05:20,2.85,2.85,2.85,2.85, 28
01/21/2020,05:25,2.85,2.85,2.85,2.85, 28
01/21/2020,05:30,2.85,2.85,2.84,2.84, 30
01/21/2020,05:31,2.85,2.85,2.85,2.85, 244
01/21/2020,05:34,2.85,2.85,2.85,2.85, 28
01/21/2020,05:39,2.85,2.85,2.85,2.85, 29
01/21/2020,05:41,2.84,2.84,2.84,2.84, 4
01/21/2020,05:43,2.85,2.85,2.85,2.85, 28
01/21/2020,05:47,2.84,2.84,2.84,2.84, 9
01/21/2020,05:47,2.85,2.85,2.85,2.85, 30
01/21/2020,05:50,2.84,2.85,2.83,2.85, 12011
01/21/2020,05:51,2.85,2.85,2.84,2.84, 19510
01/21/2020,05:52,2.85,2.85,2.85,2.85, 30
01/21/2020,05:56,2.85,2.86,2.85,2.85, 35696
01/21/2020,06:00,2.86,2.86,2.86,2.86, 656
01/21/2020,06:03,2.89,2.89,2.89,2.89, 32
01/21/2020,06:06,2.88,2.88,2.88,2.88, 1000
01/21/2020,06:07,2.89,2.89,2.88,2.88, 376
01/21/2020,06:08,2.875,2.875,2.87,2.87, 2800
01/21/2020,06:10,2.88,2.88,2.88,2.88, 9
01/21/2020,06:11,2.88,2.88,2.88,2.88, 26
01/21/2020,06:12,2.88,2.88,2.88,2.88, 16
01/21/2020,06:13,2.88,2.88,2.88,2.88, 58
01/21/2020,06:14,2.88,2.88,2.88,2.88, 24
01/21/2020,06:15,2.88,2.88,2.88,2.88, 17
01/21/2020,06:16,2.88,2.88,2.87,2.87, 1661
01/21/2020,06:17,2.87,2.87,2.87,2.87, 38
01/21/2020,06:18,2.87,2.88,2.87,2.87, 2703
01/21/2020,06:19,2.87,2.87,2.87,2.87, 1782
01/21/2020,06:20,2.87,2.88,2.87,2.88, 618
01/21/2020,06:20,2.88,2.88,2.88,2.88, 17
01/21/2020,06:32,2.86,2.86,2.86,2.86, 255
01/22/2020,00:28,2.9,2.9,2.9,2.9, 2472
01/22/2020,00:30,2.9,2.93,2.9,2.93, 4307
01/22/2020,00:31,2.94,2.94,2.94,2.94, 350
01/22/2020,00:32,2.94,2.96,2.94,2.96, 14054
01/22/2020,00:36,2.95,2.95,2.94,2.94, 977
01/22/2020,00:37,2.95,2.96,2.95,2.96, 8557
01/22/2020,00:38,2.97,2.97,2.96,2.96, 5561
01/22/2020,00:42,2.96,2.96,2.96,2.96, 452
01/22/2020,00:46,2.96,2.96,2.95,2.95, 2239
01/22/2020,00:48,2.96,2.96,2.96,2.96, 400
01/22/2020,00:51,2.95,2.95,2.95,2.95, 2659
01/22/2020,00:53,2.945,2.945,2.94,2.94, 613
01/22/2020,00:54,2.95,2.95,2.95,2.95, 5341
01/22/2020,01:00,2.96,2.98,2.96,2.98, 14824
01/22/2020,01:03,2.98,2.98,2.98,2.98, 500
01/22/2020,01:05,2.99,2.99,2.99,2.99, 4137
01/22/2020,01:08,2.99,2.99,2.99,2.99, 107
01/22/2020,01:11,2.99,3,2.99,3, 25484
01/22/2020,01:11,3,3.02,3,3.02, 16104
01/22/2020,01:16,3.02,3.02,2.99,2.99, 6032
01/22/2020,01:17,3.02,3.02,3.02,3.02, 2000
01/22/2020,01:25,3,3,2.98,2.98, 4775
01/22/2020,01:30,2.98,2.98,2.98,2.98, 628
01/22/2020,01:33,2.97,2.97,2.97,2.97, 1224
01/22/2020,01:34,2.97,2.98,2.97,2.98, 997
01/22/2020,01:35,2.97,2.97,2.97,2.97, 75
01/22/2020,01:40,2.98,3,2.98,3, 7700
01/22/2020,01:52,2.99,2.99,2.99,2.99, 2079
01/22/2020,01:52,3,3,2.99,2.99, 861
01/22/2020,01:58,2.98,2.98,2.97,2.97, 3596
01/22/2020,02:07,2.98,2.98,2.98,2.98, 2006
01/22/2020,02:12,2.97,2.97,2.97,2.97, 1119
01/22/2020,02:13,2.97,2.97,2.97,2.97, 476
01/22/2020,02:25,2.98,2.98,2.98,2.98, 14303
01/22/2020,02:31,2.99,2.99,2.99,2.99, 99
01/22/2020,02:33,2.99,2.99,2.98,2.98, 5115
01/22/2020,02:55,2.98,2.98,2.98,2.98, 699
01/22/2020,02:55,2.98,2.98,2.98,2.98, 843
01/22/2020,03:10,2.98,2.98,2.98,2.98, 1515
01/22/2020,03:10,2.98,2.98,2.98,2.98, 123
01/22/2020,03:23,2.98,2.98,2.97,2.97, 3466
01/22/2020,03:24,2.97,2.97,2.97,2.97, 1279
01/22/2020,03:30,2.97,2.97,2.97,2.97, 23
01/22/2020,03:35,2.97,2.97,2.97,2.97, 2647
01/22/2020,03:38,2.97,2.97,2.97,2.97, 2600
01/22/2020,03:45,2.98,2.98,2.98,2.98, 46
01/22/2020,03:52,2.98,2.98,2.98,2.98, 40
01/22/2020,03:57,2.97,2.97,2.97,2.97, 2356
01/22/2020,04:08,2.97,2.98,2.97,2.98, 1045
01/22/2020,04:11,2.96,2.96,2.96,2.96, 3300
01/22/2020,04:23,2.96,2.96,2.96,2.96, 236
01/22/2020,04:30,2.96,2.96,2.96,2.96, 42
01/22/2020,04:34,2.95,2.95,2.94,2.95, 10891
01/22/2020,04:36,2.95,2.95,2.95,2.95, 2195
01/22/2020,04:36,2.95,2.95,2.95,2.95, 3054
01/22/2020,04:44,2.95,2.95,2.95,2.95, 769
01/22/2020,04:55,2.95,2.95,2.95,2.95, 371
01/22/2020,04:58,2.95,2.97,2.95,2.97, 738
01/22/2020,05:04,2.97,2.97,2.97,2.97, 41
01/22/2020,05:07,2.97,2.97,2.97,2.97, 307
01/22/2020,05:11,2.97,2.99,2.97,2.99, 9686
01/22/2020,05:12,2.98,2.98,2.97,2.97, 4007
01/22/2020,05:17,2.96,2.97,2.96,2.97, 517
01/22/2020,05:24,2.97,2.97,2.97,2.97, 8
01/22/2020,05:26,2.96,2.96,2.95,2.95, 1488
01/22/2020,05:34,2.95,2.96,2.95,2.95, 1061
01/22/2020,05:39,2.95,2.95,2.95,2.95, 262
01/22/2020,05:42,2.95,2.96,2.95,2.95, 2556
01/22/2020,05:47,2.95,2.96,2.95,2.95, 1946
01/22/2020,05:59,2.95,2.97,2.95,2.96, 8944
01/22/2020,05:59,2.96,2.97,2.96,2.96, 4425
01/22/2020,06:01,2.97,2.97,2.97,2.97, 94
01/22/2020,06:01,2.97,2.97,2.97,2.97, 22
01/22/2020,06:02,2.97,2.97,2.97,2.97, 123
01/22/2020,06:04,2.97,2.97,2.97,2.97, 70
01/22/2020,06:05,2.96,2.96,2.95,2.95, 4088
01/22/2020,06:06,2.96,2.96,2.96,2.96, 64
01/22/2020,06:07,2.96,2.96,2.96,2.96, 64
01/22/2020,06:09,2.96,2.96,2.96,2.96, 104
01/22/2020,06:09,2.96,2.96,2.96,2.96, 64
01/22/2020,06:11,2.96,2.96,2.96,2.96, 150
01/22/2020,06:11,2.96,2.96,2.96,2.96, 103
01/22/2020,06:13,2.96,2.96,2.96,2.96, 113
01/22/2020,06:13,2.96,2.96,2.96,2.96, 62
01/22/2020,06:15,2.96,2.96,2.96,2.96, 65
01/22/2020,06:16,2.96,2.96,2.96,2.96, 95
01/22/2020,06:17,2.96,2.96,2.96,2.96, 250
01/22/2020,06:18,2.96,2.96,2.96,2.96, 90
01/22/2020,06:19,2.96,2.96,2.96,2.96, 91
01/22/2020,06:19,2.96,2.96,2.96,2.96, 17
01/22/2020,06:20,2.96,2.96,2.96,2.96, 40
01/22/2020,06:32,2.95,2.95,2.95,2.95, 11228
01/23/2020,00:25,2.97,2.97,2.94,2.94, 16128
01/23/2020,00:46,2.93,2.93,2.93,2.93, 283
01/23/2020,00:46,2.93,2.93,2.93,2.93, 1500
01/23/2020,01:13,2.93,2.93,2.92,2.93, 3250
01/23/2020,01:25,2.94,2.94,2.94,2.94, 1
01/23/2020,01:53,2.91,2.91,2.88,2.88, 5175
01/23/2020,01:53,2.88,2.88,2.88,2.88, 504
01/23/2020,02:12,2.87,2.87,2.87,2.87, 3130
01/23/2020,02:22,2.87,2.89,2.87,2.89, 577
01/23/2020,02:34,2.88,2.88,2.88,2.88, 114
01/23/2020,03:28,2.89,2.89,2.88,2.88, 2140
01/23/2020,03:30,2.88,2.88,2.88,2.88, 998
01/23/2020,03:33,2.88,2.88,2.88,2.88, 1234
01/23/2020,03:41,2.89,2.89,2.89,2.89, 44
01/23/2020,03:49,2.89,2.89,2.89,2.89, 46
01/23/2020,03:57,2.89,2.89,2.89,2.89, 46
01/23/2020,04:05,2.89,2.89,2.89,2.89, 47
01/23/2020,04:13,2.88,2.88,2.88,2.88, 48
01/23/2020,04:16,2.87,2.87,2.87,2.87, 390
01/23/2020,04:24,2.87,2.87,2.87,2.87, 29
01/23/2020,04:33,2.86,2.86,2.85,2.85, 3588
01/23/2020,04:40,2.86,2.86,2.86,2.86, 44
01/23/2020,04:49,2.86,2.86,2.86,2.86, 52
01/23/2020,04:58,2.86,2.86,2.86,2.86, 55
01/23/2020,05:06,2.86,2.86,2.86,2.86, 55
01/23/2020,05:15,2.86,2.86,2.86,2.86, 58
01/23/2020,05:23,2.85,2.85,2.85,2.85, 58
01/23/2020,05:24,2.84,2.84,2.84,2.84, 3508
01/23/2020,05:32,2.84,2.84,2.84,2.84, 2890
01/23/2020,05:40,2.85,2.85,2.85,2.85, 64
01/23/2020,05:48,2.85,2.85,2.85,2.85, 61
01/23/2020,05:54,2.84,2.85,2.84,2.85, 34
01/23/2020,06:01,2.85,2.85,2.85,2.85, 90
01/23/2020,06:04,2.84,2.84,2.84,2.84, 522
01/23/2020,06:07,2.84,2.84,2.84,2.84, 576
01/23/2020,06:09,2.84,2.84,2.84,2.84, 1122
01/23/2020,06:12,2.85,2.85,2.85,2.85, 60
01/23/2020,06:16,2.85,2.85,2.85,2.85, 61
01/23/2020,06:17,2.85,2.85,2.85,2.85, 26
01/23/2020,06:19,2.84,2.85,2.84,2.85, 119
01/23/2020,06:20,2.84,2.84,2.84,2.84, 30
01/23/2020,06:31,2.84,2.84,2.84,2.84, 2168
01/24/2020,00:25,2.85,2.85,2.85,2.85, 731
01/24/2020,00:31,2.88,2.88,2.87,2.87, 5167
01/24/2020,00:33,2.86,2.86,2.85,2.85, 4470
01/24/2020,00:41,2.85,2.85,2.85,2.85, 5000
01/24/2020,00:48,2.84,2.84,2.83,2.83, 4319
01/24/2020,00:50,2.82,2.82,2.82,2.82, 6750
01/24/2020,00:51,2.8,2.8,2.8,2.8, 10000
01/24/2020,00:53,2.79,2.79,2.79,2.79, 524
01/24/2020,00:54,2.79,2.8,2.79,2.8, 7163
01/24/2020,01:01,2.8,2.8,2.8,2.8, 6013
01/24/2020,01:01,2.81,2.81,2.81,2.81, 2500
01/24/2020,01:09,2.82,2.82,2.82,2.82, 5654
01/24/2020,01:19,2.82,2.82,2.82,2.82, 1462
01/24/2020,01:23,2.82,2.83,2.82,2.83, 4086
01/24/2020,01:23,2.82,2.83,2.82,2.83, 610
01/24/2020,01:26,2.83,2.83,2.83,2.83, 1687
01/24/2020,01:42,2.83,2.84,2.83,2.84, 1020
01/24/2020,02:05,2.82,2.83,2.82,2.82, 1509
01/24/2020,02:10,2.82,2.82,2.82,2.82, 84
01/24/2020,02:21,2.81,2.81,2.81,2.81, 7912
01/24/2020,02:43,2.81,2.81,2.81,2.81, 140
01/24/2020,02:46,2.81,2.81,2.81,2.81, 968
01/24/2020,03:25,2.81,2.81,2.81,2.81, 25
01/24/2020,03:28,2.81,2.81,2.81,2.81, 62
01/24/2020,03:30,2.82,2.82,2.82,2.82, 9
01/24/2020,03:35,2.81,2.81,2.81,2.81, 546
01/24/2020,03:37,2.82,2.82,2.82,2.82, 61
01/24/2020,03:44,2.82,2.82,2.82,2.82, 16
01/24/2020,03:51,2.82,2.82,2.82,2.82, 1
01/24/2020,03:56,2.81,2.81,2.81,2.81, 267
01/24/2020,03:58,2.82,2.82,2.82,2.82, 44
01/24/2020,04:10,2.81,2.82,2.81,2.82, 566
01/24/2020,04:13,2.82,2.82,2.82,2.82, 18
01/24/2020,04:20,2.81,2.81,2.81,2.81, 732
01/24/2020,04:21,2.82,2.82,2.82,2.82, 130
01/24/2020,04:28,2.81,2.82,2.81,2.82, 301
01/24/2020,04:29,2.82,2.82,2.82,2.82, 34
01/24/2020,04:32,2.81,2.81,2.81,2.81, 200
01/24/2020,04:35,2.81,2.81,2.81,2.81, 144
01/24/2020,04:37,2.82,2.82,2.82,2.82, 38
01/24/2020,04:41,2.81,2.81,2.81,2.81, 413
01/24/2020,04:43,2.82,2.82,2.82,2.82, 16
01/24/2020,04:45,2.82,2.82,2.82,2.82, 48
01/24/2020,04:48,2.81,2.81,2.81,2.81, 273
01/24/2020,04:52,2.82,2.82,2.82,2.82, 30
01/24/2020,04:55,2.81,2.81,2.81,2.81, 409
01/24/2020,05:00,2.82,2.82,2.82,2.82, 46
01/24/2020,05:03,2.81,2.81,2.81,2.81, 216
01/24/2020,05:08,2.82,2.82,2.82,2.82, 24
01/24/2020,05:15,2.81,2.81,2.81,2.81, 3336
01/24/2020,05:22,2.8,2.8,2.8,2.8, 263
01/24/2020,05:23,2.81,2.81,2.81,2.81, 54
01/24/2020,05:31,2.81,2.81,2.81,2.81, 57
01/24/2020,05:32,2.81,2.81,2.8,2.8, 1244
01/24/2020,05:39,2.81,2.81,2.81,2.81, 58
01/24/2020,05:43,2.8,2.8,2.8,2.8, 429
01/24/2020,05:47,2.81,2.81,2.81,2.81, 60
01/24/2020,05:50,2.8,2.8,2.8,2.8, 472
01/24/2020,05:53,2.8,2.81,2.8,2.81, 1026
01/24/2020,05:54,2.81,2.81,2.8,2.8, 249
01/24/2020,05:57,2.8,2.8,2.8,2.8, 203
01/24/2020,05:58,2.8,2.8,2.8,2.8, 1552
01/24/2020,06:00,2.8,2.8,2.8,2.8, 5183
01/24/2020,06:01,2.81,2.81,2.81,2.81, 66
01/24/2020,06:03,2.8,2.8,2.8,2.8, 193
01/24/2020,06:06,2.81,2.81,2.81,2.81, 164
01/24/2020,06:07,2.81,2.81,2.81,2.81, 62
01/24/2020,06:08,2.8,2.8,2.8,2.8, 451
01/24/2020,06:09,2.81,2.81,2.81,2.81, 229
01/24/2020,06:12,2.81,2.81,2.81,2.81, 381
01/24/2020,06:15,2.81,2.81,2.81,2.81, 151
01/24/2020,06:17,2.81,2.81,2.81,2.81, 61
01/24/2020,06:17,2.81,2.81,2.81,2.81, 284
01/24/2020,06:20,2.81,2.81,2.81,2.81, 2
01/24/2020,06:20,2.81,2.81,2.81,2.81, 156
01/24/2020,06:31,2.8,2.8,2.8,2.8, 3908
01/28/2020,00:25,2.77,2.77,2.75,2.75, 38600
01/28/2020,00:26,2.7,2.7,2.63,2.69, 15374
01/28/2020,00:27,2.66,2.66,2.65,2.65, 9763
01/28/2020,00:29,2.6,2.6,2.58,2.58, 10000
01/28/2020,00:34,2.64,2.66,2.64,2.64, 5937
01/28/2020,00:34,2.67,2.67,2.67,2.67, 2006
01/28/2020,00:37,2.67,2.67,2.66,2.66, 2677
01/28/2020,00:38,2.68,2.68,2.68,2.68, 5000
01/28/2020,00:45,2.68,2.68,2.68,2.68, 11240
01/28/2020,00:50,2.68,2.68,2.68,2.68, 1037
01/28/2020,00:51,2.68,2.68,2.68,2.68, 7603
01/28/2020,01:09,2.675,2.68,2.675,2.68, 5698
01/28/2020,01:10,2.68,2.69,2.68,2.69, 12091
01/28/2020,01:11,2.67,2.67,2.67,2.67, 1746
01/28/2020,01:16,2.675,2.675,2.67,2.67, 1743
01/28/2020,01:18,2.68,2.68,2.68,2.68, 3302
01/28/2020,01:21,2.69,2.69,2.69,2.69, 84
01/28/2020,01:23,2.69,2.69,2.69,2.69, 3
01/28/2020,01:29,2.68,2.68,2.68,2.68, 258
01/28/2020,01:32,2.68,2.69,2.68,2.69, 4421
01/28/2020,01:34,2.68,2.68,2.68,2.68, 75
01/28/2020,01:39,2.68,2.68,2.68,2.68, 5000
01/28/2020,01:41,2.68,2.68,2.68,2.68, 19
01/28/2020,01:51,2.67,2.68,2.67,2.68, 306
01/28/2020,01:54,2.68,2.68,2.68,2.68, 85
01/28/2020,02:02,2.68,2.69,2.68,2.68, 9332
01/28/2020,02:03,2.68,2.68,2.68,2.68, 437
01/28/2020,02:17,2.68,2.68,2.68,2.68, 236
01/28/2020,02:23,2.68,2.69,2.68,2.68, 3393
01/28/2020,02:29,2.68,2.69,2.68,2.685, 29759
01/28/2020,02:30,2.69,2.69,2.69,2.69, 1045
01/28/2020,02:31,2.685,2.685,2.68,2.68, 6537
01/28/2020,02:33,2.68,2.68,2.68,2.68, 1359
01/28/2020,02:41,2.68,2.69,2.68,2.68, 8111
01/28/2020,02:48,2.68,2.68,2.68,2.68, 23788
01/28/2020,02:49,2.69,2.69,2.69,2.69, 1422
01/28/2020,02:54,2.68,2.68,2.68,2.68, 20000
01/28/2020,03:10,2.68,2.68,2.68,2.68, 21493
01/28/2020,03:21,2.69,2.69,2.69,2.69, 87
01/28/2020,03:21,2.69,2.69,2.69,2.69, 2906
01/28/2020,03:24,2.69,2.69,2.69,2.69, 1782
01/28/2020,03:27,2.69,2.69,2.69,2.69, 78
01/28/2020,03:30,2.69,2.69,2.69,2.69, 1
01/28/2020,03:34,2.69,2.69,2.69,2.69, 48
01/28/2020,03:36,2.69,2.69,2.69,2.69, 20
01/28/2020,03:41,2.69,2.69,2.69,2.69, 45
01/28/2020,03:42,2.68,2.68,2.68,2.68, 7505
01/28/2020,03:48,2.69,2.69,2.69,2.69, 234
01/28/2020,03:54,2.69,2.69,2.69,2.69, 44
01/28/2020,03:58,2.68,2.68,2.68,2.68, 500
01/28/2020,04:00,2.69,2.69,2.69,2.69, 331
01/28/2020,04:01,2.69,2.69,2.69,2.69, 44
01/28/2020,04:07,2.69,2.69,2.69,2.69, 43
01/28/2020,04:11,2.685,2.69,2.685,2.69, 4533
01/28/2020,04:14,2.69,2.69,2.69,2.69, 43
01/28/2020,04:17,2.69,2.69,2.69,2.69, 96
01/28/2020,04:20,2.69,2.69,2.69,2.69, 598
01/28/2020,04:26,2.69,2.69,2.69,2.69, 43
01/28/2020,04:30,2.68,2.68,2.67,2.68, 15029
01/28/2020,04:38,2.67,2.675,2.67,2.675, 14857
01/28/2020,04:39,2.675,2.675,2.675,2.675, 3600
01/28/2020,04:42,2.675,2.675,2.675,2.675, 1892
01/28/2020,04:48,2.68,2.68,2.68,2.68, 25
01/28/2020,04:54,2.68,2.68,2.68,2.68, 43
01/28/2020,04:56,2.68,2.68,2.68,2.68, 1884
01/28/2020,05:00,2.69,2.69,2.69,2.69, 42
01/28/2020,05:06,2.69,2.69,2.69,2.69, 42
01/28/2020,05:11,2.685,2.685,2.685,2.685, 41
01/28/2020,05:16,2.685,2.685,2.685,2.685, 39
01/28/2020,05:20,2.68,2.68,2.68,2.68, 13769
01/28/2020,05:21,2.68,2.685,2.68,2.68, 5755
01/28/2020,05:30,2.685,2.685,2.685,2.685, 21
01/28/2020,05:35,2.685,2.685,2.685,2.685, 38
01/28/2020,05:38,2.68,2.68,2.68,2.68, 2
01/28/2020,05:40,2.685,2.685,2.685,2.685, 38
01/28/2020,05:43,2.685,2.685,2.685,2.685, 66
01/28/2020,05:44,2.685,2.685,2.685,2.685, 38
01/28/2020,05:46,2.68,2.68,2.68,2.68, 2
01/28/2020,05:48,2.67,2.68,2.67,2.67, 11290
01/28/2020,05:52,2.69,2.69,2.69,2.69, 24
01/28/2020,05:56,2.69,2.69,2.69,2.69, 39
01/28/2020,05:58,2.67,2.68,2.67,2.68, 17706
01/28/2020,06:01,2.69,2.69,2.67,2.67, 39
01/28/2020,06:03,2.67,2.67,2.67,2.67, 1
01/28/2020,06:04,2.69,2.69,2.69,2.69, 39
01/28/2020,06:06,2.67,2.67,2.67,2.67, 2
01/28/2020,06:06,2.69,2.69,2.69,2.69, 68
01/28/2020,06:08,2.68,2.69,2.68,2.69, 132334
01/28/2020,06:10,2.67,2.67,2.67,2.67, 2784
01/28/2020,06:11,2.66,2.67,2.66,2.66, 3535
01/28/2020,06:12,2.65,2.65,2.65,2.65, 445
01/28/2020,06:15,2.64,2.64,2.64,2.64, 1
01/28/2020,06:16,2.65,2.65,2.65,2.65, 5304
01/28/2020,06:19,2.65,2.66,2.64,2.66, 5611
01/28/2020,06:20,2.65,2.66,2.65,2.65, 2639
01/28/2020,06:20,2.66,2.66,2.66,2.66, 61
01/28/2020,06:31,2.68,2.68,2.68,2.68, 32324
01/29/2020,00:25,2.66,2.66,2.66,2.66, 3652
01/29/2020,00:27,2.69,2.69,2.69,2.69, 950
01/29/2020,00:35,2.7,2.7,2.7,2.7, 1420
01/29/2020,00:51,2.705,2.705,2.705,2.705, 1
01/29/2020,00:58,2.7,2.705,2.7,2.705, 442
01/29/2020,01:03,2.71,2.71,2.71,2.71, 4103
01/29/2020,01:05,2.68,2.71,2.68,2.68, 13130
01/29/2020,01:08,2.69,2.69,2.69,2.69, 1
01/29/2020,01:10,2.7,2.7,2.7,2.7, 3
01/29/2020,01:14,2.7,2.7,2.7,2.7, 1
01/29/2020,01:18,2.7,2.7,2.7,2.7, 1
01/29/2020,01:19,2.7,2.7,2.7,2.7, 1
01/29/2020,01:24,2.7,2.7,2.7,2.7, 1
01/29/2020,01:28,2.7,2.7,2.7,2.7, 1
01/29/2020,01:34,2.7,2.7,2.7,2.7, 1
01/29/2020,01:38,2.7,2.7,2.7,2.7, 1
01/29/2020,01:41,2.7,2.7,2.7,2.7, 1
01/29/2020,01:43,2.7,2.7,2.7,2.7, 1
01/29/2020,01:47,2.7,2.71,2.7,2.71, 1207
01/29/2020,01:50,2.7,2.71,2.7,2.7, 136
01/29/2020,01:53,2.69,2.7,2.69,2.7, 2113
01/29/2020,02:02,2.695,2.695,2.695,2.695, 1
01/29/2020,02:06,2.695,2.695,2.695,2.695, 1
01/29/2020,02:09,2.7,2.71,2.7,2.71, 1558
01/29/2020,02:15,2.7,2.7,2.7,2.7, 1
01/29/2020,02:19,2.7,2.7,2.7,2.7, 1
01/29/2020,02:24,2.7,2.7,2.7,2.7, 1
01/29/2020,02:28,2.7,2.71,2.7,2.7, 469
01/29/2020,02:30,2.7,2.7,2.7,2.7, 1
01/29/2020,02:35,2.7,2.7,2.7,2.7, 1
01/29/2020,02:39,2.7,2.7,2.7,2.7, 1
01/29/2020,02:44,2.7,2.7,2.7,2.7, 2981
01/29/2020,03:13,2.69,2.69,2.69,2.69, 7
01/29/2020,03:49,2.69,2.69,2.69,2.69, 7
01/29/2020,03:49,2.7,2.7,2.7,2.7, 1
01/29/2020,03:51,2.71,2.71,2.71,2.71, 1
01/29/2020,03:56,2.7,2.7,2.7,2.7, 3
01/29/2020,03:57,2.7,2.7,2.7,2.7, 2
01/29/2020,03:57,2.7,2.71,2.7,2.71, 7204
01/29/2020,04:00,2.71,2.71,2.71,2.71, 105
01/29/2020,04:02,2.71,2.71,2.71,2.71, 118
01/29/2020,04:08,2.71,2.71,2.71,2.71, 25
01/29/2020,04:10,2.71,2.71,2.71,2.71, 24
01/29/2020,04:16,2.7,2.7,2.7,2.7, 3
01/29/2020,04:18,2.71,2.71,2.71,2.71, 35
01/29/2020,04:20,2.71,2.71,2.71,2.71, 31
01/29/2020,04:29,2.705,2.71,2.705,2.71, 36
01/29/2020,04:31,2.71,2.71,2.71,2.71, 33
01/29/2020,04:33,2.71,2.72,2.71,2.72, 2086
01/29/2020,04:39,2.72,2.72,2.72,2.72, 35
01/29/2020,04:41,2.72,2.72,2.72,2.72, 32
01/29/2020,04:47,2.72,2.72,2.72,2.72, 27
01/29/2020,04:50,2.72,2.72,2.72,2.72, 1685
01/29/2020,04:58,2.72,2.72,2.72,2.72, 37
01/29/2020,05:00,2.72,2.72,2.72,2.72, 2767
01/29/2020,05:08,2.72,2.72,2.72,2.72, 36
01/29/2020,05:10,2.72,2.72,2.72,2.72, 34
01/29/2020,05:16,2.72,2.72,2.715,2.72, 2808
01/29/2020,05:18,2.715,2.72,2.715,2.72, 38
01/29/2020,05:20,2.715,2.72,2.715,2.72, 34
01/29/2020,05:22,2.72,2.72,2.72,2.72, 1022
01/29/2020,05:23,2.72,2.72,2.72,2.72, 25
01/29/2020,05:24,2.71,2.71,2.71,2.71, 1000
01/29/2020,05:28,2.715,2.72,2.715,2.72, 38
01/29/2020,05:31,2.715,2.72,2.715,2.72, 36
01/29/2020,05:38,2.715,2.72,2.715,2.72, 40
01/29/2020,05:41,2.715,2.72,2.715,2.72, 36
01/29/2020,05:43,2.72,2.73,2.72,2.72, 6472
01/29/2020,05:48,2.73,2.73,2.73,2.73, 42
01/29/2020,05:51,2.73,2.73,2.73,2.73, 39
01/29/2020,05:56,2.73,2.73,2.73,2.73, 37
01/29/2020,05:59,2.73,2.73,2.73,2.73, 36
01/29/2020,06:05,2.73,2.73,2.73,2.73, 53
01/29/2020,06:07,2.73,2.73,2.73,2.73, 47
01/29/2020,06:09,2.72,2.72,2.72,2.72, 14
01/29/2020,06:12,2.72,2.73,2.72,2.73, 86
01/29/2020,06:13,2.72,2.72,2.72,2.72, 14
01/29/2020,06:13,2.73,2.73,2.73,2.73, 37
01/29/2020,06:14,2.72,2.72,2.72,2.72, 13
01/29/2020,06:16,2.72,2.72,2.72,2.72, 14
01/29/2020,06:17,2.725,2.73,2.725,2.73, 64
01/29/2020,06:17,2.72,2.74,2.72,2.73, 5864
01/29/2020,06:19,2.74,2.74,2.74,2.74, 9
01/29/2020,06:20,2.74,2.74,2.73,2.73, 420
01/29/2020,06:31,2.72,2.72,2.72,2.72, 333
01/30/2020,00:25,2.75,2.75,2.75,2.75, 3158
01/30/2020,00:29,2.72,2.72,2.72,2.72, 640
01/30/2020,00:34,2.72,2.72,2.72,2.72, 242
01/30/2020,00:40,2.71,2.73,2.71,2.73, 410
01/30/2020,00:42,2.73,2.73,2.73,2.73, 7
01/30/2020,00:45,2.72,2.73,2.72,2.73, 1061
01/30/2020,00:47,2.72,2.72,2.72,2.72, 1436
01/30/2020,00:57,2.72,2.73,2.72,2.73, 2633
01/30/2020,01:05,2.72,2.72,2.72,2.72, 2520
01/30/2020,01:06,2.71,2.71,2.71,2.71, 1000
01/30/2020,01:07,2.71,2.72,2.71,2.72, 307
01/30/2020,01:12,2.73,2.73,2.73,2.73, 4269
01/30/2020,01:24,2.73,2.73,2.73,2.73, 100000
01/30/2020,01:27,2.74,2.74,2.74,2.74, 9
01/30/2020,01:29,2.72,2.74,2.72,2.72, 2192
01/30/2020,01:29,2.72,2.72,2.72,2.72, 446
01/30/2020,01:34,2.72,2.72,2.72,2.72, 394
01/30/2020,01:40,2.725,2.725,2.725,2.725, 970
01/30/2020,01:45,2.72,2.72,2.72,2.72, 10
01/30/2020,01:46,2.72,2.72,2.72,2.72, 1290
01/30/2020,01:58,2.71,2.71,2.71,2.71, 2350
01/30/2020,02:14,2.72,2.72,2.7,2.7, 8409
01/30/2020,02:15,2.69,2.69,2.69,2.69, 532
01/30/2020,02:20,2.68,2.68,2.68,2.68, 461
01/30/2020,02:20,2.68,2.68,2.68,2.68, 37
01/30/2020,02:23,2.68,2.68,2.68,2.68, 15
01/30/2020,02:35,2.67,2.67,2.67,2.67, 700
01/30/2020,02:37,2.66,2.66,2.66,2.66, 809
01/30/2020,02:59,2.65,2.65,2.65,2.65, 1648
01/30/2020,03:00,2.65,2.65,2.64,2.64, 9376
01/30/2020,03:01,2.64,2.65,2.64,2.64, 3150
01/30/2020,03:01,2.65,2.65,2.65,2.65, 429
01/30/2020,03:02,2.65,2.65,2.65,2.65, 1177
01/30/2020,03:03,2.65,2.65,2.65,2.65, 1159
01/30/2020,03:13,2.65,2.65,2.65,2.65, 953
01/30/2020,03:32,2.66,2.66,2.66,2.66, 66
01/30/2020,03:42,2.65,2.65,2.65,2.65, 39
01/30/2020,03:51,2.64,2.65,2.64,2.65, 174
01/30/2020,04:26,2.65,2.65,2.65,2.65, 9
01/30/2020,04:28,2.64,2.64,2.64,2.64, 130
01/30/2020,04:40,2.64,2.65,2.64,2.65, 764
01/30/2020,04:46,2.64,2.65,2.64,2.65, 771
01/30/2020,05:14,2.64,2.64,2.64,2.64, 147
01/30/2020,05:35,2.64,2.64,2.64,2.64, 10304
01/30/2020,05:35,2.64,2.64,2.64,2.64, 1909
01/30/2020,05:37,2.64,2.64,2.64,2.64, 2732
01/30/2020,05:45,2.635,2.635,2.635,2.635, 66
01/30/2020,05:46,2.635,2.635,2.635,2.635, 10
01/30/2020,05:50,2.63,2.63,2.62,2.63, 782
01/30/2020,05:50,2.63,2.63,2.6,2.6, 8004
01/30/2020,05:55,2.63,2.63,2.63,2.63, 13
01/30/2020,05:57,2.62,2.62,2.59,2.59, 12600
01/30/2020,05:57,2.59,2.59,2.58,2.58, 13138
01/30/2020,05:59,2.58,2.58,2.58,2.58, 3740
01/30/2020,06:02,2.58,2.58,2.58,2.58, 6
01/30/2020,06:03,2.58,2.58,2.58,2.58, 5
01/30/2020,06:04,2.57,2.57,2.56,2.57, 6601
01/30/2020,06:08,2.56,2.56,2.56,2.56, 6
01/30/2020,06:09,2.56,2.56,2.56,2.56, 5
01/30/2020,06:10,2.56,2.56,2.55,2.55, 2002
01/30/2020,06:11,2.56,2.56,2.55,2.55, 4860
01/30/2020,06:12,2.54,2.54,2.53,2.53, 2376
01/30/2020,06:14,2.54,2.54,2.54,2.54, 8
01/30/2020,06:15,2.53,2.54,2.53,2.54, 8375
01/30/2020,06:16,2.56,2.56,2.56,2.56, 3283
01/30/2020,06:19,2.56,2.57,2.56,2.57, 5618
01/30/2020,06:20,2.57,2.59,2.56,2.57, 6468
01/30/2020,06:20,2.57,2.57,2.55,2.55, 3835
01/30/2020,06:32,2.6,2.6,2.6,2.6, 18724
01/31/2020,00:27,2.61,2.61,2.61,2.61, 127
01/31/2020,00:27,2.6,2.6,2.6,2.6, 2314
01/31/2020,00:40,2.6,2.61,2.6,2.61, 6327
01/31/2020,00:40,2.61,2.61,2.61,2.61, 576
01/31/2020,00:44,2.62,2.62,2.61,2.61, 2600
01/31/2020,00:55,2.6,2.6,2.6,2.6, 1639
01/31/2020,00:57,2.61,2.62,2.61,2.62, 10956
01/31/2020,01:12,2.63,2.65,2.63,2.65, 13984
01/31/2020,01:15,2.67,2.67,2.67,2.67, 183
01/31/2020,01:17,2.67,2.67,2.67,2.67, 136
01/31/2020,01:18,2.67,2.67,2.66,2.66, 701
01/31/2020,01:21,2.67,2.67,2.67,2.67, 242
01/31/2020,01:22,2.67,2.67,2.67,2.67, 120
01/31/2020,01:24,2.67,2.67,2.65,2.65, 238
01/31/2020,01:27,2.67,2.67,2.65,2.65, 139
01/31/2020,01:30,2.665,2.665,2.665,2.665, 604
01/31/2020,01:33,2.66,2.66,2.65,2.65, 6497
01/31/2020,01:34,2.65,2.65,2.65,2.65, 91
01/31/2020,01:37,2.65,2.65,2.65,2.65, 113
01/31/2020,01:39,2.65,2.65,2.65,2.65, 255
01/31/2020,01:42,2.65,2.65,2.65,2.65, 233
01/31/2020,01:44,2.64,2.64,2.64,2.64, 253
01/31/2020,01:45,2.63,2.63,2.63,2.63, 101
01/31/2020,01:47,2.64,2.64,2.64,2.64, 178
01/31/2020,01:48,2.62,2.62,2.62,2.62, 675
01/31/2020,01:49,2.64,2.64,2.64,2.64, 275
01/31/2020,01:50,2.62,2.62,2.62,2.62, 554
01/31/2020,01:52,2.62,2.64,2.62,2.64, 881
01/31/2020,01:53,2.62,2.62,2.62,2.62, 707
01/31/2020,01:55,2.6,2.62,2.6,2.62, 567
01/31/2020,01:57,2.6,2.6,2.6,2.6, 202
01/31/2020,01:57,2.59,2.59,2.59,2.59, 656
01/31/2020,02:00,2.6,2.6,2.6,2.6, 1169
01/31/2020,02:01,2.61,2.61,2.6,2.6, 771
01/31/2020,02:02,2.61,2.61,2.61,2.61, 161
01/31/2020,02:02,2.6,2.6,2.6,2.6, 837
01/31/2020,02:04,2.6,2.6,2.6,2.6, 659
01/31/2020,02:06,2.6,2.6,2.6,2.6, 642
01/31/2020,02:07,2.61,2.61,2.61,2.61, 287
01/31/2020,02:08,2.6,2.6,2.6,2.6, 624
01/31/2020,02:09,2.61,2.61,2.6,2.6, 866
01/31/2020,02:11,2.6,2.61,2.6,2.61, 825
01/31/2020,02:14,2.6,2.62,2.6,2.62, 16985
01/31/2020,02:16,2.61,2.61,2.6,2.6, 4743
01/31/2020,02:16,2.61,2.61,2.61,2.61, 98
01/31/2020,02:19,2.61,2.61,2.61,2.61, 3449
01/31/2020,02:22,2.6,2.6,2.6,2.6, 6359
01/31/2020,02:23,2.6,2.62,2.6,2.62, 15578
01/31/2020,02:25,2.62,2.62,2.62,2.62, 881
01/31/2020,02:26,2.62,2.62,2.62,2.62, 1945
01/31/2020,02:29,2.64,2.64,2.64,2.64, 158
01/31/2020,02:30,2.64,2.64,2.63,2.63, 6980
01/31/2020,02:31,2.645,2.645,2.645,2.645, 126
01/31/2020,02:34,2.645,2.645,2.645,2.645, 319
01/31/2020,02:36,2.645,2.645,2.645,2.645, 240
01/31/2020,02:39,2.645,2.645,2.645,2.645, 250
01/31/2020,02:40,2.645,2.645,2.645,2.645, 109
01/31/2020,02:42,2.645,2.645,2.645,2.645, 168
01/31/2020,02:44,2.645,2.645,2.645,2.645, 748
01/31/2020,02:44,2.66,2.66,2.66,2.66, 267
01/31/2020,02:47,2.66,2.66,2.66,2.66, 251
01/31/2020,02:49,2.66,2.66,2.66,2.66, 242
01/31/2020,02:52,2.66,2.66,2.66,2.66, 245
01/31/2020,02:54,2.66,2.66,2.66,2.66, 282
01/31/2020,02:57,2.66,2.66,2.66,2.66, 244
01/31/2020,03:00,2.66,2.66,2.66,2.66, 6870
01/31/2020,03:01,2.67,2.67,2.67,2.67, 1503
01/31/2020,03:01,2.66,2.67,2.66,2.66, 1293
01/31/2020,03:02,2.67,2.67,2.67,2.67, 58
01/31/2020,03:04,2.67,2.67,2.67,2.67, 333
01/31/2020,03:07,2.67,2.67,2.67,2.67, 254
01/31/2020,03:10,2.67,2.67,2.67,2.67, 284
01/31/2020,03:12,2.67,2.67,2.67,2.67, 224
01/31/2020,03:13,2.66,2.66,2.66,2.66, 468
01/31/2020,03:14,2.67,2.67,2.67,2.67, 249
01/31/2020,03:17,2.67,2.67,2.67,2.67, 248
01/31/2020,03:19,2.67,2.67,2.67,2.67, 280
01/31/2020,03:22,2.67,2.67,2.67,2.67, 245
01/31/2020,03:25,2.67,2.67,2.67,2.67, 352
01/31/2020,03:27,2.67,2.67,2.67,2.67, 146
01/31/2020,03:30,2.67,2.67,2.67,2.67, 280
01/31/2020,03:32,2.67,2.67,2.67,2.67, 225
01/31/2020,03:34,2.67,2.67,2.67,2.67, 257
01/31/2020,03:36,2.67,2.67,2.67,2.67, 10286
01/31/2020,03:36,2.67,2.67,2.67,2.67, 217
01/31/2020,03:40,2.67,2.67,2.67,2.67, 15307
01/31/2020,03:43,2.67,2.67,2.67,2.67, 93
01/31/2020,03:46,2.67,2.67,2.67,2.67, 135
01/31/2020,03:48,2.66,2.66,2.66,2.66, 1847
01/31/2020,04:00,2.66,2.66,2.66,2.66, 6
01/31/2020,04:02,2.65,2.65,2.65,2.65, 5842
01/31/2020,04:05,2.65,2.65,2.65,2.65, 10000
01/31/2020,04:07,2.65,2.65,2.65,2.65, 45000
01/31/2020,04:12,2.65,2.65,2.65,2.65, 26
01/31/2020,04:20,2.65,2.65,2.65,2.65, 58
01/31/2020,04:25,2.65,2.67,2.65,2.67, 14700
01/31/2020,04:37,2.67,2.67,2.67,2.67, 52
01/31/2020,04:44,2.67,2.67,2.67,2.67, 58
01/31/2020,04:50,2.67,2.67,2.67,2.67, 54
01/31/2020,04:56,2.67,2.67,2.67,2.67, 51
01/31/2020,05:02,2.67,2.67,2.67,2.67, 49
01/31/2020,05:02,2.67,2.67,2.67,2.67, 2077
01/31/2020,05:08,2.68,2.68,2.68,2.68, 12246
01/31/2020,05:13,2.69,2.69,2.69,2.69, 46
01/31/2020,05:18,2.68,2.68,2.68,2.68, 44
01/31/2020,05:23,2.68,2.68,2.68,2.68, 43
01/31/2020,05:25,2.68,2.68,2.68,2.68, 2298
01/31/2020,05:25,2.685,2.685,2.685,2.685, 70000
01/31/2020,05:28,2.69,2.69,2.69,2.69, 42
01/31/2020,05:33,2.69,2.69,2.69,2.69, 43
01/31/2020,05:38,2.69,2.69,2.69,2.69, 42
01/31/2020,05:42,2.69,2.69,2.69,2.69, 42
01/31/2020,05:44,2.68,2.68,2.68,2.68, 4700
01/31/2020,05:50,2.68,2.68,2.68,2.68, 2122
01/31/2020,05:52,2.68,2.68,2.68,2.68, 881
01/31/2020,05:56,2.68,2.68,2.68,2.68, 40
01/31/2020,06:00,2.68,2.68,2.68,2.68, 41
01/31/2020,06:03,2.68,2.68,2.68,2.68, 41
01/31/2020,06:10,2.69,2.69,2.69,2.69, 26
01/31/2020,06:13,2.69,2.7,2.69,2.7, 13883
01/31/2020,06:14,2.7,2.7,2.7,2.7, 4957
01/31/2020,06:16,2.71,2.71,2.71,2.71, 43
01/31/2020,06:16,2.69,2.69,2.69,2.69, 6771
01/31/2020,06:18,2.69,2.69,2.69,2.69, 4623
01/31/2020,06:19,2.7,2.7,2.7,2.7, 20
01/31/2020,06:20,2.7,2.7,2.7,2.7, 67
01/31/2020,06:32,2.71,2.71,2.71,2.71, 16147

