04/02/2020,15:36,1.23,1.23,1.23,1.23, 100
04/02/2020,18:14,1.18,1.18,1.18,1.18, 100
04/02/2020,18:22,1.17,1.17,1.17,1.17, 100
04/02/2020,19:50,1.17,1.17,1.17,1.17, 100
04/02/2020,21:14,1.16,1.16,1.16,1.16, 100
04/02/2020,22:01,1.11,1.11,1.11,1.11, 100
04/03/2020,16:58,1,1,1,1, 275
04/03/2020,20:15,1.01,1.01,1.01,1.01, 315
04/03/2020,21:12,1.01,1.01,1.01,1.01, 239
04/08/2020,16:08,1.04,1.05,1.04,1.05, 400
04/08/2020,16:15,1.091,1.091,1.091,1.091, 500
04/08/2020,16:17,1.05,1.05,1.03,1.042, 1082
04/08/2020,16:21,1.02,1.021,1.02,1.021, 1786
04/09/2020,16:45,1.09,1.09,1.09,1.09, 100
04/09/2020,16:57,1.1,1.1,1.1,1.1, 100
04/09/2020,17:01,1.01,1.01,1.01,1.01, 500
04/09/2020,19:18,1.05,1.05,1.05,1.05, 100
04/09/2020,19:26,1.13,1.13,1.13,1.13, 100
04/09/2020,20:53,1.091,1.15,1.05,1.149, 3000
04/09/2020,20:55,1.17,1.17,1.17,1.17, 1000
04/09/2020,20:56,1.195,1.22,1.195,1.217, 3600
04/09/2020,20:58,1.206,1.214,1.206,1.214, 1000
04/09/2020,20:59,1.208,1.208,1.208,1.208, 1000
04/09/2020,21:00,1.21,1.21,1.21,1.21, 1000
04/09/2020,21:05,1.17,1.176,1.17,1.17, 3700
04/09/2020,21:06,1.17,1.17,1.149,1.149, 493
04/09/2020,21:08,1.087,1.087,1.087,1.087, 800
04/09/2020,21:08,1.083,1.083,1.05,1.061, 1000
04/09/2020,21:10,1.06,1.065,1.05,1.055, 2400
04/09/2020,21:12,1.05,1.05,1.05,1.05, 750
04/09/2020,21:13,1.06,1.065,1.05,1.06, 1500
04/09/2020,21:14,1.068,1.068,1.068,1.068, 800
04/09/2020,21:14,1.074,1.074,1.074,1.074, 900
04/09/2020,21:18,1.03,1.03,1.03,1.03, 900
04/09/2020,21:19,1.03,1.08,1.02,1.08, 2100
04/09/2020,21:21,1.03,1.035,1.02,1.02, 1100
04/09/2020,21:27,1.02,1.025,1.02,1.025, 1192
04/09/2020,21:50,1.03,1.03,1.03,1.03, 900
04/09/2020,21:59,1.08,1.101,1.049,1.049, 3000
04/09/2020,21:59,1.04,1.05,1.04,1.045, 1000
04/09/2020,22:00,1.03,1.03,1.03,1.03, 200
04/13/2020,15:55,1.17,1.17,1.17,1.17, 100
04/13/2020,17:49,1.101,1.101,1.101,1.101, 700
04/13/2020,17:50,1.1,1.1,1.1,1.1, 100
04/13/2020,17:53,1.04,1.04,1.035,1.035, 1642
04/13/2020,17:55,1.02,1.02,1.02,1.02, 558
04/13/2020,17:57,1.02,1.02,1.02,1.02, 635
04/13/2020,19:14,1.02,1.02,1.02,1.02, 100
04/13/2020,19:54,1.019,1.02,1.019,1.02, 1900
04/13/2020,19:57,1.01,1.06,1.005,1.01, 1798
04/13/2020,22:00,1,1.017,1,1.017, 2060
04/14/2020,15:57,1.11,1.11,1.11,1.11, 100
04/14/2020,16:21,1,1,1,1, 2000
04/14/2020,18:13,1.063,1.063,1.063,1.063, 300
04/14/2020,18:18,1.063,1.063,1.063,1.063, 300
04/14/2020,18:22,1.081,1.081,1.081,1.081, 200
04/14/2020,20:29,1.11,1.11,1.11,1.11, 100
04/14/2020,20:42,1.11,1.11,1.11,1.11, 100
04/14/2020,20:45,1.11,1.11,1.09,1.09, 300
04/14/2020,20:53,1.11,1.11,1.11,1.11, 200
04/15/2020,15:39,1.141,1.141,1.141,1.141, 500
04/15/2020,15:40,1.129,1.129,1.05,1.1, 991
04/15/2020,16:44,1.06,1.06,1.06,1.06, 845
04/15/2020,18:10,1.01,1.01,1.01,1.01, 812
04/15/2020,18:13,1.01,1.011,1.01,1.011, 588
04/15/2020,18:16,1.01,1.011,1,1.001, 4410
04/15/2020,19:54,1.04,1.04,1.04,1.04, 100
04/15/2020,20:21,1.06,1.06,1.06,1.06, 300
04/15/2020,20:24,1.11,1.2,1.11,1.2, 4515
04/15/2020,20:31,1.145,1.145,1.145,1.145, 100
04/15/2020,20:55,1.135,1.135,1.08,1.08, 1800
04/15/2020,20:56,1.08,1.085,1.08,1.085, 1600
04/15/2020,20:57,1.072,1.072,1.04,1.07, 4401
04/15/2020,21:02,1.17,1.2,1.17,1.2, 9200
04/15/2020,21:26,1.12,1.122,1.08,1.122, 4854
04/15/2020,21:42,1.191,1.191,1.116,1.116, 5000
04/16/2020,16:05,1.04,1.051,1.02,1.02, 2077
04/16/2020,16:06,1.04,1.04,1,1, 3050
04/16/2020,16:06,1.01,1.01,1.01,1.01, 300
04/16/2020,16:08,1.05,1.05,1.05,1.05, 200
04/16/2020,16:33,1,1,1,1, 500
04/16/2020,16:50,1.01,1.01,1.01,1.01, 100
04/16/2020,17:24,1.01,1.01,1.01,1.01, 500
04/16/2020,18:58,1.084,1.084,1.084,1.084, 100
04/16/2020,20:23,1.15,1.15,1.15,1.15, 100
04/16/2020,20:41,1.14,1.14,1.14,1.14, 845
04/16/2020,20:47,1.12,1.12,1.12,1.12, 400
04/16/2020,20:51,1.12,1.12,1.12,1.12, 1000
04/16/2020,20:52,1.12,1.12,1.04,1.04, 1200
04/16/2020,21:04,1.04,1.04,1.04,1.04, 100
04/16/2020,21:52,1.02,1.03,.95,.95, 2263
04/17/2020,17:01,1.078,1.078,1.078,1.078, 100
04/17/2020,18:25,1.074,1.074,1.01,1.03, 1500
04/17/2020,20:15,1.03,1.03,1.03,1.03, 100
04/17/2020,20:20,1.03,1.03,1.03,1.03, 100
04/17/2020,20:52,1.01,1.01,1.01,1.01, 200
04/17/2020,21:09,1.01,1.01,1.01,1.01, 266
04/17/2020,21:20,1,1,1,1, 286

