01/02/2020,00:59,.285,.285,.285,.285, 39980
01/02/2020,02:22,.28,.28,.28,.28, 946
01/02/2020,02:56,.282,.285,.282,.285, 25185
01/02/2020,03:11,.285,.285,.285,.285, 1000
01/02/2020,03:18,.285,.285,.285,.285, 961
01/02/2020,03:26,.285,.285,.285,.285, 973
01/02/2020,03:34,.285,.285,.285,.285, 1012
01/02/2020,03:42,.285,.285,.285,.285, 1015
01/02/2020,03:50,.285,.285,.285,.285, 1011
01/02/2020,03:57,.285,.285,.285,.285, 965
01/02/2020,04:05,.285,.285,.285,.285, 988
01/02/2020,04:09,.282,.282,.282,.282, 137
01/02/2020,04:16,.285,.285,.285,.285, 9615
01/02/2020,04:22,.285,.285,.285,.285, 12418
01/02/2020,04:23,.285,.285,.285,.285, 893
01/02/2020,04:29,.285,.285,.285,.285, 907
01/02/2020,04:36,.285,.285,.285,.285, 894
01/02/2020,04:42,.285,.285,.285,.285, 860
01/02/2020,04:48,.285,.285,.285,.285, 878
01/02/2020,04:54,.285,.285,.285,.285, 843
01/02/2020,04:59,.285,.285,.285,.285, 850
01/02/2020,05:05,.285,.285,.285,.285, 835
01/02/2020,05:10,.285,.285,.285,.285, 886
01/02/2020,05:16,.285,.285,.285,.285, 874
01/02/2020,05:21,.285,.285,.285,.285, 916
01/02/2020,05:27,.285,.285,.285,.285, 920
01/02/2020,05:32,.285,.285,.285,.285, 859
01/02/2020,05:37,.285,.285,.285,.285, 862
01/02/2020,05:42,.285,.285,.285,.285, 912
01/02/2020,05:46,.282,.282,.282,.282, 284
01/02/2020,05:49,.285,.285,.285,.285, 865
01/02/2020,05:54,.285,.285,.285,.285, 6486
01/02/2020,05:55,.285,.285,.285,.285, 6
01/02/2020,05:57,.285,.285,.285,.285, 781
01/02/2020,06:02,.285,.285,.285,.285, 814
01/02/2020,06:03,.285,.285,.285,.285, 4
01/02/2020,06:04,.285,.285,.285,.285, 3
01/02/2020,06:05,.285,.285,.285,.285, 812
01/02/2020,06:07,.285,.285,.285,.285, 6942
01/02/2020,06:08,.285,.285,.285,.285, 733
01/02/2020,06:11,.285,.285,.285,.285, 647
01/02/2020,06:12,.285,.285,.285,.285, 11
01/02/2020,06:13,.285,.285,.285,.285, 10
01/02/2020,06:14,.285,.285,.28,.285, 4401
01/02/2020,06:15,.285,.285,.285,.285, 12
01/02/2020,06:16,.285,.285,.285,.285, 741
01/02/2020,06:18,.285,.285,.28,.28, 125167
01/02/2020,06:19,.28,.285,.28,.285, 5670
01/02/2020,06:20,.285,.285,.28,.28, 68847
01/02/2020,06:31,.285,.285,.285,.285, 20247
01/03/2020,00:25,.285,.285,.28,.28, 507
01/03/2020,00:44,.28,.28,.28,.28, 13902
01/03/2020,00:48,.282,.282,.282,.282, 40000
01/03/2020,01:14,.285,.285,.285,.285, 3590
01/03/2020,01:21,.285,.285,.285,.285, 131
01/03/2020,01:24,.285,.285,.285,.285, 11248
01/03/2020,03:01,.285,.285,.285,.285, 1158
01/03/2020,03:03,.282,.285,.282,.285, 15929
01/03/2020,03:09,.285,.285,.285,.285, 1003
01/03/2020,03:16,.285,.285,.285,.285, 1554
01/03/2020,03:24,.285,.285,.285,.285, 978
01/03/2020,03:32,.285,.285,.285,.285, 977
01/03/2020,03:40,.285,.285,.285,.285, 996
01/03/2020,03:43,.282,.285,.28,.285, 94996
01/03/2020,03:44,.285,.285,.285,.285, 744
01/03/2020,03:50,.285,.285,.285,.285, 18612
01/03/2020,03:56,.285,.285,.285,.285, 1536
01/03/2020,03:57,.285,.285,.285,.285, 780
01/03/2020,04:01,.285,.285,.285,.285, 724
01/03/2020,04:07,.285,.285,.285,.285, 756
01/03/2020,04:09,.285,.285,.285,.285, 3000
01/03/2020,04:13,.285,.285,.285,.285, 6255
01/03/2020,04:17,.285,.285,.285,.285, 544
01/03/2020,04:22,.285,.285,.282,.282, 3091
01/03/2020,04:26,.285,.285,.285,.285, 5357
01/03/2020,04:28,.285,.285,.285,.285, 412
01/03/2020,04:32,.285,.285,.285,.285, 479
01/03/2020,04:34,.285,.285,.285,.285, 395
01/03/2020,04:38,.285,.285,.285,.285, 424
01/03/2020,04:41,.285,.285,.285,.285, 420
01/03/2020,04:44,.285,.285,.285,.285, 6527
01/03/2020,04:46,.285,.285,.285,.285, 286
01/03/2020,04:48,.285,.285,.285,.285, 276
01/03/2020,04:49,.285,.285,.285,.285, 212
01/03/2020,04:51,.285,.285,.285,.285, 218
01/03/2020,04:52,.285,.285,.285,.285, 210
01/03/2020,04:53,.285,.285,.285,.285, 139
01/03/2020,04:54,.285,.285,.285,.285, 145
01/03/2020,04:55,.285,.285,.285,.285, 150
01/03/2020,04:56,.285,.285,.285,.285, 146
01/03/2020,04:57,.285,.285,.285,.285, 143
01/03/2020,04:58,.285,.285,.285,.285, 148
01/03/2020,04:59,.285,.285,.285,.285, 139
01/03/2020,05:00,.285,.285,.285,.285, 146
01/03/2020,05:01,.285,.285,.285,.285, 148
01/03/2020,05:03,.285,.285,.285,.285, 229
01/03/2020,05:04,.285,.285,.285,.285, 155
01/03/2020,05:05,.285,.285,.285,.285, 153
01/03/2020,05:06,.285,.285,.285,.285, 142
01/03/2020,05:07,.285,.285,.285,.285, 151
01/03/2020,05:08,.285,.285,.285,.285, 158
01/03/2020,05:09,.285,.285,.285,.285, 142
01/03/2020,05:10,.285,.285,.285,.285, 585
01/03/2020,05:11,.285,.285,.285,.285, 159
01/03/2020,05:12,.285,.285,.285,.285, 165
01/03/2020,05:13,.285,.285,.285,.285, 157
01/03/2020,05:14,.285,.285,.285,.285, 153
01/03/2020,05:15,.285,.285,.285,.285, 155
01/03/2020,05:16,.285,.285,.285,.285, 152
01/03/2020,05:16,.285,.285,.285,.285, 40
01/03/2020,05:36,.29,.29,.29,.29, 473
01/03/2020,05:55,.29,.29,.29,.29, 565
01/03/2020,06:00,.29,.29,.29,.29, 2534
01/03/2020,06:05,.287,.29,.287,.29, 23732
01/03/2020,06:12,.29,.29,.287,.29, 3446
01/03/2020,06:13,.29,.29,.29,.29, 23
01/03/2020,06:14,.29,.29,.29,.29, 22
01/03/2020,06:15,.29,.29,.29,.29, 25
01/03/2020,06:17,.29,.29,.287,.287, 1882
01/03/2020,06:19,.29,.29,.29,.29, 1241
01/03/2020,06:20,.29,.29,.287,.29, 19286
01/03/2020,06:31,.29,.29,.29,.29, 45022
01/06/2020,00:25,.29,.29,.29,.29, 69418
01/06/2020,00:31,.29,.29,.29,.29, 3400
01/06/2020,00:33,.29,.29,.29,.29, 11254
01/06/2020,01:00,.29,.29,.29,.29, 12650
01/06/2020,01:11,.29,.295,.29,.295, 575148
01/06/2020,01:12,.29,.295,.29,.295, 83571
01/06/2020,01:15,.29,.29,.29,.29, 8350
01/06/2020,01:42,.295,.295,.295,.295, 3364
01/06/2020,01:43,.295,.295,.295,.295, 2194
01/06/2020,01:44,.295,.295,.295,.295, 9007
01/06/2020,01:47,.295,.295,.295,.295, 2161
01/06/2020,02:11,.292,.292,.292,.292, 3396
01/06/2020,02:23,.292,.292,.292,.292, 2110
01/06/2020,02:24,.292,.292,.292,.292, 13476
01/06/2020,02:37,.292,.292,.292,.292, 10200
01/06/2020,02:47,.292,.292,.292,.292, 7280
01/06/2020,02:57,.292,.292,.292,.292, 327
01/06/2020,02:59,.292,.292,.292,.292, 316
01/06/2020,03:02,.292,.292,.292,.292, 2581
01/06/2020,03:03,.292,.292,.292,.292, 3625
01/06/2020,03:04,.292,.292,.292,.292, 169
01/06/2020,03:05,.292,.292,.292,.292, 168
01/06/2020,03:07,.292,.292,.292,.292, 5683
01/06/2020,03:08,.292,.292,.292,.292, 164
01/06/2020,03:09,.292,.292,.292,.292, 163
01/06/2020,03:10,.292,.292,.292,.292, 163
01/06/2020,03:12,.292,.292,.292,.292, 158
01/06/2020,03:15,.292,.292,.292,.292, 321
01/06/2020,03:18,.292,.292,.292,.292, 318
01/06/2020,03:20,.292,.292,.292,.292, 2258
01/06/2020,03:21,.292,.292,.292,.292, 315
01/06/2020,03:22,.292,.292,.292,.292, 5458
01/06/2020,03:23,.292,.292,.292,.292, 164
01/06/2020,03:24,.292,.292,.292,.292, 159
01/06/2020,03:25,.292,.292,.292,.292, 157
01/06/2020,03:27,.292,.292,.292,.292, 169
01/06/2020,03:28,.292,.292,.292,.292, 161
01/06/2020,03:30,.292,.292,.292,.292, 2443
01/06/2020,03:31,.292,.292,.292,.292, 162
01/06/2020,03:33,.292,.292,.292,.292, 3467
01/06/2020,03:34,.292,.292,.292,.292, 2139
01/06/2020,03:35,.292,.292,.292,.292, 322
01/06/2020,03:38,.292,.292,.292,.292, 1431
01/06/2020,03:40,.292,.292,.292,.292, 315
01/06/2020,03:42,.292,.292,.292,.292, 278
01/06/2020,03:43,.292,.292,.292,.292, 5886
01/06/2020,03:44,.292,.292,.292,.292, 160
01/06/2020,03:45,.292,.292,.292,.292, 11849
01/06/2020,03:46,.292,.292,.292,.292, 170
01/06/2020,03:47,.292,.292,.292,.292, 160
01/06/2020,03:48,.292,.292,.292,.292, 171
01/06/2020,03:50,.292,.292,.292,.292, 3448
01/06/2020,03:51,.292,.292,.292,.292, 157
01/06/2020,03:52,.292,.292,.292,.292, 170
01/06/2020,03:54,.292,.292,.292,.292, 162
01/06/2020,03:55,.292,.292,.292,.292, 667
01/06/2020,03:56,.292,.292,.292,.292, 171
01/06/2020,03:58,.292,.292,.292,.292, 163
01/06/2020,03:59,.292,.292,.292,.292, 158
01/06/2020,04:00,.292,.292,.292,.292, 157
01/06/2020,04:02,.292,.292,.292,.292, 172
01/06/2020,04:06,.292,.292,.292,.292, 321
01/06/2020,04:08,.292,.292,.292,.292, 482
01/06/2020,04:09,.292,.295,.292,.295, 6206
01/06/2020,04:24,.295,.295,.295,.295, 19192
01/06/2020,04:26,.295,.295,.295,.295, 6617
01/06/2020,04:36,.295,.295,.295,.295, 2228
01/06/2020,04:45,.295,.295,.295,.295, 2554
01/06/2020,04:46,.295,.295,.295,.295, 3528
01/06/2020,04:54,.295,.295,.295,.295, 7145
01/06/2020,04:55,.295,.295,.295,.295, 5752
01/06/2020,05:03,.295,.295,.295,.295, 2567
01/06/2020,05:06,.295,.295,.295,.295, 3444
01/06/2020,05:12,.295,.295,.295,.295, 4096
01/06/2020,05:14,.295,.295,.295,.295, 22677
01/06/2020,05:19,.295,.295,.295,.295, 3524
01/06/2020,05:20,.295,.295,.295,.295, 2609
01/06/2020,05:21,.295,.295,.295,.295, 2208
01/06/2020,05:30,.295,.295,.295,.295, 4789
01/06/2020,05:31,.295,.295,.295,.295, 2225
01/06/2020,05:36,.295,.295,.295,.295, 2603
01/06/2020,05:37,.295,.295,.295,.295, 2110
01/06/2020,05:45,.295,.295,.295,.295, 9270
01/06/2020,05:46,.295,.295,.295,.295, 2145
01/06/2020,05:51,.295,.295,.295,.295, 2048
01/06/2020,06:02,.295,.295,.295,.295, 3706
01/06/2020,06:03,.295,.295,.295,.295, 96
01/06/2020,06:04,.295,.295,.295,.295, 91
01/06/2020,06:05,.295,.295,.295,.295, 53
01/06/2020,06:07,.295,.295,.29,.295, 30966
01/06/2020,06:15,.295,.295,.295,.295, 2228
01/06/2020,06:18,.295,.295,.295,.295, 2244
01/06/2020,06:19,.295,.295,.295,.295, 4080
01/06/2020,06:20,.295,.295,.295,.295, 6143
01/06/2020,06:32,.295,.295,.295,.295, 33764
01/07/2020,00:25,.28,.28,.28,.28, 11500
01/07/2020,00:25,.29,.29,.29,.29, 16020
01/07/2020,00:27,.29,.29,.29,.29, 51496
01/07/2020,00:38,.285,.285,.285,.285, 39617
01/07/2020,00:45,.29,.29,.29,.29, 52516
01/07/2020,00:49,.29,.29,.29,.29, 20000
01/07/2020,01:44,.295,.295,.292,.292, 2374
01/07/2020,01:45,.29,.292,.29,.292, 12191
01/07/2020,01:49,.292,.292,.292,.292, 2808
01/07/2020,01:53,.292,.292,.292,.292, 3034
01/07/2020,01:59,.292,.292,.292,.292, 1702
01/07/2020,02:04,.292,.292,.292,.292, 3885
01/07/2020,02:09,.292,.292,.292,.292, 2202
01/07/2020,02:14,.292,.292,.292,.292, 2227
01/07/2020,02:18,.292,.292,.292,.292, 1754
01/07/2020,02:23,.292,.292,.292,.292, 500
01/07/2020,02:24,.292,.292,.292,.292, 3304
01/07/2020,02:29,.292,.292,.292,.292, 2064
01/07/2020,02:33,.292,.292,.292,.292, 2833
01/07/2020,02:39,.292,.292,.292,.292, 3603
01/07/2020,02:43,.292,.292,.292,.292, 2323
01/07/2020,02:49,.292,.292,.292,.292, 2966
01/07/2020,02:54,.292,.292,.292,.292, 3218
01/07/2020,02:55,.292,.292,.292,.292, 31
01/07/2020,02:56,.292,.292,.292,.292, 28
01/07/2020,02:57,.292,.292,.292,.292, 30
01/07/2020,02:58,.292,.292,.292,.292, 30
01/07/2020,02:59,.292,.292,.292,.292, 2326
01/07/2020,02:59,.292,.292,.292,.292, 30
01/07/2020,03:01,.292,.292,.292,.292, 31
01/07/2020,03:02,.292,.292,.292,.292, 34
01/07/2020,03:04,.292,.292,.292,.292, 3050
01/07/2020,03:05,.292,.292,.292,.292, 30
01/07/2020,03:06,.292,.292,.292,.292, 30
01/07/2020,03:07,.292,.292,.292,.292, 30
01/07/2020,03:09,.292,.292,.292,.292, 3317
01/07/2020,03:10,.292,.292,.292,.292, 30
01/07/2020,03:11,.292,.292,.292,.292, 39
01/07/2020,03:12,.292,.292,.292,.292, 29
01/07/2020,03:14,.292,.292,.292,.292, 2513
01/07/2020,03:16,.292,.292,.292,.292, 559
01/07/2020,03:19,.292,.292,.292,.292, 2278
01/07/2020,03:21,.292,.292,.292,.292, 60
01/07/2020,03:22,.292,.292,.292,.292, 44
01/07/2020,03:23,.292,.292,.292,.292, 30
01/07/2020,03:24,.292,.292,.292,.292, 3426
01/07/2020,03:24,.292,.292,.292,.292, 29
01/07/2020,03:26,.292,.292,.292,.292, 28
01/07/2020,03:27,.292,.292,.292,.292, 31
01/07/2020,03:29,.292,.292,.292,.292, 3121
01/07/2020,03:30,.292,.292,.292,.292, 29
01/07/2020,03:31,.292,.292,.292,.292, 31
01/07/2020,03:33,.292,.292,.292,.292, 14
01/07/2020,03:33,.292,.292,.292,.292, 2540
01/07/2020,03:35,.292,.292,.292,.292, 62
01/07/2020,03:38,.292,.292,.292,.292, 629
01/07/2020,03:39,.292,.292,.292,.292, 3412
01/07/2020,03:40,.292,.292,.292,.292, 61
01/07/2020,03:43,.292,.292,.292,.292, 81
01/07/2020,03:44,.292,.292,.292,.292, 2832
01/07/2020,03:46,.292,.292,.292,.292, 31
01/07/2020,03:47,.292,.292,.292,.292, 29
01/07/2020,03:48,.292,.292,.292,.292, 2728
01/07/2020,03:50,.292,.292,.292,.292, 31
01/07/2020,03:51,.292,.292,.292,.292, 29
01/07/2020,03:52,.292,.292,.292,.292, 28
01/07/2020,03:54,.292,.292,.292,.292, 3888
01/07/2020,03:56,.292,.292,.292,.292, 62
01/07/2020,03:59,.292,.292,.292,.292, 2392
01/07/2020,04:01,.292,.292,.292,.292, 60
01/07/2020,04:02,.295,.295,.292,.292, 17993
01/07/2020,04:03,.292,.292,.292,.292, 2302
01/07/2020,04:04,.292,.292,.292,.292, 4148
01/07/2020,04:05,.292,.292,.292,.292, 32
01/07/2020,04:06,.292,.292,.29,.292, 824
01/07/2020,04:07,.292,.292,.292,.292, 32
01/07/2020,04:08,.292,.292,.292,.292, 31
01/07/2020,04:09,.292,.292,.292,.292, 3344
01/07/2020,04:09,.292,.292,.292,.292, 29
01/07/2020,04:11,.292,.292,.292,.292, 32
01/07/2020,04:12,.292,.292,.292,.292, 32
01/07/2020,04:12,.292,.292,.292,.292, 3
01/07/2020,04:13,.292,.292,.292,.292, 2536
01/07/2020,04:14,.292,.292,.292,.292, 3
01/07/2020,04:16,.292,.292,.292,.292, 128
01/07/2020,04:17,.292,.292,.292,.292, 3
01/07/2020,04:18,.292,.292,.292,.292, 64
01/07/2020,04:19,.292,.292,.292,.292, 3241
01/07/2020,04:20,.292,.292,.292,.292, 5
01/07/2020,04:21,.292,.292,.292,.292, 65
01/07/2020,04:22,.292,.292,.292,.292, 3
01/07/2020,04:23,.292,.292,.292,.292, 67
01/07/2020,04:24,.292,.292,.292,.292, 3312
01/07/2020,04:25,.292,.292,.292,.292, 3
01/07/2020,04:26,.292,.292,.292,.292, 67
01/07/2020,04:27,.292,.292,.292,.292, 8
01/07/2020,04:28,.292,.292,.292,.292, 63
01/07/2020,04:29,.292,.292,.292,.292, 3328
01/07/2020,04:31,.292,.292,.292,.292, 61
01/07/2020,04:32,.292,.292,.292,.292, 8
01/07/2020,04:33,.292,.292,.292,.292, 81
01/07/2020,04:34,.292,.292,.292,.292, 3126
01/07/2020,04:35,.292,.292,.292,.292, 315
01/07/2020,04:37,.292,.292,.292,.292, 38
01/07/2020,04:38,.292,.292,.292,.292, 31
01/07/2020,04:39,.292,.292,.292,.292, 3345
01/07/2020,04:40,.292,.292,.292,.292, 40
01/07/2020,04:41,.292,.292,.29,.292, 1030
01/07/2020,04:42,.292,.292,.292,.292, 64
01/07/2020,04:43,.292,.292,.292,.292, 32
01/07/2020,04:44,.292,.292,.292,.292, 3143
01/07/2020,04:45,.292,.292,.292,.292, 67
01/07/2020,04:46,.292,.292,.292,.292, 5
01/07/2020,04:47,.292,.292,.292,.292, 10
01/07/2020,04:48,.292,.292,.292,.292, 66
01/07/2020,04:49,.292,.292,.292,.292, 4140
01/07/2020,04:50,.292,.292,.292,.292, 71
01/07/2020,04:51,.292,.292,.292,.292, 5
01/07/2020,04:52,.292,.292,.292,.292, 112
01/07/2020,04:53,.292,.292,.292,.292, 46
01/07/2020,04:54,.292,.292,.292,.292, 3451
01/07/2020,04:55,.292,.292,.292,.292, 33
01/07/2020,04:56,.292,.292,.292,.292, 36
01/07/2020,04:57,.292,.292,.292,.292, 38
01/07/2020,04:58,.29,.292,.29,.292, 90381
01/07/2020,04:59,.292,.292,.292,.292, 3512
01/07/2020,04:59,.292,.292,.292,.292, 3
01/07/2020,05:01,.292,.292,.29,.292, 2196
01/07/2020,05:02,.292,.292,.292,.292, 39
01/07/2020,05:04,.292,.292,.292,.292, 3494
01/07/2020,05:05,.292,.292,.292,.292, 71
01/07/2020,05:07,.292,.292,.292,.292, 68
01/07/2020,05:08,.292,.292,.292,.292, 8
01/07/2020,05:09,.292,.292,.292,.292, 3847
01/07/2020,05:09,.292,.292,.292,.292, 8
01/07/2020,05:11,.292,.292,.292,.292, 8
01/07/2020,05:11,.292,.292,.292,.292, 60
01/07/2020,05:13,.292,.292,.292,.292, 81
01/07/2020,05:14,.292,.295,.292,.292, 399438
01/07/2020,05:14,.295,.295,.295,.295, 294
01/07/2020,05:15,.292,.292,.292,.292, 472
01/07/2020,05:17,.292,.292,.292,.292, 313
01/07/2020,05:18,.292,.295,.292,.292, 469
01/07/2020,05:19,.292,.292,.292,.292, 3385
01/07/2020,05:20,.292,.292,.292,.292, 132
01/07/2020,05:21,.292,.295,.29,.292, 1297
01/07/2020,05:23,.292,.292,.292,.292, 316
01/07/2020,05:23,.292,.292,.292,.292, 3702
01/07/2020,05:25,.292,.292,.292,.292, 356
01/07/2020,05:27,.292,.292,.292,.292, 453
01/07/2020,05:29,.292,.292,.292,.292, 6302
01/07/2020,05:31,.292,.292,.292,.292, 251
01/07/2020,05:32,.292,.292,.292,.292, 217
01/07/2020,05:34,.292,.292,.292,.292, 3854
01/07/2020,05:35,.292,.292,.292,.292, 225
01/07/2020,05:37,.292,.292,.292,.292, 199
01/07/2020,05:38,.292,.292,.292,.292, 39
01/07/2020,05:39,.292,.292,.292,.292, 269
01/07/2020,05:40,.292,.292,.292,.292, 189
01/07/2020,05:41,.292,.292,.29,.29, 827
01/07/2020,05:42,.292,.292,.292,.292, 391
01/07/2020,05:44,.292,.292,.292,.292, 752
01/07/2020,05:47,.292,.292,.292,.292, 510
01/07/2020,05:49,.292,.292,.292,.292, 3049
01/07/2020,05:50,.292,.292,.292,.292, 294
01/07/2020,05:51,.292,.292,.292,.292, 248
01/07/2020,05:52,.292,.292,.292,.292, 24
01/07/2020,05:53,.29,.292,.29,.292, 7072
01/07/2020,05:54,.292,.292,.292,.292, 2461
01/07/2020,05:55,.292,.292,.292,.292, 479
01/07/2020,05:56,.292,.292,.29,.29, 801
01/07/2020,05:57,.292,.292,.292,.292, 165
01/07/2020,05:58,.292,.292,.292,.292, 289
01/07/2020,05:59,.292,.292,.292,.292, 10755
01/07/2020,05:59,.292,.292,.292,.292, 272
01/07/2020,06:01,.292,.292,.292,.292, 408
01/07/2020,06:02,.292,.292,.29,.29, 13904
01/07/2020,06:02,.292,.292,.292,.292, 780
01/07/2020,06:04,.292,.292,.292,.292, 3905
01/07/2020,06:05,.292,.292,.292,.292, 412
01/07/2020,06:06,.292,.292,.292,.292, 221
01/07/2020,06:07,.292,.292,.292,.292, 418
01/07/2020,06:08,.292,.292,.292,.292, 481
01/07/2020,06:09,.292,.292,.292,.292, 3891
01/07/2020,06:10,.292,.292,.292,.292, 260
01/07/2020,06:11,.292,.292,.29,.292, 32283
01/07/2020,06:12,.292,.292,.292,.292, 114
01/07/2020,06:13,.292,.292,.292,.292, 306
01/07/2020,06:14,.292,.295,.292,.292, 101
01/07/2020,06:15,.292,.292,.292,.292, 262
01/07/2020,06:16,.292,.295,.292,.292, 303
01/07/2020,06:17,.292,.295,.292,.292, 767
01/07/2020,06:18,.295,.295,.292,.292, 11277
01/07/2020,06:19,.292,.295,.292,.295, 1235
01/07/2020,06:19,.292,.295,.292,.295, 1485
01/07/2020,06:20,.29,.295,.29,.295, 1872
01/07/2020,06:31,.295,.295,.295,.295, 19502
01/08/2020,00:25,.295,.295,.295,.295, 6465
01/08/2020,00:39,.295,.295,.295,.295, 178
01/08/2020,01:03,.292,.292,.292,.292, 331340
01/08/2020,01:09,.292,.295,.292,.295, 1521610
01/08/2020,01:13,.295,.295,.295,.295, 187821
01/08/2020,01:14,.295,.295,.295,.295, 86577
01/08/2020,02:09,.29,.29,.29,.29, 277564
01/08/2020,02:11,.292,.292,.292,.292, 3805
01/08/2020,02:12,.292,.292,.292,.292, 15000
01/08/2020,02:14,.292,.292,.292,.292, 4412
01/08/2020,02:16,.292,.292,.292,.292, 3695
01/08/2020,02:19,.292,.292,.292,.292, 3660
01/08/2020,02:21,.292,.292,.292,.292, 3785
01/08/2020,02:24,.292,.292,.292,.292, 2448
01/08/2020,02:24,.292,.292,.292,.292, 2381
01/08/2020,02:26,.292,.292,.292,.292, 2323
01/08/2020,02:27,.292,.292,.292,.292, 1644
01/08/2020,02:28,.292,.292,.292,.292, 1774
01/08/2020,02:30,.292,.292,.292,.292, 3125
01/08/2020,02:31,.292,.292,.292,.292, 14722
01/08/2020,02:32,.292,.292,.292,.292, 1820
01/08/2020,02:34,.292,.292,.292,.292, 2157
01/08/2020,02:35,.292,.292,.292,.292, 1396
01/08/2020,03:00,.29,.29,.29,.29, 103644
01/08/2020,03:09,.29,.29,.29,.29, 2409
01/08/2020,03:13,.29,.29,.29,.29, 1407
01/08/2020,03:24,.29,.29,.29,.29, 1381
01/08/2020,03:29,.29,.29,.29,.29, 1285
01/08/2020,03:34,.29,.29,.29,.29, 5226
01/08/2020,03:39,.29,.29,.29,.29, 4795
01/08/2020,03:43,.29,.29,.29,.29, 2641
01/08/2020,03:45,.287,.29,.287,.29, 12485
01/08/2020,03:47,.287,.287,.287,.287, 62271
01/08/2020,03:58,.285,.287,.285,.287, 18483
01/08/2020,04:00,.285,.285,.285,.285, 2360
01/08/2020,04:14,.285,.287,.285,.287, 19681
01/08/2020,04:23,.287,.287,.287,.287, 988
01/08/2020,04:24,.287,.287,.287,.287, 1129
01/08/2020,04:28,.287,.287,.287,.287, 1232
01/08/2020,04:32,.285,.285,.285,.285, 89
01/08/2020,04:44,.285,.287,.285,.287, 24456
01/08/2020,04:48,.285,.285,.285,.285, 20429
01/08/2020,04:51,.28,.285,.28,.285, 24319
01/08/2020,04:58,.29,.29,.29,.29, 4829
01/08/2020,05:28,.29,.29,.29,.29, 724
01/08/2020,05:41,.29,.29,.29,.29, 4214
01/08/2020,06:01,.287,.287,.287,.287, 3951
01/08/2020,06:10,.29,.29,.29,.29, 3003
01/08/2020,06:13,.29,.29,.29,.29, 2066
01/08/2020,06:17,.29,.29,.29,.29, 3405
01/08/2020,06:19,.287,.287,.287,.287, 1
01/08/2020,06:31,.28,.28,.28,.28, 13248
01/09/2020,00:25,.28,.28,.28,.28, 6009
01/09/2020,01:14,.285,.29,.285,.29, 65377
01/09/2020,01:55,.29,.29,.29,.29, 21975
01/09/2020,01:56,.29,.29,.29,.29, 348888
01/09/2020,02:53,.29,.29,.287,.29, 175873
01/09/2020,02:57,.29,.29,.29,.29, 473
01/09/2020,02:59,.29,.29,.29,.29, 20743
01/09/2020,03:01,.295,.295,.295,.295, 481
01/09/2020,03:04,.295,.295,.295,.295, 475
01/09/2020,03:08,.295,.295,.29,.29, 9210
01/09/2020,03:11,.295,.295,.295,.295, 474
01/09/2020,03:17,.295,.295,.295,.295, 4930
01/09/2020,03:18,.295,.295,.295,.295, 459
01/09/2020,03:22,.292,.292,.292,.292, 6060
01/09/2020,03:25,.295,.295,.295,.295, 461
01/09/2020,03:28,.295,.295,.295,.295, 458
01/09/2020,03:30,.295,.295,.295,.295, 449
01/09/2020,03:38,.295,.295,.295,.295, 267
01/09/2020,03:43,.295,.295,.295,.295, 1106
01/09/2020,03:44,.292,.295,.29,.295, 18333
01/09/2020,04:01,.295,.295,.295,.295, 17022
01/09/2020,04:03,.295,.295,.295,.295, 264
01/09/2020,04:11,.295,.295,.295,.295, 441
01/09/2020,04:13,.295,.295,.295,.295, 485
01/09/2020,04:21,.292,.292,.292,.292, 34
01/09/2020,04:27,.295,.295,.295,.295, 673
01/09/2020,04:30,.295,.295,.295,.295, 350
01/09/2020,04:31,.292,.292,.292,.292, 101
01/09/2020,04:38,.295,.295,.295,.295, 520
01/09/2020,04:50,.295,.295,.295,.295, 347
01/09/2020,04:53,.295,.295,.295,.295, 430
01/09/2020,04:54,.295,.295,.295,.295, 485
01/09/2020,05:08,.295,.295,.295,.295, 488
01/09/2020,05:10,.295,.295,.295,.295, 342
01/09/2020,05:12,.295,.295,.295,.295, 351
01/09/2020,05:14,.292,.292,.292,.292, 44
01/09/2020,05:29,.295,.295,.295,.295, 704
01/09/2020,05:33,.295,.295,.295,.295, 353
01/09/2020,05:36,.295,.295,.295,.295, 269
01/09/2020,05:43,.295,.295,.295,.295, 305
01/09/2020,05:44,.295,.295,.295,.295, 368
01/09/2020,05:49,.295,.295,.295,.295, 293
01/09/2020,05:51,.292,.295,.292,.295, 38195
01/09/2020,05:54,.295,.295,.295,.295, 165
01/09/2020,05:54,.295,.295,.295,.295, 256
01/09/2020,05:57,.295,.295,.295,.295, 415
01/09/2020,06:00,.295,.295,.295,.295, 428
01/09/2020,06:02,.292,.295,.292,.295, 1231
01/09/2020,06:03,.295,.295,.295,.295, 179
01/09/2020,06:04,.295,.295,.295,.295, 439
01/09/2020,06:05,.295,.295,.295,.295, 653
01/09/2020,06:07,.292,.295,.292,.295, 522
01/09/2020,06:08,.295,.295,.295,.295, 619
01/09/2020,06:09,.295,.295,.292,.292, 1031
01/09/2020,06:10,.292,.292,.292,.292, 722
01/09/2020,06:11,.292,.292,.292,.292, 248
01/09/2020,06:12,.292,.292,.292,.292, 811
01/09/2020,06:13,.292,.292,.292,.292, 390
01/09/2020,06:14,.292,.295,.29,.29, 67984
01/09/2020,06:15,.29,.29,.29,.29, 132
01/09/2020,06:16,.29,.29,.29,.29, 13387
01/09/2020,06:17,.29,.29,.29,.29, 523
01/09/2020,06:17,.29,.29,.29,.29, 4772
01/09/2020,06:19,.29,.29,.29,.29, 291
01/09/2020,06:20,.29,.29,.29,.29, 6390
01/09/2020,06:31,.295,.295,.295,.295, 17410
01/10/2020,00:25,.29,.29,.29,.29, 3470
01/10/2020,00:35,.287,.287,.285,.285, 33983
01/10/2020,00:37,.29,.292,.29,.292, 25000
01/10/2020,00:49,.292,.292,.29,.29, 67323
01/10/2020,00:58,.29,.29,.29,.29, 470
01/10/2020,00:59,.29,.29,.29,.29, 461
01/10/2020,01:00,.29,.29,.29,.29, 4565
01/10/2020,01:03,.29,.29,.29,.29, 26207
01/10/2020,01:11,.29,.29,.29,.29, 1038
01/10/2020,01:12,.29,.29,.29,.29, 1356
01/10/2020,01:12,.29,.29,.29,.29, 431
01/10/2020,01:21,.29,.29,.29,.29, 3435
01/10/2020,01:37,.29,.29,.29,.29, 4517
01/10/2020,01:47,.29,.29,.29,.29, 2924
01/10/2020,01:50,.287,.29,.287,.29, 5104
01/10/2020,02:04,.287,.29,.287,.29, 5780
01/10/2020,02:38,.29,.29,.29,.29, 4660
01/10/2020,02:42,.29,.29,.29,.29, 5481
01/10/2020,02:51,.29,.29,.29,.29, 1309
01/10/2020,02:58,.29,.29,.29,.29, 86
01/10/2020,03:03,.285,.29,.285,.287, 29534
01/10/2020,03:03,.29,.29,.29,.29, 937
01/10/2020,03:07,.29,.29,.29,.29, 5157
01/10/2020,03:22,.29,.29,.29,.29, 91
01/10/2020,03:27,.29,.29,.29,.29, 207
01/10/2020,03:49,.29,.29,.29,.29, 105
01/10/2020,03:52,.29,.29,.29,.29, 208
01/10/2020,03:54,.29,.29,.29,.29, 167
01/10/2020,04:14,.29,.29,.29,.29, 283
01/10/2020,04:32,.287,.29,.285,.29, 3506
01/10/2020,04:44,.29,.29,.29,.29, 441
01/10/2020,04:51,.29,.29,.29,.29, 95
01/10/2020,04:52,.29,.29,.29,.29, 267
01/10/2020,04:56,.29,.29,.287,.29, 20418
01/10/2020,05:09,.29,.29,.29,.29, 2048
01/10/2020,05:10,.29,.29,.29,.29, 183
01/10/2020,05:12,.29,.29,.29,.29, 5960
01/10/2020,05:14,.29,.29,.29,.29, 1295
01/10/2020,05:18,.29,.29,.29,.29, 2024
01/10/2020,05:28,.29,.29,.29,.29, 1176
01/10/2020,05:30,.29,.29,.29,.29, 210
01/10/2020,05:30,.29,.29,.29,.29, 150
01/10/2020,05:33,.29,.29,.29,.29, 2052
01/10/2020,05:39,.29,.29,.29,.29, 1238
01/10/2020,05:43,.29,.29,.29,.29, 1083
01/10/2020,05:46,.29,.29,.29,.29, 219
01/10/2020,05:46,.29,.29,.29,.29, 173
01/10/2020,05:49,.29,.29,.29,.29, 4986
01/10/2020,06:02,.29,.29,.29,.29, 184
01/10/2020,06:04,.29,.29,.29,.29, 160
01/10/2020,06:05,.29,.29,.29,.29, 156
01/10/2020,06:07,.29,.29,.29,.29, 212
01/10/2020,06:08,.29,.29,.29,.29, 9
01/10/2020,06:09,.29,.29,.29,.29, 174
01/10/2020,06:10,.29,.29,.29,.29, 160
01/10/2020,06:11,.29,.29,.29,.29, 68
01/10/2020,06:12,.29,.29,.29,.29, 528
01/10/2020,06:13,.29,.29,.29,.29, 401
01/10/2020,06:14,.29,.29,.29,.29, 73
01/10/2020,06:15,.29,.29,.29,.29, 234
01/10/2020,06:16,.29,.29,.29,.29, 205
01/10/2020,06:17,.29,.29,.29,.29, 219
01/10/2020,06:18,.29,.29,.285,.285, 8690
01/10/2020,06:19,.285,.285,.285,.285, 1946
01/10/2020,06:20,.285,.285,.285,.285, 225
01/10/2020,06:31,.28,.28,.28,.28, 13801
01/13/2020,00:25,.28,.28,.28,.28, 54579
01/13/2020,00:35,.28,.285,.28,.285, 19137
01/13/2020,00:57,.285,.285,.285,.285, 28748
01/13/2020,01:00,.285,.285,.285,.285, 6898
01/13/2020,01:12,.282,.282,.282,.282, 2000
01/13/2020,01:20,.285,.285,.285,.285, 429
01/13/2020,01:25,.285,.285,.285,.285, 220
01/13/2020,01:35,.285,.285,.285,.285, 180
01/13/2020,01:47,.285,.285,.285,.285, 1124
01/13/2020,02:07,.285,.285,.285,.285, 20634
01/13/2020,02:53,.285,.285,.285,.285, 6101
01/13/2020,03:06,.285,.285,.285,.285, 45
01/13/2020,03:06,.285,.285,.285,.285, 1339
01/13/2020,03:16,.285,.285,.285,.285, 1686
01/13/2020,03:29,.285,.285,.285,.285, 352
01/13/2020,03:56,.285,.29,.285,.29, 118343
01/13/2020,04:05,.29,.29,.29,.29, 31935
01/13/2020,04:08,.29,.29,.29,.29, 9182
01/13/2020,04:08,.29,.29,.29,.29, 589
01/13/2020,04:13,.29,.29,.29,.29, 221
01/13/2020,04:14,.29,.29,.287,.287, 31752
01/13/2020,04:17,.287,.287,.287,.287, 501
01/13/2020,04:21,.287,.287,.287,.287, 251
01/13/2020,04:22,.287,.287,.287,.287, 3664
01/13/2020,04:26,.287,.287,.287,.287, 507
01/13/2020,04:32,.287,.29,.285,.29, 167334
01/13/2020,04:34,.285,.29,.285,.29, 46504
01/13/2020,04:40,.287,.287,.285,.285, 10000
01/13/2020,04:46,.29,.29,.29,.29, 1607
01/13/2020,04:47,.287,.29,.285,.29, 16158
01/13/2020,04:48,.287,.29,.285,.29, 16420
01/13/2020,04:50,.287,.287,.285,.285, 25000
01/13/2020,04:51,.287,.287,.285,.285, 46602
01/13/2020,04:51,.285,.285,.285,.285, 1395
01/13/2020,04:58,.285,.285,.285,.285, 92915
01/13/2020,05:10,.285,.285,.285,.285, 61770
01/13/2020,05:16,.29,.29,.29,.29, 9105
01/13/2020,05:23,.29,.29,.29,.29, 744
01/13/2020,05:29,.29,.29,.29,.29, 135
01/13/2020,05:31,.29,.29,.29,.29, 557
01/13/2020,05:34,.29,.29,.29,.29, 553
01/13/2020,05:36,.29,.29,.29,.29, 4386
01/13/2020,05:38,.29,.29,.29,.29, 3714
01/13/2020,05:41,.29,.29,.29,.29, 550
01/13/2020,05:43,.29,.29,.29,.29, 1119
01/13/2020,05:44,.29,.29,.29,.29, 560
01/13/2020,05:44,.29,.29,.29,.29, 567
01/13/2020,05:46,.29,.29,.29,.29, 1226
01/13/2020,05:48,.29,.29,.29,.29, 5319
01/13/2020,05:53,.29,.29,.29,.29, 35
01/13/2020,05:54,.29,.29,.29,.29, 533
01/13/2020,05:55,.29,.29,.29,.29, 17
01/13/2020,05:57,.29,.29,.29,.29, 512
01/13/2020,05:58,.29,.29,.29,.29, 11164
01/13/2020,06:01,.29,.29,.29,.29, 1289
01/13/2020,06:02,.29,.29,.29,.29, 571
01/13/2020,06:03,.29,.29,.29,.29, 569
01/13/2020,06:04,.29,.29,.29,.29, 47
01/13/2020,06:05,.29,.29,.29,.29, 560
01/13/2020,06:05,.29,.29,.29,.29, 1839
01/13/2020,06:07,.29,.29,.29,.29, 508
01/13/2020,06:10,.29,.29,.29,.29, 505
01/13/2020,06:11,.29,.29,.29,.29, 1782
01/13/2020,06:12,.29,.29,.29,.29, 3743
01/13/2020,06:13,.29,.29,.29,.29, 65
01/13/2020,06:14,.29,.29,.29,.29, 563
01/13/2020,06:15,.29,.29,.29,.29, 3022
01/13/2020,06:16,.29,.29,.29,.29, 4131
01/13/2020,06:17,.29,.29,.29,.29, 11922
01/13/2020,06:18,.29,.29,.29,.29, 8905
01/13/2020,06:18,.29,.29,.29,.29, 790
01/13/2020,06:20,.29,.29,.29,.29, 8606
01/13/2020,06:20,.29,.29,.29,.29, 3363
01/13/2020,06:31,.29,.29,.29,.29, 74698
01/14/2020,00:25,.29,.29,.29,.29, 27500
01/14/2020,00:35,.285,.29,.285,.29, 20348
01/14/2020,00:58,.29,.29,.29,.29, 5903
01/14/2020,01:01,.285,.29,.285,.29, 10947
01/14/2020,01:02,.29,.29,.29,.29, 1287
01/14/2020,01:13,.29,.29,.29,.29, 1078
01/14/2020,01:16,.29,.29,.29,.29, 453
01/14/2020,01:29,.29,.29,.29,.29, 360
01/14/2020,02:13,.285,.29,.285,.29, 51929
01/14/2020,02:13,.29,.29,.29,.29, 2331
01/14/2020,02:14,.29,.29,.29,.29, 62
01/14/2020,02:16,.29,.29,.29,.29, 740
01/14/2020,02:17,.29,.29,.29,.29, 583
01/14/2020,02:18,.29,.29,.29,.29, 623
01/14/2020,02:18,.29,.29,.29,.29, 353
01/14/2020,02:19,.29,.29,.29,.29, 593
01/14/2020,02:20,.29,.29,.29,.29, 587
01/14/2020,02:21,.29,.29,.29,.29, 600
01/14/2020,02:23,.29,.29,.29,.29, 700
01/14/2020,02:24,.29,.29,.29,.29, 717
01/14/2020,02:25,.29,.29,.29,.29, 721
01/14/2020,02:25,.29,.29,.29,.29, 244
01/14/2020,02:29,.29,.29,.29,.29, 1472
01/14/2020,02:29,.29,.29,.29,.29, 878
01/14/2020,02:33,.29,.29,.29,.29, 446
01/14/2020,02:36,.29,.29,.29,.29, 745
01/14/2020,02:38,.29,.29,.29,.29, 118
01/14/2020,02:39,.29,.29,.29,.29, 465
01/14/2020,02:42,.29,.29,.29,.29, 60
01/14/2020,02:49,.29,.29,.29,.29, 729
01/14/2020,02:56,.29,.29,.29,.29, 37
01/14/2020,03:07,.287,.29,.287,.29, 11654
01/14/2020,03:08,.287,.287,.287,.287, 51
01/14/2020,03:09,.285,.287,.285,.287, 96
01/14/2020,03:10,.285,.287,.285,.287, 81
01/14/2020,03:11,.287,.287,.287,.287, 42
01/14/2020,03:13,.287,.29,.287,.29, 723
01/14/2020,03:19,.29,.29,.29,.29, 3498
01/14/2020,03:20,.29,.29,.29,.29, 888
01/14/2020,03:28,.287,.29,.287,.287, 657
01/14/2020,03:33,.287,.29,.287,.29, 1774
01/14/2020,03:43,.287,.29,.287,.29, 559
01/14/2020,03:46,.287,.29,.287,.29, 657
01/14/2020,03:59,.287,.29,.287,.29, 661
01/14/2020,04:16,.285,.285,.285,.285, 49
01/14/2020,04:19,.287,.287,.287,.287, 262
01/14/2020,04:26,.285,.285,.285,.285, 49
01/14/2020,04:28,.285,.29,.285,.29, 32869
01/14/2020,04:29,.29,.29,.29,.29, 523
01/14/2020,04:33,.29,.29,.29,.29, 10230
01/14/2020,04:35,.29,.29,.29,.29, 469
01/14/2020,04:40,.29,.29,.29,.29, 523
01/14/2020,04:43,.29,.29,.29,.29, 1033
01/14/2020,04:46,.29,.29,.29,.29, 404
01/14/2020,04:47,.29,.29,.285,.29, 74850
01/14/2020,04:51,.29,.29,.29,.29, 1003
01/14/2020,04:58,.287,.29,.287,.29, 1581
01/14/2020,05:00,.29,.29,.29,.29, 11045
01/14/2020,05:02,.29,.29,.29,.29, 18616
01/14/2020,05:04,.29,.29,.29,.29, 1197
01/14/2020,05:06,.29,.29,.29,.29, 27825
01/14/2020,05:06,.29,.29,.29,.29, 831
01/14/2020,05:09,.29,.29,.29,.29, 1235
01/14/2020,05:12,.29,.29,.29,.29, 7461
01/14/2020,05:15,.29,.29,.29,.29, 1227
01/14/2020,05:19,.29,.29,.29,.29, 15336
01/14/2020,05:19,.29,.29,.29,.29, 1546
01/14/2020,05:22,.29,.29,.29,.29, 995
01/14/2020,05:26,.29,.29,.29,.29, 4050
01/14/2020,05:29,.29,.29,.29,.29, 6072
01/14/2020,05:32,.29,.29,.29,.29, 928
01/14/2020,05:35,.29,.29,.29,.29, 1116
01/14/2020,05:36,.29,.29,.29,.29, 22366
01/14/2020,05:39,.29,.29,.29,.29, 5169
01/14/2020,05:43,.287,.29,.287,.29, 1801
01/14/2020,05:43,.287,.29,.287,.29, 502
01/14/2020,05:47,.29,.29,.29,.29, 1163
01/14/2020,05:47,.29,.29,.29,.29, 97
01/14/2020,05:49,.29,.29,.29,.29, 1833
01/14/2020,05:49,.29,.29,.29,.29, 8500
01/14/2020,05:53,.29,.29,.29,.29, 1167
01/14/2020,05:54,.29,.29,.29,.29, 7
01/14/2020,05:55,.29,.29,.29,.29, 8
01/14/2020,05:56,.29,.29,.29,.29, 2482
01/14/2020,05:56,.29,.29,.29,.29, 600
01/14/2020,06:00,.29,.29,.29,.29, 4347
01/14/2020,06:00,.29,.29,.29,.29, 166
01/14/2020,06:05,.29,.29,.29,.29, 1311
01/14/2020,06:05,.29,.29,.29,.29, 9
01/14/2020,06:06,.29,.29,.29,.29, 3587
01/14/2020,06:07,.29,.29,.29,.29, 3898
01/14/2020,06:09,.29,.29,.29,.29, 3598
01/14/2020,06:11,.29,.29,.29,.29, 1555
01/14/2020,06:13,.29,.29,.287,.287, 3703
01/14/2020,06:15,.29,.29,.29,.29, 1195
01/14/2020,06:16,.29,.29,.29,.29, 223
01/14/2020,06:17,.29,.29,.29,.29, 877
01/14/2020,06:18,.287,.29,.287,.29, 2448
01/14/2020,06:19,.287,.29,.287,.29, 3720
01/14/2020,06:20,.29,.29,.29,.29, 1
01/14/2020,06:31,.29,.29,.29,.29, 42213
01/15/2020,00:58,.29,.29,.29,.29, 1033
01/15/2020,00:59,.29,.29,.29,.29, 953
01/15/2020,01:11,.29,.29,.29,.29, 525
01/15/2020,01:12,.29,.29,.29,.29, 5858
01/15/2020,01:13,.29,.29,.29,.29, 8
01/15/2020,01:15,.29,.29,.29,.29, 188
01/15/2020,01:15,.29,.29,.29,.29, 4
01/15/2020,01:21,.29,.29,.29,.29, 374
01/15/2020,01:24,.29,.29,.29,.29, 4
01/15/2020,01:31,.29,.29,.29,.29, 4
01/15/2020,01:36,.29,.29,.29,.29, 481
01/15/2020,01:37,.29,.29,.29,.29, 4
01/15/2020,01:43,.29,.29,.29,.29, 95
01/15/2020,01:44,.29,.29,.29,.29, 94
01/15/2020,01:45,.285,.29,.285,.29, 26310
01/15/2020,01:48,.29,.29,.29,.29, 4
01/15/2020,01:48,.29,.29,.29,.29, 7833
01/15/2020,01:50,.29,.29,.29,.29, 4
01/15/2020,01:56,.29,.29,.29,.29, 2169
01/15/2020,02:02,.29,.29,.29,.29, 4
01/15/2020,02:04,.287,.29,.285,.29, 210939
01/15/2020,02:05,.287,.287,.285,.285, 116723
01/15/2020,02:05,.285,.285,.285,.285, 8111
01/15/2020,02:24,.285,.285,.285,.285, 296
01/15/2020,02:30,.28,.285,.28,.285, 56395
01/15/2020,02:44,.28,.28,.28,.28, 100000
01/15/2020,02:46,.28,.285,.28,.285, 199471
01/15/2020,02:56,.285,.285,.285,.285, 1387
01/15/2020,02:59,.285,.285,.285,.285, 516
01/15/2020,03:06,.285,.285,.285,.285, 2861
01/15/2020,03:07,.285,.285,.285,.285, 4016
01/15/2020,03:09,.285,.285,.285,.285, 3008
01/15/2020,03:11,.285,.285,.285,.285, 1494
01/15/2020,03:14,.282,.285,.28,.285, 57990
01/15/2020,03:17,.285,.285,.285,.285, 8425
01/15/2020,03:19,.285,.285,.285,.285, 14776
01/15/2020,03:21,.285,.285,.285,.285, 8118
01/15/2020,03:24,.285,.285,.285,.285, 1100
01/15/2020,03:26,.285,.285,.285,.285, 4
01/15/2020,03:29,.285,.285,.285,.285, 972
01/15/2020,03:31,.285,.285,.285,.285, 1317
01/15/2020,03:41,.285,.285,.285,.285, 9454
01/15/2020,03:43,.285,.285,.285,.285, 3951
01/15/2020,03:43,.285,.285,.285,.285, 4
01/15/2020,03:44,.285,.285,.285,.285, 4
01/15/2020,03:45,.285,.285,.285,.285, 4
01/15/2020,03:47,.285,.285,.285,.285, 2357
01/15/2020,03:47,.285,.285,.285,.285, 4
01/15/2020,03:51,.285,.285,.285,.285, 4215
01/15/2020,03:54,.285,.285,.285,.285, 760
01/15/2020,03:56,.285,.285,.285,.285, 3072
01/15/2020,03:59,.285,.285,.285,.285, 10274
01/15/2020,03:59,.285,.285,.285,.285, 740
01/15/2020,04:00,.285,.285,.285,.285, 703
01/15/2020,04:06,.285,.285,.285,.285, 4
01/15/2020,04:07,.285,.285,.285,.285, 4023
01/15/2020,04:10,.285,.285,.285,.285, 4316
01/15/2020,04:11,.285,.285,.285,.285, 716
01/15/2020,04:18,.285,.285,.285,.285, 4
01/15/2020,04:23,.285,.285,.285,.285, 1049
01/15/2020,04:24,.285,.285,.285,.285, 2263
01/15/2020,04:28,.285,.285,.285,.285, 3300
01/15/2020,04:34,.285,.285,.285,.285, 4518
01/15/2020,04:34,.285,.285,.285,.285, 610
01/15/2020,04:35,.285,.285,.285,.285, 1673
01/15/2020,04:36,.285,.285,.285,.285, 235
01/15/2020,04:37,.285,.285,.285,.285, 110
01/15/2020,04:38,.285,.285,.285,.285, 4
01/15/2020,04:40,.285,.285,.285,.285, 3776
01/15/2020,04:43,.285,.285,.285,.285, 9024
01/15/2020,04:44,.285,.285,.285,.285, 878
01/15/2020,04:45,.285,.285,.285,.285, 4649
01/15/2020,04:53,.285,.285,.285,.285, 8267
01/15/2020,04:54,.285,.285,.285,.285, 4035
01/15/2020,04:56,.285,.285,.285,.285, 110
01/15/2020,04:56,.285,.285,.285,.285, 4
01/15/2020,04:57,.285,.285,.285,.285, 4
01/15/2020,04:59,.285,.285,.285,.285, 858
01/15/2020,05:00,.285,.285,.285,.285, 115
01/15/2020,05:11,.285,.285,.285,.285, 4
01/15/2020,05:12,.285,.285,.285,.285, 579
01/15/2020,05:12,.285,.285,.285,.285, 5892
01/15/2020,05:14,.285,.285,.285,.285, 118
01/15/2020,05:14,.285,.285,.285,.285, 637
01/15/2020,05:16,.285,.285,.285,.285, 6853
01/15/2020,05:16,.285,.285,.285,.285, 160
01/15/2020,05:19,.285,.285,.285,.285, 939
01/15/2020,05:24,.285,.285,.285,.285, 4
01/15/2020,05:26,.285,.285,.285,.285, 1902
01/15/2020,05:34,.285,.285,.285,.285, 9150
01/15/2020,05:36,.285,.285,.285,.285, 1037
01/15/2020,05:38,.285,.285,.285,.285, 2223
01/15/2020,05:39,.285,.285,.285,.285, 114
01/15/2020,05:44,.285,.285,.282,.285, 3859
01/15/2020,05:45,.285,.285,.285,.285, 110
01/15/2020,05:47,.285,.285,.285,.285, 116
01/15/2020,05:48,.285,.285,.285,.285, 113
01/15/2020,05:50,.285,.285,.285,.285, 112
01/15/2020,05:52,.285,.285,.285,.285, 122
01/15/2020,05:54,.285,.285,.285,.285, 115
01/15/2020,05:54,.285,.285,.285,.285, 13
01/15/2020,05:55,.285,.285,.285,.285, 110
01/15/2020,05:58,.285,.285,.285,.285, 4962
01/15/2020,05:58,.285,.285,.285,.285, 114
01/15/2020,05:59,.285,.285,.285,.285, 719
01/15/2020,06:00,.285,.285,.285,.285, 115
01/15/2020,06:01,.285,.285,.285,.285, 255
01/15/2020,06:03,.285,.285,.282,.285, 5979
01/15/2020,06:04,.285,.285,.285,.285, 160
01/15/2020,06:05,.285,.285,.285,.285, 276
01/15/2020,06:05,.285,.285,.285,.285, 131
01/15/2020,06:07,.285,.285,.285,.285, 124
01/15/2020,06:07,.285,.285,.285,.285, 134
01/15/2020,06:08,.285,.285,.285,.285, 124
01/15/2020,06:10,.285,.285,.285,.285, 289
01/15/2020,06:10,.285,.285,.285,.285, 116
01/15/2020,06:12,.285,.285,.285,.285, 2633
01/15/2020,06:13,.285,.285,.285,.285, 194
01/15/2020,06:14,.285,.285,.282,.285, 199
01/15/2020,06:15,.285,.285,.282,.285, 7123
01/15/2020,06:16,.285,.285,.285,.285, 198
01/15/2020,06:17,.285,.285,.285,.285, 5010
01/15/2020,06:18,.285,.285,.285,.285, 1901
01/15/2020,06:19,.285,.285,.285,.285, 1208
01/15/2020,06:20,.285,.29,.285,.285, 7712
01/15/2020,06:20,.29,.29,.285,.285, 9682
01/15/2020,06:31,.275,.275,.275,.275, 41309
01/16/2020,00:25,.28,.28,.28,.28, 1085
01/16/2020,00:26,.285,.285,.285,.285, 17941
01/16/2020,00:33,.285,.29,.285,.29, 10145
01/16/2020,00:34,.285,.285,.285,.285, 4575
01/16/2020,00:47,.29,.29,.29,.29, 3405
01/16/2020,00:51,.29,.29,.29,.29, 19535
01/16/2020,00:57,.29,.29,.29,.29, 1380
01/16/2020,01:03,.287,.29,.287,.29, 1047
01/16/2020,01:11,.29,.29,.287,.29, 4670
01/16/2020,01:12,.29,.29,.29,.29, 1703
01/16/2020,01:13,.29,.29,.29,.29, 980
01/16/2020,01:14,.29,.29,.29,.29, 855
01/16/2020,01:15,.29,.29,.29,.29, 1267
01/16/2020,01:19,.29,.29,.29,.29, 421
01/16/2020,01:21,.29,.29,.287,.287, 451
01/16/2020,01:32,.29,.29,.287,.287, 401
01/16/2020,01:34,.287,.29,.285,.29, 82277
01/16/2020,01:57,.287,.29,.285,.29, 11323
01/16/2020,01:59,.29,.29,.29,.29, 3318
01/16/2020,02:09,.29,.29,.29,.29, 7706
01/16/2020,02:11,.287,.287,.287,.287, 315
01/16/2020,02:21,.287,.287,.287,.287, 1083
01/16/2020,02:39,.29,.29,.287,.29, 8926
01/16/2020,02:45,.29,.29,.29,.29, 261
01/16/2020,02:49,.29,.29,.29,.29, 253
01/16/2020,02:52,.29,.29,.29,.29, 248
01/16/2020,02:54,.29,.29,.287,.287, 69
01/16/2020,02:55,.29,.29,.287,.287, 583
01/16/2020,02:56,.29,.29,.29,.29, 507
01/16/2020,02:57,.29,.29,.29,.29, 1638
01/16/2020,03:03,.29,.29,.29,.29, 403
01/16/2020,03:05,.29,.29,.29,.29, 415
01/16/2020,03:06,.29,.29,.29,.29, 934
01/16/2020,03:09,.29,.29,.29,.29, 405
01/16/2020,03:17,.29,.29,.29,.29, 5881
01/16/2020,03:18,.29,.29,.29,.29, 103
01/16/2020,03:21,.29,.29,.29,.29, 2247
01/16/2020,03:23,.29,.29,.29,.29, 471
01/16/2020,03:27,.29,.29,.29,.29, 472
01/16/2020,03:28,.29,.29,.29,.29, 736
01/16/2020,03:29,.287,.29,.287,.29, 3389
01/16/2020,03:36,.29,.29,.29,.29, 1519
01/16/2020,03:42,.29,.29,.29,.29, 1362
01/16/2020,03:43,.29,.29,.29,.29, 556
01/16/2020,03:44,.29,.29,.29,.29, 579
01/16/2020,03:45,.29,.29,.29,.29, 282
01/16/2020,03:46,.29,.29,.29,.29, 264
01/16/2020,03:48,.29,.29,.29,.29, 262
01/16/2020,03:50,.29,.29,.29,.29, 1377
01/16/2020,03:51,.29,.29,.29,.29, 63
01/16/2020,03:53,.29,.29,.29,.29, 5413
01/16/2020,03:57,.29,.29,.29,.29, 2321
01/16/2020,03:58,.29,.29,.29,.29, 373
01/16/2020,04:00,.29,.29,.29,.29, 396
01/16/2020,04:04,.29,.29,.29,.29, 390
01/16/2020,04:05,.29,.29,.29,.29, 1283
01/16/2020,04:06,.29,.29,.29,.29, 3001
01/16/2020,04:09,.29,.29,.29,.29, 390
01/16/2020,04:11,.29,.29,.29,.29, 1441
01/16/2020,04:15,.29,.29,.29,.29, 402
01/16/2020,04:18,.29,.29,.29,.29, 3411
01/16/2020,04:20,.29,.29,.29,.29, 2581
01/16/2020,04:22,.29,.29,.29,.29, 67
01/16/2020,04:26,.29,.29,.29,.29, 2081
01/16/2020,04:31,.29,.29,.29,.29, 1605
01/16/2020,04:33,.29,.29,.29,.29, 487
01/16/2020,04:34,.29,.29,.29,.29, 495
01/16/2020,04:35,.29,.29,.29,.29, 2774
01/16/2020,04:37,.29,.29,.29,.29, 66
01/16/2020,04:39,.29,.29,.29,.29, 450
01/16/2020,04:41,.29,.29,.29,.29, 2460
01/16/2020,04:45,.29,.29,.29,.29, 915
01/16/2020,04:48,.29,.29,.29,.29, 2610
01/16/2020,04:49,.29,.29,.29,.29, 406
01/16/2020,04:51,.29,.29,.29,.29, 71
01/16/2020,04:52,.29,.29,.29,.29, 469
01/16/2020,04:54,.29,.29,.29,.29, 1993
01/16/2020,04:55,.29,.29,.29,.29, 136
01/16/2020,04:56,.29,.29,.29,.29, 479
01/16/2020,04:57,.29,.29,.29,.29, 480
01/16/2020,04:58,.29,.29,.29,.29, 473
01/16/2020,04:59,.29,.29,.29,.29, 3780
01/16/2020,05:00,.29,.29,.29,.29, 15966
01/16/2020,05:05,.29,.29,.29,.29, 845
01/16/2020,05:06,.29,.29,.29,.29, 1662
01/16/2020,05:08,.29,.29,.29,.29, 327
01/16/2020,05:10,.29,.29,.29,.29, 1016
01/16/2020,05:11,.29,.29,.29,.29, 2166
01/16/2020,05:13,.29,.29,.29,.29, 800
01/16/2020,05:13,.29,.29,.29,.29, 798
01/16/2020,05:14,.29,.29,.29,.29, 823
01/16/2020,05:15,.29,.29,.29,.29, 3737
01/16/2020,05:18,.29,.29,.29,.29, 390
01/16/2020,05:21,.29,.29,.29,.29, 2365
01/16/2020,05:23,.29,.29,.29,.29, 221
01/16/2020,05:26,.29,.29,.29,.29, 40
01/16/2020,05:27,.29,.29,.29,.29, 2826
01/16/2020,05:33,.29,.29,.29,.29, 558
01/16/2020,05:34,.29,.29,.29,.29, 1380
01/16/2020,05:36,.29,.29,.29,.29, 1543
01/16/2020,05:38,.29,.29,.29,.29, 236
01/16/2020,05:40,.29,.29,.29,.29, 981
01/16/2020,05:44,.29,.29,.29,.29, 484
01/16/2020,05:46,.29,.29,.287,.29, 8807
01/16/2020,05:48,.29,.29,.29,.29, 1091
01/16/2020,05:49,.287,.29,.285,.29, 127123
01/16/2020,05:51,.29,.29,.29,.29, 2674
01/16/2020,05:52,.29,.29,.29,.29, 1384
01/16/2020,05:54,.29,.29,.29,.29, 53
01/16/2020,05:57,.29,.29,.29,.29, 54
01/16/2020,06:00,.29,.29,.29,.29, 56
01/16/2020,06:01,.29,.29,.29,.29, 1086
01/16/2020,06:02,.29,.29,.29,.29, 52
01/16/2020,06:03,.287,.29,.285,.29, 84000
01/16/2020,06:05,.29,.29,.29,.29, 1421
01/16/2020,06:08,.29,.29,.29,.29, 71
01/16/2020,06:11,.287,.29,.285,.29, 71626
01/16/2020,06:14,.29,.29,.29,.29, 57
01/16/2020,06:16,.29,.29,.29,.29, 4048
01/16/2020,06:17,.29,.29,.29,.29, 2935
01/16/2020,06:19,.29,.29,.29,.29, 24004
01/16/2020,06:20,.29,.29,.285,.29, 2519
01/16/2020,06:20,.285,.29,.285,.29, 1760
01/16/2020,06:31,.29,.29,.29,.29, 138416
01/17/2020,03:22,.285,.29,.285,.29, 6387
01/17/2020,03:24,.29,.29,.29,.29, 173
01/17/2020,03:32,.285,.29,.285,.285, 7279
01/17/2020,03:34,.29,.29,.29,.29, 1021
01/17/2020,03:36,.29,.29,.29,.29, 52
01/17/2020,03:41,.287,.29,.287,.29, 11625
01/17/2020,04:06,.285,.29,.285,.29, 24580
01/17/2020,04:08,.29,.29,.29,.29, 5879
01/17/2020,04:09,.29,.29,.29,.29, 2094
01/17/2020,04:11,.29,.29,.29,.29, 760
01/17/2020,04:26,.287,.29,.285,.29, 17630
01/17/2020,05:10,.29,.29,.29,.29, 272
01/17/2020,05:11,.29,.29,.29,.29, 57
01/17/2020,06:11,.285,.29,.285,.285, 1089
01/17/2020,06:12,.285,.285,.285,.285, 6
01/17/2020,06:13,.285,.285,.285,.285, 6
01/17/2020,06:14,.285,.287,.285,.287, 6
01/17/2020,06:15,.287,.287,.287,.287, 4
01/17/2020,06:16,.29,.29,.29,.29, 524
01/17/2020,06:18,.285,.29,.285,.29, 106317
01/17/2020,06:19,.29,.29,.29,.29, 62
01/17/2020,06:31,.28,.28,.28,.28, 43375
01/20/2020,00:25,.29,.29,.29,.29, 36569
01/20/2020,01:06,.29,.29,.285,.29, 6468
01/20/2020,03:17,.29,.29,.29,.29, 185
01/20/2020,03:19,.29,.29,.29,.29, 175
01/20/2020,03:25,.285,.29,.285,.29, 167877
01/20/2020,03:29,.29,.29,.29,.29, 475
01/20/2020,03:35,.287,.287,.285,.285, 100000
01/20/2020,03:35,.29,.29,.29,.29, 4928
01/20/2020,03:37,.29,.29,.29,.29, 18742
01/20/2020,03:54,.29,.29,.29,.29, 113
01/20/2020,03:59,.29,.29,.29,.29, 3385
01/20/2020,04:01,.287,.29,.287,.29, 3431
01/20/2020,04:11,.287,.29,.285,.29, 94687
01/20/2020,04:34,.29,.29,.287,.287, 5503
01/20/2020,04:34,.287,.287,.287,.287, 1438
01/20/2020,04:36,.29,.29,.29,.29, 3696
01/20/2020,04:39,.29,.29,.29,.29, 1211
01/20/2020,04:41,.29,.29,.29,.29, 252
01/20/2020,04:50,.29,.29,.29,.29, 122
01/20/2020,04:52,.287,.29,.285,.285, 29514
01/20/2020,04:54,.29,.29,.29,.29, 1495
01/20/2020,05:06,.287,.29,.28,.285, 49062
01/20/2020,05:21,.29,.29,.29,.29, 928
01/20/2020,05:26,.29,.29,.29,.29, 50291
01/20/2020,05:29,.29,.29,.29,.29, 2818
01/20/2020,05:31,.29,.29,.285,.285, 6590
01/20/2020,05:34,.29,.29,.285,.285, 2364
01/20/2020,05:45,.29,.29,.29,.29, 127
01/20/2020,06:01,.29,.29,.29,.29, 762
01/20/2020,06:02,.29,.29,.29,.29, 36
01/20/2020,06:03,.29,.29,.29,.29, 142
01/20/2020,06:03,.29,.29,.29,.29, 7
01/20/2020,06:06,.29,.29,.29,.29, 109
01/20/2020,06:07,.287,.29,.287,.29, 939
01/20/2020,06:07,.287,.29,.287,.29, 1732
01/20/2020,06:09,.287,.29,.285,.29, 13566
01/20/2020,06:10,.285,.285,.285,.285, 778
01/20/2020,06:12,.29,.29,.29,.29, 107
01/20/2020,06:14,.29,.29,.29,.29, 2833
01/20/2020,06:15,.29,.29,.29,.29, 31
01/20/2020,06:16,.29,.29,.29,.29, 71
01/20/2020,06:17,.29,.29,.29,.29, 220
01/20/2020,06:19,.29,.29,.29,.29, 249
01/20/2020,06:20,.285,.29,.285,.285, 4041
01/20/2020,06:20,.285,.285,.285,.285, 68
01/20/2020,06:31,.28,.28,.28,.28, 86049
01/21/2020,01:25,.28,.28,.28,.28, 3784
01/21/2020,01:34,.285,.285,.285,.285, 11854
01/21/2020,01:54,.285,.285,.285,.285, 5691
01/21/2020,02:21,.285,.285,.285,.285, 1955
01/21/2020,02:22,.285,.285,.285,.285, 601
01/21/2020,02:36,.285,.285,.285,.285, 6137
01/21/2020,02:41,.285,.285,.285,.285, 3840
01/21/2020,02:46,.285,.285,.285,.285, 1037
01/21/2020,02:52,.28,.285,.28,.285, 4917
01/21/2020,02:59,.28,.285,.28,.285, 10157
01/21/2020,03:08,.285,.285,.285,.285, 163
01/21/2020,03:18,.285,.285,.285,.285, 214
01/21/2020,03:24,.285,.285,.285,.285, 13508
01/21/2020,03:28,.285,.285,.285,.285, 156
01/21/2020,03:31,.28,.285,.28,.285, 13931
01/21/2020,03:38,.285,.285,.285,.285, 160
01/21/2020,03:44,.285,.285,.285,.285, 50
01/21/2020,03:57,.285,.285,.285,.285, 365
01/21/2020,04:06,.28,.285,.28,.285, 4122
01/21/2020,04:17,.285,.285,.285,.285, 414
01/21/2020,04:38,.285,.285,.285,.285, 560
01/21/2020,04:58,.285,.285,.282,.282, 1861
01/21/2020,04:59,.282,.282,.282,.282, 188
01/21/2020,05:02,.282,.282,.282,.282, 41
01/21/2020,05:04,.282,.282,.282,.282, 40
01/21/2020,05:06,.282,.282,.282,.282, 42
01/21/2020,05:08,.282,.282,.282,.282, 40
01/21/2020,05:10,.282,.282,.282,.282, 40
01/21/2020,05:12,.282,.282,.282,.282, 40
01/21/2020,05:14,.282,.282,.282,.282, 91
01/21/2020,05:16,.282,.282,.282,.282, 40
01/21/2020,05:18,.282,.282,.282,.282, 41
01/21/2020,05:20,.282,.282,.282,.282, 1130
01/21/2020,05:22,.282,.282,.282,.282, 158
01/21/2020,05:24,.282,.282,.282,.282, 41
01/21/2020,05:26,.282,.282,.282,.282, 41
01/21/2020,05:28,.282,.282,.282,.282, 92
01/21/2020,05:30,.282,.282,.282,.282, 42
01/21/2020,05:32,.282,.282,.282,.282, 726
01/21/2020,05:32,.282,.282,.282,.282, 42
01/21/2020,05:34,.282,.282,.282,.282, 43
01/21/2020,05:36,.282,.282,.282,.282, 43
01/21/2020,05:38,.282,.282,.282,.282, 43
01/21/2020,05:40,.282,.282,.282,.282, 40
01/21/2020,05:40,.282,.282,.282,.282, 184
01/21/2020,05:42,.282,.282,.282,.282, 42
01/21/2020,05:42,.282,.282,.282,.282, 61
01/21/2020,05:44,.282,.282,.282,.282, 41
01/21/2020,05:46,.282,.282,.282,.282, 42
01/21/2020,05:48,.282,.282,.282,.282, 41
01/21/2020,05:49,.282,.282,.282,.282, 41
01/21/2020,05:51,.282,.282,.282,.282, 47
01/21/2020,05:52,.282,.282,.28,.28, 34
01/21/2020,05:53,.282,.282,.28,.282, 233
01/21/2020,05:54,.282,.282,.28,.282, 259
01/21/2020,05:55,.28,.282,.28,.28, 64
01/21/2020,05:56,.282,.282,.282,.282, 142
01/21/2020,05:57,.282,.282,.282,.282, 113
01/21/2020,05:58,.282,.282,.282,.282, 94
01/21/2020,05:59,.282,.282,.282,.282, 88
01/21/2020,06:00,.282,.282,.282,.282, 60
01/21/2020,06:01,.282,.282,.28,.282, 7728
01/21/2020,06:02,.28,.282,.28,.282, 54904
01/21/2020,06:03,.282,.282,.282,.282, 666
01/21/2020,06:04,.282,.282,.282,.282, 166
01/21/2020,06:05,.282,.282,.282,.282, 89
01/21/2020,06:06,.282,.282,.282,.282, 136
01/21/2020,06:07,.28,.282,.28,.282, 3452
01/21/2020,06:08,.282,.282,.282,.282, 138
01/21/2020,06:09,.282,.282,.282,.282, 842
01/21/2020,06:10,.282,.282,.282,.282, 96
01/21/2020,06:11,.282,.282,.282,.282, 154
01/21/2020,06:12,.282,.282,.282,.282, 93
01/21/2020,06:13,.282,.282,.282,.282, 185
01/21/2020,06:14,.282,.282,.282,.282, 112
01/21/2020,06:15,.282,.282,.282,.282, 206
01/21/2020,06:16,.282,.282,.28,.28, 169221
01/21/2020,06:17,.28,.28,.28,.28, 152
01/21/2020,06:19,.28,.28,.28,.28, 33
01/21/2020,06:19,.28,.28,.28,.28, 1399
01/21/2020,06:32,.275,.275,.275,.275, 184292
01/22/2020,00:25,.275,.275,.27,.27, 241517
01/22/2020,00:55,.275,.275,.275,.275, 3741
01/22/2020,01:12,.275,.28,.275,.28, 141263
01/22/2020,01:13,.28,.28,.28,.28, 1585
01/22/2020,01:14,.28,.28,.28,.28, 1568
01/22/2020,01:41,.275,.28,.275,.28, 63813
01/22/2020,02:04,.278,.28,.278,.28, 55759
01/22/2020,02:04,.278,.28,.278,.28, 22415
01/22/2020,02:09,.28,.28,.28,.28, 16260
01/22/2020,02:13,.278,.278,.278,.278, 3649
01/22/2020,02:17,.28,.28,.278,.278, 27277
01/22/2020,02:18,.278,.278,.278,.278, 3834
01/22/2020,02:19,.278,.278,.278,.278, 4007
01/22/2020,02:26,.278,.28,.278,.28, 5761
01/22/2020,02:33,.278,.278,.278,.278, 3804
01/22/2020,02:40,.278,.278,.278,.278, 3800
01/22/2020,02:44,.28,.28,.28,.28, 2232
01/22/2020,02:46,.278,.278,.278,.278, 3425
01/22/2020,02:51,.278,.278,.278,.278, 2500
01/22/2020,02:53,.278,.28,.278,.28, 5868
01/22/2020,02:57,.278,.278,.278,.278, 5500
01/22/2020,02:59,.28,.28,.28,.28, 684
01/22/2020,03:01,.28,.28,.28,.28, 16422
01/22/2020,03:01,.278,.278,.278,.278, 3572
01/22/2020,03:08,.278,.28,.278,.28, 4955
01/22/2020,03:09,.28,.28,.28,.28, 3575
01/22/2020,03:17,.278,.278,.278,.278, 4130
01/22/2020,03:18,.28,.28,.28,.28, 572
01/22/2020,03:22,.28,.28,.28,.28, 667
01/22/2020,03:25,.28,.28,.28,.28, 700
01/22/2020,03:26,.278,.28,.278,.28, 5540
01/22/2020,03:28,.28,.28,.28,.28, 1701
01/22/2020,03:31,.28,.28,.28,.28, 795
01/22/2020,03:33,.28,.28,.28,.28, 730
01/22/2020,03:36,.278,.278,.278,.278, 3745
01/22/2020,03:37,.28,.28,.28,.28, 616
01/22/2020,03:38,.28,.28,.28,.28, 603
01/22/2020,03:39,.28,.28,.28,.28, 731
01/22/2020,03:42,.28,.28,.28,.28, 622
01/22/2020,03:43,.278,.28,.278,.28, 5685
01/22/2020,03:45,.28,.28,.28,.28, 601
01/22/2020,03:53,.278,.278,.278,.278, 3871
01/22/2020,03:56,.28,.28,.28,.28, 1262
01/22/2020,04:01,.278,.28,.278,.28, 4368
01/22/2020,04:10,.278,.28,.278,.28, 5285
01/22/2020,04:13,.278,.28,.278,.28, 12849
01/22/2020,04:15,.28,.28,.28,.28, 16615
01/22/2020,04:19,.278,.278,.278,.278, 3649
01/22/2020,04:26,.28,.28,.28,.28, 1629
01/22/2020,04:28,.278,.28,.278,.28, 3747
01/22/2020,04:38,.278,.28,.278,.28, 6175
01/22/2020,04:47,.278,.28,.278,.28, 4738
01/22/2020,04:54,.278,.28,.278,.28, 4469
01/22/2020,04:56,.28,.28,.28,.28, 5697
01/22/2020,04:59,.28,.28,.28,.28, 19977
01/22/2020,05:23,.278,.278,.278,.278, 459
01/22/2020,05:33,.278,.278,.278,.278, 1132
01/22/2020,05:35,.278,.28,.278,.28, 5754
01/22/2020,05:35,.28,.28,.28,.28, 218
01/22/2020,05:41,.28,.28,.28,.28, 6
01/22/2020,05:43,.278,.278,.278,.278, 464
01/22/2020,05:47,.28,.28,.28,.28, 6
01/22/2020,05:49,.278,.28,.275,.28, 2481
01/22/2020,05:53,.278,.28,.275,.28, 2979
01/22/2020,05:54,.28,.28,.28,.28, 16
01/22/2020,05:55,.28,.28,.28,.28, 13
01/22/2020,05:56,.278,.28,.275,.28, 4880
01/22/2020,05:59,.28,.28,.28,.28, 4
01/22/2020,06:02,.28,.28,.275,.28, 5077
01/22/2020,06:03,.28,.28,.28,.28, 47
01/22/2020,06:04,.28,.28,.28,.28, 47
01/22/2020,06:05,.28,.28,.28,.28, 37
01/22/2020,06:05,.28,.28,.28,.28, 4
01/22/2020,06:06,.278,.28,.275,.28, 4829
01/22/2020,06:08,.28,.28,.28,.28, 4
01/22/2020,06:09,.275,.28,.275,.28, 3177
01/22/2020,06:10,.278,.28,.275,.28, 1420
01/22/2020,06:10,.278,.28,.275,.28, 8665
01/22/2020,06:12,.28,.28,.28,.28, 4
01/22/2020,06:15,.28,.28,.28,.28, 5
01/22/2020,06:17,.28,.28,.28,.28, 3
01/22/2020,06:19,.28,.28,.28,.28, 126
01/22/2020,06:20,.28,.28,.28,.28, 36759
01/22/2020,06:20,.28,.28,.28,.28, 3717
01/22/2020,06:32,.28,.28,.28,.28, 275828
01/23/2020,00:26,.28,.28,.28,.28, 38795
01/23/2020,00:26,.28,.28,.28,.28, 183056
01/23/2020,00:30,.282,.282,.28,.28, 124137
01/23/2020,00:39,.28,.28,.28,.28, 402
01/23/2020,00:50,.275,.28,.275,.28, 25000
01/23/2020,00:53,.28,.28,.28,.28, 1242
01/23/2020,01:11,.28,.28,.28,.28, 2272
01/23/2020,01:14,.275,.275,.275,.275, 72307
01/23/2020,01:16,.272,.275,.272,.275, 7322
01/23/2020,01:17,.275,.28,.275,.28, 16604
01/23/2020,01:31,.27,.27,.27,.27, 506
01/23/2020,01:34,.27,.27,.27,.27, 501
01/23/2020,01:38,.27,.27,.27,.27, 506
01/23/2020,01:41,.27,.27,.27,.27, 505
01/23/2020,01:44,.27,.27,.27,.27, 503
01/23/2020,01:47,.27,.27,.27,.27, 508
01/23/2020,01:51,.27,.27,.27,.27, 503
01/23/2020,01:54,.27,.27,.27,.27, 510
01/23/2020,01:57,.27,.27,.27,.27, 506
01/23/2020,02:00,.27,.27,.27,.27, 507
01/23/2020,02:03,.27,.27,.27,.27, 508
01/23/2020,02:07,.27,.27,.27,.27, 504
01/23/2020,02:10,.27,.27,.27,.27, 506
01/23/2020,02:13,.27,.27,.27,.27, 508
01/23/2020,02:16,.27,.27,.27,.27, 507
01/23/2020,02:20,.27,.275,.27,.275, 4464
01/23/2020,02:24,.27,.27,.27,.27, 505
01/23/2020,02:28,.27,.27,.27,.27, 504
01/23/2020,02:30,.275,.275,.275,.275, 5428
01/23/2020,02:32,.27,.27,.27,.27, 500
01/23/2020,02:36,.27,.27,.27,.27, 503
01/23/2020,02:39,.27,.27,.27,.27, 500
01/23/2020,02:42,.27,.275,.27,.275, 8835
01/23/2020,02:47,.275,.275,.272,.275, 2167
01/23/2020,02:53,.27,.27,.27,.27, 506
01/23/2020,02:56,.27,.27,.27,.27, 506
01/23/2020,02:59,.27,.275,.27,.272, 6069
01/23/2020,03:07,.27,.27,.27,.27, 504
01/23/2020,03:09,.27,.275,.27,.275, 27159
01/23/2020,03:14,.27,.27,.27,.27, 500
01/23/2020,03:16,.275,.275,.275,.275, 1709
01/23/2020,03:16,.27,.275,.27,.275, 116895
01/23/2020,03:22,.27,.27,.27,.27, 504
01/23/2020,03:25,.27,.27,.27,.27, 506
01/23/2020,03:28,.27,.275,.27,.275, 1196
01/23/2020,03:34,.27,.27,.27,.27, 501
01/23/2020,03:36,.275,.275,.275,.275, 4473
01/23/2020,03:38,.27,.27,.27,.27, 504
01/23/2020,03:41,.27,.27,.27,.27, 505
01/23/2020,03:44,.27,.27,.27,.27, 504
01/23/2020,03:47,.27,.27,.27,.27, 505
01/23/2020,03:49,.275,.275,.272,.275, 22116
01/23/2020,03:54,.27,.27,.27,.27, 501
01/23/2020,03:56,.275,.275,.275,.275, 2723
01/23/2020,03:57,.27,.27,.27,.27, 500
01/23/2020,04:00,.275,.275,.272,.275, 5515
01/23/2020,04:05,.27,.27,.27,.27, 512
01/23/2020,04:08,.27,.27,.27,.27, 506
01/23/2020,04:11,.275,.275,.275,.275, 2827
01/23/2020,04:11,.27,.27,.27,.27, 507
01/23/2020,04:14,.27,.27,.27,.27, 502
01/23/2020,04:18,.27,.27,.27,.27, 502
01/23/2020,04:21,.27,.27,.27,.27, 507
01/23/2020,04:24,.27,.27,.27,.27, 503
01/23/2020,04:26,.275,.275,.272,.275, 4429
01/23/2020,04:31,.27,.27,.27,.27, 504
01/23/2020,04:35,.27,.275,.27,.275, 1131
01/23/2020,04:38,.275,.275,.27,.27, 5304
01/23/2020,04:41,.27,.275,.27,.275, 1260
01/23/2020,04:48,.27,.27,.27,.27, 507
01/23/2020,04:50,.27,.27,.27,.27, 401
01/23/2020,04:53,.27,.275,.27,.275, 785
01/23/2020,04:54,.275,.275,.272,.272, 3522
01/23/2020,04:58,.27,.27,.27,.27, 397
01/23/2020,05:01,.27,.27,.27,.27, 459
01/23/2020,05:04,.27,.27,.27,.27, 454
01/23/2020,05:07,.27,.27,.27,.27, 457
01/23/2020,05:11,.27,.275,.27,.275, 8127
01/23/2020,05:15,.275,.275,.275,.275, 639
01/23/2020,05:16,.27,.27,.27,.27, 430
01/23/2020,05:19,.27,.27,.27,.27, 436
01/23/2020,05:22,.27,.27,.27,.27, 428
01/23/2020,05:23,.27,.275,.265,.27, 110094
01/23/2020,05:23,.267,.27,.267,.27, 1413
01/23/2020,05:26,.27,.27,.27,.27, 2503
01/23/2020,05:36,.265,.265,.265,.265, 434
01/23/2020,05:38,.267,.27,.267,.267, 2597
01/23/2020,05:44,.27,.27,.265,.265, 512
01/23/2020,05:47,.265,.265,.265,.265, 501
01/23/2020,05:49,.27,.27,.267,.27, 14887
01/23/2020,05:51,.27,.27,.27,.27, 1657
01/23/2020,05:56,.265,.265,.265,.265, 506
01/23/2020,05:59,.265,.265,.265,.265, 508
01/23/2020,06:01,.27,.27,.27,.27, 1320
01/23/2020,06:02,.267,.267,.265,.265, 505
01/23/2020,06:06,.265,.265,.265,.265, 508
01/23/2020,06:06,.27,.27,.27,.27, 2713
01/23/2020,06:08,.27,.27,.27,.27, 11
01/23/2020,06:09,.267,.27,.265,.27, 1916
01/23/2020,06:11,.27,.27,.27,.27, 2241
01/23/2020,06:14,.27,.27,.27,.27, 13
01/23/2020,06:16,.27,.27,.27,.27, 3496
01/23/2020,06:17,.265,.27,.265,.27, 7964
01/23/2020,06:19,.27,.27,.27,.27, 686
01/23/2020,06:19,.27,.27,.265,.27, 2978
01/23/2020,06:20,.27,.27,.27,.27, 1023
01/23/2020,06:31,.265,.265,.265,.265, 10711
01/24/2020,01:12,.27,.275,.27,.275, 21267
01/24/2020,01:51,.27,.275,.27,.275, 789
01/24/2020,02:55,.27,.275,.27,.275, 14177
01/24/2020,03:14,.275,.275,.275,.275, 3191
01/24/2020,03:36,.275,.275,.275,.275, 3455
01/24/2020,03:45,.275,.275,.275,.275, 13537
01/24/2020,03:57,.275,.275,.275,.275, 3372
01/24/2020,03:57,.275,.275,.27,.275, 18813
01/24/2020,04:18,.275,.275,.275,.275, 3466
01/24/2020,04:39,.275,.275,.275,.275, 3493
01/24/2020,04:57,.272,.275,.265,.275, 60025
01/24/2020,05:35,.275,.275,.275,.275, 3439
01/24/2020,05:54,.275,.275,.275,.275, 1964
01/24/2020,06:02,.275,.275,.275,.275, 652
01/24/2020,06:03,.275,.275,.275,.275, 3333
01/24/2020,06:11,.275,.275,.275,.275, 8872
01/24/2020,06:17,.275,.275,.275,.275, 1961
01/24/2020,06:19,.275,.275,.275,.275, 455
01/24/2020,06:20,.275,.275,.27,.27, 1835
01/24/2020,06:20,.27,.27,.27,.27, 931
01/24/2020,06:31,.27,.27,.27,.27, 34538
01/28/2020,00:25,.27,.27,.27,.27, 113353
01/28/2020,00:33,.267,.27,.267,.27, 12363
01/28/2020,00:56,.27,.27,.27,.27, 744
01/28/2020,01:06,.27,.27,.27,.27, 2801
01/28/2020,01:21,.27,.27,.27,.27, 1490
01/28/2020,02:06,.267,.267,.267,.267, 5
01/28/2020,02:20,.267,.27,.267,.27, 7
01/28/2020,02:41,.27,.27,.27,.27, 3123
01/28/2020,02:43,.267,.267,.267,.267, 5
01/28/2020,02:54,.267,.267,.267,.267, 8
01/28/2020,02:56,.267,.267,.267,.267, 10102
01/28/2020,02:56,.27,.27,.27,.27, 1845
01/28/2020,03:05,.267,.267,.267,.267, 5
01/28/2020,03:12,.27,.27,.27,.27, 1208
01/28/2020,03:18,.267,.267,.267,.267, 6
01/28/2020,03:21,.27,.27,.27,.27, 122
01/28/2020,03:22,.267,.267,.267,.267, 5
01/28/2020,03:36,.267,.27,.267,.27, 234
01/28/2020,03:36,.27,.27,.27,.27, 255
01/28/2020,03:42,.27,.27,.27,.27, 55
01/28/2020,03:44,.267,.267,.267,.267, 5
01/28/2020,03:58,.27,.27,.27,.27, 2381
01/28/2020,03:59,.267,.267,.267,.267, 7
01/28/2020,04:07,.267,.267,.267,.267, 5
01/28/2020,04:13,.27,.27,.27,.27, 37
01/28/2020,04:15,.267,.267,.267,.267, 7
01/28/2020,04:16,.27,.27,.27,.27, 6715
01/28/2020,04:18,.27,.27,.27,.27, 928
01/28/2020,04:19,.267,.267,.267,.267, 6
01/28/2020,04:22,.27,.27,.27,.27, 1867
01/28/2020,04:34,.27,.27,.267,.267, 555
01/28/2020,04:38,.27,.27,.27,.27, 1124
01/28/2020,04:47,.267,.267,.267,.267, 5
01/28/2020,04:52,.27,.27,.27,.27, 670
01/28/2020,04:52,.27,.27,.27,.27, 758
01/28/2020,04:54,.27,.27,.27,.27, 879
01/28/2020,04:57,.267,.267,.267,.267, 9
01/28/2020,04:58,.27,.275,.27,.275, 150851
01/28/2020,04:59,.275,.275,.272,.275, 9315
01/28/2020,05:14,.275,.275,.275,.275, 331
01/28/2020,05:24,.275,.275,.275,.275, 361
01/28/2020,05:24,.272,.272,.272,.272, 9
01/28/2020,05:28,.275,.275,.275,.275, 2639
01/28/2020,05:29,.275,.275,.275,.275, 6844
01/28/2020,05:39,.275,.275,.275,.275, 649
01/28/2020,05:48,.272,.272,.272,.272, 6
01/28/2020,05:58,.275,.275,.275,.275, 1409
01/28/2020,05:59,.275,.275,.275,.275, 1665
01/28/2020,06:01,.272,.275,.272,.275, 7
01/28/2020,06:05,.272,.272,.272,.272, 5
01/28/2020,06:16,.272,.275,.272,.272, 286
01/28/2020,06:17,.272,.272,.272,.272, 22
01/28/2020,06:18,.272,.272,.272,.272, 26
01/28/2020,06:19,.272,.275,.272,.275, 52
01/28/2020,06:20,.275,.275,.27,.275, 165
01/28/2020,06:31,.275,.275,.275,.275, 85563
01/29/2020,00:25,.27,.27,.27,.27, 4000
01/29/2020,01:50,.27,.275,.27,.275, 167850
01/29/2020,01:54,.275,.275,.275,.275, 2664
01/29/2020,01:58,.275,.275,.275,.275, 404
01/29/2020,02:02,.275,.275,.275,.275, 60135
01/29/2020,02:02,.275,.28,.275,.28, 96005
01/29/2020,02:06,.28,.28,.28,.28, 4564
01/29/2020,02:10,.28,.28,.28,.28, 185
01/29/2020,02:11,.28,.28,.28,.28, 1897
01/29/2020,02:13,.28,.28,.28,.28, 6020
01/29/2020,02:16,.28,.28,.28,.28, 2915
01/29/2020,02:28,.28,.28,.28,.28, 30863
01/29/2020,02:46,.28,.28,.28,.28, 5084
01/29/2020,02:51,.28,.28,.28,.28, 6699
01/29/2020,02:53,.28,.28,.28,.28, 93
01/29/2020,03:07,.28,.28,.28,.28, 5273
01/29/2020,03:23,.28,.28,.28,.28, 6281
01/29/2020,03:39,.28,.28,.28,.28, 4990
01/29/2020,03:40,.28,.28,.28,.28, 92
01/29/2020,03:56,.28,.28,.28,.28, 5990
01/29/2020,04:01,.28,.28,.28,.28, 7463
01/29/2020,04:09,.28,.28,.28,.28, 919
01/29/2020,04:20,.28,.28,.28,.28, 65
01/29/2020,04:47,.28,.28,.28,.28, 4812
01/29/2020,04:51,.28,.28,.28,.28, 92
01/29/2020,05:28,.28,.28,.28,.28, 92
01/29/2020,05:44,.28,.28,.28,.28, 81
01/29/2020,05:49,.28,.28,.28,.28, 3903
01/29/2020,05:54,.278,.28,.275,.275, 1134
01/29/2020,05:55,.275,.275,.275,.275, 9
01/29/2020,05:58,.275,.28,.275,.28, 26693
01/29/2020,06:01,.28,.28,.275,.28, 10423
01/29/2020,06:02,.278,.28,.275,.275, 8100
01/29/2020,06:03,.275,.28,.275,.275, 7929
01/29/2020,06:04,.275,.278,.275,.278, 24
01/29/2020,06:05,.278,.278,.278,.278, 16
01/29/2020,06:07,.28,.28,.28,.28, 197
01/29/2020,06:07,.28,.28,.28,.28, 4793
01/29/2020,06:08,.28,.28,.28,.28, 130
01/29/2020,06:14,.28,.28,.275,.275, 16674
01/29/2020,06:15,.275,.28,.275,.28, 5589
01/29/2020,06:18,.28,.28,.28,.28, 61
01/29/2020,06:18,.28,.28,.28,.28, 2032
01/29/2020,06:20,.28,.28,.275,.275, 31
01/29/2020,06:20,.28,.28,.275,.28, 108
01/29/2020,06:31,.28,.28,.28,.28, 114052
01/30/2020,00:25,.265,.27,.265,.27, 18332
01/30/2020,00:26,.275,.275,.275,.275, 140
01/30/2020,00:29,.272,.272,.272,.272, 140
01/30/2020,00:30,.272,.272,.272,.272, 53
01/30/2020,00:31,.272,.272,.272,.272, 69
01/30/2020,01:06,.272,.272,.272,.272, 44353
01/30/2020,01:11,.275,.275,.275,.275, 1006
01/30/2020,01:11,.275,.275,.275,.275, 1066
01/30/2020,01:17,.275,.275,.275,.275, 1093
01/30/2020,01:19,.27,.275,.27,.275, 83334
01/30/2020,01:40,.275,.275,.275,.275, 31
01/30/2020,01:54,.275,.275,.275,.275, 123
01/30/2020,02:06,.275,.275,.275,.275, 110
01/30/2020,02:19,.275,.275,.275,.275, 6391
01/30/2020,02:19,.275,.275,.275,.275, 29
01/30/2020,02:21,.275,.275,.275,.275, 327
01/30/2020,02:41,.275,.275,.275,.275, 30
01/30/2020,03:01,.275,.275,.275,.275, 31
01/30/2020,03:50,.275,.275,.275,.275, 81
01/30/2020,04:12,.275,.275,.275,.275, 27
01/30/2020,04:35,.27,.272,.27,.272, 20196
01/30/2020,04:44,.275,.275,.275,.275, 22
01/30/2020,04:54,.272,.272,.272,.272, 899
01/30/2020,04:56,.272,.272,.272,.272, 1279
01/30/2020,04:57,.272,.272,.272,.272, 546
01/30/2020,04:58,.275,.275,.275,.275, 91
01/30/2020,05:04,.27,.272,.27,.272, 22823
01/30/2020,05:13,.275,.275,.275,.275, 27
01/30/2020,05:19,.27,.27,.27,.27, 149
01/30/2020,05:19,.27,.272,.27,.272, 6334
01/30/2020,05:20,.27,.27,.27,.27, 45595
01/30/2020,05:34,.265,.27,.265,.27, 157015
01/30/2020,05:35,.265,.265,.26,.265, 188037
01/30/2020,05:58,.265,.265,.265,.265, 777
01/30/2020,06:01,.265,.265,.265,.265, 6897
01/30/2020,06:01,.265,.265,.265,.265, 666
01/30/2020,06:04,.265,.265,.265,.265, 7632
01/30/2020,06:06,.265,.265,.26,.26, 4337
01/30/2020,06:07,.26,.26,.26,.26, 34
01/30/2020,06:08,.26,.265,.26,.26, 964
01/30/2020,06:09,.26,.265,.26,.26, 1494
01/30/2020,06:10,.26,.26,.26,.26, 29
01/30/2020,06:13,.265,.265,.26,.265, 1000
01/30/2020,06:14,.26,.26,.26,.26, 39
01/30/2020,06:15,.26,.26,.26,.26, 42
01/30/2020,06:15,.265,.265,.265,.265, 615
01/30/2020,06:17,.265,.265,.265,.265, 978
01/30/2020,06:19,.265,.265,.265,.265, 876
01/30/2020,06:19,.265,.265,.265,.265, 8
01/30/2020,06:20,.265,.265,.265,.265, 20
01/30/2020,06:31,.26,.26,.26,.26, 127362
01/31/2020,00:25,.27,.27,.27,.27, 10526
01/31/2020,00:39,.265,.27,.265,.27, 3064
01/31/2020,00:41,.265,.265,.265,.265, 9661
01/31/2020,01:00,.267,.267,.267,.267, 179
01/31/2020,01:05,.265,.265,.265,.265, 2983
01/31/2020,01:13,.267,.267,.267,.267, 123
01/31/2020,01:13,.267,.267,.267,.267, 66
01/31/2020,01:26,.267,.27,.267,.27, 11584
01/31/2020,01:38,.265,.27,.265,.27, 23355
01/31/2020,01:48,.267,.267,.267,.267, 174
01/31/2020,02:06,.265,.267,.265,.267, 3798
01/31/2020,02:14,.265,.267,.265,.267, 22872
01/31/2020,02:16,.267,.267,.267,.267, 9831
01/31/2020,02:25,.265,.267,.265,.267, 101109
01/31/2020,02:32,.27,.27,.267,.267, 10457
01/31/2020,02:34,.267,.267,.267,.267, 5000
01/31/2020,02:43,.267,.267,.267,.267, 8785
01/31/2020,02:52,.265,.27,.265,.27, 3358
01/31/2020,03:31,.265,.267,.265,.267, 4434
01/31/2020,03:38,.267,.267,.267,.267, 9188
01/31/2020,03:51,.267,.267,.267,.267, 3895
01/31/2020,04:06,.267,.267,.267,.267, 165
01/31/2020,04:14,.267,.267,.267,.267, 4
01/31/2020,04:15,.267,.267,.267,.267, 16
01/31/2020,04:17,.267,.267,.267,.267, 17
01/31/2020,04:17,.267,.267,.267,.267, 8
01/31/2020,04:18,.267,.267,.267,.267, 16
01/31/2020,04:19,.267,.267,.267,.267, 16
01/31/2020,04:20,.267,.267,.267,.267, 14
01/31/2020,04:22,.267,.267,.267,.267, 144
01/31/2020,04:22,.267,.267,.267,.267, 67
01/31/2020,04:29,.265,.27,.265,.267, 14276
01/31/2020,04:36,.265,.267,.265,.267, 11500
01/31/2020,04:52,.27,.27,.27,.27, 76
01/31/2020,04:56,.267,.267,.267,.267, 58
01/31/2020,04:57,.267,.267,.267,.267, 18
01/31/2020,04:58,.267,.267,.265,.265, 4085
01/31/2020,04:59,.267,.267,.267,.267, 18
01/31/2020,05:00,.267,.267,.267,.267, 18
01/31/2020,05:00,.265,.267,.265,.267, 27347
01/31/2020,05:13,.267,.267,.267,.267, 73
01/31/2020,05:14,.267,.267,.267,.267, 149
01/31/2020,05:14,.267,.267,.267,.267, 43
01/31/2020,05:28,.267,.27,.267,.267, 311
01/31/2020,05:29,.267,.267,.267,.267, 43
01/31/2020,05:30,.267,.267,.267,.267, 37
01/31/2020,05:31,.267,.267,.267,.267, 40
01/31/2020,05:32,.267,.267,.267,.267, 45
01/31/2020,05:33,.267,.267,.267,.267, 44
01/31/2020,05:34,.267,.267,.267,.267, 42
01/31/2020,05:35,.267,.267,.267,.267, 41
01/31/2020,05:36,.267,.267,.267,.267, 49
01/31/2020,05:37,.267,.267,.267,.267, 52
01/31/2020,05:42,.267,.267,.267,.267, 299
01/31/2020,05:42,.267,.267,.267,.267, 1
01/31/2020,05:45,.267,.267,.267,.267, 678
01/31/2020,05:47,.267,.267,.267,.267, 350
01/31/2020,05:48,.267,.267,.267,.267, 76
01/31/2020,05:49,.267,.267,.267,.267, 230
01/31/2020,05:50,.267,.267,.267,.267, 83
01/31/2020,05:51,.267,.27,.267,.27, 34098
01/31/2020,05:52,.267,.27,.267,.27, 423
01/31/2020,05:53,.27,.27,.27,.27, 94
01/31/2020,05:53,.27,.27,.27,.27, 50
01/31/2020,05:54,.27,.27,.27,.27, 105
01/31/2020,05:55,.267,.267,.267,.267, 36
01/31/2020,06:09,.265,.27,.265,.27, 753
01/31/2020,06:11,.265,.265,.265,.265, 297
01/31/2020,06:12,.27,.27,.267,.267, 14
01/31/2020,06:13,.267,.27,.265,.27, 389
01/31/2020,06:14,.27,.27,.267,.267, 47
01/31/2020,06:15,.267,.27,.265,.27, 307
01/31/2020,06:16,.265,.265,.265,.265, 359
01/31/2020,06:17,.265,.265,.265,.265, 243
01/31/2020,06:18,.267,.27,.265,.265, 12794
01/31/2020,06:19,.27,.27,.265,.265, 685
01/31/2020,06:20,.265,.267,.265,.267, 927
01/31/2020,06:20,.267,.27,.267,.27, 13360
01/31/2020,06:31,.275,.275,.275,.275, 132221

