03/02/2020,08:02,.7829,.7829,.7829,.7829, 1
03/02/2020,08:22,.7839,.7839,.7839,.7839, 1
03/02/2020,08:45,.7851,.7851,.7851,.7851, 1
03/02/2020,09:07,.7852,.7852,.7852,.7852, 1
03/02/2020,09:28,.7859,.7859,.7859,.7859, 1
03/02/2020,09:48,.7864,.7864,.7864,.7864, 1
03/02/2020,10:12,.7846,.7846,.7846,.7846, 1
03/02/2020,10:32,.7852,.7852,.7852,.7852, 1
03/02/2020,10:55,.7855,.7855,.7855,.7855, 1
03/02/2020,11:16,.7863,.7863,.7863,.7863, 1
03/02/2020,11:39,.7862,.7862,.7862,.7862, 1
03/02/2020,12:04,.7857,.7857,.7857,.7857, 1
03/02/2020,12:26,.7866,.7866,.7866,.7866, 1
03/02/2020,12:46,.7868,.7868,.7868,.7868, 1
03/02/2020,13:08,.7888,.7888,.7888,.7888, 1
03/02/2020,13:30,.7877,.7877,.7877,.7877, 1
03/02/2020,13:52,.7879,.7879,.7879,.7879, 1
03/02/2020,14:15,.7886,.7886,.7886,.7886, 1
03/02/2020,14:37,.79,.79,.79,.79, 1
03/02/2020,15:01,.7887,.7887,.7887,.7887, 1
03/02/2020,15:25,.7882,.7882,.7882,.7882, 1
03/02/2020,16:29,.7886,.7886,.7886,.7886, 1
03/02/2020,16:51,.7884,.7884,.7884,.7884, 1
03/02/2020,17:12,.7902,.7902,.7902,.7902, 1
03/02/2020,17:33,.7904,.7904,.7904,.7904, 1
03/02/2020,17:54,.7909,.7909,.7909,.7909, 1
03/02/2020,18:15,.7927,.7927,.7927,.7927, 1
03/02/2020,18:39,.7925,.7925,.7925,.7925, 1
03/02/2020,19:00,.7927,.7927,.7927,.7927, 1
03/02/2020,19:22,.7922,.7922,.7922,.7922, 1
03/02/2020,19:44,.7917,.7917,.7917,.7917, 1
03/02/2020,20:30,.7915,.7915,.7915,.7915, 1
03/02/2020,21:11,.791,.791,.791,.791, 1
03/02/2020,21:36,.7905,.7905,.7905,.7905, 1
03/02/2020,21:59,.7894,.7894,.7894,.7894, 1
03/02/2020,22:43,.7893,.7893,.7893,.7893, 1
03/02/2020,23:05,.789,.789,.789,.789, 1
03/02/2020,23:28,.7898,.7898,.7898,.7898, 1
03/03/2020,06:02,.7902,.7902,.7902,.7902, 1
03/03/2020,06:22,.7905,.7905,.7905,.7905, 1
03/03/2020,06:42,.7902,.7902,.7902,.7902, 1
03/03/2020,07:04,.7903,.7903,.7903,.7903, 1
03/03/2020,07:24,.7907,.7907,.7907,.7907, 1
03/03/2020,07:47,.7905,.7905,.7905,.7905, 1
03/03/2020,08:10,.7896,.7896,.7896,.7896, 1
03/03/2020,08:31,.7892,.7892,.7892,.7892, 1
03/03/2020,08:53,.7883,.7883,.7883,.7883, 1
03/03/2020,09:15,.7892,.7892,.7892,.7892, 1
03/03/2020,09:39,.7882,.7882,.7882,.7882, 1
03/03/2020,09:59,.7878,.7878,.7878,.7878, 1
03/03/2020,10:21,.7875,.7875,.7875,.7875, 1
03/03/2020,10:43,.7889,.7889,.7889,.7889, 1
03/03/2020,11:04,.7891,.7891,.7891,.7891, 1
03/03/2020,11:27,.7894,.7894,.7894,.7894, 1
03/03/2020,11:51,.788,.788,.788,.788, 1
03/03/2020,12:13,.7882,.7882,.7882,.7882, 1
03/03/2020,12:36,.7879,.7879,.7879,.7879, 1
03/03/2020,12:57,.788,.788,.788,.788, 1
03/03/2020,13:18,.7885,.7885,.7885,.7885, 1
03/03/2020,13:38,.7892,.7892,.7892,.7892, 1
03/03/2020,14:02,.7883,.7883,.7883,.7883, 1
03/03/2020,14:23,.7871,.7871,.7871,.7871, 1
03/03/2020,14:44,.7876,.7876,.7876,.7876, 1
03/03/2020,15:04,.7884,.7884,.7884,.7884, 1
03/03/2020,15:25,.7885,.7885,.7885,.7885, 1
03/03/2020,15:48,.7888,.7888,.7888,.7888, 1
03/03/2020,16:01,.7927,.7927,.7927,.7927, 1
03/03/2020,16:12,.7923,.7923,.7923,.7923, 1
03/03/2020,16:34,.7932,.7932,.7932,.7932, 1
03/03/2020,16:57,.7929,.7929,.7929,.7929, 1
03/03/2020,17:21,.7908,.7908,.7908,.7908, 1
03/03/2020,17:45,.792,.792,.792,.792, 1
03/03/2020,18:07,.7912,.7912,.7912,.7912, 1
03/03/2020,18:29,.791,.791,.791,.791, 1
03/03/2020,19:13,.7914,.7914,.7914,.7914, 1
03/03/2020,19:35,.7918,.7918,.7918,.7918, 1
03/03/2020,19:57,.7929,.7929,.7929,.7929, 1
03/03/2020,20:21,.7932,.7932,.7932,.7932, 1
03/03/2020,20:44,.7929,.7929,.7929,.7929, 1
03/03/2020,21:08,.7925,.7925,.7925,.7925, 1
03/03/2020,21:30,.7926,.7926,.7926,.7926, 1
03/03/2020,22:15,.7928,.7928,.7928,.7928, 1
03/03/2020,22:39,.7925,.7925,.7925,.7925, 1
03/03/2020,23:01,.7921,.7921,.7921,.7921, 1
03/03/2020,23:22,.7919,.7919,.7919,.7919, 1
03/03/2020,23:44,.792,.792,.792,.792, 1
03/04/2020,06:16,.7915,.7915,.7915,.7915, 1
03/04/2020,06:38,.7913,.7913,.7913,.7913, 1
03/04/2020,07:01,.7911,.7911,.7911,.7911, 1
03/04/2020,07:25,.7901,.7901,.7901,.7901, 1
03/04/2020,07:45,.7909,.7909,.7909,.7909, 1
03/04/2020,08:07,.7912,.7912,.7912,.7912, 1
03/04/2020,08:31,.7913,.7913,.7913,.7913, 1
03/04/2020,08:54,.7909,.7909,.7909,.7909, 1
03/04/2020,09:17,.7921,.7921,.7921,.7921, 1
03/04/2020,09:39,.793,.793,.793,.793, 1
03/04/2020,10:03,.7917,.7917,.7917,.7917, 1
03/04/2020,10:26,.7922,.7922,.7922,.7922, 1
03/04/2020,10:46,.7913,.7913,.7913,.7913, 1
03/04/2020,11:06,.7917,.7917,.7917,.7917, 1
03/04/2020,11:30,.7915,.7915,.7915,.7915, 1
03/04/2020,11:53,.7899,.7899,.7899,.7899, 1
03/04/2020,12:14,.7904,.7904,.7904,.7904, 1
03/04/2020,12:36,.7908,.7908,.7908,.7908, 1
03/04/2020,12:58,.7904,.7904,.7904,.7904, 1
03/04/2020,13:20,.7897,.7897,.7897,.7897, 1
03/04/2020,13:43,.789,.789,.789,.789, 1
03/04/2020,14:06,.7884,.7884,.7884,.7884, 1
03/04/2020,14:29,.7892,.7892,.7892,.7892, 1
03/04/2020,14:52,.7888,.7888,.7888,.7888, 1
03/04/2020,15:14,.7879,.7879,.7879,.7879, 1
03/04/2020,15:35,.7863,.7863,.7863,.7863, 1
03/04/2020,15:58,.7881,.7881,.7881,.7881, 1
03/04/2020,16:21,.7886,.7886,.7886,.7886, 1
03/04/2020,16:44,.7883,.7883,.7883,.7883, 1
03/04/2020,17:08,.7895,.7895,.7895,.7895, 1
03/04/2020,17:31,.7887,.7887,.7887,.7887, 1
03/04/2020,17:56,.789,.789,.789,.789, 1
03/04/2020,18:16,.7889,.7889,.7889,.7889, 1
03/04/2020,18:39,.7887,.7887,.7887,.7887, 1
03/04/2020,19:01,.7888,.7888,.7888,.7888, 1
03/04/2020,19:22,.7892,.7892,.7892,.7892, 1
03/04/2020,19:44,.7895,.7895,.7895,.7895, 1
03/04/2020,20:05,.7893,.7893,.7893,.7893, 1
03/04/2020,20:28,.7891,.7891,.7891,.7891, 1
03/04/2020,20:50,.7898,.7898,.7898,.7898, 1
03/04/2020,21:35,.7894,.7894,.7894,.7894, 1
03/04/2020,21:57,.7895,.7895,.7895,.7895, 1
03/04/2020,22:40,.7893,.7893,.7893,.7893, 1
03/04/2020,23:02,.7895,.7895,.7895,.7895, 1
03/04/2020,23:25,.7893,.7893,.7893,.7893, 1
03/05/2020,06:28,.7897,.7897,.7897,.7897, 1
03/05/2020,07:12,.7896,.7896,.7896,.7896, 1
03/05/2020,07:33,.7899,.7899,.7899,.7899, 1
03/05/2020,07:54,.7894,.7894,.7894,.7894, 1
03/05/2020,08:18,.7899,.7899,.7899,.7899, 1
03/05/2020,08:41,.7898,.7898,.7898,.7898, 1
03/05/2020,09:03,.7889,.7889,.7889,.7889, 1
03/05/2020,09:26,.7894,.7894,.7894,.7894, 1
03/05/2020,09:48,.7897,.7897,.7897,.7897, 1
03/05/2020,10:11,.7898,.7898,.7898,.7898, 1
03/05/2020,10:32,.7913,.7913,.7913,.7913, 1
03/05/2020,10:54,.7922,.7922,.7922,.7922, 1
03/05/2020,11:17,.7925,.7925,.7925,.7925, 1
03/05/2020,11:38,.7924,.7924,.7924,.7924, 1
03/05/2020,12:00,.7921,.7921,.7921,.7921, 1
03/05/2020,12:24,.7914,.7914,.7914,.7914, 1
03/05/2020,12:44,.7928,.7928,.7928,.7928, 1
03/05/2020,13:05,.7931,.7931,.7931,.7931, 1
03/05/2020,13:30,.7934,.7934,.7934,.7934, 1
03/05/2020,13:51,.7935,.7935,.7935,.7935, 1
03/05/2020,14:33,.7936,.7936,.7936,.7936, 1
03/05/2020,14:57,.7929,.7929,.7929,.7929, 1
03/05/2020,15:20,.7932,.7932,.7932,.7932, 1
03/05/2020,15:41,.7931,.7931,.7931,.7931, 1
03/05/2020,16:01,.7934,.7934,.7934,.7934, 1
03/05/2020,16:24,.7924,.7924,.7924,.7924, 1
03/05/2020,17:08,.7932,.7932,.7932,.7932, 1
03/05/2020,17:51,.794,.794,.794,.794, 1
03/05/2020,18:13,.7933,.7933,.7933,.7933, 1
03/05/2020,18:35,.7937,.7937,.7937,.7937, 1
03/05/2020,18:57,.7951,.7951,.7951,.7951, 1
03/05/2020,19:19,.795,.795,.795,.795, 1
03/05/2020,19:44,.7947,.7947,.7947,.7947, 1
03/05/2020,20:08,.7943,.7943,.7943,.7943, 1
03/05/2020,20:30,.7942,.7942,.7942,.7942, 1
03/05/2020,20:54,.794,.794,.794,.794, 1
03/05/2020,21:16,.7943,.7943,.7943,.7943, 1
03/05/2020,21:36,.7959,.7959,.7959,.7959, 1
03/05/2020,22:19,.7966,.7966,.7966,.7966, 1
03/05/2020,22:41,.7968,.7968,.7968,.7968, 1
03/05/2020,23:02,.797,.797,.797,.797, 1
03/05/2020,23:26,.7966,.7966,.7966,.7966, 1
03/05/2020,23:48,.7964,.7964,.7964,.7964, 1
03/06/2020,06:08,.7965,.7965,.7965,.7965, 1
03/06/2020,06:30,.7966,.7966,.7966,.7966, 1
03/06/2020,06:55,.7965,.7965,.7965,.7965, 1
03/06/2020,07:17,.7961,.7961,.7961,.7961, 1
03/06/2020,07:39,.7955,.7955,.7955,.7955, 1
03/06/2020,08:00,.7962,.7962,.7962,.7962, 1
03/06/2020,08:20,.7959,.7959,.7959,.7959, 1
03/06/2020,08:42,.7962,.7962,.7962,.7962, 1
03/06/2020,09:05,.797,.797,.797,.797, 1
03/06/2020,09:25,.7968,.7968,.7968,.7968, 1
03/06/2020,09:45,.7988,.7988,.7988,.7988, 1
03/06/2020,10:07,.7992,.7992,.7992,.7992, 1
03/06/2020,10:29,.7993,.7993,.7993,.7993, 1
03/06/2020,10:54,.8002,.8002,.8002,.8002, 1
03/06/2020,11:16,.8009,.8009,.8009,.8009, 1
03/06/2020,11:39,.8017,.8017,.8017,.8017, 1
03/06/2020,11:59,.8022,.8022,.8022,.8022, 1
03/06/2020,12:22,.8028,.8028,.8028,.8028, 1
03/06/2020,12:44,.804,.804,.804,.804, 1
03/06/2020,13:07,.8032,.8032,.8032,.8032, 1
03/06/2020,13:30,.8026,.8026,.8026,.8026, 1
03/06/2020,13:51,.802,.802,.802,.802, 1
03/06/2020,14:15,.8036,.8036,.8036,.8036, 1
03/06/2020,14:38,.802,.802,.802,.802, 1
03/06/2020,15:02,.8029,.8029,.8029,.8029, 1
03/06/2020,15:22,.804,.804,.804,.804, 1
03/06/2020,15:42,.8044,.8044,.8044,.8044, 1
03/06/2020,16:04,.8042,.8042,.8042,.8042, 1
03/06/2020,16:25,.8029,.8029,.8029,.8029, 1
03/06/2020,16:47,.8016,.8016,.8016,.8016, 1
03/06/2020,17:09,.8027,.8027,.8027,.8027, 1
03/06/2020,17:32,.8025,.8025,.8025,.8025, 1
03/06/2020,17:53,.8021,.8021,.8021,.8021, 1
03/06/2020,18:15,.8027,.8027,.8027,.8027, 1
03/06/2020,18:39,.8013,.8013,.8013,.8013, 1
03/06/2020,19:02,.8017,.8017,.8017,.8017, 1
03/06/2020,19:24,.8007,.8007,.8007,.8007, 1
03/06/2020,19:47,.801,.801,.801,.801, 1
03/06/2020,20:10,.8011,.8011,.8011,.8011, 1
03/06/2020,20:34,.8015,.8015,.8015,.8015, 1
03/06/2020,20:55,.8024,.8024,.8024,.8024, 1
03/06/2020,21:18,.803,.803,.803,.803, 1
03/06/2020,21:39,.802,.802,.802,.802, 1
03/06/2020,22:03,.8017,.8017,.8017,.8017, 1
03/06/2020,22:48,.8007,.8007,.8007,.8007, 1
03/06/2020,23:11,.8002,.8002,.8002,.8002, 1
03/09/2020,08:00,.8085,.8085,.8085,.8085, 1
03/09/2020,08:11,.8115,.8115,.8115,.8115, 1
03/09/2020,08:43,.8132,.8132,.8132,.8132, 1
03/09/2020,09:05,.8107,.8107,.8107,.8107, 1
03/09/2020,09:27,.81,.81,.81,.81, 1
03/09/2020,10:10,.8079,.8079,.8079,.8079, 1
03/09/2020,10:30,.8061,.8061,.8061,.8061, 1
03/09/2020,10:54,.8078,.8078,.8078,.8078, 1
03/09/2020,11:15,.8108,.8111,.8108,.8111, 2
03/09/2020,11:38,.8087,.8087,.8087,.8087, 1
03/09/2020,12:02,.8098,.8098,.8098,.8098, 1
03/09/2020,12:24,.8097,.8097,.8097,.8097, 1
03/09/2020,12:45,.8098,.8098,.8098,.8098, 1
03/09/2020,13:07,.8106,.8106,.8106,.8106, 1
03/09/2020,13:29,.8094,.8094,.8094,.8094, 1
03/09/2020,13:50,.8099,.8099,.8099,.8099, 1
03/09/2020,14:13,.8121,.8121,.8121,.8121, 1
03/09/2020,14:36,.8133,.8133,.8133,.8133, 1
03/09/2020,15:00,.8083,.8083,.8083,.8083, 1
03/09/2020,15:23,.8106,.8106,.8106,.8106, 1
03/09/2020,15:44,.8096,.8096,.8096,.8096, 1
03/09/2020,16:05,.8106,.8106,.8106,.8106, 1
03/09/2020,16:28,.81,.81,.81,.81, 1
03/09/2020,16:50,.8093,.8093,.8093,.8093, 1
03/09/2020,17:10,.8099,.8099,.8099,.8099, 1
03/09/2020,17:31,.8114,.8114,.8114,.8114, 1
03/09/2020,17:52,.8131,.8131,.8131,.8131, 1
03/09/2020,18:14,.8118,.8118,.8118,.8118, 1
03/09/2020,18:38,.8128,.8128,.8128,.8128, 1
03/09/2020,18:59,.8132,.8132,.8132,.8132, 1
03/09/2020,19:20,.811,.811,.811,.811, 1
03/09/2020,19:42,.8128,.8128,.8128,.8128, 1
03/09/2020,20:05,.8122,.8122,.8122,.8122, 1
03/09/2020,20:29,.812,.812,.812,.812, 1
03/09/2020,20:50,.8119,.8119,.8119,.8119, 1
03/09/2020,21:10,.8124,.8124,.8124,.8124, 1
03/09/2020,21:34,.812,.812,.812,.812, 1
03/09/2020,21:57,.8112,.8112,.8112,.8112, 1
03/09/2020,22:19,.8109,.8109,.8109,.8109, 1
03/09/2020,22:42,.8116,.8116,.8116,.8116, 1
03/09/2020,23:04,.8109,.8109,.8109,.8109, 1
03/09/2020,23:26,.8118,.8118,.8118,.8118, 1
03/09/2020,23:50,.8113,.8113,.8113,.8113, 1
03/10/2020,06:01,.8066,.8066,.8066,.8066, 1
03/10/2020,06:21,.8056,.8056,.8056,.8056, 1
03/10/2020,06:41,.8052,.8052,.8052,.8052, 1
03/10/2020,07:02,.8049,.8049,.8049,.8049, 1
03/10/2020,07:22,.8063,.8063,.8063,.8063, 1
03/10/2020,07:45,.805,.805,.805,.805, 1
03/10/2020,08:08,.8055,.8055,.8055,.8055, 1
03/10/2020,08:30,.8058,.8058,.8058,.8058, 1
03/10/2020,08:52,.8065,.8065,.8065,.8065, 1
03/10/2020,09:13,.8081,.8081,.8081,.8081, 1
03/10/2020,09:37,.808,.808,.808,.808, 1
03/10/2020,09:58,.8054,.8054,.8054,.8054, 1
03/10/2020,10:20,.8057,.8057,.8057,.8057, 1
03/10/2020,10:42,.805,.805,.805,.805, 1
03/10/2020,11:25,.8049,.8049,.8049,.8049, 1
03/10/2020,11:49,.8038,.8038,.8038,.8038, 1
03/10/2020,12:11,.805,.805,.805,.805, 1
03/10/2020,12:35,.8057,.8057,.8057,.8057, 1
03/10/2020,12:56,.8056,.8056,.8056,.8056, 1
03/10/2020,13:17,.8068,.8068,.8068,.8068, 1
03/10/2020,13:37,.8076,.8076,.8076,.8076, 1
03/10/2020,14:00,.8072,.8072,.8072,.8072, 1
03/10/2020,14:21,.8068,.8068,.8068,.8068, 1
03/10/2020,14:42,.8063,.8063,.8063,.8063, 1
03/10/2020,15:24,.8054,.8054,.8054,.8054, 1
03/10/2020,16:32,.807,.807,.807,.807, 1
03/10/2020,16:56,.8057,.8057,.8057,.8057, 1
03/10/2020,17:17,.8026,.8026,.8026,.8026, 1
03/10/2020,17:20,.804,.804,.804,.804, 1
03/10/2020,17:44,.8024,.8024,.8024,.8024, 1
03/10/2020,18:05,.802,.802,.802,.802, 1
03/10/2020,18:27,.8024,.8024,.8024,.8024, 1
03/10/2020,18:51,.8028,.8028,.8028,.8028, 1
03/10/2020,19:11,.8023,.8023,.8023,.8023, 1
03/10/2020,19:34,.8015,.8015,.8015,.8015, 1
03/10/2020,19:56,.8006,.8006,.8006,.8006, 1
03/10/2020,20:19,.7998,.7998,.7998,.7998, 1
03/10/2020,20:42,.8007,.8007,.8007,.8007, 1
03/10/2020,21:07,.8014,.8014,.8014,.8014, 1
03/10/2020,21:29,.8007,.8007,.8007,.8007, 1
03/10/2020,21:52,.8001,.8001,.8001,.8001, 1
03/10/2020,22:37,.8005,.8005,.8005,.8005, 1
03/10/2020,23:21,.8012,.8012,.8012,.8012, 1
03/10/2020,23:43,.8011,.8011,.8011,.8011, 1
03/11/2020,06:14,.8045,.8045,.8045,.8045, 1
03/11/2020,06:37,.8044,.8044,.8044,.8044, 1
03/11/2020,07:00,.8049,.8049,.8049,.8049, 1
03/11/2020,07:23,.8053,.8053,.8053,.8053, 1
03/11/2020,07:43,.8054,.8054,.8054,.8054, 1
03/11/2020,08:05,.8053,.8053,.8053,.8053, 1
03/11/2020,08:30,.8046,.8046,.8046,.8046, 1
03/11/2020,08:53,.8041,.8041,.8041,.8041, 1
03/11/2020,09:16,.8025,.8025,.8025,.8025, 1
03/11/2020,09:37,.8029,.8029,.8029,.8029, 1
03/11/2020,10:01,.8023,.8023,.8023,.8023, 1
03/11/2020,10:24,.8027,.8027,.8027,.8027, 1
03/11/2020,10:44,.8025,.8025,.8025,.8025, 1
03/11/2020,11:05,.8022,.8022,.8022,.8022, 1
03/11/2020,11:29,.8028,.8028,.8028,.8028, 1
03/11/2020,11:51,.8032,.8032,.8032,.8032, 1
03/11/2020,12:12,.8033,.8033,.8033,.8033, 1
03/11/2020,12:34,.8041,.8041,.8041,.8041, 1
03/11/2020,12:57,.8033,.8033,.8033,.8033, 1
03/11/2020,13:19,.8043,.8043,.8043,.8043, 1
03/11/2020,13:41,.8047,.8047,.8047,.8047, 1
03/11/2020,14:04,.804,.804,.804,.804, 1
03/11/2020,14:27,.8039,.8039,.8039,.8039, 1
03/11/2020,14:51,.8041,.8041,.8041,.8041, 1
03/11/2020,15:13,.8029,.8029,.8029,.8029, 1
03/11/2020,15:57,.8021,.8021,.8021,.8021, 1
03/11/2020,16:19,.7999,.7999,.7999,.7999, 1
03/11/2020,16:42,.7988,.7988,.7988,.7988, 1
03/11/2020,17:07,.799,.799,.799,.799, 1
03/11/2020,17:30,.7995,.7995,.7995,.7995, 1
03/11/2020,17:54,.799,.799,.799,.799, 1
03/11/2020,18:14,.7995,.7995,.7995,.7995, 1
03/11/2020,18:38,.8002,.8002,.8002,.8002, 1
03/11/2020,19:00,.8,.8,.8,.8, 1
03/11/2020,19:21,.7999,.7999,.7999,.7999, 1
03/11/2020,19:43,.7996,.7996,.7996,.7996, 1
03/11/2020,20:03,.7993,.7993,.7993,.7993, 1
03/11/2020,20:26,.7996,.7996,.7996,.7996, 1
03/11/2020,21:34,.7994,.7994,.7994,.7994, 1
03/11/2020,21:55,.7992,.7992,.7992,.7992, 1
03/11/2020,22:16,.7982,.7982,.7982,.7982, 1
03/11/2020,22:39,.7979,.7979,.7979,.7979, 1
03/11/2020,23:01,.798,.798,.798,.798, 1
03/11/2020,23:23,.7987,.7987,.7987,.7987, 1
03/11/2020,23:45,.7983,.7983,.7983,.7983, 1
03/12/2020,06:04,.8008,.8008,.8008,.8008, 1
03/12/2020,06:27,.8009,.8009,.8009,.8009, 1
03/12/2020,06:48,.8006,.8006,.8006,.8006, 1
03/12/2020,07:10,.8008,.8008,.8008,.8008, 1
03/12/2020,07:31,.8007,.8007,.8007,.8007, 1
03/12/2020,08:16,.801,.801,.801,.801, 1
03/12/2020,08:40,.8019,.8019,.8019,.8019, 1
03/12/2020,09:24,.7996,.7996,.7996,.7996, 1
03/12/2020,09:47,.7979,.7979,.7979,.7979, 1
03/12/2020,10:10,.7994,.7994,.7994,.7994, 1
03/12/2020,10:31,.7982,.7982,.7982,.7982, 1
03/12/2020,10:53,.797,.797,.797,.797, 1
03/12/2020,11:15,.7961,.7961,.7961,.7961, 1
03/12/2020,11:36,.7966,.7966,.7966,.7966, 1
03/12/2020,11:58,.797,.797,.797,.797, 1
03/12/2020,12:23,.7959,.7959,.7959,.7959, 1
03/12/2020,12:43,.7951,.7951,.7951,.7951, 1
03/12/2020,13:04,.7974,.7974,.7974,.7974, 1
03/12/2020,13:28,.7949,.7949,.7949,.7949, 1
03/12/2020,13:46,.7985,.7985,.7985,.7985, 1
03/12/2020,13:49,.7987,.7987,.7987,.7987, 1
03/12/2020,13:56,.7955,.7955,.7955,.7955, 1
03/12/2020,14:09,.797,.797,.797,.797, 1
03/12/2020,14:32,.796,.796,.796,.796, 1
03/12/2020,14:56,.7963,.7963,.7963,.7963, 1
03/12/2020,15:11,.7897,.7897,.7897,.7897, 1
03/12/2020,15:18,.7915,.7915,.7915,.7915, 1
03/12/2020,15:39,.7902,.7902,.7902,.7902, 1
03/12/2020,16:00,.79,.79,.79,.79, 1
03/12/2020,16:23,.789,.789,.789,.789, 1
03/12/2020,16:44,.7867,.7867,.7867,.7867, 1
03/12/2020,17:06,.7851,.7851,.7851,.7851, 1
03/12/2020,17:28,.7849,.7849,.7849,.7849, 1
03/12/2020,17:49,.7871,.7871,.7871,.7871, 1
03/12/2020,17:59,.7902,.7902,.7902,.7902, 1
03/12/2020,18:12,.7915,.7915,.7915,.7915, 1
03/12/2020,18:34,.7937,.7937,.7937,.7937, 1
03/12/2020,18:56,.7927,.7927,.7927,.7927, 1
03/12/2020,19:18,.7934,.7934,.7934,.7934, 1
03/12/2020,19:42,.7936,.7936,.7936,.7936, 1
03/12/2020,20:29,.7933,.7933,.7933,.7933, 1
03/12/2020,20:53,.7935,.7935,.7935,.7935, 1
03/12/2020,21:14,.7952,.7952,.7952,.7952, 1
03/12/2020,21:29,.7922,.7922,.7922,.7922, 1
03/12/2020,21:34,.792,.792,.792,.792, 1
03/12/2020,21:57,.7926,.7926,.7926,.7926, 1
03/12/2020,22:18,.7935,.7935,.7935,.7935, 1
03/12/2020,22:40,.7924,.7924,.7924,.7924, 1
03/12/2020,23:01,.7921,.7921,.7921,.7921, 1
03/12/2020,23:24,.7924,.7924,.7924,.7924, 1
03/12/2020,23:46,.7921,.7921,.7921,.7921, 1
03/13/2020,06:07,.7954,.7954,.7954,.7954, 1
03/13/2020,06:29,.7937,.7937,.7937,.7937, 1
03/13/2020,06:53,.7935,.7935,.7935,.7935, 1
03/13/2020,07:15,.7937,.7937,.7937,.7937, 1
03/13/2020,07:38,.7935,.7935,.7935,.7935, 1
03/13/2020,07:59,.7931,.7931,.7931,.7931, 1
03/13/2020,08:19,.7927,.7927,.7927,.7927, 1
03/13/2020,08:41,.7924,.7924,.7924,.7924, 1
03/13/2020,09:03,.792,.792,.792,.792, 1
03/13/2020,09:23,.7926,.7926,.7926,.7926, 1
03/13/2020,09:44,.7934,.7934,.7934,.7934, 1
03/13/2020,10:06,.7935,.7935,.7935,.7935, 1
03/13/2020,10:28,.7929,.7929,.7929,.7929, 1
03/13/2020,10:52,.7917,.7917,.7917,.7917, 1
03/13/2020,11:14,.7915,.7915,.7915,.7915, 1
03/13/2020,11:37,.7914,.7914,.7914,.7914, 1
03/13/2020,11:58,.7912,.7912,.7912,.7912, 1
03/13/2020,12:21,.7909,.7909,.7909,.7909, 1
03/13/2020,12:42,.7907,.7907,.7907,.7907, 1
03/13/2020,13:05,.7929,.7929,.7929,.7929, 1
03/13/2020,13:28,.7909,.7909,.7909,.7909, 1
03/13/2020,13:50,.7898,.7898,.7898,.7898, 1
03/13/2020,14:14,.7875,.7875,.7875,.7875, 1
03/13/2020,14:37,.7876,.7876,.7876,.7876, 1
03/13/2020,15:00,.7884,.7884,.7884,.7884, 1
03/13/2020,15:21,.7886,.7886,.7886,.7886, 1
03/13/2020,15:41,.7874,.7874,.7874,.7874, 1
03/13/2020,16:03,.7871,.7871,.7871,.7871, 1
03/13/2020,16:23,.7881,.7881,.7881,.7881, 1
03/13/2020,16:45,.7866,.7866,.7866,.7866, 1
03/13/2020,17:07,.7856,.7856,.7856,.7856, 1
03/13/2020,17:31,.7857,.7857,.7857,.7857, 1
03/13/2020,17:52,.7842,.7842,.7842,.7842, 1
03/13/2020,18:09,.7872,.7872,.7872,.7872, 1
03/13/2020,18:14,.7866,.7866,.7866,.7866, 1
03/13/2020,18:37,.7862,.7862,.7862,.7862, 1
03/13/2020,19:00,.7856,.7856,.7856,.7856, 1
03/13/2020,19:23,.7855,.7855,.7855,.7855, 1
03/13/2020,19:46,.7859,.7859,.7859,.7859, 1
03/13/2020,20:09,.7854,.7854,.7854,.7854, 1
03/13/2020,20:32,.7844,.7844,.7844,.7844, 1
03/13/2020,20:53,.7854,.7854,.7854,.7854, 1
03/13/2020,21:16,.7856,.7856,.7856,.7856, 1
03/13/2020,21:38,.7879,.7879,.7879,.7879, 1
03/13/2020,22:02,.7875,.7875,.7875,.7875, 1
03/15/2020,13:04,.7875,.7875,.7875,.7875, 1
03/16/2020,08:04,.7912,.7912,.7912,.7912, 1
03/16/2020,08:24,.791,.791,.791,.791, 1
03/16/2020,08:47,.7919,.7919,.7919,.7919, 1
03/16/2020,09:10,.793,.793,.793,.793, 1
03/16/2020,09:31,.7947,.7947,.7947,.7947, 1
03/16/2020,09:51,.7952,.7952,.7952,.7952, 1
03/16/2020,10:14,.7965,.7965,.7965,.7965, 1
03/16/2020,10:34,.7944,.7944,.7944,.7944, 1
03/16/2020,10:58,.7936,.7936,.7936,.7936, 1
03/16/2020,11:19,.7928,.7928,.7928,.7928, 1
03/16/2020,11:42,.7941,.7941,.7941,.7941, 1
03/16/2020,11:53,.7911,.7911,.7911,.7911, 1
03/16/2020,12:06,.7916,.7916,.7916,.7916, 1
03/16/2020,12:29,.791,.791,.791,.791, 1
03/16/2020,12:49,.7924,.7924,.7924,.7924, 1
03/16/2020,13:11,.7937,.7937,.7937,.7937, 1
03/16/2020,13:33,.7929,.7929,.7929,.7929, 1
03/16/2020,13:54,.7915,.7915,.7915,.7915, 1
03/16/2020,14:18,.7905,.7905,.7905,.7905, 1
03/16/2020,14:40,.7897,.7897,.7897,.7897, 1
03/16/2020,15:04,.7909,.7909,.7909,.7909, 1
03/16/2020,15:27,.789,.789,.789,.789, 1
03/16/2020,15:48,.7881,.7881,.7881,.7881, 1
03/16/2020,16:09,.788,.788,.788,.788, 1
03/16/2020,16:32,.7893,.7893,.7893,.7893, 1
03/16/2020,17:35,.7906,.7906,.7906,.7906, 1
03/16/2020,17:56,.7912,.7912,.7912,.7912, 1
03/16/2020,18:42,.7917,.7917,.7917,.7917, 1
03/16/2020,19:03,.792,.792,.792,.792, 1
03/16/2020,19:24,.7918,.7918,.7918,.7918, 1
03/16/2020,19:46,.7908,.7908,.7908,.7908, 1
03/16/2020,20:33,.7914,.7914,.7914,.7914, 1
03/16/2020,21:14,.7922,.7922,.7922,.7922, 1
03/16/2020,21:38,.7924,.7924,.7924,.7924, 1
03/16/2020,22:01,.7929,.7929,.7929,.7929, 1
03/16/2020,22:23,.7914,.7914,.7914,.7914, 1
03/16/2020,22:46,.7927,.7927,.7927,.7927, 1
03/16/2020,23:08,.7925,.7925,.7925,.7925, 1
03/16/2020,23:30,.7926,.7926,.7926,.7926, 1
03/16/2020,23:55,.7921,.7921,.7921,.7921, 1
03/17/2020,06:05,.7927,.7927,.7927,.7927, 1
03/17/2020,06:25,.7923,.7923,.7923,.7923, 1
03/17/2020,06:45,.7926,.7926,.7926,.7926, 1
03/17/2020,07:06,.7917,.7917,.7917,.7917, 1
03/17/2020,07:26,.792,.792,.792,.792, 1
03/17/2020,07:50,.7912,.7912,.7912,.7912, 1
03/17/2020,08:13,.7903,.7903,.7903,.7903, 1
03/17/2020,08:34,.7893,.7893,.7893,.7893, 1
03/17/2020,09:17,.7895,.7895,.7895,.7895, 1
03/17/2020,09:42,.7888,.7888,.7888,.7888, 1
03/17/2020,10:24,.7867,.7867,.7867,.7867, 1
03/17/2020,10:46,.7871,.7871,.7871,.7871, 1
03/17/2020,11:07,.7859,.7859,.7859,.7859, 1
03/17/2020,11:29,.7845,.7845,.7845,.7845, 1
03/17/2020,11:53,.7829,.7829,.7829,.7829, 1
03/17/2020,12:15,.7803,.7803,.7803,.7803, 1
03/17/2020,12:39,.7818,.7818,.7818,.7818, 1
03/17/2020,13:00,.7808,.7808,.7808,.7808, 1
03/17/2020,13:21,.7803,.7803,.7803,.7803, 1
03/17/2020,13:41,.7783,.7783,.7783,.7783, 1
03/17/2020,14:04,.7788,.7788,.7788,.7788, 1
03/17/2020,14:47,.78,.78,.78,.78, 1
03/17/2020,15:07,.7795,.7795,.7795,.7795, 1
03/17/2020,15:28,.7789,.7789,.7789,.7789, 1
03/17/2020,15:50,.7779,.7779,.7779,.7779, 1
03/17/2020,16:15,.7782,.7782,.7782,.7782, 1
03/17/2020,16:37,.778,.778,.778,.778, 1
03/17/2020,17:48,.7784,.7784,.7784,.7784, 1
03/17/2020,18:09,.7788,.7788,.7788,.7788, 1
03/17/2020,18:31,.7784,.7784,.7784,.7784, 1
03/17/2020,18:55,.7789,.7789,.7789,.7789, 1
03/17/2020,19:38,.7808,.7808,.7808,.7808, 1
03/17/2020,20:00,.7796,.7796,.7796,.7796, 1
03/17/2020,20:23,.7791,.7791,.7791,.7791, 1
03/17/2020,20:47,.7804,.7804,.7804,.7804, 1
03/17/2020,21:11,.7802,.7802,.7802,.7802, 1
03/17/2020,21:33,.7803,.7803,.7803,.7803, 1
03/17/2020,21:56,.7798,.7798,.7798,.7798, 1
03/17/2020,22:18,.78,.78,.78,.78, 1
03/17/2020,22:41,.7797,.7797,.7797,.7797, 1
03/17/2020,23:04,.7805,.7805,.7805,.7805, 1
03/17/2020,23:25,.7813,.7813,.7813,.7813, 1
03/17/2020,23:47,.781,.781,.781,.781, 1
03/18/2020,06:19,.7823,.7823,.7823,.7823, 1
03/18/2020,06:41,.7829,.7829,.7829,.7829, 1
03/18/2020,07:04,.7823,.7823,.7823,.7823, 1
03/18/2020,07:27,.7812,.7812,.7812,.7812, 1
03/18/2020,07:47,.7806,.7806,.7806,.7806, 1
03/18/2020,08:10,.7802,.7802,.7802,.7802, 1
03/18/2020,08:34,.7808,.7808,.7808,.7808, 1
03/18/2020,08:57,.7782,.7782,.7782,.7782, 1
03/18/2020,09:20,.7788,.7788,.7788,.7788, 1
03/18/2020,10:05,.7786,.7786,.7786,.7786, 1
03/18/2020,10:29,.7791,.7791,.7791,.7791, 1
03/18/2020,10:49,.7798,.7798,.7798,.7798, 1
03/18/2020,11:09,.781,.781,.781,.781, 1
03/18/2020,11:33,.7808,.7808,.7808,.7808, 1
03/18/2020,11:55,.78,.78,.78,.78, 1
03/18/2020,12:39,.778,.778,.778,.778, 1
03/18/2020,13:01,.7782,.7782,.7782,.7782, 1
03/18/2020,13:23,.7768,.7768,.7768,.7768, 1
03/18/2020,13:45,.7773,.7773,.7773,.7773, 1
03/18/2020,14:08,.7754,.7754,.7754,.7754, 1
03/18/2020,14:32,.7746,.7746,.7746,.7746, 1
03/18/2020,15:17,.7735,.7735,.7735,.7735, 1
03/18/2020,15:38,.7723,.7723,.7723,.7723, 1
03/18/2020,16:01,.7714,.7714,.7714,.7714, 1
03/18/2020,16:23,.7702,.7702,.7702,.7702, 1
03/18/2020,16:47,.77,.77,.77,.77, 1
03/18/2020,17:11,.7687,.7687,.7687,.7687, 1
03/18/2020,17:34,.7696,.7696,.7696,.7696, 1
03/18/2020,17:58,.7674,.7674,.7674,.7674, 1
03/18/2020,18:42,.7689,.7689,.7689,.7689, 1
03/18/2020,19:04,.7697,.7697,.7697,.7697, 1
03/18/2020,19:25,.7714,.7714,.7714,.7714, 1
03/18/2020,19:47,.7712,.7712,.7712,.7712, 1
03/18/2020,20:07,.7701,.7701,.7701,.7701, 1
03/18/2020,20:31,.7725,.7725,.7725,.7725, 1
03/18/2020,20:53,.7729,.7729,.7729,.7729, 1
03/18/2020,21:17,.774,.774,.774,.774, 1
03/18/2020,21:59,.7749,.7749,.7749,.7749, 1
03/18/2020,22:21,.7743,.7743,.7743,.7743, 1
03/18/2020,23:27,.7737,.7737,.7737,.7737, 1
03/18/2020,23:49,.7743,.7743,.7743,.7743, 1
03/19/2020,06:09,.7731,.7731,.7731,.7731, 1
03/19/2020,06:31,.7726,.7726,.7726,.7726, 1
03/19/2020,06:52,.773,.773,.773,.773, 1
03/19/2020,07:14,.7734,.7734,.7734,.7734, 1
03/19/2020,07:35,.7754,.7754,.7754,.7754, 1
03/19/2020,07:57,.775,.775,.775,.775, 1
03/19/2020,08:21,.7734,.7734,.7734,.7734, 1
03/19/2020,08:44,.7716,.7716,.7716,.7716, 1
03/19/2020,09:05,.7701,.7701,.7701,.7701, 1
03/19/2020,09:12,.767,.767,.767,.767, 1
03/19/2020,09:25,.77,.77,.77,.77, 1
03/19/2020,09:28,.7712,.7712,.7712,.7712, 1
03/19/2020,09:51,.7708,.7708,.7708,.7708, 1
03/19/2020,10:14,.7696,.7696,.7696,.7696, 1
03/19/2020,10:35,.7702,.7702,.7702,.7702, 1
03/19/2020,10:57,.7675,.7675,.7675,.7675, 1
03/19/2020,11:19,.7662,.7662,.7662,.7662, 1
03/19/2020,11:40,.7661,.7661,.7661,.7661, 1
03/19/2020,12:03,.7654,.7654,.7654,.7654, 1
03/19/2020,12:27,.7631,.7631,.7631,.7631, 1
03/19/2020,12:47,.7614,.7614,.7614,.7614, 1
03/19/2020,13:08,.7622,.7622,.7622,.7622, 1
03/19/2020,13:32,.7613,.7613,.7613,.7613, 1
03/19/2020,13:54,.764,.764,.764,.764, 1
03/19/2020,13:57,.7671,.7671,.7671,.7671, 1
03/19/2020,14:14,.7658,.7658,.7658,.7658, 1
03/19/2020,14:36,.7656,.7656,.7656,.7656, 1
03/19/2020,15:22,.7659,.7659,.7659,.7659, 1
03/19/2020,15:43,.7657,.7657,.7657,.7657, 1
03/19/2020,16:27,.7645,.7645,.7645,.7645, 1
03/19/2020,16:48,.7623,.7623,.7623,.7623, 1
03/19/2020,17:10,.7591,.7591,.7591,.7591, 1
03/19/2020,17:33,.7581,.7581,.7581,.7581, 1
03/19/2020,17:54,.758,.758,.758,.758, 1
03/19/2020,18:16,.7577,.7577,.7577,.7577, 1
03/19/2020,18:38,.7586,.7586,.7586,.7586, 1
03/19/2020,19:00,.7581,.7581,.7581,.7581, 1
03/19/2020,19:22,.7571,.7571,.7571,.7571, 1
03/19/2020,19:46,.7572,.7572,.7572,.7572, 1
03/19/2020,20:11,.7576,.7576,.7576,.7576, 1
03/19/2020,20:33,.757,.757,.757,.757, 1
03/19/2020,20:57,.7567,.7567,.7567,.7567, 1
03/19/2020,21:18,.7578,.7578,.7578,.7578, 1
03/19/2020,21:39,.7583,.7583,.7583,.7583, 1
03/19/2020,22:02,.7589,.7589,.7589,.7589, 1
03/19/2020,22:22,.757,.757,.757,.757, 1
03/19/2020,22:44,.7556,.7556,.7556,.7556, 1
03/19/2020,23:05,.7555,.7555,.7555,.7555, 1
03/19/2020,23:28,.7559,.7559,.7559,.7559, 1
03/19/2020,23:50,.7561,.7561,.7561,.7561, 1
03/20/2020,06:11,.7635,.7635,.7635,.7635, 1
03/20/2020,06:57,.7619,.7619,.7619,.7619, 1
03/20/2020,07:20,.7625,.7625,.7625,.7625, 1
03/20/2020,07:42,.7635,.7635,.7635,.7635, 1
03/20/2020,08:03,.7622,.7622,.7622,.7622, 1
03/20/2020,08:23,.7626,.7626,.7626,.7626, 1
03/20/2020,08:44,.7656,.7656,.7656,.7656, 1
03/20/2020,08:45,.7658,.7658,.7658,.7658, 1
03/20/2020,09:07,.7654,.7654,.7654,.7654, 1
03/20/2020,09:28,.7646,.7646,.7646,.7646, 1
03/20/2020,09:48,.7649,.7649,.7649,.7649, 1
03/20/2020,10:10,.7647,.7647,.7647,.7647, 1
03/20/2020,10:32,.7632,.7632,.7632,.7632, 1
03/20/2020,10:50,.7602,.7602,.7602,.7602, 1
03/20/2020,10:56,.7608,.7608,.7608,.7608, 1
03/20/2020,11:18,.7606,.7606,.7606,.7606, 1
03/20/2020,11:42,.7613,.7613,.7613,.7613, 1
03/20/2020,12:25,.7587,.7587,.7587,.7587, 1
03/20/2020,12:46,.7613,.7613,.7613,.7613, 1
03/20/2020,13:09,.7606,.7606,.7606,.7606, 1
03/20/2020,13:33,.7607,.7607,.7607,.7607, 1
03/20/2020,13:54,.7608,.7608,.7608,.7608, 1
03/20/2020,14:18,.7585,.7585,.7585,.7585, 1
03/20/2020,14:41,.7596,.7596,.7596,.7596, 1
03/20/2020,15:04,.76,.76,.76,.76, 1
03/20/2020,15:25,.7608,.7608,.7608,.7608, 1
03/20/2020,15:45,.7599,.7599,.7599,.7599, 1
03/20/2020,16:07,.7615,.7615,.7615,.7615, 1
03/20/2020,16:27,.7605,.7605,.7605,.7605, 1
03/20/2020,17:12,.7588,.7588,.7588,.7588, 1
03/20/2020,17:35,.758,.758,.758,.758, 1
03/20/2020,17:56,.7559,.7559,.7559,.7559, 1
03/20/2020,18:18,.7574,.7574,.7574,.7574, 1
03/20/2020,18:41,.7569,.7569,.7569,.7569, 1
03/20/2020,19:05,.7555,.7555,.7555,.7555, 1
03/20/2020,19:27,.7557,.7557,.7557,.7557, 1
03/20/2020,19:50,.7559,.7559,.7559,.7559, 1
03/20/2020,20:13,.7548,.7548,.7548,.7548, 1
03/20/2020,20:36,.7543,.7543,.7543,.7543, 1
03/20/2020,20:58,.7564,.7564,.7564,.7564, 1
03/20/2020,21:21,.7567,.7567,.7567,.7567, 1
03/20/2020,21:42,.758,.758,.758,.758, 1
03/20/2020,22:06,.7583,.7583,.7583,.7583, 1
03/23/2020,08:11,.7612,.7612,.7612,.7612, 1
03/23/2020,08:31,.7608,.7608,.7608,.7608, 1
03/23/2020,08:54,.7597,.7597,.7597,.7597, 1
03/23/2020,09:16,.7584,.7584,.7584,.7584, 1
03/23/2020,09:38,.7588,.7588,.7588,.7588, 1
03/23/2020,09:58,.7593,.7593,.7593,.7593, 1
03/23/2020,10:21,.7585,.7585,.7585,.7585, 1
03/23/2020,10:41,.7574,.7574,.7574,.7574, 1
03/23/2020,11:05,.7569,.7569,.7569,.7569, 1
03/23/2020,11:49,.7571,.7571,.7571,.7571, 1
03/23/2020,12:13,.7577,.7577,.7577,.7577, 1
03/23/2020,12:35,.7569,.7569,.7569,.7569, 1
03/23/2020,13:05,.7603,.7603,.7603,.7603, 1
03/23/2020,13:18,.7628,.7628,.7628,.7628, 1
03/23/2020,13:40,.7627,.7627,.7627,.7627, 1
03/23/2020,14:01,.7641,.7641,.7641,.7641, 1
03/23/2020,14:24,.7631,.7631,.7631,.7631, 1
03/23/2020,14:47,.7639,.7639,.7639,.7639, 1
03/23/2020,15:11,.7644,.7644,.7644,.7644, 1
03/23/2020,15:34,.7656,.7656,.7656,.7656, 1
03/23/2020,15:55,.7661,.7661,.7661,.7661, 1
03/23/2020,16:16,.7656,.7656,.7656,.7656, 1
03/23/2020,16:39,.7635,.7635,.7635,.7635, 1
03/23/2020,17:01,.7629,.7629,.7629,.7629, 1
03/23/2020,18:03,.7627,.7627,.7627,.7627, 1
03/23/2020,18:25,.7635,.7635,.7635,.7635, 1
03/23/2020,18:49,.7639,.7639,.7639,.7639, 1
03/23/2020,19:10,.7619,.7619,.7619,.7619, 1
03/23/2020,19:53,.7608,.7608,.7608,.7608, 1
03/23/2020,20:16,.7615,.7615,.7615,.7615, 1
03/23/2020,21:01,.7606,.7606,.7606,.7606, 1
03/23/2020,21:21,.7601,.7601,.7601,.7601, 1
03/23/2020,21:45,.7609,.7609,.7609,.7609, 1
03/23/2020,22:08,.7604,.7604,.7604,.7604, 1
03/23/2020,22:30,.761,.761,.761,.761, 1
03/23/2020,22:53,.7606,.7606,.7606,.7606, 1
03/23/2020,23:15,.762,.762,.762,.762, 1
03/24/2020,06:12,.7655,.7655,.7655,.7655, 1
03/24/2020,06:32,.765,.765,.765,.765, 1
03/24/2020,06:52,.7643,.7643,.7643,.7643, 1
03/24/2020,07:13,.7644,.7644,.7644,.7644, 1
03/24/2020,07:33,.7656,.7656,.7656,.7656, 1
03/24/2020,07:49,.7688,.7688,.7688,.7688, 1
03/24/2020,07:56,.7697,.7697,.7697,.7697, 1
03/24/2020,08:20,.7678,.7678,.7678,.7678, 1
03/24/2020,08:41,.768,.768,.768,.768, 1
03/24/2020,09:03,.7677,.7677,.7677,.7677, 1
03/24/2020,09:24,.7688,.7688,.7688,.7688, 1
03/24/2020,09:48,.7671,.7671,.7671,.7671, 1
03/24/2020,10:09,.7674,.7674,.7674,.7674, 1
03/24/2020,10:31,.7676,.7676,.7676,.7676, 1
03/24/2020,10:53,.7691,.7691,.7691,.7691, 1
03/24/2020,11:14,.771,.771,.771,.771, 1
03/24/2020,11:36,.77,.77,.77,.77, 1
03/24/2020,12:00,.7715,.7715,.7715,.7715, 1
03/24/2020,12:22,.77,.77,.77,.77, 1
03/24/2020,12:46,.7695,.7695,.7695,.7695, 1
03/24/2020,13:07,.7697,.7697,.7697,.7697, 1
03/24/2020,13:28,.7669,.7669,.7669,.7669, 1
03/24/2020,13:48,.7674,.7674,.7674,.7674, 1
03/24/2020,14:11,.7683,.7683,.7683,.7683, 1
03/24/2020,14:32,.7686,.7686,.7686,.7686, 1
03/24/2020,14:41,.7655,.7655,.7655,.7655, 1
03/24/2020,14:54,.767,.767,.767,.767, 1
03/24/2020,15:14,.7663,.7663,.7663,.7663, 1
03/24/2020,15:35,.7641,.7641,.7641,.7641, 1
03/24/2020,15:57,.7649,.7649,.7649,.7649, 1
03/24/2020,16:21,.7651,.7651,.7651,.7651, 1
03/24/2020,16:44,.7638,.7638,.7638,.7638, 1
03/24/2020,17:07,.7662,.7662,.7662,.7662, 1
03/24/2020,17:31,.7651,.7651,.7651,.7651, 1
03/24/2020,18:38,.7639,.7639,.7639,.7639, 1
03/24/2020,19:22,.7633,.7633,.7633,.7633, 1
03/24/2020,19:45,.7625,.7625,.7625,.7625, 1
03/24/2020,20:07,.7624,.7624,.7624,.7624, 1
03/24/2020,20:30,.762,.762,.762,.762, 1
03/24/2020,20:53,.7626,.7626,.7626,.7626, 1
03/24/2020,21:18,.7634,.7634,.7634,.7634, 1
03/24/2020,21:40,.7646,.7646,.7646,.7646, 1
03/24/2020,22:25,.7649,.7649,.7649,.7649, 1
03/24/2020,22:48,.7647,.7647,.7647,.7647, 1
03/24/2020,23:10,.7655,.7655,.7655,.7655, 1
03/24/2020,23:32,.7661,.7661,.7661,.7661, 1
03/24/2020,23:54,.7664,.7664,.7664,.7664, 1
03/25/2020,06:02,.7666,.7666,.7666,.7666, 1
03/25/2020,06:25,.7656,.7656,.7656,.7656, 1
03/25/2020,06:48,.7664,.7664,.7664,.7664, 1
03/25/2020,07:11,.7673,.7673,.7673,.7673, 1
03/25/2020,07:34,.7672,.7672,.7672,.7672, 1
03/25/2020,07:54,.7664,.7664,.7664,.7664, 1
03/25/2020,08:16,.7674,.7674,.7674,.7674, 1
03/25/2020,08:41,.7676,.7676,.7676,.7676, 1
03/25/2020,09:04,.7659,.7659,.7659,.7659, 1
03/25/2020,09:27,.7669,.7669,.7669,.7669, 1
03/25/2020,09:48,.7676,.7676,.7676,.7676, 1
03/25/2020,10:12,.7687,.7687,.7687,.7687, 1
03/25/2020,10:35,.7681,.7681,.7681,.7681, 1
03/25/2020,10:56,.7687,.7687,.7687,.7687, 1
03/25/2020,11:16,.7683,.7683,.7683,.7683, 1
03/25/2020,11:40,.7671,.7671,.7671,.7671, 1
03/25/2020,12:02,.7662,.7662,.7662,.7662, 1
03/25/2020,12:23,.7668,.7668,.7668,.7668, 1
03/25/2020,12:46,.7674,.7674,.7674,.7674, 1
03/25/2020,13:30,.7667,.7667,.7667,.7667, 1
03/25/2020,14:15,.7676,.7676,.7676,.7676, 1
03/25/2020,14:38,.7669,.7669,.7669,.7669, 1
03/25/2020,15:02,.7656,.7656,.7656,.7656, 1
03/25/2020,15:24,.7663,.7663,.7663,.7663, 1
03/25/2020,15:45,.7658,.7658,.7658,.7658, 1
03/25/2020,16:08,.7659,.7659,.7659,.7659, 1
03/25/2020,16:30,.7652,.7652,.7652,.7652, 1
03/25/2020,16:53,.7658,.7658,.7658,.7658, 1
03/25/2020,17:06,.7691,.7691,.7691,.7691, 1
03/25/2020,17:18,.7678,.7678,.7678,.7678, 1
03/25/2020,17:41,.7682,.7682,.7682,.7682, 1
03/25/2020,18:05,.7688,.7688,.7688,.7688, 1
03/25/2020,18:25,.7705,.7705,.7705,.7705, 1
03/25/2020,18:49,.7703,.7703,.7703,.7703, 1
03/25/2020,19:11,.7704,.7704,.7704,.7704, 1
03/25/2020,19:32,.7713,.7713,.7713,.7713, 1
03/25/2020,19:54,.7705,.7705,.7705,.7705, 1
03/25/2020,20:37,.7719,.7719,.7719,.7719, 1
03/25/2020,21:00,.7715,.7715,.7715,.7715, 1
03/25/2020,21:24,.772,.772,.772,.772, 1
03/25/2020,21:45,.7721,.7721,.7721,.7721, 1
03/25/2020,22:06,.7715,.7715,.7715,.7715, 1
03/25/2020,22:28,.7711,.7711,.7711,.7711, 1
03/25/2020,22:50,.771,.771,.771,.771, 1
03/25/2020,23:12,.772,.772,.772,.772, 1
03/25/2020,23:34,.771,.771,.771,.771, 1
03/25/2020,23:56,.7715,.7715,.7715,.7715, 1
03/26/2020,06:16,.7738,.7738,.7738,.7738, 1
03/26/2020,06:38,.7742,.7742,.7742,.7742, 1
03/26/2020,06:59,.7733,.7733,.7733,.7733, 1
03/26/2020,07:21,.7731,.7731,.7731,.7731, 1
03/26/2020,07:42,.7734,.7734,.7734,.7734, 1
03/26/2020,08:03,.7733,.7733,.7733,.7733, 1
03/26/2020,08:28,.7739,.7739,.7739,.7739, 1
03/26/2020,08:51,.7738,.7738,.7738,.7738, 1
03/26/2020,09:12,.7751,.7751,.7751,.7751, 1
03/26/2020,09:35,.7756,.7756,.7756,.7756, 1
03/26/2020,10:21,.7759,.7759,.7759,.7759, 1
03/26/2020,10:42,.7761,.7761,.7761,.7761, 1
03/26/2020,11:04,.776,.776,.776,.776, 1
03/26/2020,11:47,.7765,.7765,.7765,.7765, 1
03/26/2020,12:09,.7769,.7769,.7769,.7769, 1
03/26/2020,12:34,.7775,.7775,.7775,.7775, 1
03/26/2020,12:54,.7769,.7769,.7769,.7769, 1
03/26/2020,13:15,.7751,.7751,.7751,.7751, 1
03/26/2020,13:39,.7759,.7759,.7759,.7759, 1
03/26/2020,14:00,.7779,.7779,.7779,.7779, 1
03/26/2020,14:21,.7788,.7788,.7788,.7788, 1
03/26/2020,14:43,.7771,.7771,.7771,.7771, 1
03/26/2020,15:07,.7778,.7778,.7778,.7778, 1
03/26/2020,15:29,.7781,.7781,.7781,.7781, 1
03/26/2020,15:50,.7772,.7772,.7772,.7772, 1
03/26/2020,16:11,.7795,.7795,.7795,.7795, 1
03/26/2020,16:34,.7807,.7807,.7807,.7807, 1
03/26/2020,16:55,.7803,.7803,.7803,.7803, 1
03/26/2020,17:17,.7806,.7806,.7806,.7806, 1
03/26/2020,17:39,.7818,.7818,.7818,.7818, 1
03/26/2020,18:01,.783,.783,.783,.783, 1
03/26/2020,18:23,.7816,.7816,.7816,.7816, 1
03/26/2020,18:45,.7825,.7825,.7825,.7825, 1
03/26/2020,19:07,.7817,.7817,.7817,.7817, 1
03/26/2020,19:29,.7821,.7821,.7821,.7821, 1
03/26/2020,19:53,.7827,.7827,.7827,.7827, 1
03/26/2020,20:18,.782,.782,.782,.782, 1
03/26/2020,20:40,.7827,.7827,.7827,.7827, 1
03/26/2020,21:04,.784,.784,.784,.784, 1
03/26/2020,21:25,.783,.783,.783,.783, 1
03/26/2020,21:45,.7824,.7824,.7824,.7824, 1
03/26/2020,22:09,.7822,.7822,.7822,.7822, 1
03/26/2020,22:29,.782,.782,.782,.782, 1
03/26/2020,23:12,.7821,.7821,.7821,.7821, 1
03/26/2020,23:35,.7823,.7823,.7823,.7823, 1
03/26/2020,23:57,.7827,.7827,.7827,.7827, 1
03/27/2020,05:56,.7843,.7843,.7843,.7843, 1
03/27/2020,06:18,.7839,.7839,.7839,.7839, 1
03/27/2020,06:40,.7842,.7842,.7842,.7842, 1
03/27/2020,07:04,.7847,.7847,.7847,.7847, 1
03/27/2020,07:27,.7844,.7844,.7844,.7844, 1
03/27/2020,07:49,.7829,.7829,.7829,.7829, 1
03/27/2020,08:10,.7833,.7833,.7833,.7833, 1
03/27/2020,08:30,.7817,.7817,.7817,.7817, 1
03/27/2020,08:52,.7812,.7812,.7812,.7812, 1
03/27/2020,09:14,.7822,.7822,.7822,.7822, 1
03/27/2020,09:34,.7814,.7814,.7814,.7814, 1
03/27/2020,09:55,.7811,.7811,.7811,.7811, 1
03/27/2020,10:17,.781,.781,.781,.781, 1
03/27/2020,10:39,.7803,.7803,.7803,.7803, 1
03/27/2020,11:03,.7801,.7801,.7801,.7801, 1
03/27/2020,11:48,.781,.781,.781,.781, 1
03/27/2020,12:32,.7808,.7808,.7808,.7808, 1
03/27/2020,12:53,.7811,.7811,.7811,.7811, 1
03/27/2020,13:16,.7802,.7802,.7802,.7802, 1
03/27/2020,13:39,.7789,.7789,.7789,.7789, 1
03/27/2020,14:01,.779,.779,.779,.779, 1
03/27/2020,14:25,.7773,.7773,.7773,.7773, 1
03/27/2020,14:48,.7775,.7775,.7775,.7775, 1
03/27/2020,15:11,.7803,.7803,.7803,.7803, 1
03/27/2020,15:32,.7792,.7792,.7792,.7792, 1
03/27/2020,15:52,.7795,.7795,.7795,.7795, 1
03/27/2020,16:14,.7816,.7816,.7816,.7816, 1
03/27/2020,16:34,.7823,.7823,.7823,.7823, 1
03/27/2020,16:56,.7839,.7839,.7839,.7839, 1
03/27/2020,17:18,.7851,.7851,.7851,.7851, 1
03/27/2020,17:42,.7848,.7848,.7848,.7848, 1
03/27/2020,18:03,.7859,.7859,.7859,.7859, 1
03/27/2020,18:25,.785,.785,.785,.785, 1
03/27/2020,18:48,.7858,.7858,.7858,.7858, 1
03/27/2020,19:11,.7874,.7874,.7874,.7874, 1
03/27/2020,19:34,.787,.787,.787,.787, 1
03/27/2020,19:57,.7875,.7875,.7875,.7875, 1
03/27/2020,20:20,.7888,.7888,.7888,.7888, 1
03/27/2020,20:43,.7886,.7886,.7886,.7886, 1
03/27/2020,21:04,.7892,.7892,.7892,.7892, 1
03/27/2020,21:28,.7895,.7895,.7895,.7895, 1
03/27/2020,21:49,.79,.79,.79,.79, 1
03/30/2020,08:07,.7876,.7876,.7876,.7876, 1
03/30/2020,08:26,.7865,.7865,.7865,.7865, 1
03/30/2020,08:50,.7856,.7856,.7856,.7856, 1
03/30/2020,09:12,.7854,.7854,.7854,.7854, 1
03/30/2020,09:33,.7849,.7849,.7849,.7849, 1
03/30/2020,09:53,.785,.785,.785,.785, 1
03/30/2020,10:17,.7849,.7849,.7849,.7849, 1
03/30/2020,10:37,.7854,.7854,.7854,.7854, 1
03/30/2020,11:00,.7862,.7862,.7862,.7862, 1
03/30/2020,11:21,.7856,.7856,.7856,.7856, 1
03/30/2020,11:44,.785,.785,.785,.785, 1
03/30/2020,12:09,.7845,.7845,.7845,.7845, 1
03/30/2020,12:31,.7841,.7841,.7841,.7841, 1
03/30/2020,12:51,.7845,.7845,.7845,.7845, 1
03/30/2020,13:13,.7847,.7847,.7847,.7847, 1
03/30/2020,13:35,.7838,.7838,.7838,.7838, 1
03/30/2020,13:57,.7839,.7839,.7839,.7839, 1
03/30/2020,14:20,.782,.782,.782,.782, 1
03/30/2020,14:42,.7822,.7822,.7822,.7822, 1
03/30/2020,15:06,.7812,.7812,.7812,.7812, 1
03/30/2020,15:30,.7821,.7821,.7821,.7821, 1
03/30/2020,15:51,.7814,.7814,.7814,.7814, 1
03/30/2020,16:11,.7822,.7822,.7822,.7822, 1
03/30/2020,16:34,.7818,.7818,.7818,.7818, 1
03/30/2020,16:56,.7821,.7821,.7821,.7821, 1
03/30/2020,17:17,.782,.782,.782,.782, 1
03/30/2020,17:38,.7824,.7824,.7824,.7824, 1
03/30/2020,17:59,.7813,.7813,.7813,.7813, 1
03/30/2020,18:20,.781,.781,.781,.781, 1
03/30/2020,18:44,.7813,.7813,.7813,.7813, 1
03/30/2020,19:05,.7815,.7815,.7815,.7815, 1
03/30/2020,19:27,.7811,.7811,.7811,.7811, 1
03/30/2020,19:49,.781,.781,.781,.781, 1
03/30/2020,20:12,.7823,.7823,.7823,.7823, 1
03/30/2020,20:35,.7827,.7827,.7827,.7827, 1
03/30/2020,20:56,.7819,.7819,.7819,.7819, 1
03/30/2020,21:16,.7829,.7829,.7829,.7829, 1
03/30/2020,22:04,.7833,.7833,.7833,.7833, 1
03/30/2020,22:25,.7834,.7834,.7834,.7834, 1
03/30/2020,22:48,.7833,.7833,.7833,.7833, 1
03/30/2020,23:10,.7834,.7834,.7834,.7834, 1
03/30/2020,23:33,.7822,.7822,.7822,.7822, 1
03/30/2020,23:57,.7832,.7832,.7832,.7832, 1
03/31/2020,06:07,.7812,.7812,.7812,.7812, 1
03/31/2020,06:27,.7814,.7814,.7814,.7814, 1
03/31/2020,06:47,.7811,.7811,.7811,.7811, 1
03/31/2020,07:08,.7805,.7805,.7805,.7805, 1
03/31/2020,07:29,.7812,.7812,.7812,.7812, 1
03/31/2020,07:52,.7811,.7811,.7811,.7811, 1
03/31/2020,08:15,.7814,.7814,.7814,.7814, 1
03/31/2020,08:36,.781,.781,.781,.781, 1
03/31/2020,08:58,.7799,.7799,.7799,.7799, 1
03/31/2020,09:20,.7794,.7794,.7794,.7794, 1
03/31/2020,09:44,.7801,.7801,.7801,.7801, 1
03/31/2020,10:04,.7798,.7798,.7798,.7798, 1
03/31/2020,10:48,.7793,.7793,.7793,.7793, 1
03/31/2020,11:09,.7782,.7782,.7782,.7782, 1
03/31/2020,11:32,.7785,.7785,.7785,.7785, 1
03/31/2020,11:56,.7781,.7781,.7781,.7781, 1
03/31/2020,12:18,.7777,.7777,.7777,.7777, 1
03/31/2020,12:41,.7773,.7773,.7773,.7773, 1
03/31/2020,13:02,.7757,.7757,.7757,.7757, 1
03/31/2020,13:23,.7756,.7756,.7756,.7756, 1
03/31/2020,13:43,.7759,.7759,.7759,.7759, 1
03/31/2020,14:07,.7769,.7769,.7769,.7769, 1
03/31/2020,14:28,.7764,.7764,.7764,.7764, 1
03/31/2020,14:49,.7778,.7778,.7778,.7778, 1
03/31/2020,15:09,.7779,.7779,.7779,.7779, 1
03/31/2020,15:30,.7771,.7771,.7771,.7771, 1
03/31/2020,15:53,.7779,.7779,.7779,.7779, 1
03/31/2020,16:17,.7773,.7773,.7773,.7773, 1
03/31/2020,16:39,.7786,.7786,.7786,.7786, 1
03/31/2020,17:02,.7785,.7785,.7785,.7785, 1
03/31/2020,17:26,.7793,.7793,.7793,.7793, 1
03/31/2020,17:50,.7804,.7804,.7804,.7804, 1
03/31/2020,18:11,.7799,.7799,.7799,.7799, 1
03/31/2020,18:34,.7798,.7798,.7798,.7798, 1
03/31/2020,18:58,.7778,.7778,.7778,.7778, 1
03/31/2020,19:18,.7783,.7783,.7783,.7783, 1
03/31/2020,19:40,.7776,.7776,.7776,.7776, 1
03/31/2020,20:01,.7807,.7807,.7807,.7807, 1
03/31/2020,20:02,.781,.781,.781,.781, 1
03/31/2020,20:26,.7802,.7802,.7802,.7802, 1
03/31/2020,20:49,.7805,.7805,.7805,.7805, 1
03/31/2020,21:13,.7806,.7806,.7806,.7806, 1
03/31/2020,21:35,.7804,.7804,.7804,.7804, 1
03/31/2020,21:58,.7817,.7817,.7817,.7817, 1
03/31/2020,22:20,.7812,.7812,.7812,.7812, 1
03/31/2020,22:44,.782,.782,.782,.782, 1
03/31/2020,23:06,.7824,.7824,.7824,.7824, 1
03/31/2020,23:27,.7825,.7825,.7825,.7825, 1
03/31/2020,23:49,.7822,.7822,.7822,.7822, 1

