04/01/2020,05:58,48.233,48.233,48.233,48.233, 1
04/01/2020,06:05,48.255,48.255,48.255,48.255, 1
04/01/2020,06:21,48.257,48.257,48.257,48.257, 1
04/01/2020,06:26,48.236,48.236,48.236,48.236, 1
04/01/2020,06:43,48.24,48.24,48.24,48.24, 1
04/01/2020,06:57,48.218,48.218,48.218,48.218, 1
04/01/2020,07:06,48.229,48.229,48.229,48.229, 1
04/01/2020,07:08,48.251,48.251,48.251,48.251, 1
04/01/2020,07:16,48.229,48.229,48.229,48.229, 1
04/01/2020,07:26,48.251,48.251,48.251,48.251, 1
04/01/2020,07:36,48.277,48.277,48.277,48.277, 1
04/01/2020,07:43,48.255,48.255,48.255,48.255, 1
04/01/2020,07:50,48.233,48.233,48.229,48.229, 2
04/01/2020,07:52,48.251,48.251,48.251,48.251, 1
04/01/2020,08:02,48.229,48.229,48.229,48.229, 1
04/01/2020,08:04,48.257,48.257,48.257,48.257, 1
04/01/2020,08:07,48.233,48.233,48.233,48.233, 1
04/01/2020,08:12,48.225,48.225,48.225,48.225, 1
04/01/2020,08:16,48.203,48.203,48.203,48.203, 1
04/01/2020,08:19,48.181,48.181,48.181,48.181, 1
04/01/2020,08:22,48.159,48.159,48.159,48.159, 1
04/01/2020,08:23,48.137,48.137,48.137,48.137, 1
04/01/2020,08:23,48.163,48.163,48.163,48.163, 1
04/01/2020,08:29,48.185,48.185,48.185,48.185, 1
04/01/2020,08:30,48.159,48.159,48.159,48.159, 1
04/01/2020,08:33,48.137,48.137,48.137,48.137, 1
04/01/2020,08:34,48.163,48.163,48.163,48.163, 1
04/01/2020,08:36,48.142,48.15,48.142,48.15, 2
04/01/2020,08:40,48.124,48.124,48.124,48.124, 1
04/01/2020,08:41,48.102,48.102,48.102,48.102, 1
04/01/2020,08:47,48.08,48.08,48.08,48.08, 1
04/01/2020,08:51,48.102,48.102,48.102,48.102, 1
04/01/2020,08:56,48.08,48.08,48.08,48.08, 1
04/01/2020,09:01,48.102,48.102,48.102,48.102, 1
04/01/2020,09:05,48.08,48.08,48.08,48.08, 1
04/01/2020,09:07,48.058,48.058,48.058,48.058, 1
04/01/2020,09:13,48.036,48.036,48.036,48.036, 1
04/01/2020,09:15,48.063,48.063,48.063,48.063, 1
04/01/2020,09:22,48.041,48.041,48.041,48.041, 1
04/01/2020,09:22,48.03,48.03,48.03,48.03, 1
04/01/2020,09:24,48.058,48.058,48.058,48.058, 1
04/01/2020,09:25,48.032,48.032,48.032,48.032, 1
04/01/2020,09:33,48.054,48.054,48.054,48.054, 1
04/01/2020,09:38,48.032,48.032,48.032,48.032, 1
04/01/2020,09:43,48.01,48.01,48.01,48.01, 1
04/01/2020,09:44,48.015,48.015,48.015,48.015, 1
04/01/2020,09:45,48.043,48.043,48.043,48.043, 1
04/01/2020,09:45,48.017,48.045,48.017,48.045, 2
04/01/2020,09:47,48.023,48.023,48.023,48.023, 1
04/01/2020,09:48,48.047,48.047,48.019,48.019, 2
04/01/2020,09:51,48.041,48.041,48.041,48.041, 1
04/01/2020,09:55,48.019,48.019,48.019,48.019, 1
04/01/2020,10:01,47.997,47.997,47.971,47.971, 2
04/01/2020,10:01,47.993,47.993,47.993,47.993, 1
04/01/2020,10:04,47.971,47.997,47.971,47.997, 2
04/01/2020,10:05,47.975,47.975,47.975,47.975, 1
04/01/2020,10:08,47.966,47.966,47.966,47.966, 1
04/01/2020,10:16,47.94,47.94,47.94,47.94, 1
04/01/2020,10:20,47.905,47.905,47.905,47.905, 1
04/01/2020,10:21,47.881,47.881,47.881,47.881, 1
04/01/2020,10:25,47.855,47.855,47.855,47.855, 1
04/01/2020,10:31,47.861,47.861,47.861,47.861, 1
04/01/2020,10:38,47.883,47.883,47.883,47.883, 1
04/01/2020,10:43,47.905,47.905,47.905,47.905, 1
04/01/2020,10:47,47.927,47.927,47.927,47.927, 1
04/01/2020,10:51,47.931,47.931,47.931,47.931, 1
04/01/2020,10:59,47.953,47.953,47.953,47.953, 1
04/01/2020,11:05,47.931,47.931,47.931,47.931, 1
04/01/2020,11:07,47.905,47.905,47.905,47.905, 1
04/01/2020,11:11,47.888,47.888,47.888,47.888, 1
04/01/2020,11:15,47.866,47.866,47.84,47.84, 2
04/01/2020,11:21,47.813,47.813,47.813,47.813, 1
04/01/2020,11:24,47.835,47.835,47.835,47.835, 1
04/01/2020,11:27,47.807,47.807,47.807,47.807, 1
04/01/2020,11:30,47.831,47.831,47.831,47.831, 1
04/01/2020,11:32,47.853,47.853,47.853,47.853, 1
04/01/2020,11:34,47.826,47.826,47.826,47.826, 1
04/01/2020,11:35,47.829,47.829,47.829,47.829, 1
04/01/2020,11:49,47.85,47.85,47.85,47.85, 1
04/01/2020,11:58,47.855,47.855,47.855,47.855, 1
04/01/2020,12:17,47.877,47.877,47.877,47.877, 1
04/01/2020,12:19,47.881,47.881,47.881,47.881, 1
04/01/2020,12:20,47.857,47.857,47.857,47.857, 1
04/01/2020,12:23,47.879,47.879,47.879,47.879, 1
04/01/2020,12:25,47.857,47.857,47.857,47.857, 1
04/01/2020,12:30,47.879,47.879,47.879,47.879, 1
04/01/2020,12:41,47.872,47.872,47.872,47.872, 1
04/01/2020,12:52,47.894,47.894,47.894,47.894, 1
04/01/2020,13:01,47.872,47.872,47.872,47.872, 1
04/01/2020,13:03,47.875,47.875,47.875,47.875, 1
04/01/2020,13:10,47.896,47.896,47.896,47.896, 1
04/01/2020,13:23,47.918,47.918,47.918,47.918, 1
04/01/2020,13:25,47.91,47.91,47.91,47.91, 1
04/01/2020,13:29,47.888,47.888,47.888,47.888, 1
04/01/2020,13:38,47.866,47.866,47.866,47.866, 1
04/01/2020,13:40,47.888,47.888,47.888,47.888, 1
04/01/2020,13:43,47.861,47.861,47.861,47.861, 1
04/01/2020,13:48,47.842,47.842,47.842,47.842, 1
04/01/2020,13:58,47.866,47.866,47.866,47.866, 1
04/01/2020,13:59,47.844,47.844,47.844,47.844, 1
04/01/2020,13:59,47.866,47.866,47.866,47.866, 1
04/01/2020,14:01,47.888,47.888,47.888,47.888, 1
04/01/2020,14:01,47.866,47.866,47.866,47.866, 1
04/01/2020,14:03,47.844,47.844,47.844,47.844, 1
04/01/2020,14:11,47.857,47.857,47.857,47.857, 1
04/01/2020,14:22,47.835,47.835,47.835,47.835, 1
04/01/2020,14:23,47.813,47.813,47.813,47.813, 1
04/01/2020,14:26,47.835,47.835,47.835,47.835, 1
04/01/2020,14:29,47.809,47.809,47.809,47.809, 1
04/01/2020,14:34,47.813,47.813,47.813,47.813, 1
04/01/2020,14:51,47.84,47.84,47.84,47.84, 1
04/01/2020,14:53,47.864,47.864,47.864,47.864, 1
04/01/2020,14:56,47.835,47.835,47.835,47.835, 1
04/01/2020,14:57,47.842,47.842,47.842,47.842, 1
04/01/2020,15:02,47.82,47.82,47.82,47.82, 1
04/01/2020,15:07,47.844,47.844,47.822,47.822, 2
04/01/2020,15:12,47.8,47.8,47.8,47.8, 1
04/01/2020,15:16,47.824,47.824,47.824,47.824, 1
04/01/2020,15:18,47.802,47.802,47.802,47.802, 1
04/01/2020,15:19,47.809,47.809,47.809,47.809, 1
04/01/2020,15:25,47.831,47.831,47.831,47.831, 1
04/01/2020,15:37,47.805,47.805,47.805,47.805, 1
04/01/2020,15:40,47.826,47.826,47.826,47.826, 1
04/01/2020,15:40,47.818,47.818,47.818,47.818, 1
04/01/2020,15:43,47.84,47.84,47.84,47.84, 1
04/01/2020,15:53,47.818,47.818,47.818,47.818, 1
04/01/2020,16:01,47.84,47.84,47.84,47.84, 1
04/01/2020,16:03,47.815,47.815,47.815,47.815, 1
04/01/2020,16:03,47.822,47.822,47.822,47.822, 1
04/01/2020,16:07,47.844,47.844,47.844,47.844, 1
04/01/2020,16:08,47.866,47.866,47.866,47.866, 1
04/01/2020,16:10,47.888,47.888,47.888,47.888, 1
04/01/2020,16:13,47.866,47.866,47.866,47.866, 1
04/01/2020,16:16,47.844,47.844,47.844,47.844, 1
04/01/2020,16:20,47.82,47.82,47.82,47.82, 1
04/01/2020,16:23,47.844,47.844,47.822,47.822, 2
04/01/2020,16:26,47.8,47.811,47.8,47.811, 2
04/01/2020,16:38,47.833,47.833,47.833,47.833, 1
04/01/2020,16:40,47.811,47.811,47.811,47.811, 1
04/01/2020,16:43,47.787,47.787,47.787,47.787, 1
04/01/2020,16:48,47.809,47.809,47.809,47.809, 1
04/01/2020,16:49,47.001,47.001,47.001,47.001, 1
04/01/2020,16:50,47.026,47.026,47.026,47.026, 1
04/01/2020,16:52,47.005,47.005,47.005,47.005, 1
04/01/2020,16:53,47.026,47.026,47.026,47.026, 1
04/01/2020,16:53,47.005,47.005,47.005,47.005, 1
04/01/2020,16:57,46.983,46.983,46.983,46.983, 1
04/01/2020,16:58,47.009,47.009,47.009,47.009, 1
04/01/2020,16:59,46.988,46.988,46.988,46.988, 1
04/01/2020,16:59,47.009,47.009,47.009,47.009, 1
04/01/2020,17:01,46.988,46.988,46.988,46.988, 1
04/01/2020,17:02,47.011,47.011,47.011,47.011, 1
04/01/2020,17:05,46.988,46.988,46.988,46.988, 1
04/01/2020,17:09,47.016,47.016,47.016,47.016, 1
04/01/2020,17:13,47.013,47.013,47.013,47.013, 1
04/01/2020,17:19,47.035,47.035,47.035,47.035, 1
04/01/2020,17:23,47.011,47.035,47.011,47.035, 2
04/01/2020,17:26,47.059,47.059,47.059,47.059, 1
04/01/2020,17:28,47.035,47.035,47.035,47.035, 1
04/01/2020,17:29,47.061,47.061,47.061,47.061, 1
04/01/2020,17:36,47.074,47.074,47.074,47.074, 1
04/01/2020,17:39,47.048,47.048,47.048,47.048, 1
04/01/2020,17:40,47.069,47.069,47.069,47.069, 1
04/01/2020,17:45,47.046,47.046,47.046,47.046, 1
04/01/2020,18:01,47.037,47.037,47.037,47.037, 1
04/01/2020,18:06,47.059,47.059,47.059,47.059, 1
04/01/2020,18:14,47.037,47.037,47.037,47.037, 1
04/01/2020,18:21,47.031,47.031,47.031,47.031, 1
04/01/2020,18:27,47.009,47.009,47.009,47.009, 1
04/01/2020,19:02,46.988,46.988,46.988,46.988, 1
04/01/2020,19:06,46.983,46.983,46.983,46.983, 1
04/01/2020,19:19,47.005,47.005,47.005,47.005, 1
04/01/2020,19:23,46.983,46.983,46.983,46.983, 1
04/01/2020,19:26,46.957,46.957,46.957,46.957, 1
04/01/2020,19:27,46.945,46.945,46.945,46.945, 1
04/01/2020,19:28,46.923,46.923,46.923,46.923, 1
04/01/2020,19:29,46.949,46.949,46.949,46.949, 1
04/01/2020,19:37,46.927,46.927,46.927,46.927, 1
04/01/2020,19:43,46.949,46.949,46.949,46.949, 1
04/01/2020,19:49,46.923,46.923,46.923,46.923, 1
04/01/2020,19:56,46.949,46.949,46.949,46.949, 1
04/01/2020,19:58,46.97,46.97,46.97,46.97, 1
04/01/2020,20:01,46.996,46.996,46.996,46.996, 1
04/01/2020,20:02,48.133,48.169,48.133,48.169, 2
04/01/2020,20:03,48.191,48.191,48.191,48.191, 1
04/01/2020,20:03,48.169,48.169,48.169,48.169, 1
04/01/2020,20:06,48.147,48.147,48.147,48.147, 1
04/01/2020,20:10,48.138,48.138,48.138,48.138, 1
04/01/2020,20:18,48.116,48.116,48.116,48.116, 1
04/01/2020,20:33,48.107,48.107,48.107,48.107, 1
04/01/2020,20:36,48.129,48.129,48.129,48.129, 1
04/01/2020,20:41,48.151,48.151,48.151,48.151, 1
04/01/2020,20:55,48.155,48.155,48.155,48.155, 1
04/01/2020,21:13,48.177,48.177,48.177,48.177, 1
04/01/2020,21:19,48.173,48.173,48.173,48.173, 1
04/01/2020,21:24,48.195,48.195,48.195,48.195, 1
04/01/2020,21:26,48.138,48.138,48.138,48.138, 1
04/01/2020,21:29,48.167,48.167,48.167,48.167, 1
04/01/2020,21:30,48.193,48.193,48.193,48.193, 1
04/01/2020,21:30,48.169,48.169,48.169,48.169, 1
04/01/2020,21:40,48.195,48.195,48.195,48.195, 1
04/01/2020,21:40,48.206,48.206,48.206,48.206, 1
04/01/2020,21:49,48.18,48.18,48.18,48.18, 1
04/01/2020,21:59,48.158,48.191,48.158,48.191, 2
04/01/2020,22:01,48.169,48.169,48.169,48.169, 1
04/01/2020,22:02,48.176,48.176,48.176,48.176, 1
04/01/2020,22:03,48.198,48.198,48.198,48.198, 1
04/01/2020,22:06,48.222,48.222,48.222,48.222, 1
04/01/2020,22:23,48.213,48.213,48.213,48.213, 1
04/01/2020,22:29,48.235,48.259,48.235,48.259, 2
04/01/2020,22:30,48.237,48.237,48.237,48.237, 1
04/01/2020,22:32,48.259,48.259,48.259,48.259, 1
04/01/2020,22:32,48.237,48.237,48.237,48.237, 1
04/01/2020,22:36,48.259,48.259,48.259,48.259, 1
04/01/2020,22:43,48.237,48.237,48.237,48.237, 1
04/01/2020,22:45,48.233,48.233,48.233,48.233, 1
04/01/2020,22:55,48.255,48.255,48.255,48.255, 1
04/01/2020,22:59,48.233,48.233,48.233,48.233, 1
04/01/2020,23:01,48.259,48.259,48.259,48.259, 1
04/01/2020,23:02,48.237,48.237,48.237,48.237, 1
04/01/2020,23:04,48.259,48.259,48.259,48.259, 1
04/01/2020,23:07,48.246,48.246,48.246,48.246, 1
04/01/2020,23:21,48.224,48.224,48.224,48.224, 1
04/01/2020,23:24,48.189,48.22,48.189,48.22, 2
04/01/2020,23:25,48.189,48.22,48.189,48.22, 2
04/01/2020,23:27,48.189,48.22,48.189,48.215, 6
04/01/2020,23:29,48.189,48.211,48.189,48.211, 2
04/01/2020,23:30,48.209,48.209,48.209,48.209, 1
04/01/2020,23:46,48.184,48.184,48.184,48.184, 1
04/01/2020,23:49,48.149,48.171,48.149,48.171, 2
04/01/2020,23:52,48.158,48.158,48.158,48.158, 1
04/02/2020,06:11,48.123,48.123,48.123,48.123, 1
04/02/2020,06:33,48.121,48.121,48.121,48.121, 1
04/02/2020,06:54,48.125,48.125,48.125,48.125, 1
04/02/2020,06:58,48.147,48.147,48.147,48.147, 1
04/02/2020,07:17,48.158,48.158,48.158,48.158, 1
04/02/2020,07:18,48.18,48.18,48.18,48.18, 1
04/02/2020,07:22,48.158,48.158,48.158,48.158, 1
04/02/2020,07:32,48.18,48.18,48.18,48.18, 1
04/02/2020,07:38,48.169,48.169,48.169,48.169, 1
04/02/2020,07:59,48.156,48.156,48.156,48.156, 1
04/02/2020,08:05,48.178,48.178,48.178,48.178, 1
04/02/2020,08:06,48.202,48.202,48.202,48.202, 1
04/02/2020,08:09,48.224,48.224,48.224,48.224, 1
04/02/2020,08:11,48.202,48.202,48.202,48.202, 1
04/02/2020,08:13,48.224,48.224,48.224,48.224, 1
04/02/2020,08:14,48.246,48.246,48.246,48.246, 1
04/02/2020,08:16,48.224,48.224,48.224,48.224, 1
04/02/2020,08:23,48.202,48.211,48.202,48.211, 2
04/02/2020,08:31,48.189,48.189,48.189,48.189, 1
04/02/2020,08:37,48.165,48.165,48.165,48.165, 1
04/02/2020,08:43,48.191,48.191,48.191,48.191, 1
04/02/2020,08:46,48.167,48.169,48.167,48.169, 2
04/02/2020,08:57,48.143,48.143,48.143,48.143, 1
04/02/2020,08:59,48.118,48.118,48.118,48.118, 1
04/02/2020,09:03,48.14,48.14,48.14,48.14, 1
04/02/2020,09:05,48.118,48.118,48.118,48.118, 1
04/02/2020,09:07,48.14,48.14,48.14,48.14, 1
04/02/2020,09:08,48.138,48.138,48.138,48.138, 1
04/02/2020,09:11,48.114,48.114,48.114,48.114, 1
04/02/2020,09:21,48.136,48.136,48.136,48.136, 1
04/02/2020,09:23,48.162,48.162,48.162,48.162, 1
04/02/2020,09:27,48.184,48.184,48.184,48.184, 1
04/02/2020,09:31,48.162,48.169,48.162,48.169, 2
04/02/2020,09:43,48.14,48.14,48.14,48.14, 1
04/02/2020,09:48,48.118,48.118,48.118,48.118, 1
04/02/2020,09:53,48.123,48.123,48.123,48.123, 1
04/02/2020,09:57,48.101,48.101,48.101,48.101, 1
04/02/2020,10:11,48.079,48.079,48.079,48.079, 1
04/02/2020,10:13,48.057,48.057,48.057,48.057, 1
04/02/2020,10:14,48.035,48.035,48.035,48.035, 1
04/02/2020,10:29,48.057,48.057,48.057,48.057, 1
04/02/2020,10:37,48.044,48.044,48.044,48.044, 1
04/02/2020,10:43,48.07,48.07,48.07,48.07, 1
04/02/2020,10:44,48.048,48.048,48.048,48.048, 1
04/02/2020,10:48,48.026,48.026,48.026,48.026, 1
04/02/2020,10:50,48.05,48.05,48.05,48.05, 1
04/02/2020,10:53,48.074,48.074,48.074,48.074, 1
04/02/2020,10:58,48.052,48.052,48.052,48.052, 1
04/02/2020,10:59,48.037,48.037,48.037,48.037, 1
04/02/2020,11:21,48.061,48.083,48.061,48.083, 2
04/02/2020,11:25,48.105,48.105,48.105,48.105, 1
04/02/2020,11:30,48.127,48.127,48.127,48.127, 1
04/02/2020,11:33,48.105,48.105,48.105,48.105, 1
04/02/2020,11:36,48.129,48.129,48.129,48.129, 1
04/02/2020,11:41,48.107,48.107,48.107,48.107, 1
04/02/2020,11:43,48.114,48.114,48.114,48.114, 1
04/02/2020,11:56,48.092,48.092,48.092,48.092, 1
04/02/2020,12:00,48.114,48.114,48.114,48.114, 1
04/02/2020,12:05,48.118,48.118,48.118,48.118, 1
04/02/2020,12:17,48.096,48.096,48.096,48.096, 1
04/02/2020,12:19,48.074,48.074,48.074,48.074, 1
04/02/2020,12:22,48.05,48.05,48.05,48.05, 1
04/02/2020,12:24,48.072,48.096,48.072,48.096, 2
04/02/2020,12:25,48.074,48.074,48.074,48.074, 1
04/02/2020,12:28,48.101,48.101,48.101,48.101, 1
04/02/2020,12:29,48.112,48.112,48.112,48.112, 1
04/02/2020,12:33,48.09,48.09,48.09,48.09, 1
04/02/2020,12:43,48.112,48.112,48.112,48.112, 1
04/02/2020,12:49,48.088,48.088,48.088,48.088, 1
04/02/2020,12:52,48.066,48.066,48.066,48.066, 1
04/02/2020,12:58,48.044,48.044,48.044,48.044, 1
04/02/2020,13:05,48.017,48.017,48.017,48.017, 1
04/02/2020,13:06,48.039,48.039,48.039,48.039, 1
04/02/2020,13:10,48.03,48.03,48.03,48.03, 1
04/02/2020,13:11,48.052,48.052,48.052,48.052, 1
04/02/2020,13:19,48.03,48.03,48.03,48.03, 1
04/02/2020,13:24,48.052,48.052,48.052,48.052, 1
04/02/2020,13:26,48.074,48.074,48.074,48.074, 1
04/02/2020,13:34,48.052,48.052,48.052,48.052, 1
04/02/2020,13:35,48.057,48.057,48.057,48.057, 1
04/02/2020,13:40,48.035,48.035,48.035,48.035, 1
04/02/2020,13:50,48.008,48.008,48.008,48.008, 1
04/02/2020,13:53,48.03,48.03,48.03,48.03, 1
04/02/2020,13:53,48.008,48.008,48.008,48.008, 1
04/02/2020,13:56,48.022,48.022,48.022,48.022, 1
04/02/2020,14:02,48,48,48,48, 1
04/02/2020,14:08,47.964,47.964,47.964,47.964, 1
04/02/2020,14:15,47.986,47.986,47.986,47.986, 1
04/02/2020,14:18,47.962,47.962,47.962,47.962, 1
04/02/2020,14:20,47.938,47.938,47.938,47.938, 1
04/02/2020,14:22,47.96,47.96,47.96,47.96, 1
04/02/2020,14:23,47.938,47.938,47.938,47.938, 1
04/02/2020,14:29,47.964,47.964,47.964,47.964, 1
04/02/2020,14:31,47.986,47.986,47.986,47.986, 1
04/02/2020,14:32,48.008,48.008,48.008,48.008, 1
04/02/2020,14:34,47.986,47.986,47.986,47.986, 1
04/02/2020,14:34,47.964,47.964,47.964,47.964, 1
04/02/2020,14:35,47.942,47.942,47.942,47.942, 1
04/02/2020,14:38,47.964,47.964,47.964,47.964, 1
04/02/2020,14:38,47.96,47.96,47.96,47.96, 1
04/02/2020,14:39,47.982,47.982,47.982,47.982, 1
04/02/2020,14:42,48.004,48.004,48.004,48.004, 1
04/02/2020,14:44,47.982,47.982,47.982,47.982, 1
04/02/2020,14:45,48.004,48.004,48.004,48.004, 1
04/02/2020,14:46,47.982,47.982,47.982,47.982, 1
04/02/2020,14:49,47.96,47.96,47.96,47.96, 1
04/02/2020,14:51,47.938,47.938,47.938,47.938, 1
04/02/2020,14:53,47.912,47.912,47.912,47.912, 1
04/02/2020,14:58,47.883,47.883,47.883,47.883, 1
04/02/2020,14:59,47.859,47.859,47.859,47.859, 1
04/02/2020,15:01,47.881,47.881,47.881,47.881, 1
04/02/2020,15:02,47.865,47.865,47.865,47.865, 1
04/02/2020,15:03,47.841,47.841,47.841,47.841, 1
04/02/2020,15:07,47.863,47.863,47.863,47.863, 1
04/02/2020,15:09,47.841,47.841,47.841,47.841, 1
04/02/2020,15:10,47.863,47.863,47.863,47.863, 1
04/02/2020,15:14,47.837,47.837,47.837,47.837, 1
04/02/2020,15:14,47.81,47.81,47.81,47.81, 1
04/02/2020,15:16,47.784,47.784,47.784,47.784, 1
04/02/2020,15:16,47.806,47.806,47.806,47.806, 1
04/02/2020,15:18,47.828,47.828,47.828,47.828, 1
04/02/2020,15:19,47.806,47.806,47.806,47.806, 1
04/02/2020,15:25,47.817,47.817,47.817,47.817, 1
04/02/2020,15:31,47.841,47.841,47.841,47.841, 1
04/02/2020,15:35,47.867,47.867,47.867,47.867, 1
04/02/2020,15:38,47.845,47.845,47.845,47.845, 1
04/02/2020,15:42,47.823,47.823,47.823,47.823, 1
04/02/2020,15:43,47.801,47.801,47.801,47.801, 1
04/02/2020,15:46,47.804,47.804,47.804,47.804, 1
04/02/2020,15:47,47.782,47.782,47.782,47.782, 1
04/02/2020,15:55,47.753,47.753,47.753,47.753, 1
04/02/2020,15:56,47.731,47.731,47.731,47.731, 1
04/02/2020,15:57,47.753,47.753,47.753,47.753, 1
04/02/2020,16:01,47.779,47.779,47.779,47.779, 1
04/02/2020,16:02,47.748,47.748,47.748,47.748, 1
04/02/2020,16:04,47.779,47.779,47.779,47.779, 1
04/02/2020,16:06,47.775,47.775,47.775,47.775, 1
04/02/2020,16:07,47.801,47.801,47.801,47.801, 1
04/02/2020,16:08,47.823,47.823,47.823,47.823, 1
04/02/2020,16:11,47.85,47.85,47.828,47.828, 2
04/02/2020,16:12,47.85,47.85,47.85,47.85, 1
04/02/2020,16:18,47.815,47.815,47.815,47.815, 1
04/02/2020,16:20,47.841,47.841,47.841,47.841, 1
04/02/2020,16:24,47.819,47.819,47.819,47.819, 1
04/02/2020,16:28,47.797,47.797,47.797,47.797, 1
04/02/2020,16:31,47.819,47.819,47.819,47.819, 1
04/02/2020,16:34,47.845,47.845,47.845,47.845, 1
04/02/2020,16:35,47.876,47.876,47.876,47.876, 1
04/02/2020,16:38,47.933,47.933,47.933,47.933, 1
04/02/2020,16:39,47.962,47.962,47.962,47.962, 1
04/02/2020,16:41,47.964,47.964,47.938,47.938, 2
04/02/2020,16:42,47.911,47.911,47.911,47.911, 1
04/02/2020,16:42,47.889,47.889,47.889,47.889, 1
04/02/2020,16:43,47.911,47.911,47.889,47.889, 2
04/02/2020,16:46,47.856,47.856,47.856,47.856, 1
04/02/2020,16:47,47.878,47.878,47.878,47.878, 1
04/02/2020,16:48,47.854,47.854,47.854,47.854, 1
04/02/2020,16:50,47.828,47.828,47.828,47.828, 1
04/02/2020,16:51,47.806,47.806,47.806,47.806, 1
04/02/2020,16:52,47.784,47.784,47.784,47.784, 1
04/02/2020,16:52,47.757,47.757,47.757,47.757, 1
04/02/2020,16:56,47.806,47.865,47.806,47.865, 3
04/02/2020,16:57,47.837,47.837,47.837,47.837, 1
04/02/2020,16:57,47.863,47.863,47.841,47.841, 2
04/02/2020,16:58,47.801,47.801,47.801,47.801, 1
04/02/2020,16:59,47.826,47.826,47.826,47.826, 1
04/02/2020,17:04,47.801,47.801,47.801,47.801, 1
04/02/2020,17:05,47.779,47.779,47.779,47.779, 1
04/02/2020,17:08,47.806,47.806,47.806,47.806, 1
04/02/2020,17:11,47.828,47.828,47.828,47.828, 1
04/02/2020,17:12,47.806,47.806,47.806,47.806, 1
04/02/2020,17:13,47.812,47.812,47.812,47.812, 1
04/02/2020,17:22,47.863,47.863,47.863,47.863, 1
04/02/2020,17:29,47.859,47.859,47.859,47.859, 1
04/02/2020,17:33,47.828,47.828,47.828,47.828, 1
04/02/2020,17:35,47.812,47.812,47.812,47.812, 1
04/02/2020,17:37,47.784,47.806,47.784,47.806, 2
04/02/2020,17:38,47.766,47.79,47.766,47.79, 2
04/02/2020,17:39,47.757,47.757,47.757,47.757, 1
04/02/2020,17:42,47.779,47.779,47.779,47.779, 1
04/02/2020,17:48,47.801,47.801,47.801,47.801, 1
04/02/2020,17:56,47.828,47.83,47.828,47.83, 2
04/02/2020,18:03,47.854,47.854,47.854,47.854, 1
04/02/2020,18:04,47.828,47.828,47.828,47.828, 1
04/02/2020,18:08,47.806,47.806,47.806,47.806, 1
04/02/2020,18:11,47.828,47.828,47.828,47.828, 1
04/02/2020,18:16,47.85,47.85,47.85,47.85, 1
04/02/2020,18:18,47.828,47.828,47.81,47.81, 2
04/02/2020,18:20,47.788,47.788,47.788,47.788, 1
04/02/2020,18:24,47.766,47.766,47.766,47.766, 1
04/02/2020,18:29,47.744,47.744,47.744,47.744, 1
04/02/2020,18:32,47.766,47.766,47.766,47.766, 1
04/02/2020,18:40,47.74,47.748,47.74,47.748, 2
04/02/2020,18:47,47.726,47.726,47.726,47.726, 1
04/02/2020,18:50,47.748,47.748,47.748,47.748, 1
04/02/2020,18:55,47.775,47.775,47.775,47.775, 1
04/02/2020,18:56,47.748,47.748,47.748,47.748, 1
04/02/2020,18:58,47.722,47.722,47.722,47.722, 1
04/02/2020,19:02,47.725,47.725,47.725,47.725, 1
04/02/2020,19:15,47.747,47.747,47.747,47.747, 1
04/02/2020,19:23,47.721,47.721,47.721,47.721, 1
04/02/2020,19:26,47.743,47.743,47.743,47.743, 1
04/02/2020,19:27,47.721,47.721,47.721,47.721, 1
04/02/2020,19:33,47.695,47.695,47.695,47.695, 1
04/02/2020,19:35,47.717,47.717,47.717,47.717, 1
04/02/2020,19:37,47.695,47.695,47.695,47.695, 1
04/02/2020,19:39,47.673,47.673,47.673,47.673, 1
04/02/2020,19:45,47.695,47.695,47.695,47.695, 1
04/02/2020,19:55,47.717,47.717,47.717,47.717, 1
04/02/2020,19:56,47.695,47.695,47.695,47.695, 1
04/02/2020,19:57,47.673,47.673,47.673,47.673, 1
04/02/2020,19:58,47.651,47.651,47.651,47.651, 1
04/02/2020,20:07,47.673,47.673,47.673,47.673, 1
04/02/2020,20:10,47.651,47.651,47.651,47.651, 1
04/02/2020,20:15,47.673,47.673,47.673,47.673, 1
04/02/2020,20:17,47.651,47.651,47.651,47.651, 1
04/02/2020,20:24,47.629,47.629,47.629,47.629, 1
04/02/2020,20:27,47.653,47.653,47.653,47.653, 1
04/02/2020,20:30,47.677,47.677,47.677,47.677, 1
04/02/2020,20:34,47.655,47.655,47.655,47.655, 1
04/02/2020,20:49,47.677,47.677,47.677,47.677, 1
04/02/2020,20:52,47.699,47.699,47.699,47.699, 1
04/02/2020,20:58,47.721,47.721,47.721,47.721, 1
04/02/2020,20:58,47.743,47.743,47.743,47.743, 1
04/02/2020,20:59,47.752,47.752,47.752,47.752, 1
04/02/2020,21:01,48.074,48.074,48.074,48.074, 1
04/02/2020,21:04,48.052,48.052,48.052,48.052, 1
04/02/2020,21:13,48.03,48.03,48.03,48.03, 1
04/02/2020,21:17,48.052,48.052,48.052,48.052, 1
04/02/2020,21:21,48.039,48.039,48.039,48.039, 1
04/02/2020,21:40,48.061,48.061,48.061,48.061, 1
04/02/2020,21:41,48.057,48.057,48.057,48.057, 1
04/02/2020,21:51,48.079,48.079,48.079,48.079, 1
04/02/2020,21:56,48.101,48.101,48.101,48.101, 1
04/02/2020,21:59,48.07,48.07,48.07,48.07, 1
04/02/2020,22:04,48.048,48.048,48.048,48.048, 1
04/02/2020,22:04,48.059,48.059,48.059,48.059, 1
04/02/2020,22:06,48.083,48.083,48.083,48.083, 1
04/02/2020,22:19,48.105,48.105,48.105,48.105, 1
04/02/2020,22:24,48.128,48.128,48.123,48.123, 2
04/02/2020,22:32,48.101,48.101,48.101,48.101, 1
04/02/2020,22:35,48.123,48.123,48.123,48.123, 1
04/02/2020,22:46,48.116,48.116,48.116,48.116, 1
04/02/2020,22:50,48.09,48.09,48.09,48.09, 1
04/02/2020,22:52,48.112,48.112,48.112,48.112, 1
04/02/2020,23:07,48.116,48.116,48.116,48.116, 1
04/02/2020,23:17,48.094,48.094,48.094,48.094, 1
04/02/2020,23:31,48.101,48.101,48.101,48.101, 1
04/02/2020,23:53,48.092,48.092,48.092,48.092, 1
04/03/2020,06:08,47.752,47.752,47.752,47.752, 1
04/03/2020,06:13,47.743,47.743,47.743,47.743, 1
04/03/2020,06:18,47.721,47.721,47.721,47.721, 1
04/03/2020,06:35,47.703,47.703,47.703,47.703, 1
04/03/2020,06:50,47.728,47.728,47.728,47.728, 1
04/03/2020,07:14,47.706,47.706,47.706,47.706, 1
04/03/2020,07:16,47.728,47.728,47.728,47.728, 1
04/03/2020,07:22,47.725,47.725,47.725,47.725, 1
04/03/2020,07:30,47.747,47.747,47.747,47.747, 1
04/03/2020,07:44,47.75,47.75,47.75,47.75, 1
04/03/2020,08:02,47.721,47.721,47.721,47.721, 1
04/03/2020,08:05,47.73,47.73,47.73,47.73, 1
04/03/2020,08:16,47.708,47.708,47.708,47.708, 1
04/03/2020,08:18,47.686,47.686,47.686,47.686, 1
04/03/2020,08:25,47.681,47.681,47.681,47.681, 1
04/03/2020,08:32,47.657,47.657,47.657,47.657, 1
04/03/2020,08:33,47.681,47.681,47.681,47.681, 1
04/03/2020,08:47,47.684,47.684,47.684,47.684, 1
04/03/2020,08:56,47.659,47.659,47.659,47.659, 1
04/03/2020,09:05,47.637,47.637,47.637,47.637, 1
04/03/2020,09:10,47.659,47.659,47.637,47.637, 2
04/03/2020,09:10,47.611,47.611,47.611,47.611, 1
04/03/2020,09:14,47.587,47.587,47.587,47.587, 1
04/03/2020,09:18,47.56,47.56,47.56,47.56, 1
04/03/2020,09:23,47.536,47.536,47.536,47.536, 1
04/03/2020,09:30,47.521,47.521,47.521,47.521, 1
04/03/2020,09:41,47.545,47.545,47.545,47.545, 1
04/03/2020,09:43,47.571,47.571,47.571,47.571, 1
04/03/2020,09:45,47.549,47.549,47.549,47.549, 1
04/03/2020,09:48,47.527,47.527,47.527,47.527, 1
04/03/2020,09:50,47.536,47.536,47.536,47.536, 1
04/03/2020,09:56,47.514,47.514,47.514,47.514, 1
04/03/2020,09:58,47.492,47.492,47.492,47.492, 1
04/03/2020,10:02,47.519,47.519,47.497,47.497, 2
04/03/2020,10:06,47.519,47.519,47.519,47.519, 1
04/03/2020,10:11,47.545,47.545,47.545,47.545, 1
04/03/2020,10:12,47.549,47.549,47.549,47.549, 1
04/03/2020,10:17,47.527,47.527,47.527,47.527, 1
04/03/2020,10:20,47.549,47.549,47.549,47.549, 1
04/03/2020,10:34,47.543,47.543,47.543,47.543, 1
04/03/2020,10:46,47.514,47.514,47.514,47.514, 1
04/03/2020,10:50,47.536,47.536,47.536,47.536, 1
04/03/2020,10:59,47.527,47.527,47.527,47.527, 1
04/03/2020,11:06,47.505,47.505,47.505,47.505, 1
04/03/2020,11:14,47.483,47.483,47.483,47.483, 1
04/03/2020,11:15,47.505,47.505,47.505,47.505, 1
04/03/2020,11:17,47.532,47.532,47.532,47.532, 1
04/03/2020,11:19,47.554,47.554,47.554,47.554, 1
04/03/2020,11:21,47.549,47.549,47.549,47.549, 1
04/03/2020,11:23,47.527,47.527,47.527,47.527, 1
04/03/2020,11:44,47.536,47.536,47.536,47.536, 1
04/03/2020,11:49,47.558,47.558,47.558,47.558, 1
04/03/2020,11:56,47.58,47.58,47.58,47.58, 1
04/03/2020,12:02,47.602,47.602,47.602,47.602, 1
04/03/2020,12:04,47.578,47.578,47.578,47.578, 1
04/03/2020,12:04,47.589,47.589,47.589,47.589, 1
04/03/2020,12:17,47.567,47.567,47.567,47.567, 1
04/03/2020,12:27,47.565,47.565,47.565,47.565, 1
04/03/2020,12:30,47.541,47.541,47.541,47.541, 1
04/03/2020,12:32,47.567,47.567,47.567,47.567, 1
04/03/2020,12:41,47.589,47.589,47.589,47.589, 1
04/03/2020,12:49,47.576,47.576,47.576,47.576, 1
04/03/2020,12:54,47.598,47.598,47.598,47.598, 1
04/03/2020,12:57,47.576,47.576,47.576,47.576, 1
04/03/2020,12:58,47.549,47.549,47.549,47.549, 1
04/03/2020,13:07,47.527,47.527,47.527,47.527, 1
04/03/2020,13:09,47.501,47.501,47.501,47.501, 1
04/03/2020,13:12,47.486,47.486,47.486,47.486, 1
04/03/2020,13:14,47.508,47.508,47.508,47.508, 1
04/03/2020,13:20,47.481,47.481,47.481,47.481, 1
04/03/2020,13:20,47.505,47.505,47.505,47.505, 1
04/03/2020,13:21,47.483,47.483,47.483,47.483, 1
04/03/2020,13:34,47.505,47.505,47.505,47.505, 1
04/03/2020,13:51,47.481,47.481,47.481,47.481, 1
04/03/2020,13:56,47.479,47.479,47.479,47.479, 1
04/03/2020,14:01,47.503,47.503,47.503,47.503, 1
04/03/2020,14:03,47.479,47.479,47.479,47.479, 1
04/03/2020,14:06,47.501,47.501,47.501,47.501, 1
04/03/2020,14:12,47.479,47.479,47.479,47.479, 1
04/03/2020,14:19,47.501,47.501,47.501,47.501, 1
04/03/2020,14:20,47.505,47.505,47.505,47.505, 1
04/03/2020,14:23,47.483,47.483,47.483,47.483, 1
04/03/2020,14:24,47.505,47.505,47.505,47.505, 1
04/03/2020,14:28,47.527,47.527,47.527,47.527, 1
04/03/2020,14:30,47.554,47.554,47.554,47.554, 1
04/03/2020,14:31,47.532,47.532,47.532,47.532, 1
04/03/2020,14:32,47.51,47.51,47.479,47.479, 2
04/03/2020,14:33,47.457,47.457,47.457,47.457, 1
04/03/2020,14:35,47.764,47.764,47.764,47.764, 1
04/03/2020,14:37,47.809,47.809,47.809,47.809, 1
04/03/2020,14:38,47.844,47.844,47.822,47.822, 2
04/03/2020,14:40,47.844,47.844,47.844,47.844, 1
04/03/2020,14:40,47.822,47.822,47.822,47.822, 1
04/03/2020,14:43,47.809,47.809,47.809,47.809, 1
04/03/2020,14:44,47.786,47.786,47.786,47.786, 1
04/03/2020,14:46,47.764,47.764,47.764,47.764, 1
04/03/2020,14:47,47.791,47.791,47.791,47.791, 1
04/03/2020,14:51,47.766,47.766,47.766,47.766, 1
04/03/2020,14:53,47.789,47.789,47.789,47.789, 1
04/03/2020,14:57,47.766,47.766,47.766,47.766, 1
04/03/2020,15:00,47.742,47.742,47.742,47.742, 1
04/03/2020,15:05,47.773,47.773,47.773,47.773, 1
04/03/2020,15:07,47.76,47.76,47.76,47.76, 1
04/03/2020,15:10,47.782,47.782,47.782,47.782, 1
04/03/2020,15:17,47.804,47.804,47.804,47.804, 1
04/03/2020,15:22,47.826,47.826,47.804,47.804, 2
04/03/2020,15:27,47.806,47.806,47.806,47.806, 1
04/03/2020,15:30,47.831,47.831,47.831,47.831, 1
04/03/2020,15:35,47.809,47.809,47.809,47.809, 1
04/03/2020,15:39,47.782,47.782,47.782,47.782, 1
04/03/2020,15:43,47.699,47.699,47.699,47.699, 1
04/03/2020,15:45,47.721,47.721,47.721,47.721, 1
04/03/2020,15:46,47.699,47.699,47.699,47.699, 1
04/03/2020,15:47,47.681,47.681,47.681,47.681, 1
04/03/2020,15:51,47.705,47.705,47.705,47.705, 1
04/03/2020,15:56,47.73,47.73,47.73,47.73, 1
04/03/2020,16:02,47.709,47.709,47.709,47.709, 1
04/03/2020,16:04,47.735,47.735,47.711,47.711, 2
04/03/2020,16:04,47.733,47.733,47.733,47.733, 1
04/03/2020,16:09,47.737,47.737,47.737,47.737, 1
04/03/2020,16:11,47.713,47.713,47.713,47.713, 1
04/03/2020,16:19,47.737,47.737,47.737,47.737, 1
04/03/2020,16:22,47.715,47.715,47.715,47.715, 1
04/03/2020,16:25,47.742,47.742,47.742,47.742, 1
04/03/2020,16:27,47.72,47.72,47.72,47.72, 1
04/03/2020,16:33,47.698,47.698,47.698,47.698, 1
04/03/2020,16:36,47.671,47.671,47.671,47.671, 1
04/03/2020,16:52,47.662,47.662,47.662,47.662, 1
04/03/2020,16:53,47.689,47.689,47.689,47.689, 1
04/03/2020,16:54,47.711,47.711,47.711,47.711, 1
04/03/2020,16:56,47.737,47.737,47.737,47.737, 1
04/03/2020,16:58,47.76,47.76,47.76,47.76, 1
04/03/2020,16:58,47.784,47.784,47.784,47.784, 1
04/03/2020,16:59,47.76,47.76,47.76,47.76, 1
04/03/2020,17:03,47.737,47.737,47.737,47.737, 1
04/03/2020,17:05,47.76,47.76,47.76,47.76, 1
04/03/2020,17:11,47.782,47.782,47.782,47.782, 1
04/03/2020,17:11,47.808,47.808,47.808,47.808, 1
04/03/2020,17:12,47.786,47.786,47.786,47.786, 1
04/03/2020,17:14,47.799,47.799,47.799,47.799, 1
04/03/2020,17:18,47.777,47.777,47.777,47.777, 1
04/03/2020,17:20,47.755,47.755,47.755,47.755, 1
04/03/2020,17:22,47.733,47.733,47.733,47.733, 1
04/03/2020,17:26,47.711,47.733,47.711,47.733, 2
04/03/2020,17:31,47.755,47.755,47.755,47.755, 1
04/03/2020,17:32,47.733,47.733,47.733,47.733, 1
04/03/2020,17:37,47.715,47.715,47.715,47.715, 1
04/03/2020,17:48,47.693,47.693,47.693,47.693, 1
04/03/2020,17:53,47.715,47.715,47.715,47.715, 1
04/03/2020,17:58,47.737,47.746,47.737,47.746, 2
04/03/2020,18:04,47.724,47.724,47.724,47.724, 1
04/03/2020,18:09,47.702,47.702,47.702,47.702, 1
04/03/2020,18:15,47.676,47.676,47.676,47.676, 1
04/03/2020,18:15,47.698,47.698,47.698,47.698, 1
04/03/2020,18:28,47.72,47.72,47.72,47.72, 1
04/03/2020,18:34,47.742,47.742,47.742,47.742, 1
04/03/2020,18:37,47.72,47.72,47.72,47.72, 1
04/03/2020,18:43,47.742,47.742,47.742,47.742, 1
04/03/2020,18:49,47.72,47.72,47.72,47.72, 1
04/03/2020,18:55,47.698,47.698,47.698,47.698, 1
04/03/2020,19:01,47.72,47.72,47.72,47.72, 1
04/03/2020,19:07,47.726,47.726,47.726,47.726, 1
04/03/2020,19:12,47.702,47.702,47.702,47.702, 1
04/03/2020,19:26,47.724,47.724,47.724,47.724, 1
04/03/2020,19:32,47.746,47.746,47.746,47.746, 1
04/03/2020,19:54,47.768,47.768,47.768,47.768, 1
04/03/2020,20:14,47.791,47.791,47.791,47.791, 1
04/03/2020,20:15,47.779,47.779,47.779,47.779, 1
04/03/2020,20:20,47.802,47.802,47.802,47.802, 1
04/03/2020,20:26,47.826,47.826,47.826,47.826, 1
04/03/2020,20:33,47.804,47.804,47.804,47.804, 1
04/03/2020,20:39,47.819,47.819,47.819,47.819, 1
04/03/2020,21:00,47.83,47.83,47.83,47.83, 1
04/03/2020,21:02,48.032,48.032,48.032,48.032, 1
04/03/2020,21:12,48.059,48.059,48.059,48.059, 1
04/03/2020,21:16,47.863,47.863,47.863,47.863, 1
04/03/2020,21:23,47.857,47.857,47.857,47.857, 1
04/03/2020,21:27,47.879,47.879,47.879,47.879, 1
04/03/2020,21:36,47.857,47.857,47.857,47.857, 1
04/03/2020,21:43,47.835,47.835,47.835,47.835, 1
04/03/2020,21:44,47.848,47.848,47.848,47.848, 1
04/03/2020,21:57,47.826,47.826,47.826,47.826, 1
04/03/2020,22:00,47.804,47.804,47.804,47.804, 1
04/03/2020,22:08,47.826,47.826,47.824,47.824, 2
04/03/2020,22:25,47.795,47.795,47.795,47.795, 1
04/03/2020,22:32,47.817,47.817,47.817,47.817, 1
04/03/2020,22:39,47.839,47.839,47.839,47.839, 1
04/03/2020,22:42,47.817,47.817,47.817,47.817, 1
04/03/2020,22:50,47.795,47.795,47.795,47.795, 1
04/03/2020,22:53,47.791,47.791,47.791,47.791, 1
04/03/2020,22:54,47.821,47.844,47.821,47.844, 2
04/03/2020,22:56,47.808,47.808,47.808,47.808, 1
04/03/2020,23:01,47.786,47.808,47.786,47.808, 2
04/06/2020,08:10,47.879,47.879,47.879,47.879, 1
04/06/2020,08:13,47.857,47.857,47.857,47.857, 1
04/06/2020,08:15,47.835,47.835,47.835,47.835, 1
04/06/2020,08:18,47.857,47.857,47.857,47.857, 1
04/06/2020,08:20,47.835,47.835,47.835,47.835, 1
04/06/2020,08:25,47.861,47.861,47.861,47.861, 1
04/06/2020,08:30,47.859,47.859,47.859,47.859, 1
04/06/2020,08:31,47.837,47.837,47.837,47.837, 1
04/06/2020,08:38,47.861,47.861,47.861,47.861, 1
04/06/2020,08:45,47.839,47.839,47.839,47.839, 1
04/06/2020,08:53,47.835,47.835,47.835,47.835, 1
04/06/2020,08:55,47.813,47.813,47.813,47.813, 1
04/06/2020,09:09,47.835,47.835,47.835,47.835, 1
04/06/2020,09:13,47.857,47.857,47.857,47.857, 1
04/06/2020,09:15,47.844,47.844,47.844,47.844, 1
04/06/2020,09:25,47.821,47.821,47.821,47.821, 1
04/06/2020,09:28,47.844,47.844,47.844,47.844, 1
04/06/2020,09:36,47.839,47.839,47.839,47.839, 1
04/06/2020,09:48,47.861,47.888,47.861,47.888, 2
04/06/2020,09:56,47.883,47.883,47.883,47.883, 1
04/06/2020,09:58,47.861,47.861,47.861,47.861, 1
04/06/2020,10:01,47.839,47.839,47.839,47.839, 1
04/06/2020,10:05,47.817,47.817,47.817,47.817, 1
04/06/2020,10:11,47.795,47.795,47.795,47.795, 1
04/06/2020,10:15,47.817,47.817,47.817,47.817, 1
04/06/2020,10:20,47.821,47.821,47.821,47.821, 1
04/06/2020,10:23,47.799,47.799,47.799,47.799, 1
04/06/2020,10:30,47.821,47.821,47.821,47.821, 1
04/06/2020,10:32,47.799,47.799,47.799,47.799, 1
04/06/2020,10:33,47.773,47.773,47.748,47.748, 2
04/06/2020,10:37,47.726,47.726,47.726,47.726, 1
04/06/2020,10:40,47.724,47.724,47.724,47.724, 1
04/06/2020,10:47,47.702,47.702,47.702,47.702, 1
04/06/2020,10:50,47.724,47.724,47.724,47.724, 1
04/06/2020,10:54,47.702,47.702,47.702,47.702, 1
04/06/2020,10:57,47.724,47.724,47.724,47.724, 1
04/06/2020,11:01,47.748,47.748,47.748,47.748, 1
04/06/2020,11:03,47.724,47.726,47.724,47.726, 2
04/06/2020,11:04,47.751,47.751,47.751,47.751, 1
04/06/2020,11:10,47.773,47.773,47.773,47.773, 1
04/06/2020,11:12,47.751,47.751,47.751,47.751, 1
04/06/2020,11:17,47.773,47.773,47.773,47.773, 1
04/06/2020,11:24,47.771,47.771,47.771,47.771, 1
04/06/2020,11:41,47.793,47.793,47.793,47.793, 1
04/06/2020,11:48,47.795,47.795,47.795,47.795, 1
04/06/2020,11:54,47.817,47.817,47.817,47.817, 1
04/06/2020,11:57,47.795,47.795,47.795,47.795, 1
04/06/2020,11:58,47.817,47.817,47.817,47.817, 1
04/06/2020,12:04,47.839,47.839,47.839,47.839, 1
04/06/2020,12:12,47.835,47.835,47.835,47.835, 1
04/06/2020,12:18,47.813,47.813,47.813,47.813, 1
04/06/2020,12:25,47.791,47.791,47.791,47.791, 1
04/06/2020,12:34,47.808,47.808,47.808,47.808, 1
04/06/2020,12:37,47.786,47.786,47.786,47.786, 1
04/06/2020,12:54,47.777,47.777,47.777,47.777, 1
04/06/2020,13:16,47.795,47.795,47.795,47.795, 1
04/06/2020,13:20,47.817,47.817,47.817,47.817, 1
04/06/2020,13:27,47.795,47.795,47.795,47.795, 1
04/06/2020,13:30,47.773,47.773,47.773,47.773, 1
04/06/2020,13:33,47.751,47.751,47.751,47.751, 1
04/06/2020,13:39,47.764,47.764,47.764,47.764, 1
04/06/2020,13:46,47.737,47.737,47.737,47.737, 1
04/06/2020,13:58,47.76,47.76,47.76,47.76, 1
04/06/2020,14:00,47.773,47.773,47.773,47.773, 1
04/06/2020,14:06,47.795,47.795,47.795,47.795, 1
04/06/2020,14:10,47.773,47.773,47.773,47.773, 1
04/06/2020,14:11,47.751,47.751,47.751,47.751, 1
04/06/2020,14:15,47.726,47.726,47.726,47.726, 1
04/06/2020,14:23,47.718,47.718,47.718,47.718, 1
04/06/2020,14:37,47.695,47.695,47.695,47.695, 1
04/06/2020,14:43,47.718,47.718,47.718,47.718, 1
04/06/2020,14:45,47.704,47.704,47.704,47.704, 1
04/06/2020,14:46,47.68,47.68,47.68,47.68, 1
04/06/2020,14:48,47.702,47.702,47.702,47.702, 1
04/06/2020,14:49,47.724,47.724,47.724,47.724, 1
04/06/2020,14:52,47.921,47.921,47.921,47.921, 1
04/06/2020,14:55,47.724,47.724,47.724,47.724, 1
04/06/2020,15:03,47.695,47.695,47.695,47.695, 1
04/06/2020,15:04,47.717,47.717,47.717,47.717, 1
04/06/2020,15:09,47.723,47.723,47.723,47.723, 1
04/06/2020,15:14,47.699,47.699,47.699,47.699, 1
04/06/2020,15:24,47.677,47.677,47.677,47.677, 1
04/06/2020,15:31,47.655,47.655,47.655,47.655, 1
04/06/2020,15:33,47.664,47.664,47.664,47.664, 1
04/06/2020,15:36,47.635,47.635,47.635,47.635, 1
04/06/2020,15:42,47.657,47.657,47.657,47.657, 1
04/06/2020,15:46,47.681,47.681,47.681,47.681, 1
04/06/2020,15:48,47.706,47.706,47.706,47.706, 1
04/06/2020,15:48,47.739,47.739,47.739,47.739, 1
04/06/2020,15:50,47.717,47.717,47.717,47.717, 1
04/06/2020,15:51,47.743,47.743,47.743,47.743, 1
04/06/2020,15:54,47.748,47.748,47.748,47.748, 1
04/06/2020,15:56,47.726,47.726,47.726,47.726, 1
04/06/2020,15:59,47.752,47.752,47.752,47.752, 1
04/06/2020,16:00,47.728,47.752,47.728,47.752, 2
04/06/2020,16:03,47.73,47.73,47.73,47.73, 1
04/06/2020,16:10,47.708,47.708,47.708,47.708, 1
04/06/2020,16:12,47.735,47.735,47.735,47.735, 1
04/06/2020,16:12,48.197,48.197,48.197,48.197, 1
04/06/2020,16:13,48.219,48.219,48.219,48.219, 1
04/06/2020,16:14,48.242,48.242,48.242,48.242, 1
04/06/2020,16:19,48.219,48.219,48.219,48.219, 1
04/06/2020,16:21,48.239,48.239,48.239,48.239, 1
04/06/2020,16:24,48.219,48.219,48.219,48.219, 1
04/06/2020,16:26,48.195,48.195,48.195,48.195, 1
04/06/2020,16:37,48.206,48.206,48.206,48.206, 1
04/06/2020,16:38,48.186,48.186,48.186,48.186, 1
04/06/2020,16:45,48.166,48.166,48.166,48.166, 1
04/06/2020,16:46,48.143,48.143,48.143,48.143, 1
04/06/2020,16:54,48.166,48.166,48.166,48.166, 1
04/06/2020,16:56,48.143,48.143,48.143,48.143, 1
04/06/2020,16:56,48.117,48.117,48.117,48.117, 1
04/06/2020,16:58,48.141,48.141,48.119,48.119, 2
04/06/2020,16:59,48.13,48.13,48.13,48.13, 1
04/06/2020,17:03,48.152,48.152,48.152,48.152, 1
04/06/2020,17:04,48.179,48.179,48.179,48.179, 1
04/06/2020,17:08,48.206,48.206,48.206,48.206, 1
04/06/2020,17:13,48.228,48.228,48.228,48.228, 1
04/06/2020,17:20,48.233,48.233,48.233,48.233, 1
04/06/2020,17:26,48.255,48.277,48.255,48.277, 2
04/06/2020,17:31,48.257,48.257,48.257,48.257, 1
04/06/2020,17:33,48.277,48.277,48.277,48.277, 1
04/06/2020,17:34,48.257,48.257,48.257,48.257, 1
04/06/2020,17:41,48.246,48.246,48.246,48.246, 1
04/06/2020,17:52,48.268,48.268,48.268,48.268, 1
04/06/2020,17:57,48.246,48.246,48.246,48.246, 1
04/06/2020,18:02,48.224,48.224,48.224,48.224, 1
04/06/2020,18:06,48.244,48.244,48.244,48.244, 1
04/06/2020,18:09,48.224,48.224,48.224,48.224, 1
04/06/2020,18:12,48.204,48.204,48.204,48.204, 1
04/06/2020,18:15,48.179,48.201,48.179,48.201, 2
04/06/2020,18:19,48.221,48.221,48.201,48.201, 2
04/06/2020,18:23,48.197,48.197,48.197,48.197, 1
04/06/2020,18:29,48.219,48.219,48.219,48.219, 1
04/06/2020,18:33,48.197,48.197,48.197,48.197, 1
04/06/2020,18:37,48.221,48.221,48.221,48.221, 1
04/06/2020,18:40,48.197,48.197,48.197,48.197, 1
04/06/2020,18:46,48.219,48.219,48.219,48.219, 1
04/06/2020,18:47,48.21,48.21,48.21,48.21, 1
04/06/2020,18:53,48.188,48.188,48.188,48.188, 1
04/06/2020,18:56,48.21,48.21,48.21,48.21, 1
04/06/2020,19:04,48.23,48.23,48.23,48.23, 1
04/06/2020,19:08,48.215,48.215,48.215,48.215, 1
04/06/2020,19:21,48.195,48.195,48.195,48.195, 1
04/06/2020,19:28,48.17,48.17,48.17,48.17, 1
04/06/2020,19:50,48.19,48.19,48.19,48.19, 1
04/06/2020,19:52,48.197,48.197,48.197,48.197, 1
04/06/2020,20:15,48.206,48.206,48.206,48.206, 1
04/06/2020,20:38,48.208,48.208,48.208,48.208, 1
04/06/2020,21:00,48.21,48.21,48.19,48.19, 2
04/06/2020,21:12,48.17,48.17,48.17,48.17, 1
04/06/2020,21:13,48.146,48.146,48.146,48.146, 1
04/06/2020,21:15,48.166,48.166,48.166,48.166, 1
04/06/2020,21:16,48.143,48.143,48.143,48.143, 1
04/06/2020,21:26,48.166,48.166,48.166,48.166, 1
04/06/2020,21:36,48.186,48.186,48.186,48.186, 1
04/06/2020,21:42,48.166,48.166,48.166,48.166, 1
04/06/2020,21:44,48.17,48.17,48.17,48.17, 1
04/06/2020,21:46,48.15,48.15,48.15,48.15, 1
04/06/2020,21:52,48.175,48.175,48.175,48.175, 1
04/06/2020,21:59,48.197,48.197,48.197,48.197, 1
04/06/2020,22:28,48.183,48.183,48.183,48.183, 1
04/06/2020,22:51,48.181,48.181,48.181,48.181, 1
04/06/2020,23:13,48.179,48.179,48.179,48.179, 1
04/06/2020,23:36,48.183,48.183,48.183,48.183, 1
04/07/2020,06:30,48.273,48.273,48.273,48.273, 1
04/07/2020,06:39,48.313,48.313,48.313,48.313, 1
04/07/2020,06:42,48.293,48.293,48.293,48.293, 1
04/07/2020,06:45,48.313,48.313,48.313,48.313, 1
04/07/2020,06:50,48.333,48.333,48.333,48.333, 1
04/07/2020,06:51,48.326,48.326,48.326,48.326, 1
04/07/2020,07:02,48.306,48.306,48.306,48.306, 1
04/07/2020,07:12,48.313,48.313,48.313,48.313, 1
04/07/2020,07:22,48.333,48.333,48.333,48.333, 1
04/07/2020,07:28,48.313,48.313,48.313,48.313, 1
04/07/2020,07:30,48.335,48.335,48.335,48.335, 1
04/07/2020,07:32,48.315,48.315,48.315,48.315, 1
04/07/2020,07:37,48.337,48.337,48.337,48.337, 1
04/07/2020,07:44,48.375,48.375,48.375,48.375, 1
04/07/2020,07:51,48.353,48.353,48.353,48.353, 1
04/07/2020,07:52,48.375,48.375,48.375,48.375, 1
04/07/2020,07:55,48.373,48.373,48.373,48.373, 1
04/07/2020,07:58,48.353,48.353,48.353,48.353, 1
04/07/2020,08:00,48.333,48.333,48.333,48.333, 1
04/07/2020,08:07,48.313,48.313,48.313,48.313, 1
04/07/2020,08:09,48.335,48.335,48.335,48.335, 1
04/07/2020,08:17,48.362,48.362,48.362,48.362, 1
04/07/2020,08:30,48.342,48.342,48.342,48.342, 1
04/07/2020,08:34,48.362,48.362,48.362,48.362, 1
04/07/2020,08:39,48.349,48.349,48.349,48.349, 1
04/07/2020,08:43,48.375,48.375,48.375,48.375, 1
04/07/2020,08:45,48.353,48.353,48.353,48.353, 1
04/07/2020,08:48,48.373,48.373,48.373,48.373, 1
04/07/2020,08:50,48.398,48.398,48.398,48.398, 1
04/07/2020,08:52,48.398,48.398,48.398,48.398, 1
04/07/2020,08:55,48.42,48.42,48.42,48.42, 1
04/07/2020,08:58,48.456,48.456,48.456,48.456, 1
04/07/2020,08:59,48.478,48.478,48.478,48.478, 1
04/07/2020,09:01,48.469,48.469,48.469,48.469, 1
04/07/2020,09:07,48.449,48.449,48.449,48.449, 1
04/07/2020,09:10,48.469,48.469,48.469,48.469, 1
04/07/2020,09:11,48.498,48.498,48.498,48.498, 1
04/07/2020,09:14,48.518,48.518,48.518,48.518, 1
04/07/2020,09:15,48.498,48.518,48.498,48.518, 2
04/07/2020,09:19,48.543,48.543,48.543,48.543, 1
04/07/2020,09:23,48.523,48.523,48.514,48.514, 2
04/07/2020,09:26,48.534,48.534,48.534,48.534, 1
04/07/2020,09:34,48.514,48.514,48.514,48.514, 1
04/07/2020,09:37,48.534,48.534,48.534,48.534, 1
04/07/2020,09:38,48.512,48.532,48.512,48.532, 2
04/07/2020,09:38,48.532,48.532,48.532,48.532, 1
04/07/2020,09:45,48.509,48.509,48.509,48.509, 1
04/07/2020,09:46,48.489,48.489,48.489,48.489, 1
04/07/2020,09:47,48.496,48.496,48.496,48.496, 1
04/07/2020,09:52,48.516,48.516,48.516,48.516, 1
04/07/2020,09:54,48.541,48.541,48.541,48.541, 1
04/07/2020,09:56,48.52,48.52,48.52,48.52, 1
04/07/2020,09:57,48.5,48.5,48.5,48.5, 1
04/07/2020,09:58,48.52,48.52,48.52,48.52, 1
04/07/2020,09:59,48.541,48.541,48.541,48.541, 1
04/07/2020,10:07,48.514,48.518,48.514,48.518, 2
04/07/2020,10:13,48.498,48.498,48.498,48.498, 1
04/07/2020,10:27,48.518,48.518,48.518,48.518, 1
04/07/2020,10:32,48.496,48.496,48.496,48.496, 1
04/07/2020,10:34,48.476,48.476,48.476,48.476, 1
04/07/2020,10:37,48.456,48.456,48.456,48.456, 1
04/07/2020,10:39,48.476,48.476,48.476,48.476, 1
04/07/2020,10:42,48.456,48.456,48.456,48.456, 1
04/07/2020,10:47,48.476,48.476,48.476,48.476, 1
04/07/2020,10:51,48.483,48.483,48.483,48.483, 1
04/07/2020,11:00,48.505,48.505,48.505,48.505, 1
04/07/2020,11:02,48.527,48.527,48.527,48.527, 1
04/07/2020,11:08,48.505,48.505,48.505,48.505, 1
04/07/2020,11:13,48.5,48.5,48.5,48.5, 1
04/07/2020,11:16,48.523,48.523,48.523,48.523, 1
04/07/2020,11:25,48.545,48.545,48.545,48.545, 1
04/07/2020,11:31,48.523,48.523,48.523,48.523, 1
04/07/2020,11:33,48.543,48.543,48.543,48.543, 1
04/07/2020,11:35,48.532,48.532,48.532,48.532, 1
04/07/2020,11:37,48.503,48.503,48.503,48.503, 1
04/07/2020,11:42,48.483,48.483,48.483,48.483, 1
04/07/2020,11:48,48.505,48.505,48.505,48.505, 1
04/07/2020,11:52,48.525,48.525,48.525,48.525, 1
04/07/2020,11:59,48.527,48.527,48.527,48.527, 1
04/07/2020,12:02,48.549,48.549,48.549,48.549, 1
04/07/2020,12:04,48.57,48.57,48.57,48.57, 1
04/07/2020,12:06,48.594,48.594,48.594,48.594, 1
04/07/2020,12:21,48.59,48.59,48.59,48.59, 1
04/07/2020,12:22,48.619,48.619,48.619,48.619, 1
04/07/2020,12:22,48.599,48.599,48.599,48.599, 1
04/07/2020,12:26,48.619,48.619,48.619,48.619, 1
04/07/2020,12:26,48.599,48.599,48.599,48.599, 1
04/07/2020,12:27,48.579,48.579,48.579,48.579, 1
04/07/2020,12:44,48.581,48.581,48.581,48.581, 1
04/07/2020,12:50,48.601,48.601,48.601,48.601, 1
04/07/2020,12:52,48.581,48.581,48.581,48.581, 1
04/07/2020,12:58,48.561,48.561,48.561,48.561, 1
04/07/2020,13:05,48.545,48.545,48.545,48.545, 1
04/07/2020,13:12,48.565,48.565,48.565,48.565, 1
04/07/2020,13:15,48.536,48.536,48.536,48.536, 1
04/07/2020,13:22,48.514,48.514,48.514,48.514, 1
04/07/2020,13:23,48.491,48.491,48.491,48.491, 1
04/07/2020,13:26,48.512,48.512,48.509,48.509, 2
04/07/2020,13:32,48.487,48.487,48.487,48.487, 1
04/07/2020,13:45,48.507,48.507,48.507,48.507, 1
04/07/2020,13:47,48.514,48.514,48.514,48.514, 1
04/07/2020,13:50,48.534,48.534,48.534,48.534, 1
04/07/2020,13:52,48.554,48.554,48.554,48.554, 1
04/07/2020,14:10,48.556,48.556,48.556,48.556, 1
04/07/2020,14:11,48.576,48.576,48.576,48.576, 1
04/07/2020,14:14,48.601,48.601,48.581,48.581, 2
04/07/2020,14:19,48.601,48.623,48.601,48.623, 2
04/07/2020,14:21,48.643,48.643,48.643,48.643, 1
04/07/2020,14:22,48.668,48.668,48.668,48.668, 1
04/07/2020,14:27,48.688,48.688,48.688,48.688, 1
04/07/2020,14:28,48.708,48.708,48.708,48.708, 1
04/07/2020,14:31,48.69,48.69,48.69,48.69, 1
04/07/2020,14:33,48.668,48.668,48.668,48.668, 1
04/07/2020,14:40,48.69,48.69,48.69,48.69, 1
04/07/2020,14:42,48.71,48.71,48.71,48.71, 1
04/07/2020,14:46,48.683,48.683,48.683,48.683, 1
04/07/2020,14:49,48.706,48.706,48.706,48.706, 1
04/07/2020,14:52,48.73,48.73,48.721,48.721, 2
04/07/2020,14:54,48.699,48.699,48.699,48.699, 1
04/07/2020,14:59,48.672,48.672,48.672,48.672, 1
04/07/2020,15:04,48.695,48.695,48.695,48.695, 1
04/07/2020,15:07,48.674,48.674,48.674,48.674, 1
04/07/2020,15:08,48.652,48.652,48.652,48.652, 1
04/07/2020,15:09,48.672,48.672,48.672,48.672, 1
04/07/2020,15:12,48.674,48.674,48.674,48.674, 1
04/07/2020,15:14,48.654,48.654,48.654,48.654, 1
04/07/2020,15:22,48.674,48.674,48.674,48.674, 1
04/07/2020,15:23,48.697,48.697,48.697,48.697, 1
04/07/2020,15:27,48.717,48.717,48.717,48.717, 1
04/07/2020,15:32,48.697,48.697,48.697,48.697, 1
04/07/2020,15:34,48.677,48.677,48.677,48.677, 1
04/07/2020,15:44,48.697,48.697,48.697,48.697, 1
04/07/2020,15:52,48.692,48.692,48.692,48.692, 1
04/07/2020,16:00,48.724,48.724,48.724,48.724, 1
04/07/2020,16:01,48.703,48.703,48.703,48.703, 1
04/07/2020,16:06,48.726,48.726,48.726,48.726, 1
04/07/2020,16:08,48.706,48.706,48.706,48.706, 1
04/07/2020,16:14,48.728,48.728,48.728,48.728, 1
04/07/2020,16:15,48.703,48.703,48.703,48.703, 1
04/07/2020,16:17,48.759,48.759,48.759,48.759, 1
04/07/2020,16:18,48.728,48.728,48.728,48.728, 1
04/07/2020,16:20,48.73,48.73,48.73,48.73, 1
04/07/2020,16:25,48.71,48.71,48.71,48.71, 1
04/07/2020,16:26,48.69,48.69,48.69,48.69, 1
04/07/2020,16:27,48.71,48.71,48.71,48.71, 1
04/07/2020,16:29,48.688,48.688,48.688,48.688, 1
04/07/2020,16:32,48.666,48.666,48.666,48.666, 1
04/07/2020,16:33,48.688,48.688,48.688,48.688, 1
04/07/2020,16:40,48.666,48.666,48.666,48.666, 1
04/07/2020,16:41,48.686,48.686,48.686,48.686, 1
04/07/2020,16:42,48.674,48.674,48.674,48.674, 1
04/07/2020,16:51,48.648,48.648,48.648,48.648, 1
04/07/2020,16:55,48.625,48.625,48.625,48.625, 1
04/07/2020,16:56,48.603,48.603,48.603,48.603, 1
04/07/2020,16:58,48.576,48.576,48.576,48.576, 1
04/07/2020,17:02,48.554,48.554,48.554,48.554, 1
04/07/2020,17:04,48.576,48.576,48.576,48.576, 1
04/07/2020,17:05,48.57,48.57,48.57,48.57, 1
04/07/2020,17:07,48.59,48.59,48.59,48.59, 1
04/07/2020,17:08,48.57,48.57,48.57,48.57, 1
04/07/2020,17:16,48.616,48.616,48.616,48.616, 1
04/07/2020,17:23,48.587,48.587,48.587,48.587, 1
04/07/2020,17:24,48.61,48.61,48.61,48.61, 1
04/07/2020,17:27,48.583,48.583,48.583,48.583, 1
04/07/2020,17:29,48.587,48.587,48.587,48.587, 1
04/07/2020,17:33,48.567,48.567,48.567,48.567, 1
04/07/2020,17:37,48.587,48.587,48.587,48.587, 1
04/07/2020,17:40,48.61,48.61,48.61,48.61, 1
04/07/2020,17:44,48.63,48.63,48.63,48.63, 1
04/07/2020,17:46,48.61,48.61,48.61,48.61, 1
04/07/2020,17:47,48.63,48.63,48.63,48.63, 1
04/07/2020,17:54,48.608,48.608,48.608,48.608, 1
04/07/2020,18:00,48.587,48.587,48.587,48.587, 1
04/07/2020,18:04,48.608,48.608,48.608,48.608, 1
04/07/2020,18:08,48.632,48.632,48.632,48.632, 1
04/07/2020,18:14,48.612,48.612,48.612,48.612, 1
04/07/2020,18:15,48.616,48.616,48.616,48.616, 1
04/07/2020,18:21,48.637,48.637,48.637,48.637, 1
04/07/2020,18:29,48.657,48.657,48.657,48.657, 1
04/07/2020,18:31,48.679,48.679,48.679,48.679, 1
04/07/2020,18:37,48.657,48.661,48.657,48.661, 2
04/07/2020,18:43,48.639,48.639,48.639,48.639, 1
04/07/2020,18:47,48.659,48.659,48.659,48.659, 1
04/07/2020,18:54,48.639,48.639,48.639,48.639, 1
04/07/2020,19:01,48.643,48.643,48.643,48.643, 1
04/07/2020,19:04,47.558,47.558,47.558,47.558, 1
04/07/2020,19:21,47.551,47.551,47.551,47.551, 1
04/07/2020,19:28,47.529,47.529,47.529,47.529, 1
04/07/2020,19:38,47.551,47.551,47.551,47.551, 1
04/07/2020,19:43,47.529,47.529,47.529,47.529, 1
04/07/2020,19:43,47.525,47.525,47.525,47.525, 1
04/07/2020,19:51,47.547,47.547,47.547,47.547, 1
04/07/2020,19:54,47.569,47.569,47.569,47.569, 1
04/07/2020,19:59,47.593,47.593,47.593,47.593, 1
04/07/2020,20:05,47.606,47.606,47.606,47.606, 1
04/07/2020,20:19,47.582,47.582,47.582,47.582, 1
04/07/2020,20:29,47.588,47.588,47.588,47.588, 1
04/07/2020,20:33,46.944,46.944,46.944,46.944, 1
04/07/2020,20:52,46.942,46.942,46.942,46.942, 1
04/07/2020,21:02,46.963,46.963,46.963,46.963, 1
04/07/2020,21:13,46.986,46.986,46.986,46.986, 1
04/07/2020,21:38,46.971,46.971,46.971,46.971, 1
04/07/2020,22:01,46.969,46.969,46.969,46.969, 1
04/07/2020,22:07,46.947,46.947,46.947,46.947, 1
04/07/2020,22:24,46.939,46.939,46.939,46.939, 1
04/07/2020,22:47,46.926,46.926,46.926,46.926, 1
04/07/2020,23:30,46.919,46.919,46.919,46.919, 1
04/07/2020,23:52,47.534,47.534,47.534,47.534, 1
04/08/2020,06:01,47.398,47.398,47.398,47.398, 1
04/08/2020,06:07,47.42,47.42,47.42,47.42, 1
04/08/2020,06:19,47.442,47.442,47.442,47.442, 1
04/08/2020,06:24,47.433,47.433,47.433,47.433, 1
04/08/2020,06:46,47.436,47.436,47.436,47.436, 1
04/08/2020,07:09,47.444,47.444,47.444,47.444, 1
04/08/2020,07:13,47.422,47.422,47.422,47.422, 1
04/08/2020,07:20,47.449,47.449,47.449,47.449, 1
04/08/2020,07:32,47.47,47.47,47.47,47.47, 1
04/08/2020,07:33,47.468,47.468,47.468,47.468, 1
04/08/2020,07:39,47.446,47.446,47.446,47.446, 1
04/08/2020,07:45,47.47,47.47,47.47,47.47, 1
04/08/2020,07:53,47.486,47.486,47.486,47.486, 1
04/08/2020,07:55,47.51,47.51,47.51,47.51, 1
04/08/2020,08:01,47.488,47.488,47.488,47.488, 1
04/08/2020,08:02,47.444,47.444,47.444,47.444, 1
04/08/2020,08:03,47.418,47.418,47.396,47.396, 2
04/08/2020,08:04,47.368,47.368,47.346,47.346, 2
04/08/2020,08:05,47.311,47.311,47.311,47.311, 1
04/08/2020,08:06,47.333,47.333,47.333,47.333, 1
04/08/2020,08:08,47.355,47.355,47.355,47.355, 1
04/08/2020,08:09,47.331,47.331,47.331,47.331, 1
04/08/2020,08:10,47.357,47.357,47.357,47.357, 1
04/08/2020,08:15,47.35,47.35,47.35,47.35, 1
04/08/2020,08:16,47.329,47.329,47.329,47.329, 1
04/08/2020,08:19,47.307,47.307,47.307,47.307, 1
04/08/2020,08:22,47.285,47.285,47.285,47.285, 1
04/08/2020,08:28,47.307,47.307,47.307,47.307, 1
04/08/2020,08:33,47.329,47.329,47.329,47.329, 1
04/08/2020,08:39,47.318,47.318,47.318,47.318, 1
04/08/2020,08:45,47.346,47.346,47.346,47.346, 1
04/08/2020,08:50,47.37,47.37,47.37,47.37, 1
04/08/2020,09:05,47.42,47.42,47.42,47.42, 1
04/08/2020,09:09,47.396,47.396,47.396,47.396, 1
04/08/2020,09:15,47.374,47.396,47.374,47.396, 2
04/08/2020,09:19,47.374,47.374,47.374,47.374, 1
04/08/2020,09:22,47.346,47.346,47.346,47.346, 1
04/08/2020,09:25,47.348,47.348,47.348,47.348, 1
04/08/2020,09:31,47.372,47.372,47.372,47.372, 1
04/08/2020,09:33,47.35,47.35,47.35,47.35, 1
04/08/2020,09:41,47.346,47.346,47.346,47.346, 1
04/08/2020,09:45,47.368,47.368,47.368,47.368, 1
04/08/2020,09:47,47.377,47.377,47.377,47.377, 1
04/08/2020,09:55,47.401,47.401,47.401,47.401, 1
04/08/2020,10:04,47.374,47.374,47.374,47.374, 1
04/08/2020,10:05,47.396,47.396,47.396,47.396, 1
04/08/2020,10:11,47.394,47.394,47.394,47.394, 1
04/08/2020,10:14,47.37,47.37,47.37,47.37, 1
04/08/2020,10:34,47.366,47.366,47.366,47.366, 1
04/08/2020,10:40,47.344,47.344,47.344,47.344, 1
04/08/2020,10:43,47.37,47.37,47.37,47.37, 1
04/08/2020,10:54,47.368,47.368,47.368,47.368, 1
04/08/2020,11:02,47.392,47.392,47.392,47.392, 1
04/08/2020,11:05,47.416,47.416,47.416,47.416, 1
04/08/2020,11:07,47.438,47.438,47.438,47.438, 1
04/08/2020,11:14,47.431,47.431,47.431,47.431, 1
04/08/2020,11:35,47.431,47.431,47.431,47.431, 1
04/08/2020,11:38,47.46,47.46,47.46,47.46, 1
04/08/2020,11:38,47.451,47.451,47.451,47.451, 1
04/08/2020,11:45,47.429,47.429,47.429,47.429, 1
04/08/2020,11:47,47.453,47.453,47.453,47.453, 1
04/08/2020,11:51,47.431,47.431,47.431,47.431, 1
04/08/2020,11:59,47.407,47.407,47.407,47.407, 1
04/08/2020,12:01,47.412,47.412,47.412,47.412, 1
04/08/2020,12:05,47.442,47.442,47.442,47.442, 1
04/08/2020,12:09,47.42,47.42,47.42,47.42, 1
04/08/2020,12:22,47.422,47.422,47.422,47.422, 1
04/08/2020,12:24,47.444,47.444,47.444,47.444, 1
04/08/2020,12:32,47.466,47.466,47.466,47.466, 1
04/08/2020,12:41,47.444,47.444,47.444,47.444, 1
04/08/2020,12:44,47.451,47.451,47.451,47.451, 1
04/08/2020,12:51,47.473,47.473,47.473,47.473, 1
04/08/2020,12:57,47.451,47.451,47.451,47.451, 1
04/08/2020,13:03,47.429,47.429,47.429,47.429, 1
04/08/2020,13:06,47.431,47.431,47.431,47.431, 1
04/08/2020,13:09,47.453,47.453,47.453,47.453, 1
04/08/2020,13:28,47.457,47.457,47.457,47.457, 1
04/08/2020,13:38,47.436,47.436,47.436,47.436, 1
04/08/2020,13:42,47.412,47.412,47.412,47.412, 1
04/08/2020,13:49,47.39,47.39,47.39,47.39, 1
04/08/2020,13:51,47.412,47.412,47.403,47.403, 2
04/08/2020,13:53,47.425,47.425,47.425,47.425, 1
04/08/2020,13:57,47.453,47.453,47.453,47.453, 1
04/08/2020,13:59,47.429,47.429,47.429,47.429, 1
04/08/2020,14:06,47.451,47.451,47.451,47.451, 1
04/08/2020,14:21,47.473,47.473,47.473,47.473, 1
04/08/2020,14:33,47.451,47.451,47.451,47.451, 1
04/08/2020,14:37,47.449,47.449,47.449,47.449, 1
04/08/2020,14:47,47.492,47.492,47.492,47.492, 1
04/08/2020,14:57,47.47,47.47,47.47,47.47, 1
04/08/2020,15:00,47.453,47.453,47.453,47.453, 1
04/08/2020,15:05,47.475,47.475,47.475,47.475, 1
04/08/2020,15:20,47.497,47.497,47.497,47.497, 1
04/08/2020,15:22,47.494,47.494,47.494,47.494, 1
04/08/2020,15:28,47.516,47.516,47.516,47.516, 1
04/08/2020,15:52,47.494,47.494,47.494,47.494, 1
04/08/2020,15:54,47.516,47.516,47.516,47.516, 1
04/08/2020,15:58,47.49,47.49,47.49,47.49, 1
04/08/2020,16:06,47.512,47.512,47.512,47.512, 1
04/08/2020,16:07,47.505,47.505,47.505,47.505, 1
04/08/2020,16:10,47.477,47.477,47.477,47.477, 1
04/08/2020,16:11,47.499,47.499,47.499,47.499, 1
04/08/2020,16:29,47.494,47.494,47.494,47.494, 1
04/08/2020,16:40,47.473,47.473,47.473,47.473, 1
04/08/2020,16:43,47.449,47.475,47.449,47.475, 2
04/08/2020,16:44,47.453,47.453,47.453,47.453, 1
04/08/2020,16:55,47.46,47.46,47.433,47.433, 2
04/08/2020,16:57,47.398,47.398,47.398,47.398, 1
04/08/2020,16:59,47.372,47.409,47.372,47.409, 2
04/08/2020,17:11,47.431,47.431,47.431,47.431, 1
04/08/2020,17:16,47.442,47.442,47.442,47.442, 1
04/08/2020,17:25,47.466,47.466,47.466,47.466, 1
04/08/2020,17:27,47.499,47.499,47.499,47.499, 1
04/08/2020,17:29,47.477,47.501,47.477,47.477, 3
04/08/2020,17:29,47.455,47.455,47.455,47.455, 1
04/08/2020,17:31,47.477,47.477,47.477,47.477, 1
04/08/2020,17:34,47.455,47.455,47.455,47.455, 1
04/08/2020,17:35,47.477,47.477,47.477,47.477, 1
04/08/2020,17:38,47.455,47.455,47.455,47.455, 1
04/08/2020,17:40,47.462,47.462,47.462,47.462, 1
04/08/2020,17:45,47.438,47.438,47.438,47.438, 1
04/08/2020,17:52,47.416,47.416,47.416,47.416, 1
04/08/2020,18:04,47.414,47.414,47.414,47.414, 1
04/08/2020,18:07,47.39,47.39,47.39,47.39, 1
04/08/2020,18:17,47.368,47.368,47.368,47.368, 1
04/08/2020,18:18,46.732,46.732,46.732,46.732, 1
04/08/2020,18:24,46.745,46.745,46.745,46.745, 1
04/08/2020,18:31,46.723,46.723,46.723,46.723, 1
04/08/2020,18:35,46.747,46.747,46.747,46.747, 1
04/08/2020,18:42,46.768,46.768,46.768,46.768, 1
04/08/2020,18:45,46.747,46.747,46.747,46.747, 1
04/08/2020,18:47,46.76,46.76,46.76,46.76, 1
04/08/2020,18:59,46.781,46.781,46.781,46.781, 1
04/08/2020,19:07,46.76,46.76,46.76,46.76, 1
04/08/2020,19:09,46.768,46.768,46.768,46.768, 1
04/08/2020,19:30,46.766,46.766,46.766,46.766, 1
04/08/2020,19:44,46.788,46.788,46.788,46.788, 1
04/08/2020,19:56,46.764,46.764,46.764,46.764, 1
04/08/2020,20:01,46.788,46.788,46.788,46.788, 1
04/08/2020,20:03,46.766,46.766,46.766,46.766, 1
04/08/2020,20:12,46.788,46.788,46.788,46.788, 1
04/08/2020,20:13,46.832,46.835,46.832,46.835, 2
04/08/2020,20:22,46.796,46.796,46.796,46.796, 1
04/08/2020,20:57,46.775,46.775,46.775,46.775, 1
04/08/2020,20:58,46.779,46.779,46.779,46.779, 1
04/08/2020,21:22,46.784,46.784,46.784,46.784, 1
04/08/2020,21:30,46.762,46.762,46.762,46.762, 1
04/08/2020,21:39,46.741,46.741,46.741,46.741, 1
04/08/2020,21:44,46.734,46.734,46.734,46.734, 1
04/08/2020,21:49,46.756,46.756,46.756,46.756, 1
04/08/2020,21:56,46.734,46.734,46.734,46.734, 1
04/08/2020,22:05,46.736,46.736,46.736,46.736, 1
04/08/2020,22:24,46.801,46.801,46.801,46.801, 1
04/08/2020,22:48,46.804,46.804,46.804,46.804, 1
04/08/2020,23:01,46.825,46.825,46.825,46.825, 1
04/08/2020,23:09,46.853,46.853,46.853,46.853, 1
04/08/2020,23:10,46.836,46.836,46.836,46.836, 1
04/08/2020,23:17,46.814,46.814,46.814,46.814, 1
04/08/2020,23:33,46.817,46.817,46.817,46.817, 1
04/08/2020,23:55,46.823,46.823,46.823,46.823, 1
04/09/2020,06:06,46.812,46.812,46.812,46.812, 1
04/09/2020,06:09,46.79,46.79,46.79,46.79, 1
04/09/2020,06:14,46.788,46.788,46.788,46.788, 1
04/09/2020,06:36,46.801,46.801,46.801,46.801, 1
04/09/2020,06:50,46.779,46.779,46.779,46.779, 1
04/09/2020,06:57,46.775,46.775,46.775,46.775, 1
04/09/2020,07:41,46.786,46.786,46.786,46.786, 1
04/09/2020,07:49,46.764,46.764,46.764,46.764, 1
04/09/2020,07:58,46.738,46.738,46.738,46.738, 1
04/09/2020,08:02,46.743,46.743,46.743,46.743, 1
04/09/2020,08:07,46.715,46.715,46.715,46.715, 1
04/09/2020,08:09,46.693,46.693,46.693,46.693, 1
04/09/2020,08:26,46.691,46.691,46.691,46.691, 1
04/09/2020,08:28,46.719,46.719,46.719,46.719, 1
04/09/2020,08:46,46.697,46.697,46.697,46.697, 1
04/09/2020,08:48,46.728,46.728,46.728,46.728, 1
04/09/2020,08:49,46.732,46.732,46.732,46.732, 1
04/09/2020,08:56,46.753,46.753,46.753,46.753, 1
04/09/2020,09:03,46.79,46.79,46.79,46.79, 1
04/09/2020,09:03,46.766,46.766,46.766,46.766, 1
04/09/2020,09:11,46.779,46.779,46.779,46.779, 1
04/09/2020,09:21,46.801,46.801,46.801,46.801, 1
04/09/2020,09:34,46.79,46.79,46.79,46.79, 1
04/09/2020,09:44,46.814,46.814,46.814,46.814, 1
04/09/2020,09:52,46.835,46.835,46.835,46.835, 1
04/09/2020,09:58,46.814,46.814,46.814,46.814, 1
04/09/2020,10:01,46.835,46.835,46.835,46.835, 1
04/09/2020,10:07,46.814,46.814,46.814,46.814, 1
04/09/2020,10:13,46.792,46.816,46.792,46.816, 2
04/09/2020,10:19,46.794,46.794,46.794,46.794, 1
04/09/2020,10:19,46.799,46.799,46.799,46.799, 1
04/09/2020,10:27,46.822,46.822,46.822,46.822, 1
04/09/2020,10:34,46.801,46.801,46.801,46.801, 1
04/09/2020,10:36,46.822,46.822,46.822,46.822, 1
04/09/2020,10:40,46.818,46.818,46.818,46.818, 1
04/09/2020,10:59,46.796,46.796,46.796,46.796, 1
04/09/2020,11:03,46.807,46.807,46.807,46.807, 1
04/09/2020,11:12,46.786,46.786,46.786,46.786, 1
04/09/2020,11:18,46.807,46.807,46.807,46.807, 1
04/09/2020,11:25,46.824,46.824,46.824,46.824, 1
04/09/2020,11:44,46.846,46.846,46.846,46.846, 1
04/09/2020,11:46,46.837,46.837,46.837,46.837, 1
04/09/2020,11:53,46.859,46.859,46.859,46.859, 1
04/09/2020,11:55,46.837,46.837,46.837,46.837, 1
04/09/2020,11:57,46.859,46.859,46.859,46.859, 1
04/09/2020,12:00,46.88,46.88,46.88,46.88, 1
04/09/2020,12:01,46.857,46.857,46.857,46.857, 1
04/09/2020,12:08,46.835,46.835,46.835,46.835, 1
04/09/2020,12:13,46.857,46.857,46.857,46.857, 1
04/09/2020,12:18,46.878,46.878,46.878,46.878, 1
04/09/2020,12:23,46.857,46.857,46.857,46.857, 1
04/09/2020,12:32,46.835,46.835,46.835,46.835, 1
04/09/2020,12:40,46.814,46.814,46.814,46.814, 1
04/09/2020,12:43,46.788,46.788,46.788,46.788, 1
04/09/2020,12:52,46.796,46.796,46.796,46.796, 1
04/09/2020,12:55,46.771,46.771,46.771,46.771, 1
04/09/2020,12:58,46.741,46.741,46.741,46.741, 1
04/09/2020,13:02,46.762,46.762,46.762,46.762, 1
04/09/2020,13:28,46.741,46.741,46.741,46.741, 1
04/09/2020,13:41,46.719,46.719,46.719,46.719, 1
04/09/2020,13:48,46.741,46.741,46.741,46.741, 1
04/09/2020,13:54,46.762,46.762,46.762,46.762, 1
04/09/2020,13:59,46.758,46.758,46.758,46.758, 1
04/09/2020,14:12,46.779,46.779,46.779,46.779, 1
04/09/2020,14:17,46.801,46.801,46.801,46.801, 1
04/09/2020,14:25,46.822,46.822,46.822,46.822, 1
04/09/2020,14:29,46.801,46.801,46.801,46.801, 1
04/09/2020,14:31,46.831,46.831,46.831,46.831, 1
04/09/2020,14:31,46.801,46.801,46.801,46.801, 1
04/09/2020,14:40,46.801,46.801,46.801,46.801, 1
04/09/2020,14:41,46.811,46.811,46.811,46.811, 1
04/09/2020,14:47,46.833,46.833,46.833,46.833, 1
04/09/2020,14:50,46.857,46.857,46.857,46.857, 1
04/09/2020,14:54,46.882,46.882,46.857,46.857, 2
04/09/2020,14:54,46.884,46.884,46.884,46.884, 1
04/09/2020,14:57,46.906,46.906,46.906,46.906, 1
04/09/2020,14:57,46.93,46.93,46.93,46.93, 1
04/09/2020,14:58,46.951,46.951,46.951,46.951, 1
04/09/2020,14:59,46.93,46.93,46.93,46.93, 1
04/09/2020,15:01,47.071,47.071,47.071,47.071, 1
04/09/2020,15:04,47.046,47.046,47.046,47.046, 1
04/09/2020,15:06,47.033,47.054,47.033,47.054, 2
04/09/2020,15:09,47.08,47.08,47.08,47.08, 1
04/09/2020,15:11,47.102,47.104,47.078,47.104, 3
04/09/2020,15:14,47.128,47.128,47.128,47.128, 1
04/09/2020,15:18,47.106,47.106,47.106,47.106, 1
04/09/2020,15:21,47.13,47.13,47.13,47.13, 1
04/09/2020,15:22,47.162,47.162,47.162,47.162, 1
04/09/2020,15:25,47.205,47.205,47.205,47.205, 1
04/09/2020,15:28,47.218,47.218,47.218,47.218, 1
04/09/2020,15:31,47.197,47.197,47.197,47.197, 1
04/09/2020,15:32,47.175,47.175,47.175,47.175, 1
04/09/2020,15:37,47.197,47.197,47.173,47.194, 3
04/09/2020,15:45,47.218,47.218,47.218,47.218, 1
04/09/2020,15:46,47.197,47.197,47.197,47.197, 1
04/09/2020,15:49,47.188,47.188,47.188,47.188, 1
04/09/2020,15:56,47.166,47.166,47.166,47.166, 1
04/09/2020,16:01,47.192,47.192,47.192,47.192, 1
04/09/2020,16:03,47.171,47.171,47.171,47.171, 1
04/09/2020,16:06,47.143,47.143,47.143,47.143, 1
04/09/2020,16:09,47.121,47.121,47.119,47.119, 2
04/09/2020,16:11,47.14,47.14,47.14,47.14, 1
04/09/2020,16:14,47.184,47.184,47.184,47.184, 1
04/09/2020,16:21,47.158,47.158,47.158,47.158, 1
04/09/2020,16:29,47.158,47.158,47.158,47.158, 1
04/09/2020,16:32,47.166,47.166,47.166,47.166, 1
04/09/2020,16:36,47.143,47.143,47.143,47.143, 1
04/09/2020,16:49,47.169,47.169,47.169,47.169, 1
04/09/2020,16:53,47.145,47.145,47.145,47.145, 1
04/09/2020,16:54,47.136,47.136,47.136,47.136, 1
04/09/2020,16:56,47.162,47.162,47.162,47.162, 1
04/09/2020,16:57,47.19,47.19,47.19,47.19, 1
04/09/2020,16:57,47.214,47.214,47.214,47.214, 1
04/09/2020,16:59,47.235,47.235,47.235,47.235, 1
04/09/2020,16:59,47.21,47.21,47.21,47.21, 1
04/09/2020,17:02,47.186,47.186,47.186,47.186, 1
04/09/2020,17:07,47.162,47.162,47.162,47.162, 1
04/09/2020,17:09,47.184,47.184,47.184,47.184, 1
04/09/2020,17:13,47.21,47.21,47.21,47.21, 1
04/09/2020,17:14,47.231,47.231,47.231,47.231, 1
04/09/2020,17:25,47.205,47.205,47.205,47.205, 1
04/09/2020,17:31,47.184,47.184,47.184,47.184, 1
04/09/2020,17:38,47.171,47.171,47.171,47.171, 1
04/09/2020,17:42,47.192,47.192,47.192,47.192, 1
04/09/2020,17:50,47.214,47.214,47.214,47.214, 1
04/09/2020,17:58,47.192,47.192,47.192,47.192, 1
04/09/2020,17:59,47.184,47.184,47.184,47.184, 1
04/09/2020,18:06,47.205,47.205,47.205,47.205, 1
04/09/2020,18:09,47.184,47.184,47.184,47.184, 1
04/09/2020,18:12,47.162,47.162,47.162,47.162, 1
04/09/2020,18:19,47.184,47.184,47.184,47.184, 1
04/09/2020,18:21,47.188,47.188,47.188,47.188, 1
04/09/2020,18:27,47.166,47.166,47.166,47.166, 1
04/09/2020,18:51,47.188,47.188,47.188,47.188, 1
04/09/2020,18:54,47.164,47.164,47.164,47.164, 1
04/09/2020,18:55,47.188,47.188,47.188,47.188, 1
04/09/2020,18:58,47.21,47.21,47.21,47.21, 1
04/09/2020,19:05,47.201,47.201,47.201,47.201, 1
04/09/2020,19:20,47.223,47.223,47.223,47.223, 1
04/09/2020,19:28,47.231,47.231,47.231,47.231, 1
04/09/2020,19:32,47.266,47.266,47.266,47.266, 1
04/09/2020,19:33,47.244,47.244,47.244,47.244, 1
04/09/2020,19:39,47.266,47.266,47.266,47.266, 1
04/09/2020,19:46,47.244,47.244,47.244,47.244, 1
04/09/2020,19:50,47.223,47.223,47.223,47.223, 1
04/09/2020,19:52,47.22,47.22,47.22,47.22, 1
04/09/2020,19:59,47.242,47.242,47.242,47.242, 1
04/09/2020,20:03,47.22,47.22,47.22,47.22, 1
04/09/2020,20:05,47.197,47.197,47.197,47.197, 1
04/09/2020,20:10,47.171,47.171,47.171,47.171, 1
04/09/2020,20:12,47.192,47.192,47.192,47.192, 1
04/09/2020,20:15,47.214,47.214,47.214,47.214, 1
04/09/2020,20:16,47.201,47.201,47.201,47.201, 1
04/09/2020,20:23,47.223,47.223,47.223,47.223, 1
04/09/2020,20:28,47.244,47.244,47.244,47.244, 1
04/09/2020,20:34,47.218,47.218,47.218,47.218, 1
04/09/2020,20:37,47.197,47.197,47.197,47.197, 1
04/09/2020,20:38,47.214,47.214,47.214,47.214, 1
04/09/2020,20:41,47.192,47.192,47.192,47.192, 1
04/09/2020,20:50,47.171,47.171,47.171,47.171, 1
04/09/2020,20:57,47.149,47.149,47.149,47.149, 1
04/09/2020,21:03,47.156,47.156,47.156,47.156, 1
04/09/2020,21:24,47.145,47.145,47.145,47.145, 1
04/09/2020,21:31,47.166,47.166,47.166,47.166, 1
04/09/2020,21:44,47.175,47.175,47.175,47.175, 1
04/09/2020,22:00,47.197,47.197,47.197,47.197, 1
04/09/2020,22:03,47.218,47.218,47.218,47.218, 1
04/09/2020,22:05,47.197,47.197,47.197,47.197, 1
04/09/2020,22:07,47.199,47.199,47.199,47.199, 1
04/09/2020,22:18,47.177,47.177,47.177,47.177, 1
04/09/2020,22:27,47.188,47.188,47.188,47.188, 1
04/09/2020,22:33,47.166,47.166,47.166,47.166, 1
04/09/2020,22:46,47.192,47.192,47.192,47.192, 1
04/09/2020,22:49,47.184,47.184,47.184,47.184, 1
04/09/2020,23:11,47.177,47.177,47.177,47.177, 1
04/14/2020,08:35,47.203,47.203,47.203,47.203, 1
04/14/2020,08:44,47.177,47.177,47.177,47.177, 1
04/14/2020,08:55,47.166,47.166,47.166,47.166, 1
04/14/2020,09:07,47.192,47.192,47.192,47.192, 1
04/14/2020,09:12,47.171,47.171,47.171,47.171, 1
04/14/2020,09:15,47.192,47.192,47.192,47.192, 1
04/14/2020,09:18,47.203,47.203,47.203,47.203, 1
04/14/2020,09:26,47.182,47.182,47.182,47.182, 1
04/14/2020,09:36,47.158,47.158,47.158,47.158, 1
04/14/2020,09:40,47.177,47.177,47.177,47.177, 1
04/14/2020,09:47,47.203,47.203,47.203,47.203, 1
04/14/2020,09:53,47.182,47.182,47.182,47.182, 1
04/14/2020,10:07,47.16,47.16,47.16,47.16, 1
04/14/2020,10:13,47.136,47.136,47.136,47.136, 1
04/14/2020,10:22,47.123,47.123,47.123,47.123, 1
04/14/2020,10:41,47.147,47.147,47.147,47.147, 1
04/14/2020,10:45,47.153,47.153,47.153,47.153, 1
04/14/2020,10:53,47.132,47.132,47.132,47.132, 1
04/14/2020,11:01,47.153,47.153,47.153,47.153, 1
04/14/2020,11:05,47.14,47.14,47.14,47.14, 1
04/14/2020,11:10,47.162,47.162,47.162,47.162, 1
04/14/2020,11:24,47.19,47.19,47.19,47.19, 1
04/14/2020,11:28,47.212,47.212,47.21,47.21, 2
04/14/2020,11:31,47.233,47.233,47.233,47.233, 1
04/14/2020,11:44,47.257,47.257,47.257,47.257, 1
04/14/2020,11:45,47.279,47.279,47.279,47.279, 1
04/14/2020,11:50,47.27,47.27,47.27,47.27, 1
04/14/2020,11:52,47.248,47.248,47.248,47.248, 1
04/14/2020,11:57,47.27,47.27,47.27,47.27, 1
04/14/2020,12:00,47.248,47.248,47.248,47.248, 1
04/14/2020,12:04,47.272,47.272,47.272,47.272, 1
04/14/2020,12:07,47.248,47.248,47.248,47.248, 1
04/14/2020,12:13,47.259,47.259,47.259,47.259, 1
04/14/2020,12:16,47.238,47.238,47.238,47.238, 1
04/14/2020,12:32,47.259,47.259,47.259,47.259, 1
04/14/2020,12:37,47.248,47.248,47.248,47.248, 1
04/14/2020,12:40,47.225,47.225,47.225,47.225, 1
04/14/2020,12:59,47.238,47.238,47.238,47.238, 1
04/14/2020,13:07,47.259,47.259,47.259,47.259, 1
04/14/2020,13:19,47.238,47.238,47.238,47.238, 1
04/14/2020,13:31,47.261,47.261,47.261,47.261, 1
04/14/2020,13:33,47.287,47.287,47.287,47.287, 1
04/14/2020,13:39,47.266,47.266,47.266,47.266, 1
04/14/2020,13:42,47.259,47.259,47.259,47.259, 1
04/14/2020,13:46,47.281,47.281,47.281,47.281, 1
04/14/2020,13:48,47.302,47.302,47.302,47.302, 1
04/14/2020,14:00,47.324,47.324,47.324,47.324, 1
04/14/2020,14:04,47.309,47.309,47.309,47.309, 1
04/14/2020,14:25,47.328,47.328,47.328,47.328, 1
04/14/2020,14:30,47.35,47.35,47.35,47.35, 1
04/14/2020,14:32,47.374,47.374,47.374,47.374, 1
04/14/2020,14:32,47.352,47.352,47.352,47.352, 1
04/14/2020,14:36,47.33,47.33,47.33,47.33, 1
04/14/2020,14:39,47.354,47.354,47.354,47.354, 1
04/14/2020,14:41,47.756,47.756,47.756,47.756, 1
04/14/2020,14:48,47.764,47.764,47.764,47.764, 1
04/14/2020,14:52,47.74,47.74,47.74,47.74, 1
04/14/2020,14:58,47.762,47.762,47.762,47.762, 1
04/14/2020,15:01,47.74,47.74,47.74,47.74, 1
04/14/2020,15:04,47.716,47.716,47.716,47.716, 1
04/14/2020,15:10,47.71,47.71,47.71,47.71, 1
04/14/2020,15:30,47.686,47.686,47.686,47.686, 1
04/14/2020,15:35,47.69,47.69,47.69,47.69, 1
04/14/2020,15:36,47.712,47.712,47.712,47.712, 1
04/14/2020,15:52,47.69,47.69,47.69,47.69, 1
04/14/2020,15:58,47.706,47.706,47.706,47.706, 1
04/14/2020,16:00,47.628,47.628,47.628,47.628, 1
04/14/2020,16:02,47.649,47.649,47.649,47.649, 1
04/14/2020,16:17,47.671,47.671,47.671,47.671, 1
04/14/2020,16:19,47.686,47.686,47.686,47.686, 1
04/14/2020,16:26,47.662,47.662,47.662,47.662, 1
04/14/2020,16:30,47.636,47.636,47.636,47.636, 1
04/14/2020,16:31,47.658,47.658,47.658,47.658, 1
04/14/2020,16:37,47.825,47.825,47.825,47.825, 1
04/14/2020,16:39,47.829,47.829,47.829,47.829, 1
04/14/2020,16:46,47.855,47.855,47.855,47.855, 1
04/14/2020,16:51,47.884,47.884,47.884,47.884, 1
04/14/2020,16:54,47.862,47.862,47.862,47.862, 1
04/14/2020,16:56,47.84,47.84,47.84,47.84, 1
04/14/2020,16:57,47.816,47.816,47.816,47.816, 1
04/14/2020,17:06,47.794,47.794,47.794,47.794, 1
04/14/2020,17:10,47.773,47.773,47.773,47.773, 1
04/14/2020,17:37,47.719,47.719,47.719,47.719, 1
04/14/2020,17:49,47.743,47.743,47.743,47.743, 1
04/14/2020,18:06,47.747,47.747,47.747,47.747, 1
04/14/2020,18:14,47.725,47.725,47.725,47.725, 1
04/14/2020,18:20,47.749,47.749,47.749,47.749, 1
04/14/2020,18:27,47.758,47.758,47.758,47.758, 1
04/14/2020,18:39,47.734,47.734,47.734,47.734, 1
04/14/2020,18:48,47.738,47.738,47.738,47.738, 1
04/14/2020,18:49,47.716,47.716,47.716,47.716, 1
04/14/2020,18:55,47.74,47.74,47.74,47.74, 1
04/14/2020,19:20,47.762,47.762,47.762,47.762, 1
04/14/2020,19:25,47.74,47.74,47.74,47.74, 1
04/14/2020,19:34,47.732,47.732,47.732,47.732, 1
04/14/2020,19:54,47.756,47.756,47.756,47.756, 1
04/14/2020,19:55,47.764,47.764,47.764,47.764, 1
04/14/2020,19:58,47.786,47.786,47.786,47.786, 1
04/14/2020,19:59,47.808,47.808,47.808,47.808, 1
04/14/2020,20:01,47.786,47.786,47.786,47.786, 1
04/14/2020,20:07,47.764,47.764,47.764,47.764, 1
04/14/2020,20:17,47.76,47.76,47.76,47.76, 1
04/14/2020,20:18,47.564,47.564,47.564,47.564, 1
04/14/2020,20:24,47.585,47.585,47.585,47.585, 1
04/14/2020,20:26,47.607,47.607,47.607,47.607, 1
04/14/2020,20:31,47.585,47.585,47.585,47.585, 1
04/14/2020,20:34,47.769,47.769,47.769,47.769, 1
04/14/2020,20:40,47.764,47.764,47.764,47.764, 1
04/14/2020,20:51,47.786,47.786,47.786,47.786, 1
04/14/2020,20:59,47.812,47.812,47.609,47.609, 2
04/14/2020,21:03,47.605,47.605,47.605,47.605, 1
04/14/2020,21:25,47.611,47.611,47.611,47.611, 1
04/14/2020,21:45,47.605,47.605,47.605,47.605, 1
04/14/2020,22:02,47.626,47.626,47.626,47.626, 1
04/14/2020,22:09,47.62,47.62,47.62,47.62, 1
04/14/2020,22:24,47.598,47.598,47.598,47.598, 1
04/14/2020,22:33,47.788,47.788,47.788,47.788, 1
04/14/2020,22:53,47.797,47.797,47.797,47.797, 1
04/14/2020,23:15,47.821,47.821,47.821,47.821, 1
04/14/2020,23:39,47.817,47.817,47.817,47.817, 1
04/15/2020,06:13,47.771,47.771,47.771,47.771, 1
04/15/2020,06:36,47.762,47.762,47.762,47.762, 1
04/15/2020,06:56,47.764,47.764,47.764,47.764, 1
04/15/2020,07:16,47.762,47.762,47.762,47.762, 1
04/15/2020,07:37,47.769,47.769,47.769,47.769, 1
04/15/2020,07:50,47.743,47.743,47.743,47.743, 1
04/15/2020,07:57,47.725,47.725,47.725,47.725, 1
04/15/2020,08:20,47.73,47.73,47.73,47.73, 1
04/15/2020,08:24,47.703,47.703,47.703,47.703, 1
04/15/2020,08:29,47.725,47.725,47.725,47.725, 1
04/15/2020,08:32,47.697,47.697,47.697,47.697, 1
04/15/2020,08:43,47.699,47.699,47.699,47.699, 1
04/15/2020,08:46,47.721,47.721,47.721,47.721, 1
04/15/2020,08:54,47.699,47.699,47.699,47.699, 1
04/15/2020,09:02,47.721,47.721,47.721,47.721, 1
04/15/2020,09:05,47.725,47.725,47.725,47.725, 1
04/15/2020,09:08,47.699,47.699,47.699,47.699, 1
04/15/2020,09:17,47.677,47.677,47.677,47.677, 1
04/15/2020,09:27,47.673,47.673,47.673,47.673, 1
04/15/2020,09:36,47.651,47.651,47.651,47.651, 1
04/15/2020,09:42,47.623,47.623,47.623,47.623, 1
04/15/2020,09:48,47.621,47.621,47.621,47.621, 1
04/15/2020,09:52,47.597,47.597,47.597,47.597, 1
04/15/2020,09:54,47.573,47.573,47.573,47.573, 1
04/15/2020,10:06,47.551,47.551,47.551,47.551, 1
04/15/2020,10:08,47.573,47.573,47.573,47.573, 1
04/15/2020,10:10,47.595,47.595,47.595,47.595, 1
04/15/2020,10:12,47.599,47.599,47.599,47.599, 1
04/15/2020,10:19,47.577,47.577,47.577,47.577, 1
04/15/2020,10:29,47.599,47.599,47.599,47.599, 1
04/15/2020,10:32,47.595,47.595,47.595,47.595, 1
04/15/2020,10:39,47.573,47.573,47.573,47.573, 1
04/15/2020,10:46,47.551,47.551,47.551,47.551, 1
04/15/2020,10:55,47.553,47.553,47.553,47.553, 1
04/15/2020,11:00,47.575,47.575,47.575,47.575, 1
04/15/2020,11:17,47.582,47.582,47.582,47.582, 1
04/15/2020,11:29,47.603,47.603,47.603,47.603, 1
04/15/2020,11:38,47.601,47.601,47.601,47.601, 1
04/15/2020,11:42,47.577,47.577,47.577,47.577, 1
04/15/2020,12:00,47.584,47.584,47.584,47.584, 1
04/15/2020,12:24,47.568,47.568,47.568,47.568, 1
04/15/2020,12:30,47.542,47.542,47.542,47.542, 1
04/15/2020,12:32,47.521,47.521,47.521,47.521, 1
04/15/2020,12:34,47.494,47.494,47.494,47.494, 1
04/15/2020,12:36,47.468,47.468,47.468,47.468, 1
04/15/2020,12:46,47.473,47.473,47.473,47.473, 1
04/15/2020,13:09,47.468,47.468,47.468,47.468, 1
04/15/2020,13:14,47.49,47.49,47.49,47.49, 1
04/15/2020,13:31,47.494,47.494,47.494,47.494, 1
04/15/2020,13:37,47.516,47.516,47.516,47.516, 1
04/15/2020,13:43,47.492,47.492,47.492,47.492, 1
04/15/2020,13:44,47.518,47.518,47.518,47.518, 1
04/15/2020,13:52,47.503,47.503,47.503,47.503, 1
04/15/2020,14:07,47.481,47.481,47.481,47.481, 1
04/15/2020,14:12,47.49,47.49,47.49,47.49, 1
04/15/2020,14:14,47.468,47.468,47.468,47.468, 1
04/15/2020,14:18,47.447,47.447,47.447,47.447, 1
04/15/2020,14:20,47.42,47.42,47.42,47.42, 1
04/15/2020,14:25,47.394,47.394,47.394,47.394, 1
04/15/2020,14:26,47.368,47.368,47.368,47.368, 1
04/15/2020,14:28,47.39,47.39,47.39,47.39, 1
04/15/2020,14:32,47.346,47.346,47.346,47.346, 1
04/15/2020,14:35,47.342,47.342,47.342,47.342, 1
04/15/2020,14:36,47.32,47.32,47.32,47.32, 1
04/15/2020,14:46,47.294,47.294,47.294,47.294, 1
04/15/2020,14:48,47.273,47.273,47.273,47.273, 1
04/15/2020,14:49,47.294,47.294,47.294,47.294, 1
04/15/2020,14:52,47.273,47.273,47.273,47.273, 1
04/15/2020,14:56,47.279,47.279,47.279,47.279, 1
04/15/2020,14:58,47.255,47.255,47.255,47.255, 1
04/15/2020,15:03,47.277,47.277,47.277,47.277, 1
04/15/2020,15:05,47.299,47.32,47.299,47.32, 2
04/15/2020,15:08,47.342,47.342,47.342,47.342, 1
04/15/2020,15:13,47.32,47.32,47.32,47.32, 1
04/15/2020,15:16,47.277,47.277,47.277,47.277, 1
04/15/2020,15:17,47.281,47.281,47.281,47.281, 1
04/15/2020,15:19,47.26,47.26,47.26,47.26, 1
04/15/2020,15:21,47.283,47.283,47.283,47.283, 1
04/15/2020,15:37,47.307,47.307,47.307,47.307, 1
04/15/2020,15:42,47.281,47.281,47.281,47.281, 1
04/15/2020,15:56,47.26,47.26,47.26,47.26, 1
04/15/2020,15:59,47.275,47.275,47.275,47.275, 1
04/15/2020,16:13,47.303,47.303,47.303,47.303, 1
04/15/2020,16:20,47.327,47.327,47.327,47.327, 1
04/15/2020,16:30,47.36,47.36,47.36,47.36, 1
04/15/2020,16:34,47.386,47.386,47.386,47.386, 1
04/15/2020,16:34,47.364,47.364,47.364,47.364, 1
04/15/2020,16:45,47.386,47.386,47.377,47.377, 2
04/15/2020,16:48,47.403,47.403,47.403,47.403, 1
04/15/2020,16:50,47.425,47.425,47.425,47.425, 1
04/15/2020,16:53,47.403,47.403,47.403,47.403, 1
04/15/2020,16:54,47.425,47.425,47.425,47.425, 1
04/15/2020,16:56,47.403,47.403,47.403,47.403, 1
04/15/2020,17:01,47.425,47.425,47.425,47.425, 1
04/15/2020,17:07,47.412,47.412,47.412,47.412, 1
04/15/2020,17:20,47.433,47.433,47.433,47.433, 1
04/15/2020,17:23,47.412,47.412,47.412,47.412, 1
04/15/2020,17:29,47.436,47.436,47.436,47.436, 1
04/15/2020,17:30,47.457,47.457,47.457,47.457, 1
04/15/2020,17:31,47.479,47.479,47.479,47.479, 1
04/15/2020,17:39,47.457,47.457,47.457,47.457, 1
04/15/2020,17:45,47.483,47.483,47.483,47.483, 1
04/15/2020,17:50,47.462,47.462,47.462,47.462, 1
04/15/2020,17:55,47.464,47.464,47.464,47.464, 1
04/15/2020,17:57,47.442,47.442,47.442,47.442, 1
04/15/2020,18:06,47.42,47.42,47.42,47.42, 1
04/15/2020,18:14,47.442,47.442,47.442,47.442, 1
04/15/2020,18:19,47.42,47.42,47.412,47.412, 2
04/15/2020,18:22,47.433,47.433,47.433,47.433, 1
04/15/2020,18:34,47.46,47.46,47.46,47.46, 1
04/15/2020,18:38,47.481,47.481,47.481,47.481, 1
04/15/2020,18:40,47.483,47.483,47.483,47.483, 1
04/15/2020,18:51,47.509,47.509,47.509,47.509, 1
04/15/2020,18:53,47.488,47.488,47.488,47.488, 1
04/15/2020,18:57,47.466,47.466,47.466,47.466, 1
04/15/2020,19:02,47.455,47.455,47.455,47.455, 1
04/15/2020,19:12,47.479,47.479,47.479,47.479, 1
04/15/2020,19:26,47.47,47.47,47.47,47.47, 1
04/15/2020,19:39,47.449,47.449,47.449,47.449, 1
04/15/2020,19:46,47.446,47.446,47.446,47.446, 1
04/15/2020,19:49,47.47,47.47,47.47,47.47, 1
04/15/2020,19:57,47.449,47.449,47.449,47.449, 1
04/15/2020,20:01,47.475,47.475,47.475,47.475, 1
04/15/2020,20:08,47.488,47.488,47.488,47.488, 1
04/15/2020,20:15,47.509,47.509,47.509,47.509, 1
04/15/2020,20:16,47.531,47.531,47.531,47.531, 1
04/15/2020,20:28,47.553,47.553,47.553,47.553, 1
04/15/2020,20:31,47.544,47.544,47.544,47.544, 1
04/15/2020,20:49,47.523,47.523,47.523,47.523, 1
04/15/2020,20:54,47.501,47.505,47.501,47.505, 2
04/15/2020,21:00,47.483,47.483,47.483,47.483, 1
04/15/2020,21:17,47.468,47.468,47.468,47.468, 1
04/15/2020,21:41,47.457,47.457,47.457,47.457, 1
04/15/2020,21:59,47.436,47.436,47.436,47.436, 1
04/15/2020,22:07,47.459,47.459,47.459,47.459, 1
04/15/2020,22:13,47.438,47.438,47.438,47.438, 1
04/15/2020,22:20,47.459,47.459,47.459,47.459, 1
04/15/2020,22:27,47.455,47.455,47.455,47.455, 1
04/15/2020,22:31,47.433,47.433,47.433,47.433, 1
04/15/2020,22:49,47.438,47.438,47.438,47.438, 1
04/15/2020,22:58,47.553,47.553,47.553,47.553, 1
04/15/2020,23:07,47.529,47.529,47.529,47.529, 1
04/15/2020,23:12,47.538,47.538,47.538,47.538, 1
04/15/2020,23:34,47.532,47.532,47.532,47.532, 1
04/15/2020,23:52,47.418,47.418,47.418,47.418, 1
04/15/2020,23:55,47.425,47.425,47.425,47.425, 1
04/16/2020,06:05,47.264,47.264,47.264,47.264, 1
04/16/2020,06:12,47.286,47.286,47.286,47.286, 1
04/16/2020,06:19,47.264,47.264,47.264,47.264, 1
04/16/2020,06:26,47.246,47.246,47.246,47.246, 1
04/16/2020,06:39,47.27,47.27,47.27,47.27, 1
04/16/2020,06:49,47.281,47.281,47.281,47.281, 1
04/16/2020,07:12,47.279,47.279,47.279,47.279, 1
04/16/2020,07:17,47.301,47.301,47.301,47.301, 1
04/16/2020,07:33,47.325,47.325,47.325,47.325, 1
04/16/2020,07:35,47.32,47.32,47.32,47.32, 1
04/16/2020,07:58,47.338,47.338,47.338,47.338, 1
04/16/2020,08:01,47.316,47.316,47.316,47.316, 1
04/16/2020,08:08,47.338,47.338,47.314,47.314, 2
04/16/2020,08:16,47.336,47.336,47.336,47.336, 1
04/16/2020,08:18,47.329,47.329,47.329,47.329, 1
04/16/2020,08:20,47.355,47.355,47.355,47.355, 1
04/16/2020,08:22,47.329,47.329,47.329,47.329, 1
04/16/2020,08:25,47.351,47.351,47.351,47.351, 1
04/16/2020,08:38,47.373,47.373,47.373,47.373, 1
04/16/2020,08:40,47.37,47.37,47.37,47.37, 1
04/16/2020,08:42,47.396,47.396,47.396,47.396, 1
04/16/2020,08:52,47.375,47.375,47.375,47.375, 1
04/16/2020,08:57,47.353,47.353,47.353,47.353, 1
04/16/2020,08:59,47.329,47.329,47.329,47.329, 1
04/16/2020,09:03,47.351,47.351,47.351,47.351, 1
04/16/2020,09:04,47.344,47.344,47.344,47.344, 1
04/16/2020,09:09,47.32,47.32,47.32,47.32, 1
04/16/2020,09:12,47.296,47.296,47.296,47.296, 1
04/16/2020,09:15,47.27,47.27,47.27,47.27, 1
04/16/2020,09:21,47.294,47.294,47.294,47.294, 1
04/16/2020,09:28,47.316,47.316,47.305,47.305, 2
04/16/2020,09:36,47.327,47.327,47.327,47.327, 1
04/16/2020,09:37,47.305,47.305,47.305,47.305, 1
04/16/2020,09:39,47.283,47.283,47.283,47.283, 1
04/16/2020,09:42,47.305,47.305,47.305,47.305, 1
04/16/2020,09:42,47.283,47.283,47.283,47.283, 1
04/16/2020,09:46,47.257,47.257,47.257,47.257, 1
04/16/2020,09:49,47.236,47.236,47.236,47.236, 1
04/16/2020,09:51,47.251,47.251,47.251,47.251, 1
04/16/2020,09:55,47.279,47.279,47.279,47.279, 1
04/16/2020,10:01,47.255,47.255,47.255,47.255, 1
04/16/2020,10:08,47.277,47.277,47.277,47.277, 1
04/16/2020,10:12,47.279,47.279,47.279,47.279, 1
04/16/2020,10:22,47.301,47.301,47.301,47.301, 1
04/16/2020,10:33,47.327,47.327,47.327,47.327, 1
04/16/2020,10:48,47.305,47.305,47.305,47.305, 1
04/16/2020,10:51,47.327,47.327,47.327,47.327, 1
04/16/2020,10:59,47.331,47.331,47.331,47.331, 1
04/16/2020,11:04,47.309,47.309,47.309,47.309, 1
04/16/2020,11:05,47.283,47.283,47.283,47.283, 1
04/16/2020,11:19,47.277,47.277,47.277,47.277, 1
04/16/2020,11:28,47.255,47.255,47.255,47.255, 1
04/16/2020,11:31,47.227,47.227,47.227,47.227, 1
04/16/2020,11:35,47.251,47.251,47.251,47.251, 1
04/16/2020,11:39,47.255,47.255,47.255,47.255, 1
04/16/2020,11:42,47.233,47.233,47.233,47.233, 1
04/16/2020,12:01,47.257,47.257,47.257,47.257, 1
04/16/2020,12:04,47.251,47.251,47.251,47.251, 1
04/16/2020,12:07,47.229,47.229,47.229,47.229, 1
04/16/2020,12:08,47.192,47.192,47.192,47.192, 1
04/16/2020,12:10,47.214,47.214,47.214,47.214, 1
04/16/2020,12:11,47.238,47.238,47.238,47.238, 1
04/16/2020,12:20,47.259,47.259,47.259,47.259, 1
04/16/2020,12:23,47.288,47.288,47.288,47.288, 1
04/16/2020,12:26,47.309,47.314,47.309,47.314, 2
04/16/2020,12:29,47.292,47.314,47.292,47.314, 2
04/16/2020,12:32,47.292,47.292,47.292,47.292, 1
04/16/2020,12:47,47.283,47.283,47.283,47.283, 1
04/16/2020,12:54,47.305,47.305,47.305,47.305, 1
04/16/2020,13:00,47.283,47.283,47.283,47.283, 1
04/16/2020,13:09,47.305,47.305,47.305,47.305, 1
04/16/2020,13:22,47.327,47.327,47.327,47.327, 1
04/16/2020,13:31,47.309,47.309,47.309,47.309, 1
04/16/2020,13:33,47.279,47.279,47.279,47.279, 1
04/16/2020,13:41,47.257,47.257,47.257,47.257, 1
04/16/2020,13:43,47.279,47.279,47.279,47.279, 1
04/16/2020,13:54,47.283,47.283,47.283,47.283, 1
04/16/2020,13:58,47.309,47.309,47.309,47.309, 1
04/16/2020,14:07,47.331,47.331,47.331,47.331, 1
04/16/2020,14:16,47.333,47.333,47.333,47.333, 1
04/16/2020,14:25,47.357,47.379,47.357,47.379, 2
04/16/2020,14:28,47.355,47.355,47.355,47.355, 1
04/16/2020,14:31,47.386,47.386,47.386,47.386, 1
04/16/2020,14:32,47.364,47.364,47.364,47.364, 1
04/16/2020,14:33,47.342,47.342,47.342,47.342, 1
04/16/2020,14:37,47.318,47.318,47.318,47.318, 1
04/16/2020,14:39,47.34,47.34,47.34,47.34, 1
04/16/2020,14:39,47.344,47.344,47.344,47.344, 1
04/16/2020,14:41,47.323,47.323,47.323,47.323, 1
04/16/2020,14:52,47.344,47.344,47.344,47.344, 1
04/16/2020,14:55,47.323,47.323,47.323,47.323, 1
04/16/2020,14:57,47.344,47.344,47.344,47.344, 1
04/16/2020,14:58,47.323,47.323,47.323,47.323, 1
04/16/2020,15:01,47.349,47.349,47.349,47.349, 1
04/16/2020,15:02,47.338,47.338,47.338,47.338, 1
04/16/2020,15:05,47.364,47.364,47.364,47.364, 1
04/16/2020,15:08,47.342,47.342,47.342,47.342, 1
04/16/2020,15:11,47.603,47.603,47.603,47.603, 1
04/16/2020,15:15,47.582,47.582,47.582,47.582, 1
04/16/2020,15:18,47.558,47.558,47.558,47.558, 1
04/16/2020,15:25,47.564,47.564,47.564,47.564, 1
04/16/2020,15:36,47.54,47.54,47.54,47.54, 1
04/16/2020,15:43,47.562,47.562,47.562,47.562, 1
04/16/2020,15:48,47.568,47.568,47.568,47.568, 1
04/16/2020,15:51,47.547,47.547,47.547,47.547, 1
04/16/2020,16:01,47.573,47.573,47.573,47.573, 1
04/16/2020,16:06,47.549,47.549,47.549,47.549, 1
04/16/2020,16:08,47.571,47.571,47.571,47.571, 1
04/16/2020,16:09,47.573,47.573,47.573,47.573, 1
04/16/2020,16:12,47.597,47.597,47.597,47.597, 1
04/16/2020,16:13,47.575,47.575,47.575,47.575, 1
04/16/2020,16:23,47.601,47.601,47.601,47.601, 1
04/16/2020,16:26,47.579,47.579,47.579,47.579, 1
04/16/2020,16:32,47.586,47.586,47.586,47.586, 1
04/16/2020,16:34,47.562,47.584,47.562,47.562, 3
04/16/2020,16:36,47.54,47.54,47.54,47.54, 1
04/16/2020,16:42,47.518,47.518,47.518,47.518, 1
04/16/2020,16:48,47.496,47.496,47.496,47.496, 1
04/16/2020,16:52,47.496,47.496,47.496,47.496, 1
04/16/2020,16:54,47.488,47.488,47.488,47.488, 1
04/16/2020,16:55,47.461,47.461,47.461,47.461, 1
04/16/2020,16:57,47.44,47.44,47.44,47.44, 1
04/16/2020,17:03,47.418,47.418,47.418,47.418, 1
04/16/2020,17:04,47.396,47.396,47.396,47.396, 1
04/16/2020,17:05,47.37,47.37,47.37,47.37, 1
04/16/2020,17:07,47.391,47.391,47.391,47.391, 1
04/16/2020,17:09,47.413,47.413,47.413,47.413, 1
04/16/2020,17:16,47.391,47.391,47.391,47.391, 1
04/16/2020,17:17,47.381,47.381,47.381,47.381, 1
04/16/2020,17:22,47.359,47.359,47.359,47.359, 1
04/16/2020,17:29,47.335,47.335,47.335,47.335, 1
04/16/2020,17:30,47.361,47.361,47.361,47.361, 1
04/16/2020,17:41,47.383,47.383,47.37,47.37, 2
04/16/2020,17:45,47.391,47.391,47.391,47.391, 1
04/16/2020,18:05,47.415,47.415,47.413,47.413, 2
04/16/2020,18:08,47.391,47.391,47.391,47.391, 1
04/16/2020,18:16,47.37,47.37,47.37,47.37, 1
04/16/2020,18:27,47.348,47.348,47.348,47.348, 1
04/16/2020,18:29,47.359,47.359,47.359,47.359, 1
04/16/2020,18:31,47.335,47.335,47.335,47.335, 1
04/16/2020,18:34,47.308,47.308,47.308,47.308, 1
04/16/2020,18:39,47.287,47.287,47.287,47.287, 1
04/16/2020,18:41,47.313,47.313,47.313,47.313, 1
04/16/2020,18:42,47.335,47.335,47.335,47.335, 1
04/16/2020,18:49,47.326,47.326,47.326,47.326, 1
04/16/2020,18:51,47.348,47.348,47.348,47.348, 1
04/16/2020,18:53,47.37,47.37,47.37,47.37, 1
04/16/2020,19:08,47.391,47.391,47.391,47.391, 1
04/16/2020,19:09,47.37,47.37,47.37,47.37, 1
04/16/2020,19:12,47.383,47.383,47.383,47.383, 1
04/16/2020,19:16,47.405,47.405,47.405,47.405, 1
04/16/2020,19:26,47.383,47.383,47.383,47.383, 1
04/16/2020,19:33,47.405,47.405,47.405,47.405, 1
04/16/2020,19:35,47.413,47.413,47.413,47.413, 1
04/16/2020,19:56,47.396,47.396,47.396,47.396, 1
04/16/2020,20:00,47.133,47.133,47.133,47.133, 1
04/16/2020,20:08,47.155,47.155,47.155,47.155, 1
04/16/2020,20:18,47.157,47.157,47.157,47.157, 1
04/16/2020,20:35,47.136,47.136,47.136,47.136, 1
04/16/2020,20:36,47.157,47.157,47.157,47.157, 1
04/16/2020,20:38,47.162,47.162,47.162,47.162, 1
04/16/2020,21:01,47.149,47.149,47.149,47.149, 1
04/16/2020,21:08,47.407,47.407,47.407,47.407, 1
04/16/2020,21:23,47.4,47.4,47.4,47.4, 1
04/16/2020,21:47,47.398,47.398,47.398,47.398, 1
04/16/2020,21:56,47.426,47.426,47.426,47.426, 1
04/16/2020,22:03,47.405,47.405,47.405,47.405, 1
04/16/2020,22:08,47.165,47.165,47.138,47.138, 2
04/16/2020,22:09,47.136,47.136,47.136,47.136, 1
04/16/2020,22:18,47.114,47.114,47.114,47.114, 1
04/16/2020,22:34,47.09,47.09,47.09,47.09, 1
04/16/2020,22:49,47.112,47.112,47.112,47.112, 1
04/16/2020,22:51,47.107,47.107,47.107,47.107, 1
04/16/2020,22:56,47.129,47.129,47.129,47.129, 1
04/16/2020,23:01,47.103,47.103,47.103,47.103, 1
04/16/2020,23:02,47.129,47.129,47.129,47.129, 1
04/16/2020,23:13,47.12,47.12,47.12,47.12, 1
04/16/2020,23:31,47.144,47.144,47.144,47.144, 1
04/16/2020,23:34,47.168,47.168,47.168,47.168, 1
04/16/2020,23:36,47.164,47.164,47.164,47.164, 1
04/16/2020,23:40,47.186,47.186,47.186,47.186, 1
04/16/2020,23:43,47.164,47.164,47.164,47.164, 1
04/16/2020,23:45,47.186,47.186,47.186,47.186, 1
04/16/2020,23:48,47.216,47.216,47.216,47.216, 1
04/16/2020,23:51,47.192,47.192,47.192,47.192, 1
04/16/2020,23:55,47.218,47.218,47.218,47.218, 1
04/16/2020,23:57,47.242,47.242,47.242,47.242, 1
04/17/2020,06:06,47.492,47.492,47.492,47.492, 1
04/17/2020,06:16,47.505,47.505,47.505,47.505, 1
04/17/2020,06:25,47.527,47.527,47.527,47.527, 1
04/17/2020,07:02,47.516,47.516,47.516,47.516, 1
04/17/2020,07:23,47.503,47.503,47.503,47.503, 1
04/17/2020,07:35,47.525,47.525,47.525,47.525, 1
04/17/2020,07:38,47.503,47.503,47.503,47.503, 1
04/17/2020,07:45,47.52,47.52,47.52,47.52, 1
04/17/2020,07:57,47.499,47.499,47.499,47.499, 1
04/17/2020,08:06,47.492,47.492,47.492,47.492, 1
04/17/2020,08:08,47.468,47.468,47.468,47.468, 1
04/17/2020,08:09,47.446,47.446,47.446,47.446, 1
04/17/2020,08:21,47.424,47.424,47.424,47.424, 1
04/17/2020,08:27,47.431,47.431,47.431,47.431, 1
04/17/2020,08:42,47.455,47.455,47.455,47.455, 1
04/17/2020,08:48,47.431,47.431,47.431,47.431, 1
04/17/2020,08:51,47.433,47.433,47.433,47.433, 1
04/17/2020,08:55,47.457,47.457,47.457,47.457, 1
04/17/2020,09:05,47.433,47.433,47.433,47.433, 1
04/17/2020,09:07,47.405,47.405,47.405,47.405, 1
04/17/2020,09:13,47.381,47.381,47.381,47.381, 1
04/17/2020,09:15,47.359,47.365,47.359,47.365, 2
04/17/2020,09:36,47.372,47.372,47.372,47.372, 1
04/17/2020,09:37,47.346,47.346,47.346,47.346, 1
04/17/2020,09:41,47.324,47.324,47.324,47.324, 1
04/17/2020,09:53,47.346,47.346,47.346,47.346, 1
04/17/2020,09:59,47.352,47.352,47.352,47.352, 1
04/17/2020,10:01,47.33,47.33,47.33,47.33, 1
04/17/2020,10:16,47.308,47.308,47.308,47.308, 1
04/17/2020,10:21,47.33,47.33,47.33,47.33, 1
04/17/2020,10:28,47.308,47.308,47.308,47.308, 1
04/17/2020,10:30,47.33,47.33,47.33,47.33, 1
04/17/2020,10:38,47.352,47.352,47.352,47.352, 1
04/17/2020,10:45,47.365,47.365,47.365,47.365, 1
04/17/2020,10:48,47.343,47.343,47.343,47.343, 1
04/17/2020,11:06,47.33,47.33,47.33,47.33, 1
04/17/2020,11:10,47.308,47.308,47.308,47.308, 1
04/17/2020,11:16,47.33,47.33,47.33,47.33, 1
04/17/2020,11:28,47.308,47.313,47.308,47.313, 2
04/17/2020,11:35,47.291,47.291,47.291,47.291, 1
04/17/2020,11:37,47.313,47.313,47.313,47.313, 1
04/17/2020,11:50,47.293,47.293,47.293,47.293, 1
04/17/2020,12:07,47.267,47.267,47.267,47.267, 1
04/17/2020,12:10,47.291,47.291,47.291,47.291, 1
04/17/2020,12:11,47.302,47.302,47.302,47.302, 1
04/17/2020,12:33,47.311,47.311,47.311,47.311, 1
04/17/2020,12:38,47.332,47.332,47.332,47.332, 1
04/17/2020,12:56,47.354,47.354,47.354,47.354, 1
04/17/2020,12:57,47.365,47.365,47.365,47.365, 1
04/17/2020,13:03,47.387,47.387,47.387,47.387, 1
04/17/2020,13:09,47.409,47.409,47.409,47.409, 1
04/17/2020,13:18,47.396,47.396,47.396,47.396, 1
04/17/2020,13:35,47.374,47.374,47.374,47.374, 1
04/17/2020,13:39,47.376,47.376,47.376,47.376, 1
04/17/2020,13:56,47.398,47.398,47.398,47.398, 1
04/17/2020,13:59,47.42,47.42,47.42,47.42, 1
04/17/2020,14:03,47.44,47.44,47.44,47.44, 1
04/17/2020,14:04,47.418,47.418,47.418,47.418, 1
04/17/2020,14:10,47.44,47.44,47.44,47.44, 1
04/17/2020,14:14,47.461,47.488,47.461,47.488, 2
04/17/2020,14:17,47.516,47.516,47.516,47.516, 1
04/17/2020,14:24,47.505,47.505,47.505,47.505, 1
04/17/2020,14:34,47.481,47.481,47.481,47.481, 1
04/17/2020,14:42,47.509,47.509,47.509,47.509, 1
04/17/2020,14:44,47.488,47.488,47.488,47.488, 1
04/17/2020,14:44,47.496,47.496,47.496,47.496, 1
04/17/2020,14:48,47.275,47.275,47.275,47.275, 1
04/17/2020,14:49,47.296,47.296,47.296,47.296, 1
04/17/2020,14:52,47.24,47.24,47.24,47.24, 1
04/17/2020,14:55,47.262,47.262,47.262,47.262, 1
04/17/2020,14:57,47.236,47.236,47.236,47.236, 1
04/17/2020,15:06,47.257,47.257,47.257,47.257, 1
04/17/2020,15:06,47.242,47.242,47.242,47.242, 1
04/17/2020,15:11,47.22,47.22,47.22,47.22, 1
04/17/2020,15:20,47.242,47.242,47.242,47.242, 1
04/17/2020,15:23,47.266,47.266,47.266,47.266, 1
04/17/2020,15:27,47.29,47.29,47.29,47.29, 1
04/17/2020,15:34,47.32,47.32,47.32,47.32, 1
04/17/2020,15:38,47.296,47.296,47.296,47.296, 1
04/17/2020,15:44,47.27,47.27,47.27,47.27, 1
04/17/2020,15:46,47.292,47.292,47.292,47.292, 1
04/17/2020,15:47,47.316,47.316,47.316,47.316, 1
04/17/2020,15:48,47.338,47.338,47.338,47.338, 1
04/17/2020,15:51,47.36,47.36,47.36,47.36, 1
04/17/2020,15:53,47.381,47.381,47.381,47.381, 1
04/17/2020,15:53,47.377,47.377,47.377,47.377, 1
04/17/2020,16:03,47.355,47.355,47.355,47.355, 1
04/17/2020,16:14,47.344,47.344,47.344,47.344, 1
04/17/2020,16:22,47.366,47.366,47.366,47.366, 1
04/17/2020,16:30,47.344,47.344,47.344,47.344, 1
04/17/2020,16:33,47.342,47.342,47.342,47.342, 1
04/17/2020,16:39,47.32,47.32,47.32,47.32, 1
04/17/2020,16:41,47.342,47.342,47.342,47.342, 1
04/17/2020,16:42,47.368,47.368,47.368,47.368, 1
04/17/2020,16:44,47.346,47.346,47.346,47.346, 1
04/17/2020,16:46,47.37,47.37,47.37,47.37, 1
04/17/2020,16:49,47.34,47.34,47.34,47.34, 1
04/17/2020,16:56,47.386,47.386,47.386,47.386, 2
04/17/2020,16:58,47.375,47.375,47.375,47.375, 1
04/17/2020,16:58,47.405,47.405,47.405,47.405, 1
04/17/2020,17:12,47.36,47.36,47.36,47.36, 1
04/17/2020,17:18,47.336,47.336,47.336,47.336, 1
04/17/2020,17:20,47.362,47.362,47.362,47.362, 1
04/17/2020,17:29,47.34,47.34,47.34,47.34, 1
04/17/2020,17:36,47.364,47.364,47.364,47.364, 1
04/17/2020,17:41,47.353,47.353,47.353,47.353, 1
04/17/2020,17:46,47.331,47.331,47.331,47.331, 1
04/17/2020,17:47,47.355,47.355,47.355,47.355, 1
04/17/2020,18:03,47.373,47.373,47.373,47.373, 1
04/17/2020,18:12,47.351,47.351,47.351,47.351, 1
04/17/2020,18:19,47.327,47.327,47.327,47.327, 1
04/17/2020,18:24,47.323,47.323,47.323,47.323, 1
04/17/2020,18:26,47.301,47.301,47.301,47.301, 1
04/17/2020,18:31,47.279,47.279,47.279,47.279, 1
04/17/2020,18:36,47.257,47.257,47.257,47.257, 1
04/17/2020,18:37,47.279,47.279,47.279,47.279, 1
04/17/2020,18:38,47.305,47.305,47.305,47.305, 1
04/17/2020,18:41,47.283,47.283,47.283,47.283, 1
04/17/2020,18:46,47.288,47.288,47.288,47.288, 1
04/17/2020,19:01,47.312,47.312,47.312,47.312, 1
04/17/2020,19:07,47.332,47.332,47.332,47.332, 1
04/17/2020,19:31,47.338,47.338,47.338,47.338, 1
04/17/2020,19:37,47.36,47.36,47.36,47.36, 1
04/17/2020,19:53,47.355,47.355,47.355,47.355, 1
04/17/2020,19:58,47.333,47.333,47.333,47.333, 1
04/17/2020,20:14,47.312,47.312,47.312,47.312, 1
04/17/2020,20:41,47.327,47.327,47.327,47.327, 1
04/17/2020,20:44,47.305,47.305,47.305,47.305, 1
04/17/2020,20:56,47.329,47.329,47.329,47.329, 1
04/17/2020,21:00,47.303,47.303,47.303,47.303, 1
04/17/2020,21:04,47.312,47.312,47.312,47.312, 1
04/17/2020,21:11,47.29,47.29,47.29,47.29, 1
04/17/2020,21:28,47.303,47.303,47.303,47.303, 1
04/17/2020,21:47,47.325,47.325,47.325,47.325, 1
04/17/2020,21:58,47.303,47.303,47.303,47.303, 1
04/17/2020,22:06,46.995,46.995,46.995,46.995, 1
04/17/2020,22:09,46.998,46.998,46.998,46.998, 1
04/17/2020,22:21,47.021,47.021,47.021,47.021, 1
04/17/2020,22:32,47.019,47.019,47.019,47.019, 1
04/17/2020,22:52,47.024,47.024,47.024,47.024, 1
04/17/2020,23:01,47.047,47.047,47.047,47.047, 1
04/18/2020,14:35,47.047,47.047,47.047,47.047, 1
04/18/2020,15:12,47.047,47.047,47.047,47.047, 1
04/18/2020,15:22,47.047,47.047,47.047,47.047, 1

