02/17/2020,06:10,16.7543,16.7543,16.7543,16.7543, 1
02/17/2020,08:10,16.7543,16.7543,16.7543,16.7543, 1
02/17/2020,13:12,16.7573,16.7573,16.7573,16.7573, 1
02/18/2020,13:14,16.7349,16.7349,16.7349,16.7349, 1
02/19/2020,13:08,16.6838,16.6838,16.6838,16.6838, 1
02/20/2020,13:08,16.6919,16.6919,16.6919,16.6919, 1
02/21/2020,13:06,16.7064,16.7064,16.7064,16.7064, 1
02/24/2020,13:10,16.7291,16.7291,16.7291,16.7291, 1
02/25/2020,13:09,16.7542,16.7542,16.7542,16.7542, 1
02/26/2020,13:06,16.8273,16.8273,16.8273,16.8273, 1
02/28/2020,13:10,16.9962,16.9962,16.9962,16.9962, 1

