04/01/2020,02:01,14,14,13.975,13.975, 15
04/01/2020,02:19,13.985,13.985,13.985,13.985, 3
04/01/2020,02:20,13.985,13.985,13.985,13.985, 1
04/01/2020,02:24,13.985,13.985,13.985,13.985, 1
04/01/2020,02:32,13.975,13.975,13.94,13.94, 32
04/01/2020,02:36,13.945,13.945,13.94,13.94, 2
04/01/2020,02:41,13.945,13.95,13.945,13.95, 2
04/01/2020,02:41,13.96,13.96,13.96,13.96, 1
04/01/2020,02:43,13.975,13.975,13.975,13.975, 1
04/01/2020,03:01,13.955,13.955,13.955,13.955, 2
04/01/2020,03:04,13.95,13.95,13.95,13.95, 1
04/01/2020,03:25,13.94,13.94,13.935,13.935, 2
04/01/2020,03:25,13.925,13.925,13.915,13.915, 10
04/01/2020,03:40,13.96,14.03,13.96,14.03, 9
04/01/2020,03:42,13.925,13.925,13.92,13.92, 6
04/01/2020,03:47,13.915,13.915,13.915,13.915, 1
04/01/2020,03:56,13.91,13.91,13.91,13.91, 2
04/01/2020,15:31,13.92,13.925,13.915,13.92, 26
04/01/2020,15:32,13.94,13.955,13.94,13.955, 13
04/01/2020,15:34,13.96,14,13.96,14, 17
04/01/2020,15:35,13.975,13.985,13.975,13.985, 8
04/01/2020,15:36,13.96,13.96,13.925,13.925, 7
04/01/2020,15:37,13.92,13.92,13.91,13.91, 8
04/01/2020,15:38,13.91,13.91,13.87,13.89, 29
04/01/2020,15:39,13.87,13.87,13.815,13.815, 14
04/01/2020,15:41,13.845,13.845,13.845,13.845, 1
04/01/2020,15:42,13.845,13.845,13.84,13.84, 2
04/01/2020,15:42,13.85,13.85,13.835,13.835, 7
04/01/2020,15:43,13.85,13.85,13.85,13.85, 5
04/01/2020,15:43,13.85,13.85,13.85,13.85, 2
04/01/2020,15:44,13.85,13.85,13.85,13.85, 1
04/01/2020,15:45,13.855,13.87,13.855,13.855, 7
04/01/2020,15:45,13.88,13.89,13.84,13.87, 20
04/01/2020,15:46,13.89,13.89,13.89,13.89, 2
04/01/2020,15:46,13.89,13.89,13.87,13.87, 6
04/01/2020,15:47,13.88,13.88,13.88,13.88, 3
04/01/2020,15:47,13.895,13.895,13.895,13.895, 1
04/01/2020,15:49,13.9,13.9,13.9,13.9, 1
04/01/2020,15:50,13.91,13.92,13.91,13.92, 3
04/01/2020,15:51,13.915,13.915,13.905,13.905, 2
04/01/2020,15:53,13.895,13.895,13.89,13.89, 3
04/01/2020,15:53,13.89,13.895,13.87,13.87, 9
04/01/2020,15:53,13.875,13.875,13.87,13.87, 5
04/01/2020,15:55,13.895,13.905,13.895,13.905, 3
04/01/2020,15:58,13.91,13.93,13.91,13.925, 6
04/01/2020,15:58,13.915,13.915,13.915,13.915, 4
04/01/2020,15:59,13.915,13.915,13.9,13.9, 17
04/01/2020,16:01,13.92,13.925,13.92,13.925, 5
04/01/2020,16:03,13.94,13.945,13.94,13.945, 5
04/01/2020,16:05,13.94,13.95,13.94,13.95, 5
04/01/2020,16:06,13.95,13.95,13.95,13.95, 8
04/01/2020,16:08,13.96,13.96,13.96,13.96, 1
04/01/2020,16:09,13.965,13.97,13.95,13.95, 11
04/01/2020,16:10,13.95,13.965,13.95,13.955, 8
04/01/2020,16:10,13.97,13.99,13.97,13.99, 6
04/01/2020,16:11,13.995,13.995,13.995,13.995, 1
04/01/2020,16:13,14.005,14.005,14.005,14.005, 4
04/01/2020,16:13,14.01,14.07,14.01,14.035, 12
04/01/2020,16:14,14.055,14.055,14.055,14.055, 1
04/01/2020,16:15,14.07,14.14,14.07,14.14, 10
04/01/2020,16:16,14.115,14.115,14.09,14.09, 2
04/01/2020,16:17,14.11,14.115,14.11,14.11, 5
04/01/2020,16:17,14.11,14.11,14.095,14.105, 5
04/01/2020,16:17,14.115,14.115,14.115,14.115, 2
04/01/2020,16:19,14.09,14.1,14.085,14.1, 3
04/01/2020,16:20,14.1,14.1,14.1,14.1, 1
04/01/2020,16:21,14.085,14.085,14.04,14.04, 11
04/01/2020,16:23,14.03,14.03,14.03,14.03, 1
04/01/2020,16:25,14.02,14.02,14.01,14.01, 2
04/01/2020,16:27,14.04,14.04,14.04,14.04, 1
04/01/2020,16:27,14.035,14.035,14.03,14.03, 6
04/01/2020,16:28,14.03,14.03,14.03,14.03, 2
04/01/2020,16:29,14.025,14.03,14.025,14.03, 2
04/01/2020,16:30,14.015,14.025,14.015,14.025, 3
04/01/2020,16:34,14.01,14.01,13.98,13.98, 23
04/01/2020,16:35,14.005,14.025,14.005,14.005, 3
04/01/2020,16:37,14.01,14.025,14.005,14.025, 4
04/01/2020,16:37,14.03,14.03,14.03,14.03, 12
04/01/2020,16:38,14.03,14.03,14.03,14.03, 4
04/01/2020,16:39,14.02,14.02,14.005,14.005, 8
04/01/2020,16:40,14.025,14.025,14.015,14.015, 2
04/01/2020,16:41,14.01,14.075,14.01,14.075, 13
04/01/2020,16:41,14.07,14.085,14.07,14.075, 8
04/01/2020,16:48,14.05,14.05,14.05,14.05, 1
04/01/2020,16:50,14.05,14.065,14.04,14.065, 3
04/01/2020,17:02,14.075,14.075,14.075,14.075, 1
04/01/2020,17:03,14.075,14.075,14.075,14.075, 1
04/01/2020,17:05,14.07,14.07,14.07,14.07, 1
04/01/2020,17:07,14.065,14.065,14.055,14.055, 4
04/01/2020,17:08,14.07,14.07,14.07,14.07, 1
04/01/2020,17:14,14.075,14.075,14.075,14.075, 1
04/01/2020,17:18,14.055,14.055,14.045,14.045, 4
04/01/2020,17:20,14.055,14.055,14.05,14.055, 6
04/01/2020,17:21,14.055,14.055,14.055,14.055, 1
04/01/2020,17:23,14.045,14.045,14.045,14.045, 1
04/01/2020,17:26,14.045,14.045,14.035,14.045, 5
04/01/2020,17:35,14.08,14.085,14.08,14.085, 4
04/01/2020,17:37,14.085,14.085,14.085,14.085, 4
04/01/2020,17:40,14.085,14.085,14.085,14.085, 1
04/01/2020,17:43,14.085,14.085,14.085,14.085, 2
04/01/2020,17:44,14.08,14.08,14.075,14.075, 6
04/01/2020,17:51,14.06,14.065,14.06,14.065, 2
04/01/2020,17:53,14.07,14.07,14.06,14.065, 9
04/01/2020,17:56,14.08,14.08,14.07,14.07, 2
04/01/2020,17:58,14.07,14.07,14.07,14.07, 1
04/01/2020,18:07,14.045,14.05,14.045,14.05, 3
04/01/2020,18:13,14.065,14.065,14.065,14.065, 2
04/01/2020,18:19,14.07,14.07,14.07,14.07, 1
04/01/2020,18:29,14.065,14.065,14.045,14.045, 9
04/01/2020,18:30,14.04,14.04,14.04,14.04, 1
04/01/2020,18:31,14.035,14.035,14.035,14.035, 1
04/01/2020,18:48,14.045,14.045,14.045,14.045, 2
04/01/2020,18:49,14.045,14.045,14.045,14.045, 1
04/01/2020,18:50,14.045,14.045,14.045,14.045, 2
04/01/2020,18:57,14.035,14.035,14.035,14.035, 1
04/01/2020,19:04,14.04,14.04,14.04,14.04, 1
04/01/2020,19:05,14.045,14.045,14.035,14.04, 5
04/01/2020,19:05,14.045,14.045,14.045,14.045, 2
04/01/2020,19:16,14.045,14.045,14.045,14.045, 3
04/01/2020,19:18,14.04,14.04,14.04,14.04, 1
04/01/2020,19:18,14.035,14.04,14.035,14.04, 2
04/01/2020,19:20,14.04,14.04,14.04,14.04, 2
04/01/2020,19:24,14.045,14.045,14.045,14.045, 1
04/01/2020,19:48,14.055,14.055,14.055,14.055, 1
04/01/2020,19:49,14.06,14.06,14.06,14.06, 2
04/01/2020,19:55,14.06,14.06,14.055,14.055, 5
04/01/2020,19:57,14.075,14.08,14.075,14.08, 6
04/01/2020,20:14,14.055,14.055,14.055,14.055, 3
04/01/2020,20:15,14.055,14.055,14.035,14.035, 12
04/01/2020,20:15,14.035,14.09,14.03,14.035, 16
04/01/2020,20:20,14.085,14.085,14.085,14.085, 1
04/02/2020,02:01,14.065,14.065,14.065,14.065, 2
04/02/2020,15:31,14.115,14.115,14.055,14.055, 13
04/02/2020,15:33,14.085,14.125,14.085,14.125, 12
04/02/2020,15:35,14.125,14.15,14.125,14.15, 8
04/02/2020,15:36,14.165,14.215,14.165,14.215, 41
04/02/2020,15:36,14.225,14.25,14.21,14.245, 23
04/02/2020,15:39,14.22,14.22,14.205,14.21, 4
04/02/2020,15:40,14.225,14.26,14.225,14.26, 6
04/02/2020,15:41,14.26,14.285,14.26,14.285, 4
04/02/2020,15:41,14.295,14.315,14.295,14.295, 8
04/02/2020,15:42,14.315,14.33,14.315,14.33, 9
04/02/2020,15:42,14.33,14.33,14.325,14.325, 3
04/02/2020,15:42,14.3,14.3,14.3,14.3, 1
04/02/2020,15:45,14.305,14.305,14.305,14.305, 1
04/02/2020,15:45,14.3,14.3,14.29,14.295, 6
04/02/2020,15:45,14.275,14.275,14.23,14.23, 6
04/02/2020,15:51,14.225,14.245,14.225,14.245, 3
04/02/2020,15:51,14.25,14.25,14.235,14.235, 2
04/02/2020,15:52,14.23,14.25,14.19,14.25, 7
04/02/2020,15:52,14.21,14.21,14.21,14.21, 1
04/02/2020,15:59,14.21,14.255,14.21,14.255, 6
04/02/2020,16:00,14.26,14.275,14.26,14.275, 4
04/02/2020,16:04,14.265,14.265,14.265,14.265, 1
04/02/2020,16:14,14.27,14.275,14.27,14.275, 4
04/02/2020,16:15,14.27,14.27,14.27,14.27, 1
04/02/2020,16:20,14.265,14.265,14.265,14.265, 2
04/02/2020,16:22,14.28,14.28,14.27,14.27, 2
04/02/2020,16:23,14.22,14.22,14.22,14.22, 2
04/02/2020,16:23,14.21,14.21,14.21,14.21, 2
04/02/2020,16:25,14.195,14.195,14.195,14.195, 2
04/02/2020,16:25,14.19,14.19,14.185,14.185, 3
04/02/2020,16:26,14.155,14.155,14.155,14.155, 8
04/02/2020,16:26,14.2,14.2,14.2,14.2, 1
04/02/2020,16:31,14.195,14.195,14.195,14.195, 1
04/02/2020,16:36,14.195,14.21,14.195,14.21, 5
04/02/2020,16:39,14.24,14.25,14.24,14.25, 10
04/02/2020,16:39,14.255,14.255,14.25,14.25, 2
04/02/2020,16:44,14.23,14.23,14.23,14.23, 1
04/02/2020,16:46,14.23,14.23,14.23,14.23, 1
04/02/2020,16:48,14.21,14.21,14.21,14.21, 1
04/02/2020,16:53,14.245,14.245,14.245,14.245, 1
04/02/2020,16:59,14.205,14.205,14.205,14.205, 3
04/02/2020,17:00,14.2,14.2,14.2,14.2, 2
04/02/2020,17:03,14.175,14.175,14.175,14.175, 1
04/02/2020,17:04,14.17,14.185,14.17,14.185, 5
04/02/2020,17:06,14.18,14.19,14.18,14.19, 2
04/02/2020,17:09,14.2,14.2,14.2,14.2, 1
04/02/2020,17:18,14.2,14.2,14.2,14.2, 1
04/02/2020,17:20,14.215,14.215,14.215,14.215, 1
04/02/2020,17:27,14.22,14.22,14.22,14.22, 1
04/02/2020,17:34,14.22,14.22,14.22,14.22, 1
04/02/2020,17:40,14.225,14.23,14.225,14.23, 11
04/02/2020,17:42,14.215,14.215,14.195,14.195, 4
04/02/2020,17:43,14.175,14.19,14.175,14.19, 3
04/02/2020,17:47,14.205,14.205,14.205,14.205, 1
04/02/2020,17:53,14.205,14.205,14.205,14.205, 1
04/02/2020,17:54,14.22,14.22,14.22,14.22, 1
04/02/2020,18:01,14.225,14.225,14.225,14.225, 1
04/02/2020,18:01,14.225,14.225,14.225,14.225, 5
04/02/2020,18:04,14.23,14.235,14.23,14.235, 3
04/02/2020,18:05,14.235,14.235,14.235,14.235, 6
04/02/2020,18:07,14.205,14.23,14.205,14.23, 2
04/02/2020,18:09,14.215,14.215,14.21,14.21, 3
04/02/2020,18:12,14.225,14.225,14.225,14.225, 3
04/02/2020,18:14,14.24,14.24,14.24,14.24, 1
04/02/2020,18:21,14.245,14.245,14.245,14.245, 1
04/02/2020,18:25,14.245,14.25,14.245,14.25, 8
04/02/2020,18:28,14.255,14.255,14.255,14.255, 1
04/02/2020,18:30,14.26,14.26,14.26,14.26, 1
04/02/2020,18:33,14.265,14.265,14.265,14.265, 5
04/02/2020,18:35,14.265,14.265,14.265,14.265, 1
04/02/2020,18:37,14.25,14.27,14.25,14.27, 3
04/02/2020,18:42,14.25,14.25,14.215,14.215, 2
04/02/2020,18:47,14.23,14.23,14.23,14.23, 1
04/02/2020,18:48,14.25,14.25,14.25,14.25, 1
04/02/2020,18:51,14.245,14.245,14.245,14.245, 1
04/02/2020,18:54,14.24,14.24,14.235,14.235, 2
04/02/2020,18:55,14.245,14.245,14.245,14.245, 1
04/02/2020,19:00,14.25,14.25,14.25,14.25, 1
04/02/2020,19:02,14.255,14.255,14.255,14.255, 1
04/02/2020,19:03,14.255,14.255,14.255,14.255, 1
04/02/2020,19:08,14.255,14.255,14.255,14.255, 1
04/02/2020,19:15,14.255,14.255,14.255,14.255, 1
04/02/2020,19:17,14.255,14.255,14.255,14.255, 2
04/02/2020,19:21,14.26,14.26,14.26,14.26, 2
04/02/2020,19:22,14.26,14.26,14.26,14.26, 1
04/02/2020,19:23,14.24,14.24,14.235,14.235, 2
04/02/2020,19:29,14.25,14.26,14.25,14.26, 4
04/02/2020,19:31,14.25,14.25,14.245,14.245, 6
04/02/2020,19:33,14.24,14.24,14.24,14.24, 6
04/02/2020,19:35,14.245,14.245,14.245,14.245, 1
04/02/2020,19:42,14.25,14.25,14.25,14.25, 1
04/02/2020,19:44,14.23,14.23,14.225,14.225, 5
04/02/2020,19:46,14.25,14.25,14.25,14.25, 1
04/02/2020,19:46,14.255,14.255,14.255,14.255, 1
04/02/2020,19:47,14.26,14.26,14.26,14.26, 1
04/02/2020,19:49,14.265,14.265,14.265,14.265, 1
04/02/2020,19:52,14.265,14.27,14.265,14.27, 5
04/02/2020,19:53,14.27,14.27,14.27,14.27, 1
04/02/2020,19:54,14.26,14.26,14.26,14.26, 2
04/02/2020,19:56,14.265,14.265,14.265,14.265, 1
04/02/2020,19:57,14.25,14.25,14.25,14.25, 1
04/02/2020,20:01,14.25,14.25,14.25,14.25, 2
04/02/2020,20:01,14.26,14.26,14.26,14.26, 1
04/02/2020,20:03,14.265,14.265,14.265,14.265, 1
04/02/2020,20:08,14.25,14.25,14.24,14.245, 7
04/02/2020,20:09,14.26,14.26,14.26,14.26, 1
04/02/2020,20:12,14.235,14.235,14.235,14.235, 1
04/02/2020,20:14,14.255,14.26,14.245,14.26, 5
04/02/2020,20:15,14.255,14.255,14.235,14.245, 12
04/02/2020,20:15,14.24,14.255,14.24,14.255, 2
04/02/2020,20:19,14.25,14.25,14.25,14.25, 2
04/02/2020,20:20,14.255,14.27,14.255,14.27, 13
04/02/2020,20:20,14.27,14.27,14.255,14.255, 2
04/03/2020,02:38,14.3,14.3,14.3,14.3, 1
04/03/2020,02:42,14.3,14.3,14.3,14.3, 1
04/03/2020,02:45,14.305,14.305,14.305,14.305, 1
04/03/2020,02:47,14.305,14.305,14.305,14.305, 1
04/03/2020,03:00,14.305,14.305,14.305,14.305, 1
04/03/2020,03:07,14.3,14.305,14.3,14.305, 3
04/03/2020,03:10,14.31,14.31,14.31,14.31, 1
04/03/2020,03:30,14.28,14.28,14.28,14.28, 1
04/03/2020,03:58,14.31,14.31,14.31,14.31, 1
04/03/2020,15:31,14.32,14.32,14.32,14.32, 2
04/03/2020,15:32,14.27,14.335,14.27,14.335, 12
04/03/2020,15:33,14.34,14.485,14.34,14.455, 108
04/03/2020,15:33,14.475,14.485,14.475,14.485, 9
04/03/2020,15:34,14.48,14.535,14.48,14.53, 36
04/03/2020,15:35,14.535,14.54,14.535,14.54, 9
04/03/2020,15:37,14.495,14.545,14.495,14.545, 15
04/03/2020,15:38,14.55,14.59,14.55,14.57, 36
04/03/2020,15:39,14.575,14.575,14.57,14.57, 14
04/03/2020,15:40,14.58,14.595,14.58,14.595, 5
04/03/2020,15:41,14.57,14.57,14.57,14.57, 1
04/03/2020,15:44,14.57,14.585,14.57,14.585, 5
04/03/2020,15:45,14.595,14.655,14.595,14.655, 28
04/03/2020,15:45,14.655,14.655,14.635,14.635, 3
04/03/2020,15:46,14.63,14.63,14.59,14.59, 9
04/03/2020,15:47,14.595,14.595,14.585,14.585, 2
04/03/2020,15:48,14.6,14.6,14.6,14.6, 2
04/03/2020,15:49,14.625,14.625,14.625,14.625, 1
04/03/2020,15:51,14.63,14.65,14.63,14.635, 10
04/03/2020,15:53,14.635,14.65,14.635,14.65, 5
04/03/2020,15:54,14.635,14.635,14.625,14.625, 3
04/03/2020,15:55,14.635,14.665,14.635,14.665, 5
04/03/2020,15:56,14.67,14.675,14.67,14.675, 7
04/03/2020,15:57,14.68,14.68,14.68,14.68, 2
04/03/2020,15:58,14.665,14.665,14.645,14.645, 9
04/03/2020,15:59,14.655,14.655,14.645,14.645, 5
04/03/2020,15:59,14.64,14.645,14.64,14.645, 3
04/03/2020,16:01,14.64,14.65,14.625,14.625, 4
04/03/2020,16:02,14.645,14.645,14.645,14.645, 1
04/03/2020,16:02,14.65,14.65,14.65,14.65, 1
04/03/2020,16:04,14.645,14.645,14.645,14.645, 1
04/03/2020,16:04,14.645,14.645,14.645,14.645, 1
04/03/2020,16:06,14.645,14.645,14.645,14.645, 1
04/03/2020,16:06,14.635,14.635,14.635,14.635, 2
04/03/2020,16:07,14.64,14.64,14.615,14.615, 18
04/03/2020,16:08,14.62,14.62,14.62,14.62, 1
04/03/2020,16:11,14.61,14.61,14.61,14.61, 1
04/03/2020,16:12,14.61,14.61,14.6,14.6, 3
04/03/2020,16:13,14.595,14.595,14.555,14.555, 12
04/03/2020,16:20,14.59,14.59,14.585,14.59, 3
04/03/2020,16:23,14.595,14.605,14.595,14.605, 5
04/03/2020,16:30,14.575,14.575,14.575,14.575, 2
04/03/2020,16:33,14.6,14.6,14.6,14.6, 2
04/03/2020,16:36,14.58,14.58,14.575,14.575, 4
04/03/2020,16:36,14.56,14.56,14.56,14.56, 3
04/03/2020,16:43,14.56,14.56,14.555,14.555, 3
04/03/2020,16:50,14.585,14.59,14.585,14.59, 13
04/03/2020,16:51,14.59,14.59,14.59,14.59, 1
04/03/2020,16:53,14.55,14.55,14.55,14.55, 1
04/03/2020,16:55,14.545,14.545,14.495,14.495, 12
04/03/2020,16:57,14.555,14.555,14.555,14.555, 3
04/03/2020,17:06,14.54,14.54,14.54,14.54, 1
04/03/2020,17:09,14.55,14.565,14.55,14.565, 5
04/03/2020,17:12,14.53,14.53,14.53,14.53, 1
04/03/2020,17:12,14.525,14.525,14.525,14.525, 1
04/03/2020,17:13,14.53,14.53,14.51,14.51, 4
04/03/2020,17:15,14.51,14.52,14.51,14.52, 3
04/03/2020,17:22,14.52,14.52,14.52,14.52, 3
04/03/2020,17:25,14.52,14.52,14.52,14.52, 1
04/03/2020,17:26,14.515,14.515,14.515,14.515, 1
04/03/2020,17:33,14.52,14.52,14.52,14.52, 5
04/03/2020,17:39,14.54,14.54,14.54,14.54, 1
04/03/2020,17:42,14.545,14.565,14.545,14.565, 14
04/03/2020,17:44,14.575,14.575,14.575,14.575, 3
04/03/2020,17:46,14.58,14.595,14.58,14.595, 4
04/03/2020,17:48,14.59,14.59,14.59,14.59, 1
04/03/2020,17:49,14.595,14.595,14.575,14.575, 6
04/03/2020,17:51,14.595,14.595,14.595,14.595, 1
04/03/2020,17:52,14.595,14.595,14.595,14.595, 2
04/03/2020,17:54,14.59,14.59,14.59,14.59, 1
04/03/2020,17:58,14.57,14.57,14.57,14.57, 1
04/03/2020,17:59,14.58,14.58,14.58,14.58, 1
04/03/2020,18:00,14.58,14.58,14.58,14.58, 2
04/03/2020,18:01,14.56,14.56,14.56,14.56, 3
04/03/2020,18:02,14.555,14.555,14.545,14.545, 6
04/03/2020,18:03,14.545,14.545,14.545,14.545, 4
04/03/2020,18:14,14.545,14.545,14.545,14.545, 2
04/03/2020,18:34,14.57,14.57,14.57,14.57, 1
04/03/2020,18:37,14.57,14.575,14.57,14.57, 4
04/03/2020,18:37,14.57,14.57,14.57,14.57, 1
04/03/2020,18:38,14.57,14.57,14.57,14.57, 1
04/03/2020,18:53,14.57,14.57,14.57,14.57, 1
04/03/2020,18:54,14.575,14.575,14.575,14.575, 1
04/03/2020,19:00,14.58,14.58,14.58,14.58, 2
04/03/2020,19:02,14.565,14.565,14.55,14.55, 7
04/03/2020,19:05,14.565,14.565,14.565,14.565, 1
04/03/2020,19:16,14.57,14.57,14.57,14.57, 1
04/03/2020,19:20,14.575,14.575,14.575,14.575, 1
04/03/2020,19:21,14.58,14.58,14.565,14.58, 13
04/03/2020,19:21,14.57,14.57,14.565,14.565, 3
04/03/2020,19:28,14.575,14.575,14.565,14.565, 3
04/03/2020,19:33,14.56,14.56,14.555,14.555, 2
04/03/2020,19:46,14.55,14.55,14.55,14.55, 3
04/03/2020,19:46,14.56,14.56,14.56,14.56, 1
04/03/2020,19:58,14.54,14.565,14.54,14.565, 2
04/03/2020,20:02,14.56,14.56,14.54,14.54, 3
04/03/2020,20:06,14.54,14.54,14.54,14.54, 2
04/03/2020,20:12,14.54,14.54,14.54,14.54, 1
04/03/2020,20:13,14.54,14.54,14.54,14.54, 2
04/03/2020,20:15,14.55,14.55,14.55,14.55, 1
04/03/2020,20:15,14.555,14.555,14.545,14.545, 2
04/03/2020,20:17,14.545,14.545,14.545,14.545, 2
04/03/2020,20:18,14.545,14.545,14.545,14.545, 2
04/03/2020,20:20,14.545,14.56,14.545,14.56, 3
04/06/2020,02:01,14.61,14.61,14.61,14.61, 2
04/06/2020,02:05,14.6,14.61,14.6,14.61, 3
04/06/2020,02:11,14.61,14.625,14.61,14.625, 4
04/06/2020,02:21,14.595,14.595,14.595,14.595, 1
04/06/2020,02:23,14.62,14.62,14.62,14.62, 2
04/06/2020,02:24,14.63,14.63,14.625,14.625, 2
04/06/2020,02:26,14.64,14.64,14.64,14.64, 1
04/06/2020,02:32,14.635,14.64,14.635,14.64, 2
04/06/2020,02:38,14.635,14.635,14.635,14.635, 1
04/06/2020,02:42,14.63,14.635,14.63,14.635, 3
04/06/2020,02:44,14.64,14.64,14.64,14.64, 1
04/06/2020,02:45,14.64,14.64,14.64,14.64, 4
04/06/2020,02:46,14.64,14.64,14.625,14.625, 4
04/06/2020,03:15,14.635,14.64,14.635,14.64, 4
04/06/2020,03:16,14.635,14.635,14.635,14.635, 4
04/06/2020,03:43,14.635,14.635,14.635,14.635, 1
04/06/2020,03:47,14.64,14.64,14.64,14.64, 1
04/06/2020,03:50,14.64,14.64,14.64,14.64, 2
04/06/2020,03:52,14.64,14.64,14.64,14.64, 1
04/06/2020,03:53,14.64,14.65,14.64,14.65, 7
04/06/2020,03:54,14.66,14.665,14.66,14.665, 6
04/06/2020,03:55,14.67,14.685,14.67,14.685, 6
04/06/2020,03:56,14.65,14.65,14.65,14.65, 1
04/06/2020,15:31,14.685,14.73,14.665,14.685, 26
04/06/2020,15:32,14.71,14.71,14.69,14.69, 13
04/06/2020,15:33,14.705,14.705,14.675,14.675, 7
04/06/2020,15:34,14.67,14.69,14.67,14.68, 6
04/06/2020,15:36,14.705,14.71,14.68,14.7, 11
04/06/2020,15:39,14.69,14.69,14.69,14.69, 1
04/06/2020,15:42,14.68,14.68,14.68,14.68, 3
04/06/2020,15:42,14.675,14.675,14.675,14.675, 3
04/06/2020,15:44,14.67,14.675,14.665,14.675, 3
04/06/2020,15:44,14.67,14.67,14.67,14.67, 1
04/06/2020,15:47,14.67,14.67,14.67,14.67, 1
04/06/2020,15:48,14.665,14.665,14.655,14.655, 2
04/06/2020,15:48,14.65,14.65,14.65,14.65, 1
04/06/2020,15:54,14.64,14.7,14.64,14.7, 19
04/06/2020,15:55,14.7,14.7,14.7,14.7, 6
04/06/2020,16:00,14.695,14.695,14.695,14.695, 1
04/06/2020,16:01,14.695,14.695,14.69,14.69, 2
04/06/2020,16:02,14.7,14.7,14.7,14.7, 1
04/06/2020,16:04,14.7,14.705,14.7,14.705, 4
04/06/2020,16:05,14.71,14.71,14.71,14.71, 10
04/06/2020,16:05,14.71,14.71,14.705,14.705, 3
04/06/2020,16:08,14.695,14.695,14.69,14.69, 2
04/06/2020,16:12,14.715,14.73,14.715,14.725, 16
04/06/2020,16:13,14.725,14.73,14.725,14.73, 4
04/06/2020,16:14,14.715,14.715,14.715,14.715, 2
04/06/2020,16:15,14.71,14.71,14.705,14.705, 3
04/06/2020,16:15,14.7,14.705,14.7,14.705, 3
04/06/2020,16:20,14.705,14.705,14.705,14.705, 2
04/06/2020,16:26,14.69,14.69,14.68,14.68, 3
04/06/2020,16:27,14.705,14.705,14.705,14.705, 2
04/06/2020,16:30,14.705,14.705,14.705,14.705, 1
04/06/2020,16:30,14.695,14.695,14.695,14.695, 1
04/06/2020,16:34,14.695,14.695,14.695,14.695, 3
04/06/2020,16:36,14.69,14.69,14.68,14.68, 6
04/06/2020,16:39,14.68,14.69,14.68,14.69, 2
04/06/2020,16:40,14.69,14.69,14.69,14.69, 6
04/06/2020,16:46,14.675,14.675,14.66,14.66, 4
04/06/2020,16:48,14.65,14.65,14.65,14.65, 1
04/06/2020,16:50,14.66,14.675,14.655,14.675, 4
04/06/2020,16:52,14.695,14.695,14.695,14.695, 1
04/06/2020,16:53,14.7,14.7,14.7,14.7, 1
04/06/2020,16:57,14.695,14.695,14.69,14.69, 3
04/06/2020,16:58,14.7,14.7,14.7,14.7, 1
04/06/2020,17:00,14.69,14.69,14.69,14.69, 1
04/06/2020,17:02,14.69,14.69,14.685,14.685, 2
04/06/2020,17:05,14.695,14.695,14.695,14.695, 1
04/06/2020,17:11,14.7,14.7,14.7,14.7, 2
04/06/2020,17:17,14.695,14.7,14.695,14.7, 3
04/06/2020,17:19,14.695,14.695,14.695,14.695, 2
04/06/2020,17:23,14.7,14.7,14.7,14.7, 1
04/06/2020,17:26,14.7,14.7,14.7,14.7, 1
04/06/2020,17:30,14.7,14.705,14.695,14.7, 7
04/06/2020,17:32,14.705,14.72,14.705,14.72, 23
04/06/2020,17:33,14.72,14.72,14.715,14.715, 2
04/06/2020,17:36,14.72,14.72,14.72,14.72, 1
04/06/2020,17:37,14.72,14.72,14.715,14.715, 2
04/06/2020,17:40,14.72,14.72,14.72,14.72, 1
04/06/2020,17:42,14.72,14.72,14.72,14.72, 1
04/06/2020,17:48,14.72,14.72,14.72,14.72, 2
04/06/2020,17:53,14.72,14.72,14.72,14.72, 2
04/06/2020,17:54,14.72,14.72,14.72,14.72, 2
04/06/2020,18:02,14.72,14.72,14.71,14.71, 10
04/06/2020,18:05,14.705,14.705,14.705,14.705, 2
04/06/2020,18:06,14.72,14.72,14.72,14.72, 1
04/06/2020,18:10,14.72,14.72,14.695,14.695, 6
04/06/2020,18:12,14.7,14.7,14.7,14.7, 1
04/06/2020,18:13,14.705,14.705,14.7,14.7, 2
04/06/2020,18:19,14.7,14.7,14.7,14.7, 2
04/06/2020,18:20,14.7,14.7,14.7,14.7, 1
04/06/2020,18:21,14.695,14.695,14.665,14.665, 12
04/06/2020,18:23,14.67,14.67,14.665,14.665, 5
04/06/2020,18:25,14.68,14.68,14.68,14.68, 1
04/06/2020,18:26,14.685,14.685,14.685,14.685, 2
04/06/2020,18:29,14.675,14.675,14.675,14.675, 1
04/06/2020,18:31,14.675,14.675,14.675,14.675, 1
04/06/2020,18:32,14.68,14.68,14.68,14.68, 1
04/06/2020,18:35,14.68,14.68,14.68,14.68, 2
04/06/2020,18:37,14.69,14.69,14.69,14.69, 2
04/06/2020,18:38,14.69,14.69,14.69,14.69, 1
04/06/2020,18:41,14.68,14.68,14.68,14.68, 1
04/06/2020,18:43,14.69,14.69,14.69,14.69, 1
04/06/2020,18:43,14.69,14.69,14.69,14.69, 1
04/06/2020,18:46,14.69,14.7,14.69,14.7, 3
04/06/2020,18:50,14.7,14.7,14.7,14.7, 1
04/06/2020,18:56,14.7,14.7,14.7,14.7, 1
04/06/2020,18:57,14.7,14.7,14.7,14.7, 3
04/06/2020,19:02,14.7,14.7,14.7,14.7, 1
04/06/2020,19:07,14.7,14.7,14.7,14.7, 4
04/06/2020,19:08,14.7,14.7,14.7,14.7, 2
04/06/2020,19:14,14.7,14.7,14.7,14.7, 1
04/06/2020,19:16,14.7,14.705,14.7,14.705, 6
04/06/2020,19:20,14.71,14.725,14.71,14.725, 9
04/06/2020,19:22,14.725,14.725,14.725,14.725, 1
04/06/2020,19:23,14.725,14.73,14.725,14.73, 4
04/06/2020,19:24,14.73,14.73,14.73,14.73, 1
04/06/2020,19:27,14.73,14.73,14.73,14.73, 7
04/06/2020,19:29,14.735,14.74,14.735,14.74, 16
04/06/2020,19:30,14.74,14.74,14.74,14.74, 1
04/06/2020,19:33,14.73,14.73,14.72,14.72, 5
04/06/2020,19:36,14.725,14.725,14.725,14.725, 2
04/06/2020,19:37,14.735,14.735,14.735,14.735, 1
04/06/2020,19:39,14.725,14.725,14.725,14.725, 1
04/06/2020,19:40,14.73,14.73,14.73,14.73, 1
04/06/2020,19:44,14.73,14.73,14.73,14.73, 1
04/06/2020,19:45,14.73,14.735,14.73,14.735, 2
04/06/2020,19:47,14.73,14.73,14.73,14.73, 1
04/06/2020,19:47,14.73,14.73,14.73,14.73, 1
04/06/2020,19:51,14.73,14.73,14.725,14.725, 5
04/06/2020,19:52,14.715,14.715,14.715,14.715, 2
04/06/2020,19:55,14.72,14.72,14.72,14.72, 1
04/06/2020,19:58,14.725,14.725,14.725,14.725, 1
04/06/2020,19:59,14.725,14.725,14.725,14.725, 2
04/06/2020,20:00,14.71,14.71,14.71,14.71, 1
04/06/2020,20:02,14.725,14.725,14.725,14.725, 2
04/06/2020,20:03,14.715,14.715,14.715,14.715, 3
04/06/2020,20:05,14.715,14.725,14.715,14.725, 11
04/06/2020,20:05,14.715,14.715,14.715,14.715, 2
04/06/2020,20:10,14.72,14.72,14.72,14.72, 1
04/06/2020,20:11,14.71,14.715,14.71,14.715, 3
04/06/2020,20:13,14.715,14.715,14.715,14.715, 2
04/06/2020,20:14,14.715,14.715,14.715,14.715, 4
04/06/2020,20:15,14.68,14.68,14.68,14.68, 1
04/06/2020,20:17,14.67,14.67,14.66,14.66, 3
04/06/2020,20:18,14.655,14.655,14.655,14.655, 1
04/06/2020,20:20,14.645,14.645,14.645,14.645, 1
04/07/2020,02:01,14.64,14.64,14.555,14.565, 39
04/07/2020,02:11,14.56,14.56,14.56,14.56, 1
04/07/2020,02:18,14.565,14.565,14.565,14.565, 1
04/07/2020,02:23,14.565,14.565,14.565,14.565, 1
04/07/2020,02:35,14.565,14.565,14.56,14.56, 2
04/07/2020,02:42,14.565,14.565,14.565,14.565, 1
04/07/2020,02:52,14.6,14.615,14.6,14.615, 4
04/07/2020,02:59,14.615,14.615,14.615,14.615, 1
04/07/2020,02:59,14.645,14.66,14.645,14.66, 4
04/07/2020,03:17,14.615,14.615,14.615,14.615, 4
04/07/2020,03:23,14.6,14.6,14.6,14.6, 1
04/07/2020,15:31,14.65,14.655,14.595,14.595, 5
04/07/2020,15:32,14.585,14.605,14.43,14.44, 39
04/07/2020,15:33,14.43,14.43,14.43,14.43, 1
04/07/2020,15:35,14.45,14.45,14.45,14.45, 2
04/07/2020,15:36,14.45,14.465,14.45,14.465, 3
04/07/2020,15:38,14.455,14.455,14.43,14.43, 9
04/07/2020,15:39,14.43,14.43,14.355,14.355, 8
04/07/2020,15:40,14.355,14.39,14.295,14.3, 19
04/07/2020,15:41,14.255,14.255,14.23,14.23, 10
04/07/2020,15:41,14.255,14.3,14.255,14.3, 2
04/07/2020,15:42,14.26,14.26,14.235,14.235, 10
04/07/2020,15:42,14.235,14.235,14.23,14.23, 6
04/07/2020,15:43,14.235,14.235,14.23,14.23, 6
04/07/2020,15:44,14.23,14.23,14.23,14.23, 1
04/07/2020,15:49,14.29,14.295,14.29,14.295, 3
04/07/2020,15:49,14.295,14.3,14.295,14.3, 3
04/07/2020,15:50,14.315,14.315,14.315,14.315, 1
04/07/2020,15:51,14.325,14.345,14.325,14.335, 8
04/07/2020,15:52,14.335,14.335,14.33,14.33, 4
04/07/2020,15:53,14.325,14.325,14.285,14.285, 13
04/07/2020,15:56,14.27,14.27,14.27,14.27, 1
04/07/2020,15:58,14.275,14.275,14.275,14.275, 2
04/07/2020,15:59,14.255,14.255,14.235,14.235, 2
04/07/2020,16:02,14.23,14.23,14.095,14.095, 7
04/07/2020,16:03,14.065,14.065,14.065,14.065, 1
04/07/2020,16:04,14.065,14.065,14.065,14.065, 5
04/07/2020,16:05,14.1,14.125,14.08,14.125, 5
04/07/2020,16:06,14.125,14.14,14.125,14.14, 3
04/07/2020,16:06,14.14,14.145,14.14,14.145, 2
04/07/2020,16:07,14.145,14.165,14.145,14.165, 35
04/07/2020,16:08,14.17,14.17,14.145,14.145, 6
04/07/2020,16:08,14.145,14.145,14.145,14.145, 5
04/07/2020,16:09,14.155,14.155,14.155,14.155, 1
04/07/2020,16:12,14.155,14.155,14.155,14.155, 1
04/07/2020,16:12,14.17,14.17,14.17,14.17, 2
04/07/2020,16:14,14.175,14.175,14.175,14.175, 1
04/07/2020,16:15,14.175,14.175,14.155,14.155, 7
04/07/2020,16:17,14.15,14.15,14.15,14.15, 1
04/07/2020,16:22,14.185,14.21,14.185,14.21, 6
04/07/2020,16:22,14.21,14.22,14.21,14.22, 4
04/07/2020,16:23,14.23,14.23,14.23,14.23, 1
04/07/2020,16:24,14.24,14.24,14.23,14.23, 5
04/07/2020,16:25,14.215,14.215,14.21,14.21, 10
04/07/2020,16:26,14.21,14.21,14.21,14.21, 5
04/07/2020,16:27,14.21,14.21,14.21,14.21, 5
04/07/2020,16:28,14.22,14.24,14.22,14.24, 6
04/07/2020,16:29,14.2,14.2,14.2,14.2, 1
04/07/2020,16:33,14.24,14.255,14.24,14.255, 6
04/07/2020,16:35,14.25,14.27,14.25,14.27, 4
04/07/2020,16:35,14.255,14.255,14.25,14.25, 2
04/07/2020,16:36,14.275,14.28,14.275,14.28, 5
04/07/2020,16:38,14.295,14.295,14.265,14.265, 4
04/07/2020,16:40,14.265,14.265,14.265,14.265, 1
04/07/2020,16:47,14.305,14.305,14.305,14.305, 1
04/07/2020,16:52,14.305,14.305,14.305,14.305, 2
04/07/2020,16:53,14.31,14.335,14.31,14.335, 3
04/07/2020,16:55,14.34,14.34,14.34,14.34, 1
04/07/2020,16:56,14.31,14.345,14.31,14.345, 2
04/07/2020,16:57,14.36,14.39,14.36,14.39, 5
04/07/2020,16:59,14.395,14.4,14.39,14.395, 5
04/07/2020,16:59,14.36,14.36,14.35,14.355, 6
04/07/2020,17:18,14.355,14.355,14.355,14.355, 2
04/07/2020,17:21,14.355,14.355,14.355,14.355, 1
04/07/2020,17:23,14.35,14.355,14.35,14.355, 8
04/07/2020,17:24,14.355,14.385,14.35,14.385, 4
04/07/2020,17:26,14.385,14.395,14.385,14.395, 6
04/07/2020,17:26,14.4,14.43,14.4,14.43, 12
04/07/2020,17:29,14.395,14.395,14.395,14.395, 2
04/07/2020,17:44,14.405,14.405,14.385,14.385, 4
04/07/2020,17:46,14.39,14.395,14.385,14.385, 7
04/07/2020,17:46,14.355,14.355,14.355,14.355, 1
04/07/2020,17:49,14.325,14.325,14.275,14.275, 7
04/07/2020,17:51,14.33,14.36,14.33,14.36, 5
04/07/2020,17:54,14.375,14.38,14.375,14.38, 2
04/07/2020,18:20,14.315,14.315,14.315,14.315, 2
04/07/2020,18:30,14.33,14.33,14.325,14.325, 2
04/07/2020,18:44,14.35,14.35,14.35,14.35, 1
04/07/2020,18:51,14.355,14.355,14.355,14.355, 2
04/07/2020,19:21,14.325,14.325,14.32,14.32, 2
04/07/2020,19:32,14.335,14.335,14.335,14.335, 1
04/07/2020,19:44,14.345,14.345,14.32,14.32, 3
04/07/2020,20:02,14.355,14.355,14.345,14.345, 8
04/07/2020,20:06,14.335,14.335,14.335,14.335, 2
04/07/2020,20:09,14.335,14.335,14.335,14.335, 1
04/07/2020,20:12,14.32,14.33,14.32,14.33, 2
04/07/2020,20:15,14.34,14.34,14.34,14.34, 1
04/07/2020,20:17,14.335,14.335,14.335,14.335, 1
04/07/2020,20:18,14.315,14.315,14.31,14.31, 4
04/07/2020,20:19,14.305,14.305,14.29,14.29, 7
04/07/2020,20:20,14.29,14.29,14.29,14.29, 1
04/08/2020,02:01,14.385,14.385,14.285,14.285, 2
04/08/2020,02:50,14.3,14.3,14.3,14.3, 1
04/08/2020,02:51,14.315,14.315,14.315,14.315, 1
04/08/2020,02:51,14.345,14.345,14.34,14.34, 2
04/08/2020,15:31,14.39,14.39,14.39,14.39, 3
04/08/2020,15:31,14.325,14.325,14.325,14.325, 1
04/08/2020,15:33,14.305,14.305,14.285,14.285, 3
04/08/2020,15:35,14.275,14.28,14.275,14.28, 2
04/08/2020,15:35,14.27,14.28,14.27,14.28, 3
04/08/2020,15:46,14.275,14.275,14.275,14.275, 1
04/08/2020,15:48,14.27,14.275,14.265,14.265, 3
04/08/2020,15:50,14.275,14.275,14.275,14.275, 1
04/08/2020,15:55,14.27,14.305,14.27,14.295, 12
04/08/2020,15:56,14.285,14.285,14.285,14.285, 1
04/08/2020,15:56,14.28,14.285,14.28,14.285, 2
04/08/2020,15:59,14.275,14.275,14.27,14.27, 4
04/08/2020,16:00,14.27,14.27,14.27,14.27, 3
04/08/2020,16:01,14.25,14.25,14.25,14.25, 8
04/08/2020,16:02,14.235,14.235,14.235,14.235, 4
04/08/2020,16:03,14.21,14.21,14.2,14.2, 14
04/08/2020,16:04,14.2,14.205,14.2,14.205, 2
04/08/2020,16:05,14.2,14.21,14.2,14.21, 15
04/08/2020,16:06,14.205,14.205,14.2,14.205, 3
04/08/2020,16:08,14.2,14.2,14.2,14.2, 3
04/08/2020,16:12,14.17,14.19,14.15,14.155, 9
04/08/2020,16:13,14.155,14.155,14.155,14.155, 1
04/08/2020,16:14,14.15,14.15,14.15,14.15, 2
04/08/2020,16:15,14.15,14.15,14.15,14.15, 1
04/08/2020,16:17,14.155,14.19,14.155,14.19, 7
04/08/2020,16:18,14.155,14.16,14.155,14.155, 5
04/08/2020,16:18,14.15,14.15,14.15,14.15, 2
04/08/2020,16:20,14.15,14.15,14.15,14.15, 10
04/08/2020,16:21,14.15,14.15,14.1,14.1, 20
04/08/2020,16:22,14.105,14.11,14.095,14.095, 28
04/08/2020,16:23,14.09,14.09,14.085,14.085, 4
04/08/2020,16:24,14.075,14.075,14.075,14.075, 1
04/08/2020,16:25,14.07,14.07,14.07,14.07, 5
04/08/2020,16:26,14.07,14.08,14.07,14.08, 5
04/08/2020,16:27,14.1,14.155,14.1,14.155, 3
04/08/2020,16:29,14.12,14.12,14.11,14.11, 2
04/08/2020,16:30,14.1,14.1,14.1,14.1, 1
04/08/2020,16:32,14.11,14.135,14.11,14.135, 4
04/08/2020,16:34,14.125,14.125,14.125,14.125, 6
04/08/2020,16:37,14.15,14.15,14.15,14.15, 1
04/08/2020,17:01,14.1,14.1,14.1,14.1, 1
04/08/2020,17:02,14.125,14.125,14.125,14.125, 2
04/08/2020,17:04,14.14,14.16,14.14,14.16, 8
04/08/2020,17:05,14.17,14.205,14.17,14.205, 9
04/08/2020,17:15,14.17,14.17,14.155,14.155, 3
04/08/2020,17:26,14.15,14.15,14.15,14.15, 1
04/08/2020,17:27,14.155,14.155,14.155,14.155, 1
04/08/2020,17:33,14.15,14.15,14.15,14.15, 1
04/08/2020,17:40,14.145,14.145,14.145,14.145, 1
04/08/2020,17:44,14.15,14.15,14.15,14.15, 1
04/08/2020,17:47,14.15,14.15,14.15,14.15, 1
04/08/2020,17:50,14.145,14.145,14.14,14.14, 36
04/08/2020,17:54,14.105,14.105,14.105,14.105, 1
04/08/2020,17:57,14.105,14.105,14.095,14.095, 3
04/08/2020,18:00,14.1,14.1,14.1,14.1, 1
04/08/2020,18:07,14.095,14.095,14.095,14.095, 1
04/08/2020,18:14,14.1,14.1,14.1,14.1, 1
04/08/2020,18:17,14.125,14.125,14.125,14.125, 1
04/08/2020,18:21,14.105,14.105,14.105,14.105, 1
04/08/2020,18:28,14.11,14.11,14.11,14.11, 1
04/08/2020,18:30,14.11,14.11,14.11,14.11, 2
04/08/2020,18:35,14.11,14.11,14.11,14.11, 1
04/08/2020,18:39,14.14,14.14,14.14,14.14, 1
04/08/2020,18:42,14.115,14.115,14.115,14.115, 1
04/08/2020,18:49,14.13,14.13,14.13,14.13, 1
04/08/2020,18:52,14.15,14.15,14.15,14.15, 2
04/08/2020,18:57,14.15,14.165,14.15,14.165, 2
04/08/2020,18:58,14.15,14.15,14.15,14.15, 2
04/08/2020,19:03,14.15,14.15,14.15,14.15, 1
04/08/2020,19:10,14.15,14.15,14.15,14.15, 1
04/08/2020,19:11,14.15,14.15,14.15,14.15, 1
04/08/2020,19:16,14.165,14.175,14.165,14.17, 7
04/08/2020,19:19,14.18,14.185,14.18,14.185, 2
04/08/2020,19:22,14.18,14.185,14.18,14.185, 3
04/08/2020,19:27,14.195,14.2,14.195,14.2, 2
04/08/2020,19:29,14.195,14.195,14.18,14.18, 3
04/08/2020,19:29,14.185,14.185,14.185,14.185, 1
04/08/2020,19:31,14.185,14.185,14.185,14.185, 1
04/08/2020,19:34,14.195,14.195,14.195,14.195, 3
04/08/2020,19:35,14.195,14.195,14.195,14.195, 3
04/08/2020,19:36,14.195,14.195,14.195,14.195, 3
04/08/2020,19:37,14.195,14.195,14.195,14.195, 2
04/08/2020,19:39,14.195,14.195,14.195,14.195, 1
04/08/2020,19:42,14.195,14.2,14.195,14.2, 7
04/08/2020,19:44,14.205,14.21,14.205,14.21, 2
04/08/2020,19:46,14.215,14.255,14.215,14.255, 17
04/08/2020,19:47,14.28,14.285,14.265,14.265, 5
04/08/2020,19:48,14.25,14.25,14.25,14.25, 1
04/08/2020,19:50,14.25,14.25,14.25,14.25, 7
04/08/2020,19:51,14.25,14.25,14.25,14.25, 1
04/08/2020,19:54,14.275,14.28,14.275,14.28, 2
04/08/2020,19:54,14.29,14.29,14.29,14.29, 1
04/08/2020,19:59,14.255,14.255,14.25,14.25, 3
04/08/2020,20:00,14.25,14.25,14.25,14.25, 5
04/08/2020,20:00,14.28,14.285,14.28,14.285, 2
04/08/2020,20:02,14.295,14.305,14.295,14.305, 5
04/08/2020,20:06,14.28,14.28,14.28,14.28, 1
04/08/2020,20:12,14.28,14.28,14.28,14.28, 1
04/08/2020,20:13,14.295,14.295,14.295,14.295, 1
04/08/2020,20:14,14.305,14.31,14.305,14.31, 4
04/08/2020,20:16,14.315,14.325,14.315,14.325, 6
04/08/2020,20:17,14.3,14.3,14.295,14.295, 8
04/08/2020,20:18,14.28,14.28,14.275,14.275, 5
04/08/2020,20:18,14.25,14.25,14.25,14.25, 5
04/08/2020,20:20,14.235,14.235,14.22,14.22, 2
04/09/2020,02:02,14.205,14.205,14.205,14.205, 1
04/09/2020,02:11,14.3,14.3,14.3,14.3, 1
04/09/2020,15:31,14.3,14.3,14.3,14.3, 4
04/09/2020,15:31,14.235,14.235,14.235,14.235, 1
04/09/2020,15:32,14.235,14.275,14.235,14.275, 2
04/09/2020,15:48,14.22,14.22,14.22,14.22, 1
04/09/2020,15:49,14.22,14.22,14.22,14.22, 1
04/09/2020,15:50,14.215,14.215,14.185,14.185, 3
04/09/2020,15:51,14.19,14.225,14.19,14.225, 2
04/09/2020,15:53,14.23,14.23,14.23,14.23, 1
04/09/2020,15:54,14.24,14.245,14.24,14.245, 2
04/09/2020,15:55,14.245,14.245,14.245,14.245, 1
04/09/2020,16:01,14.245,14.245,14.225,14.225, 4
04/09/2020,16:14,14.225,14.225,14.225,14.225, 1
04/09/2020,16:18,14.225,14.225,14.215,14.215, 2
04/09/2020,16:18,14.215,14.215,14.215,14.215, 2
04/09/2020,16:21,14.22,14.22,14.22,14.22, 1
04/09/2020,16:27,14.24,14.24,14.24,14.24, 1
04/09/2020,16:29,14.23,14.23,14.23,14.23, 1
04/09/2020,16:29,14.255,14.265,14.255,14.265, 3
04/09/2020,16:31,14.27,14.27,14.27,14.27, 6
04/09/2020,16:34,14.26,14.26,14.245,14.245, 3
04/09/2020,16:34,14.225,14.225,14.225,14.225, 1
04/09/2020,16:38,14.22,14.22,14.22,14.22, 4
04/09/2020,16:39,14.22,14.22,14.22,14.22, 1
04/09/2020,16:43,14.25,14.25,14.25,14.25, 1
04/09/2020,16:47,14.24,14.24,14.24,14.24, 1
04/09/2020,16:56,14.26,14.265,14.26,14.265, 2
04/09/2020,16:59,14.26,14.26,14.26,14.26, 1
04/09/2020,16:59,14.27,14.27,14.27,14.27, 1
04/09/2020,17:01,14.265,14.265,14.245,14.245, 9
04/09/2020,17:02,14.25,14.25,14.22,14.22, 2
04/09/2020,17:25,14.28,14.28,14.28,14.28, 1
04/09/2020,17:26,14.275,14.275,14.27,14.27, 2
04/09/2020,17:44,14.265,14.265,14.265,14.265, 1
04/09/2020,17:47,14.285,14.295,14.285,14.295, 4
04/09/2020,17:48,14.3,14.3,14.3,14.3, 5
04/09/2020,17:50,14.305,14.315,14.305,14.31, 6
04/09/2020,17:51,14.3,14.3,14.29,14.29, 2
04/09/2020,18:03,14.28,14.28,14.27,14.27, 2
04/09/2020,18:24,14.295,14.295,14.295,14.295, 1
04/09/2020,18:26,14.29,14.29,14.29,14.29, 1
04/09/2020,18:28,14.285,14.285,14.275,14.275, 2
04/09/2020,18:46,14.3,14.3,14.3,14.3, 1
04/09/2020,18:51,14.3,14.3,14.3,14.3, 2
04/09/2020,19:01,14.305,14.305,14.305,14.305, 1
04/09/2020,19:13,14.305,14.305,14.305,14.305, 3
04/09/2020,19:14,14.29,14.295,14.29,14.295, 4
04/09/2020,19:14,14.29,14.29,14.27,14.27, 3
04/09/2020,19:19,14.29,14.29,14.29,14.29, 2
04/09/2020,19:25,14.295,14.295,14.295,14.295, 1
04/09/2020,19:25,14.295,14.295,14.295,14.295, 1
04/09/2020,19:28,14.295,14.295,14.295,14.295, 1
04/09/2020,19:31,14.295,14.3,14.295,14.3, 2
04/09/2020,19:32,14.305,14.305,14.305,14.305, 2
04/09/2020,19:34,14.31,14.31,14.31,14.31, 2
04/09/2020,19:35,14.31,14.315,14.31,14.315, 2
04/09/2020,19:37,14.32,14.32,14.32,14.32, 11
04/09/2020,19:37,14.315,14.315,14.305,14.305, 6
04/09/2020,19:39,14.305,14.31,14.305,14.31, 2
04/09/2020,19:40,14.32,14.32,14.32,14.32, 1
04/09/2020,19:42,14.32,14.32,14.32,14.32, 1
04/09/2020,19:44,14.32,14.32,14.32,14.32, 2
04/09/2020,19:45,14.325,14.34,14.325,14.34, 5
04/09/2020,19:47,14.325,14.325,14.325,14.325, 1
04/09/2020,19:49,14.325,14.355,14.325,14.355, 12
04/09/2020,19:50,14.365,14.37,14.365,14.365, 4
04/09/2020,19:51,14.375,14.375,14.375,14.375, 1
04/09/2020,19:51,14.365,14.365,14.345,14.345, 6
04/09/2020,19:54,14.37,14.375,14.37,14.375, 5
04/09/2020,19:56,14.375,14.375,14.375,14.375, 1
04/09/2020,19:57,14.37,14.37,14.365,14.365, 2
04/09/2020,19:58,14.365,14.365,14.365,14.365, 1
04/09/2020,20:00,14.375,14.375,14.375,14.375, 1
04/09/2020,20:02,14.375,14.38,14.375,14.38, 5
04/09/2020,20:03,14.385,14.425,14.38,14.425, 13
04/09/2020,20:05,14.41,14.425,14.41,14.425, 6
04/09/2020,20:06,14.44,14.475,14.44,14.475, 16
04/09/2020,20:07,14.47,14.485,14.47,14.485, 9
04/09/2020,20:07,14.485,14.495,14.48,14.485, 8
04/09/2020,20:09,14.49,14.49,14.49,14.49, 5
04/09/2020,20:12,14.455,14.455,14.45,14.45, 6
04/09/2020,20:13,14.435,14.45,14.435,14.45, 3
04/09/2020,20:14,14.435,14.48,14.425,14.48, 38
04/09/2020,20:15,14.47,14.52,14.47,14.52, 27
04/09/2020,20:16,14.52,14.545,14.515,14.54, 21
04/09/2020,20:17,14.505,14.505,14.505,14.505, 1
04/09/2020,20:18,14.49,14.545,14.49,14.545, 6
04/09/2020,20:20,14.505,14.515,14.505,14.515, 8
04/13/2020,02:01,14.46,14.475,14.46,14.475, 10
04/13/2020,02:09,14.57,14.57,14.57,14.57, 2
04/13/2020,02:10,14.575,14.575,14.575,14.575, 1
04/13/2020,02:10,14.575,14.575,14.575,14.575, 2
04/13/2020,02:17,14.58,14.58,14.58,14.58, 4
04/13/2020,02:35,14.575,14.575,14.575,14.575, 1
04/13/2020,02:37,14.575,14.575,14.575,14.575, 1
04/13/2020,02:42,14.58,14.58,14.58,14.58, 1
04/13/2020,02:56,14.58,14.58,14.58,14.58, 1
04/13/2020,03:01,14.58,14.585,14.58,14.585, 2
04/13/2020,03:01,14.585,14.585,14.585,14.585, 1
04/13/2020,03:06,14.565,14.565,14.555,14.555, 2
04/13/2020,03:21,14.555,14.555,14.555,14.555, 1
04/13/2020,03:32,14.58,14.58,14.58,14.58, 1
04/13/2020,03:40,14.58,14.58,14.58,14.58, 1
04/13/2020,15:31,14.57,14.585,14.545,14.555, 17
04/13/2020,15:32,14.58,14.58,14.58,14.58, 1
04/13/2020,15:40,14.58,14.605,14.58,14.605, 14
04/13/2020,15:45,14.58,14.58,14.58,14.58, 7
04/13/2020,15:46,14.56,14.56,14.54,14.54, 7
04/13/2020,15:49,14.5,14.5,14.485,14.485, 2
04/13/2020,15:49,14.495,14.495,14.495,14.495, 1
04/13/2020,15:52,14.47,14.49,14.445,14.445, 6
04/13/2020,15:53,14.445,14.445,14.445,14.445, 1
04/13/2020,15:54,14.42,14.455,14.415,14.455, 3
04/13/2020,15:55,14.45,14.45,14.41,14.41, 2
04/13/2020,15:56,14.42,14.42,14.42,14.42, 2
04/13/2020,15:57,14.445,14.455,14.445,14.455, 6
04/13/2020,15:59,14.455,14.47,14.455,14.47, 8
04/13/2020,16:00,14.48,14.48,14.48,14.48, 4
04/13/2020,16:02,14.47,14.475,14.47,14.475, 2
04/13/2020,16:04,14.46,14.46,14.455,14.455, 2
04/13/2020,16:05,14.45,14.48,14.45,14.48, 4
04/13/2020,16:06,14.485,14.5,14.485,14.5, 8
04/13/2020,16:06,14.5,14.5,14.5,14.5, 1
04/13/2020,16:11,14.485,14.495,14.485,14.495, 3
04/13/2020,16:13,14.495,14.51,14.495,14.51, 4
04/13/2020,16:14,14.515,14.515,14.495,14.5, 9
04/13/2020,16:14,14.5,14.5,14.5,14.5, 1
04/13/2020,16:17,14.495,14.515,14.495,14.51, 8
04/13/2020,16:18,14.51,14.54,14.51,14.54, 12
04/13/2020,16:26,14.495,14.495,14.495,14.495, 3
04/13/2020,16:27,14.495,14.515,14.495,14.515, 8
04/13/2020,16:28,14.515,14.52,14.515,14.52, 5
04/13/2020,16:29,14.52,14.55,14.52,14.55, 15
04/13/2020,16:29,14.555,14.565,14.555,14.565, 3
04/13/2020,16:41,14.5,14.5,14.495,14.5, 6
04/13/2020,16:41,14.505,14.52,14.505,14.52, 5
04/13/2020,16:50,14.505,14.505,14.505,14.505, 1
04/13/2020,16:55,14.5,14.5,14.5,14.5, 3
04/13/2020,16:57,14.5,14.53,14.5,14.53, 9
04/13/2020,17:04,14.485,14.485,14.485,14.485, 1
04/13/2020,17:05,14.48,14.48,14.445,14.45, 23
04/13/2020,17:06,14.445,14.445,14.42,14.43, 7
04/13/2020,17:07,14.445,14.445,14.445,14.445, 1
04/13/2020,17:08,14.465,14.465,14.465,14.465, 2
04/13/2020,17:09,14.445,14.445,14.445,14.445, 1
04/13/2020,17:11,14.445,14.445,14.445,14.445, 1
04/13/2020,17:12,14.435,14.435,14.435,14.435, 1
04/13/2020,17:13,14.455,14.455,14.455,14.455, 1
04/13/2020,17:15,14.465,14.465,14.465,14.465, 3
04/13/2020,17:17,14.475,14.475,14.435,14.435, 2
04/13/2020,17:18,14.435,14.435,14.435,14.435, 1
04/13/2020,17:19,14.475,14.48,14.475,14.48, 3
04/13/2020,17:34,14.495,14.495,14.495,14.495, 2
04/13/2020,17:39,14.495,14.5,14.495,14.5, 6
04/13/2020,17:47,14.495,14.5,14.495,14.5, 2
04/13/2020,17:59,14.495,14.495,14.495,14.495, 1
04/13/2020,18:01,14.49,14.495,14.485,14.485, 8
04/13/2020,18:03,14.48,14.48,14.48,14.48, 3
04/13/2020,18:09,14.48,14.485,14.48,14.485, 3
04/13/2020,18:10,14.47,14.47,14.47,14.47, 3
04/13/2020,18:21,14.49,14.505,14.49,14.505, 4
04/13/2020,18:45,14.485,14.485,14.485,14.485, 1
04/13/2020,18:49,14.485,14.485,14.43,14.43, 23
04/13/2020,18:50,14.43,14.45,14.43,14.45, 5
04/13/2020,19:00,14.44,14.44,14.44,14.44, 2
04/13/2020,19:02,14.43,14.43,14.43,14.43, 2
04/13/2020,19:03,14.43,14.43,14.425,14.425, 2
04/13/2020,19:05,14.435,14.44,14.435,14.44, 7
04/13/2020,19:19,14.43,14.43,14.43,14.43, 1
04/13/2020,19:24,14.42,14.42,14.42,14.42, 1
04/13/2020,19:25,14.42,14.42,14.42,14.42, 1
04/13/2020,19:26,14.43,14.43,14.43,14.43, 1
04/13/2020,19:31,14.435,14.44,14.435,14.44, 2
04/13/2020,19:31,14.445,14.45,14.435,14.435, 6
04/13/2020,19:35,14.48,14.48,14.48,14.48, 1
04/13/2020,19:35,14.475,14.475,14.475,14.475, 1
04/13/2020,19:48,14.47,14.47,14.46,14.46, 2
04/13/2020,19:50,14.47,14.47,14.47,14.47, 1
04/13/2020,19:51,14.475,14.475,14.46,14.47, 7
04/13/2020,20:02,14.47,14.47,14.47,14.47, 1
04/13/2020,20:03,14.47,14.47,14.435,14.435, 13
04/13/2020,20:07,14.43,14.43,14.36,14.36, 21
04/13/2020,20:08,14.36,14.36,14.36,14.36, 3
04/13/2020,20:09,14.33,14.33,14.32,14.32, 3
04/13/2020,20:09,14.325,14.355,14.325,14.355, 7
04/13/2020,20:11,14.35,14.35,14.315,14.315, 12
04/13/2020,20:15,14.32,14.32,14.32,14.32, 1
04/13/2020,20:16,14.33,14.335,14.33,14.335, 3
04/13/2020,20:17,14.36,14.365,14.36,14.365, 2
04/14/2020,03:44,14.345,14.345,14.345,14.345, 5
04/14/2020,03:50,14.345,14.345,14.345,14.345, 1
04/14/2020,03:54,14.345,14.345,14.345,14.345, 3
04/14/2020,15:31,14.46,14.46,14.46,14.46, 3
04/14/2020,15:35,14.42,14.425,14.42,14.425, 2
04/14/2020,15:36,14.415,14.415,14.41,14.41, 3
04/14/2020,15:39,14.36,14.36,14.35,14.35, 4
04/14/2020,15:39,14.35,14.35,14.35,14.35, 1
04/14/2020,15:51,14.35,14.35,14.35,14.35, 1
04/14/2020,15:59,14.36,14.375,14.36,14.375, 6
04/14/2020,16:01,14.395,14.4,14.39,14.4, 5
04/14/2020,16:02,14.35,14.365,14.35,14.365, 2
04/14/2020,16:03,14.38,14.38,14.38,14.38, 1
04/14/2020,16:04,14.355,14.355,14.355,14.355, 1
04/14/2020,16:05,14.34,14.34,14.335,14.335, 3
04/14/2020,16:05,14.345,14.345,14.345,14.345, 1
04/14/2020,16:05,14.34,14.34,14.34,14.34, 1
04/14/2020,16:07,14.345,14.345,14.345,14.345, 3
04/14/2020,16:09,14.355,14.355,14.355,14.355, 1
04/14/2020,16:13,14.34,14.34,14.32,14.32, 8
04/14/2020,16:14,14.32,14.335,14.32,14.32, 5
04/14/2020,16:14,14.31,14.31,14.295,14.295, 4
04/14/2020,16:15,14.28,14.28,14.28,14.28, 1
04/14/2020,16:15,14.28,14.28,14.265,14.265, 9
04/14/2020,16:15,14.25,14.27,14.215,14.27, 12
04/14/2020,16:16,14.285,14.285,14.285,14.285, 2
04/14/2020,16:18,14.29,14.29,14.29,14.29, 1
04/14/2020,16:19,14.325,14.325,14.325,14.325, 1
04/14/2020,16:20,14.305,14.305,14.305,14.305, 1
04/14/2020,16:24,14.28,14.28,14.275,14.275, 4
04/14/2020,16:25,14.255,14.255,14.125,14.125, 39
04/14/2020,16:26,14.155,14.155,14.155,14.155, 1
04/14/2020,16:27,14.18,14.18,14.165,14.165, 5
04/14/2020,16:27,14.165,14.165,14.165,14.165, 1
04/14/2020,16:29,14.185,14.185,14.185,14.185, 1
04/14/2020,16:31,14.18,14.18,14.18,14.18, 1
04/14/2020,16:32,14.165,14.165,14.165,14.165, 4
04/14/2020,16:35,14.155,14.155,14.14,14.14, 7
04/14/2020,16:35,14.145,14.145,14.14,14.14, 2
04/14/2020,16:36,14.13,14.15,14.13,14.15, 2
04/14/2020,16:43,14.135,14.135,14.135,14.135, 2
04/14/2020,16:46,14.15,14.155,14.15,14.155, 2
04/14/2020,16:50,14.185,14.185,14.185,14.185, 2
04/14/2020,16:53,14.195,14.2,14.195,14.2, 3
04/14/2020,16:55,14.21,14.21,14.185,14.185, 2
04/14/2020,17:00,14.175,14.195,14.175,14.195, 2
04/14/2020,17:07,14.19,14.19,14.19,14.19, 1
04/14/2020,17:17,14.17,14.17,14.165,14.165, 2
04/14/2020,17:23,14.185,14.19,14.185,14.19, 2
04/14/2020,17:38,14.19,14.19,14.19,14.19, 1
04/14/2020,17:41,14.175,14.175,14.175,14.175, 3
04/14/2020,17:41,14.17,14.175,14.16,14.16, 16
04/14/2020,17:42,14.155,14.155,14.155,14.155, 1
04/14/2020,17:48,14.155,14.155,14.155,14.155, 1
04/14/2020,17:50,14.16,14.16,14.16,14.16, 2
04/14/2020,17:52,14.16,14.16,14.16,14.16, 1
04/14/2020,18:00,14.155,14.155,14.155,14.155, 1
04/14/2020,18:32,14.17,14.17,14.17,14.17, 2
04/14/2020,18:36,14.16,14.185,14.155,14.185, 26
04/14/2020,18:37,14.19,14.19,14.19,14.19, 3
04/14/2020,18:39,14.185,14.185,14.18,14.18, 15
04/14/2020,18:40,14.19,14.215,14.19,14.215, 6
04/14/2020,18:47,14.2,14.2,14.2,14.2, 3
04/14/2020,18:48,14.19,14.19,14.185,14.19, 4
04/14/2020,18:51,14.195,14.195,14.195,14.195, 1
04/14/2020,18:53,14.21,14.215,14.21,14.215, 2
04/14/2020,18:55,14.2,14.2,14.2,14.2, 1
04/14/2020,18:56,14.185,14.19,14.185,14.19, 2
04/14/2020,18:58,14.2,14.21,14.2,14.21, 7
04/14/2020,18:59,14.215,14.24,14.215,14.24, 8
04/14/2020,19:00,14.23,14.23,14.2,14.2, 3
04/14/2020,19:05,14.195,14.195,14.195,14.195, 1
04/14/2020,19:08,14.2,14.21,14.2,14.21, 2
04/14/2020,19:09,14.2,14.2,14.2,14.2, 1
04/14/2020,19:10,14.21,14.21,14.21,14.21, 2
04/14/2020,19:13,14.225,14.225,14.225,14.225, 1
04/14/2020,19:13,14.225,14.225,14.225,14.225, 2
04/14/2020,19:17,14.225,14.225,14.225,14.225, 3
04/14/2020,19:29,14.235,14.235,14.235,14.235, 3
04/14/2020,19:35,14.25,14.26,14.25,14.26, 3
04/14/2020,19:38,14.26,14.26,14.26,14.26, 1
04/14/2020,19:44,14.26,14.26,14.26,14.26, 6
04/14/2020,19:47,14.245,14.245,14.245,14.245, 2
04/14/2020,19:51,14.255,14.26,14.255,14.26, 4
04/14/2020,19:52,14.26,14.26,14.26,14.26, 6
04/14/2020,19:53,14.26,14.27,14.26,14.27, 5
04/14/2020,19:54,14.26,14.26,14.26,14.26, 1
04/14/2020,19:55,14.26,14.27,14.26,14.27, 6
04/14/2020,19:55,14.27,14.27,14.27,14.27, 1
04/14/2020,19:58,14.29,14.3,14.29,14.3, 5
04/14/2020,19:59,14.3,14.3,14.3,14.3, 4
04/14/2020,20:00,14.3,14.3,14.3,14.3, 3
04/14/2020,20:01,14.3,14.3,14.285,14.3, 9
04/14/2020,20:03,14.3,14.3,14.3,14.3, 2
04/14/2020,20:04,14.28,14.285,14.28,14.285, 3
04/14/2020,20:11,14.275,14.275,14.275,14.275, 1
04/14/2020,20:14,14.295,14.295,14.28,14.28, 3
04/14/2020,20:15,14.295,14.295,14.27,14.295, 5
04/14/2020,20:16,14.29,14.29,14.27,14.29, 4
04/14/2020,20:20,14.265,14.265,14.265,14.265, 1
04/15/2020,02:02,14.265,14.265,14.265,14.265, 1
04/15/2020,03:01,14.26,14.26,14.26,14.26, 4
04/15/2020,03:09,14.26,14.26,14.26,14.26, 2
04/15/2020,03:36,14.27,14.27,14.27,14.27, 2
04/15/2020,15:31,14.265,14.27,14.265,14.27, 4
04/15/2020,15:32,14.26,14.285,14.26,14.285, 14
04/15/2020,15:33,14.28,14.28,14.28,14.28, 3
04/15/2020,15:34,14.28,14.28,14.28,14.28, 1
04/15/2020,15:35,14.29,14.295,14.29,14.295, 2
04/15/2020,15:36,14.275,14.275,14.275,14.275, 1
04/15/2020,15:37,14.265,14.265,14.265,14.265, 3
04/15/2020,15:37,14.26,14.26,14.26,14.26, 2
04/15/2020,15:39,14.265,14.265,14.265,14.265, 1
04/15/2020,15:45,14.265,14.265,14.265,14.265, 1
04/15/2020,15:48,14.26,14.26,14.26,14.26, 13
04/15/2020,15:51,14.245,14.245,14.245,14.245, 1
04/15/2020,15:58,14.24,14.24,14.235,14.235, 4
04/15/2020,16:02,14.23,14.23,14.23,14.23, 5
04/15/2020,16:03,14.185,14.185,14.135,14.135, 8
04/15/2020,16:08,14.18,14.18,14.18,14.18, 2
04/15/2020,16:12,14.2,14.2,14.185,14.185, 2
04/15/2020,16:16,14.225,14.255,14.225,14.255, 6
04/15/2020,16:17,14.22,14.235,14.22,14.235, 3
04/15/2020,16:18,14.24,14.24,14.19,14.19, 8
04/15/2020,16:19,14.21,14.21,14.21,14.21, 1
04/15/2020,16:22,14.235,14.235,14.21,14.21, 5
04/15/2020,16:23,14.21,14.215,14.21,14.215, 2
04/15/2020,16:24,14.21,14.21,14.21,14.21, 1
04/15/2020,16:26,14.22,14.22,14.22,14.22, 3
04/15/2020,16:26,14.225,14.225,14.225,14.225, 1
04/15/2020,16:34,14.235,14.235,14.235,14.235, 2
04/15/2020,16:35,14.245,14.25,14.245,14.25, 2
04/15/2020,16:44,14.245,14.245,14.245,14.245, 2
04/15/2020,16:47,14.255,14.265,14.255,14.255, 4
04/15/2020,16:51,14.265,14.265,14.265,14.265, 3
04/15/2020,16:55,14.275,14.275,14.275,14.275, 3
04/15/2020,16:56,14.275,14.275,14.275,14.275, 3
04/15/2020,17:01,14.27,14.27,14.24,14.24, 3
04/15/2020,17:02,14.26,14.26,14.255,14.255, 5
04/15/2020,17:06,14.265,14.275,14.265,14.275, 4
04/15/2020,17:10,14.28,14.285,14.28,14.285, 2
04/15/2020,17:12,14.3,14.31,14.3,14.31, 3
04/15/2020,17:17,14.285,14.285,14.285,14.285, 1
04/15/2020,17:19,14.285,14.305,14.285,14.305, 6
04/15/2020,17:28,14.305,14.315,14.3,14.315, 6
04/15/2020,17:30,14.325,14.33,14.325,14.33, 5
04/15/2020,17:31,14.33,14.33,14.32,14.32, 2
04/15/2020,17:32,14.325,14.335,14.32,14.335, 3
04/15/2020,17:33,14.33,14.335,14.33,14.335, 2
04/15/2020,17:34,14.345,14.345,14.345,14.345, 1
04/15/2020,17:34,14.345,14.345,14.345,14.345, 1
04/15/2020,17:36,14.32,14.32,14.305,14.31, 3
04/15/2020,17:37,14.305,14.315,14.3,14.3, 5
04/15/2020,17:37,14.3,14.3,14.3,14.3, 3
04/15/2020,17:40,14.305,14.305,14.305,14.305, 2
04/15/2020,17:42,14.32,14.34,14.32,14.34, 7
04/15/2020,17:43,14.33,14.345,14.325,14.345, 7
04/15/2020,17:43,14.35,14.35,14.35,14.35, 2
04/15/2020,17:46,14.355,14.355,14.355,14.355, 1
04/15/2020,17:47,14.345,14.345,14.34,14.34, 5
04/15/2020,17:54,14.325,14.325,14.325,14.325, 15
04/15/2020,17:59,14.31,14.31,14.31,14.31, 1
04/15/2020,18:04,14.31,14.31,14.31,14.31, 1
04/15/2020,18:06,14.315,14.315,14.315,14.315, 1
04/15/2020,18:10,14.31,14.31,14.31,14.31, 1
04/15/2020,18:12,14.325,14.325,14.325,14.325, 1
04/15/2020,18:15,14.33,14.335,14.33,14.335, 2
04/15/2020,18:21,14.32,14.32,14.32,14.32, 1
04/15/2020,18:28,14.31,14.31,14.305,14.305, 2
04/15/2020,18:29,14.3,14.3,14.3,14.3, 3
04/15/2020,18:29,14.3,14.3,14.3,14.3, 2
04/15/2020,18:37,14.305,14.305,14.305,14.305, 2
04/15/2020,18:39,14.305,14.305,14.305,14.305, 2
04/15/2020,18:40,14.305,14.305,14.3,14.3, 3
04/15/2020,18:43,14.3,14.3,14.3,14.3, 1
04/15/2020,18:45,14.3,14.31,14.3,14.31, 3
04/15/2020,18:56,14.31,14.31,14.31,14.31, 2
04/15/2020,18:57,14.31,14.31,14.31,14.31, 1
04/15/2020,18:57,14.305,14.305,14.305,14.305, 1
04/15/2020,18:59,14.3,14.3,14.3,14.3, 3
04/15/2020,19:11,14.3,14.3,14.3,14.3, 2
04/15/2020,19:11,14.3,14.3,14.28,14.28, 9
04/15/2020,19:23,14.29,14.29,14.29,14.29, 1
04/15/2020,19:28,14.295,14.295,14.295,14.295, 4
04/15/2020,19:33,14.3,14.335,14.25,14.25, 27
04/15/2020,19:39,14.29,14.29,14.29,14.29, 1
04/15/2020,19:41,14.25,14.25,14.25,14.25, 1
04/15/2020,19:54,14.27,14.27,14.25,14.25, 3
04/15/2020,19:56,14.25,14.25,14.25,14.25, 1
04/15/2020,20:09,14.25,14.25,14.24,14.24, 6
04/15/2020,20:10,14.22,14.22,14.195,14.195, 3
04/15/2020,20:15,14.2,14.2,14.185,14.185, 13
04/15/2020,20:16,14.235,14.235,14.235,14.235, 3
04/15/2020,20:18,14.19,14.19,14.19,14.19, 1
04/15/2020,20:20,14.235,14.235,14.235,14.235, 1
04/16/2020,02:01,14.27,14.27,14.27,14.27, 2
04/16/2020,02:25,14.27,14.27,14.27,14.27, 1
04/16/2020,03:42,14.275,14.275,14.275,14.275, 1
04/16/2020,15:31,14.29,14.295,14.27,14.27, 4
04/16/2020,15:33,14.26,14.26,14.255,14.255, 2
04/16/2020,15:33,14.24,14.24,14.24,14.24, 1
04/16/2020,15:38,14.26,14.31,14.26,14.31, 4
04/16/2020,15:39,14.32,14.33,14.32,14.33, 2
04/16/2020,15:40,14.335,14.335,14.335,14.335, 1
04/16/2020,15:42,14.32,14.32,14.32,14.32, 2
04/16/2020,15:44,14.295,14.295,14.295,14.295, 1
04/16/2020,15:45,14.3,14.3,14.3,14.3, 1
04/16/2020,15:51,14.255,14.27,14.255,14.27, 2
04/16/2020,15:52,14.265,14.265,14.255,14.255, 4
04/16/2020,15:55,14.28,14.28,14.28,14.28, 1
04/16/2020,16:00,14.27,14.27,14.26,14.26, 2
04/16/2020,16:07,14.26,14.26,14.26,14.26, 1
04/16/2020,16:09,14.255,14.255,14.255,14.255, 1
04/16/2020,16:15,14.255,14.255,14.255,14.255, 1
04/16/2020,16:30,14.28,14.28,14.28,14.28, 1
04/16/2020,16:36,14.29,14.295,14.29,14.295, 2
04/16/2020,16:47,14.28,14.28,14.28,14.28, 1
04/16/2020,16:47,14.28,14.28,14.28,14.28, 2
04/16/2020,16:49,14.29,14.29,14.29,14.29, 1
04/16/2020,16:58,14.29,14.29,14.29,14.29, 1
04/16/2020,17:00,14.285,14.285,14.285,14.285, 1
04/16/2020,17:07,14.295,14.295,14.295,14.295, 1
04/16/2020,17:12,14.295,14.295,14.295,14.295, 1
04/16/2020,17:13,14.3,14.3,14.3,14.3, 3
04/16/2020,17:15,14.305,14.305,14.305,14.305, 5
04/16/2020,17:16,14.31,14.31,14.305,14.31, 12
04/16/2020,17:23,14.3,14.3,14.3,14.3, 1
04/16/2020,17:27,14.31,14.31,14.31,14.31, 1
04/16/2020,17:31,14.305,14.305,14.305,14.305, 1
04/16/2020,17:34,14.3,14.3,14.3,14.3, 1
04/16/2020,17:40,14.315,14.32,14.315,14.32, 3
04/16/2020,17:41,14.315,14.315,14.315,14.315, 2
04/16/2020,17:43,14.32,14.32,14.31,14.31, 5
04/16/2020,17:44,14.3,14.3,14.3,14.3, 2
04/16/2020,17:51,14.3,14.3,14.3,14.3, 3
04/16/2020,17:51,14.305,14.305,14.3,14.3, 4
04/16/2020,18:00,14.28,14.28,14.28,14.28, 1
04/16/2020,18:01,14.28,14.28,14.27,14.27, 2
04/16/2020,18:03,14.27,14.27,14.27,14.27, 1
04/16/2020,18:15,14.27,14.27,14.27,14.27, 1
04/16/2020,18:16,14.27,14.27,14.27,14.27, 1
04/16/2020,18:30,14.27,14.27,14.27,14.27, 2
04/16/2020,18:45,14.275,14.275,14.275,14.275, 1
04/16/2020,18:48,14.275,14.28,14.275,14.28, 3
04/16/2020,18:50,14.29,14.295,14.29,14.295, 3
04/16/2020,18:59,14.295,14.295,14.28,14.285, 6
04/16/2020,19:09,14.29,14.29,14.29,14.29, 1
04/16/2020,19:09,14.295,14.295,14.295,14.295, 5
04/16/2020,19:13,14.295,14.3,14.295,14.3, 7
04/16/2020,19:15,14.305,14.305,14.305,14.305, 1
04/16/2020,19:16,14.3,14.3,14.3,14.3, 3
04/16/2020,19:18,14.285,14.285,14.285,14.285, 1
04/16/2020,19:36,14.31,14.325,14.31,14.325, 4
04/16/2020,19:36,14.32,14.335,14.32,14.335, 3
04/16/2020,19:41,14.315,14.315,14.315,14.315, 2
04/16/2020,19:42,14.31,14.31,14.3,14.3, 4
04/16/2020,19:43,14.295,14.3,14.295,14.3, 2
04/16/2020,19:44,14.3,14.31,14.3,14.31, 2
04/16/2020,20:05,14.32,14.32,14.32,14.32, 1
04/16/2020,20:07,14.325,14.325,14.325,14.325, 1
04/17/2020,02:04,14.365,14.375,14.365,14.375, 3
04/17/2020,02:12,14.355,14.355,14.355,14.355, 1
04/17/2020,02:21,14.375,14.38,14.375,14.38, 2
04/17/2020,02:42,14.375,14.375,14.375,14.375, 2
04/17/2020,03:28,14.35,14.35,14.35,14.35, 1
04/17/2020,03:42,14.35,14.35,14.35,14.35, 1
04/17/2020,03:47,14.355,14.355,14.355,14.355, 1
04/17/2020,03:51,14.365,14.38,14.365,14.38, 8
04/17/2020,15:31,14.335,14.345,14.335,14.345, 3
04/17/2020,15:31,14.36,14.405,14.36,14.405, 2
04/17/2020,15:34,14.37,14.38,14.37,14.38, 2
04/17/2020,15:36,14.405,14.435,14.405,14.435, 11
04/17/2020,15:41,14.405,14.405,14.405,14.405, 1
04/17/2020,15:42,14.46,14.46,14.46,14.46, 1
04/17/2020,15:58,14.435,14.44,14.435,14.44, 5
04/17/2020,15:59,14.45,14.45,14.45,14.45, 1
04/17/2020,16:01,14.45,14.45,14.45,14.45, 1
04/17/2020,16:08,14.445,14.445,14.445,14.445, 1
04/17/2020,16:09,14.44,14.44,14.44,14.44, 1
04/17/2020,16:09,14.435,14.435,14.435,14.435, 1
04/17/2020,16:10,14.435,14.435,14.435,14.435, 1
04/17/2020,16:58,14.435,14.445,14.435,14.445, 2
04/17/2020,16:59,14.45,14.45,14.45,14.45, 2
04/17/2020,17:18,14.415,14.415,14.415,14.415, 3
04/17/2020,17:31,14.435,14.435,14.435,14.435, 1
04/17/2020,17:36,14.415,14.415,14.415,14.415, 1
04/17/2020,17:47,14.435,14.435,14.435,14.435, 2
04/17/2020,17:53,14.435,14.435,14.435,14.435, 2
04/17/2020,17:55,14.435,14.435,14.435,14.435, 1
04/17/2020,17:56,14.435,14.435,14.435,14.435, 1
04/17/2020,17:58,14.425,14.425,14.425,14.425, 1
04/17/2020,18:02,14.425,14.43,14.425,14.43, 2
04/17/2020,18:07,14.445,14.45,14.445,14.45, 5
04/17/2020,18:09,14.455,14.46,14.44,14.46, 24
04/17/2020,18:10,14.445,14.46,14.445,14.46, 19
04/17/2020,18:17,14.45,14.455,14.45,14.455, 4
04/17/2020,18:30,14.45,14.45,14.45,14.45, 2
04/17/2020,18:49,14.43,14.43,14.43,14.43, 1
04/17/2020,18:52,14.42,14.425,14.42,14.425, 2
04/17/2020,19:12,14.45,14.455,14.45,14.455, 2
04/17/2020,19:17,14.455,14.455,14.455,14.455, 1
04/17/2020,19:29,14.445,14.445,14.445,14.445, 1
04/17/2020,19:47,14.465,14.5,14.465,14.5, 9
04/17/2020,19:50,14.515,14.515,14.515,14.515, 2
04/17/2020,20:06,14.5,14.5,14.5,14.5, 1
04/17/2020,20:09,14.5,14.5,14.5,14.5, 2
04/17/2020,20:11,14.51,14.51,14.49,14.505, 11
04/17/2020,20:11,14.485,14.485,14.47,14.475, 4
04/17/2020,20:16,14.48,14.515,14.475,14.5, 10
04/17/2020,20:17,14.5,14.5,14.5,14.5, 1
04/17/2020,20:18,14.5,14.5,14.5,14.5, 1
04/17/2020,20:19,14.505,14.505,14.505,14.505, 1
04/17/2020,20:20,14.5,14.5,14.5,14.5, 2

