04/01/2020,15:31,5.33,5.33,5.33,5.33, 448
04/01/2020,15:36,5.3,5.3,5.3,5.3, 2849
04/01/2020,15:37,5.3,5.3,5.3,5.3, 551
04/01/2020,15:39,5.29,5.295,5.21,5.21, 2700
04/01/2020,15:39,5.234,5.234,5.213,5.213, 1559
04/01/2020,15:43,5.35,5.35,5.35,5.35, 100
04/01/2020,15:48,5.3,5.3,5.3,5.3, 100
04/01/2020,15:53,5.36,5.36,5.36,5.36, 100
04/01/2020,16:01,5.322,5.322,5.322,5.322, 2022
04/01/2020,16:03,5.31,5.31,5.31,5.31, 100
04/01/2020,16:06,5.3,5.3,5.22,5.235, 6125
04/01/2020,16:16,5.235,5.235,5.235,5.235, 100
04/01/2020,16:22,5.235,5.235,5.235,5.235, 100
04/01/2020,16:26,5.243,5.243,5.243,5.243, 2700
04/01/2020,16:29,5.235,5.235,5.235,5.235, 100
04/01/2020,16:31,5.25,5.25,5.24,5.24, 500
04/01/2020,16:33,5.262,5.262,5.262,5.262, 100
04/01/2020,16:35,5.26,5.26,5.26,5.26, 100
04/01/2020,16:42,5.26,5.26,5.26,5.26, 100
04/01/2020,16:46,5.27,5.27,5.27,5.27, 900
04/01/2020,16:48,5.28,5.28,5.28,5.28, 2800
04/01/2020,16:56,5.33,5.33,5.33,5.33, 100
04/01/2020,17:02,5.36,5.36,5.36,5.36, 100
04/01/2020,17:03,5.355,5.355,5.355,5.355, 100
04/01/2020,17:04,5.34,5.34,5.34,5.34, 7213
04/01/2020,17:14,5.365,5.365,5.365,5.365, 100
04/01/2020,17:22,5.355,5.355,5.355,5.355, 100
04/01/2020,17:29,5.355,5.355,5.355,5.355, 100
04/01/2020,17:37,5.355,5.355,5.355,5.355, 100
04/01/2020,17:38,5.35,5.35,5.35,5.35, 900
04/01/2020,17:45,5.345,5.345,5.345,5.345, 100
04/01/2020,17:49,5.35,5.35,5.35,5.35, 375
04/01/2020,17:53,5.345,5.345,5.345,5.345, 100
04/01/2020,18:02,5.345,5.345,5.345,5.345, 100
04/01/2020,18:04,5.34,5.34,5.34,5.34, 600
04/01/2020,18:11,5.345,5.345,5.345,5.345, 100
04/01/2020,18:13,5.35,5.35,5.35,5.35, 100
04/01/2020,18:16,5.345,5.345,5.345,5.345, 500
04/01/2020,18:20,5.345,5.345,5.345,5.345, 100
04/01/2020,18:30,5.345,5.345,5.345,5.345, 100
04/01/2020,18:37,5.34,5.34,5.34,5.34, 600
04/01/2020,18:39,5.347,5.347,5.347,5.347, 1200
04/01/2020,18:40,5.345,5.345,5.345,5.345, 176
04/01/2020,18:43,5.344,5.344,5.34,5.342, 2808
04/01/2020,19:00,5.34,5.34,5.34,5.34, 600
04/01/2020,19:01,5.35,5.367,5.34,5.367, 2474
04/01/2020,19:13,5.34,5.34,5.34,5.34, 200
04/01/2020,19:13,5.32,5.32,5.3,5.3, 1203
04/01/2020,19:22,5.32,5.32,5.32,5.32, 420
04/01/2020,19:34,5.332,5.332,5.332,5.332, 606
04/01/2020,19:39,5.306,5.306,5.306,5.306, 100
04/01/2020,20:50,5.312,5.312,5.312,5.312, 1398
04/01/2020,20:53,5.32,5.32,5.32,5.32, 375
04/01/2020,21:44,5.32,5.347,5.32,5.347, 830
04/01/2020,21:48,5.32,5.32,5.32,5.32, 100
04/01/2020,22:00,5.32,5.32,5.32,5.32, 323
04/02/2020,15:31,5.37,5.37,5.37,5.37, 1145
04/02/2020,16:03,5.38,5.38,5.38,5.38, 100
04/02/2020,16:09,5.4,5.4,5.4,5.4, 900
04/02/2020,16:10,5.43,5.43,5.43,5.43, 100
04/02/2020,16:19,5.46,5.46,5.4,5.424, 5000
04/02/2020,16:21,5.481,5.481,5.481,5.481, 157
04/02/2020,16:24,5.48,5.48,5.48,5.48, 1000
04/02/2020,16:26,5.478,5.478,5.478,5.478, 1000
04/02/2020,16:37,5.479,5.479,5.479,5.479, 100
04/02/2020,18:37,5.529,5.529,5.529,5.529, 1150
04/02/2020,19:16,5.51,5.521,5.495,5.495, 673
04/02/2020,19:37,5.54,5.54,5.54,5.54, 600
04/02/2020,19:57,5.494,5.494,5.49,5.49, 600
04/02/2020,20:13,5.55,5.55,5.55,5.55, 168
04/02/2020,20:43,5.525,5.525,5.525,5.525, 500
04/02/2020,21:05,5.5,5.55,5.5,5.55, 2800
04/02/2020,21:06,5.55,5.55,5.55,5.55, 200
04/02/2020,21:14,5.535,5.55,5.535,5.535, 1013
04/02/2020,21:16,5.535,5.55,5.529,5.535, 1422
04/02/2020,21:27,5.535,5.535,5.535,5.535, 105
04/02/2020,21:36,5.52,5.52,5.52,5.52, 500
04/02/2020,21:43,5.54,5.54,5.51,5.51, 700
04/02/2020,21:45,5.5,5.5,5.43,5.43, 8400
04/02/2020,21:50,5.465,5.465,5.465,5.465, 111
04/02/2020,21:55,5.43,5.43,5.43,5.43, 100
04/02/2020,21:56,5.475,5.475,5.475,5.475, 181
04/02/2020,21:57,5.475,5.475,5.376,5.47, 6501
04/02/2020,22:00,5.33,5.33,5.33,5.33, 275
04/02/2020,22:01,5.44,5.46,5.4,5.46, 618
04/03/2020,15:31,5.38,5.38,5.38,5.38, 201
04/03/2020,15:45,5.34,5.35,5.34,5.34, 300
04/03/2020,15:53,5.35,5.37,5.34,5.37, 4379
04/03/2020,16:30,5.34,5.34,5.34,5.34, 100
04/03/2020,16:50,5.34,5.34,5.34,5.34, 130
04/03/2020,16:52,5.35,5.35,5.35,5.35, 100
04/03/2020,16:58,5.34,5.34,5.34,5.34, 100
04/03/2020,17:12,5.34,5.34,5.34,5.34, 266
04/03/2020,17:46,5.375,5.375,5.375,5.375, 330
04/03/2020,17:48,5.35,5.373,5.35,5.35, 637
04/03/2020,17:50,5.351,5.351,5.351,5.351, 167
04/03/2020,17:53,5.35,5.35,5.35,5.35, 1200
04/03/2020,18:21,5.375,5.375,5.375,5.375, 202
04/03/2020,19:25,5.388,5.388,5.388,5.388, 100
04/03/2020,19:27,5.35,5.35,5.34,5.34, 1526
04/03/2020,19:40,5.34,5.34,5.32,5.32, 6435
04/03/2020,20:11,5.36,5.37,5.36,5.37, 400
04/03/2020,21:14,5.34,5.34,5.34,5.34, 200
04/03/2020,21:21,5.32,5.362,5.32,5.345, 823
04/03/2020,21:24,5.32,5.332,5.32,5.332, 2000
04/03/2020,21:49,5.32,5.32,5.32,5.32, 200
04/03/2020,21:58,5.37,5.37,5.37,5.37, 3000
04/03/2020,22:00,5.32,5.32,5.32,5.32, 198
04/06/2020,15:31,5.3,5.3,5.3,5.3, 522
04/06/2020,16:14,5.31,5.31,5.31,5.31, 100
04/06/2020,16:28,5.4,5.4,5.35,5.398, 4090
04/06/2020,16:29,5.41,5.41,5.4,5.4, 200
04/06/2020,16:31,5.4,5.4,5.4,5.4, 200
04/06/2020,16:37,5.4,5.4,5.4,5.4, 234
04/06/2020,17:18,5.43,5.43,5.43,5.43, 300
04/06/2020,17:47,5.414,5.414,5.414,5.414, 1500
04/06/2020,17:47,5.43,5.43,5.43,5.43, 300
04/06/2020,18:12,5.462,5.462,5.462,5.462, 200
04/06/2020,18:21,5.44,5.46,5.44,5.46, 1087
04/06/2020,18:35,5.475,5.5,5.475,5.5, 4100
04/06/2020,18:43,5.5,5.5,5.5,5.5, 4100
04/06/2020,18:50,5.5,5.5,5.5,5.5, 2000
04/06/2020,19:03,5.482,5.482,5.482,5.482, 2000
04/06/2020,19:05,5.492,5.492,5.492,5.492, 300
04/06/2020,19:06,5.458,5.458,5.458,5.458, 3000
04/06/2020,19:07,5.45,5.49,5.45,5.466, 6766
04/06/2020,19:28,5.53,5.53,5.53,5.53, 100
04/06/2020,19:34,5.505,5.505,5.505,5.505, 187
04/06/2020,19:55,5.54,5.59,5.54,5.59, 4662
04/06/2020,20:00,5.6,5.6,5.6,5.6, 1700
04/06/2020,20:02,5.605,5.605,5.605,5.605, 400
04/06/2020,20:04,5.61,5.65,5.61,5.65, 2700
04/06/2020,20:10,5.61,5.65,5.61,5.64, 4126
04/06/2020,20:28,5.633,5.633,5.633,5.633, 700
04/06/2020,20:48,5.638,5.638,5.638,5.638, 300
04/06/2020,21:10,5.655,5.655,5.655,5.655, 400
04/06/2020,21:20,5.61,5.68,5.61,5.64, 3700
04/06/2020,21:20,5.61,5.61,5.6,5.6, 1000
04/06/2020,21:30,5.53,5.53,5.53,5.53, 100
04/06/2020,21:33,5.53,5.53,5.53,5.53, 100
04/06/2020,21:36,5.53,5.53,5.53,5.53, 100
04/06/2020,21:38,5.53,5.53,5.53,5.53, 100
04/06/2020,21:40,5.57,5.57,5.57,5.57, 1000
04/06/2020,21:41,5.53,5.53,5.53,5.53, 100
04/06/2020,21:43,5.53,5.53,5.53,5.53, 100
04/06/2020,21:45,5.53,5.53,5.53,5.53, 100
04/06/2020,21:47,5.53,5.53,5.53,5.53, 100
04/06/2020,21:49,5.53,5.53,5.53,5.53, 100
04/06/2020,21:51,5.53,5.53,5.53,5.53, 100
04/06/2020,21:52,5.57,5.57,5.57,5.57, 100
04/06/2020,21:53,5.55,5.55,5.55,5.55, 100
04/06/2020,21:54,5.55,5.55,5.55,5.55, 100
04/06/2020,21:55,5.575,5.575,5.575,5.575, 100
04/06/2020,21:56,5.55,5.575,5.55,5.575, 200
04/06/2020,21:57,5.58,5.58,5.58,5.58, 100
04/06/2020,21:58,5.56,5.56,5.56,5.56, 100
04/06/2020,21:58,5.56,5.56,5.56,5.56, 100
04/06/2020,21:59,5.56,5.56,5.56,5.56, 100
04/06/2020,22:00,5.56,5.56,5.56,5.56, 100
04/06/2020,22:00,5.56,5.56,5.56,5.56, 300
04/07/2020,15:31,5.8,5.8,5.8,5.8, 392
04/07/2020,15:44,5.648,5.708,5.62,5.648, 8698
04/07/2020,16:06,5.938,5.938,5.938,5.938, 400
04/07/2020,16:08,5.83,5.83,5.83,5.83, 600
04/07/2020,16:13,5.84,5.84,5.79,5.79, 900
04/07/2020,16:14,5.79,5.79,5.79,5.79, 100
04/07/2020,16:33,5.82,5.82,5.82,5.82, 100
04/07/2020,16:35,5.805,5.805,5.805,5.805, 100
04/07/2020,17:06,5.79,5.794,5.79,5.794, 1870
04/07/2020,17:19,5.8,5.8,5.8,5.8, 1200
04/07/2020,17:53,5.78,5.78,5.78,5.78, 517
04/07/2020,17:58,5.8,5.8,5.8,5.8, 200
04/07/2020,18:08,5.78,5.78,5.78,5.78, 300
04/07/2020,18:11,5.8,5.8,5.8,5.8, 356
04/07/2020,18:16,5.783,5.783,5.783,5.783, 541
04/07/2020,18:20,5.785,5.785,5.785,5.785, 673
04/07/2020,18:42,5.8,5.8,5.8,5.8, 100
04/07/2020,18:45,5.76,5.785,5.76,5.76, 700
04/07/2020,18:50,5.803,5.803,5.803,5.803, 200
04/07/2020,19:14,5.792,5.792,5.792,5.792, 1555
04/07/2020,19:22,5.76,5.76,5.76,5.76, 500
04/07/2020,19:36,5.782,5.782,5.782,5.782, 125
04/07/2020,19:41,5.777,5.777,5.777,5.777, 400
04/07/2020,19:44,5.785,5.785,5.785,5.785, 250
04/07/2020,19:46,5.78,5.78,5.78,5.78, 250
04/07/2020,20:03,5.777,5.777,5.76,5.76, 600
04/07/2020,20:21,5.79,5.79,5.79,5.79, 1000
04/07/2020,20:36,5.76,5.76,5.76,5.76, 100
04/07/2020,20:40,5.76,5.76,5.75,5.75, 1600
04/07/2020,20:41,5.75,5.75,5.73,5.74, 1100
04/07/2020,20:49,5.79,5.79,5.79,5.79, 500
04/07/2020,20:52,5.7,5.7,5.7,5.7, 100
04/07/2020,21:01,5.7,5.7,5.7,5.7, 100
04/07/2020,21:09,5.7,5.7,5.7,5.7, 100
04/07/2020,21:14,5.7,5.7,5.7,5.7, 100
04/07/2020,21:20,5.72,5.72,5.7,5.7, 1292
04/07/2020,21:21,5.675,5.675,5.64,5.64, 300
04/07/2020,21:27,5.64,5.64,5.64,5.64, 100
04/07/2020,21:35,5.64,5.64,5.64,5.64, 100
04/07/2020,21:39,5.64,5.64,5.64,5.64, 100
04/07/2020,21:44,5.64,5.671,5.64,5.671, 615
04/07/2020,21:48,5.64,5.64,5.64,5.64, 200
04/07/2020,21:52,5.64,5.64,5.64,5.64, 100
04/07/2020,21:56,5.64,5.64,5.64,5.64, 300
04/07/2020,22:00,5.64,5.64,5.64,5.64, 100
04/07/2020,22:01,5.64,5.68,5.64,5.68, 771
04/08/2020,15:31,5.73,5.73,5.73,5.73, 540
04/08/2020,15:44,5.747,5.747,5.747,5.747, 300
04/08/2020,15:54,5.79,5.79,5.79,5.79, 135
04/08/2020,15:57,5.77,5.77,5.77,5.77, 700
04/08/2020,16:14,5.78,5.78,5.78,5.78, 200
04/08/2020,16:22,5.8,5.8,5.8,5.8, 100
04/08/2020,16:27,5.82,5.82,5.82,5.82, 200
04/08/2020,16:36,5.85,5.85,5.83,5.83, 400
04/08/2020,16:36,5.815,5.815,5.815,5.815, 400
04/08/2020,16:37,5.815,5.815,5.815,5.815, 300
04/08/2020,16:48,5.815,5.85,5.815,5.85, 646
04/08/2020,16:57,5.85,5.85,5.85,5.85, 100
04/08/2020,17:00,5.821,5.821,5.821,5.821, 1600
04/08/2020,17:18,5.805,5.84,5.805,5.819, 2534
04/08/2020,17:20,5.833,5.833,5.833,5.833, 3000
04/08/2020,17:23,5.805,5.805,5.769,5.805, 380
04/08/2020,17:26,5.777,5.777,5.777,5.777, 649
04/08/2020,17:28,5.76,5.76,5.76,5.76, 100
04/08/2020,17:35,5.76,5.79,5.76,5.77, 300
04/08/2020,17:39,5.765,5.765,5.765,5.765, 400
04/08/2020,17:45,5.76,5.77,5.76,5.77, 400
04/08/2020,17:49,5.76,5.79,5.76,5.79, 300
04/08/2020,17:52,5.76,5.76,5.76,5.76, 100
04/08/2020,17:57,5.775,5.775,5.775,5.775, 115
04/08/2020,18:04,5.74,5.74,5.74,5.74, 200
04/08/2020,18:08,5.77,5.82,5.77,5.82, 3000
04/08/2020,18:17,5.767,5.767,5.767,5.767, 115
04/08/2020,18:20,5.82,5.82,5.8,5.8, 5100
04/08/2020,18:21,5.82,5.83,5.8,5.8, 900
04/08/2020,18:28,5.88,5.88,5.88,5.88, 100
04/08/2020,18:29,5.865,5.865,5.85,5.85, 500
04/08/2020,18:30,5.87,5.87,5.85,5.85, 300
04/08/2020,18:31,5.88,5.88,5.855,5.879, 1200
04/08/2020,18:34,5.88,5.89,5.88,5.88, 500
04/08/2020,18:35,5.936,5.936,5.88,5.88, 570
04/08/2020,18:38,5.88,5.88,5.88,5.88, 294
04/08/2020,18:45,5.88,5.88,5.88,5.88, 408
04/08/2020,18:45,5.88,5.88,5.88,5.88, 100
04/08/2020,18:52,5.88,5.88,5.88,5.88, 414
04/08/2020,18:53,5.88,5.88,5.88,5.88, 100
04/08/2020,18:54,5.88,5.88,5.88,5.88, 341
04/08/2020,18:57,5.88,5.88,5.88,5.88, 100
04/08/2020,19:00,5.88,5.88,5.88,5.88, 100
04/08/2020,19:03,5.88,5.88,5.88,5.88, 100
04/08/2020,19:07,5.88,5.88,5.88,5.88, 323
04/08/2020,19:08,5.88,5.88,5.88,5.88, 100
04/08/2020,19:11,5.88,5.88,5.88,5.88, 621
04/08/2020,19:12,5.88,5.88,5.88,5.88, 253
04/08/2020,19:14,5.88,5.88,5.88,5.88, 400
04/08/2020,19:15,5.85,5.85,5.85,5.85, 100
04/08/2020,19:18,5.83,5.83,5.83,5.83, 100
04/08/2020,19:23,5.83,5.83,5.83,5.83, 100
04/08/2020,19:25,5.81,5.81,5.81,5.81, 425
04/08/2020,19:26,5.81,5.81,5.81,5.81, 100
04/08/2020,19:27,5.84,5.84,5.84,5.84, 1000
04/08/2020,19:30,5.835,5.835,5.824,5.824, 250
04/08/2020,19:31,5.81,5.81,5.81,5.81, 100
04/08/2020,19:33,5.81,5.81,5.81,5.81, 100
04/08/2020,19:37,5.85,5.85,5.85,5.85, 100
04/08/2020,19:38,5.81,5.81,5.81,5.81, 100
04/08/2020,19:40,5.79,5.79,5.79,5.79, 100
04/08/2020,19:46,5.76,5.76,5.76,5.76, 200
04/08/2020,19:48,5.76,5.76,5.76,5.76, 200
04/08/2020,19:53,5.79,5.79,5.79,5.79, 100
04/08/2020,19:55,5.76,5.76,5.76,5.76, 200
04/08/2020,20:01,5.76,5.76,5.76,5.76, 200
04/08/2020,20:03,5.78,5.8,5.78,5.8, 300
04/08/2020,20:06,5.805,5.82,5.805,5.819, 1100
04/08/2020,20:08,5.82,5.82,5.82,5.82, 400
04/08/2020,20:10,5.82,5.82,5.82,5.82, 262
04/08/2020,20:15,5.82,5.82,5.82,5.82, 261
04/08/2020,20:17,5.835,5.86,5.835,5.85, 2515
04/08/2020,20:18,5.845,5.845,5.845,5.845, 1752
04/08/2020,20:22,5.82,5.82,5.82,5.82, 200
04/08/2020,20:26,5.86,5.86,5.86,5.86, 100
04/08/2020,20:30,5.808,5.808,5.808,5.808, 150
04/08/2020,20:30,5.798,5.798,5.798,5.798, 200
04/08/2020,20:37,5.81,5.81,5.8,5.8, 200
04/08/2020,20:42,5.82,5.82,5.82,5.82, 145
04/08/2020,20:47,5.81,5.81,5.81,5.81, 100
04/08/2020,20:54,5.8,5.81,5.8,5.8, 300
04/08/2020,21:02,5.8,5.81,5.8,5.81, 400
04/08/2020,21:06,5.81,5.81,5.81,5.81, 100
04/08/2020,21:09,5.81,5.81,5.81,5.81, 100
04/08/2020,21:17,5.76,5.76,5.76,5.76, 200
04/08/2020,21:19,5.76,5.76,5.76,5.76, 100
04/08/2020,21:24,5.76,5.76,5.76,5.76, 100
04/08/2020,21:25,5.76,5.76,5.76,5.76, 100
04/08/2020,21:31,5.76,5.76,5.76,5.76, 100
04/08/2020,21:32,5.75,5.75,5.75,5.75, 100
04/08/2020,21:33,5.77,5.77,5.77,5.77, 300
04/08/2020,21:38,5.75,5.75,5.75,5.75, 100
04/08/2020,21:45,5.75,5.75,5.75,5.75, 180
04/08/2020,21:46,5.75,5.75,5.75,5.75, 100
04/08/2020,21:51,5.79,5.79,5.79,5.79, 200
04/08/2020,21:53,5.79,5.79,5.79,5.79, 200
04/08/2020,21:57,5.79,5.79,5.79,5.79, 100
04/08/2020,21:58,5.799,5.799,5.799,5.799, 200
04/08/2020,22:00,5.7,5.7,5.7,5.7, 177
04/08/2020,22:01,5.7,5.81,5.7,5.81, 900
04/09/2020,15:31,5.94,5.94,5.94,5.94, 419
04/09/2020,15:44,5.918,5.918,5.918,5.918, 200
04/09/2020,15:55,5.97,5.97,5.97,5.97, 100
04/09/2020,15:58,5.97,5.97,5.97,5.97, 100
04/09/2020,16:05,5.895,5.895,5.895,5.895, 100
04/09/2020,16:09,5.925,5.925,5.925,5.925, 100
04/09/2020,16:29,5.964,5.964,5.964,5.964, 200
04/09/2020,16:38,5.94,5.94,5.931,5.931, 798
04/09/2020,16:39,5.949,5.949,5.949,5.949, 100
04/09/2020,16:49,5.97,5.97,5.97,5.97, 455
04/09/2020,17:19,6.02,6.02,6.02,6.02, 800
04/09/2020,17:26,5.986,5.986,5.986,5.986, 502
04/09/2020,17:29,5.991,5.991,5.931,5.931, 2290
04/09/2020,17:42,6.002,6.002,6.002,6.002, 130
04/09/2020,17:46,6.02,6.02,6.007,6.007, 500
04/09/2020,17:55,6.016,6.016,6.016,6.016, 1000
04/09/2020,17:57,5.961,5.961,5.93,5.93, 900
04/09/2020,18:06,6.02,6.03,6.01,6.01, 986
04/09/2020,18:16,6.01,6.01,6.01,6.01, 100
04/09/2020,18:41,6.06,6.06,6.04,6.04, 800
04/09/2020,18:46,6.053,6.053,6.053,6.053, 331
04/09/2020,18:50,6.062,6.062,6.02,6.02, 209
04/09/2020,18:55,6.02,6.02,6.02,6.02, 100
04/09/2020,19:19,6.05,6.05,6.05,6.05, 100
04/09/2020,19:20,6.05,6.05,6.049,6.049, 400
04/09/2020,19:23,6.09,6.09,6.08,6.084, 682
04/09/2020,19:24,6.055,6.055,6.055,6.055, 100
04/09/2020,19:28,6.03,6.03,6.03,6.03, 100
04/09/2020,19:32,6.04,6.04,6.04,6.04, 100
04/09/2020,19:35,6.083,6.083,6.083,6.083, 100
04/09/2020,19:37,6.04,6.04,6.04,6.04, 100
04/09/2020,19:37,6.06,6.06,6.03,6.03, 1800
04/09/2020,19:54,6.02,6.02,6.02,6.02, 100
04/09/2020,19:59,6.01,6.01,6.01,6.01, 100
04/09/2020,20:02,6.01,6.01,6.01,6.01, 100
04/09/2020,20:06,6.01,6.01,6.01,6.01, 560
04/09/2020,20:13,6.022,6.022,6,6, 800
04/09/2020,20:15,6,6,6,6, 100
04/09/2020,20:18,6,6,6,6, 100
04/09/2020,20:22,6,6,6,6, 100
04/09/2020,20:25,6.031,6.031,6.031,6.031, 100
04/09/2020,20:26,6,6.035,6,6.035, 500
04/09/2020,20:30,6,6,6,6, 100
04/09/2020,20:36,6.01,6.01,6.01,6.01, 100
04/09/2020,20:40,6.04,6.04,6,6, 1500
04/09/2020,20:41,6,6,6,6, 100
04/09/2020,20:46,5.997,5.997,5.97,5.97, 1100
04/09/2020,21:00,6.02,6.02,6.02,6.02, 300
04/09/2020,21:02,6.03,6.03,5.97,5.97, 2000
04/09/2020,21:16,5.96,5.97,5.96,5.96, 400
04/09/2020,21:16,5.95,5.95,5.95,5.95, 100
04/09/2020,21:18,5.95,5.95,5.95,5.95, 100
04/09/2020,21:18,5.985,6.01,5.985,6.01, 200
04/09/2020,21:20,5.96,5.96,5.96,5.96, 100
04/09/2020,21:22,5.95,5.96,5.95,5.95, 700
04/09/2020,21:24,5.95,5.95,5.95,5.95, 300
04/09/2020,21:28,5.92,5.92,5.92,5.92, 100
04/09/2020,21:30,5.92,5.92,5.92,5.92, 100
04/09/2020,21:31,5.95,5.95,5.95,5.95, 100
04/09/2020,21:32,5.95,5.99,5.95,5.99, 1526
04/09/2020,21:34,5.99,5.99,5.99,5.99, 100
04/09/2020,21:35,5.99,5.99,5.99,5.99, 100
04/09/2020,21:38,5.99,5.99,5.99,5.99, 100
04/09/2020,21:39,5.99,5.99,5.99,5.99, 100
04/09/2020,21:41,5.99,5.99,5.99,5.99, 100
04/09/2020,21:43,5.99,5.99,5.99,5.99, 100
04/09/2020,21:45,5.99,5.99,5.99,5.99, 100
04/09/2020,21:46,6,6.02,6,6.02, 1100
04/09/2020,21:48,5.99,5.99,5.99,5.99, 100
04/09/2020,21:48,6.005,6.005,6,6, 800
04/09/2020,21:49,5.99,5.99,5.99,5.99, 100
04/09/2020,21:50,6.005,6.02,5.99,6.005, 3300
04/09/2020,21:51,5.99,5.99,5.99,5.99, 100
04/09/2020,21:53,5.99,5.99,5.99,5.99, 100
04/09/2020,21:55,5.99,5.99,5.99,5.99, 100
04/09/2020,21:57,5.99,5.99,5.99,5.99, 200
04/09/2020,21:58,5.99,5.99,5.99,5.99, 100
04/09/2020,21:59,5.99,5.99,5.99,5.99, 100
04/09/2020,22:00,5.99,5.99,5.99,5.99, 252
04/09/2020,22:01,5.99,6.02,5.99,6.02, 2903
04/13/2020,15:31,6.55,6.55,6.369,6.369, 5969
04/13/2020,15:32,6.35,6.35,6.021,6.17, 4763
04/13/2020,15:35,6.15,6.15,6.15,6.15, 200
04/13/2020,15:41,6.118,6.118,6.118,6.118, 162
04/13/2020,15:41,6.14,6.14,6.14,6.14, 800
04/13/2020,15:43,6.146,6.146,6.146,6.146, 800
04/13/2020,15:45,6.15,6.18,6.15,6.18, 550
04/13/2020,15:46,6.111,6.111,6.111,6.111, 100
04/13/2020,15:48,6.16,6.16,6.16,6.16, 100
04/13/2020,15:56,6.085,6.085,6.085,6.085, 100
04/13/2020,15:57,6.06,6.06,6.06,6.06, 565
04/13/2020,15:58,6.06,6.069,6.02,6.069, 1000
04/13/2020,16:00,6.1,6.1,6.1,6.1, 100
04/13/2020,16:02,6.009,6.009,5.96,5.96, 1935
04/13/2020,16:04,6.06,6.06,5.99,5.99, 531
04/13/2020,16:04,6.06,6.06,6.05,6.06, 500
04/13/2020,16:06,6.09,6.09,6.09,6.09, 100
04/13/2020,16:20,6.041,6.041,6.041,6.041, 1217
04/13/2020,16:23,6.03,6.03,6.03,6.03, 200
04/13/2020,16:25,6.005,6.03,6.005,6.03, 763
04/13/2020,16:40,5.98,5.98,5.98,5.98, 100
04/13/2020,16:52,5.974,5.974,5.974,5.974, 900
04/13/2020,16:57,6.017,6.017,6.017,6.017, 425
04/13/2020,16:59,5.99,5.99,5.99,5.99, 100
04/13/2020,17:12,5.98,5.98,5.98,5.98, 300
04/13/2020,17:38,6,6,6,6, 300
04/13/2020,18:11,6.02,6.02,6.02,6.02, 2000
04/13/2020,18:18,6.02,6.03,6.02,6.03, 460
04/13/2020,18:37,5.984,5.984,5.984,5.984, 3000
04/13/2020,18:49,5.998,5.998,5.998,5.998, 191
04/13/2020,19:04,5.98,5.98,5.98,5.98, 200
04/13/2020,19:06,5.978,5.978,5.978,5.978, 148
04/13/2020,19:07,5.97,5.97,5.97,5.97, 1000
04/13/2020,19:08,5.98,5.98,5.98,5.98, 548
04/13/2020,19:13,6,6,6,6, 239
04/13/2020,19:45,5.987,5.987,5.987,5.987, 105
04/13/2020,19:47,5.983,5.983,5.983,5.983, 200
04/13/2020,20:13,5.99,5.99,5.99,5.99, 700
04/13/2020,20:18,5.98,5.99,5.98,5.99, 418
04/13/2020,20:44,5.98,5.99,5.98,5.99, 300
04/13/2020,20:45,5.98,5.98,5.98,5.98, 900
04/13/2020,21:21,5.98,5.98,5.98,5.98, 1200
04/13/2020,21:28,5.975,5.975,5.975,5.975, 100
04/13/2020,21:39,5.96,5.96,5.96,5.96, 100
04/13/2020,21:41,5.95,5.95,5.95,5.95, 100
04/13/2020,21:48,5.964,5.964,5.95,5.95, 1053
04/13/2020,21:48,5.95,5.95,5.94,5.95, 12377
04/13/2020,22:00,5.99,5.99,5.99,5.99, 200
04/14/2020,15:31,5.86,5.86,5.86,5.86, 2090
04/14/2020,15:45,6.036,6.109,6.036,6.109, 500
04/14/2020,16:30,6.207,6.207,6.207,6.207, 900
04/14/2020,16:31,6.269,6.269,6.269,6.269, 300
04/14/2020,16:37,6.24,6.25,6.205,6.205, 594
04/14/2020,16:50,6.17,6.17,6.1,6.1, 722
04/14/2020,17:13,6.08,6.08,6.06,6.06, 906
04/14/2020,17:36,6.1,6.1,6.1,6.1, 300
04/14/2020,17:37,6.1,6.1,6.1,6.1, 167
04/14/2020,17:47,6.115,6.115,6.115,6.115, 200
04/14/2020,17:50,6.1,6.1,6.05,6.05, 5033
04/14/2020,18:30,6.12,6.12,6.12,6.12, 100
04/14/2020,18:40,6.099,6.099,6.06,6.06, 251
04/14/2020,18:45,6.085,6.085,6.085,6.085, 150
04/14/2020,18:59,6.085,6.085,6.085,6.085, 375
04/14/2020,19:10,6.09,6.09,6.09,6.09, 100
04/14/2020,19:20,6.066,6.066,6.066,6.066, 130
04/14/2020,20:22,6.08,6.08,6.08,6.08, 200
04/14/2020,20:24,6.08,6.08,6.08,6.08, 900
04/14/2020,20:25,6.11,6.11,6.11,6.11, 500
04/14/2020,20:34,6.085,6.085,6.085,6.085, 480
04/14/2020,20:38,6.062,6.062,6.05,6.05, 400
04/14/2020,21:01,6.087,6.087,6.087,6.087, 398
04/14/2020,21:11,6.067,6.067,6.067,6.067, 100
04/14/2020,21:20,6.071,6.071,6.05,6.05, 1385
04/14/2020,21:52,6.05,6.05,6.05,6.05, 300
04/14/2020,21:54,6.07,6.07,6.05,6.07, 2106
04/14/2020,22:00,6.01,6.01,6.01,6.01, 271
04/15/2020,15:31,6,6,6,6, 584
04/15/2020,15:34,6.01,6.01,6.01,6.01, 334
04/15/2020,15:45,6,6,5.99,5.99, 882
04/15/2020,15:56,5.97,5.97,5.97,5.97, 100
04/15/2020,16:11,5.9,5.9,5.86,5.86, 2600
04/15/2020,16:12,5.89,5.89,5.89,5.89, 1000
04/15/2020,16:13,6.01,6.01,6.01,6.01, 200
04/15/2020,16:17,5.935,5.935,5.935,5.935, 100
04/15/2020,16:20,5.998,6.06,5.96,5.97, 9196
04/15/2020,16:20,5.96,5.97,5.96,5.96, 700
04/15/2020,16:24,5.96,5.96,5.95,5.95, 640
04/15/2020,16:26,5.96,5.96,5.95,5.95, 495
04/15/2020,16:27,5.99,5.99,5.95,5.95, 485
04/15/2020,16:28,5.95,5.95,5.95,5.95, 500
04/15/2020,16:50,5.93,5.93,5.93,5.93, 150
04/15/2020,16:54,5.94,5.97,5.94,5.97, 1728
04/15/2020,17:07,5.965,5.965,5.965,5.965, 500
04/15/2020,17:24,5.92,5.92,5.92,5.92, 100
04/15/2020,17:28,6,6,6,6, 100
04/15/2020,17:32,5.94,5.94,5.93,5.93, 600
04/15/2020,17:33,5.93,5.93,5.93,5.93, 400
04/15/2020,17:41,5.939,5.99,5.939,5.99, 300
04/15/2020,17:56,5.97,5.98,5.97,5.98, 1195
04/15/2020,17:59,5.97,5.97,5.97,5.97, 400
04/15/2020,18:14,5.97,5.97,5.97,5.97, 100
04/15/2020,18:20,5.957,5.964,5.957,5.964, 1400
04/15/2020,18:42,5.967,5.967,5.967,5.967, 672
04/15/2020,19:05,5.97,5.97,5.97,5.97, 100
04/15/2020,19:05,5.97,5.97,5.97,5.97, 700
04/15/2020,19:12,5.986,5.986,5.986,5.986, 637
04/15/2020,19:15,5.99,6.05,5.99,6.02, 5673
04/15/2020,19:19,5.97,5.98,5.97,5.97, 539
04/15/2020,19:20,5.97,5.97,5.97,5.97, 656
04/15/2020,19:21,5.97,5.97,5.94,5.94, 300
04/15/2020,19:22,5.981,5.981,5.981,5.981, 200
04/15/2020,19:26,5.93,5.93,5.93,5.93, 145
04/15/2020,20:05,5.95,5.95,5.94,5.94, 700
04/15/2020,20:07,5.94,5.94,5.93,5.93, 562
04/15/2020,20:09,5.93,5.965,5.93,5.965, 854
04/15/2020,20:10,5.93,5.93,5.93,5.93, 636
04/15/2020,20:11,5.93,5.93,5.93,5.93, 555
04/15/2020,20:13,5.93,5.93,5.93,5.93, 671
04/15/2020,20:14,5.93,5.965,5.93,5.965, 850
04/15/2020,20:17,5.93,5.93,5.93,5.93, 1422
04/15/2020,20:18,5.93,5.93,5.92,5.92, 600
04/15/2020,20:56,5.96,5.96,5.96,5.96, 752
04/15/2020,21:40,5.93,5.93,5.92,5.92, 2300
04/15/2020,21:52,5.95,5.95,5.95,5.95, 500
04/15/2020,21:53,5.91,5.91,5.91,5.91, 100
04/15/2020,22:00,5.94,5.94,5.94,5.94, 100
04/16/2020,15:31,5.94,5.94,5.94,5.94, 1742
04/16/2020,15:31,6.034,6.034,6.034,6.034, 355
04/16/2020,15:55,5.95,5.95,5.95,5.95, 600
04/16/2020,15:59,5.88,5.88,5.88,5.88, 100
04/16/2020,16:09,5.86,5.895,5.79,5.79, 10331
04/16/2020,16:09,5.8,5.8,5.8,5.8, 400
04/16/2020,16:10,5.79,5.79,5.78,5.78, 1103
04/16/2020,16:18,5.83,5.83,5.83,5.83, 200
04/16/2020,16:30,5.8,5.8,5.8,5.8, 300
04/16/2020,16:35,5.822,5.822,5.822,5.822, 175
04/16/2020,16:59,5.84,5.87,5.84,5.87, 1199
04/16/2020,17:04,5.867,5.87,5.867,5.87, 719
04/16/2020,17:07,5.858,5.858,5.858,5.858, 267
04/16/2020,17:46,5.9,5.9,5.9,5.9, 101
04/16/2020,18:03,5.875,5.875,5.875,5.875, 200
04/16/2020,18:28,5.88,5.88,5.88,5.88, 400
04/16/2020,18:29,5.88,5.88,5.88,5.88, 200
04/16/2020,18:30,5.88,5.88,5.88,5.88, 100
04/16/2020,18:37,5.89,5.89,5.88,5.88, 1500
04/16/2020,18:37,5.873,5.873,5.873,5.873, 1300
04/16/2020,18:39,5.87,5.87,5.87,5.87, 167
04/16/2020,18:43,5.874,5.874,5.874,5.874, 114
04/16/2020,19:20,5.87,5.87,5.87,5.87, 100
04/16/2020,19:49,5.87,5.875,5.87,5.875, 1578
04/16/2020,20:17,5.86,5.86,5.86,5.86, 100
04/16/2020,20:28,5.87,5.87,5.87,5.87, 500
04/16/2020,20:36,5.869,5.869,5.869,5.869, 100
04/16/2020,21:18,5.903,5.903,5.903,5.903, 673
04/16/2020,21:24,5.91,5.91,5.91,5.91, 1500
04/16/2020,21:26,5.885,5.885,5.885,5.885, 187
04/16/2020,21:35,5.89,5.89,5.89,5.89, 150
04/16/2020,21:39,5.87,5.87,5.87,5.87, 500
04/16/2020,21:42,5.87,5.87,5.87,5.87, 200
04/16/2020,21:46,5.89,5.89,5.89,5.89, 150
04/16/2020,21:46,5.87,5.87,5.87,5.87, 200
04/16/2020,21:54,5.91,5.91,5.91,5.91, 1100
04/16/2020,22:01,5.9,5.9,5.9,5.9, 31119
04/17/2020,15:31,5.84,5.84,5.83,5.84, 700
04/17/2020,15:31,5.84,5.84,5.84,5.84, 100
04/17/2020,15:36,5.84,5.84,5.84,5.84, 100
04/17/2020,16:15,5.861,5.861,5.861,5.861, 899
04/17/2020,16:19,5.861,5.861,5.841,5.841, 700
04/17/2020,16:20,5.872,5.872,5.872,5.872, 700
04/17/2020,16:49,5.853,5.853,5.853,5.853, 105
04/17/2020,17:07,5.88,5.88,5.84,5.857, 555
04/17/2020,17:46,5.863,5.88,5.863,5.88, 1298
04/17/2020,17:58,5.865,5.865,5.865,5.865, 100
04/17/2020,18:02,5.848,5.848,5.848,5.848, 142
04/17/2020,18:12,5.865,5.865,5.865,5.865, 105
04/17/2020,18:23,5.89,5.89,5.89,5.89, 200
04/17/2020,19:03,5.875,5.875,5.875,5.875, 157
04/17/2020,19:18,5.86,5.86,5.86,5.86, 1314
04/17/2020,19:23,5.875,5.875,5.875,5.875, 100
04/17/2020,19:41,5.875,5.875,5.875,5.875, 170
04/17/2020,19:56,5.876,5.876,5.876,5.876, 1500
04/17/2020,19:58,5.84,5.84,5.84,5.84, 200
04/17/2020,20:11,5.893,5.893,5.893,5.893, 100
04/17/2020,20:38,5.89,5.89,5.89,5.89, 200
04/17/2020,20:54,5.89,5.89,5.89,5.89, 500
04/17/2020,20:58,5.85,5.856,5.85,5.85, 5500
04/17/2020,21:12,5.85,5.85,5.85,5.85, 100
04/17/2020,21:17,5.85,5.85,5.85,5.85, 200
04/17/2020,21:18,5.86,5.86,5.86,5.86, 1400
04/17/2020,21:20,5.861,5.861,5.861,5.861, 330
04/17/2020,21:34,5.84,5.84,5.84,5.84, 570
04/17/2020,21:42,5.84,5.88,5.84,5.88, 700
04/17/2020,21:51,5.84,5.84,5.84,5.84, 200
04/17/2020,21:52,5.88,5.88,5.88,5.88, 300
04/17/2020,21:54,5.84,5.84,5.84,5.84, 273
04/17/2020,22:01,5.89,5.89,5.89,5.89, 30900

