02/03/2020,09:01,1.832,1.85,1.832,1.85, 30769
02/03/2020,09:08,1.847,1.847,1.847,1.847, 14
02/03/2020,09:11,1.838,1.838,1.838,1.838, 37083
02/03/2020,09:12,1.838,1.84,1.838,1.84, 3836
02/03/2020,09:13,1.84,1.84,1.838,1.84, 73103
02/03/2020,09:14,1.829,1.838,1.829,1.838, 35975
02/03/2020,09:15,1.838,1.844,1.838,1.844, 1827
02/03/2020,09:16,1.838,1.838,1.838,1.838, 5202
02/03/2020,09:17,1.838,1.838,1.832,1.832, 18630
02/03/2020,09:18,1.834,1.834,1.822,1.822, 4242
02/03/2020,09:20,1.83,1.83,1.83,1.83, 7941
02/03/2020,09:22,1.8193,1.82,1.808,1.808, 55123
02/03/2020,09:27,1.798,1.802,1.798,1.798, 4392
02/03/2020,09:27,1.796,1.796,1.796,1.796, 781
02/03/2020,09:29,1.7985,1.802,1.798,1.802, 6556
02/03/2020,09:31,1.808,1.808,1.808,1.808, 850
02/03/2020,09:32,1.804,1.804,1.8,1.8, 19816
02/03/2020,09:33,1.795,1.795,1.795,1.795, 50000
02/03/2020,09:35,1.804,1.804,1.804,1.804, 3551
02/03/2020,09:36,1.806,1.806,1.806,1.806, 6964
02/03/2020,09:40,1.806,1.81,1.804,1.804, 7168
02/03/2020,09:50,1.812,1.812,1.81,1.81, 3002
02/03/2020,09:53,1.82,1.82,1.81,1.81, 9372
02/03/2020,09:56,1.82,1.82,1.812,1.812, 8195
02/03/2020,09:58,1.816,1.824,1.816,1.82, 10899
02/03/2020,10:00,1.826,1.83,1.824,1.826, 7524
02/03/2020,10:03,1.822,1.822,1.82,1.82, 2093
02/03/2020,10:05,1.82,1.82,1.82,1.82, 100000
02/03/2020,10:09,1.814,1.814,1.814,1.814, 1120
02/03/2020,10:12,1.8215,1.8215,1.808,1.808, 30323
02/03/2020,10:14,1.8175,1.8175,1.814,1.814, 16837
02/03/2020,10:17,1.816,1.818,1.816,1.818, 3847
02/03/2020,10:19,1.82,1.82,1.82,1.82, 1826
02/03/2020,10:21,1.818,1.818,1.818,1.818, 1309
02/03/2020,10:38,1.812,1.812,1.812,1.812, 2252
02/03/2020,10:39,1.812,1.812,1.81,1.81, 6856
02/03/2020,10:41,1.81,1.81,1.81,1.81, 2600
02/03/2020,10:45,1.8105,1.8105,1.8105,1.8105, 2750
02/03/2020,11:18,1.812,1.814,1.812,1.814, 7753
02/03/2020,11:20,1.812,1.812,1.812,1.812, 2000
02/03/2020,11:25,1.81,1.81,1.81,1.81, 4599
02/03/2020,11:26,1.81,1.81,1.81,1.81, 4574
02/03/2020,11:28,1.812,1.812,1.8115,1.8115, 3952
02/03/2020,11:31,1.817,1.817,1.817,1.817, 6000
02/03/2020,11:33,1.8145,1.8145,1.8145,1.8145, 1250
02/03/2020,11:44,1.81,1.81,1.81,1.81, 7914
02/03/2020,11:46,1.812,1.812,1.812,1.812, 2304
02/03/2020,11:49,1.814,1.816,1.814,1.816, 4809
02/03/2020,11:50,1.8165,1.8165,1.8165,1.8165, 50
02/03/2020,12:03,1.8132,1.822,1.8132,1.82, 13270
02/03/2020,12:04,1.8203,1.8203,1.8203,1.8203, 2000
02/03/2020,12:07,1.8245,1.8245,1.8245,1.8245, 2908
02/03/2020,12:13,1.822,1.822,1.822,1.822, 856
02/03/2020,12:24,1.8236,1.8236,1.8236,1.8236, 6000
02/03/2020,12:25,1.8244,1.8244,1.822,1.824, 11818
02/03/2020,12:26,1.8292,1.8292,1.826,1.828, 12589
02/03/2020,12:39,1.826,1.826,1.826,1.826, 6504
02/03/2020,12:49,1.825,1.825,1.825,1.825, 2000
02/03/2020,12:53,1.826,1.826,1.826,1.826, 1
02/03/2020,12:54,1.828,1.8286,1.828,1.828, 11488
02/03/2020,12:58,1.826,1.826,1.826,1.826, 752
02/03/2020,13:18,1.824,1.824,1.8159,1.8159, 25195
02/03/2020,13:33,1.82,1.822,1.82,1.822, 8490
02/03/2020,13:36,1.82,1.82,1.82,1.82, 15528
02/03/2020,13:37,1.82,1.82,1.82,1.82, 1000
02/03/2020,13:38,1.82,1.82,1.82,1.82, 3443
02/03/2020,13:42,1.82,1.82,1.82,1.82, 923
02/03/2020,13:45,1.82,1.82,1.814,1.814, 12765
02/03/2020,13:46,1.8168,1.8168,1.8168,1.8168, 5495
02/03/2020,13:51,1.818,1.818,1.812,1.818, 9367
02/03/2020,13:51,1.82,1.82,1.82,1.82, 2884
02/03/2020,13:55,1.822,1.822,1.822,1.822, 832
02/03/2020,13:59,1.8203,1.8203,1.8203,1.8203, 180
02/03/2020,14:00,1.82,1.82,1.82,1.82, 5480
02/03/2020,14:03,1.824,1.824,1.824,1.824, 798
02/03/2020,14:08,1.82,1.82,1.82,1.82, 11607
02/03/2020,14:11,1.82,1.82,1.82,1.82, 482
02/03/2020,14:16,1.822,1.824,1.822,1.824, 5789
02/03/2020,14:30,1.826,1.826,1.826,1.826, 5000
02/03/2020,14:32,1.8212,1.8212,1.8212,1.8212, 4393
02/03/2020,14:40,1.822,1.824,1.82,1.822, 5997
02/03/2020,14:45,1.822,1.822,1.822,1.822, 1746
02/03/2020,14:47,1.82,1.82,1.82,1.82, 1015
02/03/2020,14:49,1.82,1.82,1.82,1.82, 2116
02/03/2020,14:55,1.818,1.818,1.818,1.818, 2119
02/03/2020,15:08,1.814,1.816,1.814,1.816, 21347
02/03/2020,15:08,1.82,1.82,1.818,1.818, 8458
02/03/2020,15:13,1.816,1.816,1.816,1.816, 6919
02/03/2020,15:34,1.814,1.814,1.8097,1.81, 13713
02/03/2020,15:40,1.814,1.814,1.814,1.814, 580
02/03/2020,15:47,1.81,1.81,1.81,1.81, 345
02/03/2020,15:54,1.812,1.812,1.812,1.812, 902
02/03/2020,15:55,1.812,1.814,1.812,1.814, 2384
02/03/2020,15:57,1.812,1.8121,1.812,1.8121, 5708
02/03/2020,15:58,1.812,1.812,1.81,1.81, 7250
02/03/2020,16:00,1.814,1.814,1.814,1.814, 3177
02/03/2020,16:01,1.814,1.814,1.814,1.814, 3177
02/03/2020,16:02,1.818,1.82,1.818,1.82, 5699
02/03/2020,16:06,1.82,1.82,1.82,1.82, 12629
02/03/2020,16:06,1.82,1.82,1.82,1.82, 5039
02/03/2020,16:07,1.82,1.82,1.82,1.82, 6233
02/03/2020,16:09,1.82,1.82,1.82,1.82, 3874
02/03/2020,16:12,1.82,1.822,1.82,1.822, 5157
02/03/2020,16:14,1.82,1.82,1.82,1.82, 3726
02/03/2020,16:15,1.82,1.82,1.82,1.82, 27
02/03/2020,16:18,1.82,1.82,1.82,1.82, 3554
02/03/2020,16:19,1.82,1.822,1.82,1.822, 3505
02/03/2020,16:23,1.82,1.82,1.82,1.82, 2462
02/03/2020,16:26,1.822,1.822,1.822,1.822, 2779
02/03/2020,16:29,1.822,1.822,1.822,1.822, 1319
02/03/2020,16:30,1.82,1.82,1.82,1.82, 640
02/03/2020,16:31,1.82,1.82,1.82,1.82, 10470
02/03/2020,16:32,1.822,1.822,1.82,1.82, 4596
02/03/2020,16:35,1.82,1.82,1.82,1.82, 3703
02/03/2020,16:39,1.82,1.82,1.82,1.82, 2127
02/03/2020,16:42,1.82,1.82,1.82,1.82, 1926
02/03/2020,16:45,1.82,1.82,1.82,1.82, 925
02/03/2020,16:46,1.82,1.82,1.82,1.82, 7730
02/03/2020,16:47,1.82,1.82,1.82,1.82, 1925
02/03/2020,16:48,1.82,1.82,1.82,1.82, 6960
02/03/2020,16:49,1.82,1.82,1.808,1.808, 34273
02/03/2020,16:52,1.808,1.81,1.808,1.81, 3636
02/03/2020,16:55,1.808,1.814,1.808,1.812, 8971
02/03/2020,16:56,1.812,1.812,1.812,1.812, 836
02/03/2020,16:58,1.816,1.816,1.816,1.816, 1500
02/03/2020,17:01,1.8152,1.8152,1.8152,1.8152, 6694
02/03/2020,17:04,1.8152,1.8152,1.812,1.814, 8350
02/03/2020,17:08,1.8128,1.8128,1.81,1.81, 5969
02/03/2020,17:11,1.81,1.81,1.81,1.81, 2113
02/03/2020,17:16,1.812,1.812,1.812,1.812, 7278
02/03/2020,17:18,1.812,1.812,1.81,1.81, 8592
02/03/2020,17:19,1.81,1.81,1.81,1.81, 11103
02/03/2020,17:19,1.81,1.81,1.81,1.81, 1000
02/03/2020,17:21,1.81,1.81,1.81,1.81, 8155
02/03/2020,17:22,1.81,1.81,1.81,1.81, 5643
02/03/2020,17:22,1.81,1.81,1.81,1.81, 4226
02/03/2020,17:24,1.81,1.81,1.81,1.81, 5436
02/03/2020,17:27,1.81,1.81,1.81,1.81, 885
02/03/2020,17:29,1.81,1.81,1.81,1.81, 9162
02/03/2020,17:30,1.81,1.81,1.81,1.81, 5764
02/03/2020,17:36,1.806,1.806,1.806,1.806, 87494
02/04/2020,09:01,1.85,1.85,1.85,1.85, 1
02/04/2020,09:03,1.82,1.82,1.82,1.82, 734
02/04/2020,09:07,1.834,1.834,1.834,1.834, 821
02/04/2020,09:09,1.8294,1.834,1.81,1.81, 14030
02/04/2020,09:19,1.84,1.84,1.84,1.84, 1500
02/04/2020,09:29,1.832,1.834,1.832,1.834, 2201
02/04/2020,09:46,1.8434,1.8435,1.836,1.84, 43628
02/04/2020,09:47,1.8522,1.8522,1.846,1.846, 20171
02/04/2020,09:51,1.8601,1.8601,1.848,1.856, 53243
02/04/2020,09:55,1.85,1.854,1.85,1.854, 5054
02/04/2020,10:06,1.856,1.86,1.856,1.86, 6093
02/04/2020,10:07,1.862,1.862,1.862,1.862, 1500
02/04/2020,10:11,1.8596,1.8596,1.8596,1.8596, 1751
02/04/2020,10:13,1.862,1.862,1.862,1.862, 268
02/04/2020,10:19,1.862,1.862,1.862,1.862, 393
02/04/2020,10:20,1.8568,1.8568,1.8568,1.8568, 2000
02/04/2020,10:23,1.8568,1.8568,1.8568,1.8568, 373
02/04/2020,10:26,1.862,1.862,1.8568,1.862, 6196
02/04/2020,10:34,1.862,1.862,1.862,1.862, 2253
02/04/2020,10:44,1.8596,1.8596,1.8596,1.8596, 5374
02/04/2020,10:53,1.864,1.864,1.864,1.864, 2123
02/04/2020,10:54,1.866,1.866,1.866,1.866, 3000
02/04/2020,11:26,1.858,1.862,1.858,1.862, 3953
02/04/2020,11:28,1.866,1.868,1.866,1.868, 27087
02/04/2020,11:28,1.876,1.878,1.876,1.878, 10000
02/04/2020,11:30,1.888,1.888,1.888,1.888, 1500
02/04/2020,11:35,1.882,1.882,1.876,1.876, 5218
02/04/2020,11:36,1.88,1.88,1.88,1.88, 1000
02/04/2020,11:41,1.8782,1.8782,1.8782,1.8782, 257
02/04/2020,11:46,1.8788,1.8788,1.8788,1.8788, 1464
02/04/2020,11:50,1.876,1.876,1.876,1.876, 607
02/04/2020,11:51,1.876,1.876,1.876,1.876, 540
02/04/2020,11:59,1.8788,1.8788,1.8788,1.8788, 1749
02/04/2020,12:15,1.88,1.88,1.88,1.88, 3363
02/04/2020,12:34,1.884,1.884,1.884,1.884, 268
02/04/2020,12:46,1.884,1.884,1.884,1.884, 6
02/04/2020,12:51,1.884,1.886,1.884,1.886, 1041
02/04/2020,12:52,1.884,1.8861,1.884,1.8861, 3543
02/04/2020,12:55,1.88,1.882,1.878,1.878, 6058
02/04/2020,13:00,1.8794,1.8794,1.87,1.872, 10087
02/04/2020,13:03,1.8704,1.8704,1.8704,1.8704, 8000
02/04/2020,13:05,1.88,1.88,1.88,1.88, 398
02/04/2020,13:06,1.8776,1.886,1.8776,1.886, 5258
02/04/2020,13:06,1.882,1.882,1.88,1.88, 3959
02/04/2020,13:07,1.88,1.88,1.878,1.878, 3972
02/04/2020,13:11,1.878,1.882,1.876,1.878, 9228
02/04/2020,13:13,1.878,1.878,1.872,1.878, 17155
02/04/2020,13:16,1.878,1.878,1.878,1.878, 1521
02/04/2020,13:23,1.8762,1.882,1.876,1.876, 20887
02/04/2020,13:24,1.8753,1.8753,1.8753,1.8753, 7000
02/04/2020,13:33,1.878,1.878,1.878,1.878, 371
02/04/2020,13:34,1.882,1.882,1.882,1.882, 2380
02/04/2020,13:40,1.882,1.886,1.882,1.886, 2328
02/04/2020,13:57,1.8874,1.8874,1.8874,1.8874, 3102
02/04/2020,13:59,1.8874,1.8874,1.884,1.886, 4479
02/04/2020,14:00,1.882,1.882,1.882,1.882, 548
02/04/2020,14:10,1.884,1.884,1.884,1.884, 385
02/04/2020,14:10,1.8816,1.8816,1.8816,1.8816, 5306
02/04/2020,14:12,1.884,1.884,1.884,1.884, 345
02/04/2020,14:15,1.884,1.892,1.884,1.892, 9986
02/04/2020,14:25,1.8881,1.8881,1.8881,1.8881, 2000
02/04/2020,14:44,1.89,1.89,1.89,1.89, 2262
02/04/2020,14:46,1.8901,1.8901,1.8901,1.8901, 2000
02/04/2020,14:52,1.89,1.89,1.89,1.89, 9505
02/04/2020,14:59,1.892,1.892,1.892,1.892, 840
02/04/2020,15:14,1.89,1.89,1.89,1.89, 1195
02/04/2020,15:15,1.8894,1.8894,1.8894,1.8894, 511
02/04/2020,15:26,1.89,1.892,1.888,1.892, 9053
02/04/2020,15:33,1.892,1.892,1.888,1.89, 6177
02/04/2020,15:37,1.89,1.89,1.89,1.89, 368
02/04/2020,15:38,1.89,1.89,1.89,1.89, 383
02/04/2020,15:40,1.886,1.886,1.886,1.886, 938
02/04/2020,15:41,1.888,1.89,1.888,1.89, 10043
02/04/2020,15:54,1.8901,1.8901,1.8901,1.8901, 605
02/04/2020,15:58,1.886,1.886,1.886,1.886, 2172
02/04/2020,16:01,1.884,1.884,1.884,1.884, 274
02/04/2020,16:03,1.888,1.888,1.884,1.884, 715
02/04/2020,16:04,1.8854,1.8854,1.8854,1.8854, 3003
02/04/2020,16:04,1.884,1.884,1.884,1.884, 398
02/04/2020,16:06,1.8821,1.8821,1.8821,1.8821, 2128
02/04/2020,16:11,1.886,1.886,1.883,1.883, 426
02/04/2020,16:13,1.884,1.884,1.884,1.884, 671
02/04/2020,16:14,1.878,1.878,1.878,1.878, 226
02/04/2020,16:17,1.876,1.876,1.876,1.876, 874
02/04/2020,16:19,1.882,1.882,1.882,1.882, 406
02/04/2020,16:25,1.882,1.882,1.882,1.882, 341
02/04/2020,16:28,1.882,1.882,1.882,1.882, 2996
02/04/2020,16:30,1.886,1.886,1.886,1.886, 345
02/04/2020,16:37,1.886,1.886,1.886,1.886, 6390
02/04/2020,16:39,1.884,1.884,1.884,1.884, 333
02/04/2020,16:41,1.8854,1.8854,1.8854,1.8854, 808
02/04/2020,16:42,1.884,1.884,1.884,1.884, 1611
02/04/2020,16:47,1.886,1.886,1.886,1.886, 336
02/04/2020,16:48,1.8821,1.886,1.8821,1.886, 2335
02/04/2020,16:50,1.8782,1.88,1.872,1.8741, 11353
02/04/2020,16:54,1.8756,1.8756,1.8756,1.8756, 1595
02/04/2020,16:56,1.8728,1.8728,1.8728,1.8728, 540
02/04/2020,16:57,1.878,1.878,1.878,1.878, 368
02/04/2020,17:07,1.876,1.8804,1.874,1.8804, 8215
02/04/2020,17:08,1.878,1.878,1.878,1.878, 407
02/04/2020,17:17,1.878,1.882,1.878,1.882, 2887
02/04/2020,17:18,1.886,1.886,1.886,1.886, 329
02/04/2020,17:18,1.882,1.882,1.88,1.88, 2392
02/04/2020,17:23,1.878,1.878,1.878,1.878, 279
02/04/2020,17:25,1.878,1.882,1.878,1.88, 10083
02/04/2020,17:27,1.882,1.882,1.882,1.882, 2126
02/04/2020,17:28,1.88,1.88,1.878,1.878, 2286
02/04/2020,17:29,1.876,1.878,1.8754,1.876, 11256
02/04/2020,17:30,1.876,1.878,1.8759,1.8759, 6825
02/04/2020,17:30,1.874,1.874,1.874,1.874, 2802
02/04/2020,17:36,1.872,1.872,1.872,1.872, 52665
02/05/2020,09:01,1.84,1.866,1.84,1.866, 3770
02/05/2020,09:03,1.8513,1.8513,1.8513,1.8513, 5402
02/05/2020,09:08,1.868,1.874,1.868,1.874, 1157
02/05/2020,09:12,1.873,1.876,1.87,1.874, 61434
02/05/2020,09:12,1.872,1.872,1.872,1.872, 365
02/05/2020,09:13,1.88,1.88,1.88,1.88, 2107
02/05/2020,09:17,1.888,1.888,1.882,1.882, 3548
02/05/2020,09:38,1.89,1.89,1.89,1.89, 16559
02/05/2020,09:40,1.9,1.9,1.9,1.9, 6062
02/05/2020,09:41,1.894,1.894,1.894,1.894, 3467
02/05/2020,09:43,1.892,1.892,1.892,1.892, 571
02/05/2020,09:48,1.892,1.892,1.892,1.892, 504
02/05/2020,09:50,1.898,1.898,1.898,1.898, 371
02/05/2020,09:52,1.898,1.898,1.898,1.898, 490
02/05/2020,09:53,1.898,1.898,1.898,1.898, 370
02/05/2020,09:55,1.894,1.894,1.894,1.894, 2873
02/05/2020,09:56,1.8964,1.8964,1.8964,1.8964, 3000
02/05/2020,10:01,1.898,1.898,1.898,1.898, 842
02/05/2020,10:07,1.8968,1.8968,1.8968,1.8968, 500
02/05/2020,10:08,1.898,1.9,1.898,1.9, 27824
02/05/2020,10:10,1.904,1.904,1.904,1.904, 983
02/05/2020,10:12,1.904,1.904,1.904,1.904, 1736
02/05/2020,10:15,1.9032,1.9032,1.902,1.902, 3306
02/05/2020,10:19,1.9032,1.9032,1.9032,1.9032, 500
02/05/2020,10:28,1.91,1.91,1.906,1.906, 39978
02/05/2020,10:38,1.908,1.908,1.904,1.904, 7062
02/05/2020,10:39,1.908,1.91,1.904,1.904, 11199
02/05/2020,10:47,1.908,1.912,1.908,1.912, 4335
02/05/2020,10:49,1.918,1.918,1.916,1.916, 1088
02/05/2020,10:52,1.922,1.922,1.922,1.922, 2470
02/05/2020,10:52,1.924,1.924,1.924,1.924, 1000
02/05/2020,10:53,1.922,1.922,1.922,1.922, 1401
02/05/2020,10:55,1.92,1.92,1.92,1.92, 3540
02/05/2020,10:57,1.918,1.918,1.918,1.918, 2130
02/05/2020,11:08,1.91,1.91,1.91,1.91, 1500
02/05/2020,11:14,1.912,1.912,1.912,1.912, 750
02/05/2020,11:15,1.906,1.906,1.906,1.906, 15
02/05/2020,11:22,1.9063,1.9063,1.9063,1.9063, 2000
02/05/2020,11:23,1.906,1.906,1.906,1.906, 3000
02/05/2020,11:27,1.9,1.9,1.9,1.9, 624
02/05/2020,11:35,1.9,1.9,1.9,1.9, 978
02/05/2020,11:43,1.902,1.902,1.902,1.902, 167
02/05/2020,11:50,1.9003,1.9003,1.9003,1.9003, 571
02/05/2020,11:51,1.9,1.9,1.9,1.9, 425
02/05/2020,11:51,1.9,1.9,1.9,1.9, 946
02/05/2020,12:02,1.896,1.896,1.896,1.896, 490
02/05/2020,12:14,1.896,1.896,1.896,1.896, 785
02/05/2020,12:18,1.896,1.896,1.896,1.896, 817
02/05/2020,12:26,1.896,1.898,1.894,1.898, 16801
02/05/2020,12:27,1.902,1.902,1.902,1.902, 823
02/05/2020,12:36,1.902,1.902,1.898,1.898, 6205
02/05/2020,12:38,1.898,1.898,1.898,1.898, 600
02/05/2020,12:39,1.898,1.898,1.898,1.898, 3313
02/05/2020,12:45,1.896,1.896,1.896,1.896, 2
02/05/2020,12:45,1.898,1.898,1.898,1.898, 3728
02/05/2020,13:19,1.898,1.898,1.896,1.896, 1229
02/05/2020,13:21,1.8963,1.902,1.8963,1.902, 2531
02/05/2020,13:21,1.896,1.896,1.896,1.896, 2585
02/05/2020,13:25,1.892,1.892,1.892,1.892, 1112
02/05/2020,13:29,1.8882,1.892,1.8882,1.892, 8239
02/05/2020,13:31,1.8881,1.8881,1.8881,1.8881, 1241
02/05/2020,13:36,1.892,1.894,1.892,1.894, 5661
02/05/2020,13:45,1.8916,1.8916,1.8916,1.8916, 100
02/05/2020,13:52,1.89,1.89,1.884,1.884, 1275
02/05/2020,13:59,1.8796,1.8796,1.8796,1.8796, 1241
02/05/2020,14:10,1.884,1.884,1.884,1.884, 1270
02/05/2020,14:21,1.884,1.884,1.884,1.884, 5302
02/05/2020,14:22,1.886,1.886,1.886,1.886, 5294
02/05/2020,14:27,1.886,1.886,1.886,1.886, 5294
02/05/2020,14:30,1.8844,1.8844,1.8844,1.8844, 2500
02/05/2020,14:40,1.878,1.878,1.878,1.878, 978
02/05/2020,14:46,1.8771,1.8771,1.8771,1.8771, 5000
02/05/2020,14:53,1.878,1.878,1.878,1.878, 420
02/05/2020,14:57,1.8844,1.8844,1.8844,1.8844, 3706
02/05/2020,14:58,1.8844,1.8844,1.8844,1.8844, 3706
02/05/2020,15:03,1.8844,1.8844,1.874,1.874, 6655
02/05/2020,15:03,1.8768,1.8768,1.8768,1.8768, 3300
02/05/2020,15:10,1.876,1.882,1.876,1.882, 6771
02/05/2020,15:29,1.878,1.878,1.878,1.878, 978
02/05/2020,15:34,1.884,1.884,1.884,1.884, 1786
02/05/2020,15:35,1.886,1.886,1.886,1.886, 2092
02/05/2020,15:44,1.8824,1.884,1.882,1.882, 5603
02/05/2020,15:48,1.886,1.89,1.886,1.89, 6473
02/05/2020,15:54,1.894,1.894,1.894,1.894, 471
02/05/2020,15:56,1.8928,1.896,1.8928,1.896, 3394
02/05/2020,15:56,1.896,1.896,1.896,1.896, 1266
02/05/2020,16:06,1.896,1.9,1.896,1.9, 7708
02/05/2020,16:09,1.898,1.9,1.898,1.9, 3605
02/05/2020,16:12,1.8952,1.8952,1.8952,1.8952, 3706
02/05/2020,16:14,1.898,1.898,1.898,1.898, 250
02/05/2020,16:25,1.898,1.898,1.8968,1.8968, 5452
02/05/2020,16:27,1.896,1.896,1.892,1.892, 4711
02/05/2020,16:28,1.888,1.888,1.888,1.888, 563
02/05/2020,16:28,1.886,1.886,1.886,1.886, 979
02/05/2020,16:30,1.8852,1.8852,1.8852,1.8852, 2000
02/05/2020,16:35,1.89,1.89,1.89,1.89, 501
02/05/2020,16:37,1.8888,1.8888,1.882,1.882, 10716
02/05/2020,16:38,1.884,1.888,1.884,1.888, 5984
02/05/2020,16:40,1.888,1.888,1.888,1.888, 740
02/05/2020,16:43,1.884,1.884,1.884,1.884, 1827
02/05/2020,16:43,1.884,1.886,1.884,1.884, 3701
02/05/2020,16:47,1.886,1.886,1.886,1.886, 656
02/05/2020,16:51,1.886,1.886,1.886,1.886, 440
02/05/2020,17:01,1.888,1.888,1.888,1.888, 1122
02/05/2020,17:02,1.8844,1.8844,1.8844,1.8844, 500
02/05/2020,17:10,1.884,1.884,1.884,1.884, 2182
02/05/2020,17:12,1.884,1.884,1.884,1.884, 85
02/05/2020,17:14,1.884,1.884,1.884,1.884, 357
02/05/2020,17:15,1.886,1.886,1.886,1.886, 515
02/05/2020,17:16,1.886,1.886,1.886,1.886, 2647
02/05/2020,17:17,1.884,1.884,1.884,1.884, 270
02/05/2020,17:18,1.886,1.89,1.886,1.89, 26073
02/05/2020,17:19,1.886,1.886,1.886,1.886, 595
02/05/2020,17:20,1.886,1.886,1.886,1.886, 210
02/05/2020,17:22,1.89,1.892,1.89,1.892, 4373
02/05/2020,17:22,1.894,1.894,1.894,1.894, 55
02/05/2020,17:25,1.894,1.8948,1.894,1.8948, 5496
02/05/2020,17:27,1.898,1.898,1.898,1.898, 2364
02/05/2020,17:28,1.902,1.902,1.896,1.896, 8710
02/05/2020,17:30,1.896,1.9,1.892,1.896, 14254
02/05/2020,17:30,1.894,1.898,1.892,1.898, 2677
02/05/2020,17:36,1.894,1.894,1.894,1.894, 45538
02/06/2020,09:01,1.858,1.858,1.858,1.858, 12
02/06/2020,09:02,1.8904,1.8904,1.8904,1.8904, 5600
02/06/2020,09:04,1.8904,1.8904,1.8904,1.8904, 4371
02/06/2020,09:06,1.898,1.922,1.898,1.922, 10052
02/06/2020,09:07,1.924,1.924,1.924,1.924, 540
02/06/2020,09:10,1.936,1.936,1.936,1.936, 533
02/06/2020,09:13,1.927,1.936,1.926,1.926, 30475
02/06/2020,09:14,1.9215,1.9215,1.9215,1.9215, 3102
02/06/2020,09:17,1.922,1.922,1.922,1.922, 4000
02/06/2020,09:18,1.9255,1.9325,1.9255,1.9325, 3350
02/06/2020,09:20,1.9255,1.9255,1.9255,1.9255, 2750
02/06/2020,09:22,1.924,1.9244,1.924,1.9244, 5105
02/06/2020,09:26,1.9223,1.9223,1.9223,1.9223, 2000
02/06/2020,09:27,1.9223,1.9223,1.9223,1.9223, 2752
02/06/2020,09:28,1.922,1.922,1.922,1.922, 1116
02/06/2020,09:28,1.9223,1.9223,1.9223,1.9223, 2752
02/06/2020,09:30,1.92,1.92,1.92,1.92, 1500
02/06/2020,09:31,1.922,1.922,1.922,1.922, 3000
02/06/2020,09:37,1.9224,1.9224,1.9224,1.9224, 2185
02/06/2020,09:37,1.9224,1.9224,1.9221,1.9221, 4944
02/06/2020,09:39,1.93,1.934,1.93,1.934, 3438
02/06/2020,09:39,1.934,1.934,1.934,1.934, 994
02/06/2020,09:42,1.938,1.938,1.938,1.938, 1293
02/06/2020,09:44,1.94,1.94,1.94,1.94, 1330
02/06/2020,09:48,1.9401,1.9401,1.9401,1.9401, 2758
02/06/2020,09:50,1.946,1.946,1.946,1.946, 2884
02/06/2020,09:50,1.942,1.942,1.942,1.942, 2753
02/06/2020,09:53,1.9421,1.9421,1.9421,1.9421, 3190
02/06/2020,09:53,1.936,1.942,1.934,1.936, 9147
02/06/2020,10:04,1.946,1.948,1.9441,1.9441, 5299
02/06/2020,10:06,1.944,1.944,1.944,1.944, 566
02/06/2020,10:18,1.942,1.942,1.942,1.942, 1047
02/06/2020,10:18,1.942,1.942,1.94,1.94, 5591
02/06/2020,10:28,1.9383,1.9383,1.9383,1.9383, 2000
02/06/2020,10:30,1.938,1.938,1.932,1.932, 3245
02/06/2020,10:41,1.94,1.94,1.94,1.94, 1306
02/06/2020,10:47,1.9408,1.9408,1.9408,1.9408, 59
02/06/2020,10:52,1.942,1.942,1.942,1.942, 1500
02/06/2020,10:55,1.942,1.942,1.942,1.942, 793
02/06/2020,11:10,1.9341,1.9341,1.9341,1.9341, 1600
02/06/2020,11:23,1.944,1.944,1.944,1.944, 9000
02/06/2020,11:24,1.9425,1.9425,1.9425,1.9425, 5000
02/06/2020,11:37,1.934,1.934,1.934,1.934, 2530
02/06/2020,11:43,1.942,1.942,1.942,1.942, 973
02/06/2020,11:46,1.944,1.946,1.944,1.946, 14550
02/06/2020,11:46,1.95,1.954,1.95,1.954, 14466
02/06/2020,11:47,1.954,1.958,1.954,1.956, 6965
02/06/2020,11:48,1.9622,1.9622,1.956,1.956, 22112
02/06/2020,11:49,1.958,1.958,1.958,1.958, 631
02/06/2020,11:52,1.952,1.9526,1.952,1.9526, 4175
02/06/2020,11:54,1.952,1.9526,1.952,1.9526, 1473
02/06/2020,11:56,1.952,1.952,1.952,1.952, 621
02/06/2020,11:58,1.952,1.952,1.952,1.952, 693
02/06/2020,12:03,1.9506,1.9506,1.9506,1.9506, 5000
02/06/2020,12:25,1.95,1.95,1.95,1.95, 395
02/06/2020,12:28,1.9551,1.9551,1.95,1.95, 3380
02/06/2020,12:30,1.9522,1.9522,1.9522,1.9522, 1000
02/06/2020,12:32,1.956,1.956,1.952,1.952, 8133
02/06/2020,12:34,1.9552,1.958,1.9552,1.956, 10647
02/06/2020,12:43,1.952,1.952,1.952,1.952, 19055
02/06/2020,12:47,1.95,1.954,1.95,1.95, 5388
02/06/2020,12:58,1.9502,1.9502,1.9502,1.9502, 6000
02/06/2020,13:00,1.954,1.954,1.954,1.954, 2386
02/06/2020,13:03,1.958,1.958,1.958,1.958, 1245
02/06/2020,13:03,1.95,1.95,1.95,1.95, 500
02/06/2020,13:07,1.956,1.958,1.956,1.958, 3663
02/06/2020,13:17,1.958,1.958,1.958,1.958, 2049
02/06/2020,13:21,1.9564,1.9564,1.9564,1.9564, 11911
02/06/2020,13:41,1.95,1.95,1.948,1.948, 11094
02/06/2020,13:42,1.9412,1.9412,1.9412,1.9412, 10000
02/06/2020,13:43,1.9414,1.9414,1.9414,1.9414, 10000
02/06/2020,13:46,1.944,1.944,1.944,1.944, 3000
02/06/2020,13:46,1.9414,1.9414,1.9414,1.9414, 10000
02/06/2020,14:18,1.944,1.944,1.944,1.944, 4150
02/06/2020,14:21,1.944,1.944,1.944,1.944, 1140
02/06/2020,14:32,1.942,1.942,1.942,1.942, 350
02/06/2020,14:33,1.942,1.942,1.942,1.942, 1186
02/06/2020,14:38,1.9448,1.9448,1.9448,1.9448, 514
02/06/2020,14:43,1.9386,1.9386,1.9386,1.9386, 10000
02/06/2020,14:52,1.94,1.942,1.94,1.94, 27194
02/06/2020,14:52,1.942,1.942,1.942,1.942, 1099
02/06/2020,14:54,1.94,1.94,1.94,1.94, 322
02/06/2020,14:58,1.94,1.9401,1.94,1.9401, 10449
02/06/2020,15:01,1.94,1.94,1.94,1.94, 9490
02/06/2020,15:02,1.942,1.942,1.942,1.942, 1309
02/06/2020,15:25,1.94,1.94,1.94,1.94, 13700
02/06/2020,15:31,1.944,1.944,1.942,1.944, 11680
02/06/2020,15:33,1.944,1.944,1.94,1.94, 13649
02/06/2020,15:38,1.936,1.938,1.936,1.938, 4139
02/06/2020,15:38,1.94,1.94,1.94,1.94, 3380
02/06/2020,15:42,1.936,1.936,1.936,1.936, 1129
02/06/2020,15:43,1.936,1.938,1.934,1.934, 6173
02/06/2020,15:44,1.938,1.94,1.934,1.9341, 10378
02/06/2020,15:44,1.934,1.94,1.934,1.938, 9326
02/06/2020,15:47,1.934,1.934,1.928,1.928, 4288
02/06/2020,15:49,1.928,1.928,1.924,1.926, 3223
02/06/2020,15:50,1.926,1.928,1.926,1.928, 2977
02/06/2020,15:52,1.9288,1.9288,1.9288,1.9288, 10000
02/06/2020,15:53,1.928,1.928,1.928,1.928, 700
02/06/2020,15:53,1.9291,1.93,1.9291,1.9291, 7200
02/06/2020,15:55,1.9217,1.9217,1.9217,1.9217, 10000
02/06/2020,15:57,1.9288,1.9288,1.9288,1.9288, 1000
02/06/2020,15:58,1.93,1.932,1.93,1.932, 3973
02/06/2020,16:00,1.93,1.93,1.9298,1.9298, 10000
02/06/2020,16:00,1.93,1.9309,1.93,1.9309, 5533
02/06/2020,16:10,1.932,1.932,1.93,1.93, 6124
02/06/2020,16:14,1.928,1.9292,1.928,1.9292, 4024
02/06/2020,16:16,1.926,1.926,1.926,1.926, 79
02/06/2020,16:19,1.924,1.924,1.918,1.918, 11890
02/06/2020,16:19,1.919,1.919,1.919,1.919, 8195
02/06/2020,16:21,1.922,1.924,1.922,1.924, 6036
02/06/2020,16:24,1.9248,1.928,1.9248,1.928, 12663
02/06/2020,16:24,1.922,1.922,1.916,1.916, 10048
02/06/2020,16:26,1.92,1.922,1.92,1.922, 2301
02/06/2020,16:27,1.92,1.924,1.92,1.924, 11636
02/06/2020,16:31,1.922,1.922,1.922,1.922, 651
02/06/2020,16:42,1.922,1.922,1.922,1.922, 771
02/06/2020,16:44,1.9257,1.9257,1.924,1.924, 9802
02/06/2020,16:44,1.926,1.926,1.926,1.926, 3117
02/06/2020,16:48,1.922,1.926,1.922,1.926, 3375
02/06/2020,16:50,1.9272,1.9272,1.9272,1.9272, 3632
02/06/2020,16:53,1.9532,1.9532,1.92,1.922, 65536
02/06/2020,16:57,1.92,1.92,1.92,1.92, 941
02/06/2020,16:59,1.9218,1.9257,1.92,1.9238, 19471
02/06/2020,17:00,1.924,1.924,1.924,1.924, 3000
02/06/2020,17:01,1.922,1.922,1.922,1.922, 2300
02/06/2020,17:03,1.92,1.92,1.92,1.92, 1883
02/06/2020,17:06,1.92,1.92,1.92,1.92, 5000
02/06/2020,17:12,1.92,1.922,1.92,1.922, 15027
02/06/2020,17:13,1.92,1.92,1.92,1.92, 2539
02/06/2020,17:22,1.922,1.922,1.922,1.922, 229
02/06/2020,17:22,1.922,1.922,1.92,1.92, 4102
02/06/2020,17:27,1.916,1.916,1.916,1.916, 1927
02/06/2020,17:29,1.916,1.9174,1.916,1.9174, 7445
02/06/2020,17:30,1.914,1.919,1.914,1.919, 6323
02/06/2020,17:30,1.918,1.918,1.912,1.9177, 10358
02/06/2020,17:36,1.914,1.914,1.914,1.914, 40668
02/07/2020,09:11,1.906,1.914,1.906,1.914, 8396
02/07/2020,09:11,1.914,1.914,1.914,1.914, 262
02/07/2020,09:22,1.9178,1.9178,1.9178,1.9178, 10000
02/07/2020,09:22,1.9175,1.918,1.91,1.91, 19535
02/07/2020,09:29,1.9,1.9,1.9,1.9, 45
02/07/2020,09:32,1.904,1.906,1.904,1.906, 1682
02/07/2020,09:46,1.902,1.902,1.902,1.902, 242
02/07/2020,09:47,1.898,1.898,1.898,1.898, 1500
02/07/2020,10:04,1.8971,1.902,1.8971,1.902, 8881
02/07/2020,10:05,1.9008,1.9008,1.894,1.894, 14650
02/07/2020,10:06,1.8991,1.8991,1.8991,1.8991, 6000
02/07/2020,10:07,1.894,1.898,1.892,1.892, 6696
02/07/2020,10:08,1.892,1.896,1.876,1.876, 56242
02/07/2020,10:09,1.874,1.894,1.874,1.8939, 18399
02/07/2020,10:10,1.8939,1.9,1.8939,1.9, 13293
02/07/2020,10:10,1.9,1.902,1.898,1.898, 16449
02/07/2020,10:11,1.9039,1.9039,1.9039,1.9039, 2000
02/07/2020,10:14,1.9065,1.9065,1.902,1.902, 25260
02/07/2020,10:16,1.9,1.9,1.9,1.9, 15000
02/07/2020,10:16,1.9,1.9,1.894,1.894, 30804
02/07/2020,10:29,1.9,1.9,1.9,1.9, 1252
02/07/2020,10:31,1.896,1.896,1.894,1.894, 2189
02/07/2020,10:39,1.896,1.896,1.894,1.894, 3698
02/07/2020,10:41,1.9,1.9,1.9,1.9, 353
02/07/2020,10:45,1.894,1.894,1.89,1.89, 630
02/07/2020,10:48,1.884,1.884,1.882,1.882, 1006
02/07/2020,10:55,1.885,1.885,1.874,1.874, 56720
02/07/2020,10:56,1.876,1.876,1.876,1.876, 12532
02/07/2020,10:57,1.886,1.886,1.886,1.886, 218
02/07/2020,11:14,1.878,1.878,1.878,1.878, 490
02/07/2020,11:18,1.878,1.878,1.878,1.878, 402
02/07/2020,11:22,1.8701,1.872,1.868,1.87, 19056
02/07/2020,11:22,1.87,1.87,1.87,1.87, 61
02/07/2020,11:26,1.87,1.874,1.87,1.874, 3774
02/07/2020,11:29,1.874,1.876,1.874,1.876, 3140
02/07/2020,11:29,1.878,1.878,1.878,1.878, 362
02/07/2020,11:32,1.878,1.878,1.878,1.878, 399
02/07/2020,11:35,1.876,1.876,1.876,1.876, 344
02/07/2020,11:36,1.872,1.872,1.868,1.868, 1206
02/07/2020,11:39,1.8699,1.8699,1.8699,1.8699, 1500
02/07/2020,11:50,1.868,1.868,1.868,1.868, 429
02/07/2020,11:55,1.866,1.866,1.866,1.866, 658
02/07/2020,11:57,1.866,1.866,1.866,1.866, 206
02/07/2020,11:57,1.866,1.868,1.866,1.868, 1738
02/07/2020,12:06,1.8611,1.8611,1.8611,1.8611, 35413
02/07/2020,12:10,1.866,1.866,1.862,1.862, 30459
02/07/2020,12:10,1.858,1.858,1.858,1.858, 1500
02/07/2020,12:11,1.858,1.858,1.858,1.858, 74
02/07/2020,12:15,1.864,1.864,1.862,1.864, 4050
02/07/2020,12:17,1.866,1.866,1.866,1.866, 2776
02/07/2020,12:18,1.8751,1.8751,1.87,1.87, 30258
02/07/2020,12:26,1.8722,1.8722,1.8722,1.8722, 1000
02/07/2020,12:28,1.868,1.868,1.866,1.866, 2723
02/07/2020,12:32,1.86,1.864,1.86,1.864, 1416
02/07/2020,12:34,1.8628,1.8628,1.8628,1.8628, 849
02/07/2020,12:41,1.86,1.86,1.86,1.86, 1124
02/07/2020,12:43,1.862,1.862,1.862,1.862, 2767
02/07/2020,12:44,1.862,1.862,1.862,1.862, 1228
02/07/2020,12:44,1.862,1.862,1.86,1.86, 5878
02/07/2020,12:47,1.862,1.862,1.862,1.862, 2593
02/07/2020,12:49,1.864,1.864,1.864,1.864, 1098
02/07/2020,12:52,1.868,1.868,1.868,1.868, 393
02/07/2020,13:06,1.87,1.87,1.87,1.87, 48
02/07/2020,13:09,1.87,1.87,1.87,1.87, 344
02/07/2020,13:19,1.872,1.872,1.872,1.872, 346
02/07/2020,13:26,1.87,1.87,1.87,1.87, 358
02/07/2020,13:42,1.87,1.87,1.87,1.87, 389
02/07/2020,13:45,1.87,1.87,1.87,1.87, 359
02/07/2020,13:54,1.864,1.864,1.864,1.864, 729
02/07/2020,14:30,1.868,1.8687,1.868,1.868, 18793
02/07/2020,14:31,1.868,1.872,1.868,1.87, 30643
02/07/2020,14:31,1.874,1.874,1.874,1.874, 670
02/07/2020,14:33,1.874,1.874,1.874,1.874, 481
02/07/2020,14:34,1.8728,1.874,1.8728,1.8728, 3370
02/07/2020,14:36,1.862,1.866,1.862,1.866, 2177
02/07/2020,14:38,1.866,1.866,1.866,1.866, 4583
02/07/2020,14:40,1.8642,1.8642,1.8601,1.8601, 3800
02/07/2020,14:42,1.866,1.866,1.866,1.866, 531
02/07/2020,14:55,1.866,1.866,1.866,1.866, 505
02/07/2020,14:58,1.86,1.86,1.86,1.86, 1282
02/07/2020,15:00,1.864,1.864,1.864,1.864, 1137
02/07/2020,15:07,1.866,1.866,1.866,1.866, 354
02/07/2020,15:08,1.8602,1.8602,1.8602,1.8602, 4000
02/07/2020,15:11,1.862,1.862,1.862,1.862, 2123
02/07/2020,15:12,1.864,1.864,1.864,1.864, 496
02/07/2020,15:19,1.864,1.864,1.864,1.864, 452
02/07/2020,15:21,1.864,1.864,1.864,1.864, 1574
02/07/2020,15:31,1.86,1.86,1.86,1.86, 2351
02/07/2020,15:35,1.856,1.856,1.856,1.856, 4555
02/07/2020,15:37,1.86,1.862,1.86,1.862, 4493
02/07/2020,15:38,1.864,1.864,1.864,1.864, 452
02/07/2020,15:44,1.864,1.864,1.8622,1.8622, 3500
02/07/2020,15:44,1.864,1.864,1.864,1.864, 2000
02/07/2020,15:47,1.864,1.864,1.864,1.864, 452
02/07/2020,15:59,1.858,1.858,1.858,1.858, 2735
02/07/2020,15:59,1.858,1.858,1.858,1.858, 1315
02/07/2020,16:04,1.8542,1.8561,1.8542,1.8561, 20000
02/07/2020,16:05,1.858,1.86,1.855,1.856, 32731
02/07/2020,16:05,1.854,1.854,1.854,1.854, 10471
02/07/2020,16:11,1.854,1.854,1.854,1.854, 3090
02/07/2020,16:13,1.856,1.856,1.856,1.856, 1500
02/07/2020,16:13,1.86,1.86,1.86,1.86, 562
02/07/2020,16:20,1.862,1.862,1.862,1.862, 57
02/07/2020,16:21,1.862,1.862,1.862,1.862, 402
02/07/2020,16:45,1.858,1.858,1.858,1.858, 873
02/07/2020,16:46,1.86,1.86,1.86,1.86, 339
02/07/2020,17:01,1.858,1.858,1.854,1.854, 2032
02/07/2020,17:03,1.854,1.854,1.854,1.854, 1300
02/07/2020,17:06,1.856,1.856,1.856,1.856, 3791
02/07/2020,17:11,1.854,1.854,1.852,1.852, 4095
02/07/2020,17:13,1.852,1.856,1.852,1.856, 2090
02/07/2020,17:14,1.856,1.858,1.856,1.858, 5098
02/07/2020,17:17,1.858,1.86,1.858,1.86, 4877
02/07/2020,17:19,1.86,1.86,1.858,1.86, 5128
02/07/2020,17:22,1.856,1.856,1.856,1.856, 235
02/07/2020,17:26,1.856,1.86,1.856,1.86, 523
02/07/2020,17:26,1.86,1.86,1.86,1.86, 69
02/07/2020,17:28,1.8582,1.8582,1.854,1.854, 2032
02/07/2020,17:30,1.854,1.856,1.854,1.856, 2599
02/07/2020,17:36,1.848,1.848,1.848,1.848, 55197
02/10/2020,09:01,1.862,1.862,1.862,1.862, 2000
02/10/2020,09:02,1.888,1.888,1.866,1.866, 2469
02/10/2020,09:02,1.867,1.867,1.867,1.867, 2000
02/10/2020,09:04,1.8603,1.866,1.86,1.86, 38224
02/10/2020,09:05,1.864,1.864,1.852,1.852, 5091
02/10/2020,09:10,1.854,1.854,1.8536,1.8536, 10500
02/10/2020,09:11,1.8554,1.864,1.8554,1.864, 17091
02/10/2020,09:12,1.868,1.87,1.868,1.87, 4436
02/10/2020,09:17,1.858,1.858,1.858,1.858, 3555
02/10/2020,09:20,1.862,1.866,1.862,1.866, 2925
02/10/2020,09:23,1.86,1.86,1.86,1.86, 691
02/10/2020,09:25,1.856,1.856,1.856,1.856, 859
02/10/2020,09:28,1.858,1.862,1.858,1.862, 4055
02/10/2020,09:30,1.862,1.866,1.862,1.866, 5688
02/10/2020,09:33,1.872,1.872,1.866,1.872, 4866
02/10/2020,09:37,1.864,1.866,1.864,1.866, 3531
02/10/2020,09:41,1.856,1.856,1.856,1.856, 1000
02/10/2020,09:42,1.858,1.858,1.858,1.858, 660
02/10/2020,09:47,1.8562,1.8562,1.8562,1.8562, 1601
02/10/2020,10:06,1.862,1.862,1.8603,1.8603, 2133
02/10/2020,10:15,1.864,1.8642,1.86,1.864, 9198
02/10/2020,10:50,1.86,1.86,1.86,1.86, 8000
02/10/2020,10:56,1.86,1.864,1.86,1.864, 7062
02/10/2020,11:21,1.85,1.852,1.848,1.848, 7900
02/10/2020,11:23,1.85,1.85,1.85,1.85, 850
02/10/2020,11:30,1.847,1.847,1.847,1.847, 644
02/10/2020,11:35,1.844,1.844,1.844,1.844, 644
02/10/2020,11:44,1.846,1.846,1.846,1.846, 2100
02/10/2020,11:47,1.85,1.85,1.85,1.85, 2836
02/10/2020,12:08,1.848,1.848,1.848,1.848, 1533
02/10/2020,12:11,1.8494,1.8494,1.8494,1.8494, 2000
02/10/2020,12:14,1.842,1.846,1.842,1.842, 3720
02/10/2020,12:15,1.844,1.844,1.844,1.844, 2638
02/10/2020,12:16,1.844,1.844,1.844,1.844, 83
02/10/2020,12:30,1.8409,1.8409,1.8409,1.8409, 280
02/10/2020,12:47,1.84,1.844,1.84,1.844, 9238
02/10/2020,12:48,1.842,1.842,1.842,1.842, 1631
02/10/2020,12:50,1.84,1.842,1.84,1.84, 7466
02/10/2020,12:51,1.84,1.84,1.84,1.84, 606
02/10/2020,12:53,1.842,1.842,1.842,1.842, 118
02/10/2020,12:54,1.84,1.84,1.836,1.836, 32733
02/10/2020,12:55,1.832,1.832,1.832,1.832, 1519
02/10/2020,12:55,1.832,1.832,1.832,1.832, 80
02/10/2020,12:56,1.836,1.836,1.836,1.836, 1500
02/10/2020,13:03,1.83,1.836,1.83,1.836, 3082
02/10/2020,13:11,1.832,1.832,1.832,1.832, 600
02/10/2020,13:14,1.838,1.838,1.838,1.838, 684
02/10/2020,13:14,1.836,1.836,1.836,1.836, 723
02/10/2020,13:16,1.836,1.836,1.836,1.836, 667
02/10/2020,13:18,1.836,1.836,1.836,1.836, 557
02/10/2020,13:19,1.836,1.836,1.836,1.836, 556
02/10/2020,13:21,1.8366,1.8366,1.836,1.836, 1484
02/10/2020,13:23,1.836,1.836,1.836,1.836, 581
02/10/2020,13:24,1.836,1.836,1.836,1.836, 557
02/10/2020,13:28,1.836,1.836,1.836,1.836, 567
02/10/2020,13:29,1.836,1.836,1.836,1.836, 584
02/10/2020,13:32,1.836,1.836,1.836,1.836, 1079
02/10/2020,13:33,1.8346,1.8346,1.832,1.832, 5141
02/10/2020,13:34,1.832,1.832,1.832,1.832, 556
02/10/2020,13:39,1.832,1.832,1.832,1.832, 569
02/10/2020,13:42,1.834,1.834,1.834,1.834, 2144
02/10/2020,13:44,1.832,1.832,1.832,1.832, 10
02/10/2020,13:46,1.832,1.832,1.832,1.832, 31
02/10/2020,13:48,1.832,1.832,1.832,1.832, 21
02/10/2020,13:49,1.834,1.834,1.834,1.834, 103
02/10/2020,13:51,1.83,1.83,1.83,1.83, 723
02/10/2020,13:51,1.8334,1.8334,1.8334,1.8334, 2000
02/10/2020,13:53,1.83,1.83,1.83,1.83, 14462
02/10/2020,13:54,1.83,1.83,1.83,1.83, 589
02/10/2020,13:56,1.83,1.83,1.83,1.83, 1832
02/10/2020,13:58,1.83,1.83,1.83,1.83, 567
02/10/2020,13:59,1.83,1.83,1.83,1.83, 2321
02/10/2020,13:59,1.83,1.83,1.83,1.83, 2178
02/10/2020,14:01,1.83,1.83,1.83,1.83, 578
02/10/2020,14:03,1.83,1.83,1.83,1.83, 4244
02/10/2020,14:04,1.83,1.83,1.83,1.83, 602
02/10/2020,14:06,1.83,1.83,1.83,1.83, 562
02/10/2020,14:08,1.83,1.83,1.83,1.83, 8527
02/10/2020,14:09,1.83,1.83,1.824,1.824, 6375
02/10/2020,14:10,1.8274,1.8274,1.8274,1.8274, 2000
02/10/2020,14:18,1.826,1.826,1.826,1.826, 1000
02/10/2020,14:23,1.822,1.822,1.822,1.822, 820
02/10/2020,14:24,1.82,1.82,1.82,1.82, 4949
02/10/2020,14:33,1.822,1.822,1.822,1.822, 466
02/10/2020,14:37,1.8206,1.8206,1.8206,1.8206, 630
02/10/2020,14:51,1.824,1.824,1.824,1.824, 500
02/10/2020,14:59,1.82,1.82,1.816,1.82, 24230
02/10/2020,15:00,1.82,1.824,1.82,1.824, 7120
02/10/2020,15:02,1.8153,1.82,1.8153,1.82, 33987
02/10/2020,15:03,1.8161,1.818,1.816,1.818, 9831
02/10/2020,15:06,1.814,1.814,1.814,1.814, 1500
02/10/2020,15:35,1.814,1.814,1.814,1.814, 125
02/10/2020,15:36,1.8242,1.8242,1.816,1.82, 46814
02/10/2020,15:38,1.822,1.822,1.822,1.822, 540
02/10/2020,15:39,1.822,1.822,1.82,1.82, 9438
02/10/2020,15:40,1.816,1.8247,1.816,1.824, 43085
02/10/2020,15:42,1.826,1.826,1.826,1.826, 2987
02/10/2020,15:44,1.824,1.824,1.824,1.824, 1074
02/10/2020,15:48,1.822,1.822,1.822,1.822, 7865
02/10/2020,15:56,1.824,1.824,1.824,1.824, 420
02/10/2020,16:07,1.824,1.824,1.824,1.824, 2080
02/10/2020,16:24,1.8228,1.8228,1.8228,1.8228, 5491
02/10/2020,16:26,1.8196,1.822,1.8196,1.822, 12515
02/10/2020,16:29,1.8202,1.8202,1.8202,1.8202, 101
02/10/2020,16:34,1.8204,1.8204,1.8204,1.8204, 10000
02/10/2020,16:36,1.82,1.82,1.82,1.82, 4208
02/10/2020,16:43,1.82,1.82,1.82,1.82, 4100
02/10/2020,16:47,1.82,1.82,1.82,1.82, 5980
02/10/2020,16:48,1.82,1.822,1.82,1.822, 2078
02/10/2020,16:48,1.824,1.824,1.824,1.824, 425
02/10/2020,16:50,1.824,1.824,1.824,1.824, 216
02/10/2020,16:53,1.822,1.822,1.822,1.822, 1500
02/10/2020,16:58,1.8204,1.8204,1.8204,1.8204, 5000
02/10/2020,16:59,1.8232,1.8232,1.8232,1.8232, 455
02/10/2020,17:00,1.8204,1.8204,1.8204,1.8204, 10000
02/10/2020,17:01,1.8232,1.8232,1.8232,1.8232, 825
02/10/2020,17:05,1.822,1.822,1.822,1.822, 426
02/10/2020,17:09,1.8232,1.824,1.8232,1.824, 5478
02/10/2020,17:16,1.822,1.822,1.822,1.822, 1514
02/10/2020,17:21,1.8204,1.8204,1.8204,1.8204, 918
02/10/2020,17:23,1.82,1.8204,1.82,1.82, 25309
02/10/2020,17:24,1.82,1.82,1.814,1.814, 11227
02/10/2020,17:25,1.814,1.8201,1.814,1.8201, 38967
02/10/2020,17:26,1.816,1.82,1.816,1.82, 16970
02/10/2020,17:27,1.82,1.822,1.82,1.822, 16540
02/10/2020,17:28,1.818,1.82,1.818,1.82, 20527
02/10/2020,17:29,1.82,1.822,1.82,1.822, 7276
02/10/2020,17:30,1.82,1.824,1.82,1.824, 2872
02/10/2020,17:31,1.82,1.82,1.82,1.82, 40390
02/10/2020,17:36,1.822,1.822,1.822,1.822, 65772
02/11/2020,09:08,1.8424,1.8424,1.8424,1.8424, 8000
02/11/2020,09:12,1.8424,1.8424,1.8424,1.8424, 8000
02/11/2020,09:17,1.858,1.86,1.858,1.86, 7080
02/11/2020,09:21,1.87,1.87,1.86,1.86, 16251
02/11/2020,09:33,1.84,1.84,1.84,1.84, 2500
02/11/2020,09:50,1.844,1.844,1.838,1.838, 5821
02/11/2020,09:51,1.838,1.838,1.824,1.824, 13302
02/11/2020,09:53,1.834,1.834,1.832,1.834, 5588
02/11/2020,10:04,1.832,1.832,1.83,1.832, 16229
02/11/2020,10:17,1.83,1.8306,1.83,1.83, 9500
02/11/2020,10:17,1.832,1.832,1.832,1.832, 2477
02/11/2020,10:28,1.83,1.83,1.83,1.83, 2587
02/11/2020,10:31,1.834,1.834,1.832,1.832, 2520
02/11/2020,10:45,1.8215,1.8215,1.8215,1.8215, 27451
02/11/2020,10:50,1.83,1.83,1.83,1.83, 1151
02/11/2020,10:58,1.8302,1.8302,1.8302,1.8302, 163
02/11/2020,11:05,1.8328,1.834,1.8328,1.834, 30000
02/11/2020,11:05,1.834,1.834,1.834,1.834, 5000
02/11/2020,11:12,1.83,1.832,1.83,1.832, 6868
02/11/2020,11:13,1.832,1.834,1.8306,1.8306, 6318
02/11/2020,11:22,1.834,1.834,1.834,1.834, 1500
02/11/2020,11:23,1.834,1.836,1.834,1.836, 2267
02/11/2020,11:29,1.8329,1.8329,1.8329,1.8329, 1695
02/11/2020,11:46,1.8377,1.8377,1.8377,1.8377, 2715
02/11/2020,11:48,1.838,1.838,1.838,1.838, 4564
02/11/2020,11:57,1.8399,1.8399,1.8399,1.8399, 5000
02/11/2020,11:57,1.838,1.838,1.838,1.838, 2634
02/11/2020,12:08,1.842,1.842,1.84,1.84, 3915
02/11/2020,12:20,1.8429,1.8429,1.8429,1.8429, 1213
02/11/2020,12:26,1.8477,1.8477,1.8477,1.8477, 534
02/11/2020,12:31,1.844,1.844,1.844,1.844, 66
02/11/2020,12:33,1.842,1.842,1.842,1.842, 3471
02/11/2020,12:33,1.84,1.84,1.84,1.84, 2162
02/11/2020,12:56,1.842,1.842,1.842,1.842, 52
02/11/2020,13:03,1.832,1.832,1.832,1.832, 196
02/11/2020,13:08,1.8389,1.8389,1.8389,1.8389, 1857
02/11/2020,13:10,1.838,1.838,1.838,1.838, 184
02/11/2020,13:23,1.836,1.836,1.836,1.836, 1482
02/11/2020,13:47,1.834,1.834,1.834,1.834, 727
02/11/2020,14:04,1.834,1.834,1.832,1.832, 1486
02/11/2020,14:06,1.83,1.83,1.83,1.83, 28
02/11/2020,14:11,1.832,1.832,1.832,1.832, 1447
02/11/2020,14:11,1.83,1.83,1.83,1.83, 886
02/11/2020,14:13,1.83,1.83,1.83,1.83, 10785
02/11/2020,14:14,1.83,1.83,1.83,1.83, 1490
02/11/2020,14:15,1.83,1.83,1.83,1.83, 25010
02/11/2020,14:17,1.83,1.83,1.83,1.83, 61087
02/11/2020,14:18,1.83,1.83,1.83,1.83, 10602
02/11/2020,14:20,1.8303,1.8303,1.83,1.83, 3738
02/11/2020,14:22,1.8312,1.8312,1.8312,1.8312, 1172
02/11/2020,14:26,1.828,1.828,1.826,1.826, 2628
02/11/2020,14:37,1.824,1.824,1.824,1.824, 1104
02/11/2020,14:38,1.826,1.826,1.8248,1.8248, 3505
02/11/2020,14:39,1.8248,1.8248,1.8248,1.8248, 2000
02/11/2020,14:42,1.826,1.826,1.826,1.826, 3392
02/11/2020,14:45,1.8246,1.8246,1.8246,1.8246, 1900
02/11/2020,14:52,1.824,1.824,1.824,1.824, 1204
02/11/2020,15:03,1.822,1.822,1.82,1.822, 6607
02/11/2020,15:04,1.82,1.82,1.816,1.816, 4993
02/11/2020,15:05,1.814,1.8208,1.814,1.816, 7284
02/11/2020,15:06,1.814,1.814,1.814,1.814, 1752
02/11/2020,15:07,1.81,1.812,1.81,1.81, 2484
02/11/2020,15:18,1.818,1.818,1.818,1.818, 7183
02/11/2020,15:23,1.82,1.822,1.82,1.822, 22137
02/11/2020,15:25,1.822,1.822,1.822,1.822, 1714
02/11/2020,15:27,1.822,1.822,1.822,1.822, 570
02/11/2020,15:45,1.822,1.822,1.822,1.822, 1240
02/11/2020,15:48,1.8208,1.8208,1.8208,1.8208, 6868
02/11/2020,15:51,1.8254,1.826,1.8254,1.826, 8530
02/11/2020,15:52,1.8257,1.8257,1.8257,1.8257, 2500
02/11/2020,15:57,1.826,1.828,1.826,1.826, 5672
02/11/2020,16:09,1.832,1.834,1.832,1.832, 2140
02/11/2020,16:10,1.832,1.832,1.83,1.83, 3347
02/11/2020,16:11,1.83,1.83,1.83,1.83, 1610
02/11/2020,16:12,1.83,1.83,1.83,1.83, 280
02/11/2020,16:16,1.83,1.83,1.83,1.83, 817
02/11/2020,16:24,1.828,1.828,1.826,1.826, 1640
02/11/2020,16:25,1.826,1.826,1.826,1.826, 100
02/11/2020,16:25,1.826,1.826,1.826,1.826, 100
02/11/2020,16:27,1.8266,1.8266,1.8266,1.8266, 345
02/11/2020,16:29,1.826,1.826,1.826,1.826, 500
02/11/2020,16:30,1.826,1.826,1.826,1.826, 1700
02/11/2020,16:31,1.826,1.826,1.826,1.826, 200
02/11/2020,16:33,1.826,1.826,1.826,1.826, 4836
02/11/2020,16:34,1.826,1.826,1.826,1.826, 300
02/11/2020,16:35,1.826,1.826,1.826,1.826, 100
02/11/2020,16:35,1.826,1.826,1.826,1.826, 100
02/11/2020,16:37,1.826,1.826,1.826,1.826, 200
02/11/2020,16:40,1.826,1.826,1.826,1.826, 100
02/11/2020,16:41,1.826,1.826,1.826,1.826, 421
02/11/2020,16:44,1.826,1.826,1.826,1.826, 1002
02/11/2020,16:46,1.826,1.828,1.826,1.828, 1907
02/11/2020,16:47,1.826,1.826,1.826,1.826, 100
02/11/2020,16:48,1.826,1.826,1.826,1.826, 100
02/11/2020,16:51,1.826,1.828,1.826,1.828, 4815
02/11/2020,17:05,1.826,1.826,1.826,1.826, 2500
02/11/2020,17:05,1.826,1.826,1.826,1.826, 3224
02/11/2020,17:06,1.8294,1.8294,1.8294,1.8294, 1250
02/11/2020,17:12,1.8294,1.8294,1.8294,1.8294, 1250
02/11/2020,17:14,1.826,1.826,1.826,1.826, 1240
02/11/2020,17:15,1.826,1.826,1.826,1.826, 800
02/11/2020,17:16,1.828,1.828,1.828,1.828, 3814
02/11/2020,17:17,1.824,1.828,1.824,1.828, 22356
02/11/2020,17:18,1.828,1.828,1.828,1.828, 6264
02/11/2020,17:20,1.832,1.834,1.832,1.834, 2491
02/11/2020,17:22,1.8371,1.8371,1.8371,1.8371, 500
02/11/2020,17:25,1.832,1.832,1.832,1.832, 500
02/11/2020,17:27,1.836,1.836,1.836,1.836, 4574
02/11/2020,17:28,1.838,1.838,1.838,1.838, 1797
02/11/2020,17:30,1.834,1.838,1.834,1.836, 726
02/11/2020,17:36,1.824,1.824,1.824,1.824, 48978
02/12/2020,10:00,1.8472,1.8472,1.8472,1.8472, 2000
02/12/2020,10:04,1.844,1.844,1.838,1.838, 4095
02/12/2020,10:23,1.836,1.84,1.836,1.8372, 2262
02/12/2020,10:25,1.8372,1.838,1.8372,1.838, 2487
02/12/2020,10:27,1.836,1.836,1.836,1.836, 687
02/12/2020,10:31,1.84,1.84,1.84,1.84, 164
02/12/2020,10:33,1.84,1.842,1.84,1.842, 3645
02/12/2020,10:46,1.844,1.844,1.844,1.844, 1750
02/12/2020,11:02,1.842,1.842,1.842,1.842, 131
02/12/2020,11:15,1.846,1.846,1.846,1.846, 1973
02/12/2020,11:25,1.846,1.846,1.846,1.846, 3661
02/12/2020,12:02,1.844,1.844,1.844,1.844, 1084
02/12/2020,12:03,1.84,1.844,1.84,1.844, 529
02/12/2020,12:15,1.84,1.84,1.84,1.84, 12
02/12/2020,12:16,1.846,1.852,1.846,1.852, 6309
02/12/2020,12:23,1.85,1.85,1.848,1.848, 821
02/12/2020,12:42,1.846,1.846,1.846,1.846, 2898
02/12/2020,12:46,1.846,1.846,1.846,1.846, 2583
02/12/2020,12:55,1.848,1.848,1.848,1.848, 133
02/12/2020,12:57,1.846,1.846,1.842,1.842, 6692
02/12/2020,12:58,1.842,1.842,1.84,1.842, 1677
02/12/2020,13:00,1.842,1.842,1.842,1.842, 790
02/12/2020,13:03,1.836,1.836,1.836,1.836, 138
02/12/2020,13:12,1.836,1.836,1.836,1.836, 12
02/12/2020,13:18,1.842,1.842,1.842,1.842, 177
02/12/2020,13:26,1.8408,1.8408,1.8408,1.8408, 4991
02/12/2020,13:34,1.838,1.838,1.838,1.838, 854
02/12/2020,13:40,1.836,1.836,1.836,1.836, 12
02/12/2020,13:59,1.836,1.836,1.836,1.836, 12
02/12/2020,14:02,1.836,1.836,1.836,1.836, 998
02/12/2020,14:05,1.836,1.836,1.832,1.832, 1983
02/12/2020,14:17,1.832,1.832,1.832,1.832, 12
02/12/2020,14:18,1.836,1.838,1.836,1.836, 2465
02/12/2020,14:30,1.8392,1.8392,1.8392,1.8392, 4030
02/12/2020,14:52,1.84,1.84,1.84,1.84, 50000
02/12/2020,14:56,1.836,1.836,1.836,1.836, 11
02/12/2020,15:01,1.842,1.842,1.84,1.842, 2563
02/12/2020,15:05,1.844,1.844,1.844,1.844, 1856
02/12/2020,15:13,1.846,1.846,1.846,1.846, 2392
02/12/2020,15:18,1.848,1.848,1.848,1.848, 468
02/12/2020,15:24,1.846,1.852,1.846,1.852, 167
02/12/2020,15:31,1.852,1.856,1.852,1.856, 3371
02/12/2020,15:32,1.854,1.854,1.854,1.854, 10
02/12/2020,15:35,1.858,1.858,1.858,1.858, 900
02/12/2020,15:54,1.858,1.858,1.858,1.858, 2536
02/12/2020,15:58,1.862,1.862,1.862,1.862, 2852
02/12/2020,16:00,1.864,1.864,1.864,1.864, 555
02/12/2020,16:03,1.8662,1.8662,1.8662,1.8662, 945
02/12/2020,16:04,1.866,1.866,1.866,1.866, 1989
02/12/2020,16:09,1.8636,1.8636,1.8636,1.8636, 4991
02/12/2020,16:10,1.864,1.864,1.864,1.864, 6302
02/12/2020,16:15,1.864,1.864,1.862,1.862, 1208
02/12/2020,16:16,1.862,1.862,1.862,1.862, 421
02/12/2020,16:20,1.862,1.862,1.862,1.862, 295
02/12/2020,16:23,1.866,1.866,1.862,1.866, 3429
02/12/2020,16:31,1.862,1.862,1.856,1.858, 5017
02/12/2020,16:31,1.856,1.856,1.856,1.856, 11
02/12/2020,16:36,1.856,1.856,1.856,1.856, 911
02/12/2020,16:42,1.8562,1.8592,1.856,1.856, 1029
02/12/2020,16:46,1.856,1.856,1.856,1.856, 11
02/12/2020,16:48,1.856,1.856,1.856,1.856, 53
02/12/2020,16:49,1.854,1.854,1.854,1.854, 43
02/12/2020,16:50,1.854,1.854,1.854,1.854, 11
02/12/2020,16:56,1.854,1.854,1.854,1.854, 11
02/12/2020,16:57,1.854,1.854,1.854,1.854, 52
02/12/2020,16:58,1.85,1.854,1.85,1.85, 8487
02/12/2020,17:00,1.85,1.852,1.85,1.85, 4750
02/12/2020,17:03,1.852,1.852,1.852,1.852, 3105
02/12/2020,17:04,1.85,1.85,1.85,1.85, 10
02/12/2020,17:06,1.852,1.852,1.852,1.852, 353
02/12/2020,17:08,1.85,1.85,1.85,1.85, 11
02/12/2020,17:10,1.85,1.85,1.85,1.85, 10
02/12/2020,17:15,1.85,1.852,1.85,1.852, 6796
02/12/2020,17:17,1.8502,1.8502,1.85,1.85, 643
02/12/2020,17:18,1.85,1.85,1.85,1.85, 11
02/12/2020,17:23,1.85,1.85,1.85,1.85, 3286
02/12/2020,17:24,1.85,1.85,1.85,1.85, 6610
02/12/2020,17:25,1.848,1.848,1.848,1.848, 10
02/12/2020,17:26,1.852,1.852,1.852,1.852, 1988
02/12/2020,17:27,1.85,1.852,1.85,1.852, 1658
02/12/2020,17:29,1.848,1.854,1.844,1.85, 17411
02/12/2020,17:30,1.848,1.848,1.844,1.844, 1811
02/12/2020,17:30,1.844,1.844,1.844,1.844, 131
02/12/2020,17:36,1.84,1.84,1.84,1.84, 65199
02/13/2020,09:05,1.834,1.834,1.8273,1.8273, 41124
02/13/2020,09:06,1.8353,1.8353,1.832,1.832, 1221
02/13/2020,09:07,1.8344,1.8344,1.8344,1.8344, 2075
02/13/2020,09:11,1.83,1.836,1.83,1.83, 19437
02/13/2020,09:12,1.83,1.83,1.83,1.83, 5545
02/13/2020,09:13,1.8205,1.83,1.8166,1.8166, 60175
02/13/2020,09:17,1.82,1.82,1.82,1.82, 25000
02/13/2020,09:21,1.82,1.82,1.82,1.82, 1320
02/13/2020,09:29,1.82,1.82,1.82,1.82, 5065
02/13/2020,09:31,1.82,1.82,1.82,1.82, 2152
02/13/2020,09:34,1.82,1.82,1.818,1.82, 7186
02/13/2020,09:37,1.82,1.82,1.82,1.82, 2814
02/13/2020,09:38,1.812,1.812,1.812,1.812, 1484
02/13/2020,09:48,1.8132,1.8132,1.8132,1.8132, 165
02/13/2020,09:50,1.81,1.81,1.81,1.81, 5501
02/13/2020,09:57,1.81,1.81,1.81,1.81, 2000
02/13/2020,10:04,1.81,1.81,1.81,1.81, 14486
02/13/2020,10:07,1.81,1.81,1.81,1.81, 2000
02/13/2020,10:09,1.81,1.81,1.81,1.81, 2917
02/13/2020,10:20,1.81,1.81,1.81,1.81, 6443
02/13/2020,10:21,1.81,1.81,1.81,1.81, 1285
02/13/2020,10:32,1.8096,1.8096,1.8096,1.8096, 1007
02/13/2020,10:33,1.81,1.81,1.81,1.81, 411
02/13/2020,10:38,1.8128,1.8128,1.8128,1.8128, 2552
02/13/2020,10:40,1.814,1.814,1.814,1.814, 2749
02/13/2020,10:41,1.814,1.814,1.814,1.814, 5199
02/13/2020,10:43,1.8132,1.8132,1.8132,1.8132, 1394
02/13/2020,10:56,1.806,1.81,1.806,1.81, 7964
02/13/2020,10:58,1.806,1.806,1.806,1.806, 684
02/13/2020,11:03,1.804,1.804,1.804,1.804, 1700
02/13/2020,11:12,1.8032,1.8032,1.8032,1.8032, 1500
02/13/2020,11:33,1.804,1.804,1.804,1.804, 807
02/13/2020,11:43,1.8,1.8,1.8,1.8, 251
02/13/2020,11:45,1.8032,1.804,1.8032,1.804, 4210
02/13/2020,12:12,1.802,1.802,1.802,1.802, 191
02/13/2020,12:24,1.8008,1.8008,1.8008,1.8008, 4573
02/13/2020,12:28,1.804,1.804,1.804,1.804, 1601
02/13/2020,12:29,1.807,1.807,1.807,1.807, 1852
02/13/2020,12:30,1.808,1.808,1.808,1.808, 1065
02/13/2020,12:31,1.81,1.81,1.81,1.81, 1326
02/13/2020,12:45,1.81,1.81,1.81,1.81, 4573
02/13/2020,12:45,1.81,1.812,1.81,1.812, 4569
02/13/2020,12:48,1.8191,1.8191,1.814,1.818, 37386
02/13/2020,12:49,1.82,1.822,1.82,1.822, 2177
02/13/2020,12:50,1.824,1.824,1.824,1.824, 1320
02/13/2020,12:52,1.824,1.824,1.824,1.824, 348
02/13/2020,12:57,1.824,1.824,1.822,1.822, 335
02/13/2020,13:03,1.82,1.82,1.82,1.82, 167
02/13/2020,13:28,1.822,1.822,1.822,1.822, 115
02/13/2020,13:36,1.8172,1.8172,1.8172,1.8172, 400
02/13/2020,13:39,1.816,1.816,1.814,1.814, 2061
02/13/2020,14:03,1.818,1.818,1.818,1.818, 3000
02/13/2020,14:04,1.818,1.818,1.818,1.818, 3724
02/13/2020,14:05,1.818,1.818,1.818,1.818, 1000
02/13/2020,15:10,1.812,1.812,1.812,1.812, 1949
02/13/2020,15:23,1.82,1.82,1.82,1.82, 2500
02/13/2020,15:24,1.8124,1.8124,1.8124,1.8124, 53
02/13/2020,15:47,1.82,1.822,1.82,1.822, 6985
02/13/2020,15:59,1.824,1.824,1.824,1.824, 847
02/13/2020,16:28,1.818,1.818,1.818,1.818, 3213
02/13/2020,16:29,1.818,1.818,1.818,1.818, 429
02/13/2020,16:34,1.816,1.816,1.814,1.814, 1520
02/13/2020,16:43,1.812,1.812,1.812,1.812, 407
02/13/2020,16:49,1.81,1.81,1.81,1.81, 1684
02/13/2020,17:04,1.814,1.814,1.814,1.814, 5584
02/13/2020,17:07,1.818,1.818,1.818,1.818, 464
02/13/2020,17:09,1.816,1.816,1.816,1.816, 1422
02/13/2020,17:12,1.814,1.814,1.814,1.814, 683
02/13/2020,17:19,1.812,1.812,1.812,1.812, 2386
02/13/2020,17:25,1.81,1.81,1.81,1.81, 3352
02/13/2020,17:26,1.81,1.81,1.81,1.81, 1189
02/13/2020,17:29,1.81,1.81,1.802,1.806, 4804
02/13/2020,17:30,1.802,1.802,1.802,1.802, 4753
02/13/2020,17:36,1.8,1.8,1.8,1.8, 181255
02/14/2020,09:03,1.825,1.825,1.825,1.825, 2500
02/14/2020,09:05,1.82,1.82,1.8193,1.8197, 13000
02/14/2020,09:06,1.8197,1.8197,1.8193,1.8193, 7000
02/14/2020,09:07,1.8239,1.824,1.806,1.806, 17282
02/14/2020,09:07,1.802,1.802,1.802,1.802, 1500
02/14/2020,10:03,1.8182,1.8182,1.818,1.818, 28364
02/14/2020,10:04,1.818,1.818,1.818,1.818, 4429
02/14/2020,10:05,1.8264,1.8264,1.82,1.82, 29382
02/14/2020,10:06,1.82,1.822,1.82,1.822, 8429
02/14/2020,10:07,1.816,1.816,1.816,1.816, 1500
02/14/2020,10:08,1.822,1.822,1.822,1.822, 2357
02/14/2020,10:09,1.8198,1.8198,1.8198,1.8198, 8051
02/14/2020,10:13,1.818,1.82,1.816,1.818, 12762
02/14/2020,10:15,1.816,1.816,1.814,1.814, 1634
02/14/2020,10:24,1.805,1.805,1.805,1.805, 40000
02/14/2020,10:27,1.8147,1.8147,1.8147,1.8147, 850
02/14/2020,10:35,1.8131,1.8131,1.8131,1.8131, 5000
02/14/2020,10:42,1.81,1.81,1.81,1.81, 660
02/14/2020,10:45,1.806,1.806,1.806,1.806, 150
02/14/2020,11:01,1.804,1.804,1.802,1.802, 1483
02/14/2020,11:15,1.806,1.808,1.806,1.808, 4611
02/14/2020,11:17,1.81,1.81,1.8087,1.8087, 3700
02/14/2020,11:18,1.81,1.81,1.81,1.81, 1080
02/14/2020,11:24,1.814,1.814,1.808,1.808, 2536
02/14/2020,11:26,1.808,1.808,1.808,1.808, 1039
02/14/2020,11:28,1.808,1.808,1.808,1.808, 5285
02/14/2020,11:29,1.808,1.808,1.808,1.808, 545
02/14/2020,11:30,1.806,1.806,1.806,1.806, 1954
02/14/2020,11:45,1.814,1.814,1.812,1.814, 3650
02/14/2020,11:49,1.816,1.822,1.816,1.8192, 6141
02/14/2020,12:10,1.818,1.818,1.818,1.818, 3466
02/14/2020,12:28,1.82,1.82,1.82,1.82, 3080
02/14/2020,12:49,1.82,1.82,1.818,1.82, 1234
02/14/2020,12:51,1.8152,1.8152,1.8152,1.8152, 503
02/14/2020,13:03,1.81,1.81,1.81,1.81, 21
02/14/2020,13:16,1.8162,1.8162,1.8162,1.8162, 8000
02/14/2020,13:18,1.819,1.819,1.819,1.819, 7000
02/14/2020,13:42,1.812,1.812,1.812,1.812, 5729
02/14/2020,14:20,1.808,1.808,1.808,1.808, 338
02/14/2020,14:35,1.8131,1.814,1.8131,1.814, 1604
02/14/2020,14:36,1.81,1.81,1.81,1.81, 1222
02/14/2020,14:46,1.808,1.808,1.808,1.808, 15
02/14/2020,15:06,1.804,1.804,1.8,1.8, 6461
02/14/2020,15:07,1.8007,1.8007,1.8007,1.8007, 2500
02/14/2020,15:11,1.796,1.796,1.796,1.796, 3685
02/14/2020,15:12,1.798,1.798,1.798,1.798, 301
02/14/2020,15:15,1.796,1.802,1.796,1.802, 9320
02/14/2020,15:16,1.8069,1.8069,1.8069,1.8069, 6000
02/14/2020,15:23,1.798,1.798,1.798,1.798, 24
02/14/2020,15:34,1.806,1.806,1.802,1.806, 5757
02/14/2020,15:37,1.8,1.8,1.8,1.8, 5098
02/14/2020,15:48,1.798,1.798,1.798,1.798, 246
02/14/2020,15:58,1.8,1.8,1.798,1.798, 2527
02/14/2020,16:11,1.796,1.796,1.796,1.796, 271
02/14/2020,16:17,1.8,1.802,1.8,1.802, 1000
02/14/2020,16:27,1.7993,1.7993,1.7993,1.7993, 232
02/14/2020,16:31,1.8,1.8,1.8,1.8, 747
02/14/2020,16:52,1.7998,1.8,1.7998,1.8, 2186
02/14/2020,16:54,1.798,1.798,1.798,1.798, 4532
02/14/2020,17:06,1.796,1.796,1.796,1.796, 1996
02/14/2020,17:10,1.792,1.792,1.792,1.792, 4661
02/14/2020,17:11,1.792,1.792,1.792,1.792, 750
02/14/2020,17:12,1.79,1.79,1.79,1.79, 489
02/14/2020,17:14,1.79,1.796,1.79,1.796, 6478
02/14/2020,17:17,1.796,1.796,1.796,1.796, 2240
02/14/2020,17:18,1.796,1.798,1.796,1.798, 4581
02/14/2020,17:22,1.798,1.798,1.798,1.798, 189
02/14/2020,17:23,1.796,1.796,1.796,1.796, 151
02/14/2020,17:25,1.798,1.798,1.792,1.792, 6729
02/14/2020,17:26,1.794,1.794,1.794,1.794, 1012
02/14/2020,17:27,1.796,1.796,1.796,1.796, 239
02/14/2020,17:29,1.794,1.794,1.794,1.794, 528
02/14/2020,17:30,1.792,1.796,1.792,1.796, 1088
02/14/2020,17:36,1.79,1.79,1.79,1.79, 34705
02/17/2020,09:28,1.825,1.825,1.825,1.825, 5581
02/17/2020,11:06,1.8182,1.8182,1.8182,1.8182, 300
02/17/2020,12:19,1.804,1.804,1.804,1.804, 506
02/17/2020,12:26,1.79,1.79,1.79,1.79, 2106
02/17/2020,12:27,1.788,1.788,1.784,1.784, 2363
02/17/2020,12:28,1.79,1.79,1.79,1.79, 9542
02/17/2020,12:30,1.792,1.794,1.792,1.792, 2780
02/17/2020,12:32,1.794,1.794,1.794,1.794, 1914
02/17/2020,12:37,1.796,1.796,1.796,1.796, 945
02/17/2020,12:42,1.798,1.8,1.798,1.8, 2121
02/17/2020,12:46,1.796,1.796,1.796,1.796, 437
02/17/2020,12:52,1.798,1.798,1.798,1.798, 2360
02/17/2020,12:56,1.794,1.794,1.794,1.794, 100
02/17/2020,13:00,1.798,1.798,1.798,1.798, 183
02/17/2020,13:03,1.794,1.794,1.794,1.794, 178
02/17/2020,13:06,1.794,1.794,1.79,1.79, 4282
02/17/2020,13:08,1.7984,1.7984,1.798,1.798, 14476
02/17/2020,13:11,1.7987,1.7987,1.7987,1.7987, 8000
02/17/2020,13:12,1.7989,1.7989,1.7989,1.7989, 8000
02/17/2020,13:35,1.794,1.794,1.794,1.794, 2174
02/17/2020,13:55,1.786,1.786,1.786,1.786, 437
02/17/2020,14:47,1.788,1.788,1.788,1.788, 13531
02/17/2020,15:04,1.7887,1.7887,1.7887,1.7887, 8000
02/17/2020,15:05,1.788,1.788,1.788,1.788, 5261
02/17/2020,15:07,1.79,1.79,1.79,1.79, 1920
02/17/2020,15:08,1.79,1.79,1.79,1.79, 333
02/17/2020,15:12,1.7894,1.7894,1.7894,1.7894, 1250
02/17/2020,15:39,1.784,1.784,1.784,1.784, 515
02/17/2020,15:44,1.782,1.782,1.782,1.782, 55
02/17/2020,16:25,1.7828,1.7828,1.7828,1.7828, 1261
02/17/2020,16:27,1.782,1.782,1.782,1.782, 2101
02/17/2020,16:30,1.78,1.78,1.776,1.776, 12849
02/17/2020,16:34,1.774,1.774,1.774,1.774, 1536
02/17/2020,16:36,1.772,1.772,1.772,1.772, 1625
02/17/2020,16:49,1.774,1.774,1.774,1.774, 1788
02/17/2020,17:00,1.7762,1.7762,1.776,1.776, 7679
02/17/2020,17:01,1.772,1.774,1.772,1.774, 1122
02/17/2020,17:11,1.774,1.774,1.774,1.774, 408
02/17/2020,17:13,1.776,1.776,1.776,1.776, 5301
02/17/2020,17:27,1.772,1.772,1.772,1.772, 407
02/17/2020,17:28,1.776,1.776,1.776,1.776, 400
02/17/2020,17:28,1.774,1.774,1.774,1.774, 432
02/17/2020,17:30,1.774,1.778,1.774,1.778, 1525
02/17/2020,17:30,1.778,1.78,1.778,1.78, 786
02/17/2020,17:36,1.776,1.776,1.776,1.776, 50191
02/18/2020,09:01,1.77,1.77,1.7671,1.7671, 29981
02/18/2020,09:22,1.782,1.782,1.782,1.782, 153
02/18/2020,09:23,1.774,1.776,1.764,1.77, 54636
02/18/2020,09:24,1.77,1.77,1.77,1.77, 3263
02/18/2020,09:31,1.774,1.778,1.768,1.768, 20000
02/18/2020,09:39,1.768,1.768,1.768,1.768, 100
02/18/2020,09:40,1.7697,1.7697,1.762,1.762, 15946
02/18/2020,09:40,1.7576,1.7576,1.7576,1.7576, 25000
02/18/2020,09:50,1.77,1.772,1.768,1.768, 21615
02/18/2020,09:51,1.768,1.7696,1.768,1.768, 11378
02/18/2020,09:52,1.768,1.768,1.768,1.768, 100
02/18/2020,09:53,1.77,1.77,1.7684,1.7684, 5335
02/18/2020,10:03,1.7711,1.7711,1.7711,1.7711, 2500
02/18/2020,10:10,1.772,1.772,1.772,1.772, 263
02/18/2020,10:17,1.7688,1.7688,1.7688,1.7688, 2000
02/18/2020,10:22,1.768,1.768,1.768,1.768, 5651
02/18/2020,10:28,1.768,1.768,1.768,1.768, 2000
02/18/2020,10:35,1.768,1.768,1.768,1.768, 2656
02/18/2020,10:39,1.768,1.768,1.768,1.768, 6348
02/18/2020,10:40,1.768,1.768,1.768,1.768, 491
02/18/2020,10:43,1.768,1.768,1.768,1.768, 6899
02/18/2020,10:52,1.768,1.768,1.768,1.768, 1736
02/18/2020,10:55,1.7696,1.7696,1.7696,1.7696, 1124
02/18/2020,10:58,1.768,1.768,1.768,1.768, 1421
02/18/2020,11:01,1.768,1.768,1.768,1.768, 8699
02/18/2020,11:02,1.768,1.768,1.768,1.768, 1000
02/18/2020,11:02,1.768,1.768,1.768,1.768, 3550
02/18/2020,11:05,1.768,1.7684,1.768,1.7684, 10050
02/18/2020,11:07,1.768,1.768,1.768,1.768, 2550
02/18/2020,11:10,1.77,1.772,1.77,1.77, 10372
02/18/2020,11:12,1.7684,1.7684,1.7684,1.7684, 514
02/18/2020,11:16,1.768,1.768,1.768,1.768, 9367
02/18/2020,11:19,1.77,1.772,1.77,1.772, 3191
02/18/2020,11:19,1.774,1.776,1.774,1.776, 4937
02/18/2020,11:29,1.774,1.774,1.774,1.774, 10600
02/18/2020,11:30,1.774,1.774,1.774,1.774, 4550
02/18/2020,11:32,1.774,1.774,1.774,1.774, 13736
02/18/2020,11:33,1.774,1.774,1.774,1.774, 4550
02/18/2020,11:34,1.778,1.778,1.776,1.776, 3804
02/18/2020,11:40,1.778,1.778,1.778,1.778, 1500
02/18/2020,11:51,1.7768,1.7768,1.7768,1.7768, 10
02/18/2020,12:16,1.776,1.778,1.776,1.778, 11320
02/18/2020,12:21,1.776,1.776,1.776,1.776, 10
02/18/2020,12:37,1.776,1.776,1.776,1.776, 900
02/18/2020,12:53,1.778,1.778,1.778,1.778, 2189
02/18/2020,12:57,1.776,1.776,1.776,1.776, 1299
02/18/2020,13:03,1.774,1.774,1.774,1.774, 360
02/18/2020,13:04,1.776,1.776,1.776,1.776, 1950
02/18/2020,13:17,1.774,1.774,1.774,1.774, 1530
02/18/2020,13:25,1.774,1.774,1.774,1.774, 3763
02/18/2020,13:33,1.7748,1.7748,1.7748,1.7748, 2500
02/18/2020,14:03,1.7771,1.7771,1.7771,1.7771, 2810
02/18/2020,14:06,1.774,1.774,1.758,1.758, 15014
02/18/2020,14:13,1.7734,1.7734,1.7734,1.7734, 13616
02/18/2020,14:26,1.758,1.758,1.758,1.758, 818
02/18/2020,14:32,1.7602,1.7602,1.7602,1.7602, 2500
02/18/2020,14:38,1.7548,1.7548,1.7548,1.7548, 1000
02/18/2020,14:43,1.754,1.754,1.754,1.754, 1605
02/18/2020,14:52,1.758,1.762,1.758,1.762, 7959
02/18/2020,15:18,1.758,1.758,1.758,1.758, 414
02/18/2020,15:29,1.758,1.758,1.756,1.756, 2409
02/18/2020,15:32,1.752,1.756,1.752,1.756, 5212
02/18/2020,15:33,1.754,1.754,1.754,1.754, 1500
02/18/2020,15:36,1.756,1.756,1.756,1.756, 1500
02/18/2020,15:37,1.76,1.76,1.76,1.76, 2336
02/18/2020,15:44,1.76,1.76,1.76,1.76, 906
02/18/2020,15:44,1.76,1.76,1.76,1.76, 1405
02/18/2020,15:53,1.756,1.756,1.756,1.756, 1606
02/18/2020,15:56,1.754,1.754,1.754,1.754, 1500
02/18/2020,16:01,1.756,1.756,1.756,1.756, 2044
02/18/2020,16:04,1.7571,1.7591,1.7571,1.7591, 3500
02/18/2020,16:05,1.758,1.758,1.758,1.758, 681
02/18/2020,16:05,1.758,1.758,1.758,1.758, 1230
02/18/2020,16:10,1.7548,1.7548,1.7548,1.7548, 751
02/18/2020,16:16,1.754,1.76,1.754,1.758, 3641
02/18/2020,16:22,1.76,1.76,1.76,1.76, 3767
02/18/2020,16:23,1.76,1.76,1.758,1.758, 4367
02/18/2020,16:37,1.752,1.752,1.752,1.752, 100
02/18/2020,16:46,1.754,1.754,1.754,1.754, 3755
02/18/2020,16:48,1.7591,1.7591,1.7591,1.7591, 8000
02/18/2020,16:49,1.756,1.7592,1.756,1.756, 9500
02/18/2020,16:58,1.7528,1.7528,1.7528,1.7528, 1336
02/18/2020,17:04,1.752,1.752,1.752,1.752, 457
02/18/2020,17:07,1.7559,1.756,1.7559,1.756, 10441
02/18/2020,17:08,1.754,1.754,1.754,1.754, 2709
02/18/2020,17:09,1.7551,1.7551,1.7551,1.7551, 1000
02/18/2020,17:12,1.752,1.752,1.752,1.752, 460
02/18/2020,17:15,1.7563,1.7563,1.756,1.756, 6314
02/18/2020,17:16,1.756,1.756,1.756,1.756, 5000
02/18/2020,17:20,1.754,1.754,1.754,1.754, 822
02/18/2020,17:26,1.7571,1.7571,1.752,1.752, 6731
02/18/2020,17:27,1.754,1.754,1.754,1.754, 292
02/18/2020,17:28,1.754,1.754,1.754,1.754, 949
02/18/2020,17:29,1.75,1.754,1.75,1.754, 7498
02/18/2020,17:30,1.752,1.756,1.752,1.756, 16243
02/18/2020,17:30,1.754,1.758,1.754,1.758, 4583
02/18/2020,17:36,1.75,1.75,1.75,1.75, 62864
02/19/2020,09:01,1.7496,1.7496,1.7496,1.7496, 44
02/19/2020,09:01,1.7485,1.7485,1.7485,1.7485, 945
02/19/2020,09:06,1.75,1.75,1.75,1.75, 434
02/19/2020,09:11,1.7663,1.7663,1.7663,1.7663, 566
02/19/2020,09:49,1.7676,1.7676,1.7676,1.7676, 651
02/19/2020,09:54,1.772,1.772,1.772,1.772, 1728
02/19/2020,10:30,1.7584,1.7584,1.7584,1.7584, 3790
02/19/2020,10:36,1.757,1.757,1.757,1.757, 930
02/19/2020,10:42,1.7604,1.7604,1.7604,1.7604, 500
02/19/2020,10:43,1.762,1.762,1.758,1.758, 2832
02/19/2020,10:44,1.756,1.756,1.754,1.754, 2098
02/19/2020,11:06,1.752,1.754,1.752,1.752, 5950
02/19/2020,11:08,1.752,1.752,1.75,1.75, 2146
02/19/2020,11:09,1.75,1.75,1.75,1.75, 1946
02/19/2020,11:10,1.75,1.75,1.75,1.75, 662
02/19/2020,11:11,1.752,1.7531,1.752,1.7531, 4338
02/19/2020,12:05,1.7568,1.7568,1.7568,1.7568, 5500
02/19/2020,12:06,1.7566,1.76,1.754,1.76, 11211
02/19/2020,12:08,1.758,1.758,1.758,1.758, 3765
02/19/2020,12:21,1.756,1.756,1.754,1.754, 3300
02/19/2020,12:23,1.756,1.756,1.756,1.756, 160
02/19/2020,12:25,1.7536,1.7536,1.7536,1.7536, 125
02/19/2020,12:26,1.754,1.756,1.754,1.754, 10033
02/19/2020,12:27,1.758,1.758,1.758,1.758, 2375
02/19/2020,12:47,1.758,1.758,1.758,1.758, 518
02/19/2020,12:53,1.76,1.76,1.76,1.76, 506
02/19/2020,12:56,1.762,1.762,1.762,1.762, 1724
02/19/2020,13:03,1.77,1.77,1.77,1.77, 160
02/19/2020,13:09,1.762,1.762,1.762,1.762, 1386
02/19/2020,13:33,1.7649,1.766,1.764,1.766, 8334
02/19/2020,13:45,1.7651,1.7651,1.7651,1.7651, 66
02/19/2020,14:03,1.7651,1.7651,1.7651,1.7651, 1409
02/19/2020,14:04,1.7651,1.768,1.7651,1.768, 8700
02/19/2020,14:15,1.768,1.768,1.768,1.768, 4118
02/19/2020,14:28,1.768,1.77,1.768,1.768, 11710
02/19/2020,14:29,1.766,1.766,1.766,1.766, 1874
02/19/2020,14:48,1.7636,1.7636,1.7636,1.7636, 5000
02/19/2020,14:58,1.772,1.774,1.772,1.774, 7006
02/19/2020,15:13,1.776,1.776,1.776,1.776, 796
02/19/2020,15:19,1.776,1.776,1.776,1.776, 1463
02/19/2020,15:30,1.7768,1.78,1.7768,1.78, 11552
02/19/2020,15:30,1.782,1.782,1.782,1.782, 1500
02/19/2020,15:33,1.782,1.782,1.782,1.782, 670
02/19/2020,15:51,1.784,1.786,1.784,1.786, 1910
02/19/2020,16:03,1.782,1.782,1.78,1.78, 2290
02/19/2020,16:11,1.7784,1.7784,1.7784,1.7784, 5000
02/19/2020,16:15,1.778,1.778,1.778,1.778, 2240
02/19/2020,16:18,1.776,1.776,1.776,1.776, 1683
02/19/2020,16:29,1.774,1.776,1.774,1.776, 2318
02/19/2020,16:32,1.776,1.776,1.776,1.776, 465
02/19/2020,16:39,1.774,1.774,1.774,1.774, 634
02/19/2020,16:43,1.774,1.774,1.774,1.774, 256
02/19/2020,16:52,1.774,1.7742,1.774,1.7742, 3652
02/19/2020,16:52,1.778,1.778,1.778,1.778, 6919
02/19/2020,17:01,1.78,1.78,1.78,1.78, 1201
02/19/2020,17:18,1.778,1.7807,1.778,1.7807, 1375
02/19/2020,17:22,1.78,1.78,1.776,1.776, 2284
02/19/2020,17:24,1.776,1.776,1.776,1.776, 581
02/19/2020,17:25,1.778,1.778,1.778,1.778, 416
02/19/2020,17:27,1.778,1.778,1.778,1.778, 2277
02/19/2020,17:29,1.776,1.776,1.776,1.776, 987
02/19/2020,17:30,1.778,1.78,1.778,1.78, 5046
02/19/2020,17:30,1.782,1.79,1.78,1.78, 24343
02/19/2020,17:36,1.778,1.778,1.778,1.778, 50470
02/20/2020,09:03,1.7979,1.7979,1.7979,1.7979, 69
02/20/2020,09:14,1.7695,1.7695,1.7694,1.7694, 9718
02/20/2020,10:19,1.7887,1.7887,1.7887,1.7887, 2600
02/20/2020,10:37,1.768,1.778,1.768,1.778, 4034
02/20/2020,10:38,1.778,1.778,1.778,1.778, 2672
02/20/2020,10:39,1.778,1.78,1.778,1.78, 6821
02/20/2020,10:40,1.78,1.78,1.7774,1.7774, 1035
02/20/2020,10:43,1.7774,1.7774,1.7774,1.7774, 5626
02/20/2020,10:44,1.78,1.784,1.78,1.784, 11171
02/20/2020,10:45,1.792,1.792,1.792,1.792, 370
02/20/2020,10:47,1.7908,1.7946,1.7908,1.7946, 11148
02/20/2020,10:48,1.792,1.8048,1.792,1.8048, 93405
02/20/2020,10:49,1.8049,1.8086,1.802,1.8086, 15861
02/20/2020,10:50,1.8072,1.8072,1.804,1.804, 8289
02/20/2020,10:51,1.8,1.8,1.8,1.8, 630
02/20/2020,10:52,1.804,1.804,1.804,1.804, 5539
02/20/2020,10:53,1.8042,1.806,1.802,1.806, 9392
02/20/2020,10:55,1.8023,1.8023,1.8023,1.8023, 2500
02/20/2020,10:58,1.8096,1.8096,1.8096,1.8096, 5522
02/20/2020,11:02,1.8097,1.812,1.808,1.808, 23733
02/20/2020,11:03,1.8164,1.8164,1.81,1.8104, 24122
02/20/2020,11:04,1.816,1.818,1.816,1.818, 24741
02/20/2020,11:08,1.8123,1.814,1.812,1.814, 8418
02/20/2020,11:09,1.812,1.812,1.8109,1.8109, 5500
02/20/2020,11:11,1.814,1.816,1.814,1.816, 750
02/20/2020,11:12,1.816,1.818,1.816,1.818, 4441
02/20/2020,11:16,1.8121,1.8121,1.8121,1.8121, 2810
02/20/2020,11:19,1.82,1.82,1.82,1.82, 2039
02/20/2020,11:20,1.8182,1.8182,1.8182,1.8182, 2624
02/20/2020,11:28,1.82,1.82,1.82,1.82, 246
02/20/2020,11:29,1.8141,1.8141,1.8141,1.8141, 911
02/20/2020,11:32,1.82,1.82,1.82,1.82, 556
02/20/2020,11:33,1.822,1.824,1.822,1.824, 9062
02/20/2020,11:34,1.82,1.82,1.82,1.82, 3983
02/20/2020,11:39,1.82,1.82,1.82,1.82, 1500
02/20/2020,11:43,1.822,1.822,1.822,1.822, 307
02/20/2020,11:47,1.824,1.824,1.824,1.824, 700
02/20/2020,11:51,1.824,1.826,1.824,1.826, 3092
02/20/2020,11:53,1.824,1.824,1.824,1.824, 460
02/20/2020,11:55,1.8271,1.828,1.8271,1.828, 11719
02/20/2020,11:56,1.8327,1.834,1.8269,1.8269, 42523
02/20/2020,11:57,1.838,1.8416,1.836,1.838, 33603
02/20/2020,11:58,1.838,1.838,1.838,1.838, 2840
02/20/2020,12:03,1.838,1.838,1.838,1.838, 820
02/20/2020,12:06,1.838,1.838,1.838,1.838, 441
02/20/2020,12:07,1.836,1.836,1.836,1.836, 1051
02/20/2020,12:27,1.8348,1.8348,1.8348,1.8348, 3671
02/20/2020,12:36,1.8348,1.8348,1.8348,1.8348, 2000
02/20/2020,12:38,1.834,1.836,1.834,1.836, 4953
02/20/2020,12:45,1.834,1.834,1.834,1.834, 4155
02/20/2020,12:56,1.838,1.838,1.838,1.838, 2510
02/20/2020,13:00,1.838,1.838,1.838,1.838, 84
02/20/2020,13:03,1.83,1.842,1.83,1.842, 1970
02/20/2020,13:18,1.84,1.84,1.84,1.84, 1328
02/20/2020,13:21,1.84,1.84,1.84,1.84, 207
02/20/2020,13:34,1.84,1.84,1.84,1.84, 661
02/20/2020,13:35,1.8483,1.85,1.84,1.85, 51799
02/20/2020,13:35,1.846,1.846,1.846,1.846, 1595
02/20/2020,13:40,1.8458,1.8458,1.8458,1.8458, 5691
02/20/2020,13:43,1.844,1.844,1.844,1.844, 4847
02/20/2020,13:58,1.848,1.848,1.848,1.848, 1628
02/20/2020,14:14,1.8436,1.8436,1.8436,1.8436, 2500
02/20/2020,14:29,1.8416,1.8416,1.836,1.836, 21203
02/20/2020,14:40,1.836,1.836,1.836,1.836, 1570
02/20/2020,15:13,1.832,1.832,1.832,1.832, 3861
02/20/2020,15:23,1.8318,1.8318,1.8318,1.8318, 5463
02/20/2020,15:23,1.829,1.829,1.829,1.829, 5471
02/20/2020,15:30,1.832,1.832,1.832,1.832, 5263
02/20/2020,15:30,1.8292,1.8292,1.8292,1.8292, 367
02/20/2020,15:35,1.834,1.834,1.834,1.834, 930
02/20/2020,16:13,1.8313,1.8313,1.8313,1.8313, 5464
02/20/2020,16:13,1.834,1.834,1.834,1.834, 1406
02/20/2020,16:16,1.836,1.836,1.836,1.836, 524
02/20/2020,16:17,1.838,1.838,1.838,1.838, 302
02/20/2020,16:19,1.834,1.834,1.834,1.834, 405
02/20/2020,16:23,1.838,1.838,1.838,1.838, 207
02/20/2020,16:26,1.834,1.834,1.834,1.834, 7650
02/20/2020,16:41,1.8328,1.8328,1.8328,1.8328, 200
02/20/2020,16:45,1.8328,1.8328,1.8328,1.8328, 4368
02/20/2020,16:45,1.834,1.834,1.834,1.834, 450
02/20/2020,16:47,1.836,1.836,1.836,1.836, 86
02/20/2020,16:51,1.84,1.842,1.84,1.84, 7351
02/20/2020,16:52,1.84,1.84,1.84,1.84, 997
02/20/2020,16:52,1.84,1.84,1.84,1.84, 252
02/20/2020,16:54,1.8463,1.8463,1.8463,1.8463, 4382
02/20/2020,17:01,1.844,1.844,1.844,1.844, 1392
02/20/2020,17:08,1.8411,1.842,1.838,1.838, 24620
02/20/2020,17:09,1.8345,1.8345,1.8345,1.8345, 5455
02/20/2020,17:11,1.836,1.836,1.834,1.834, 2659
02/20/2020,17:12,1.836,1.836,1.836,1.836, 1500
02/20/2020,17:14,1.836,1.836,1.8323,1.8323, 6180
02/20/2020,17:15,1.834,1.834,1.8282,1.8282, 10445
02/20/2020,17:17,1.828,1.828,1.828,1.828, 2067
02/20/2020,17:17,1.8312,1.8312,1.8312,1.8312, 1500
02/20/2020,17:19,1.828,1.828,1.828,1.828, 93
02/20/2020,17:20,1.828,1.828,1.828,1.828, 772
02/20/2020,17:23,1.83,1.83,1.83,1.83, 1514
02/20/2020,17:24,1.83,1.83,1.83,1.83, 840
02/20/2020,17:28,1.828,1.828,1.828,1.828, 2609
02/20/2020,17:30,1.826,1.828,1.826,1.828, 687
02/20/2020,17:36,1.818,1.818,1.818,1.818, 51668
02/21/2020,09:01,1.8124,1.8124,1.8124,1.8124, 1041
02/21/2020,09:15,1.8132,1.8132,1.8132,1.8132, 2000
02/21/2020,09:19,1.802,1.802,1.802,1.802, 1612
02/21/2020,09:20,1.812,1.812,1.81,1.81, 2494
02/21/2020,09:20,1.8,1.8,1.8,1.8, 3106
02/21/2020,09:25,1.796,1.796,1.796,1.796, 1500
02/21/2020,09:31,1.804,1.806,1.804,1.806, 2656
02/21/2020,09:31,1.802,1.802,1.802,1.802, 1765
02/21/2020,09:32,1.804,1.804,1.804,1.804, 100
02/21/2020,09:35,1.806,1.81,1.806,1.81, 691
02/21/2020,09:36,1.81,1.81,1.81,1.81, 1176
02/21/2020,09:45,1.808,1.808,1.802,1.802, 4621
02/21/2020,09:51,1.8048,1.8048,1.8048,1.8048, 2500
02/21/2020,09:56,1.8,1.8,1.796,1.796, 2306
02/21/2020,10:01,1.798,1.798,1.798,1.798, 4365
02/21/2020,10:05,1.8,1.802,1.8,1.802, 1931
02/21/2020,10:14,1.8001,1.8001,1.8001,1.8001, 1840
02/21/2020,10:17,1.8,1.8,1.8,1.8, 586
02/21/2020,10:25,1.796,1.796,1.79,1.79, 2095
02/21/2020,10:34,1.792,1.792,1.792,1.792, 12
02/21/2020,10:36,1.792,1.792,1.792,1.792, 375
02/21/2020,10:37,1.792,1.792,1.792,1.792, 28
02/21/2020,10:38,1.792,1.792,1.792,1.792, 14
02/21/2020,10:39,1.792,1.792,1.792,1.792, 14
02/21/2020,10:40,1.792,1.792,1.792,1.792, 27
02/21/2020,10:41,1.79,1.79,1.79,1.79, 13
02/21/2020,10:42,1.786,1.786,1.786,1.786, 5717
02/21/2020,10:43,1.788,1.788,1.788,1.788, 26
02/21/2020,10:44,1.784,1.784,1.784,1.784, 583
02/21/2020,10:46,1.788,1.788,1.788,1.788, 13
02/21/2020,10:46,1.786,1.786,1.786,1.786, 136
02/21/2020,10:49,1.7872,1.7872,1.786,1.786, 3163
02/21/2020,10:55,1.7902,1.7902,1.7902,1.7902, 5272
02/21/2020,10:57,1.786,1.786,1.786,1.786, 21
02/21/2020,11:01,1.788,1.792,1.786,1.792, 3658
02/21/2020,11:03,1.792,1.792,1.792,1.792, 707
02/21/2020,11:07,1.79,1.79,1.79,1.79, 5236
02/21/2020,11:15,1.7888,1.792,1.7888,1.792, 4911
02/21/2020,11:46,1.786,1.786,1.786,1.786, 456
02/21/2020,12:01,1.786,1.786,1.784,1.784, 2583
02/21/2020,12:03,1.782,1.782,1.782,1.782, 15
02/21/2020,12:06,1.784,1.784,1.784,1.784, 863
02/21/2020,12:07,1.78,1.78,1.778,1.778, 1032
02/21/2020,12:08,1.776,1.776,1.776,1.776, 15
02/21/2020,12:12,1.7784,1.7784,1.7784,1.7784, 10000
02/21/2020,12:24,1.772,1.772,1.772,1.772, 600
02/21/2020,12:25,1.774,1.782,1.774,1.782, 11986
02/21/2020,12:32,1.7832,1.7832,1.7832,1.7832, 3000
02/21/2020,12:37,1.78,1.78,1.78,1.78, 3000
02/21/2020,12:49,1.7832,1.7832,1.7832,1.7832, 1957
02/21/2020,12:50,1.782,1.782,1.782,1.782, 144
02/21/2020,12:57,1.782,1.782,1.7796,1.7796, 5897
02/21/2020,12:58,1.778,1.778,1.778,1.778, 376
02/21/2020,12:58,1.774,1.774,1.774,1.774, 1320
02/21/2020,13:03,1.77,1.78,1.77,1.78, 63
02/21/2020,13:07,1.7842,1.7842,1.7842,1.7842, 9640
02/21/2020,13:08,1.78,1.78,1.78,1.78, 971
02/21/2020,13:10,1.782,1.782,1.782,1.782, 1801
02/21/2020,13:18,1.78,1.78,1.776,1.78, 2858
02/21/2020,13:25,1.774,1.774,1.774,1.774, 28
02/21/2020,13:40,1.7721,1.7721,1.7721,1.7721, 250
02/21/2020,13:51,1.7721,1.7721,1.7721,1.7721, 1000
02/21/2020,13:55,1.7768,1.7768,1.7768,1.7768, 1339
02/21/2020,14:02,1.778,1.782,1.778,1.782, 13313
02/21/2020,14:03,1.78,1.78,1.78,1.78, 5117
02/21/2020,14:33,1.7808,1.7808,1.7808,1.7808, 2500
02/21/2020,14:38,1.782,1.782,1.776,1.776, 6827
02/21/2020,14:40,1.7788,1.7788,1.7788,1.7788, 3000
02/21/2020,14:52,1.774,1.774,1.772,1.772, 1727
02/21/2020,14:58,1.7757,1.7757,1.7757,1.7757, 2000
02/21/2020,15:03,1.776,1.776,1.776,1.776, 500
02/21/2020,15:23,1.774,1.774,1.774,1.774, 1188
02/21/2020,15:32,1.772,1.772,1.772,1.772, 2146
02/21/2020,15:33,1.77,1.77,1.762,1.762, 22620
02/21/2020,15:35,1.76,1.76,1.76,1.76, 612
02/21/2020,15:36,1.756,1.756,1.756,1.756, 1613
02/21/2020,15:37,1.758,1.758,1.754,1.758, 3038
02/21/2020,15:40,1.758,1.758,1.758,1.758, 7259
02/21/2020,15:46,1.754,1.754,1.752,1.752, 9510
02/21/2020,15:48,1.752,1.752,1.752,1.752, 485
02/21/2020,15:56,1.756,1.756,1.756,1.756, 2500
02/21/2020,15:58,1.756,1.758,1.756,1.758, 6701
02/21/2020,16:01,1.756,1.756,1.756,1.756, 709
02/21/2020,16:02,1.756,1.756,1.754,1.754, 3368
02/21/2020,16:20,1.7558,1.7558,1.7558,1.7558, 3500
02/21/2020,16:21,1.7569,1.76,1.756,1.76, 25060
02/21/2020,16:22,1.76,1.76,1.76,1.76, 880
02/21/2020,16:29,1.758,1.758,1.758,1.758, 6292
02/21/2020,16:31,1.7558,1.7558,1.7519,1.7519, 10775
02/21/2020,16:34,1.75,1.75,1.75,1.75, 1000
02/21/2020,16:36,1.752,1.752,1.752,1.752, 631
02/21/2020,16:38,1.752,1.752,1.752,1.752, 2152
02/21/2020,16:46,1.752,1.752,1.75,1.75, 1890
02/21/2020,16:53,1.756,1.756,1.754,1.756, 4275
02/21/2020,16:55,1.7591,1.7591,1.758,1.758, 13519
02/21/2020,16:56,1.757,1.757,1.757,1.757, 17
02/21/2020,16:58,1.76,1.76,1.758,1.758, 4495
02/21/2020,16:59,1.756,1.756,1.756,1.756, 1396
02/21/2020,17:00,1.756,1.756,1.756,1.756, 3370
02/21/2020,17:01,1.7592,1.7608,1.758,1.7608, 21976
02/21/2020,17:02,1.76,1.76,1.76,1.76, 6720
02/21/2020,17:06,1.762,1.7623,1.762,1.7623, 8154
02/21/2020,17:07,1.762,1.762,1.762,1.762, 1719
02/21/2020,17:09,1.7603,1.7603,1.76,1.76, 4063
02/21/2020,17:11,1.7614,1.7614,1.7614,1.7614, 2500
02/21/2020,17:15,1.7614,1.7614,1.7614,1.7614, 2000
02/21/2020,17:18,1.7614,1.7628,1.7614,1.7628, 11021
02/21/2020,17:19,1.7629,1.766,1.762,1.766, 18322
02/21/2020,17:22,1.7654,1.77,1.764,1.768, 31704
02/21/2020,17:24,1.7698,1.7698,1.768,1.768, 11717
02/21/2020,17:26,1.7706,1.7706,1.77,1.77, 9460
02/21/2020,17:29,1.77,1.77,1.77,1.77, 688
02/21/2020,17:30,1.772,1.7724,1.768,1.772, 18099
02/21/2020,17:30,1.772,1.7725,1.766,1.766, 10033
02/21/2020,17:36,1.77,1.77,1.77,1.77, 57575
02/24/2020,09:01,1.75,1.75,1.742,1.742, 19749
02/24/2020,09:02,1.7413,1.7413,1.7376,1.7376, 33002
02/24/2020,09:03,1.7432,1.7432,1.7432,1.7432, 2000
02/24/2020,09:05,1.74,1.74,1.738,1.738, 10380
02/24/2020,09:06,1.738,1.7434,1.732,1.7434, 7682
02/24/2020,09:07,1.72,1.72,1.7135,1.716, 31100
02/24/2020,09:07,1.708,1.708,1.708,1.708, 1500
02/24/2020,09:09,1.718,1.718,1.718,1.718, 291
02/24/2020,09:12,1.718,1.718,1.718,1.718, 2000
02/24/2020,09:14,1.706,1.706,1.706,1.706, 2000
02/24/2020,09:15,1.708,1.708,1.708,1.708, 1384
02/24/2020,09:16,1.7071,1.7111,1.7012,1.7111, 18943
02/24/2020,09:17,1.7111,1.7111,1.7111,1.7111, 6000
02/24/2020,09:19,1.7069,1.7069,1.7069,1.7069, 2721
02/24/2020,09:21,1.706,1.706,1.7032,1.7032, 3790
02/24/2020,09:23,1.7,1.7,1.7,1.7, 2500
02/24/2020,09:24,1.704,1.704,1.704,1.704, 2926
02/24/2020,09:30,1.7011,1.7011,1.7011,1.7011, 2000
02/24/2020,09:34,1.696,1.696,1.696,1.696, 4
02/24/2020,09:35,1.6991,1.6991,1.6991,1.6991, 1940
02/24/2020,09:35,1.694,1.694,1.694,1.694, 1000
02/24/2020,09:37,1.692,1.692,1.692,1.692, 1200
02/24/2020,09:42,1.6968,1.6968,1.6968,1.6968, 2000
02/24/2020,09:43,1.6912,1.6912,1.6912,1.6912, 3000
02/24/2020,09:46,1.696,1.696,1.696,1.696, 781
02/24/2020,09:47,1.6912,1.6912,1.6912,1.6912, 3000
02/24/2020,09:49,1.698,1.698,1.694,1.698, 2964
02/24/2020,09:52,1.6992,1.6992,1.6992,1.6992, 2942
02/24/2020,09:53,1.7,1.7,1.7,1.7, 3101
02/24/2020,09:59,1.7034,1.704,1.7032,1.7032, 11049
02/24/2020,10:02,1.7006,1.7006,1.7006,1.7006, 2602
02/24/2020,10:03,1.7032,1.7032,1.6942,1.6942, 32452
02/24/2020,10:07,1.7002,1.7002,1.7002,1.7002, 648
02/24/2020,10:09,1.7,1.7,1.7,1.7, 16825
02/24/2020,10:13,1.7,1.704,1.7,1.704, 275
02/24/2020,10:14,1.702,1.702,1.702,1.702, 434
02/24/2020,10:15,1.7034,1.7034,1.7034,1.7034, 1000
02/24/2020,10:17,1.7051,1.7051,1.7051,1.7051, 500
02/24/2020,10:22,1.704,1.706,1.704,1.704, 34122
02/24/2020,10:33,1.7048,1.7048,1.696,1.7, 37486
02/24/2020,10:34,1.698,1.704,1.698,1.702, 17556
02/24/2020,10:36,1.7,1.7,1.7,1.7, 2100
02/24/2020,10:38,1.7,1.7,1.7,1.7, 635
02/24/2020,10:41,1.7,1.7,1.7,1.7, 656
02/24/2020,10:46,1.7,1.7,1.6998,1.6998, 17657
02/24/2020,10:47,1.7,1.7,1.7,1.7, 5886
02/24/2020,10:53,1.7038,1.7038,1.7038,1.7038, 500
02/24/2020,10:54,1.7048,1.71,1.704,1.7098, 13467
02/24/2020,10:55,1.7098,1.7118,1.7098,1.7118, 1410
02/24/2020,10:56,1.7119,1.714,1.7119,1.714, 2511
02/24/2020,10:59,1.7118,1.7118,1.7118,1.7118, 11692
02/24/2020,11:00,1.7158,1.7158,1.7158,1.7158, 2000
02/24/2020,11:01,1.7118,1.712,1.7116,1.7116, 13768
02/24/2020,11:02,1.706,1.712,1.706,1.71, 15475
02/24/2020,11:03,1.7096,1.7096,1.7096,1.7096, 2000
02/24/2020,11:08,1.702,1.702,1.702,1.702, 7676
02/24/2020,11:11,1.7,1.702,1.7,1.702, 14354
02/24/2020,11:12,1.7,1.702,1.7,1.702, 2697
02/24/2020,11:13,1.7048,1.7048,1.6958,1.6958, 36631
02/24/2020,11:14,1.7038,1.704,1.7038,1.704, 5926
02/24/2020,11:15,1.704,1.704,1.7038,1.7038, 2926
02/24/2020,11:16,1.7038,1.7038,1.7038,1.7038, 3000
02/24/2020,11:24,1.704,1.704,1.704,1.704, 2514
02/24/2020,11:28,1.7,1.7,1.698,1.7, 42864
02/24/2020,11:29,1.7,1.7,1.7,1.7, 17658
02/24/2020,11:30,1.7,1.7,1.696,1.7, 27765
02/24/2020,11:31,1.7,1.7,1.7,1.7, 11396
02/24/2020,11:33,1.7,1.7,1.698,1.7, 16364
02/24/2020,11:33,1.7,1.7,1.7,1.7, 35785
02/24/2020,11:37,1.7,1.7,1.7,1.7, 2000
02/24/2020,11:37,1.7,1.7,1.698,1.698, 1487
02/24/2020,11:42,1.702,1.702,1.702,1.702, 3908
02/24/2020,11:44,1.6997,1.6997,1.6997,1.6997, 5887
02/24/2020,11:45,1.6997,1.6997,1.6997,1.6997, 5887
02/24/2020,11:46,1.6997,1.7,1.698,1.698, 11804
02/24/2020,11:49,1.696,1.696,1.696,1.696, 1094
02/24/2020,11:52,1.6906,1.6906,1.6906,1.6906, 5919
02/24/2020,11:53,1.6886,1.6906,1.688,1.688, 17773
02/24/2020,11:54,1.6879,1.688,1.6879,1.688, 21854
02/24/2020,11:59,1.684,1.684,1.684,1.684, 808
02/24/2020,12:02,1.6852,1.6852,1.6852,1.6852, 2199
02/24/2020,12:04,1.6826,1.6826,1.6826,1.6826, 1721
02/24/2020,12:17,1.682,1.6837,1.68,1.6837, 8102
02/24/2020,12:17,1.682,1.682,1.682,1.682, 4335
02/24/2020,12:19,1.6769,1.6769,1.6769,1.6769, 2261
02/24/2020,12:21,1.682,1.682,1.682,1.682, 8835
02/24/2020,12:22,1.686,1.686,1.686,1.686, 15457
02/24/2020,12:24,1.686,1.686,1.686,1.686, 11094
02/24/2020,12:25,1.6848,1.6848,1.6848,1.6848, 3000
02/24/2020,12:34,1.686,1.686,1.686,1.686, 7668
02/24/2020,12:42,1.6889,1.69,1.686,1.69, 27319
02/24/2020,12:48,1.686,1.686,1.686,1.686, 2146
02/24/2020,12:53,1.6861,1.6861,1.6861,1.6861, 4000
02/24/2020,12:54,1.687,1.687,1.687,1.687, 9000
02/24/2020,12:55,1.6861,1.6861,1.6861,1.6861, 8000
02/24/2020,13:03,1.698,1.698,1.698,1.698, 128
02/24/2020,13:38,1.6934,1.6934,1.6934,1.6934, 1000
02/24/2020,14:01,1.6822,1.6822,1.68,1.682, 30750
02/24/2020,14:02,1.6728,1.6728,1.6728,1.6728, 5374
02/24/2020,14:04,1.676,1.6796,1.676,1.6796, 1678
02/24/2020,14:08,1.678,1.678,1.678,1.678, 615
02/24/2020,14:14,1.6721,1.6721,1.6721,1.6721, 1262
02/24/2020,14:21,1.6697,1.674,1.6697,1.67, 21919
02/24/2020,14:23,1.674,1.674,1.6736,1.6736, 5652
02/24/2020,14:24,1.6756,1.6756,1.6756,1.6756, 843
02/24/2020,14:31,1.6796,1.68,1.6796,1.68, 12024
02/24/2020,14:32,1.6796,1.6796,1.6796,1.6796, 8000
02/24/2020,14:33,1.68,1.682,1.68,1.682, 1500
02/24/2020,14:34,1.682,1.682,1.682,1.682, 783
02/24/2020,14:45,1.678,1.678,1.678,1.678, 5000
02/24/2020,14:46,1.674,1.6782,1.674,1.6782, 3096
02/24/2020,14:47,1.674,1.674,1.674,1.674, 1495
02/24/2020,14:52,1.674,1.674,1.674,1.674, 921
02/24/2020,14:57,1.672,1.672,1.672,1.672, 1141
02/24/2020,15:00,1.6742,1.6742,1.6742,1.6742, 6679
02/24/2020,15:03,1.67,1.67,1.67,1.67, 1826
02/24/2020,15:11,1.666,1.6696,1.664,1.664, 16094
02/24/2020,15:13,1.666,1.666,1.666,1.666, 1126
02/24/2020,15:14,1.666,1.666,1.666,1.666, 770
02/24/2020,15:28,1.662,1.664,1.6618,1.664, 35000
02/24/2020,15:29,1.6644,1.668,1.6603,1.6603, 11530
02/24/2020,15:30,1.6601,1.6601,1.66,1.66, 3000
02/24/2020,15:31,1.66,1.66,1.66,1.66, 4000
02/24/2020,15:31,1.66,1.66,1.658,1.658, 3509
02/24/2020,15:33,1.656,1.656,1.656,1.656, 412
02/24/2020,15:34,1.652,1.652,1.652,1.652, 1852
02/24/2020,15:36,1.66,1.66,1.66,1.66, 17561
02/24/2020,15:37,1.66,1.66,1.66,1.66, 211
02/24/2020,15:41,1.66,1.66,1.66,1.66, 4789
02/24/2020,15:44,1.658,1.658,1.658,1.658, 546
02/24/2020,15:46,1.658,1.6598,1.658,1.6598, 2215
02/24/2020,15:46,1.66,1.66,1.66,1.66, 1182
02/24/2020,15:47,1.662,1.662,1.662,1.662, 1500
02/24/2020,15:52,1.66,1.66,1.66,1.66, 1530
02/24/2020,15:56,1.662,1.662,1.662,1.662, 1200
02/24/2020,15:58,1.662,1.662,1.662,1.662, 1644
02/24/2020,16:00,1.6617,1.662,1.6617,1.662, 8686
02/24/2020,16:01,1.662,1.664,1.662,1.664, 5399
02/24/2020,16:02,1.666,1.666,1.666,1.666, 708
02/24/2020,16:04,1.668,1.67,1.668,1.67, 4159
02/24/2020,16:05,1.666,1.666,1.666,1.666, 1380
02/24/2020,16:07,1.664,1.664,1.664,1.664, 353
02/24/2020,16:08,1.666,1.666,1.666,1.666, 5000
02/24/2020,16:10,1.6657,1.666,1.6657,1.6657, 7913
02/24/2020,16:12,1.666,1.6668,1.6657,1.6657, 20339
02/24/2020,16:13,1.666,1.668,1.666,1.668, 5162
02/24/2020,16:23,1.666,1.666,1.666,1.666, 2483
02/24/2020,16:30,1.666,1.666,1.666,1.666, 2423
02/24/2020,16:34,1.664,1.664,1.6638,1.6638, 3155
02/24/2020,16:36,1.662,1.662,1.662,1.662, 5218
02/24/2020,16:38,1.6603,1.6603,1.6603,1.6603, 695
02/24/2020,16:42,1.6591,1.6591,1.6591,1.6591, 7000
02/24/2020,16:44,1.664,1.664,1.664,1.664, 1390
02/24/2020,16:46,1.662,1.662,1.662,1.662, 1602
02/24/2020,16:49,1.6639,1.6639,1.6639,1.6639, 1000
02/24/2020,16:50,1.664,1.664,1.664,1.664, 2601
02/24/2020,16:51,1.6677,1.6677,1.6677,1.6677, 127
02/24/2020,16:52,1.6723,1.6723,1.6723,1.6723, 37146
02/24/2020,16:56,1.666,1.666,1.666,1.666, 2340
02/24/2020,16:58,1.668,1.668,1.668,1.668, 1500
02/24/2020,17:05,1.666,1.666,1.666,1.666, 6071
02/24/2020,17:09,1.6632,1.6632,1.6632,1.6632, 4811
02/24/2020,17:11,1.662,1.662,1.662,1.662, 2000
02/24/2020,17:14,1.662,1.6638,1.662,1.6638, 3293
02/24/2020,17:15,1.6638,1.668,1.6638,1.668, 11172
02/24/2020,17:16,1.67,1.67,1.67,1.67, 618
02/24/2020,17:18,1.67,1.67,1.6692,1.6692, 4103
02/24/2020,17:19,1.67,1.672,1.67,1.672, 2168
02/24/2020,17:20,1.6692,1.6692,1.6692,1.6692, 6000
02/24/2020,17:21,1.6692,1.6692,1.6692,1.6692, 7000
02/24/2020,17:22,1.668,1.668,1.668,1.668, 1599
02/24/2020,17:23,1.666,1.666,1.666,1.666, 1735
02/24/2020,17:25,1.664,1.664,1.662,1.664, 4388
02/24/2020,17:26,1.6632,1.6632,1.6632,1.6632, 7000
02/24/2020,17:28,1.6632,1.666,1.6632,1.666, 8173
02/24/2020,17:29,1.666,1.666,1.666,1.666, 2000
02/24/2020,17:30,1.666,1.666,1.662,1.662, 7035
02/24/2020,17:36,1.658,1.658,1.658,1.658, 48378
02/25/2020,09:03,1.6993,1.6993,1.6993,1.6993, 1883
02/25/2020,09:06,1.6975,1.6975,1.6975,1.6975, 580
02/25/2020,09:07,1.6989,1.6989,1.6988,1.6988, 17651
02/25/2020,09:08,1.698,1.7,1.698,1.698, 23390
02/25/2020,09:13,1.6947,1.6947,1.6947,1.6947, 2950
02/25/2020,09:18,1.67,1.67,1.67,1.67, 591
02/25/2020,09:20,1.67,1.67,1.67,1.67, 46152
02/25/2020,09:20,1.67,1.67,1.666,1.666, 5240
02/25/2020,09:22,1.662,1.662,1.662,1.662, 100
02/25/2020,09:32,1.6638,1.6638,1.6638,1.6638, 12016
02/25/2020,09:37,1.6636,1.6698,1.662,1.6698, 23522
02/25/2020,09:41,1.6677,1.6677,1.6677,1.6677, 1823
02/25/2020,09:44,1.6677,1.6677,1.6677,1.6677, 767
02/25/2020,09:48,1.6677,1.668,1.6677,1.6677, 6841
02/25/2020,09:48,1.668,1.668,1.668,1.668, 2948
02/25/2020,09:50,1.6725,1.674,1.668,1.674, 25280
02/25/2020,09:52,1.672,1.672,1.672,1.672, 1346
02/25/2020,09:56,1.67,1.67,1.67,1.67, 6776
02/25/2020,10:07,1.672,1.672,1.67,1.67, 17356
02/25/2020,10:08,1.666,1.666,1.666,1.666, 679
02/25/2020,10:13,1.658,1.66,1.658,1.66, 6101
02/25/2020,10:19,1.6443,1.6443,1.6443,1.6443, 54000
02/25/2020,10:20,1.6501,1.654,1.6499,1.65, 83189
02/25/2020,10:21,1.65,1.65,1.642,1.646, 11510
02/25/2020,10:25,1.6432,1.6432,1.639,1.64, 32216
02/25/2020,10:26,1.64,1.642,1.64,1.64, 15022
02/25/2020,10:27,1.64,1.64,1.64,1.64, 3600
02/25/2020,10:30,1.648,1.65,1.644,1.65, 22503
02/25/2020,10:31,1.648,1.648,1.648,1.648, 3807
02/25/2020,10:32,1.65,1.65,1.6472,1.6472, 15730
02/25/2020,10:33,1.6473,1.652,1.6473,1.648, 27312
02/25/2020,10:34,1.6488,1.6488,1.646,1.648, 3939
02/25/2020,10:36,1.648,1.65,1.648,1.648, 4268
02/25/2020,10:37,1.648,1.648,1.648,1.648, 4000
02/25/2020,10:38,1.648,1.648,1.648,1.648, 2000
02/25/2020,10:40,1.648,1.648,1.648,1.648, 3708
02/25/2020,10:48,1.646,1.646,1.646,1.646, 550
02/25/2020,10:56,1.642,1.642,1.642,1.642, 387
02/25/2020,10:58,1.6448,1.6448,1.6448,1.6448, 1000
02/25/2020,11:01,1.642,1.642,1.64,1.64, 4088
02/25/2020,11:04,1.6428,1.6428,1.6428,1.6428, 5000
02/25/2020,11:13,1.64,1.64,1.64,1.64, 5000
02/25/2020,11:15,1.642,1.642,1.642,1.642, 294
02/25/2020,11:23,1.64,1.64,1.64,1.64, 8386
02/25/2020,11:25,1.6401,1.6401,1.6401,1.6401, 967
02/25/2020,11:27,1.64,1.64,1.64,1.64, 540
02/25/2020,11:28,1.64,1.64,1.64,1.64, 4710
02/25/2020,11:30,1.64,1.64,1.64,1.64, 2755
02/25/2020,11:32,1.6401,1.6401,1.64,1.64, 36381
02/25/2020,11:33,1.64,1.64,1.64,1.64, 35398
02/25/2020,11:34,1.64,1.64,1.64,1.64, 1000
02/25/2020,11:38,1.64,1.64,1.64,1.64, 1049
02/25/2020,11:39,1.64,1.64,1.64,1.64, 476
02/25/2020,11:39,1.64,1.64,1.64,1.64, 2
02/25/2020,11:42,1.642,1.642,1.642,1.642, 1009
02/25/2020,11:44,1.64,1.64,1.64,1.64, 16689
02/25/2020,11:47,1.636,1.636,1.632,1.632, 14223
02/25/2020,11:48,1.63,1.63,1.63,1.63, 29
02/25/2020,11:50,1.634,1.634,1.634,1.634, 6842
02/25/2020,11:52,1.6362,1.64,1.6362,1.638, 10769
02/25/2020,11:55,1.6382,1.6382,1.6382,1.6382, 122
02/25/2020,11:56,1.64,1.64,1.64,1.64, 1067
02/25/2020,12:11,1.636,1.636,1.634,1.634, 4899
02/25/2020,12:12,1.634,1.634,1.634,1.634, 25
02/25/2020,12:27,1.634,1.634,1.634,1.634, 3695
02/25/2020,12:29,1.636,1.636,1.636,1.636, 3689
02/25/2020,12:32,1.638,1.638,1.638,1.638, 205
02/25/2020,12:34,1.64,1.64,1.64,1.64, 1676
02/25/2020,12:36,1.644,1.644,1.644,1.644, 1500
02/25/2020,12:52,1.6442,1.6442,1.6423,1.6423, 6742
02/25/2020,12:53,1.6423,1.6423,1.6423,1.6423, 1000
02/25/2020,12:55,1.646,1.646,1.646,1.646, 200
02/25/2020,12:56,1.646,1.646,1.646,1.646, 255
02/25/2020,12:58,1.644,1.644,1.644,1.644, 637
02/25/2020,12:58,1.642,1.642,1.642,1.642, 20
02/25/2020,13:03,1.634,1.634,1.634,1.634, 163
02/25/2020,13:10,1.6402,1.6402,1.6402,1.6402, 604
02/25/2020,13:11,1.6402,1.6402,1.6402,1.6402, 2604
02/25/2020,13:13,1.6402,1.6402,1.6402,1.6402, 604
02/25/2020,13:15,1.6411,1.6411,1.6411,1.6411, 2000
02/25/2020,13:20,1.6294,1.6294,1.6289,1.6289, 37146
02/25/2020,13:21,1.636,1.636,1.636,1.636, 13
02/25/2020,13:23,1.6368,1.6368,1.6368,1.6368, 10000
02/25/2020,13:26,1.632,1.632,1.632,1.632, 1199
02/25/2020,13:46,1.63,1.63,1.63,1.63, 1271
02/25/2020,13:49,1.628,1.628,1.628,1.628, 998
02/25/2020,13:51,1.6283,1.6283,1.6283,1.6283, 500
02/25/2020,13:57,1.634,1.634,1.634,1.634, 6148
02/25/2020,13:58,1.638,1.638,1.638,1.638, 1530
02/25/2020,14:08,1.6408,1.6408,1.6408,1.6408, 2900
02/25/2020,14:09,1.6408,1.6408,1.6408,1.6408, 602
02/25/2020,14:20,1.636,1.636,1.636,1.636, 1303
02/25/2020,14:25,1.632,1.632,1.632,1.632, 48
02/25/2020,14:37,1.6312,1.6312,1.6312,1.6312, 3061
02/25/2020,14:37,1.632,1.634,1.632,1.632, 12905
02/25/2020,14:41,1.634,1.634,1.634,1.634, 176
02/25/2020,14:44,1.632,1.632,1.632,1.632, 2491
02/25/2020,15:02,1.632,1.632,1.63,1.63, 1969
02/25/2020,15:19,1.6269,1.6269,1.6269,1.6269, 450
02/25/2020,15:27,1.626,1.626,1.626,1.626, 1021
02/25/2020,15:35,1.622,1.622,1.622,1.622, 100
02/25/2020,15:36,1.6206,1.6206,1.6206,1.6206, 3233
02/25/2020,15:37,1.62,1.622,1.62,1.62, 21381
02/25/2020,15:38,1.62,1.6206,1.62,1.6206, 5220
02/25/2020,15:38,1.6206,1.622,1.62,1.62, 27079
02/25/2020,15:39,1.62,1.62,1.62,1.62, 3000
02/25/2020,15:41,1.622,1.622,1.622,1.622, 360
02/25/2020,15:42,1.62,1.62,1.62,1.62, 22533
02/25/2020,15:44,1.622,1.622,1.622,1.622, 2
02/25/2020,15:48,1.62,1.62,1.62,1.62, 11390
02/25/2020,15:49,1.62,1.62,1.62,1.62, 16204
02/25/2020,15:50,1.62,1.62,1.62,1.62, 177
02/25/2020,15:51,1.62,1.62,1.62,1.62, 323
02/25/2020,15:52,1.62,1.62,1.62,1.62, 6275
02/25/2020,15:53,1.62,1.62,1.62,1.62, 20144
02/25/2020,15:59,1.622,1.622,1.622,1.622, 2650
02/25/2020,16:11,1.622,1.622,1.622,1.622, 1735
02/25/2020,16:14,1.62,1.62,1.62,1.62, 9373
02/25/2020,16:15,1.62,1.62,1.62,1.62, 600
02/25/2020,16:18,1.62,1.62,1.62,1.62, 5769
02/25/2020,16:19,1.6217,1.6217,1.6217,1.6217, 1100
02/25/2020,16:21,1.622,1.624,1.622,1.624, 5839
02/25/2020,16:26,1.622,1.622,1.622,1.622, 1614
02/25/2020,16:26,1.62,1.62,1.62,1.62, 3170
02/25/2020,16:29,1.62,1.62,1.62,1.62, 2947
02/25/2020,16:31,1.622,1.622,1.622,1.622, 3916
02/25/2020,16:34,1.62,1.62,1.62,1.62, 477
02/25/2020,16:35,1.62,1.62,1.618,1.618, 4464
02/25/2020,16:36,1.616,1.616,1.616,1.616, 171
02/25/2020,16:38,1.618,1.618,1.618,1.618, 6094
02/25/2020,16:40,1.62,1.62,1.6197,1.62, 20082
02/25/2020,16:41,1.6197,1.62,1.6197,1.62, 12264
02/25/2020,16:42,1.622,1.622,1.622,1.622, 1500
02/25/2020,16:49,1.6234,1.6234,1.6234,1.6234, 917
02/25/2020,16:51,1.6206,1.622,1.62,1.62, 22805
02/25/2020,16:53,1.6176,1.618,1.616,1.616, 12662
02/25/2020,16:53,1.614,1.614,1.6109,1.6109, 5262
02/25/2020,16:55,1.6155,1.6164,1.6151,1.6151, 9000
02/25/2020,16:56,1.6151,1.6151,1.6134,1.614, 3140
02/25/2020,16:56,1.6151,1.6151,1.6151,1.6151, 3671
02/25/2020,16:57,1.6134,1.6134,1.6134,1.6134, 1500
02/25/2020,16:58,1.6134,1.614,1.6134,1.614, 2130
02/25/2020,17:01,1.616,1.618,1.616,1.616, 9829
02/25/2020,17:06,1.611,1.614,1.608,1.608, 45213
02/25/2020,17:09,1.606,1.614,1.606,1.614, 9333
02/25/2020,17:10,1.616,1.62,1.616,1.62, 6047
02/25/2020,17:16,1.62,1.62,1.62,1.62, 1972
02/25/2020,17:18,1.62,1.6214,1.62,1.6214, 1925
02/25/2020,17:20,1.622,1.624,1.6206,1.6206, 6452
02/25/2020,17:21,1.62,1.622,1.62,1.622, 5339
02/25/2020,17:23,1.62,1.62,1.62,1.62, 100
02/25/2020,17:23,1.62,1.62,1.62,1.62, 700
02/25/2020,17:30,1.622,1.622,1.622,1.622, 5510
02/25/2020,17:36,1.618,1.618,1.618,1.618, 32061
02/26/2020,09:01,1.64,1.64,1.64,1.64, 4243
02/26/2020,09:03,1.6176,1.6176,1.6064,1.6064, 1038
02/26/2020,09:05,1.6081,1.6081,1.6081,1.6081, 2900
02/26/2020,09:08,1.606,1.606,1.606,1.606, 930
02/26/2020,09:08,1.602,1.602,1.602,1.602, 2846
02/26/2020,09:12,1.6,1.6,1.6,1.6, 14057
02/26/2020,09:13,1.6,1.6,1.5965,1.5965, 19686
02/26/2020,09:14,1.6,1.6,1.6,1.6, 11070
02/26/2020,09:16,1.5951,1.5951,1.5918,1.5918, 8000
02/26/2020,09:26,1.596,1.602,1.596,1.602, 5454
02/26/2020,09:27,1.6012,1.6012,1.6012,1.6012, 502
02/26/2020,09:28,1.6101,1.6101,1.6101,1.6101, 10000
02/26/2020,09:30,1.6,1.6,1.6,1.6, 364
02/26/2020,09:34,1.6012,1.6012,1.6012,1.6012, 2000
02/26/2020,09:41,1.6,1.6,1.6,1.6, 652
02/26/2020,09:42,1.59,1.594,1.59,1.594, 5361
02/26/2020,09:43,1.596,1.596,1.596,1.596, 3129
02/26/2020,09:54,1.5912,1.5912,1.5912,1.5912, 1000
02/26/2020,09:57,1.59,1.59,1.5871,1.59, 20335
02/26/2020,09:58,1.594,1.594,1.594,1.594, 237
02/26/2020,10:02,1.592,1.592,1.59,1.5904, 13027
02/26/2020,10:03,1.59,1.59,1.59,1.59, 600
02/26/2020,10:04,1.59,1.59,1.584,1.584, 12641
02/26/2020,10:06,1.586,1.586,1.586,1.586, 6087
02/26/2020,10:07,1.586,1.586,1.586,1.586, 25000
02/26/2020,10:11,1.582,1.586,1.58,1.586, 30768
02/26/2020,10:12,1.58,1.58,1.58,1.58, 9519
02/26/2020,10:14,1.584,1.584,1.584,1.584, 3000
02/26/2020,10:15,1.58,1.58,1.58,1.58, 86
02/26/2020,10:18,1.584,1.586,1.584,1.584, 11002
02/26/2020,10:33,1.5877,1.5877,1.5877,1.5877, 1253
02/26/2020,10:34,1.588,1.588,1.588,1.588, 4106
02/26/2020,10:35,1.586,1.586,1.586,1.586, 700
02/26/2020,10:35,1.59,1.59,1.59,1.59, 1176
02/26/2020,10:40,1.596,1.6,1.596,1.6, 3385
02/26/2020,10:44,1.6038,1.6038,1.602,1.602, 3516
02/26/2020,10:46,1.606,1.606,1.604,1.604, 2660
02/26/2020,10:50,1.6,1.6,1.598,1.598, 8098
02/26/2020,10:51,1.594,1.594,1.586,1.586, 5010
02/26/2020,10:55,1.59,1.592,1.59,1.592, 2127
02/26/2020,10:56,1.596,1.596,1.596,1.596, 2500
02/26/2020,10:50,1.6,1.6,1.598,1.598, 8098
02/26/2020,10:51,1.594,1.594,1.586,1.586, 5010
02/26/2020,10:56,1.59,1.596,1.59,1.596, 4627
02/26/2020,11:05,1.5896,1.5896,1.5896,1.5896, 5000
02/26/2020,11:07,1.5905,1.5905,1.5905,1.5905, 5000
02/26/2020,11:12,1.594,1.594,1.594,1.594, 421
02/26/2020,11:13,1.586,1.588,1.586,1.588, 2135
02/26/2020,11:18,1.5877,1.5877,1.5877,1.5877, 626
02/26/2020,11:21,1.5943,1.598,1.588,1.598, 43993
02/26/2020,11:22,1.6,1.6,1.6,1.6, 5570
02/26/2020,11:36,1.6,1.6,1.596,1.596, 6000
02/26/2020,11:37,1.6032,1.6032,1.6,1.602, 9688
02/26/2020,11:47,1.6,1.6,1.6,1.6, 1228
02/26/2020,11:48,1.598,1.598,1.596,1.598, 4968
02/26/2020,11:56,1.598,1.5998,1.598,1.5998, 6000
02/26/2020,12:00,1.6,1.6,1.6,1.6, 500
02/26/2020,12:15,1.602,1.602,1.602,1.602, 67
02/26/2020,12:27,1.6,1.6,1.6,1.6, 10000
02/26/2020,12:42,1.604,1.6077,1.604,1.6077, 5132
02/26/2020,12:48,1.608,1.616,1.608,1.616, 6375
02/26/2020,12:51,1.616,1.616,1.616,1.616, 462
02/26/2020,12:51,1.6213,1.6213,1.618,1.618, 7008
02/26/2020,12:54,1.616,1.62,1.616,1.616, 5390
02/26/2020,12:56,1.614,1.614,1.614,1.614, 203
02/26/2020,13:03,1.606,1.606,1.606,1.606, 30
02/26/2020,13:13,1.61,1.61,1.61,1.61, 5090
02/26/2020,14:12,1.61,1.61,1.61,1.61, 1597
02/26/2020,14:24,1.6176,1.6176,1.6176,1.6176, 1000
02/26/2020,14:37,1.61,1.61,1.61,1.61, 1000
02/26/2020,15:01,1.616,1.616,1.616,1.616, 1127
02/26/2020,15:03,1.61,1.61,1.61,1.61, 1227
02/26/2020,15:13,1.616,1.618,1.612,1.618, 9533
02/26/2020,15:36,1.614,1.614,1.614,1.614, 6325
02/26/2020,15:42,1.62,1.622,1.62,1.62, 6076
02/26/2020,15:44,1.622,1.622,1.622,1.622, 1075
02/26/2020,15:46,1.616,1.624,1.616,1.624, 4700
02/26/2020,15:48,1.622,1.622,1.622,1.622, 808
02/26/2020,15:51,1.626,1.628,1.626,1.626, 5839
02/26/2020,15:54,1.63,1.63,1.63,1.63, 1500
02/26/2020,16:07,1.632,1.634,1.632,1.632, 6657
02/26/2020,16:07,1.63,1.632,1.63,1.632, 24030
02/26/2020,16:09,1.632,1.632,1.632,1.632, 13000
02/26/2020,16:10,1.634,1.636,1.6332,1.6332, 3938
02/26/2020,16:11,1.6377,1.6377,1.6377,1.6377, 2901
02/26/2020,16:15,1.638,1.64,1.638,1.64, 2423
02/26/2020,16:17,1.642,1.642,1.642,1.642, 2274
02/26/2020,16:24,1.642,1.642,1.642,1.642, 2063
02/26/2020,16:24,1.644,1.644,1.644,1.644, 1026
02/26/2020,16:27,1.648,1.648,1.646,1.646, 3789
02/26/2020,16:34,1.65,1.65,1.65,1.65, 12964
02/26/2020,16:38,1.652,1.652,1.652,1.652, 1500
02/26/2020,16:43,1.652,1.654,1.652,1.654, 1948
02/26/2020,16:48,1.654,1.654,1.654,1.654, 2480
02/26/2020,16:53,1.654,1.654,1.654,1.654, 2608
02/26/2020,16:56,1.654,1.656,1.654,1.656, 12029
02/26/2020,16:59,1.658,1.666,1.658,1.662, 38440
02/26/2020,17:01,1.662,1.664,1.6576,1.66, 80767
02/26/2020,17:08,1.6568,1.6568,1.6568,1.6568, 3600
02/26/2020,17:13,1.66,1.664,1.66,1.662, 11180
02/26/2020,17:17,1.664,1.664,1.664,1.664, 3529
02/26/2020,17:21,1.6652,1.676,1.6652,1.676, 30710
02/26/2020,17:22,1.6708,1.6708,1.6708,1.6708, 5850
02/26/2020,17:26,1.6698,1.67,1.664,1.664, 16780
02/26/2020,17:30,1.662,1.662,1.662,1.662, 1212
02/26/2020,17:36,1.662,1.662,1.662,1.662, 67020
02/28/2020,12:07,1.488,1.488,1.488,1.488, 532
02/28/2020,12:11,1.492,1.494,1.49,1.494, 2678
02/28/2020,12:12,1.4986,1.4986,1.492,1.492, 10146
02/28/2020,12:13,1.498,1.5,1.498,1.5, 3000
02/28/2020,12:16,1.492,1.492,1.492,1.492, 238
02/28/2020,12:22,1.494,1.494,1.494,1.494, 441
02/28/2020,12:27,1.492,1.492,1.492,1.492, 1031
02/28/2020,12:28,1.494,1.494,1.488,1.488, 4866
02/28/2020,12:33,1.484,1.484,1.484,1.484, 1651
02/28/2020,12:34,1.4804,1.4804,1.4804,1.4804, 290
02/28/2020,12:36,1.4823,1.4823,1.4823,1.4823, 901
02/28/2020,12:38,1.488,1.488,1.488,1.488, 8138
02/28/2020,12:51,1.4911,1.4911,1.4911,1.4911, 234
02/28/2020,12:56,1.492,1.492,1.492,1.492, 2378
02/28/2020,12:57,1.492,1.492,1.492,1.492, 1734
02/28/2020,12:57,1.492,1.492,1.492,1.492, 1735
02/28/2020,13:00,1.494,1.494,1.494,1.494, 640
02/28/2020,13:03,1.494,1.494,1.492,1.492, 530
02/28/2020,13:14,1.486,1.486,1.478,1.478, 937
02/28/2020,13:15,1.486,1.486,1.486,1.486, 859
02/28/2020,13:18,1.488,1.494,1.488,1.494, 4647
02/28/2020,13:20,1.4879,1.4879,1.4879,1.4879, 3385
02/28/2020,13:21,1.4964,1.4964,1.4964,1.4964, 7000
02/28/2020,13:48,1.49,1.49,1.49,1.49, 381
02/28/2020,13:56,1.498,1.498,1.498,1.498, 586
02/28/2020,14:04,1.498,1.498,1.498,1.498, 2696
02/28/2020,14:13,1.498,1.498,1.498,1.498, 2792
02/28/2020,14:15,1.4904,1.4904,1.4904,1.4904, 3500
02/28/2020,14:17,1.4904,1.4904,1.4904,1.4904, 3500
02/28/2020,14:21,1.498,1.498,1.498,1.498, 355
02/28/2020,14:29,1.498,1.5,1.498,1.5, 2102
02/28/2020,14:46,1.492,1.492,1.492,1.492, 66
02/28/2020,14:47,1.49,1.4903,1.49,1.49, 6825
02/28/2020,14:48,1.486,1.486,1.486,1.486, 816
02/28/2020,14:58,1.4848,1.4848,1.4848,1.4848, 600
02/28/2020,15:03,1.48,1.48,1.48,1.48, 33
02/28/2020,15:08,1.478,1.478,1.478,1.478, 1500
02/28/2020,15:15,1.476,1.476,1.476,1.476, 1500
02/28/2020,15:21,1.468,1.468,1.468,1.468, 2125
02/28/2020,15:22,1.468,1.468,1.468,1.468, 4619
02/28/2020,15:31,1.476,1.476,1.476,1.476, 3000
02/28/2020,15:33,1.478,1.488,1.478,1.488, 10339
02/28/2020,15:33,1.488,1.488,1.486,1.486, 2661
02/28/2020,15:35,1.49,1.49,1.486,1.488, 6734
02/28/2020,15:37,1.49,1.492,1.49,1.49, 1502
02/28/2020,15:37,1.49,1.49,1.49,1.49, 3000
02/28/2020,15:38,1.49,1.492,1.49,1.492, 3547
02/28/2020,15:41,1.488,1.488,1.488,1.488, 1500
02/28/2020,15:44,1.492,1.492,1.492,1.492, 1500
02/28/2020,15:44,1.492,1.494,1.492,1.494, 2638
02/28/2020,15:49,1.4843,1.4843,1.4843,1.4843, 1029
02/28/2020,15:50,1.484,1.484,1.484,1.484, 3342
02/28/2020,15:51,1.484,1.486,1.484,1.484, 3667
02/28/2020,16:03,1.472,1.472,1.472,1.472, 1500
02/28/2020,16:04,1.47,1.47,1.47,1.47, 1500
02/28/2020,16:06,1.472,1.474,1.472,1.474, 1029
02/28/2020,16:07,1.476,1.48,1.474,1.476, 6689
02/28/2020,16:08,1.474,1.474,1.472,1.474, 1364
02/28/2020,16:08,1.474,1.474,1.474,1.474, 610
02/28/2020,16:08,1.476,1.476,1.476,1.476, 1403
02/28/2020,16:09,1.4713,1.474,1.4713,1.472, 7122
02/28/2020,16:10,1.472,1.472,1.472,1.472, 878
02/28/2020,16:18,1.478,1.478,1.478,1.478, 19
02/28/2020,16:23,1.478,1.478,1.478,1.478, 306
02/28/2020,16:26,1.48,1.48,1.48,1.48, 1571
02/28/2020,16:27,1.478,1.478,1.478,1.478, 553
02/28/2020,16:30,1.476,1.476,1.47,1.47, 60631
02/28/2020,16:31,1.472,1.472,1.468,1.468, 2518
02/28/2020,16:36,1.48,1.48,1.48,1.48, 3000
02/28/2020,16:40,1.48,1.48,1.48,1.48, 1102
02/28/2020,16:46,1.4782,1.4782,1.4782,1.4782, 750
02/28/2020,16:52,1.482,1.484,1.482,1.484, 3027
02/28/2020,16:55,1.49,1.49,1.488,1.49, 9079
02/28/2020,16:55,1.49,1.49,1.488,1.488, 8989
02/28/2020,16:57,1.488,1.488,1.488,1.488, 2026
02/28/2020,17:01,1.488,1.488,1.488,1.488, 671
02/28/2020,17:02,1.486,1.488,1.486,1.488, 1801
02/28/2020,17:04,1.486,1.486,1.484,1.484, 840
02/28/2020,17:09,1.484,1.484,1.48,1.48, 1369
02/28/2020,17:11,1.484,1.484,1.484,1.484, 52
02/28/2020,17:13,1.484,1.484,1.484,1.484, 3336
02/28/2020,17:13,1.486,1.486,1.486,1.486, 1854
02/28/2020,17:16,1.486,1.486,1.486,1.486, 183
02/28/2020,17:17,1.488,1.488,1.486,1.486, 3987
02/28/2020,17:20,1.486,1.486,1.48,1.48, 14551
02/28/2020,17:21,1.486,1.486,1.486,1.486, 1786
02/28/2020,17:23,1.486,1.486,1.486,1.486, 3024
02/28/2020,17:26,1.486,1.486,1.486,1.486, 1518
02/28/2020,17:27,1.488,1.488,1.488,1.488, 811
02/28/2020,17:29,1.49,1.49,1.49,1.49, 2460
02/28/2020,17:29,1.49,1.49,1.49,1.49, 1504
02/28/2020,17:30,1.488,1.488,1.488,1.488, 399
02/28/2020,17:36,1.488,1.488,1.488,1.488, 52431

