02/17/2020,06:10,8.6705,8.6705,8.6705,8.6705, 1
02/17/2020,08:10,8.6705,8.6705,8.6705,8.6705, 1
02/17/2020,13:12,8.6715,8.6715,8.6715,8.6715, 1
02/18/2020,13:14,8.6615,8.6615,8.6615,8.6615, 1
02/19/2020,13:08,8.6378,8.6378,8.6378,8.6378, 1
02/20/2020,13:08,8.6545,8.6545,8.6545,8.6545, 1
02/21/2020,13:06,8.669,8.669,8.669,8.669, 1
02/24/2020,13:10,8.6881,8.6881,8.6881,8.6881, 1
02/25/2020,13:09,8.6957,8.6957,8.6957,8.6957, 1
02/26/2020,13:06,8.736,8.736,8.736,8.736, 1
02/28/2020,13:10,8.8256,8.8256,8.8256,8.8256, 1

