02/03/2020,15:31,55.67,55.67,55.67,55.67, 1089
02/03/2020,15:34,55.67,55.67,55.67,55.67, 134
02/03/2020,15:35,55.57,55.57,55.57,55.57, 133
02/03/2020,15:48,55.65,55.65,55.65,55.65, 300
02/03/2020,15:54,55.65,55.65,55.65,55.65, 100
02/03/2020,15:58,55.69,55.7,55.69,55.7, 400
02/03/2020,16:01,55.65,55.65,55.65,55.65, 1800
02/03/2020,16:03,55.66,55.66,55.66,55.66, 800
02/03/2020,16:09,55.66,55.66,55.66,55.66, 400
02/03/2020,16:15,55.65,55.65,55.65,55.65, 1300
02/03/2020,16:16,55.65,55.65,55.65,55.65, 1700
02/03/2020,16:17,55.65,55.65,55.65,55.65, 700
02/03/2020,16:18,55.63,55.63,55.63,55.63, 200
02/03/2020,16:19,55.63,55.64,55.63,55.64, 600
02/03/2020,16:25,55.64,55.64,55.64,55.64, 600
02/03/2020,16:26,55.64,55.64,55.63,55.63, 1100
02/03/2020,16:27,55.64,55.64,55.64,55.64, 700
02/03/2020,16:38,55.58,55.58,55.58,55.58, 545
02/03/2020,16:41,55.6,55.6,55.6,55.6, 507
02/03/2020,16:57,55.65,55.65,55.65,55.65, 1348
02/03/2020,17:00,55.66,55.66,55.66,55.66, 300
02/03/2020,17:01,55.66,55.66,55.66,55.66, 269
02/03/2020,17:15,55.66,55.66,55.66,55.66, 1500
02/03/2020,17:19,55.65,55.65,55.65,55.65, 352
02/03/2020,17:20,55.66,55.66,55.66,55.66, 700
02/03/2020,17:24,55.66,55.66,55.66,55.66, 300
02/03/2020,17:25,55.68,55.68,55.68,55.68, 300
02/03/2020,17:27,55.68,55.68,55.68,55.68, 900
02/03/2020,17:31,55.68,55.68,55.68,55.68, 100
02/03/2020,17:32,55.68,55.68,55.68,55.68, 100
02/03/2020,17:33,55.68,55.68,55.68,55.68, 1905
02/03/2020,17:37,55.69,55.69,55.69,55.69, 100
02/03/2020,17:37,55.69,55.69,55.69,55.69, 300
02/03/2020,17:42,55.71,55.71,55.71,55.71, 6200
02/03/2020,17:52,55.74,55.74,55.74,55.74, 400
02/03/2020,17:53,55.75,55.75,55.75,55.75, 100
02/03/2020,17:54,55.74,55.75,55.74,55.75, 600
02/03/2020,17:58,55.75,55.75,55.75,55.75, 200
02/03/2020,18:04,55.75,55.75,55.75,55.75, 400
02/03/2020,18:26,55.74,55.74,55.74,55.74, 936
02/03/2020,18:26,55.71,55.71,55.71,55.71, 100
02/03/2020,18:28,55.71,55.71,55.71,55.71, 383
02/03/2020,18:34,55.71,55.71,55.71,55.71, 200
02/03/2020,18:36,55.71,55.71,55.71,55.71, 500
02/03/2020,18:38,55.71,55.71,55.71,55.71, 600
02/03/2020,18:45,55.72,55.72,55.72,55.72, 400
02/03/2020,18:47,55.72,55.72,55.72,55.72, 100
02/03/2020,18:52,55.71,55.72,55.71,55.72, 300
02/03/2020,19:06,55.73,55.73,55.73,55.73, 340
02/03/2020,19:08,55.73,55.73,55.73,55.73, 132
02/03/2020,19:15,55.74,55.74,55.74,55.74, 310
02/03/2020,19:20,55.75,55.75,55.75,55.75, 485
02/03/2020,19:23,55.76,55.76,55.76,55.76, 359
02/03/2020,19:26,55.74,55.74,55.74,55.74, 300
02/03/2020,19:38,55.75,55.75,55.75,55.75, 400
02/03/2020,19:39,55.74,55.74,55.74,55.74, 600
02/03/2020,19:39,55.75,55.75,55.75,55.75, 138
02/03/2020,19:41,55.73,55.73,55.73,55.73, 600
02/03/2020,19:42,55.74,55.74,55.74,55.74, 180
02/03/2020,19:43,55.75,55.75,55.75,55.75, 1900
02/03/2020,19:44,55.75,55.75,55.75,55.75, 726
02/03/2020,19:50,55.75,55.75,55.75,55.75, 157
02/03/2020,19:55,55.75,55.75,55.75,55.75, 135
02/03/2020,21:04,55.75,55.75,55.75,55.75, 516
02/03/2020,21:10,55.74,55.74,55.74,55.74, 1500
02/03/2020,21:11,55.74,55.74,55.72,55.72, 2752
02/03/2020,21:14,55.74,55.74,55.74,55.74, 538
02/03/2020,21:15,55.72,55.72,55.72,55.72, 900
02/03/2020,21:19,55.72,55.72,55.72,55.72, 180
02/03/2020,21:22,55.74,55.74,55.74,55.74, 500
02/03/2020,21:29,55.73,55.73,55.73,55.73, 1345
02/03/2020,21:30,55.71,55.71,55.71,55.71, 537
02/03/2020,21:38,55.73,55.74,55.73,55.74, 1794
02/03/2020,21:39,55.73,55.73,55.73,55.73, 692
02/03/2020,21:40,55.73,55.73,55.73,55.73, 650
02/03/2020,21:44,55.74,55.74,55.74,55.74, 100
02/03/2020,21:52,55.75,55.75,55.75,55.75, 209
02/03/2020,21:55,55.74,55.74,55.74,55.74, 400
02/03/2020,21:55,55.75,55.75,55.75,55.75, 100
02/03/2020,21:58,55.74,55.74,55.74,55.74, 1100
02/03/2020,22:00,55.72,55.72,55.72,55.72, 200
02/03/2020,22:11,55.72,55.72,55.72,55.72, 1
02/04/2020,15:36,55.51,55.51,55.51,55.51, 211
02/04/2020,16:25,55.52,55.52,55.52,55.52, 191
02/04/2020,16:26,55.54,55.54,55.54,55.54, 503
02/04/2020,16:42,55.53,55.53,55.53,55.53, 194
02/04/2020,16:59,55.55,55.55,55.55,55.55, 455
02/04/2020,17:12,55.57,55.57,55.57,55.57, 1006
02/04/2020,17:28,55.52,55.52,55.52,55.52, 250
02/04/2020,17:46,55.54,55.54,55.54,55.54, 250
02/04/2020,18:21,55.55,55.55,55.55,55.55, 313
02/04/2020,18:36,55.53,55.53,55.53,55.53, 300
02/04/2020,18:39,55.52,55.52,55.52,55.52, 1350
02/04/2020,18:48,55.51,55.51,55.51,55.51, 100
02/04/2020,19:06,55.52,55.52,55.52,55.52, 400
02/04/2020,19:13,55.51,55.51,55.51,55.51, 450
02/04/2020,19:19,55.52,55.52,55.52,55.52, 507
02/04/2020,19:22,55.53,55.53,55.53,55.53, 139
02/04/2020,19:31,55.53,55.53,55.53,55.53, 1539
02/04/2020,19:34,55.52,55.52,55.52,55.52, 209
02/04/2020,19:41,55.52,55.52,55.52,55.52, 200
02/04/2020,19:44,55.54,55.54,55.54,55.54, 720
02/04/2020,19:58,55.52,55.52,55.52,55.52, 378
02/04/2020,20:00,55.51,55.51,55.51,55.51, 200
02/04/2020,20:02,55.52,55.52,55.52,55.52, 200
02/04/2020,20:16,55.54,55.54,55.54,55.54, 215
02/04/2020,20:22,55.52,55.52,55.52,55.52, 200
02/04/2020,20:27,55.55,55.55,55.55,55.55, 942
02/04/2020,20:35,55.54,55.54,55.54,55.54, 259
02/04/2020,20:36,55.51,55.51,55.46,55.46, 1229
02/04/2020,20:39,55.47,55.47,55.47,55.47, 162
02/04/2020,20:43,55.48,55.48,55.48,55.48, 500
02/04/2020,20:44,55.49,55.49,55.49,55.49, 100
02/04/2020,20:48,55.48,55.48,55.48,55.48, 100
02/04/2020,20:52,55.47,55.47,55.47,55.47, 233
02/04/2020,20:56,55.53,55.53,55.53,55.53, 1802
02/04/2020,21:03,55.51,55.51,55.51,55.51, 800
02/04/2020,21:09,55.51,55.51,55.51,55.51, 588
02/04/2020,21:17,55.51,55.51,55.51,55.51, 120
02/04/2020,21:19,55.5,55.5,55.5,55.5, 200
02/04/2020,21:21,55.53,55.53,55.53,55.53, 100
02/04/2020,21:32,55.52,55.52,55.52,55.52, 108
02/04/2020,21:37,55.51,55.53,55.51,55.53, 380
02/04/2020,21:44,55.53,55.53,55.53,55.53, 521
02/04/2020,21:49,55.51,55.51,55.51,55.51, 227
02/04/2020,21:55,55.54,55.54,55.54,55.54, 2000
02/04/2020,21:56,55.49,55.49,55.49,55.49, 452
02/04/2020,22:00,55.5,55.53,55.5,55.53, 328
02/04/2020,22:11,55.53,55.53,55.53,55.53, 1
02/05/2020,15:32,55.4,55.4,55.4,55.4, 16405
02/05/2020,15:33,55.41,55.41,55.41,55.41, 128
02/05/2020,15:45,55.44,55.44,55.44,55.44, 152
02/05/2020,15:47,55.47,55.47,55.47,55.47, 454
02/05/2020,15:50,55.43,55.43,55.43,55.43, 759
02/05/2020,16:02,55.42,55.42,55.42,55.42, 328
02/05/2020,16:15,55.42,55.42,55.42,55.42, 100
02/05/2020,16:18,55.45,55.45,55.45,55.45, 100
02/05/2020,16:53,55.48,55.48,55.48,55.48, 31055
02/05/2020,16:58,55.47,55.47,55.47,55.47, 11000
02/05/2020,16:58,55.47,55.47,55.47,55.47, 1300
02/05/2020,17:05,55.49,55.49,55.49,55.49, 100
02/05/2020,17:14,55.47,55.47,55.47,55.47, 270
02/05/2020,17:19,55.48,55.48,55.48,55.48, 200
02/05/2020,17:20,55.48,55.48,55.48,55.48, 396
02/05/2020,17:25,55.47,55.48,55.47,55.48, 468
02/05/2020,17:29,55.48,55.48,55.48,55.48, 385
02/05/2020,17:36,55.47,55.47,55.47,55.47, 153
02/05/2020,17:41,55.48,55.48,55.48,55.48, 214
02/05/2020,17:47,55.48,55.48,55.48,55.48, 200
02/05/2020,17:48,55.48,55.48,55.48,55.48, 100
02/05/2020,17:57,55.47,55.47,55.47,55.47, 1000
02/05/2020,17:58,55.47,55.47,55.46,55.46, 1500
02/05/2020,18:00,55.46,55.46,55.46,55.46, 974
02/05/2020,18:25,55.44,55.44,55.44,55.44, 200
02/05/2020,19:00,55.47,55.47,55.47,55.47, 2751
02/05/2020,19:01,55.47,55.47,55.47,55.47, 100
02/05/2020,19:08,55.44,55.44,55.44,55.44, 129
02/05/2020,19:10,55.47,55.47,55.47,55.47, 500
02/05/2020,19:14,55.46,55.46,55.46,55.46, 100
02/05/2020,19:31,55.46,55.46,55.45,55.46, 2267
02/05/2020,19:33,55.46,55.46,55.46,55.46, 781
02/05/2020,19:41,55.46,55.47,55.46,55.46, 1700
02/05/2020,20:03,55.46,55.46,55.46,55.46, 100
02/05/2020,20:04,55.46,55.46,55.46,55.46, 100
02/05/2020,20:36,55.46,55.46,55.46,55.46, 500
02/05/2020,20:44,55.47,55.47,55.47,55.47, 100
02/05/2020,20:47,55.46,55.46,55.46,55.46, 1700
02/05/2020,20:56,55.46,55.46,55.46,55.46, 430
02/05/2020,20:58,55.45,55.45,55.45,55.45, 700
02/05/2020,21:00,55.46,55.46,55.46,55.46, 100
02/05/2020,21:09,55.45,55.46,55.45,55.46, 1171
02/05/2020,21:11,55.45,55.45,55.45,55.45, 400
02/05/2020,21:29,55.45,55.45,55.45,55.45, 100
02/05/2020,21:39,55.46,55.46,55.46,55.46, 250
02/05/2020,21:41,55.46,55.46,55.46,55.46, 100
02/05/2020,21:46,55.46,55.46,55.46,55.46, 100
02/05/2020,21:50,55.45,55.45,55.44,55.44, 1300
02/05/2020,21:51,55.43,55.43,55.43,55.43, 100
02/05/2020,21:57,55.44,55.45,55.44,55.45, 4600
02/05/2020,21:57,55.45,55.45,55.45,55.45, 500
02/05/2020,22:00,55.45,55.45,55.45,55.45, 1736
02/05/2020,22:11,55.45,55.45,55.45,55.45, 1
02/06/2020,15:37,55.49,55.49,55.49,55.49, 900
02/06/2020,15:52,55.45,55.46,55.45,55.46, 234
02/06/2020,16:02,55.48,55.48,55.47,55.47, 1927
02/06/2020,16:14,55.45,55.45,55.45,55.45, 283
02/06/2020,17:12,55.46,55.46,55.46,55.46, 185
02/06/2020,17:21,55.46,55.46,55.46,55.46, 158
02/06/2020,17:22,55.46,55.46,55.46,55.46, 100
02/06/2020,17:24,55.47,55.47,55.47,55.47, 300
02/06/2020,17:26,55.47,55.47,55.47,55.47, 100
02/06/2020,17:30,55.47,55.47,55.47,55.47, 300
02/06/2020,17:31,55.47,55.47,55.47,55.47, 200
02/06/2020,17:36,55.47,55.47,55.47,55.47, 621
02/06/2020,17:41,55.47,55.47,55.47,55.47, 2000
02/06/2020,17:42,55.47,55.47,55.47,55.47, 2000
02/06/2020,17:50,55.46,55.46,55.46,55.46, 228
02/06/2020,17:51,55.47,55.47,55.47,55.47, 335
02/06/2020,17:52,55.47,55.47,55.47,55.47, 400
02/06/2020,17:58,55.47,55.47,55.47,55.47, 500
02/06/2020,18:00,55.47,55.5,55.47,55.49, 5695
02/06/2020,18:02,55.5,55.5,55.5,55.5, 104
02/06/2020,18:10,55.5,55.5,55.5,55.5, 600
02/06/2020,18:12,55.49,55.49,55.49,55.49, 1400
02/06/2020,18:23,55.5,55.5,55.5,55.5, 429
02/06/2020,18:30,55.5,55.5,55.5,55.5, 400
02/06/2020,18:33,55.5,55.51,55.5,55.51, 600
02/06/2020,18:50,55.52,55.52,55.52,55.52, 100
02/06/2020,18:59,55.5,55.52,55.5,55.52, 300
02/06/2020,19:01,55.52,55.52,55.52,55.52, 132
02/06/2020,19:07,55.5,55.5,55.5,55.5, 630
02/06/2020,19:08,55.5,55.5,55.5,55.5, 360
02/06/2020,19:21,55.5,55.5,55.5,55.5, 188
02/06/2020,19:57,55.51,55.51,55.51,55.51, 401
02/06/2020,20:01,55.5,55.5,55.5,55.5, 1028
02/06/2020,20:09,55.51,55.51,55.51,55.51, 103
02/06/2020,20:12,55.5,55.5,55.5,55.5, 3800
02/06/2020,20:15,55.5,55.5,55.5,55.5, 245
02/06/2020,20:18,55.51,55.51,55.49,55.49, 295
02/06/2020,20:19,55.49,55.49,55.49,55.49, 300
02/06/2020,20:22,55.5,55.5,55.5,55.5, 200
02/06/2020,20:25,55.51,55.51,55.5,55.5, 1531
02/06/2020,20:27,55.5,55.51,55.5,55.51, 1000
02/06/2020,20:27,55.51,55.51,55.51,55.51, 100
02/06/2020,20:30,55.5,55.51,55.5,55.5, 1400
02/06/2020,20:35,55.49,55.49,55.49,55.49, 400
02/06/2020,20:45,55.49,55.49,55.48,55.49, 527
02/06/2020,20:45,55.48,55.48,55.48,55.48, 100
02/06/2020,20:49,55.48,55.48,55.48,55.48, 1200
02/06/2020,20:53,55.49,55.49,55.49,55.49, 1260
02/06/2020,21:01,55.5,55.5,55.5,55.5, 300
02/06/2020,21:04,55.51,55.51,55.51,55.51, 100
02/06/2020,21:09,55.51,55.51,55.5,55.5, 7600
02/06/2020,21:13,55.5,55.5,55.5,55.5, 6500
02/06/2020,21:16,55.51,55.51,55.51,55.51, 1100
02/06/2020,21:19,55.52,55.52,55.52,55.52, 399
02/06/2020,21:23,55.5,55.5,55.5,55.5, 100
02/06/2020,21:27,55.52,55.52,55.52,55.52, 100
02/06/2020,21:46,55.52,55.52,55.52,55.52, 578
02/06/2020,21:47,55.51,55.51,55.51,55.51, 390
02/06/2020,21:59,55.5,55.5,55.49,55.5, 1600
02/06/2020,22:01,55.48,55.49,55.46,55.49, 1273
02/06/2020,22:11,55.49,55.49,55.49,55.49, 1
02/07/2020,15:31,55.64,55.64,55.64,55.64, 1376
02/07/2020,15:37,55.68,55.68,55.68,55.68, 300
02/07/2020,15:40,55.67,55.67,55.67,55.67, 100
02/07/2020,15:42,55.66,55.66,55.61,55.61, 1000
02/07/2020,15:45,55.67,55.67,55.67,55.67, 500
02/07/2020,15:48,55.66,55.66,55.66,55.66, 132
02/07/2020,15:52,55.64,55.64,55.64,55.64, 389
02/07/2020,16:04,55.67,55.68,55.67,55.68, 1900
02/07/2020,16:08,55.67,55.67,55.67,55.67, 440
02/07/2020,16:31,55.67,55.67,55.67,55.67, 1500
02/07/2020,16:31,55.67,55.67,55.67,55.67, 1300
02/07/2020,16:33,55.67,55.67,55.64,55.64, 1000
02/07/2020,16:33,55.64,55.64,55.64,55.64, 3200
02/07/2020,16:53,55.64,55.64,55.64,55.64, 180
02/07/2020,16:55,55.65,55.65,55.65,55.65, 100
02/07/2020,17:02,55.67,55.67,55.67,55.67, 200
02/07/2020,17:57,55.69,55.69,55.69,55.69, 254
02/07/2020,18:30,55.69,55.69,55.69,55.69, 700
02/07/2020,19:05,55.7,55.7,55.7,55.7, 130
02/07/2020,19:20,55.68,55.68,55.68,55.68, 359
02/07/2020,19:42,55.69,55.69,55.69,55.69, 611
02/07/2020,19:44,55.7,55.7,55.7,55.7, 100
02/07/2020,20:00,55.7,55.7,55.7,55.7, 173
02/07/2020,20:02,55.68,55.68,55.68,55.68, 500
02/07/2020,20:06,55.71,55.71,55.71,55.71, 2000
02/07/2020,20:06,55.71,55.71,55.69,55.69, 1218
02/07/2020,20:07,55.71,55.71,55.71,55.71, 116
02/07/2020,20:14,55.7,55.7,55.7,55.7, 100
02/07/2020,20:29,55.7,55.71,55.7,55.71, 1200
02/07/2020,20:32,55.71,55.71,55.71,55.71, 300
02/07/2020,20:45,55.71,55.71,55.71,55.71, 679
02/07/2020,20:47,55.71,55.71,55.71,55.71, 267
02/07/2020,20:54,55.7,55.7,55.7,55.7, 146
02/07/2020,20:58,55.71,55.71,55.71,55.71, 135
02/07/2020,21:03,55.7,55.71,55.7,55.7, 1359
02/07/2020,21:05,55.7,55.7,55.7,55.7, 126
02/07/2020,21:07,55.69,55.69,55.69,55.69, 504
02/07/2020,21:11,55.69,55.69,55.69,55.69, 802
02/07/2020,21:15,55.7,55.7,55.7,55.7, 236
02/07/2020,21:15,55.7,55.7,55.7,55.7, 355
02/07/2020,21:19,55.69,55.69,55.69,55.69, 300
02/07/2020,21:27,55.69,55.69,55.69,55.69, 300
02/07/2020,21:30,55.69,55.69,55.69,55.69, 200
02/07/2020,21:31,55.69,55.69,55.69,55.69, 100
02/07/2020,21:38,55.69,55.69,55.69,55.69, 300
02/07/2020,21:52,55.69,55.69,55.69,55.69, 285
02/07/2020,21:53,55.69,55.69,55.69,55.69, 122
02/07/2020,22:00,55.69,55.69,55.69,55.69, 400
02/07/2020,22:11,55.69,55.69,55.69,55.69, 1
02/10/2020,15:42,55.72,55.72,55.72,55.72, 1932
02/10/2020,15:54,55.71,55.71,55.71,55.71, 300
02/10/2020,16:01,55.71,55.71,55.7,55.7, 1882
02/10/2020,16:11,55.71,55.71,55.71,55.71, 660
02/10/2020,16:19,55.71,55.71,55.71,55.71, 100
02/10/2020,16:36,55.7,55.7,55.7,55.7, 144
02/10/2020,16:45,55.71,55.71,55.71,55.71, 365
02/10/2020,16:51,55.73,55.73,55.73,55.73, 265
02/10/2020,16:58,55.75,55.75,55.75,55.75, 300
02/10/2020,17:18,55.73,55.73,55.73,55.73, 157
02/10/2020,17:31,55.73,55.73,55.73,55.73, 115
02/10/2020,17:49,55.73,55.73,55.73,55.73, 550
02/10/2020,17:55,55.72,55.72,55.72,55.72, 450
02/10/2020,17:59,55.72,55.72,55.72,55.72, 157
02/10/2020,18:15,55.73,55.73,55.73,55.73, 200
02/10/2020,18:27,55.72,55.72,55.72,55.72, 100
02/10/2020,18:40,55.74,55.74,55.74,55.74, 500
02/10/2020,18:49,55.75,55.75,55.75,55.75, 115
02/10/2020,19:00,55.74,55.75,55.74,55.75, 300
02/10/2020,19:08,55.76,55.76,55.76,55.76, 949
02/10/2020,19:28,55.77,55.77,55.77,55.77, 145
02/10/2020,19:31,55.77,55.77,55.77,55.77, 214
02/10/2020,20:03,55.8,55.8,55.8,55.8, 100
02/10/2020,20:04,55.73,55.73,55.73,55.73, 222
02/10/2020,20:05,55.77,55.77,55.77,55.77, 100
02/10/2020,20:06,55.75,55.75,55.75,55.75, 101
02/10/2020,20:08,55.79,55.79,55.77,55.77, 651
02/10/2020,20:09,55.76,55.76,55.76,55.76, 130
02/10/2020,20:27,55.8,55.8,55.77,55.77, 332
02/10/2020,20:33,55.77,55.77,55.77,55.77, 187
02/10/2020,20:52,55.77,55.77,55.77,55.77, 100
02/10/2020,20:53,55.79,55.79,55.79,55.79, 349
02/10/2020,20:59,55.74,55.74,55.74,55.74, 100
02/10/2020,21:08,55.78,55.78,55.78,55.78, 100
02/10/2020,21:12,55.78,55.78,55.78,55.78, 1229
02/10/2020,21:16,55.77,55.77,55.77,55.77, 100
02/10/2020,21:26,55.81,55.81,55.78,55.78, 1407
02/10/2020,21:28,55.79,55.79,55.79,55.79, 125
02/10/2020,21:33,55.79,55.79,55.79,55.79, 400
02/10/2020,21:37,55.81,55.81,55.81,55.81, 100
02/10/2020,21:41,55.8,55.8,55.77,55.77, 200
02/10/2020,21:47,55.79,55.79,55.79,55.79, 185
02/10/2020,21:48,55.78,55.78,55.78,55.78, 123
02/10/2020,22:00,55.77,55.77,55.77,55.77, 107
02/10/2020,22:01,55.77,55.77,55.77,55.77, 114
02/10/2020,22:11,55.77,55.77,55.77,55.77, 1
02/11/2020,15:31,55.75,55.75,55.75,55.75, 210
02/11/2020,15:34,55.71,55.71,55.7,55.7, 300
02/11/2020,15:37,55.7,55.7,55.7,55.7, 200
02/11/2020,15:40,55.71,55.71,55.71,55.71, 200
02/11/2020,15:43,55.71,55.71,55.71,55.71, 200
02/11/2020,15:43,55.74,55.74,55.74,55.74, 160
02/11/2020,15:46,55.71,55.71,55.71,55.71, 200
02/11/2020,15:47,55.73,55.73,55.73,55.73, 200
02/11/2020,15:48,55.74,55.74,55.74,55.74, 175
02/11/2020,15:49,55.71,55.71,55.71,55.71, 200
02/11/2020,15:51,55.73,55.73,55.73,55.73, 450
02/11/2020,15:52,55.71,55.71,55.71,55.71, 200
02/11/2020,15:55,55.71,55.71,55.71,55.71, 200
02/11/2020,15:58,55.71,55.71,55.71,55.71, 200
02/11/2020,16:01,55.7,55.7,55.7,55.7, 200
02/11/2020,16:03,55.7,55.7,55.7,55.7, 170
02/11/2020,16:04,55.68,55.68,55.68,55.68, 200
02/11/2020,16:07,55.67,55.67,55.67,55.67, 200
02/11/2020,16:10,55.67,55.67,55.67,55.67, 200
02/11/2020,16:12,55.72,55.72,55.7,55.7, 629
02/11/2020,16:13,55.67,55.67,55.67,55.67, 200
02/11/2020,16:14,55.7,55.7,55.7,55.7, 300
02/11/2020,16:16,55.68,55.68,55.68,55.68, 200
02/11/2020,16:19,55.7,55.7,55.7,55.7, 300
02/11/2020,16:22,55.7,55.7,55.7,55.7, 200
02/11/2020,16:24,55.72,55.72,55.72,55.72, 100
02/11/2020,16:25,55.71,55.71,55.71,55.71, 200
02/11/2020,16:27,55.7,55.7,55.7,55.7, 100
02/11/2020,16:28,55.7,55.7,55.7,55.7, 100
02/11/2020,16:31,55.7,55.7,55.69,55.69, 200
02/11/2020,16:34,55.69,55.69,55.69,55.69, 200
02/11/2020,16:37,55.69,55.69,55.69,55.69, 200
02/11/2020,16:40,55.69,55.69,55.69,55.69, 200
02/11/2020,16:43,55.69,55.69,55.69,55.69, 200
02/11/2020,16:46,55.69,55.69,55.69,55.69, 200
02/11/2020,16:49,55.69,55.69,55.69,55.69, 200
02/11/2020,16:52,55.7,55.7,55.7,55.7, 200
02/11/2020,16:54,55.71,55.71,55.71,55.71, 360
02/11/2020,16:55,55.7,55.7,55.7,55.7, 200
02/11/2020,16:58,55.7,55.7,55.7,55.7, 200
02/11/2020,17:01,55.69,55.69,55.68,55.68, 200
02/11/2020,17:02,55.68,55.68,55.68,55.68, 400
02/11/2020,17:04,55.68,55.68,55.66,55.66, 300
02/11/2020,17:07,55.66,55.66,55.66,55.66, 200
02/11/2020,17:10,55.66,55.66,55.66,55.66, 482
02/11/2020,17:13,55.68,55.68,55.68,55.68, 200
02/11/2020,17:16,55.69,55.69,55.69,55.69, 200
02/11/2020,17:19,55.69,55.69,55.69,55.69, 200
02/11/2020,17:22,55.69,55.69,55.69,55.69, 200
02/11/2020,17:24,55.71,55.71,55.71,55.71, 200
02/11/2020,17:25,55.69,55.69,55.69,55.69, 200
02/11/2020,17:27,55.69,55.69,55.69,55.69, 300
02/11/2020,17:28,55.69,55.69,55.69,55.69, 200
02/11/2020,17:31,55.69,55.69,55.69,55.69, 200
02/11/2020,17:34,55.72,55.72,55.69,55.69, 400
02/11/2020,17:37,55.7,55.7,55.7,55.7, 200
02/11/2020,17:38,55.74,55.74,55.74,55.74, 900
02/11/2020,17:40,55.71,55.71,55.71,55.71, 200
02/11/2020,17:43,55.71,55.71,55.71,55.71, 200
02/11/2020,17:46,55.71,55.73,55.71,55.73, 400
02/11/2020,17:49,55.7,55.7,55.7,55.7, 200
02/11/2020,17:52,55.68,55.68,55.68,55.68, 200
02/11/2020,17:55,55.68,55.68,55.68,55.68, 200
02/11/2020,17:58,55.68,55.68,55.68,55.68, 200
02/11/2020,18:01,55.68,55.68,55.68,55.68, 200
02/11/2020,18:04,55.68,55.68,55.68,55.68, 200
02/11/2020,18:06,55.72,55.72,55.72,55.72, 100
02/11/2020,18:07,55.68,55.68,55.68,55.68, 200
02/11/2020,18:10,55.68,55.68,55.68,55.68, 200
02/11/2020,18:13,55.68,55.68,55.68,55.68, 200
02/11/2020,18:16,55.68,55.68,55.68,55.68, 200
02/11/2020,18:19,55.68,55.68,55.68,55.68, 200
02/11/2020,18:22,55.68,55.68,55.68,55.68, 200
02/11/2020,18:25,55.68,55.68,55.68,55.68, 200
02/11/2020,18:27,55.72,55.72,55.72,55.72, 194
02/11/2020,18:28,55.66,55.66,55.66,55.66, 200
02/11/2020,18:31,55.68,55.68,55.66,55.66, 300
02/11/2020,18:32,55.73,55.73,55.73,55.73, 200
02/11/2020,18:33,55.72,55.72,55.72,55.72, 900
02/11/2020,18:34,55.72,55.72,55.68,55.68, 700
02/11/2020,18:37,55.68,55.68,55.68,55.68, 200
02/11/2020,18:40,55.68,55.68,55.68,55.68, 200
02/11/2020,18:43,55.71,55.71,55.67,55.67, 700
02/11/2020,18:46,55.66,55.66,55.66,55.66, 200
02/11/2020,18:49,55.68,55.68,55.67,55.67, 200
02/11/2020,18:50,55.72,55.72,55.72,55.72, 900
02/11/2020,18:52,55.67,55.73,55.67,55.73, 1300
02/11/2020,18:55,55.67,55.67,55.67,55.67, 200
02/11/2020,18:58,55.67,55.67,55.67,55.67, 200
02/11/2020,19:01,55.67,55.67,55.67,55.67, 200
02/11/2020,19:04,55.67,55.67,55.67,55.67, 200
02/11/2020,19:05,55.69,55.69,55.69,55.69, 193
02/11/2020,19:07,55.67,55.67,55.67,55.67, 200
02/11/2020,19:10,55.67,55.67,55.67,55.67, 200
02/11/2020,19:13,55.67,55.67,55.67,55.67, 300
02/11/2020,19:16,55.67,55.67,55.67,55.67, 200
02/11/2020,19:19,55.67,55.67,55.67,55.67, 200
02/11/2020,19:22,55.67,55.67,55.67,55.67, 100
02/11/2020,19:25,55.67,55.67,55.67,55.67, 200
02/11/2020,19:27,55.7,55.7,55.7,55.7, 800
02/11/2020,19:28,55.67,55.67,55.67,55.67, 200
02/11/2020,19:31,55.67,55.67,55.67,55.67, 200
02/11/2020,19:34,55.67,55.67,55.67,55.67, 200
02/11/2020,19:34,55.69,55.69,55.69,55.69, 495
02/11/2020,19:37,55.67,55.67,55.67,55.67, 200
02/11/2020,19:39,55.71,55.71,55.71,55.71, 200
02/11/2020,19:40,55.67,55.67,55.67,55.67, 200
02/11/2020,19:43,55.67,55.67,55.67,55.67, 200
02/11/2020,19:43,55.71,55.71,55.71,55.71, 234
02/11/2020,19:46,55.67,55.71,55.67,55.71, 300
02/11/2020,19:49,55.67,55.67,55.67,55.67, 200
02/11/2020,19:52,55.71,55.71,55.67,55.67, 509
02/11/2020,19:55,55.67,55.67,55.67,55.67, 200
02/11/2020,19:58,55.67,55.67,55.67,55.67, 300
02/11/2020,20:01,55.67,55.67,55.67,55.67, 200
02/11/2020,20:04,55.67,55.72,55.67,55.72, 5686
02/11/2020,20:05,55.72,55.73,55.71,55.71, 1072
02/11/2020,20:05,55.72,55.72,55.72,55.72, 333
02/11/2020,20:07,55.7,55.7,55.7,55.7, 200
02/11/2020,20:07,55.71,55.71,55.71,55.71, 110
02/11/2020,20:10,55.7,55.7,55.7,55.7, 200
02/11/2020,20:13,55.7,55.7,55.7,55.7, 200
02/11/2020,20:16,55.7,55.7,55.7,55.7, 200
02/11/2020,20:19,55.7,55.7,55.7,55.7, 200
02/11/2020,20:22,55.72,55.72,55.7,55.7, 379
02/11/2020,20:24,55.71,55.71,55.71,55.71, 1010
02/11/2020,20:25,55.7,55.7,55.7,55.7, 200
02/11/2020,20:28,55.7,55.7,55.7,55.7, 200
02/11/2020,20:31,55.7,55.7,55.7,55.7, 200
02/11/2020,20:34,55.71,55.71,55.7,55.7, 200
02/11/2020,20:36,55.71,55.71,55.71,55.71, 300
02/11/2020,20:37,55.7,55.7,55.7,55.7, 200
02/11/2020,20:38,55.71,55.71,55.71,55.71, 1000
02/11/2020,20:40,55.71,55.72,55.7,55.72, 400
02/11/2020,20:42,55.72,55.72,55.71,55.71, 3248
02/11/2020,20:43,55.7,55.7,55.7,55.7, 200
02/11/2020,20:45,55.72,55.72,55.72,55.72, 182
02/11/2020,20:46,55.7,55.7,55.7,55.7, 200
02/11/2020,20:49,55.7,55.7,55.7,55.7, 200
02/11/2020,20:52,55.7,55.7,55.7,55.7, 200
02/11/2020,20:55,55.7,55.7,55.7,55.7, 200
02/11/2020,20:58,55.7,55.7,55.7,55.7, 200
02/11/2020,21:01,55.7,55.7,55.7,55.7, 200
02/11/2020,21:04,55.73,55.73,55.7,55.7, 560
02/11/2020,21:05,55.73,55.74,55.72,55.73, 599
02/11/2020,21:07,55.71,55.71,55.71,55.71, 200
02/11/2020,21:10,55.71,55.73,55.71,55.73, 1954
02/11/2020,21:13,55.71,55.71,55.71,55.71, 200
02/11/2020,21:14,55.73,55.73,55.73,55.73, 100
02/11/2020,21:16,55.71,55.71,55.71,55.71, 200
02/11/2020,21:19,55.71,55.71,55.71,55.71, 100
02/11/2020,21:22,55.71,55.71,55.71,55.71, 200
02/11/2020,21:25,55.73,55.73,55.71,55.71, 300
02/11/2020,21:28,55.71,55.71,55.71,55.71, 200
02/11/2020,21:31,55.71,55.73,55.71,55.73, 300
02/11/2020,21:34,55.71,55.71,55.71,55.71, 200
02/11/2020,21:37,55.71,55.71,55.71,55.71, 100
02/11/2020,21:40,55.71,55.71,55.71,55.71, 200
02/11/2020,21:43,55.71,55.74,55.71,55.74, 559
02/11/2020,21:46,55.72,55.72,55.71,55.72, 549
02/11/2020,21:47,55.73,55.73,55.73,55.73, 2508
02/11/2020,21:49,55.71,55.71,55.71,55.71, 200
02/11/2020,21:52,55.71,55.71,55.71,55.71, 200
02/11/2020,21:55,55.67,55.67,55.67,55.67, 200
02/11/2020,21:58,55.67,55.72,55.67,55.72, 300
02/11/2020,22:00,55.67,55.67,55.67,55.67, 439
02/11/2020,22:11,55.67,55.67,55.67,55.67, 1
02/12/2020,15:31,55.65,55.65,55.65,55.65, 1660
02/12/2020,15:42,55.63,55.63,55.58,55.58, 829
02/12/2020,15:43,55.64,55.64,55.61,55.61, 1532
02/12/2020,15:45,55.64,55.64,55.64,55.64, 100
02/12/2020,16:21,55.62,55.62,55.62,55.62, 144
02/12/2020,16:43,55.63,55.63,55.63,55.63, 162
02/12/2020,16:48,55.63,55.63,55.63,55.63, 100
02/12/2020,16:49,55.63,55.63,55.63,55.63, 609
02/12/2020,16:53,55.63,55.63,55.63,55.63, 500
02/12/2020,16:56,55.63,55.63,55.63,55.63, 1000
02/12/2020,16:58,55.63,55.63,55.63,55.63, 100
02/12/2020,17:03,55.62,55.62,55.62,55.62, 225
02/12/2020,17:05,55.63,55.63,55.63,55.63, 100
02/12/2020,17:26,55.62,55.62,55.62,55.62, 3500
02/12/2020,17:27,55.62,55.62,55.6,55.6, 300
02/12/2020,17:41,55.61,55.61,55.61,55.61, 400
02/12/2020,17:49,55.61,55.61,55.61,55.61, 11800
02/12/2020,18:18,55.61,55.61,55.61,55.61, 109
02/12/2020,18:23,55.62,55.62,55.62,55.62, 200
02/12/2020,18:54,55.62,55.62,55.62,55.62, 500
02/12/2020,19:24,55.63,55.63,55.63,55.63, 179
02/12/2020,19:38,55.62,55.62,55.62,55.62, 100
02/12/2020,19:41,55.63,55.63,55.63,55.63, 219
02/12/2020,19:49,55.63,55.63,55.63,55.63, 435
02/12/2020,19:52,55.63,55.63,55.63,55.63, 114
02/12/2020,19:55,55.64,55.64,55.63,55.63, 400
02/12/2020,20:10,55.64,55.64,55.64,55.64, 1950
02/12/2020,20:20,55.64,55.64,55.64,55.64, 1196
02/12/2020,20:39,55.63,55.63,55.63,55.63, 664
02/12/2020,20:43,55.64,55.64,55.63,55.63, 360
02/12/2020,20:45,55.63,55.63,55.62,55.62, 2857
02/12/2020,20:47,55.62,55.62,55.62,55.62, 300
02/12/2020,20:48,55.61,55.61,55.61,55.61, 600
02/12/2020,20:49,55.61,55.61,55.61,55.61, 100
02/12/2020,21:03,55.6,55.6,55.6,55.6, 535
02/12/2020,21:08,55.6,55.62,55.6,55.61, 3900
02/12/2020,21:12,55.62,55.62,55.62,55.62, 394
02/12/2020,21:24,55.62,55.62,55.62,55.62, 200
02/12/2020,21:46,55.61,55.61,55.61,55.61, 9400
02/12/2020,21:47,55.61,55.61,55.61,55.61, 6400
02/12/2020,21:48,55.61,55.61,55.61,55.61, 183
02/12/2020,21:51,55.61,55.61,55.61,55.61, 140
02/12/2020,21:59,55.61,55.61,55.61,55.61, 1100
02/12/2020,22:00,55.61,55.61,55.61,55.61, 195
02/12/2020,22:11,55.61,55.61,55.61,55.61, 1
02/13/2020,15:31,55.58,55.58,55.58,55.58, 107
02/13/2020,15:33,55.61,55.61,55.61,55.61, 150
02/13/2020,15:37,55.62,55.62,55.62,55.62, 400
02/13/2020,15:45,55.61,55.61,55.61,55.61, 310
02/13/2020,16:02,55.63,55.63,55.63,55.63, 500
02/13/2020,16:04,55.65,55.65,55.65,55.65, 229
02/13/2020,16:23,55.59,55.59,55.59,55.59, 110
02/13/2020,16:32,55.67,55.67,55.67,55.67, 512
02/13/2020,16:34,55.67,55.67,55.67,55.67, 5400
02/13/2020,16:39,55.67,55.67,55.67,55.67, 364
02/13/2020,16:46,55.61,55.61,55.61,55.61, 180
02/13/2020,16:48,55.62,55.62,55.62,55.62, 148
02/13/2020,16:52,55.65,55.65,55.65,55.65, 290
02/13/2020,16:56,55.64,55.64,55.64,55.64, 1587
02/13/2020,17:04,55.64,55.64,55.64,55.64, 200
02/13/2020,17:15,55.63,55.63,55.63,55.63, 100
02/13/2020,17:30,55.66,55.66,55.66,55.66, 280
02/13/2020,17:50,55.65,55.66,55.65,55.66, 538
02/13/2020,17:51,55.64,55.64,55.64,55.64, 200
02/13/2020,18:05,55.65,55.65,55.65,55.65, 100
02/13/2020,18:12,55.66,55.66,55.66,55.66, 81227
02/13/2020,18:12,55.64,55.64,55.64,55.64, 100
02/13/2020,18:14,55.66,55.66,55.66,55.66, 360
02/13/2020,18:15,55.64,55.64,55.64,55.64, 600
02/13/2020,18:20,55.65,55.65,55.65,55.65, 110
02/13/2020,18:31,55.66,55.66,55.66,55.66, 1100
02/13/2020,18:37,55.66,55.66,55.66,55.66, 646
02/13/2020,18:42,55.66,55.66,55.66,55.66, 350
02/13/2020,18:44,55.66,55.68,55.66,55.66, 3695
02/13/2020,19:03,55.67,55.68,55.67,55.68, 573
02/13/2020,19:13,55.67,55.67,55.67,55.67, 300
02/13/2020,19:21,55.66,55.66,55.66,55.66, 100
02/13/2020,19:27,55.67,55.67,55.67,55.67, 900
02/13/2020,19:31,55.67,55.67,55.67,55.67, 270
02/13/2020,19:38,55.67,55.67,55.67,55.67, 100
02/13/2020,19:40,55.67,55.67,55.67,55.67, 340
02/13/2020,20:04,55.66,55.66,55.66,55.66, 500
02/13/2020,20:09,55.67,55.67,55.67,55.67, 1700
02/13/2020,20:12,55.68,55.68,55.68,55.68, 200
02/13/2020,20:23,55.67,55.68,55.67,55.68, 824
02/13/2020,20:25,55.68,55.68,55.68,55.68, 625
02/13/2020,20:27,55.68,55.68,55.68,55.68, 190
02/13/2020,20:31,55.68,55.68,55.68,55.68, 200
02/13/2020,20:47,55.67,55.67,55.67,55.67, 119
02/13/2020,20:58,55.67,55.67,55.66,55.66, 1200
02/13/2020,21:07,55.61,55.61,55.6,55.6, 400
02/13/2020,21:08,55.65,55.65,55.65,55.65, 125
02/13/2020,21:18,55.6,55.6,55.6,55.6, 225
02/13/2020,21:38,55.65,55.65,55.65,55.65, 100
02/13/2020,21:52,55.64,55.64,55.64,55.64, 562
02/13/2020,21:59,55.6,55.6,55.6,55.6, 103
02/13/2020,22:00,55.6,55.6,55.6,55.6, 292
02/13/2020,22:01,55.66,55.66,55.66,55.66, 459
02/13/2020,22:11,55.66,55.66,55.66,55.66, 1
02/14/2020,15:31,55.79,55.79,55.76,55.76, 3983
02/14/2020,15:33,55.76,55.76,55.76,55.76, 364
02/14/2020,15:37,55.82,55.82,55.82,55.82, 343
02/14/2020,15:40,55.8,55.81,55.8,55.81, 700
02/14/2020,15:51,55.8,55.8,55.8,55.8, 300
02/14/2020,15:55,55.82,55.82,55.8,55.8, 853
02/14/2020,16:08,55.8,55.8,55.8,55.8, 2000
02/14/2020,16:18,55.78,55.78,55.78,55.78, 300
02/14/2020,16:43,55.79,55.79,55.79,55.79, 100
02/14/2020,16:50,55.79,55.79,55.79,55.79, 2600
02/14/2020,16:51,55.78,55.78,55.78,55.78, 400
02/14/2020,16:52,55.78,55.78,55.76,55.77, 400
02/14/2020,16:55,55.77,55.78,55.77,55.78, 600
02/14/2020,16:58,55.79,55.79,55.79,55.79, 716
02/14/2020,17:06,55.78,55.78,55.78,55.78, 300
02/14/2020,17:10,55.77,55.77,55.77,55.77, 450
02/14/2020,17:11,55.77,55.77,55.77,55.77, 700
02/14/2020,17:32,55.77,55.77,55.76,55.77, 3260
02/14/2020,17:42,55.76,55.76,55.76,55.76, 323
02/14/2020,18:25,55.77,55.77,55.77,55.77, 195
02/14/2020,18:27,55.77,55.77,55.77,55.77, 1000
02/14/2020,18:34,55.76,55.77,55.76,55.77, 750
02/14/2020,18:36,55.76,55.76,55.76,55.76, 145
02/14/2020,18:43,55.76,55.76,55.76,55.76, 100
02/14/2020,18:44,55.75,55.75,55.75,55.75, 500
02/14/2020,19:06,55.77,55.77,55.76,55.76, 997
02/14/2020,19:22,55.74,55.74,55.74,55.74, 255
02/14/2020,19:39,55.76,55.76,55.76,55.76, 100
02/14/2020,19:45,55.77,55.77,55.77,55.77, 300
02/14/2020,20:06,55.76,55.76,55.76,55.76, 100
02/14/2020,20:13,55.74,55.74,55.74,55.74, 134
02/14/2020,20:25,55.77,55.77,55.77,55.77, 100
02/14/2020,20:35,55.77,55.77,55.77,55.77, 133
02/14/2020,20:36,55.77,55.77,55.76,55.76, 284
02/14/2020,20:40,55.76,55.76,55.76,55.76, 250
02/14/2020,20:43,55.75,55.75,55.75,55.75, 400
02/14/2020,20:53,55.77,55.77,55.77,55.77, 257
02/14/2020,20:55,55.77,55.77,55.74,55.77, 4684
02/14/2020,20:56,55.75,55.75,55.75,55.75, 1174
02/14/2020,21:00,55.76,55.76,55.75,55.75, 400
02/14/2020,21:20,55.75,55.75,55.75,55.75, 178
02/14/2020,21:23,55.75,55.75,55.75,55.75, 222
02/14/2020,21:34,55.75,55.75,55.75,55.75, 500
02/14/2020,21:36,55.75,55.75,55.75,55.75, 483
02/14/2020,21:51,55.75,55.75,55.75,55.75, 1300
02/14/2020,21:52,55.75,55.75,55.75,55.75, 700
02/14/2020,21:53,55.75,55.75,55.75,55.75, 100
02/14/2020,21:55,55.74,55.74,55.74,55.74, 200
02/14/2020,21:55,55.74,55.74,55.74,55.74, 300
02/14/2020,22:00,55.74,55.74,55.74,55.74, 200
02/14/2020,22:00,55.74,55.74,55.74,55.74, 400
02/14/2020,22:11,55.74,55.74,55.74,55.74, 1
02/18/2020,15:39,55.78,55.78,55.78,55.78, 200
02/18/2020,15:41,55.76,55.76,55.76,55.76, 200
02/18/2020,15:43,55.79,55.79,55.79,55.79, 500
02/18/2020,15:46,55.78,55.79,55.78,55.79, 2100
02/18/2020,15:46,55.79,55.79,55.79,55.79, 100
02/18/2020,15:52,55.8,55.8,55.8,55.8, 300
02/18/2020,16:03,55.79,55.79,55.79,55.79, 100
02/18/2020,16:05,55.84,55.84,55.83,55.84, 8967
02/18/2020,16:05,55.84,55.84,55.84,55.84, 1900
02/18/2020,16:10,55.84,55.84,55.82,55.84, 1107
02/18/2020,16:11,55.84,55.84,55.82,55.82, 516
02/18/2020,16:22,55.83,55.86,55.83,55.86, 2944
02/18/2020,16:23,55.83,55.83,55.83,55.83, 150
02/18/2020,16:28,55.85,55.85,55.85,55.85, 250
02/18/2020,16:32,55.84,55.84,55.84,55.84, 675
02/18/2020,16:42,55.86,55.86,55.86,55.86, 620
02/18/2020,16:46,55.85,55.85,55.85,55.85, 800
02/18/2020,17:07,55.85,55.85,55.85,55.85, 399
02/18/2020,17:13,55.85,55.85,55.85,55.85, 600
02/18/2020,17:24,55.86,55.86,55.86,55.86, 223
02/18/2020,17:28,55.86,55.86,55.86,55.86, 600
02/18/2020,17:35,55.85,55.85,55.85,55.85, 200
02/18/2020,17:42,55.85,55.85,55.85,55.85, 200
02/18/2020,17:45,55.86,55.86,55.86,55.86, 265
02/18/2020,18:02,55.86,55.86,55.84,55.84, 200
02/18/2020,18:18,55.85,55.85,55.85,55.85, 725
02/18/2020,18:24,55.86,55.88,55.86,55.88, 620
02/18/2020,18:33,55.85,55.85,55.85,55.85, 100
02/18/2020,18:38,55.85,55.85,55.85,55.85, 180
02/18/2020,19:01,55.86,55.86,55.86,55.86, 481
02/18/2020,19:08,55.85,55.85,55.85,55.85, 100
02/18/2020,19:16,55.86,55.86,55.86,55.86, 152
02/18/2020,19:39,55.86,55.86,55.85,55.85, 428
02/18/2020,19:41,55.86,55.86,55.86,55.86, 883
02/18/2020,19:45,55.85,55.85,55.85,55.85, 700
02/18/2020,20:08,55.86,55.86,55.86,55.86, 1000
02/18/2020,20:16,55.86,55.86,55.86,55.86, 100
02/18/2020,20:18,55.86,55.86,55.83,55.83, 900
02/18/2020,20:21,55.84,55.84,55.84,55.84, 150
02/18/2020,20:23,55.86,55.88,55.86,55.86, 1320
02/18/2020,20:39,55.84,55.84,55.84,55.84, 400
02/18/2020,21:21,55.85,55.86,55.85,55.85, 985
02/18/2020,21:23,55.85,55.85,55.85,55.85, 174
02/18/2020,21:27,55.86,55.86,55.86,55.86, 460
02/18/2020,21:30,55.86,55.86,55.86,55.86, 270
02/18/2020,21:37,55.86,55.86,55.86,55.86, 798
02/18/2020,21:45,55.85,55.85,55.85,55.85, 200
02/18/2020,21:47,55.85,55.85,55.85,55.85, 232
02/18/2020,21:52,55.85,55.85,55.85,55.85, 300
02/18/2020,21:55,55.86,55.86,55.86,55.86, 450
02/18/2020,21:59,55.85,55.85,55.85,55.85, 1500
02/18/2020,22:00,55.85,55.85,55.85,55.85, 220
02/18/2020,22:01,55.84,55.84,55.84,55.84, 200
02/18/2020,22:11,55.84,55.84,55.84,55.84, 1
02/19/2020,15:38,55.78,55.78,55.78,55.78, 100
02/19/2020,15:39,55.78,55.78,55.78,55.78, 745
02/19/2020,15:42,55.79,55.79,55.78,55.78, 4833
02/19/2020,15:55,55.78,55.78,55.78,55.78, 300
02/19/2020,15:56,55.78,55.78,55.78,55.78, 935
02/19/2020,16:05,55.79,55.79,55.79,55.79, 996
02/19/2020,16:06,55.8,55.8,55.8,55.8, 150
02/19/2020,16:27,55.82,55.82,55.82,55.82, 100
02/19/2020,16:37,55.83,55.83,55.83,55.83, 100
02/19/2020,16:42,55.83,55.83,55.83,55.83, 537
02/19/2020,17:00,55.83,55.83,55.83,55.83, 100
02/19/2020,17:07,55.82,55.82,55.82,55.82, 200
02/19/2020,17:08,55.82,55.82,55.8,55.8, 3900
02/19/2020,17:09,55.8,55.8,55.78,55.78, 900
02/19/2020,17:10,55.79,55.79,55.79,55.79, 100
02/19/2020,17:11,55.79,55.79,55.79,55.79, 4200
02/19/2020,17:23,55.79,55.79,55.79,55.79, 450
02/19/2020,17:30,55.76,55.76,55.76,55.76, 200
02/19/2020,17:32,55.76,55.76,55.76,55.76, 200
02/19/2020,17:33,55.76,55.76,55.76,55.76, 200
02/19/2020,17:35,55.76,55.76,55.76,55.76, 200
02/19/2020,17:37,55.77,55.77,55.77,55.77, 200
02/19/2020,17:38,55.76,55.76,55.76,55.76, 200
02/19/2020,17:40,55.77,55.77,55.77,55.77, 200
02/19/2020,17:42,55.77,55.77,55.77,55.77, 200
02/19/2020,17:43,55.76,55.76,55.76,55.76, 200
02/19/2020,17:45,55.76,55.76,55.76,55.76, 200
02/19/2020,17:48,55.76,55.76,55.76,55.76, 200
02/19/2020,17:49,55.76,55.76,55.76,55.76, 200
02/19/2020,17:50,55.77,55.77,55.77,55.77, 200
02/19/2020,17:51,55.77,55.77,55.77,55.77, 100
02/19/2020,17:53,55.77,55.77,55.77,55.77, 100
02/19/2020,17:54,55.77,55.77,55.77,55.77, 100
02/19/2020,17:55,55.77,55.77,55.77,55.77, 200
02/19/2020,18:04,55.78,55.78,55.78,55.78, 550
02/19/2020,18:05,55.79,55.79,55.79,55.79, 737
02/19/2020,18:07,55.79,55.79,55.79,55.79, 212
02/19/2020,18:09,55.79,55.79,55.79,55.79, 100
02/19/2020,18:14,55.8,55.8,55.8,55.8, 2168
02/19/2020,18:15,55.79,55.79,55.79,55.79, 400
02/19/2020,18:17,55.79,55.79,55.79,55.79, 1000
02/19/2020,18:21,55.8,55.8,55.8,55.8, 500
02/19/2020,18:21,55.8,55.8,55.8,55.8, 400
02/19/2020,18:24,55.81,55.81,55.81,55.81, 182
02/19/2020,18:34,55.81,55.81,55.81,55.81, 187
02/19/2020,19:04,55.8,55.8,55.8,55.8, 203
02/19/2020,19:19,55.81,55.81,55.81,55.81, 1275
02/19/2020,19:24,55.81,55.81,55.81,55.81, 220
02/19/2020,19:37,55.81,55.81,55.81,55.81, 266
02/19/2020,19:38,55.81,55.81,55.81,55.81, 536
02/19/2020,19:42,55.81,55.81,55.81,55.81, 300
02/19/2020,19:52,55.81,55.81,55.81,55.81, 280
02/19/2020,19:58,55.8,55.8,55.8,55.8, 180
02/19/2020,20:08,55.81,55.81,55.81,55.81, 1060
02/19/2020,20:12,55.8,55.8,55.8,55.8, 717
02/19/2020,20:15,55.81,55.81,55.81,55.81, 1702
02/19/2020,20:23,55.81,55.81,55.81,55.81, 300
02/19/2020,20:25,55.82,55.82,55.8,55.8, 717
02/19/2020,20:33,55.82,55.82,55.81,55.81, 605
02/19/2020,20:36,55.8,55.8,55.8,55.8, 500
02/19/2020,20:40,55.8,55.8,55.8,55.8, 316
02/19/2020,20:42,55.8,55.8,55.8,55.8, 900
02/19/2020,20:44,55.8,55.8,55.8,55.8, 2008
02/19/2020,20:53,55.8,55.8,55.8,55.8, 110
02/19/2020,20:55,55.8,55.8,55.8,55.8, 291
02/19/2020,21:01,55.8,55.8,55.8,55.8, 135
02/19/2020,21:07,55.79,55.79,55.79,55.79, 2152
02/19/2020,21:08,55.78,55.78,55.78,55.78, 200
02/19/2020,21:21,55.78,55.78,55.78,55.78, 282
02/19/2020,21:38,55.77,55.77,55.77,55.77, 125
02/19/2020,21:40,55.78,55.78,55.78,55.78, 179
02/19/2020,21:41,55.78,55.78,55.78,55.78, 100
02/19/2020,21:51,55.77,55.78,55.75,55.75, 7100
02/19/2020,21:52,55.76,55.76,55.76,55.76, 500
02/19/2020,21:58,55.76,55.76,55.75,55.76, 300
02/19/2020,21:59,55.75,55.75,55.75,55.75, 120
02/19/2020,22:01,55.76,55.76,55.76,55.76, 205
02/19/2020,22:11,55.76,55.76,55.76,55.76, 1
02/20/2020,15:31,55.85,55.85,55.85,55.85, 1619
02/20/2020,15:31,55.85,55.85,55.85,55.85, 150
02/20/2020,15:35,55.81,55.84,55.81,55.84, 929
02/20/2020,15:37,55.84,55.84,55.84,55.84, 100
02/20/2020,15:44,55.84,55.84,55.84,55.84, 359
02/20/2020,15:59,55.85,55.85,55.85,55.85, 264
02/20/2020,16:15,55.83,55.83,55.83,55.83, 178
02/20/2020,16:18,55.81,55.81,55.81,55.81, 439
02/20/2020,16:25,55.83,55.83,55.83,55.83, 300
02/20/2020,16:28,55.83,55.83,55.83,55.83, 300
02/20/2020,16:32,55.86,55.86,55.86,55.86, 129
02/20/2020,16:51,55.86,55.86,55.86,55.86, 259
02/20/2020,17:11,55.86,55.86,55.86,55.86, 115
02/20/2020,17:14,55.86,55.86,55.86,55.86, 313
02/20/2020,17:26,55.9,55.9,55.9,55.9, 105
02/20/2020,17:33,55.9,55.9,55.89,55.89, 4500
02/20/2020,17:52,55.87,55.87,55.87,55.87, 398
02/20/2020,17:55,55.88,55.88,55.88,55.88, 765
02/20/2020,17:56,55.89,55.89,55.89,55.89, 700
02/20/2020,18:01,55.85,55.85,55.85,55.85, 100
02/20/2020,18:11,55.89,55.89,55.89,55.89, 525
02/20/2020,18:18,55.89,55.89,55.89,55.89, 100
02/20/2020,18:24,55.88,55.88,55.88,55.88, 129
02/20/2020,18:41,55.87,55.87,55.87,55.87, 200
02/20/2020,18:51,55.89,55.89,55.89,55.89, 340
02/20/2020,18:58,55.89,55.89,55.89,55.89, 100
02/20/2020,19:02,55.89,55.89,55.89,55.89, 340
02/20/2020,19:15,55.89,55.89,55.89,55.89, 923
02/20/2020,19:16,55.88,55.88,55.88,55.88, 200
02/20/2020,19:17,55.88,55.88,55.88,55.88, 700
02/20/2020,19:17,55.88,55.88,55.88,55.88, 1200
02/20/2020,19:18,55.87,55.87,55.87,55.87, 2100
02/20/2020,19:51,55.86,55.86,55.86,55.86, 336
02/20/2020,19:54,55.88,55.88,55.88,55.88, 1800
02/20/2020,19:59,55.85,55.85,55.85,55.85, 130
02/20/2020,20:02,55.86,55.86,55.86,55.86, 179
02/20/2020,20:05,55.86,55.86,55.86,55.86, 100
02/20/2020,20:34,55.84,55.84,55.83,55.83, 3136
02/20/2020,20:34,55.83,55.83,55.83,55.83, 2600
02/20/2020,21:12,55.88,55.88,55.88,55.88, 100
02/20/2020,21:22,55.88,55.89,55.87,55.89, 1082
02/20/2020,21:32,55.87,55.87,55.87,55.87, 107
02/20/2020,21:42,55.89,55.89,55.89,55.89, 520
02/20/2020,21:54,55.88,55.88,55.88,55.88, 140
02/20/2020,21:57,55.89,55.9,55.89,55.9, 588
02/20/2020,22:00,55.9,55.9,55.9,55.9, 223
02/20/2020,22:11,55.9,55.9,55.9,55.9, 1
02/21/2020,15:31,56.05,56.08,56.05,56.08, 1293
02/21/2020,15:38,56.06,56.06,56.06,56.06, 100
02/21/2020,15:47,56.09,56.09,56.09,56.09, 100
02/21/2020,15:50,56.13,56.13,56.13,56.13, 1114
02/21/2020,16:02,56.07,56.07,56.07,56.07, 100
02/21/2020,16:06,56.12,56.12,56.12,56.12, 2261
02/21/2020,16:10,56.11,56.11,56.11,56.11, 1545
02/21/2020,16:30,56.11,56.11,56.11,56.11, 200
02/21/2020,16:47,56.16,56.16,56.15,56.15, 1000
02/21/2020,16:49,56.17,56.17,56.17,56.17, 3580
02/21/2020,16:51,56.16,56.16,56.16,56.16, 850
02/21/2020,16:55,56.16,56.16,56.13,56.13, 2700
02/21/2020,16:56,56.12,56.13,56.12,56.13, 1300
02/21/2020,17:04,56.1,56.1,56.1,56.1, 113
02/21/2020,17:22,56.1,56.1,56.1,56.1, 100
02/21/2020,17:23,56.1,56.1,56.1,56.1, 500
02/21/2020,17:24,56.07,56.09,56.07,56.09, 300
02/21/2020,17:40,56.05,56.05,56.05,56.05, 102
02/21/2020,17:51,56.07,56.07,56.07,56.07, 180
02/21/2020,18:03,56.07,56.07,56.07,56.07, 125
02/21/2020,18:36,56.08,56.08,56.08,56.08, 305
02/21/2020,18:57,56.1,56.1,56.1,56.1, 107
02/21/2020,19:27,56.04,56.08,56.04,56.08, 1158
02/21/2020,19:31,56.08,56.08,56.06,56.06, 319
02/21/2020,19:31,56.07,56.07,56.07,56.07, 350
02/21/2020,19:34,56.08,56.1,56.08,56.1, 1385
02/21/2020,19:35,56.09,56.09,56.08,56.08, 887
02/21/2020,19:41,56.09,56.09,56.09,56.09, 300
02/21/2020,19:43,56.1,56.11,56.09,56.11, 33366
02/21/2020,19:47,56.1,56.1,56.1,56.1, 300
02/21/2020,20:11,56.09,56.09,56.09,56.09, 100
02/21/2020,20:13,56.08,56.08,56.08,56.08, 424
02/21/2020,20:20,56.09,56.09,56.09,56.09, 200
02/21/2020,20:25,56.09,56.09,56.09,56.09, 100
02/21/2020,20:26,56.08,56.08,56.08,56.08, 900
02/21/2020,20:27,56.08,56.08,56.07,56.07, 6702
02/21/2020,20:34,56.07,56.07,56.07,56.07, 160
02/21/2020,20:36,56.07,56.07,56.07,56.07, 175
02/21/2020,20:55,56.07,56.07,56.07,56.07, 250
02/21/2020,20:57,56.07,56.07,56.07,56.07, 200
02/21/2020,21:00,56.07,56.07,56.07,56.07, 113
02/21/2020,21:00,56.07,56.07,56.07,56.07, 100
02/21/2020,21:16,56.07,56.07,56.07,56.07, 400
02/21/2020,21:30,56.06,56.06,56.06,56.06, 142
02/21/2020,21:47,56.09,56.09,56.09,56.09, 336
02/21/2020,21:51,56.07,56.07,56.07,56.07, 700
02/21/2020,22:00,56.06,56.06,56.06,56.06, 200
02/21/2020,22:11,56.06,56.06,56.06,56.06, 1
02/24/2020,15:31,56.26,56.26,56.26,56.26, 2320
02/24/2020,15:37,56.2,56.2,56.2,56.2, 300
02/24/2020,15:54,56.21,56.21,56.21,56.21, 710
02/24/2020,16:02,56.21,56.21,56.21,56.21, 3000
02/24/2020,16:05,56.21,56.21,56.21,56.21, 900
02/24/2020,16:38,56.22,56.22,56.22,56.22, 1042
02/24/2020,16:46,56.22,56.22,56.22,56.22, 400
02/24/2020,17:05,56.21,56.21,56.21,56.21, 283
02/24/2020,17:12,56.21,56.21,56.21,56.21, 322
02/24/2020,17:17,56.21,56.21,56.21,56.21, 102
02/24/2020,17:26,56.2,56.2,56.2,56.2, 180
02/24/2020,17:28,56.21,56.21,56.21,56.21, 200
02/24/2020,17:31,56.21,56.21,56.21,56.21, 260
02/24/2020,17:32,56.2,56.2,56.2,56.2, 600
02/24/2020,17:33,56.2,56.2,56.2,56.2, 250
02/24/2020,17:51,56.21,56.21,56.21,56.21, 500
02/24/2020,17:51,56.2,56.2,56.2,56.2, 100
02/24/2020,17:55,56.2,56.2,56.2,56.2, 300
02/24/2020,17:57,56.2,56.22,56.2,56.22, 22344
02/24/2020,18:06,56.19,56.19,56.19,56.19, 786
02/24/2020,18:08,56.2,56.2,56.2,56.2, 298
02/24/2020,18:20,56.22,56.22,56.22,56.22, 469
02/24/2020,18:25,56.22,56.22,56.22,56.22, 283
02/24/2020,18:44,56.23,56.23,56.23,56.23, 124
02/24/2020,19:09,56.22,56.22,56.22,56.22, 832
02/24/2020,19:18,56.21,56.21,56.21,56.21, 380
02/24/2020,19:25,56.21,56.21,56.21,56.21, 100
02/24/2020,19:29,56.2,56.21,56.2,56.21, 431
02/24/2020,19:30,56.2,56.2,56.2,56.2, 645
02/24/2020,19:33,56.21,56.21,56.21,56.21, 180
02/24/2020,19:36,56.21,56.21,56.21,56.21, 400
02/24/2020,19:40,56.21,56.21,56.21,56.21, 200
02/24/2020,20:02,56.2,56.2,56.2,56.2, 150
02/24/2020,20:03,56.21,56.21,56.21,56.21, 1133
02/24/2020,20:09,56.2,56.2,56.2,56.2, 115
02/24/2020,20:19,56.21,56.24,56.21,56.21, 2000
02/24/2020,20:25,56.21,56.21,56.21,56.21, 895
02/24/2020,20:31,56.19,56.19,56.19,56.19, 110
02/24/2020,20:33,56.19,56.19,56.19,56.19, 180
02/24/2020,20:35,56.16,56.16,56.16,56.16, 180
02/24/2020,20:40,56.18,56.18,56.18,56.18, 180
02/24/2020,20:50,56.19,56.19,56.19,56.19, 625
02/24/2020,20:56,56.19,56.19,56.19,56.19, 189
02/24/2020,21:04,56.21,56.21,56.21,56.21, 355
02/24/2020,21:11,56.19,56.19,56.19,56.19, 180
02/24/2020,21:14,56.2,56.2,56.2,56.2, 128
02/24/2020,21:16,56.2,56.2,56.2,56.2, 355
02/24/2020,21:17,56.18,56.18,56.18,56.18, 265
02/24/2020,21:18,56.16,56.16,56.16,56.16, 265
02/24/2020,21:19,56.2,56.2,56.2,56.2, 265
02/24/2020,21:22,56.18,56.18,56.18,56.18, 265
02/24/2020,21:26,56.16,56.16,56.16,56.16, 200
02/24/2020,21:28,56.18,56.18,56.18,56.18, 125
02/24/2020,21:32,56.18,56.18,56.18,56.18, 100
02/24/2020,21:39,56.21,56.21,56.21,56.21, 715
02/24/2020,21:41,56.21,56.21,56.21,56.21, 355
02/24/2020,21:42,56.21,56.21,56.21,56.21, 355
02/24/2020,21:46,56.21,56.21,56.21,56.21, 100
02/24/2020,21:47,56.14,56.2,56.14,56.2, 406
02/24/2020,21:56,56.14,56.14,56.14,56.14, 102
02/24/2020,21:57,56.19,56.19,56.19,56.19, 200
02/24/2020,21:58,56.19,56.19,56.19,56.19, 290
02/24/2020,22:00,56.17,56.17,56.17,56.17, 293
02/24/2020,22:11,56.17,56.17,56.17,56.17, 1
02/25/2020,15:31,56.13,56.13,56.13,56.13, 274
02/25/2020,15:35,56.17,56.17,56.17,56.17, 800
02/25/2020,15:37,56.21,56.21,56.21,56.21, 166
02/25/2020,15:48,56.26,56.26,56.22,56.22, 436
02/25/2020,15:54,56.23,56.23,56.23,56.23, 140
02/25/2020,16:12,56.24,56.24,56.24,56.24, 100
02/25/2020,16:15,56.24,56.24,56.24,56.24, 100
02/25/2020,16:20,56.24,56.26,56.24,56.26, 200
02/25/2020,16:22,56.27,56.27,56.27,56.27, 122
02/25/2020,16:36,56.28,56.28,56.28,56.28, 100
02/25/2020,16:59,56.29,56.29,56.29,56.29, 806
02/25/2020,17:15,56.28,56.29,56.26,56.26, 2555
02/25/2020,17:15,56.26,56.26,56.26,56.26, 2100
02/25/2020,17:27,56.27,56.27,56.26,56.26, 359
02/25/2020,17:31,56.27,56.27,56.27,56.27, 498
02/25/2020,17:32,56.27,56.27,56.27,56.27, 122
02/25/2020,18:43,56.23,56.24,56.23,56.24, 802
02/25/2020,18:52,56.24,56.24,56.24,56.24, 356
02/25/2020,18:59,56.26,56.26,56.26,56.26, 985
02/25/2020,19:06,56.26,56.26,56.26,56.26, 854
02/25/2020,19:07,56.25,56.25,56.25,56.25, 120
02/25/2020,19:26,56.26,56.26,56.26,56.26, 741
02/25/2020,19:28,56.24,56.24,56.24,56.24, 275
02/25/2020,19:43,56.25,56.25,56.24,56.24, 461
02/25/2020,19:45,56.24,56.24,56.24,56.24, 1087
02/25/2020,19:49,56.25,56.25,56.25,56.25, 136
02/25/2020,19:53,56.24,56.24,56.24,56.24, 1380
02/25/2020,19:53,56.24,56.24,56.24,56.24, 443
02/25/2020,20:09,56.23,56.23,56.23,56.23, 128
02/25/2020,20:29,56.21,56.21,56.21,56.21, 215
02/25/2020,20:29,56.19,56.19,56.19,56.19, 1000
02/25/2020,20:31,56.16,56.16,56.16,56.16, 177
02/25/2020,20:34,56.17,56.17,56.17,56.17, 500
02/25/2020,20:39,56.14,56.14,56.14,56.14, 900
02/25/2020,20:50,56.19,56.19,56.19,56.19, 500
02/25/2020,21:04,56.18,56.18,56.18,56.18, 800
02/25/2020,21:21,56.17,56.24,56.17,56.18, 2193
02/25/2020,22:11,56.21,56.21,56.21,56.21, 1
02/26/2020,15:31,56.18,56.18,56.18,56.18, 1119
02/26/2020,15:34,56.12,56.12,56.12,56.12, 215
02/26/2020,16:02,56.12,56.12,56.12,56.12, 400
02/26/2020,16:12,56.12,56.12,56.12,56.12, 100
02/26/2020,16:24,56.11,56.12,56.11,56.12, 994
02/26/2020,16:31,56.11,56.11,56.11,56.11, 148
02/26/2020,16:34,56.12,56.12,56.12,56.12, 150
02/26/2020,16:43,56.12,56.18,56.12,56.18, 800
02/26/2020,16:47,56.2,56.2,56.2,56.2, 286
02/26/2020,16:50,56.19,56.19,56.19,56.19, 100
02/26/2020,17:23,56.21,56.21,56.21,56.21, 100
02/26/2020,17:25,56.22,56.22,56.22,56.22, 100
02/26/2020,17:31,56.23,56.23,56.23,56.23, 1778
02/26/2020,17:35,56.23,56.23,56.23,56.23, 100
02/26/2020,17:58,56.22,56.22,56.22,56.22, 100
02/26/2020,18:11,56.23,56.26,56.23,56.23, 1834
02/26/2020,18:46,56.25,56.25,56.25,56.25, 741
02/26/2020,18:59,56.24,56.24,56.24,56.24, 500
02/26/2020,19:00,56.24,56.24,56.24,56.24, 144
02/26/2020,19:12,56.22,56.22,56.22,56.22, 445
02/26/2020,19:33,56.2,56.2,56.2,56.2, 132
02/26/2020,19:33,56.2,56.2,56.2,56.2, 132
02/26/2020,19:37,56.21,56.21,56.21,56.21, 400
02/26/2020,19:44,56.23,56.23,56.23,56.23, 758
02/26/2020,19:52,56.2,56.2,56.2,56.2, 478
02/26/2020,19:53,56.21,56.21,56.21,56.21, 200
02/26/2020,19:55,56.2,56.2,56.2,56.2, 100
02/26/2020,19:58,56.2,56.2,56.2,56.2, 400
02/26/2020,19:59,56.19,56.19,56.19,56.19, 911
02/26/2020,20:01,56.2,56.2,56.2,56.2, 100
02/26/2020,20:04,56.19,56.19,56.19,56.19, 236
02/26/2020,20:05,56.2,56.2,56.2,56.2, 400
02/26/2020,20:06,56.2,56.2,56.2,56.2, 100
02/26/2020,20:08,56.2,56.2,56.2,56.2, 1790
02/26/2020,20:11,56.2,56.22,56.2,56.22, 400
02/26/2020,20:12,56.22,56.22,56.22,56.22, 300
02/26/2020,20:21,56.23,56.23,56.23,56.23, 1000
02/26/2020,20:29,56.22,56.22,56.22,56.22, 129
02/28/2020,15:33,56,56,56,56, 402
02/28/2020,15:36,56.18,56.18,56.18,56.18, 140
02/28/2020,15:37,56.1,56.1,56.1,56.1, 161
02/28/2020,15:50,56.15,56.15,56.15,56.15, 220
02/28/2020,15:54,56.2,56.2,56.2,56.2, 246
02/28/2020,15:54,56.17,56.17,56.17,56.17, 100
02/28/2020,16:08,56.13,56.13,56.13,56.13, 100
02/28/2020,16:11,56.09,56.09,56.09,56.09, 280
02/28/2020,16:20,56.1,56.1,56.1,56.1, 107
02/28/2020,16:22,56.11,56.11,56.11,56.11, 107
02/28/2020,16:28,56.14,56.14,56.14,56.14, 978
02/28/2020,16:31,56.15,56.15,56.15,56.15, 200
02/28/2020,16:33,56.15,56.15,56.15,56.15, 600
02/28/2020,16:38,56.15,56.15,56.15,56.15, 500
02/28/2020,16:43,56.25,56.25,56.25,56.25, 636
02/28/2020,16:49,56.14,56.14,56.14,56.14, 353
02/28/2020,16:55,56.18,56.19,56.18,56.18, 470
02/28/2020,16:59,56.19,56.19,56.19,56.19, 180
02/28/2020,17:00,56.24,56.24,56.24,56.24, 180
02/28/2020,17:02,56.22,56.23,56.22,56.23, 1800
02/28/2020,17:03,56.23,56.23,56.22,56.22, 1700
02/28/2020,17:04,56.24,56.24,56.24,56.24, 100
02/28/2020,17:06,56.17,56.17,56.17,56.17, 1850
02/28/2020,17:08,56.2,56.2,56.2,56.2, 200
02/28/2020,17:11,56.23,56.23,56.23,56.23, 355
02/28/2020,17:11,56.23,56.23,56.21,56.21, 200
02/28/2020,17:12,56.23,56.23,56.23,56.23, 1000
02/28/2020,17:14,56.23,56.28,56.23,56.28, 739
02/28/2020,17:16,56.26,56.26,56.26,56.26, 500
02/28/2020,17:27,56.26,56.26,56.26,56.26, 200
02/28/2020,17:36,56.3,56.3,56.3,56.3, 300
02/28/2020,17:42,56.27,56.27,56.27,56.27, 180
02/28/2020,17:43,56.27,56.27,56.27,56.27, 180
02/28/2020,17:48,56.29,56.29,56.28,56.28, 550
02/28/2020,17:51,56.3,56.3,56.3,56.3, 473
02/28/2020,18:04,56.32,56.34,56.32,56.33, 5000
02/28/2020,18:08,56.34,56.34,56.31,56.31, 630
02/28/2020,18:13,56.34,56.34,56.34,56.34, 100
02/28/2020,18:21,56.34,56.35,56.34,56.35, 1100
02/28/2020,18:22,56.36,56.36,56.36,56.36, 614
02/28/2020,18:24,56.37,56.37,56.36,56.36, 500
02/28/2020,18:29,56.35,56.35,56.35,56.35, 117
02/28/2020,18:29,56.34,56.34,56.34,56.34, 4000
02/28/2020,18:34,56.32,56.33,56.32,56.33, 1006
02/28/2020,18:34,56.33,56.33,56.33,56.33, 185
02/28/2020,18:39,56.34,56.34,56.33,56.33, 404
02/28/2020,18:46,56.35,56.35,56.35,56.35, 1736
02/28/2020,18:47,56.35,56.35,56.35,56.35, 357
02/28/2020,18:49,56.36,56.36,56.36,56.36, 1015
02/28/2020,18:55,56.35,56.35,56.35,56.35, 100
02/28/2020,18:58,56.35,56.36,56.35,56.36, 2042
02/28/2020,19:00,56.35,56.35,56.35,56.35, 183
02/28/2020,19:03,56.38,56.38,56.37,56.37, 337
02/28/2020,19:09,56.36,56.36,56.34,56.36, 1350
02/28/2020,19:11,56.38,56.38,56.38,56.38, 693
02/28/2020,19:13,56.34,56.37,56.34,56.37, 1249
02/28/2020,19:18,56.38,56.38,56.38,56.38, 3007
02/28/2020,19:19,56.34,56.34,56.34,56.34, 2485
02/28/2020,19:24,56.35,56.35,56.34,56.34, 200
02/28/2020,19:26,56.39,56.39,56.39,56.39, 101
02/28/2020,19:28,56.37,56.37,56.37,56.37, 200
02/28/2020,19:38,56.34,56.34,56.34,56.34, 300
02/28/2020,19:42,56.34,56.35,56.34,56.35, 225
02/28/2020,19:47,56.34,56.34,56.3,56.34, 27551
02/28/2020,19:48,56.34,56.34,56.34,56.34, 200
02/28/2020,19:52,56.34,56.34,56.34,56.34, 320
02/28/2020,19:53,56.35,56.35,56.35,56.35, 115
02/28/2020,19:55,56.34,56.34,56.34,56.34, 700
02/28/2020,19:57,56.35,56.35,56.35,56.35, 100
02/28/2020,19:58,56.35,56.35,56.35,56.35, 1050
02/28/2020,20:00,56.35,56.35,56.35,56.35, 118
02/28/2020,20:03,56.35,56.35,56.35,56.35, 100
02/28/2020,20:08,56.35,56.35,56.35,56.35, 2267
02/28/2020,20:09,56.35,56.35,56.35,56.35, 383
02/28/2020,20:12,56.34,56.34,56.34,56.34, 140
02/28/2020,20:19,56.3,56.3,56.3,56.3, 100
02/28/2020,20:21,56.28,56.28,56.27,56.27, 83512
02/28/2020,20:22,56.34,56.34,56.34,56.34, 300
02/28/2020,20:23,56.34,56.35,56.34,56.35, 307
02/28/2020,20:25,56.34,56.34,56.34,56.34, 300
02/28/2020,20:29,56.35,56.35,56.35,56.35, 1322
02/28/2020,20:33,56.35,56.35,56.35,56.35, 300
02/28/2020,20:39,56.35,56.35,56.35,56.35, 200
02/28/2020,20:43,56.35,56.35,56.35,56.35, 112
02/28/2020,20:49,56.35,56.35,56.35,56.35, 300
02/28/2020,20:50,56.47,56.47,56.47,56.47, 150
02/28/2020,20:51,56.42,56.42,56.42,56.42, 200
02/28/2020,20:51,56.42,56.42,56.42,56.42, 216
02/28/2020,20:54,56.45,56.45,56.45,56.45, 415
02/28/2020,20:57,56.44,56.44,56.42,56.42, 497
02/28/2020,21:05,56.36,56.36,56.36,56.36, 134
02/28/2020,21:06,56.38,56.38,56.38,56.38, 1126
02/28/2020,21:15,56.4,56.4,56.4,56.4, 350
02/28/2020,21:17,56.41,56.41,56.41,56.41, 100
02/28/2020,21:19,56.42,56.42,56.42,56.42, 100
02/28/2020,21:22,56.42,56.45,56.42,56.45, 1618
02/28/2020,21:22,56.48,56.48,56.48,56.48, 100
02/28/2020,21:32,56.44,56.44,56.44,56.44, 1600
02/28/2020,21:33,56.42,56.44,56.42,56.44, 1611
02/28/2020,21:35,56.44,56.44,56.44,56.44, 200
02/28/2020,21:42,56.44,56.44,56.44,56.44, 100
02/28/2020,21:44,56.43,56.43,56.43,56.43, 4589
02/28/2020,21:47,56.43,56.43,56.43,56.43, 200
02/28/2020,21:50,56.42,56.42,56.42,56.42, 100
02/28/2020,21:55,56.44,56.44,56.44,56.44, 100
02/28/2020,22:01,56.44,56.44,56.44,56.44, 151
02/28/2020,22:11,56.44,56.44,56.44,56.44, 1

