03/02/2020,16:31,2.39,2.39,2.39,2.39, 1
03/02/2020,17:01,2.39,2.39,2.39,2.39, 1
03/03/2020,16:31,2.56,2.56,2.56,2.56, 1
03/03/2020,17:01,2.56,2.56,2.56,2.56, 1
03/04/2020,16:31,2.56,2.56,2.56,2.56, 1
03/04/2020,17:01,2.56,2.56,2.56,2.56, 1
03/05/2020,16:31,2.53,2.53,2.53,2.53, 1
03/05/2020,17:01,2.53,2.53,2.53,2.53, 1
03/06/2020,16:31,2.43,2.43,2.43,2.43, 1
03/09/2020,16:31,2.29,2.29,2.29,2.29, 1
03/09/2020,17:01,2.29,2.29,2.29,2.29, 1
03/10/2020,16:31,2.26,2.26,2.26,2.26, 1
03/10/2020,17:01,2.26,2.26,2.26,2.26, 1
03/11/2020,16:31,2.3,2.3,2.3,2.3, 1
03/11/2020,17:01,2.3,2.3,2.3,2.3, 1
03/12/2020,16:31,2.13,2.13,2.13,2.13, 1
03/12/2020,17:01,2.13,2.13,2.13,2.13, 1
03/13/2020,16:31,2.21,2.21,2.21,2.21, 1
03/13/2020,17:01,2.21,2.21,2.21,2.21, 1
03/16/2020,16:31,2.03,2.03,2.03,2.03, 1
03/16/2020,17:01,2.03,2.03,2.03,2.03, 1
03/17/2020,16:31,2.05,2.05,2.05,2.05, 1
03/17/2020,17:01,2.05,2.05,2.05,2.05, 1
03/18/2020,16:31,1.98,1.98,1.98,1.98, 1
03/18/2020,17:01,1.98,1.98,1.98,1.98, 1
03/19/2020,16:31,1.9,1.9,1.9,1.9, 1
03/20/2020,16:31,1.88,1.88,1.88,1.88, 1
03/20/2020,17:01,1.88,1.88,1.88,1.88, 1
03/23/2020,17:01,1.77,1.77,1.77,1.77, 1
03/24/2020,17:01,1.9,1.9,1.9,1.9, 1
03/25/2020,16:31,1.87,1.87,1.87,1.87, 1
03/25/2020,17:01,1.87,1.87,1.87,1.87, 1
03/26/2020,16:31,1.94,1.94,1.94,1.94, 1
03/26/2020,17:01,1.94,1.94,1.94,1.94, 1
03/27/2020,16:31,1.88,1.88,1.88,1.88, 1
03/27/2020,17:01,1.88,1.88,1.88,1.88, 1
03/30/2020,17:31,1.87,1.87,1.87,1.87, 1
03/30/2020,18:01,1.87,1.87,1.87,1.87, 1
03/31/2020,18:01,1.89,1.89,1.89,1.89, 1

