04/01/2020,09:01,.6,.6,.6,.6, 8
04/01/2020,09:21,.58,.58,.58,.58, 1
04/01/2020,09:27,.588,.588,.588,.588, 1
04/01/2020,09:28,.58,.58,.58,.58, 6
04/01/2020,09:59,.582,.582,.58,.58, 2
04/01/2020,10:00,.581,.581,.58,.58, 4
04/01/2020,10:24,.58,.58,.58,.58, 1
04/01/2020,10:32,.586,.586,.586,.586, 1
04/01/2020,10:57,.581,.581,.58,.58, 4
04/01/2020,10:58,.586,.586,.586,.586, 2
04/01/2020,11:05,.581,.581,.581,.581, 1
04/01/2020,11:07,.581,.581,.581,.581, 1
04/01/2020,11:16,.587,.589,.587,.589, 3
04/01/2020,11:28,.585,.585,.585,.585, 2
04/01/2020,11:49,.585,.585,.585,.585, 1
04/01/2020,11:59,.588,.59,.588,.59, 3
04/01/2020,12:06,.59,.59,.59,.59, 6
04/01/2020,12:06,.59,.59,.59,.59, 1
04/01/2020,12:08,.59,.59,.59,.59, 5
04/01/2020,12:10,.59,.59,.59,.59, 1
04/01/2020,12:13,.587,.587,.587,.587, 1
04/01/2020,12:26,.588,.588,.588,.588, 1
04/01/2020,12:31,.588,.588,.588,.588, 1
04/01/2020,12:39,.588,.588,.588,.588, 2
04/01/2020,12:41,.587,.587,.587,.587, 1
04/01/2020,12:45,.585,.585,.585,.585, 3
04/01/2020,12:46,.581,.581,.581,.581, 2
04/01/2020,12:48,.581,.581,.58,.58, 5
04/01/2020,12:49,.58,.58,.58,.58, 1
04/01/2020,12:53,.587,.587,.587,.587, 1
04/01/2020,13:00,.585,.585,.585,.585, 1
04/01/2020,13:10,.581,.581,.578,.578, 6
04/01/2020,13:12,.578,.578,.578,.578, 1
04/01/2020,13:14,.578,.578,.578,.578, 1
04/01/2020,13:14,.578,.578,.578,.578, 1
04/01/2020,13:16,.578,.58,.578,.58, 2
04/01/2020,13:19,.576,.576,.575,.575, 2
04/01/2020,13:26,.58,.58,.58,.58, 1
04/01/2020,13:27,.58,.582,.58,.582, 4
04/01/2020,13:53,.576,.576,.576,.576, 1
04/01/2020,14:09,.579,.58,.579,.58, 2
04/01/2020,14:11,.576,.576,.576,.576, 1
04/01/2020,14:27,.577,.577,.577,.577, 1
04/01/2020,14:36,.577,.577,.577,.577, 1
04/01/2020,14:37,.58,.581,.58,.581, 3
04/01/2020,14:37,.581,.581,.581,.581, 1
04/01/2020,14:44,.58,.58,.577,.58, 5
04/01/2020,14:50,.58,.58,.58,.58, 1
04/01/2020,14:51,.58,.58,.58,.58, 1
04/01/2020,14:52,.58,.58,.58,.58, 1
04/01/2020,14:54,.58,.58,.58,.58, 3
04/01/2020,15:02,.578,.578,.578,.578, 2
04/01/2020,15:07,.58,.58,.58,.58, 1
04/01/2020,15:13,.581,.581,.581,.581, 1
04/01/2020,15:41,.581,.581,.581,.581, 1
04/01/2020,15:43,.581,.581,.581,.581, 4
04/01/2020,15:48,.58,.58,.58,.58, 2
04/01/2020,16:04,.58,.58,.58,.58, 2
04/01/2020,16:18,.58,.58,.58,.58, 1
04/01/2020,16:29,.58,.58,.58,.58, 3
04/01/2020,16:44,.581,.581,.581,.581, 1
04/01/2020,16:50,.581,.581,.581,.581, 2
04/01/2020,16:56,.581,.581,.581,.581, 1
04/01/2020,17:12,.581,.581,.581,.581, 11
04/01/2020,17:13,.584,.584,.584,.584, 1
04/01/2020,17:14,.582,.582,.578,.578, 9
04/01/2020,17:19,.58,.58,.58,.58, 1
04/01/2020,17:19,.581,.581,.581,.581, 3
04/01/2020,17:21,.58,.581,.58,.581, 7
04/01/2020,17:24,.581,.581,.581,.581, 3
04/01/2020,17:25,.578,.578,.578,.578, 1
04/01/2020,17:27,.578,.58,.578,.58, 2
04/01/2020,17:29,.58,.581,.58,.581, 3
04/01/2020,17:30,.581,.581,.581,.581, 1
04/01/2020,17:36,.578,.578,.578,.578, 10
04/02/2020,09:01,.576,.58,.576,.58, 6
04/02/2020,09:17,.58,.58,.58,.58, 3
04/02/2020,09:27,.58,.58,.58,.58, 1
04/02/2020,09:37,.58,.58,.58,.58, 1
04/02/2020,09:39,.58,.58,.58,.58, 1
04/02/2020,09:56,.58,.58,.58,.58, 3
04/02/2020,10:08,.585,.585,.585,.585, 3
04/02/2020,10:10,.585,.585,.585,.585, 3
04/02/2020,10:14,.585,.585,.585,.585, 1
04/02/2020,10:27,.585,.585,.585,.585, 1
04/02/2020,10:28,.585,.585,.585,.585, 1
04/02/2020,10:30,.581,.581,.58,.58, 3
04/02/2020,10:40,.585,.585,.585,.585, 1
04/02/2020,10:41,.585,.585,.585,.585, 4
04/02/2020,10:54,.58,.58,.58,.58, 1
04/02/2020,10:57,.587,.587,.587,.587, 1
04/02/2020,11:09,.585,.585,.585,.585, 3
04/02/2020,11:14,.581,.581,.58,.58, 2
04/02/2020,11:25,.58,.58,.58,.58, 3
04/02/2020,11:25,.58,.58,.58,.58, 3
04/02/2020,11:28,.585,.585,.585,.585, 1
04/02/2020,11:37,.58,.585,.58,.585, 5
04/02/2020,11:38,.581,.581,.581,.581, 1
04/02/2020,11:47,.585,.587,.585,.587, 4
04/02/2020,11:50,.581,.581,.581,.581, 1
04/02/2020,12:15,.585,.587,.585,.587, 4
04/02/2020,12:25,.587,.587,.587,.587, 1
04/02/2020,12:34,.587,.59,.587,.59, 14
04/02/2020,12:34,.59,.59,.59,.59, 4
04/02/2020,12:44,.59,.59,.59,.59, 1
04/02/2020,12:50,.59,.59,.59,.59, 1
04/02/2020,13:21,.589,.589,.589,.589, 1
04/02/2020,13:23,.588,.588,.585,.585, 2
04/02/2020,13:41,.585,.585,.585,.585, 4
04/02/2020,13:44,.581,.581,.581,.581, 1
04/02/2020,14:36,.581,.581,.58,.58, 6
04/02/2020,14:38,.578,.578,.576,.576, 4
04/02/2020,14:42,.573,.573,.572,.572, 6
04/02/2020,14:46,.572,.572,.572,.572, 1
04/02/2020,14:49,.572,.572,.572,.572, 1
04/02/2020,14:57,.572,.572,.571,.571, 2
04/02/2020,15:01,.572,.58,.571,.58, 3
04/02/2020,15:09,.579,.585,.579,.585, 7
04/02/2020,15:22,.584,.584,.584,.584, 1
04/02/2020,15:24,.572,.572,.572,.572, 2
04/02/2020,15:30,.579,.58,.579,.58, 2
04/02/2020,15:34,.572,.572,.572,.572, 1
04/02/2020,15:34,.58,.585,.58,.585, 5
04/02/2020,15:39,.573,.573,.573,.573, 1
04/02/2020,15:45,.58,.58,.58,.58, 1
04/02/2020,15:48,.58,.58,.573,.573, 2
04/02/2020,15:49,.572,.572,.572,.572, 1
04/02/2020,15:54,.572,.572,.572,.572, 2
04/02/2020,16:05,.572,.572,.572,.572, 2
04/02/2020,16:12,.572,.572,.57,.57, 5
04/02/2020,16:12,.57,.57,.57,.57, 1
04/02/2020,16:25,.57,.57,.57,.57, 1
04/02/2020,16:29,.57,.57,.57,.57, 7
04/02/2020,16:33,.57,.57,.57,.57, 2
04/02/2020,16:37,.578,.578,.578,.578, 2
04/02/2020,17:16,.58,.58,.58,.58, 1
04/02/2020,17:23,.578,.578,.578,.578, 2
04/02/2020,17:24,.579,.579,.579,.579, 1
04/02/2020,17:26,.575,.575,.575,.575, 1
04/02/2020,17:36,.57,.57,.57,.57, 5
04/03/2020,09:01,.585,.585,.585,.585, 8
04/03/2020,09:10,.585,.585,.585,.585, 3
04/03/2020,09:12,.585,.585,.585,.585, 1
04/03/2020,09:18,.58,.58,.58,.58, 1
04/03/2020,09:26,.585,.585,.585,.585, 1
04/03/2020,09:41,.584,.584,.584,.584, 1
04/03/2020,09:50,.584,.585,.584,.585, 5
04/03/2020,09:51,.585,.585,.585,.585, 2
04/03/2020,09:51,.585,.585,.585,.585, 2
04/03/2020,10:00,.585,.585,.585,.585, 2
04/03/2020,10:03,.585,.585,.585,.585, 1
04/03/2020,10:05,.59,.59,.59,.59, 1
04/03/2020,10:18,.59,.59,.59,.59, 2
04/03/2020,10:19,.59,.59,.59,.59, 2
04/03/2020,10:32,.583,.583,.583,.583, 1
04/03/2020,10:37,.583,.583,.582,.582, 5
04/03/2020,10:51,.584,.584,.584,.584, 1
04/03/2020,10:53,.582,.587,.582,.587, 2
04/03/2020,10:57,.585,.585,.585,.585, 3
04/03/2020,11:06,.587,.587,.587,.587, 6
04/03/2020,11:16,.588,.588,.588,.588, 1
04/03/2020,11:18,.586,.586,.585,.585, 3
04/03/2020,11:24,.585,.585,.585,.585, 2
04/03/2020,11:25,.585,.585,.585,.585, 1
04/03/2020,11:43,.585,.585,.585,.585, 3
04/03/2020,11:56,.589,.589,.588,.588, 7
04/03/2020,11:59,.59,.59,.588,.59, 16
04/03/2020,12:00,.59,.59,.59,.59, 1
04/03/2020,12:04,.59,.59,.59,.59, 5
04/03/2020,12:05,.59,.59,.59,.59, 2
04/03/2020,12:05,.59,.59,.59,.59, 2
04/03/2020,12:08,.59,.59,.59,.59, 3
04/03/2020,12:10,.59,.59,.59,.59, 2
04/03/2020,12:10,.59,.59,.59,.59, 1
04/03/2020,12:11,.588,.588,.588,.588, 1
04/03/2020,12:12,.588,.588,.588,.588, 1
04/03/2020,12:15,.587,.587,.587,.587, 2
04/03/2020,12:22,.581,.581,.58,.58, 3
04/03/2020,12:34,.58,.59,.58,.59, 16
04/03/2020,12:42,.585,.585,.585,.585, 2
04/03/2020,12:44,.588,.59,.588,.59, 2
04/03/2020,12:45,.59,.59,.59,.59, 16
04/03/2020,12:46,.59,.59,.59,.59, 7
04/03/2020,12:47,.59,.59,.589,.589, 12
04/03/2020,12:48,.589,.59,.589,.59, 6
04/03/2020,12:50,.59,.59,.59,.59, 2
04/03/2020,12:51,.59,.59,.59,.59, 1
04/03/2020,12:51,.59,.59,.59,.59, 1
04/03/2020,12:54,.59,.59,.59,.59, 3
04/03/2020,12:57,.59,.59,.59,.59, 8
04/03/2020,12:57,.59,.59,.59,.59, 2
04/03/2020,12:59,.59,.59,.59,.59, 1
04/03/2020,12:59,.59,.59,.59,.59, 8
04/03/2020,13:02,.589,.589,.588,.588, 4
04/03/2020,13:07,.59,.59,.59,.59, 1
04/03/2020,13:12,.588,.588,.588,.588, 4
04/03/2020,13:12,.59,.59,.59,.59, 3
04/03/2020,13:15,.588,.588,.588,.588, 1
04/03/2020,13:16,.589,.59,.589,.59, 2
04/03/2020,13:19,.59,.59,.59,.59, 28
04/03/2020,13:20,.59,.59,.589,.589, 8
04/03/2020,13:20,.59,.59,.59,.59, 2
04/03/2020,13:22,.592,.6,.591,.6, 23
04/03/2020,13:23,.607,.607,.607,.607, 1
04/03/2020,13:25,.609,.61,.609,.61, 6
04/03/2020,13:25,.61,.63,.61,.63, 26
04/03/2020,13:28,.627,.634,.627,.632, 16
04/03/2020,13:29,.638,.639,.63,.63, 11
04/03/2020,13:30,.632,.632,.629,.629, 14
04/03/2020,13:30,.63,.655,.623,.655, 37
04/03/2020,13:32,.64,.659,.63,.659, 31
04/03/2020,13:33,.66,.667,.642,.662, 22
04/03/2020,13:33,.67,.67,.667,.67, 10
04/03/2020,13:40,.66,.669,.65,.65, 29
04/03/2020,13:40,.65,.65,.65,.65, 5
04/03/2020,13:42,.646,.656,.644,.656, 4
04/03/2020,13:43,.656,.656,.656,.656, 1
04/03/2020,13:43,.656,.656,.656,.656, 2
04/03/2020,13:45,.659,.664,.659,.664, 7
04/03/2020,13:46,.667,.667,.666,.666, 3
04/03/2020,13:47,.651,.66,.651,.66, 4
04/03/2020,13:48,.652,.66,.651,.66, 8
04/03/2020,13:49,.66,.66,.66,.66, 8
04/03/2020,13:50,.66,.66,.66,.66, 4
04/03/2020,13:50,.66,.66,.66,.66, 2
04/03/2020,13:51,.66,.66,.66,.66, 4
04/03/2020,13:53,.66,.66,.66,.66, 1
04/03/2020,13:53,.66,.663,.657,.663, 3
04/03/2020,13:55,.659,.659,.659,.659, 1
04/03/2020,13:58,.651,.651,.651,.651, 4
04/03/2020,13:59,.66,.66,.651,.651, 4
04/03/2020,14:00,.651,.651,.651,.651, 2
04/03/2020,14:02,.65,.65,.65,.65, 5
04/03/2020,14:04,.657,.658,.65,.65, 5
04/03/2020,14:05,.658,.66,.647,.647, 11
04/03/2020,14:06,.647,.647,.647,.647, 3
04/03/2020,14:07,.66,.66,.66,.66, 4
04/03/2020,14:08,.65,.658,.647,.658, 4
04/03/2020,14:10,.647,.647,.647,.647, 2
04/03/2020,14:10,.65,.65,.65,.65, 1
04/03/2020,14:12,.65,.65,.65,.65, 1
04/03/2020,14:13,.65,.656,.65,.65, 4
04/03/2020,14:13,.65,.65,.65,.65, 1
04/03/2020,14:14,.65,.65,.65,.65, 3
04/03/2020,14:16,.647,.647,.635,.647, 14
04/03/2020,14:16,.647,.647,.633,.633, 2
04/03/2020,14:18,.632,.64,.632,.64, 2
04/03/2020,14:19,.632,.64,.632,.64, 3
04/03/2020,14:20,.632,.632,.632,.632, 2
04/03/2020,14:27,.64,.64,.64,.64, 1
04/03/2020,14:28,.633,.633,.633,.633, 4
04/03/2020,14:30,.632,.632,.63,.632, 4
04/03/2020,14:30,.638,.64,.638,.64, 2
04/03/2020,14:33,.632,.637,.63,.637, 9
04/03/2020,14:37,.632,.632,.632,.632, 1
04/03/2020,14:40,.635,.635,.635,.635, 1
04/03/2020,14:41,.635,.638,.635,.638, 6
04/03/2020,14:42,.634,.634,.634,.634, 1
04/03/2020,14:44,.638,.638,.634,.634, 5
04/03/2020,14:45,.64,.64,.64,.64, 3
04/03/2020,14:45,.64,.64,.64,.64, 1
04/03/2020,14:47,.633,.633,.633,.633, 2
04/03/2020,14:49,.64,.641,.64,.64, 3
04/03/2020,14:50,.64,.64,.64,.64, 1
04/03/2020,14:53,.635,.635,.635,.635, 1
04/03/2020,14:57,.635,.635,.635,.635, 1
04/03/2020,15:02,.633,.633,.62,.62, 18
04/03/2020,15:04,.622,.622,.622,.622, 3
04/03/2020,15:05,.63,.633,.63,.633, 4
04/03/2020,15:06,.633,.633,.633,.633, 1
04/03/2020,15:08,.633,.639,.633,.639, 5
04/03/2020,15:10,.639,.642,.639,.642, 5
04/03/2020,15:14,.64,.64,.64,.64, 1
04/03/2020,15:18,.64,.64,.637,.637, 3
04/03/2020,15:32,.635,.635,.632,.632, 5
04/03/2020,15:37,.635,.638,.635,.638, 3
04/03/2020,15:46,.638,.638,.638,.638, 2
04/03/2020,15:48,.64,.64,.64,.64, 2
04/03/2020,15:51,.637,.637,.637,.637, 2
04/03/2020,15:52,.635,.635,.63,.63, 5
04/03/2020,15:55,.631,.631,.631,.631, 3
04/03/2020,15:58,.632,.632,.631,.631, 2
04/03/2020,16:03,.632,.632,.632,.632, 3
04/03/2020,16:09,.634,.634,.631,.631, 3
04/03/2020,16:10,.632,.634,.632,.634, 4
04/03/2020,16:13,.632,.632,.632,.632, 1
04/03/2020,16:14,.632,.632,.632,.632, 1
04/03/2020,16:25,.638,.638,.637,.637, 2
04/03/2020,16:29,.636,.636,.63,.63, 7
04/03/2020,16:32,.633,.633,.633,.633, 2
04/03/2020,16:34,.63,.63,.63,.63, 3
04/03/2020,16:39,.633,.637,.633,.637, 5
04/03/2020,16:39,.635,.635,.635,.635, 1
04/03/2020,16:41,.632,.632,.632,.632, 1
04/03/2020,16:42,.632,.634,.632,.634, 7
04/03/2020,16:45,.629,.629,.62,.62, 14
04/03/2020,16:50,.62,.62,.616,.62, 7
04/03/2020,16:56,.62,.62,.617,.617, 4
04/03/2020,16:56,.62,.62,.62,.62, 1
04/03/2020,17:02,.629,.629,.629,.629, 1
04/03/2020,17:06,.629,.629,.629,.629, 2
04/03/2020,17:06,.629,.629,.629,.629, 2
04/03/2020,17:09,.623,.623,.62,.62, 5
04/03/2020,17:09,.62,.62,.618,.618, 2
04/03/2020,17:11,.619,.619,.619,.619, 1
04/03/2020,17:16,.615,.628,.615,.628, 3
04/03/2020,17:19,.627,.628,.627,.628, 5
04/03/2020,17:21,.619,.619,.619,.619, 1
04/03/2020,17:27,.62,.62,.619,.619, 4
04/03/2020,17:30,.622,.622,.622,.622, 3
04/03/2020,17:36,.622,.622,.622,.622, 12
04/06/2020,09:01,.641,.642,.641,.642, 17
04/06/2020,09:02,.64,.644,.64,.644, 2
04/06/2020,09:03,.644,.65,.644,.65, 9
04/06/2020,09:04,.656,.657,.656,.656, 4
04/06/2020,09:05,.656,.656,.656,.656, 1
04/06/2020,09:07,.65,.65,.65,.65, 5
04/06/2020,09:08,.653,.654,.653,.654, 2
04/06/2020,09:09,.652,.652,.652,.652, 4
04/06/2020,09:11,.65,.65,.65,.65, 1
04/06/2020,09:16,.646,.646,.641,.641, 4
04/06/2020,09:17,.644,.644,.644,.644, 1
04/06/2020,09:20,.645,.645,.644,.644, 2
04/06/2020,09:25,.644,.644,.644,.644, 3
04/06/2020,09:25,.644,.65,.644,.65, 4
04/06/2020,09:29,.65,.65,.65,.65, 10
04/06/2020,09:30,.652,.654,.652,.654, 5
04/06/2020,09:30,.65,.65,.65,.65, 1
04/06/2020,09:32,.655,.655,.655,.655, 3
04/06/2020,09:35,.658,.658,.655,.658, 4
04/06/2020,09:36,.65,.657,.65,.657, 4
04/06/2020,09:38,.659,.666,.657,.658, 9
04/06/2020,09:39,.665,.666,.665,.666, 3
04/06/2020,09:39,.666,.666,.657,.657, 5
04/06/2020,09:43,.66,.66,.652,.657, 13
04/06/2020,09:44,.657,.657,.657,.657, 3
04/06/2020,09:45,.66,.66,.66,.66, 5
04/06/2020,09:46,.665,.667,.665,.667, 4
04/06/2020,09:47,.669,.68,.669,.679, 20
04/06/2020,09:48,.679,.688,.679,.688, 8
04/06/2020,09:49,.688,.688,.688,.688, 4
04/06/2020,09:51,.688,.688,.675,.675, 4
04/06/2020,09:52,.688,.688,.688,.688, 7
04/06/2020,09:53,.688,.688,.688,.688, 5
04/06/2020,09:54,.688,.688,.688,.688, 1
04/06/2020,09:55,.688,.688,.688,.688, 1
04/06/2020,09:56,.688,.688,.688,.688, 4
04/06/2020,09:57,.688,.69,.688,.69, 7
04/06/2020,09:58,.694,.698,.694,.695, 9
04/06/2020,09:59,.695,.698,.695,.698, 6
04/06/2020,10:00,.695,.697,.69,.69, 9
04/06/2020,10:01,.695,.696,.69,.69, 11
04/06/2020,10:02,.695,.695,.685,.688, 5
04/06/2020,10:03,.689,.69,.689,.69, 3
04/06/2020,10:05,.689,.689,.688,.688, 3
04/06/2020,10:06,.688,.689,.688,.689, 6
04/06/2020,10:07,.688,.689,.68,.685, 6
04/06/2020,10:11,.684,.684,.684,.684, 1
04/06/2020,10:13,.682,.684,.678,.678, 10
04/06/2020,10:13,.684,.684,.684,.684, 1
04/06/2020,10:16,.684,.684,.684,.684, 5
04/06/2020,10:17,.684,.684,.68,.68, 3
04/06/2020,10:18,.68,.68,.68,.68, 1
04/06/2020,10:19,.68,.68,.68,.68, 4
04/06/2020,10:19,.68,.68,.68,.68, 1
04/06/2020,10:21,.68,.68,.68,.68, 3
04/06/2020,10:22,.68,.68,.675,.675, 9
04/06/2020,10:23,.673,.673,.672,.672, 3
04/06/2020,10:24,.662,.662,.662,.662, 1
04/06/2020,10:24,.662,.662,.662,.662, 1
04/06/2020,10:26,.67,.679,.67,.679, 3
04/06/2020,10:27,.678,.678,.678,.678, 1
04/06/2020,10:28,.68,.68,.68,.68, 2
04/06/2020,10:29,.678,.678,.678,.678, 1
04/06/2020,10:30,.68,.68,.68,.68, 1
04/06/2020,10:31,.68,.68,.68,.68, 2
04/06/2020,10:32,.682,.682,.682,.682, 1
04/06/2020,10:35,.682,.682,.682,.682, 1
04/06/2020,10:37,.682,.686,.682,.686, 7
04/06/2020,10:40,.68,.68,.675,.675, 3
04/06/2020,10:41,.685,.685,.685,.685, 1
04/06/2020,10:42,.687,.688,.687,.688, 4
04/06/2020,10:43,.688,.688,.685,.688, 4
04/06/2020,10:45,.688,.689,.688,.689, 3
04/06/2020,10:45,.685,.685,.683,.683, 3
04/06/2020,10:47,.685,.685,.685,.685, 1
04/06/2020,10:48,.68,.68,.68,.68, 1
04/06/2020,10:49,.68,.68,.68,.68, 1
04/06/2020,10:54,.685,.685,.685,.685, 1
04/06/2020,10:56,.685,.686,.68,.686, 3
04/06/2020,10:57,.688,.688,.688,.688, 1
04/06/2020,10:58,.688,.688,.688,.688, 1
04/06/2020,10:59,.685,.688,.683,.683, 6
04/06/2020,10:59,.685,.685,.68,.68, 2
04/06/2020,11:01,.68,.68,.677,.677, 3
04/06/2020,11:06,.68,.68,.68,.68, 1
04/06/2020,11:07,.679,.679,.679,.679, 1
04/06/2020,11:10,.685,.685,.685,.685, 5
04/06/2020,11:11,.685,.685,.685,.685, 2
04/06/2020,11:14,.68,.685,.68,.685, 3
04/06/2020,11:22,.684,.684,.684,.684, 3
04/06/2020,11:23,.684,.684,.684,.684, 1
04/06/2020,11:24,.684,.685,.684,.685, 4
04/06/2020,11:28,.68,.68,.68,.68, 5
04/06/2020,11:29,.683,.685,.683,.685, 5
04/06/2020,11:30,.685,.685,.685,.685, 2
04/06/2020,11:32,.683,.685,.683,.685, 6
04/06/2020,11:33,.685,.685,.683,.683, 3
04/06/2020,11:35,.685,.686,.683,.683, 12
04/06/2020,11:36,.686,.686,.686,.686, 2
04/06/2020,11:37,.686,.687,.686,.687, 2
04/06/2020,11:38,.688,.69,.688,.69, 25
04/06/2020,11:39,.69,.69,.685,.69, 8
04/06/2020,11:41,.69,.697,.69,.697, 9
04/06/2020,11:42,.697,.699,.69,.699, 10
04/06/2020,11:43,.695,.699,.695,.699, 3
04/06/2020,11:44,.698,.699,.698,.698, 3
04/06/2020,11:45,.698,.698,.698,.698, 2
04/06/2020,11:46,.698,.699,.698,.699, 5
04/06/2020,11:46,.698,.698,.698,.698, 2
04/06/2020,11:49,.698,.699,.698,.698, 3
04/06/2020,11:52,.69,.69,.69,.69, 5
04/06/2020,11:53,.69,.69,.69,.69, 1
04/06/2020,11:55,.695,.695,.695,.695, 3
04/06/2020,11:56,.692,.697,.692,.697, 6
04/06/2020,11:57,.697,.697,.695,.697, 6
04/06/2020,11:58,.697,.697,.692,.692, 3
04/06/2020,11:59,.696,.697,.695,.697, 5
04/06/2020,12:00,.697,.7,.695,.7, 42
04/06/2020,12:01,.706,.706,.704,.704, 8
04/06/2020,12:02,.706,.706,.706,.706, 6
04/06/2020,12:03,.706,.715,.706,.715, 15
04/06/2020,12:04,.715,.715,.715,.715, 2
04/06/2020,12:05,.71,.713,.701,.701, 10
04/06/2020,12:07,.709,.71,.709,.71, 7
04/06/2020,12:07,.701,.709,.7,.709, 3
04/06/2020,12:09,.709,.709,.709,.709, 2
04/06/2020,12:11,.709,.71,.709,.71, 4
04/06/2020,12:12,.709,.709,.709,.709, 1
04/06/2020,12:13,.701,.701,.701,.701, 2
04/06/2020,12:14,.709,.71,.709,.71, 3
04/06/2020,12:15,.712,.715,.712,.715, 12
04/06/2020,12:16,.715,.72,.715,.72, 12
04/06/2020,12:17,.717,.717,.717,.717, 1
04/06/2020,12:18,.717,.717,.709,.709, 3
04/06/2020,12:19,.717,.717,.716,.717, 5
04/06/2020,12:20,.72,.729,.72,.727, 9
04/06/2020,12:21,.72,.729,.717,.728, 11
04/06/2020,12:22,.729,.729,.729,.729, 8
04/06/2020,12:23,.729,.729,.717,.717, 10
04/06/2020,12:24,.728,.73,.728,.73, 9
04/06/2020,12:24,.729,.729,.729,.729, 1
04/06/2020,12:26,.729,.729,.71,.71, 7
04/06/2020,12:27,.727,.727,.727,.727, 3
04/06/2020,12:27,.728,.729,.728,.729, 3
04/06/2020,12:29,.729,.729,.729,.729, 1
04/06/2020,12:30,.721,.721,.711,.711, 5
04/06/2020,12:31,.712,.721,.712,.72, 3
04/06/2020,12:32,.72,.727,.72,.727, 3
04/06/2020,12:35,.72,.72,.717,.717, 3
04/06/2020,12:36,.713,.724,.712,.724, 4
04/06/2020,12:37,.724,.724,.724,.724, 1
04/06/2020,12:39,.724,.724,.724,.724, 1
04/06/2020,12:39,.724,.724,.724,.724, 1
04/06/2020,12:41,.719,.725,.719,.725, 4
04/06/2020,12:42,.712,.722,.712,.722, 3
04/06/2020,12:43,.72,.72,.72,.72, 1
04/06/2020,12:45,.72,.724,.72,.724, 7
04/06/2020,12:46,.72,.72,.72,.72, 1
04/06/2020,12:47,.724,.724,.724,.724, 4
04/06/2020,12:48,.725,.729,.725,.729, 3
04/06/2020,12:51,.729,.729,.729,.729, 4
04/06/2020,12:51,.729,.729,.729,.729, 1
04/06/2020,12:54,.728,.728,.728,.728, 2
04/06/2020,12:55,.72,.72,.72,.72, 5
04/06/2020,12:57,.719,.719,.719,.719, 4
04/06/2020,12:59,.727,.727,.727,.727, 1
04/06/2020,13:02,.725,.725,.725,.725, 1
04/06/2020,13:07,.719,.719,.719,.719, 3
04/06/2020,13:10,.719,.719,.719,.719, 1
04/06/2020,13:11,.719,.719,.713,.713, 2
04/06/2020,13:13,.719,.719,.715,.715, 2
04/06/2020,13:18,.718,.719,.718,.719, 2
04/06/2020,13:22,.719,.719,.719,.719, 1
04/06/2020,13:28,.719,.719,.719,.719, 1
04/06/2020,13:30,.719,.719,.719,.719, 2
04/06/2020,13:31,.719,.719,.719,.719, 1
04/06/2020,13:35,.719,.72,.719,.719, 4
04/06/2020,13:36,.717,.717,.715,.715, 2
04/06/2020,13:42,.715,.715,.715,.715, 1
04/06/2020,13:50,.71,.71,.705,.705, 11
04/06/2020,13:52,.705,.705,.705,.705, 1
04/06/2020,13:54,.701,.701,.693,.693, 17
04/06/2020,13:56,.694,.694,.693,.693, 6
04/06/2020,13:57,.694,.7,.694,.7, 2
04/06/2020,13:58,.7,.709,.7,.709, 6
04/06/2020,13:59,.706,.706,.706,.706, 1
04/06/2020,14:04,.701,.701,.701,.701, 1
04/06/2020,14:05,.701,.701,.701,.701, 6
04/06/2020,14:10,.701,.701,.701,.701, 1
04/06/2020,14:12,.701,.701,.701,.701, 1
04/06/2020,14:14,.701,.701,.7,.7, 5
04/06/2020,14:15,.7,.701,.7,.701, 2
04/06/2020,14:23,.701,.705,.701,.705, 4
04/06/2020,14:24,.7,.7,.7,.7, 2
04/06/2020,14:29,.7,.7,.7,.7, 1
04/06/2020,14:30,.7,.7,.695,.695, 2
04/06/2020,14:34,.695,.7,.693,.693, 8
04/06/2020,14:36,.693,.693,.693,.693, 1
04/06/2020,14:43,.697,.697,.697,.697, 2
04/06/2020,15:05,.693,.697,.693,.697, 4
04/06/2020,15:06,.693,.693,.693,.693, 1
04/06/2020,15:07,.697,.697,.693,.693, 5
04/06/2020,15:08,.693,.693,.693,.693, 3
04/06/2020,15:10,.695,.695,.695,.695, 1
04/06/2020,15:12,.695,.695,.695,.695, 1
04/06/2020,15:19,.695,.695,.695,.695, 1
04/06/2020,15:26,.695,.695,.695,.695, 2
04/06/2020,15:30,.695,.695,.695,.695, 1
04/06/2020,15:31,.697,.699,.697,.699, 2
04/06/2020,15:34,.699,.702,.699,.702, 7
04/06/2020,15:35,.701,.701,.701,.701, 3
04/06/2020,15:37,.704,.708,.704,.708, 6
04/06/2020,15:39,.708,.709,.708,.709, 3
04/06/2020,15:39,.709,.709,.709,.709, 3
04/06/2020,15:40,.709,.711,.709,.71, 12
04/06/2020,15:41,.715,.715,.715,.715, 2
04/06/2020,15:43,.717,.717,.715,.715, 3
04/06/2020,15:45,.717,.717,.715,.715, 5
04/06/2020,15:45,.711,.711,.711,.711, 4
04/06/2020,15:47,.718,.718,.718,.718, 3
04/06/2020,15:49,.712,.712,.712,.712, 3
04/06/2020,15:50,.717,.717,.717,.717, 1
04/06/2020,15:57,.717,.717,.717,.717, 2
04/06/2020,15:58,.717,.717,.717,.717, 1
04/06/2020,15:59,.717,.717,.715,.715, 2
04/06/2020,16:06,.716,.716,.716,.716, 1
04/06/2020,16:08,.715,.715,.715,.715, 3
04/06/2020,16:10,.715,.72,.711,.711, 15
04/06/2020,16:14,.711,.711,.711,.711, 3
04/06/2020,16:15,.711,.715,.711,.711, 14
04/06/2020,16:16,.712,.719,.712,.719, 4
04/06/2020,16:19,.72,.72,.717,.72, 3
04/06/2020,16:21,.72,.72,.72,.72, 4
04/06/2020,16:22,.724,.724,.724,.724, 1
04/06/2020,16:23,.724,.724,.724,.724, 1
04/06/2020,16:24,.721,.724,.721,.723, 6
04/06/2020,16:24,.723,.723,.723,.723, 1
04/06/2020,16:25,.723,.724,.723,.724, 4
04/06/2020,16:28,.72,.72,.72,.72, 1
04/06/2020,16:30,.723,.723,.723,.723, 1
04/06/2020,16:32,.723,.723,.723,.723, 1
04/06/2020,16:34,.723,.723,.723,.723, 1
04/06/2020,16:35,.723,.723,.72,.72, 7
04/06/2020,16:42,.712,.712,.711,.711, 3
04/06/2020,16:45,.72,.72,.72,.72, 3
04/06/2020,16:46,.72,.72,.72,.72, 6
04/06/2020,16:47,.72,.72,.712,.712, 4
04/06/2020,16:48,.72,.72,.72,.72, 3
04/06/2020,16:49,.72,.72,.72,.72, 6
04/06/2020,16:51,.723,.724,.723,.724, 4
04/06/2020,16:53,.724,.724,.724,.724, 1
04/06/2020,16:56,.72,.722,.72,.722, 7
04/06/2020,16:57,.723,.723,.722,.722, 2
04/06/2020,16:58,.721,.723,.72,.72, 5
04/06/2020,17:00,.723,.723,.723,.723, 1
04/06/2020,17:04,.723,.723,.72,.723, 5
04/06/2020,17:04,.724,.725,.724,.725, 5
04/06/2020,17:06,.725,.725,.725,.725, 5
04/06/2020,17:07,.725,.725,.725,.725, 3
04/06/2020,17:12,.725,.725,.723,.723, 4
04/06/2020,17:13,.725,.725,.725,.725, 2
04/06/2020,17:15,.721,.721,.721,.721, 1
04/06/2020,17:17,.721,.721,.721,.721, 3
04/06/2020,17:19,.72,.72,.72,.72, 1
04/06/2020,17:22,.72,.723,.72,.723, 10
04/06/2020,17:23,.725,.725,.72,.722, 13
04/06/2020,17:27,.722,.724,.722,.724, 4
04/06/2020,17:28,.72,.72,.711,.72, 5
04/06/2020,17:30,.714,.724,.713,.713, 22
04/06/2020,17:30,.713,.723,.713,.723, 5
04/06/2020,17:36,.729,.729,.729,.729, 23
04/07/2020,09:01,.76,.76,.76,.76, 38
04/07/2020,09:01,.765,.765,.76,.765, 6
04/07/2020,09:03,.75,.78,.75,.779, 30
04/07/2020,09:04,.779,.78,.773,.773, 9
04/07/2020,09:05,.773,.783,.773,.783, 9
04/07/2020,09:06,.783,.794,.783,.785, 11
04/07/2020,09:07,.794,.8,.785,.8, 26
04/07/2020,09:08,.795,.816,.79,.806, 27
04/07/2020,09:09,.805,.806,.79,.804, 14
04/07/2020,09:10,.804,.804,.793,.803, 16
04/07/2020,09:10,.795,.795,.79,.79, 7
04/07/2020,09:12,.799,.803,.79,.791, 17
04/07/2020,09:13,.791,.8,.788,.8, 7
04/07/2020,09:14,.799,.799,.788,.788, 6
04/07/2020,09:15,.799,.799,.786,.786, 3
04/07/2020,09:16,.786,.8,.78,.8, 8
04/07/2020,09:17,.799,.799,.78,.78, 6
04/07/2020,09:20,.775,.781,.752,.78, 32
04/07/2020,09:25,.8,.8,.794,.794, 23
04/07/2020,09:27,.799,.799,.799,.799, 4
04/07/2020,09:29,.799,.799,.781,.79, 12
04/07/2020,09:30,.79,.799,.78,.78, 13
04/07/2020,09:31,.797,.797,.797,.797, 2
04/07/2020,09:32,.797,.797,.797,.797, 2
04/07/2020,09:34,.78,.799,.78,.796, 11
04/07/2020,09:35,.796,.797,.753,.753, 24
04/07/2020,09:41,.8,.8,.8,.8, 33
04/07/2020,09:42,.8,.8,.799,.8, 3
04/07/2020,09:43,.799,.8,.799,.8, 6
04/07/2020,09:44,.79,.79,.79,.79, 1
04/07/2020,09:45,.79,.79,.79,.79, 2
04/07/2020,09:47,.79,.799,.79,.799, 10
04/07/2020,09:48,.79,.79,.79,.79, 7
04/07/2020,09:49,.785,.785,.785,.785, 6
04/07/2020,09:50,.785,.785,.785,.785, 1
04/07/2020,09:52,.785,.79,.785,.79, 3
04/07/2020,09:53,.787,.79,.787,.79, 2
04/07/2020,09:54,.784,.784,.784,.784, 1
04/07/2020,09:55,.789,.789,.789,.789, 1
04/07/2020,09:56,.789,.79,.785,.785, 6
04/07/2020,09:57,.79,.79,.785,.785, 2
04/07/2020,09:58,.782,.783,.782,.782, 3
04/07/2020,09:59,.785,.785,.785,.785, 1
04/07/2020,10:00,.78,.78,.78,.78, 2
04/07/2020,10:00,.78,.78,.78,.78, 2
04/07/2020,10:02,.785,.79,.78,.789, 10
04/07/2020,10:03,.789,.789,.782,.782, 3
04/07/2020,10:04,.789,.789,.782,.782, 4
04/07/2020,10:04,.782,.782,.781,.782, 3
04/07/2020,10:08,.784,.784,.784,.784, 2
04/07/2020,10:09,.788,.788,.782,.782, 3
04/07/2020,10:12,.785,.785,.785,.785, 2
04/07/2020,10:13,.785,.785,.785,.785, 1
04/07/2020,10:15,.789,.789,.789,.789, 1
04/07/2020,10:18,.785,.785,.785,.785, 1
04/07/2020,10:19,.785,.785,.785,.785, 1
04/07/2020,10:20,.785,.785,.785,.785, 4
04/07/2020,10:20,.789,.79,.789,.79, 3
04/07/2020,10:22,.789,.79,.789,.79, 2
04/07/2020,10:25,.785,.785,.785,.785, 2
04/07/2020,10:27,.785,.785,.78,.785, 13
04/07/2020,10:33,.78,.78,.777,.777, 14
04/07/2020,10:34,.777,.785,.777,.785, 5
04/07/2020,10:36,.777,.785,.777,.777, 9
04/07/2020,10:39,.777,.777,.777,.777, 1
04/07/2020,10:48,.783,.785,.774,.774, 7
04/07/2020,10:48,.78,.78,.78,.78, 1
04/07/2020,10:52,.771,.771,.771,.771, 1
04/07/2020,10:53,.771,.78,.771,.78, 3
04/07/2020,10:58,.772,.772,.772,.772, 1
04/07/2020,11:01,.773,.773,.771,.771, 3
04/07/2020,11:02,.78,.782,.78,.782, 3
04/07/2020,11:03,.771,.771,.77,.771, 3
04/07/2020,11:07,.777,.777,.771,.771, 3
04/07/2020,11:12,.782,.782,.782,.782, 1
04/07/2020,11:13,.772,.773,.772,.773, 2
04/07/2020,11:14,.777,.777,.777,.777, 1
04/07/2020,11:15,.777,.777,.777,.777, 1
04/07/2020,11:17,.78,.78,.78,.78, 1
04/07/2020,11:18,.78,.78,.78,.78, 2
04/07/2020,11:24,.78,.782,.78,.782, 2
04/07/2020,11:25,.78,.784,.777,.784, 5
04/07/2020,11:30,.782,.784,.782,.784, 4
04/07/2020,11:33,.78,.78,.78,.78, 2
04/07/2020,11:37,.778,.778,.778,.778, 2
04/07/2020,11:38,.778,.778,.776,.776, 5
04/07/2020,11:39,.776,.776,.776,.776, 2
04/07/2020,11:40,.775,.775,.775,.775, 7
04/07/2020,11:42,.778,.78,.778,.78, 2
04/07/2020,11:44,.78,.78,.78,.78, 1
04/07/2020,11:45,.78,.78,.78,.78, 2
04/07/2020,11:50,.78,.78,.78,.78, 2
04/07/2020,11:51,.78,.78,.777,.777, 3
04/07/2020,11:52,.775,.775,.775,.775, 3
04/07/2020,12:03,.771,.771,.77,.77, 4
04/07/2020,12:04,.775,.78,.775,.78, 3
04/07/2020,12:05,.78,.78,.78,.78, 2
04/07/2020,12:07,.771,.771,.77,.77, 3
04/07/2020,12:09,.766,.766,.766,.766, 1
04/07/2020,12:15,.779,.779,.767,.767, 2
04/07/2020,12:17,.775,.775,.775,.775, 3
04/07/2020,12:20,.778,.779,.778,.779, 2
04/07/2020,12:20,.779,.78,.779,.78, 3
04/07/2020,12:21,.78,.78,.78,.78, 2
04/07/2020,12:24,.773,.78,.771,.78, 5
04/07/2020,12:26,.78,.78,.78,.78, 1
04/07/2020,12:34,.779,.779,.779,.779, 1
04/07/2020,12:37,.77,.77,.77,.77, 2
04/07/2020,12:38,.77,.77,.77,.77, 3
04/07/2020,12:39,.779,.78,.779,.78, 3
04/07/2020,12:40,.78,.78,.78,.78, 5
04/07/2020,12:43,.771,.771,.768,.77, 4
04/07/2020,12:48,.77,.77,.77,.77, 1
04/07/2020,12:56,.78,.78,.78,.78, 3
04/07/2020,12:56,.78,.78,.78,.78, 1
04/07/2020,12:58,.78,.78,.78,.78, 2
04/07/2020,13:01,.78,.782,.78,.782, 2
04/07/2020,13:03,.78,.78,.78,.78, 2
04/07/2020,13:10,.78,.78,.78,.78, 1
04/07/2020,13:11,.78,.78,.78,.78, 1
04/07/2020,13:12,.78,.78,.78,.78, 3
04/07/2020,13:13,.78,.78,.78,.78, 5
04/07/2020,13:14,.781,.781,.781,.781, 1
04/07/2020,13:17,.781,.781,.78,.78, 2
04/07/2020,13:18,.781,.781,.781,.781, 2
04/07/2020,13:20,.782,.782,.782,.782, 2
04/07/2020,13:24,.783,.783,.783,.783, 3
04/07/2020,13:25,.785,.785,.785,.785, 1
04/07/2020,13:25,.785,.785,.785,.785, 1
04/07/2020,13:27,.785,.785,.785,.785, 1
04/07/2020,13:29,.785,.785,.785,.785, 1
04/07/2020,13:30,.782,.782,.78,.78, 4
04/07/2020,13:32,.78,.78,.78,.78, 7
04/07/2020,13:35,.78,.78,.78,.78, 2
04/07/2020,13:36,.78,.78,.78,.78, 2
04/07/2020,13:37,.78,.78,.78,.78, 2
04/07/2020,13:43,.785,.785,.785,.785, 1
04/07/2020,13:44,.78,.78,.78,.78, 1
04/07/2020,13:46,.785,.785,.78,.78, 2
04/07/2020,13:51,.785,.785,.785,.785, 4
04/07/2020,13:52,.785,.786,.785,.786, 3
04/07/2020,13:53,.788,.788,.788,.788, 6
04/07/2020,13:54,.788,.788,.788,.788, 1
04/07/2020,13:56,.788,.788,.788,.788, 1
04/07/2020,13:57,.788,.788,.788,.788, 3
04/07/2020,13:59,.786,.786,.785,.785, 2
04/07/2020,14:00,.785,.785,.785,.785, 2
04/07/2020,14:00,.785,.785,.785,.785, 2
04/07/2020,14:01,.785,.785,.785,.785, 1
04/07/2020,14:02,.785,.785,.785,.785, 1
04/07/2020,14:10,.785,.785,.785,.785, 2
04/07/2020,14:11,.785,.785,.785,.785, 3
04/07/2020,14:15,.785,.785,.785,.785, 2
04/07/2020,14:33,.785,.785,.785,.785, 2
04/07/2020,14:41,.786,.786,.786,.786, 1
04/07/2020,14:42,.785,.789,.785,.789, 4
04/07/2020,14:50,.789,.789,.789,.789, 2
04/07/2020,14:50,.789,.789,.789,.789, 1
04/07/2020,15:04,.789,.789,.789,.789, 1
04/07/2020,15:05,.785,.785,.785,.785, 3
04/07/2020,15:05,.785,.785,.785,.785, 1
04/07/2020,15:15,.785,.785,.785,.785, 1
04/07/2020,15:18,.789,.789,.789,.789, 3
04/07/2020,15:22,.789,.789,.785,.785, 5
04/07/2020,15:23,.785,.785,.78,.78, 11
04/07/2020,15:24,.78,.78,.78,.78, 3
04/07/2020,15:29,.785,.785,.785,.785, 1
04/07/2020,15:32,.785,.785,.785,.785, 18
04/07/2020,15:34,.785,.785,.785,.785, 2
04/07/2020,15:34,.785,.785,.785,.785, 1
04/07/2020,15:42,.785,.789,.785,.789, 7
04/07/2020,15:43,.789,.789,.789,.789, 2
04/07/2020,15:45,.789,.79,.789,.79, 4
04/07/2020,15:46,.79,.79,.79,.79, 1
04/07/2020,15:47,.79,.79,.79,.79, 1
04/07/2020,15:47,.79,.79,.79,.79, 1
04/07/2020,15:48,.789,.789,.787,.787, 2
04/07/2020,15:49,.785,.785,.785,.785, 1
04/07/2020,15:51,.789,.789,.789,.789, 2
04/07/2020,15:52,.789,.789,.789,.789, 1
04/07/2020,16:01,.789,.79,.789,.79, 2
04/07/2020,16:02,.789,.789,.789,.789, 5
04/07/2020,16:02,.789,.789,.789,.789, 1
04/07/2020,16:04,.787,.787,.787,.787, 1
04/07/2020,16:04,.787,.787,.787,.787, 1
04/07/2020,16:07,.787,.79,.787,.789, 7
04/07/2020,16:12,.787,.787,.787,.787, 1
04/07/2020,16:12,.787,.787,.78,.78, 7
04/07/2020,16:13,.786,.786,.786,.786, 1
04/07/2020,16:14,.785,.788,.785,.788, 4
04/07/2020,16:18,.78,.789,.78,.789, 4
04/07/2020,16:25,.788,.788,.788,.788, 1
04/07/2020,16:26,.788,.788,.788,.788, 1
04/07/2020,16:28,.782,.782,.782,.782, 1
04/07/2020,16:30,.781,.785,.781,.785, 5
04/07/2020,16:31,.78,.78,.778,.778, 7
04/07/2020,16:35,.78,.78,.77,.77, 6
04/07/2020,16:36,.772,.772,.772,.772, 4
04/07/2020,16:37,.78,.78,.78,.78, 1
04/07/2020,16:37,.771,.771,.771,.771, 1
04/07/2020,16:42,.771,.771,.771,.771, 6
04/07/2020,16:43,.771,.771,.77,.77, 4
04/07/2020,16:44,.77,.77,.77,.77, 1
04/07/2020,16:44,.77,.77,.77,.77, 1
04/07/2020,16:45,.771,.771,.763,.763, 10
04/07/2020,16:46,.763,.763,.762,.762, 3
04/07/2020,16:46,.762,.762,.745,.757, 45
04/07/2020,16:48,.745,.745,.745,.745, 2
04/07/2020,16:49,.745,.745,.74,.74, 5
04/07/2020,16:49,.74,.74,.74,.74, 5
04/07/2020,16:50,.74,.74,.735,.735, 5
04/07/2020,16:51,.735,.742,.735,.735, 7
04/07/2020,16:51,.735,.74,.735,.74, 5
04/07/2020,16:54,.74,.74,.74,.74, 4
04/07/2020,16:55,.735,.74,.735,.74, 2
04/07/2020,17:03,.763,.763,.762,.763, 6
04/07/2020,17:05,.745,.745,.745,.745, 3
04/07/2020,17:06,.759,.759,.759,.759, 1
04/07/2020,17:08,.75,.75,.75,.75, 2
04/07/2020,17:09,.751,.751,.745,.745, 7
04/07/2020,17:12,.745,.759,.743,.743, 15
04/07/2020,17:13,.74,.74,.735,.74, 9
04/07/2020,17:14,.735,.74,.735,.74, 7
04/07/2020,17:15,.74,.748,.74,.748, 5
04/07/2020,17:16,.748,.753,.748,.753, 3
04/07/2020,17:17,.743,.744,.743,.744, 5
04/07/2020,17:20,.744,.75,.743,.75, 4
04/07/2020,17:21,.746,.746,.746,.746, 3
04/07/2020,17:22,.745,.746,.745,.746, 3
04/07/2020,17:24,.749,.749,.749,.749, 1
04/07/2020,17:26,.751,.751,.751,.751, 1
04/07/2020,17:27,.75,.755,.743,.743, 5
04/07/2020,17:28,.75,.75,.75,.75, 1
04/07/2020,17:29,.743,.743,.736,.736, 6
04/07/2020,17:30,.746,.746,.737,.737, 4
04/07/2020,17:36,.737,.737,.737,.737, 15
04/08/2020,09:01,.74,.746,.74,.74, 15
04/08/2020,09:02,.75,.75,.75,.75, 1
04/08/2020,09:04,.74,.74,.74,.74, 1
04/08/2020,09:07,.74,.75,.74,.75, 3
04/08/2020,09:10,.754,.754,.754,.754, 2
04/08/2020,09:11,.75,.75,.75,.75, 4
04/08/2020,09:12,.755,.758,.737,.737, 19
04/08/2020,09:13,.75,.758,.75,.758, 3
04/08/2020,09:14,.75,.75,.75,.75, 3
04/08/2020,09:15,.754,.755,.754,.755, 3
04/08/2020,09:16,.75,.751,.75,.751, 6
04/08/2020,09:17,.75,.75,.75,.75, 1
04/08/2020,09:18,.75,.75,.75,.75, 1
04/08/2020,09:19,.75,.752,.75,.752, 3
04/08/2020,09:20,.751,.751,.751,.751, 1
04/08/2020,09:24,.755,.757,.755,.757, 6
04/08/2020,09:25,.76,.77,.76,.77, 6
04/08/2020,09:27,.77,.772,.77,.772, 4
04/08/2020,09:28,.768,.769,.768,.768, 10
04/08/2020,09:28,.77,.77,.77,.77, 1
04/08/2020,09:29,.76,.76,.76,.76, 5
04/08/2020,09:35,.769,.77,.769,.769, 5
04/08/2020,09:36,.76,.76,.76,.76, 3
04/08/2020,09:37,.76,.76,.76,.76, 4
04/08/2020,09:38,.762,.764,.762,.764, 2
04/08/2020,09:39,.751,.751,.746,.746, 7
04/08/2020,09:39,.754,.754,.75,.754, 5
04/08/2020,09:41,.75,.75,.75,.75, 2
04/08/2020,09:42,.745,.754,.743,.754, 8
04/08/2020,09:44,.75,.754,.75,.754, 2
04/08/2020,09:48,.75,.75,.75,.75, 2
04/08/2020,09:48,.741,.747,.741,.747, 2
04/08/2020,09:49,.747,.747,.747,.747, 1
04/08/2020,09:51,.741,.741,.741,.741, 2
04/08/2020,09:53,.747,.747,.747,.747, 1
04/08/2020,09:53,.744,.747,.744,.747, 2
04/08/2020,09:55,.747,.748,.747,.748, 2
04/08/2020,09:58,.748,.748,.748,.748, 2
04/08/2020,10:00,.743,.743,.741,.741, 6
04/08/2020,10:00,.747,.747,.747,.747, 2
04/08/2020,10:02,.741,.741,.741,.741, 1
04/08/2020,10:03,.741,.742,.74,.74, 13
04/08/2020,10:04,.738,.738,.738,.738, 1
04/08/2020,10:05,.737,.737,.725,.725, 15
04/08/2020,10:06,.725,.728,.725,.728, 4
04/08/2020,10:07,.722,.73,.722,.73, 7
04/08/2020,10:09,.722,.73,.722,.722, 9
04/08/2020,10:10,.729,.729,.722,.722, 4
04/08/2020,10:12,.723,.723,.723,.723, 2
04/08/2020,10:13,.722,.722,.722,.722, 1
04/08/2020,10:15,.73,.73,.722,.722, 7
04/08/2020,10:18,.722,.722,.722,.722, 3
04/08/2020,10:19,.722,.722,.722,.722, 6
04/08/2020,10:24,.722,.722,.722,.722, 1
04/08/2020,10:37,.726,.726,.724,.724, 4
04/08/2020,10:41,.73,.732,.73,.732, 2
04/08/2020,10:44,.738,.738,.738,.738, 2
04/08/2020,10:47,.738,.738,.738,.738, 1
04/08/2020,10:52,.732,.732,.732,.732, 1
04/08/2020,10:53,.732,.732,.732,.732, 1
04/08/2020,11:03,.732,.732,.73,.73, 2
04/08/2020,11:15,.73,.73,.728,.728, 2
04/08/2020,11:18,.732,.736,.732,.736, 2
04/08/2020,11:20,.735,.735,.735,.735, 1
04/08/2020,11:27,.73,.73,.73,.73, 1
04/08/2020,11:34,.728,.728,.728,.728, 1
04/08/2020,11:38,.73,.73,.73,.73, 1
04/08/2020,12:00,.73,.73,.73,.73, 2
04/08/2020,12:04,.738,.738,.738,.738, 2
04/08/2020,12:14,.745,.745,.745,.745, 1
04/08/2020,12:21,.734,.734,.734,.734, 1
04/08/2020,12:31,.74,.744,.74,.744, 4
04/08/2020,12:33,.745,.745,.745,.745, 1
04/08/2020,12:38,.745,.745,.745,.745, 2
04/08/2020,12:40,.745,.745,.745,.745, 3
04/08/2020,12:54,.745,.745,.744,.744, 2
04/08/2020,13:01,.743,.743,.735,.735, 8
04/08/2020,13:14,.74,.74,.74,.74, 1
04/08/2020,13:15,.743,.743,.743,.743, 1
04/08/2020,13:17,.745,.745,.745,.745, 2
04/08/2020,13:18,.745,.748,.745,.748, 6
04/08/2020,13:20,.748,.748,.748,.748, 2
04/08/2020,13:21,.748,.748,.748,.748, 2
04/08/2020,13:22,.749,.749,.749,.749, 2
04/08/2020,13:26,.749,.749,.749,.749, 1
04/08/2020,13:28,.743,.743,.74,.74, 2
04/08/2020,13:30,.748,.748,.748,.748, 1
04/08/2020,13:32,.743,.743,.743,.743, 1
04/08/2020,13:34,.74,.74,.735,.735, 3
04/08/2020,13:49,.74,.74,.74,.74, 1
04/08/2020,13:55,.74,.74,.74,.74, 2
04/08/2020,14:02,.742,.742,.742,.742, 1
04/08/2020,14:04,.74,.74,.74,.74, 1
04/08/2020,14:09,.746,.746,.746,.746, 1
04/08/2020,14:17,.745,.748,.745,.748, 2
04/08/2020,14:18,.742,.742,.741,.741, 2
04/08/2020,14:20,.745,.745,.745,.745, 1
04/08/2020,14:35,.743,.743,.737,.737, 9
04/08/2020,14:52,.742,.745,.742,.745, 3
04/08/2020,14:57,.744,.744,.744,.744, 1
04/08/2020,15:07,.738,.738,.738,.738, 3
04/08/2020,15:10,.74,.74,.74,.74, 2
04/08/2020,15:17,.74,.74,.74,.74, 3
04/08/2020,15:18,.74,.74,.74,.74, 2
04/08/2020,15:24,.743,.743,.743,.743, 2
04/08/2020,15:28,.744,.745,.744,.745, 4
04/08/2020,15:32,.74,.74,.74,.74, 1
04/08/2020,15:35,.743,.745,.743,.745, 2
04/08/2020,15:36,.74,.74,.74,.74, 1
04/08/2020,15:38,.738,.739,.737,.739, 14
04/08/2020,15:46,.734,.738,.733,.738, 3
04/08/2020,16:07,.739,.739,.727,.727, 3
04/08/2020,16:08,.727,.727,.727,.727, 1
04/08/2020,16:09,.739,.739,.738,.738, 3
04/08/2020,16:16,.738,.738,.738,.738, 2
04/08/2020,16:19,.739,.739,.739,.739, 2
04/08/2020,16:26,.739,.741,.739,.741, 8
04/08/2020,16:27,.741,.741,.74,.74, 3
04/08/2020,16:35,.736,.736,.734,.734, 2
04/08/2020,16:38,.73,.73,.73,.73, 2
04/08/2020,16:40,.73,.73,.727,.727, 4
04/08/2020,16:41,.734,.734,.734,.734, 1
04/08/2020,16:44,.73,.73,.73,.73, 1
04/08/2020,17:00,.73,.73,.727,.727, 3
04/08/2020,17:03,.734,.737,.734,.737, 4
04/08/2020,17:07,.73,.73,.725,.725, 11
04/08/2020,17:08,.727,.731,.727,.731, 2
04/08/2020,17:09,.732,.732,.73,.73, 2
04/08/2020,17:09,.73,.73,.73,.73, 2
04/08/2020,17:25,.73,.73,.73,.73, 3
04/08/2020,17:27,.727,.727,.727,.727, 2
04/08/2020,17:30,.727,.73,.725,.725, 12
04/08/2020,17:30,.727,.727,.727,.727, 1
04/08/2020,17:36,.715,.715,.715,.715, 19
04/09/2020,09:01,.73,.74,.73,.74, 11
04/09/2020,09:01,.73,.73,.73,.73, 1
04/09/2020,09:02,.74,.74,.74,.74, 1
04/09/2020,09:03,.738,.74,.738,.74, 4
04/09/2020,09:07,.73,.738,.73,.738, 10
04/09/2020,09:09,.731,.742,.731,.742, 16
04/09/2020,09:10,.743,.747,.743,.747, 5
04/09/2020,09:10,.749,.751,.749,.751, 6
04/09/2020,09:11,.75,.75,.75,.75, 1
04/09/2020,09:13,.746,.752,.746,.752, 6
04/09/2020,09:15,.749,.749,.749,.749, 2
04/09/2020,09:16,.748,.752,.748,.752, 3
04/09/2020,09:16,.75,.75,.75,.75, 1
04/09/2020,09:18,.751,.751,.751,.751, 3
04/09/2020,09:18,.745,.745,.745,.745, 2
04/09/2020,09:19,.745,.745,.744,.744, 3
04/09/2020,09:22,.74,.74,.74,.74, 2
04/09/2020,09:23,.748,.751,.748,.751, 3
04/09/2020,09:26,.751,.752,.751,.751, 4
04/09/2020,09:29,.75,.75,.75,.75, 1
04/09/2020,09:31,.75,.752,.75,.752, 5
04/09/2020,09:31,.75,.75,.736,.736, 6
04/09/2020,09:33,.739,.74,.739,.74, 2
04/09/2020,09:36,.74,.74,.74,.74, 1
04/09/2020,09:40,.739,.74,.739,.74, 2
04/09/2020,09:40,.74,.741,.74,.741, 2
04/09/2020,09:44,.743,.743,.743,.743, 5
04/09/2020,09:46,.732,.732,.723,.723, 13
04/09/2020,09:48,.735,.735,.735,.735, 1
04/09/2020,09:52,.73,.73,.724,.724, 3
04/09/2020,09:53,.73,.73,.73,.73, 1
04/09/2020,09:57,.735,.735,.735,.735, 1
04/09/2020,09:59,.735,.735,.735,.735, 2
04/09/2020,10:04,.73,.73,.729,.729, 7
04/09/2020,10:04,.729,.729,.729,.729, 3
04/09/2020,10:08,.723,.729,.723,.724, 5
04/09/2020,10:09,.729,.729,.729,.729, 1
04/09/2020,10:19,.724,.724,.724,.724, 1
04/09/2020,10:26,.724,.729,.724,.729, 4
04/09/2020,10:32,.725,.725,.725,.725, 3
04/09/2020,10:40,.725,.725,.724,.725, 4
04/09/2020,10:40,.723,.723,.723,.723, 4
04/09/2020,10:53,.725,.727,.725,.725, 3
04/09/2020,10:54,.725,.725,.725,.725, 1
04/09/2020,10:59,.725,.729,.725,.729, 4
04/09/2020,11:06,.725,.725,.722,.722, 6
04/09/2020,11:12,.725,.725,.725,.725, 1
04/09/2020,11:24,.725,.725,.725,.725, 1
04/09/2020,11:29,.729,.73,.729,.73, 2
04/09/2020,11:32,.73,.73,.73,.73, 1
04/09/2020,11:36,.73,.73,.73,.73, 2
04/09/2020,11:39,.73,.73,.729,.729, 5
04/09/2020,11:46,.725,.725,.725,.725, 1
04/09/2020,11:49,.725,.725,.725,.725, 1
04/09/2020,12:02,.725,.725,.725,.725, 3
04/09/2020,12:07,.726,.727,.726,.727, 2
04/09/2020,12:08,.725,.725,.725,.725, 1
04/09/2020,12:13,.733,.733,.733,.733, 1
04/09/2020,12:26,.73,.73,.73,.73, 1
04/09/2020,12:30,.73,.73,.73,.73, 1
04/09/2020,12:32,.73,.73,.73,.73, 2
04/09/2020,12:32,.73,.73,.73,.73, 2
04/09/2020,12:39,.73,.73,.73,.73, 2
04/09/2020,12:41,.733,.735,.733,.735, 4
04/09/2020,12:53,.73,.73,.73,.73, 3
04/09/2020,12:54,.73,.73,.73,.73, 2
04/09/2020,12:58,.73,.73,.73,.73, 1
04/09/2020,13:00,.73,.73,.727,.727, 2
04/09/2020,13:08,.73,.73,.73,.73, 1
04/09/2020,13:30,.725,.725,.725,.725, 1
04/09/2020,13:40,.725,.725,.725,.725, 2
04/09/2020,13:45,.725,.725,.725,.725, 1
04/09/2020,13:48,.725,.725,.725,.725, 1
04/09/2020,13:55,.73,.73,.73,.73, 1
04/09/2020,13:56,.726,.726,.726,.726, 1
04/09/2020,13:59,.726,.73,.726,.73, 3
04/09/2020,14:18,.727,.727,.725,.725, 5
04/09/2020,14:23,.722,.722,.72,.72, 8
04/09/2020,14:32,.727,.727,.727,.727, 3
04/09/2020,14:36,.736,.736,.736,.736, 1
04/09/2020,14:47,.735,.735,.735,.735, 1
04/09/2020,14:50,.735,.735,.735,.735, 1
04/09/2020,14:57,.735,.735,.734,.734, 2
04/09/2020,15:12,.731,.731,.73,.73, 4
04/09/2020,15:13,.73,.73,.73,.73, 1
04/09/2020,15:15,.727,.735,.727,.735, 9
04/09/2020,15:22,.735,.735,.735,.735, 1
04/09/2020,15:24,.735,.735,.735,.735, 2
04/09/2020,15:26,.735,.735,.735,.735, 1
04/09/2020,15:26,.735,.735,.735,.735, 1
04/09/2020,15:29,.735,.735,.73,.735, 8
04/09/2020,15:35,.73,.73,.73,.73, 1
04/09/2020,15:38,.73,.73,.73,.73, 1
04/09/2020,15:39,.73,.73,.73,.73, 3
04/09/2020,15:46,.735,.735,.735,.735, 1
04/09/2020,15:48,.735,.735,.735,.735, 2
04/09/2020,15:49,.735,.735,.735,.735, 1
04/09/2020,15:51,.735,.735,.735,.735, 1
04/09/2020,15:57,.735,.735,.735,.735, 1
04/09/2020,15:58,.736,.737,.736,.737, 5
04/09/2020,16:01,.74,.74,.735,.735, 4
04/09/2020,16:02,.735,.735,.735,.735, 3
04/09/2020,16:03,.735,.735,.735,.735, 1
04/09/2020,16:07,.73,.73,.727,.729, 7
04/09/2020,16:36,.729,.729,.729,.729, 1
04/09/2020,16:39,.725,.725,.724,.724, 3
04/09/2020,16:42,.725,.725,.725,.725, 1
04/09/2020,16:49,.729,.73,.729,.73, 4
04/09/2020,16:54,.729,.734,.729,.734, 4
04/09/2020,16:57,.734,.734,.734,.734, 1
04/09/2020,17:00,.73,.73,.73,.73, 2
04/09/2020,17:02,.729,.73,.729,.73, 2
04/09/2020,17:05,.729,.729,.729,.729, 1
04/09/2020,17:11,.725,.725,.725,.725, 1
04/09/2020,17:14,.727,.727,.727,.727, 1
04/09/2020,17:16,.726,.726,.723,.723, 7
04/09/2020,17:17,.723,.723,.723,.723, 3
04/09/2020,17:17,.725,.726,.725,.726, 2
04/09/2020,17:19,.725,.725,.725,.725, 4
04/09/2020,17:22,.725,.725,.725,.725, 1
04/09/2020,17:24,.725,.725,.725,.725, 1
04/09/2020,17:24,.725,.725,.725,.725, 1
04/09/2020,17:25,.725,.725,.72,.72, 13
04/09/2020,17:28,.734,.734,.734,.734, 1
04/09/2020,17:30,.72,.72,.72,.72, 1
04/09/2020,17:36,.722,.722,.722,.722, 11
04/14/2020,09:01,.783,.783,.783,.783, 39
04/14/2020,09:03,.784,.784,.765,.765, 2
04/14/2020,09:04,.75,.75,.75,.75, 1
04/14/2020,09:05,.76,.76,.75,.75, 3
04/14/2020,09:06,.75,.75,.75,.75, 2
04/14/2020,09:06,.754,.754,.754,.754, 1
04/14/2020,09:09,.751,.752,.75,.752, 6
04/14/2020,09:10,.75,.75,.74,.74, 6
04/14/2020,09:11,.75,.75,.75,.75, 1
04/14/2020,09:11,.749,.749,.749,.749, 1
04/14/2020,09:17,.749,.749,.749,.749, 5
04/14/2020,09:21,.76,.762,.76,.762, 4
04/14/2020,09:25,.762,.764,.762,.764, 2
04/14/2020,09:25,.76,.76,.76,.76, 1
04/14/2020,09:27,.755,.755,.755,.755, 2
04/14/2020,09:28,.759,.76,.759,.76, 4
04/14/2020,09:29,.755,.755,.755,.755, 2
04/14/2020,09:33,.762,.762,.76,.76, 2
04/14/2020,09:36,.76,.76,.757,.757, 2
04/14/2020,09:37,.759,.76,.759,.76, 3
04/14/2020,09:38,.76,.76,.76,.76, 2
04/14/2020,09:40,.755,.755,.755,.755, 2
04/14/2020,09:45,.744,.745,.744,.744, 5
04/14/2020,09:46,.755,.76,.755,.76, 7
04/14/2020,09:50,.76,.76,.76,.76, 1
04/14/2020,09:51,.759,.76,.759,.76, 2
04/14/2020,09:52,.76,.76,.76,.76, 3
04/14/2020,09:53,.748,.764,.744,.744, 15
04/14/2020,09:54,.759,.759,.759,.759, 1
04/14/2020,09:58,.757,.757,.757,.757, 1
04/14/2020,10:01,.745,.745,.745,.745, 3
04/14/2020,10:04,.75,.75,.75,.75, 1
04/14/2020,10:06,.75,.75,.75,.75, 1
04/14/2020,10:10,.75,.75,.75,.75, 3
04/14/2020,10:12,.75,.75,.744,.744, 3
04/14/2020,10:13,.745,.745,.744,.744, 4
04/14/2020,10:20,.75,.755,.75,.755, 6
04/14/2020,10:31,.746,.746,.746,.746, 1
04/14/2020,10:31,.75,.75,.75,.75, 1
04/14/2020,10:50,.755,.755,.755,.755, 1
04/14/2020,10:51,.755,.757,.755,.757, 3
04/14/2020,11:12,.755,.757,.755,.757, 4
04/14/2020,11:13,.755,.755,.755,.755, 1
04/14/2020,11:19,.75,.755,.75,.755, 10
04/14/2020,11:20,.755,.755,.755,.755, 1
04/14/2020,11:23,.755,.755,.755,.755, 2
04/14/2020,11:29,.749,.749,.746,.746, 3
04/14/2020,11:30,.746,.746,.746,.746, 1
04/14/2020,11:31,.746,.746,.746,.746, 4
04/14/2020,11:39,.755,.755,.755,.755, 1
04/14/2020,11:40,.755,.755,.755,.755, 1
04/14/2020,11:41,.755,.755,.755,.755, 1
04/14/2020,11:47,.749,.749,.749,.749, 1
04/14/2020,11:48,.746,.746,.746,.746, 4
04/14/2020,12:07,.751,.751,.751,.751, 1
04/14/2020,12:08,.755,.755,.755,.755, 5
04/14/2020,12:18,.757,.76,.757,.76, 3
04/14/2020,12:21,.76,.76,.76,.76, 1
04/14/2020,12:22,.76,.76,.76,.76, 6
04/14/2020,12:23,.76,.762,.76,.762, 2
04/14/2020,12:28,.762,.762,.762,.762, 1
04/14/2020,12:29,.762,.762,.762,.762, 1
04/14/2020,12:29,.762,.762,.762,.762, 1
04/14/2020,12:35,.762,.762,.762,.762, 2
04/14/2020,12:36,.76,.76,.76,.76, 2
04/14/2020,12:44,.76,.76,.76,.76, 3
04/14/2020,12:45,.762,.762,.762,.762, 1
04/14/2020,12:47,.755,.755,.755,.755, 1
04/14/2020,12:51,.76,.76,.76,.76, 1
04/14/2020,13:01,.757,.757,.757,.757, 2
04/14/2020,13:07,.755,.755,.755,.755, 1
04/14/2020,13:12,.76,.765,.76,.765, 7
04/14/2020,13:14,.76,.76,.76,.76, 1
04/14/2020,13:17,.76,.76,.76,.76, 2
04/14/2020,13:22,.756,.756,.756,.756, 1
04/14/2020,13:32,.756,.756,.756,.756, 2
04/14/2020,13:35,.76,.76,.76,.76, 2
04/14/2020,13:38,.755,.755,.753,.753, 4
04/14/2020,13:59,.76,.76,.76,.76, 3
04/14/2020,14:00,.764,.764,.764,.764, 1
04/14/2020,14:08,.753,.753,.75,.75, 7
04/14/2020,14:12,.76,.76,.76,.76, 2
04/14/2020,14:13,.76,.76,.76,.76, 1
04/14/2020,14:13,.76,.76,.76,.76, 1
04/14/2020,14:21,.76,.76,.76,.76, 1
04/14/2020,14:21,.76,.76,.76,.76, 1
04/14/2020,14:23,.76,.76,.76,.76, 1
04/14/2020,14:27,.763,.763,.763,.763, 1
04/14/2020,14:28,.76,.76,.76,.76, 1
04/14/2020,14:31,.76,.76,.76,.76, 2
04/14/2020,14:38,.763,.763,.763,.763, 1
04/14/2020,14:44,.763,.763,.763,.763, 1
04/14/2020,14:57,.763,.763,.763,.763, 1
04/14/2020,14:57,.758,.758,.758,.758, 1
04/14/2020,14:59,.76,.76,.76,.76, 1
04/14/2020,15:04,.76,.76,.76,.76, 1
04/14/2020,15:05,.76,.76,.76,.76, 4
04/14/2020,15:06,.762,.762,.762,.762, 1
04/14/2020,15:08,.762,.765,.762,.765, 3
04/14/2020,15:10,.76,.76,.753,.753, 13
04/14/2020,15:11,.753,.753,.753,.753, 2
04/14/2020,15:26,.753,.753,.752,.752, 4
04/14/2020,15:31,.752,.752,.752,.752, 2
04/14/2020,15:36,.752,.752,.752,.752, 2
04/14/2020,15:38,.752,.752,.752,.752, 1
04/14/2020,15:49,.756,.756,.756,.756, 2
04/14/2020,15:56,.762,.762,.76,.76, 2
04/14/2020,16:02,.757,.757,.755,.755, 3
04/14/2020,16:04,.752,.76,.75,.76, 6
04/14/2020,16:05,.759,.759,.759,.759, 1
04/14/2020,16:10,.758,.758,.758,.758, 2
04/14/2020,16:11,.753,.753,.752,.752, 4
04/14/2020,16:14,.75,.75,.75,.75, 1
04/14/2020,16:19,.75,.751,.75,.751, 6
04/14/2020,16:21,.751,.751,.751,.751, 2
04/14/2020,16:26,.752,.752,.752,.752, 1
04/14/2020,16:31,.752,.752,.752,.752, 2
04/14/2020,16:32,.752,.752,.752,.752, 2
04/14/2020,16:33,.752,.752,.752,.752, 1
04/14/2020,17:00,.752,.752,.752,.752, 3
04/14/2020,17:01,.754,.754,.754,.754, 2
04/14/2020,17:11,.754,.754,.754,.754, 1
04/14/2020,17:13,.754,.754,.754,.754, 1
04/14/2020,17:15,.753,.753,.752,.753, 3
04/14/2020,17:19,.759,.759,.759,.759, 1
04/14/2020,17:21,.759,.759,.759,.759, 2
04/14/2020,17:25,.759,.759,.759,.759, 1
04/14/2020,17:29,.754,.754,.754,.754, 4
04/14/2020,17:30,.752,.755,.75,.755, 4
04/14/2020,17:30,.756,.759,.756,.759, 4
04/14/2020,17:36,.759,.759,.759,.759, 12
04/15/2020,09:02,.764,.764,.76,.76, 14
04/15/2020,09:02,.76,.76,.758,.758, 4
04/15/2020,09:09,.752,.752,.752,.752, 4
04/15/2020,09:12,.751,.751,.749,.749, 4
04/15/2020,09:15,.746,.749,.74,.749, 12
04/15/2020,09:16,.749,.749,.749,.749, 1
04/15/2020,09:25,.735,.735,.73,.73, 5
04/15/2020,09:27,.73,.744,.727,.744, 7
04/15/2020,09:29,.728,.728,.727,.727, 2
04/15/2020,09:31,.73,.73,.728,.728, 2
04/15/2020,09:33,.729,.729,.729,.729, 1
04/15/2020,09:35,.729,.729,.729,.729, 1
04/15/2020,09:43,.739,.74,.739,.74, 4
04/15/2020,09:46,.73,.73,.73,.73, 1
04/15/2020,09:47,.738,.738,.729,.738, 12
04/15/2020,09:50,.729,.729,.729,.729, 3
04/15/2020,09:51,.734,.734,.734,.734, 1
04/15/2020,09:52,.735,.735,.735,.735, 2
04/15/2020,09:54,.73,.735,.73,.735, 2
04/15/2020,09:56,.735,.735,.735,.735, 1
04/15/2020,10:00,.734,.734,.734,.734, 2
04/15/2020,10:03,.737,.737,.737,.737, 1
04/15/2020,10:09,.74,.74,.74,.74, 3
04/15/2020,10:15,.74,.74,.74,.74, 1
04/15/2020,10:17,.733,.735,.733,.735, 2
04/15/2020,10:18,.735,.74,.73,.74, 11
04/15/2020,10:19,.74,.742,.74,.742, 5
04/15/2020,10:20,.74,.74,.74,.74, 1
04/15/2020,10:23,.745,.745,.745,.745, 1
04/15/2020,10:31,.745,.745,.745,.745, 1
04/15/2020,10:33,.745,.749,.745,.749, 2
04/15/2020,10:34,.749,.75,.749,.749, 7
04/15/2020,10:35,.75,.75,.75,.75, 3
04/15/2020,10:38,.75,.75,.75,.75, 2
04/15/2020,10:44,.755,.757,.755,.757, 2
04/15/2020,11:01,.757,.757,.757,.757, 1
04/15/2020,11:02,.75,.75,.747,.747, 8
04/15/2020,11:04,.75,.75,.75,.75, 1
04/15/2020,11:07,.743,.743,.743,.743, 1
04/15/2020,11:12,.75,.75,.75,.75, 8
04/15/2020,11:13,.75,.75,.75,.75, 1
04/15/2020,11:20,.749,.75,.749,.75, 3
04/15/2020,11:33,.743,.749,.743,.749, 3
04/15/2020,11:36,.743,.743,.743,.743, 2
04/15/2020,11:37,.743,.743,.743,.743, 2
04/15/2020,11:39,.743,.743,.743,.743, 1
04/15/2020,11:46,.749,.749,.749,.749, 2
04/15/2020,11:48,.749,.749,.749,.749, 1
04/15/2020,11:52,.743,.748,.743,.748, 3
04/15/2020,11:58,.743,.743,.743,.743, 9
04/15/2020,12:02,.74,.74,.737,.737, 2
04/15/2020,12:18,.74,.74,.731,.731, 3
04/15/2020,12:24,.732,.732,.732,.732, 1
04/15/2020,12:28,.732,.732,.732,.732, 1
04/15/2020,12:29,.73,.73,.73,.73, 4
04/15/2020,12:30,.73,.737,.73,.737, 2
04/15/2020,12:31,.73,.73,.73,.73, 2
04/15/2020,12:31,.731,.731,.731,.731, 1
04/15/2020,12:32,.731,.731,.731,.731, 2
04/15/2020,12:43,.734,.734,.73,.73, 4
04/15/2020,12:49,.731,.731,.73,.73, 3
04/15/2020,12:59,.732,.732,.732,.732, 1
04/15/2020,13:01,.732,.732,.732,.732, 1
04/15/2020,13:01,.738,.738,.738,.738, 1
04/15/2020,13:05,.738,.738,.738,.738, 1
04/15/2020,13:07,.738,.74,.738,.74, 2
04/15/2020,13:47,.735,.735,.735,.735, 3
04/15/2020,14:10,.735,.735,.735,.735, 3
04/15/2020,14:16,.733,.733,.73,.73, 6
04/15/2020,14:27,.734,.734,.734,.734, 1
04/15/2020,14:31,.73,.734,.73,.734, 12
04/15/2020,15:09,.73,.734,.73,.734, 3
04/15/2020,15:14,.73,.73,.73,.73, 3
04/15/2020,15:15,.734,.735,.734,.735, 4
04/15/2020,15:16,.734,.734,.734,.734, 3
04/15/2020,15:16,.735,.735,.735,.735, 1
04/15/2020,15:34,.735,.735,.735,.735, 1
04/15/2020,15:43,.732,.732,.728,.728, 5
04/15/2020,15:43,.732,.732,.732,.732, 2
04/15/2020,15:50,.734,.734,.734,.734, 2
04/15/2020,15:51,.734,.734,.734,.734, 2
04/15/2020,15:55,.73,.73,.73,.73, 1
04/15/2020,15:56,.729,.73,.729,.73, 4
04/15/2020,16:01,.729,.729,.729,.729, 2
04/15/2020,16:02,.73,.734,.729,.734, 6
04/15/2020,16:05,.733,.733,.733,.733, 2
04/15/2020,16:09,.734,.735,.734,.734, 3
04/15/2020,16:10,.734,.734,.734,.734, 1
04/15/2020,16:11,.734,.734,.734,.734, 3
04/15/2020,16:12,.734,.734,.734,.734, 2
04/15/2020,16:13,.73,.734,.728,.734, 6
04/15/2020,16:20,.734,.734,.734,.734, 2
04/15/2020,16:30,.73,.73,.73,.73, 1
04/15/2020,16:40,.732,.732,.732,.732, 1
04/15/2020,16:46,.734,.734,.734,.734, 2
04/15/2020,16:48,.732,.732,.732,.732, 1
04/15/2020,16:50,.734,.734,.73,.73, 4
04/15/2020,16:54,.73,.734,.727,.734, 6
04/15/2020,16:56,.734,.734,.734,.734, 3
04/15/2020,17:08,.73,.73,.73,.73, 3
04/15/2020,17:09,.73,.73,.73,.73, 2
04/15/2020,17:09,.73,.73,.73,.73, 1
04/15/2020,17:15,.73,.73,.73,.73, 4
04/15/2020,17:15,.73,.73,.73,.73, 3
04/15/2020,17:17,.73,.73,.73,.73, 2
04/15/2020,17:19,.73,.73,.73,.73, 4
04/15/2020,17:20,.73,.73,.73,.73, 4
04/15/2020,17:21,.733,.733,.73,.73, 6
04/15/2020,17:24,.73,.732,.727,.732, 7
04/15/2020,17:27,.726,.732,.722,.722, 12
04/15/2020,17:28,.722,.732,.722,.732, 2
04/15/2020,17:29,.722,.722,.722,.722, 4
04/15/2020,17:30,.722,.722,.722,.722, 2
04/15/2020,17:30,.722,.722,.722,.722, 1
04/15/2020,17:36,.735,.735,.735,.735, 12
04/16/2020,09:01,.745,.745,.745,.745, 10
04/16/2020,09:07,.745,.745,.745,.745, 1
04/16/2020,09:08,.745,.745,.745,.745, 1
04/16/2020,09:10,.745,.745,.745,.745, 1
04/16/2020,09:17,.745,.745,.745,.745, 1
04/16/2020,09:19,.745,.749,.745,.749, 3
04/16/2020,09:29,.749,.749,.749,.749, 1
04/16/2020,09:34,.745,.745,.745,.745, 1
04/16/2020,09:53,.745,.745,.745,.745, 2
04/16/2020,09:59,.748,.75,.748,.75, 8
04/16/2020,09:59,.75,.75,.75,.75, 1
04/16/2020,10:02,.75,.75,.75,.75, 2
04/16/2020,10:06,.745,.745,.745,.745, 1
04/16/2020,10:17,.75,.75,.75,.75, 3
04/16/2020,10:23,.75,.75,.75,.75, 2
04/16/2020,10:28,.75,.75,.75,.75, 1
04/16/2020,10:36,.75,.75,.75,.75, 1
04/16/2020,10:56,.75,.753,.75,.75, 7
04/16/2020,10:57,.75,.75,.75,.75, 1
04/16/2020,10:57,.75,.75,.75,.75, 1
04/16/2020,11:00,.75,.75,.75,.75, 1
04/16/2020,11:28,.745,.745,.745,.745, 4
04/16/2020,11:38,.743,.743,.743,.743, 1
04/16/2020,11:40,.743,.743,.743,.743, 1
04/16/2020,11:42,.745,.745,.745,.745, 5
04/16/2020,11:43,.745,.745,.745,.745, 1
04/16/2020,11:48,.743,.743,.743,.743, 1
04/16/2020,12:02,.743,.743,.74,.74, 9
04/16/2020,12:05,.74,.74,.739,.739, 3
04/16/2020,12:05,.74,.74,.74,.74, 1
04/16/2020,12:08,.743,.743,.743,.743, 1
04/16/2020,12:09,.745,.745,.745,.745, 1
04/16/2020,12:12,.74,.74,.74,.74, 1
04/16/2020,12:16,.748,.75,.748,.748, 5
04/16/2020,12:19,.748,.748,.748,.748, 1
04/16/2020,12:24,.748,.748,.748,.748, 2
04/16/2020,12:36,.741,.741,.741,.741, 1
04/16/2020,12:51,.745,.748,.745,.748, 2
04/16/2020,12:59,.748,.748,.748,.748, 1
04/16/2020,13:01,.748,.748,.745,.745, 6
04/16/2020,13:46,.745,.745,.745,.745, 1
04/16/2020,13:46,.745,.745,.745,.745, 3
04/16/2020,14:05,.741,.741,.739,.739, 3
04/16/2020,14:10,.74,.74,.74,.74, 2
04/16/2020,14:16,.744,.744,.744,.744, 1
04/16/2020,14:26,.74,.74,.739,.739, 5
04/16/2020,14:34,.731,.736,.731,.736, 2
04/16/2020,14:39,.73,.736,.728,.73, 8
04/16/2020,15:48,.732,.732,.732,.732, 2
04/16/2020,16:03,.732,.732,.731,.732, 5
04/16/2020,16:06,.731,.731,.731,.731, 3
04/16/2020,16:08,.731,.731,.731,.731, 2
04/16/2020,16:10,.731,.731,.731,.731, 2
04/16/2020,16:12,.734,.734,.734,.734, 1
04/16/2020,16:12,.734,.734,.734,.734, 2
04/16/2020,16:14,.731,.731,.731,.731, 1
04/16/2020,16:16,.734,.734,.734,.734, 2
04/16/2020,16:27,.734,.734,.734,.734, 1
04/16/2020,16:33,.738,.738,.738,.738, 2
04/16/2020,16:34,.734,.734,.734,.734, 3
04/16/2020,16:39,.738,.738,.738,.738, 2
04/16/2020,16:45,.734,.734,.733,.733, 2
04/16/2020,16:46,.737,.737,.737,.737, 1
04/16/2020,16:49,.742,.742,.742,.742, 1
04/16/2020,16:53,.74,.74,.74,.74, 1
04/16/2020,16:56,.74,.74,.74,.74, 1
04/16/2020,16:56,.742,.742,.742,.742, 1
04/16/2020,17:01,.743,.743,.743,.743, 2
04/16/2020,17:10,.748,.748,.748,.748, 2
04/16/2020,17:13,.748,.748,.748,.748, 1
04/16/2020,17:23,.746,.746,.746,.746, 2
04/16/2020,17:24,.745,.749,.745,.748, 6
04/16/2020,17:25,.748,.749,.744,.744, 4
04/16/2020,17:26,.748,.748,.748,.748, 1
04/16/2020,17:27,.749,.749,.749,.749, 1
04/16/2020,17:29,.749,.749,.749,.749, 4
04/16/2020,17:30,.749,.749,.743,.743, 2
04/16/2020,17:36,.75,.75,.75,.75, 12
04/17/2020,09:01,.757,.757,.757,.757, 9
04/17/2020,09:05,.759,.76,.759,.76, 8
04/17/2020,09:06,.76,.765,.76,.765, 8
04/17/2020,09:07,.765,.766,.765,.766, 3
04/17/2020,09:08,.766,.767,.766,.767, 2
04/17/2020,09:09,.767,.77,.767,.77, 4
04/17/2020,09:10,.77,.778,.77,.778, 8
04/17/2020,09:10,.778,.78,.778,.78, 2
04/17/2020,09:11,.778,.778,.778,.778, 1
04/17/2020,09:14,.778,.78,.778,.78, 8
04/17/2020,09:14,.762,.762,.761,.761, 3
04/17/2020,09:15,.77,.779,.77,.779, 3
04/17/2020,09:20,.775,.775,.775,.775, 1
04/17/2020,09:22,.772,.772,.772,.772, 2
04/17/2020,09:23,.77,.77,.77,.77, 3
04/17/2020,09:26,.77,.77,.767,.767, 3
04/17/2020,09:32,.764,.764,.76,.76, 13
04/17/2020,09:33,.76,.76,.75,.75, 10
04/17/2020,09:37,.76,.76,.759,.759, 2
04/17/2020,09:40,.752,.752,.752,.752, 1
04/17/2020,09:42,.752,.755,.752,.755, 2
04/17/2020,09:46,.76,.762,.76,.762, 2
04/17/2020,09:48,.76,.76,.76,.76, 1
04/17/2020,10:05,.759,.759,.759,.759, 1
04/17/2020,10:10,.755,.755,.754,.754, 5
04/17/2020,10:32,.755,.755,.755,.755, 1
04/17/2020,10:37,.758,.759,.758,.759, 2
04/17/2020,10:38,.759,.759,.759,.759, 1
04/17/2020,10:43,.759,.759,.759,.759, 1
04/17/2020,10:44,.759,.759,.759,.759, 1
04/17/2020,10:49,.759,.759,.759,.759, 1
04/17/2020,10:52,.759,.76,.759,.76, 5
04/17/2020,10:54,.759,.759,.759,.759, 2
04/17/2020,10:59,.759,.759,.759,.759, 6
04/17/2020,11:01,.759,.76,.759,.76, 9
04/17/2020,11:02,.76,.76,.76,.76, 3
04/17/2020,11:06,.762,.763,.762,.763, 3
04/17/2020,11:06,.76,.76,.76,.76, 1
04/17/2020,11:18,.76,.76,.76,.76, 3
04/17/2020,11:27,.76,.76,.76,.76, 2
04/17/2020,11:34,.76,.76,.76,.76, 2
04/17/2020,11:36,.76,.76,.76,.76, 1
04/17/2020,11:40,.76,.76,.76,.76, 2
04/17/2020,11:49,.762,.762,.762,.762, 2
04/17/2020,11:50,.762,.762,.762,.762, 8
04/17/2020,12:00,.762,.762,.762,.762, 10
04/17/2020,12:14,.76,.76,.76,.76, 2
04/17/2020,12:14,.76,.76,.76,.76, 1
04/17/2020,12:18,.764,.764,.764,.764, 1
04/17/2020,12:19,.763,.763,.763,.763, 4
04/17/2020,12:22,.763,.763,.763,.763, 3
04/17/2020,12:22,.763,.763,.762,.762, 2
04/17/2020,12:25,.762,.763,.762,.763, 4
04/17/2020,12:26,.763,.763,.763,.763, 1
04/17/2020,12:28,.762,.762,.762,.762, 4
04/17/2020,12:30,.762,.762,.762,.762, 1
04/17/2020,12:31,.762,.762,.762,.762, 5
04/17/2020,12:33,.762,.762,.762,.762, 2
04/17/2020,12:35,.762,.762,.762,.762, 1
04/17/2020,12:43,.763,.764,.763,.764, 4
04/17/2020,12:44,.762,.762,.762,.762, 1
04/17/2020,12:48,.763,.763,.763,.763, 2
04/17/2020,12:55,.763,.763,.763,.763, 1
04/17/2020,12:56,.764,.765,.764,.765, 14
04/17/2020,12:59,.768,.768,.768,.768, 2
04/17/2020,13:00,.763,.763,.763,.763, 2
04/17/2020,13:20,.766,.766,.766,.766, 3
04/17/2020,13:40,.766,.77,.766,.77, 6
04/17/2020,13:40,.769,.769,.769,.769, 1
04/17/2020,13:44,.764,.764,.764,.764, 1
04/17/2020,13:45,.764,.764,.764,.764, 2
04/17/2020,13:45,.764,.769,.764,.769, 3
04/17/2020,13:53,.769,.769,.769,.769, 1
04/17/2020,13:54,.769,.769,.769,.769, 3
04/17/2020,13:58,.768,.768,.768,.768, 3
04/17/2020,14:19,.764,.764,.764,.764, 4
04/17/2020,14:25,.764,.768,.764,.768, 14
04/17/2020,14:27,.769,.77,.769,.77, 5
04/17/2020,14:27,.77,.77,.77,.77, 2
04/17/2020,14:29,.77,.772,.77,.772, 2
04/17/2020,14:31,.772,.775,.77,.77, 10
04/17/2020,14:34,.773,.774,.77,.77, 5
04/17/2020,14:36,.774,.775,.773,.773, 4
04/17/2020,14:36,.773,.773,.773,.773, 1
04/17/2020,14:38,.772,.775,.772,.775, 6
04/17/2020,14:41,.775,.779,.775,.779, 6
04/17/2020,14:41,.78,.78,.78,.78, 1
04/17/2020,14:46,.779,.779,.779,.779, 1
04/17/2020,14:57,.775,.775,.775,.775, 7
04/17/2020,15:05,.775,.775,.775,.775, 2
04/17/2020,15:08,.775,.775,.773,.773, 4
04/17/2020,15:08,.774,.774,.773,.773, 2
04/17/2020,15:12,.774,.774,.773,.773, 4
04/17/2020,15:14,.773,.773,.772,.772, 3
04/17/2020,15:14,.772,.772,.772,.772, 1
04/17/2020,15:16,.771,.771,.771,.771, 5
04/17/2020,15:16,.771,.771,.771,.771, 4
04/17/2020,15:24,.776,.776,.776,.776, 4
04/17/2020,15:25,.777,.777,.777,.777, 1
04/17/2020,15:31,.777,.777,.773,.775, 9
04/17/2020,15:36,.777,.777,.775,.775, 2
04/17/2020,15:44,.777,.777,.773,.773, 5
04/17/2020,15:47,.771,.771,.771,.771, 3
04/17/2020,15:50,.775,.775,.775,.775, 2
04/17/2020,15:52,.777,.778,.777,.778, 3
04/17/2020,15:52,.777,.777,.774,.774, 4
04/17/2020,15:57,.777,.777,.777,.777, 2
04/17/2020,15:59,.777,.778,.777,.778, 2
04/17/2020,16:04,.775,.775,.774,.774, 5
04/17/2020,16:05,.773,.773,.773,.773, 3
04/17/2020,16:09,.774,.774,.773,.774, 8
04/17/2020,16:15,.774,.774,.771,.771, 12
04/17/2020,16:16,.772,.772,.771,.771, 2
04/17/2020,16:17,.771,.771,.771,.771, 1
04/17/2020,16:24,.771,.771,.769,.769, 6
04/17/2020,16:25,.77,.771,.77,.771, 2
04/17/2020,16:32,.77,.77,.77,.77, 2
04/17/2020,16:45,.772,.772,.772,.772, 3
04/17/2020,16:47,.772,.772,.772,.772, 3
04/17/2020,16:52,.771,.771,.771,.771, 2
04/17/2020,16:57,.774,.774,.771,.771, 6
04/17/2020,17:00,.772,.772,.772,.772, 2
04/17/2020,17:01,.775,.775,.775,.775, 2
04/17/2020,17:05,.775,.775,.775,.775, 1
04/17/2020,17:07,.775,.775,.774,.774, 2
04/17/2020,17:09,.775,.775,.775,.775, 8
04/17/2020,17:11,.775,.775,.775,.775, 7
04/17/2020,17:13,.775,.775,.775,.775, 4
04/17/2020,17:16,.776,.777,.776,.776, 5
04/17/2020,17:17,.776,.776,.776,.776, 4
04/17/2020,17:18,.777,.777,.776,.776, 5
04/17/2020,17:19,.776,.776,.776,.776, 2
04/17/2020,17:21,.776,.777,.776,.777, 9
04/17/2020,17:22,.778,.778,.778,.778, 3
04/17/2020,17:22,.777,.777,.776,.776, 3
04/17/2020,17:24,.778,.778,.778,.778, 1
04/17/2020,17:29,.775,.778,.775,.778, 8
04/17/2020,17:36,.778,.778,.778,.778, 20

