04/01/2020,15:45,13.96,13.96,13.96,13.96, 325
04/01/2020,16:08,15.103,15.103,15.103,15.103, 100
04/01/2020,16:36,14.65,14.65,14.28,14.28, 300
04/01/2020,17:31,14.775,14.775,14.263,14.29, 400
04/01/2020,18:40,14.785,15.29,14.48,14.48, 1948
04/01/2020,18:43,15.26,15.28,14.91,15.28, 1405
04/01/2020,18:57,15.28,15.28,15.28,15.28, 179
04/01/2020,18:59,15.28,15.28,15.28,15.28, 1500
04/01/2020,18:59,15.28,15.28,15.28,15.28, 3000
04/01/2020,19:01,15.28,15.28,15.27,15.28, 1400
04/01/2020,19:04,15.28,15.28,15.28,15.28, 6709
04/01/2020,19:08,15.28,15.28,15.28,15.28, 6332
04/01/2020,21:47,15.44,15.44,14.91,14.91, 200
04/01/2020,21:51,15.44,15.44,15.44,15.44, 100
04/01/2020,21:53,15.11,15.11,15.11,15.11, 100
04/01/2020,21:58,15.42,15.42,15.42,15.42, 327
04/01/2020,21:58,15.42,15.42,15.42,15.42, 100
04/01/2020,21:59,15.42,15.42,15.42,15.42, 100
04/01/2020,22:00,15.42,15.42,15.42,15.42, 100
04/01/2020,22:01,14.6,14.6,14.6,14.6, 1364
04/02/2020,15:31,15.14,15.14,15.14,15.14, 250
04/02/2020,17:43,14.41,14.483,14.41,14.443, 2357
04/02/2020,19:48,15.47,15.47,15.47,15.47, 100
04/02/2020,20:51,14.68,14.68,14.68,14.68, 100
04/02/2020,21:46,14.99,14.99,14.95,14.99, 900
04/02/2020,22:00,14.98,14.98,14.98,14.98, 220
04/02/2020,22:01,15.62,15.62,15.25,15.62, 600
04/03/2020,17:30,13.9,13.9,13.9,13.9, 300
04/03/2020,20:09,14.795,14.795,14.795,14.795, 100
04/03/2020,20:45,14.6,14.61,14.6,14.61, 200
04/03/2020,21:07,14.6,14.6,14.6,14.6, 100
04/03/2020,21:09,14.23,14.24,14.23,14.24, 353
04/03/2020,21:20,14.378,14.378,14.378,14.378, 143
04/03/2020,21:27,14.335,14.335,14.335,14.335, 100
04/03/2020,21:40,14.34,14.34,14.34,14.34, 100
04/03/2020,21:45,14.34,14.34,14.335,14.335, 200
04/03/2020,21:55,14.235,14.24,14.235,14.24, 484
04/03/2020,21:59,14.24,14.24,14.24,14.24, 141
04/03/2020,22:01,14.96,14.96,14.96,14.96, 329
04/06/2020,15:38,15.24,15.24,15.24,15.24, 100
04/06/2020,17:10,15.01,15.01,15.01,15.01, 100
04/06/2020,17:23,15.06,15.06,15.06,15.06, 100
04/06/2020,17:52,15.25,15.25,15.25,15.25, 143
04/06/2020,18:49,15.3,15.3,15.3,15.3, 100
04/06/2020,18:50,15.3,15.3,15.3,15.3, 294
04/06/2020,20:21,15.253,15.253,15.253,15.253, 100
04/06/2020,21:21,15.27,15.27,15.27,15.27, 100
04/06/2020,22:01,15.5,15.5,15.5,15.5, 1193
04/07/2020,20:41,15.5,15.5,15.5,15.5, 100
04/07/2020,22:01,15.49,15.49,15.49,15.49, 616
04/08/2020,15:31,14.27,14.27,14.27,14.27, 155
04/08/2020,17:05,14,14,14,14, 142
04/08/2020,17:16,14.1,14.1,14.1,14.1, 100
04/08/2020,17:22,14.21,14.37,14.21,14.37, 500
04/08/2020,20:11,14.387,14.505,14.27,14.505, 500
04/08/2020,20:12,14.505,14.505,14.505,14.505, 200
04/08/2020,21:47,14.74,14.74,14.74,14.74, 300
04/08/2020,22:01,15.17,15.17,15.17,15.17, 857
04/09/2020,17:54,14.96,14.96,14.96,14.96, 100
04/09/2020,18:08,15.3,15.3,15.3,15.3, 100
04/09/2020,18:11,14.97,14.97,14.97,14.97, 100
04/09/2020,18:14,15.3,15.3,15.3,15.3, 100
04/09/2020,19:00,14.99,14.999,14.99,14.999, 200
04/09/2020,21:37,14.9,14.9,14.9,14.9, 100
04/09/2020,22:01,15.02,15.02,15.02,15.02, 514
04/13/2020,15:31,14.8,14.8,14.8,14.8, 152
04/13/2020,20:18,14.7,14.7,14.7,14.7, 100
04/13/2020,20:20,14.78,14.78,14.78,14.78, 100
04/13/2020,20:25,14.7,14.7,14.7,14.7, 100
04/13/2020,20:29,14.8,14.8,14.8,14.8, 100
04/13/2020,21:37,14.53,14.53,14.53,14.53, 100
04/13/2020,21:44,14.72,14.72,14.72,14.72, 100
04/13/2020,22:00,14.5,14.61,14.5,14.61, 200
04/13/2020,22:01,14.48,14.48,14.48,14.48, 398
04/14/2020,16:01,14.5,14.5,14.5,14.5, 100
04/14/2020,16:50,14.39,14.39,14.39,14.39, 100
04/14/2020,18:36,14.4,14.4,14.4,14.4, 100
04/14/2020,18:36,14.21,14.21,14.21,14.21, 100
04/14/2020,18:41,14.55,14.55,14.55,14.55, 100
04/14/2020,19:49,14.18,14.18,14.18,14.18, 100
04/14/2020,19:52,14.55,14.55,14.55,14.55, 100
04/14/2020,20:34,14.567,14.567,14.54,14.55, 900
04/14/2020,21:06,14.535,14.535,14.535,14.535, 200
04/14/2020,21:22,14.535,14.535,14.535,14.535, 100
04/14/2020,21:40,14.2,14.2,14.2,14.2, 100
04/14/2020,21:41,14.57,14.57,14.53,14.57, 300
04/14/2020,21:45,14.57,14.57,14.57,14.57, 264
04/14/2020,21:57,14.6,14.6,14.535,14.535, 4956
04/14/2020,21:58,14.535,14.55,14.19,14.19, 7032
04/14/2020,21:59,14.535,14.535,14.535,14.535, 3467
04/14/2020,22:01,14.18,14.18,14.18,14.18, 539
04/15/2020,16:53,14.2,14.2,14.2,14.2, 100
04/15/2020,16:54,14.35,14.35,14.35,14.35, 100
04/15/2020,18:17,13.98,13.988,13.98,13.988, 350
04/15/2020,18:49,14.18,14.18,14.18,14.18, 100
04/15/2020,20:45,14.226,14.226,14.226,14.226, 171
04/15/2020,20:59,14.225,14.225,14.11,14.11, 291
04/15/2020,21:16,14.254,14.254,14.254,14.254, 175
04/15/2020,22:01,13.87,13.87,13.87,13.87, 615
04/16/2020,16:45,13.773,13.773,13.773,13.773, 175
04/16/2020,16:47,13.773,13.773,13.773,13.773, 171
04/16/2020,16:47,14.211,14.211,14.211,14.211, 175
04/16/2020,18:04,13.7,13.7,13.7,13.7, 630
04/16/2020,18:05,13.64,13.64,13.64,13.64, 100
04/16/2020,18:16,13.6,13.6,13.6,13.6, 100
04/16/2020,18:22,13.79,13.83,13.79,13.83, 500
04/16/2020,18:24,14.07,14.07,14.07,14.07, 200
04/16/2020,18:36,13.9,13.9,13.9,13.9, 136
04/16/2020,21:25,13.9,13.9,13.9,13.9, 200
04/16/2020,22:01,14.18,14.18,14.18,14.18, 359
04/17/2020,15:31,14,14,14,14, 237
04/17/2020,15:52,14.606,14.606,14.606,14.606, 150
04/17/2020,16:59,14.45,14.9,14.45,14.9, 1452
04/17/2020,17:43,14.86,14.86,14.81,14.81, 1100
04/17/2020,18:55,14.8,14.8,14.8,14.8, 100
04/17/2020,22:01,14.45,14.45,14.45,14.45, 573

