01/02/2020,07:46,.4665,.4665,.4665,.4665, 1
01/02/2020,20:47,.4653,.4653,.4653,.4653, 1
01/02/2020,20:49,.4665,.4665,.4653,.4653, 2
01/02/2020,21:01,.4645,.4645,.4645,.4645, 1
01/02/2020,21:45,.4653,.4653,.4653,.4653, 1
01/06/2020,08:05,.464,.464,.464,.464, 1
01/07/2020,20:35,.4621,.4621,.4621,.4621, 1
01/07/2020,21:11,.4613,.4613,.4613,.4613, 1
01/07/2020,22:19,.4621,.4621,.4621,.4621, 1
01/08/2020,20:35,.4647,.4647,.4622,.4622, 2
01/08/2020,20:53,.4614,.4614,.4614,.4614, 1
01/08/2020,21:39,.4622,.4622,.4622,.4622, 1
01/08/2020,23:58,.4647,.4647,.4647,.4647, 1
01/09/2020,20:35,.4647,.4647,.4647,.4647, 1
01/09/2020,20:45,.4622,.4622,.4611,.4611, 2
01/09/2020,21:01,.4636,.4636,.4636,.4636, 1
01/09/2020,21:51,.4611,.4611,.4611,.4611, 1
01/13/2020,08:03,.4648,.4648,.4648,.4648, 1
01/13/2020,21:03,.4623,.4623,.4623,.4623, 1
01/13/2020,21:36,.465,.465,.4625,.4625, 2
01/14/2020,21:55,.4621,.4621,.4621,.4621, 1
01/14/2020,22:40,.4646,.4646,.4646,.4646, 1
01/14/2020,23:03,.4621,.4621,.4621,.4621, 1
01/15/2020,22:05,.4646,.4646,.4646,.4646, 1
01/15/2020,22:19,.4621,.4621,.4621,.4621, 1
01/16/2020,06:36,.4646,.4646,.4646,.4646, 1
01/16/2020,21:01,.4621,.4621,.4621,.4621, 1
01/16/2020,21:52,.4615,.4615,.4615,.4615, 1
01/16/2020,22:11,.4648,.4648,.4648,.4648, 1
01/16/2020,22:30,.4621,.4621,.4621,.4621, 1
01/16/2020,22:37,.4623,.4623,.4623,.4623, 1
01/16/2020,23:07,.4648,.4648,.4648,.4648, 1
01/16/2020,23:08,.4623,.4623,.4623,.4623, 1
01/16/2020,23:15,.4648,.4648,.4648,.4648, 1
01/16/2020,23:16,.4623,.4623,.4623,.4623, 1
01/20/2020,08:34,.4641,.4641,.4641,.4641, 1
01/20/2020,21:31,.4616,.4616,.4616,.4616, 1
01/20/2020,21:43,.4614,.4614,.4614,.4614, 1
01/20/2020,22:38,.4639,.4639,.4614,.4614, 2
01/21/2020,21:40,.4606,.4606,.4606,.4606, 1
01/21/2020,22:02,.4598,.4598,.4598,.4598, 1
01/21/2020,22:25,.4606,.4606,.4606,.4606, 1
01/22/2020,22:15,.4631,.4631,.4631,.4631, 1
01/22/2020,22:16,.4606,.4606,.4606,.4606, 1
01/23/2020,21:48,.4599,.4599,.4599,.4599, 1
01/23/2020,21:51,.4632,.4632,.4632,.4632, 1
01/23/2020,22:35,.4607,.4607,.4607,.4607, 1
01/27/2020,08:12,.4602,.4602,.4602,.4602, 1
01/27/2020,21:15,.4627,.4627,.4602,.4602, 2
01/27/2020,21:37,.4583,.4583,.4583,.4583, 1
01/27/2020,22:38,.4608,.4608,.4583,.4583, 2
01/28/2020,21:40,.458,.458,.458,.458, 1
01/28/2020,22:03,.4572,.4572,.4572,.4572, 1
01/28/2020,22:25,.4605,.4605,.4605,.4605, 1
01/28/2020,22:26,.458,.458,.458,.458, 1
01/28/2020,22:29,.4605,.4605,.4605,.4605, 1
01/28/2020,22:30,.458,.458,.458,.458, 1
01/29/2020,21:45,.4578,.4578,.4578,.4578, 1
01/29/2020,22:07,.457,.457,.457,.457, 1
01/29/2020,22:28,.4578,.4578,.4578,.4578, 1
01/29/2020,23:24,.4603,.4603,.4603,.4603, 1
01/29/2020,23:25,.4578,.4578,.4578,.4578, 1
01/30/2020,21:14,.4603,.4603,.4603,.4603, 1
01/30/2020,21:22,.4578,.4578,.4578,.4578, 1
01/30/2020,21:35,.4591,.4591,.4591,.4591, 1
01/30/2020,21:35,.4566,.4566,.4566,.4566, 1

