03/02/2020,00:23,.155,.155,.155,.155, 10000
03/02/2020,00:39,.155,.155,.155,.155, 14500
03/02/2020,00:44,.155,.155,.155,.155, 8000
03/02/2020,01:07,.155,.155,.155,.155, 25000
03/02/2020,01:30,.155,.155,.155,.155, 32000
03/02/2020,02:39,.16,.16,.16,.16, 1344
03/02/2020,03:04,.155,.155,.155,.155, 1000
03/02/2020,03:17,.155,.155,.155,.155, 10000
03/02/2020,04:56,.16,.16,.16,.16, 3872
03/03/2020,00:23,.16,.16,.16,.16, 9938
03/03/2020,03:23,.157,.157,.157,.157, 1271
03/03/2020,03:53,.155,.155,.155,.155, 18000
03/03/2020,04:23,.155,.155,.155,.155, 7353
03/03/2020,06:32,.17,.17,.17,.17, 207625
03/04/2020,00:23,.17,.17,.17,.17, 3000
03/04/2020,02:57,.16,.16,.155,.155, 50788
03/04/2020,06:31,.155,.155,.155,.155, 17556
03/05/2020,02:44,.155,.155,.155,.155, 5
03/05/2020,04:45,.155,.155,.155,.155, 1520
03/05/2020,06:31,.165,.165,.165,.165, 3031
03/06/2020,00:23,.16,.16,.16,.16, 9956
03/06/2020,01:58,.16,.16,.16,.16, 3545
03/06/2020,02:30,.162,.162,.162,.162, 6792
03/06/2020,02:43,.16,.16,.16,.16, 3565
03/06/2020,03:18,.16,.16,.16,.16, 15000
03/06/2020,04:49,.16,.16,.16,.16, 18750
03/06/2020,06:18,.155,.155,.155,.155, 7000
03/09/2020,00:23,.155,.155,.155,.155, 1340
03/09/2020,01:01,.155,.155,.155,.155, 62430
03/09/2020,01:05,.155,.155,.155,.155, 5429
03/09/2020,01:47,.155,.155,.155,.155, 90198
03/09/2020,02:37,.155,.155,.155,.155, 67735
03/09/2020,03:29,.16,.16,.16,.16, 9281
03/09/2020,05:09,.155,.155,.155,.155, 12500
03/09/2020,05:29,.155,.155,.155,.155, 122235
03/09/2020,05:59,.155,.155,.155,.155, 1577
03/09/2020,06:12,.155,.155,.155,.155, 9718
03/09/2020,06:31,.155,.155,.155,.155, 49313
03/10/2020,00:23,.155,.155,.155,.155, 807
03/10/2020,00:46,.155,.155,.155,.155, 10000
03/10/2020,01:13,.16,.16,.16,.16, 333
03/10/2020,04:18,.155,.155,.155,.155, 26359
03/10/2020,04:34,.157,.157,.157,.157, 806
03/10/2020,06:31,.155,.155,.155,.155, 23640
03/11/2020,00:23,.155,.155,.155,.155, 651
03/11/2020,06:31,.155,.155,.155,.155, 18100
03/12/2020,00:23,.155,.155,.155,.155, 62764
03/12/2020,03:02,.155,.155,.155,.155, 12000
03/12/2020,03:30,.155,.155,.155,.155, 34753
03/12/2020,04:53,.155,.155,.155,.155, 6674
03/12/2020,06:04,.155,.155,.155,.155, 24004
03/12/2020,06:31,.155,.155,.155,.155, 45063
03/13/2020,00:23,.155,.155,.155,.155, 128480
03/13/2020,00:32,.155,.16,.155,.16, 23848
03/13/2020,00:36,.155,.155,.155,.155, 75524
03/13/2020,00:41,.15,.15,.15,.15, 30423
03/13/2020,01:08,.155,.155,.155,.155, 5000
03/13/2020,01:14,.15,.15,.15,.15, 1108
03/13/2020,03:00,.155,.155,.155,.155, 40503
03/13/2020,03:01,.155,.155,.155,.155, 19000
03/13/2020,03:16,.157,.157,.157,.157, 2007
03/13/2020,03:24,.155,.155,.155,.155, 46519
03/13/2020,04:02,.155,.155,.145,.145, 1009782
03/13/2020,04:04,.15,.15,.15,.15, 196186
03/13/2020,04:12,.145,.145,.145,.145, 4008
03/13/2020,04:32,.15,.15,.15,.15, 500000
03/13/2020,04:51,.145,.145,.145,.145, 3000
03/13/2020,06:31,.15,.15,.15,.15, 100000
03/16/2020,00:26,.145,.145,.145,.145, 13775
03/16/2020,00:33,.145,.145,.145,.145, 5245
03/16/2020,00:52,.145,.145,.145,.145, 20000
03/16/2020,01:04,.145,.145,.145,.145, 2000
03/16/2020,02:15,.145,.145,.145,.145, 99264
03/16/2020,02:22,.145,.145,.145,.145, 8219
03/16/2020,02:40,.145,.145,.145,.145, 1
03/16/2020,05:07,.15,.15,.15,.15, 4145
03/16/2020,05:15,.15,.15,.15,.15, 471
03/16/2020,05:18,.15,.15,.15,.15, 573
03/16/2020,05:19,.15,.15,.15,.15, 287
03/16/2020,05:20,.15,.15,.15,.15, 573
03/16/2020,05:21,.15,.15,.15,.15, 286
03/16/2020,05:22,.15,.15,.15,.15, 287
03/16/2020,05:23,.15,.15,.15,.15, 286
03/16/2020,05:24,.15,.15,.15,.15, 573
03/16/2020,05:25,.15,.15,.15,.15, 287
03/16/2020,05:26,.15,.15,.15,.15, 287
03/16/2020,05:27,.15,.15,.15,.15, 573
03/16/2020,05:28,.15,.15,.15,.15, 286
03/16/2020,05:44,.145,.145,.145,.145, 1500
03/16/2020,06:00,.15,.15,.15,.15, 3933
03/16/2020,06:31,.15,.15,.15,.15, 98707
03/17/2020,00:23,.145,.145,.145,.145, 3650
03/17/2020,00:52,.147,.147,.147,.147, 14446
03/17/2020,01:36,.145,.145,.145,.145, 3700
03/17/2020,01:42,.147,.147,.147,.147, 2000
03/17/2020,05:48,.147,.147,.147,.147, 1000
03/17/2020,06:11,.147,.147,.147,.147, 3500
03/18/2020,01:11,.147,.147,.147,.147, 75000
03/18/2020,01:53,.15,.15,.15,.15, 3280
03/18/2020,03:56,.147,.147,.145,.145, 10000
03/18/2020,04:21,.15,.15,.15,.15, 10037
03/18/2020,04:32,.15,.15,.15,.15, 2934
03/18/2020,06:31,.15,.15,.15,.15, 10865
03/19/2020,03:57,.145,.145,.145,.145, 10000
03/20/2020,04:07,.145,.145,.145,.145, 10583
03/20/2020,04:09,.145,.145,.145,.145, 30722
03/20/2020,05:15,.145,.145,.145,.145, 25001
03/20/2020,06:05,.145,.145,.145,.145, 11000
03/20/2020,06:32,.145,.145,.145,.145, 67979
03/23/2020,00:23,.145,.145,.145,.145, 57600
03/23/2020,00:49,.145,.145,.145,.145, 20000
03/23/2020,00:59,.145,.145,.145,.145, 3000
03/23/2020,02:43,.145,.145,.145,.145, 10000
03/23/2020,02:45,.145,.145,.145,.145, 300
03/23/2020,04:09,.145,.145,.145,.145, 30000
03/23/2020,04:43,.145,.145,.145,.145, 250
03/23/2020,06:31,.145,.145,.145,.145, 32000
03/24/2020,00:23,.145,.145,.145,.145, 228286
03/24/2020,00:29,.145,.145,.145,.145, 46893
03/24/2020,01:04,.145,.145,.145,.145, 32260
03/24/2020,02:03,.145,.145,.145,.145, 6896
03/24/2020,02:22,.145,.145,.145,.145, 2271
03/24/2020,03:24,.14,.14,.14,.14, 30303
03/24/2020,03:44,.14,.14,.14,.14, 3000
03/24/2020,04:53,.145,.145,.145,.145, 15650
03/24/2020,04:56,.145,.145,.145,.145, 2536
03/24/2020,05:43,.14,.14,.14,.14, 4860
03/24/2020,06:31,.14,.14,.14,.14, 650
03/25/2020,02:46,.145,.145,.145,.145, 48000
03/25/2020,03:01,.145,.145,.145,.145, 15000
03/25/2020,03:25,.145,.145,.145,.145, 3127
03/25/2020,03:55,.145,.145,.145,.145, 7568
03/25/2020,04:31,.145,.145,.145,.145, 42432
03/25/2020,04:37,.145,.145,.145,.145, 2810
03/25/2020,04:43,.14,.14,.14,.14, 5072
03/25/2020,06:31,.14,.14,.14,.14, 64220
03/26/2020,00:48,.145,.145,.145,.145, 11574
03/26/2020,00:49,.145,.145,.145,.145, 8426
03/26/2020,01:10,.145,.145,.145,.145, 107
03/26/2020,01:59,.15,.15,.15,.15, 1432
03/26/2020,02:11,.15,.15,.15,.15, 2947
03/26/2020,02:39,.15,.15,.15,.15, 3268
03/26/2020,06:31,.15,.15,.15,.15, 8568
03/27/2020,00:23,.14,.14,.14,.14, 1000
03/27/2020,00:52,.14,.14,.14,.14, 77300
03/27/2020,01:15,.14,.14,.14,.14, 5000
03/27/2020,01:22,.15,.15,.15,.15, 3567
03/27/2020,02:02,.145,.145,.145,.145, 950
03/27/2020,05:15,.145,.145,.145,.145, 93
03/27/2020,05:31,.147,.147,.147,.147, 1736
03/27/2020,05:43,.15,.15,.15,.15, 2993
03/27/2020,06:07,.145,.145,.145,.145, 4822
03/27/2020,06:20,.145,.145,.145,.145, 48127
03/30/2020,01:23,.145,.145,.145,.145, 26375
03/30/2020,01:28,.15,.15,.15,.15, 83333
03/30/2020,01:37,.15,.15,.15,.15, 3017
03/30/2020,02:51,.15,.15,.15,.15, 39145
03/30/2020,03:50,.15,.15,.15,.15, 10000
03/30/2020,04:22,.15,.15,.15,.15, 17355
03/30/2020,04:24,.145,.145,.145,.145, 32645
03/30/2020,04:52,.145,.145,.145,.145, 3008
03/30/2020,05:35,.15,.15,.15,.15, 2000
03/30/2020,07:31,.15,.15,.15,.15, 1389
03/31/2020,04:09,.145,.145,.145,.145, 13217
03/31/2020,04:52,.145,.145,.145,.145, 3308
03/31/2020,04:58,.145,.145,.145,.145, 423
03/31/2020,07:31,.15,.15,.15,.15, 44894

