02/17/2020,06:10,655.957,655.957,655.957,655.957, 1
02/17/2020,08:10,655.957,655.957,655.957,655.957, 1
02/17/2020,13:12,655.957,655.957,655.957,655.957, 1
02/18/2020,13:14,655.957,655.957,655.957,655.957, 1
02/19/2020,13:08,655.957,655.957,655.957,655.957, 1
02/20/2020,13:08,655.957,655.957,655.957,655.957, 1
02/21/2020,13:06,655.957,655.957,655.957,655.957, 1
02/24/2020,13:10,655.957,655.957,655.957,655.957, 1
02/25/2020,13:09,655.957,655.957,655.957,655.957, 1
02/26/2020,13:06,655.957,655.957,655.957,655.957, 1
02/28/2020,13:10,655.957,655.957,655.957,655.957, 1

