03/02/2020,00:25,.98,.98,.98,.98, 51011
03/02/2020,00:29,.97,.985,.97,.985, 30908
03/02/2020,00:29,.975,.975,.97,.97, 762
03/02/2020,00:33,.97,.97,.965,.965, 33181
03/02/2020,00:36,.965,.965,.94,.94, 36243
03/02/2020,00:37,.945,.945,.945,.945, 700
03/02/2020,00:38,.94,.94,.915,.94, 15620
03/02/2020,00:42,.945,.945,.945,.945, 343
03/02/2020,00:48,.94,.94,.94,.94, 1182
03/02/2020,00:50,.94,.94,.94,.94, 3872
03/02/2020,00:58,.925,.925,.925,.925, 964
03/02/2020,01:06,.93,.93,.93,.93, 700
03/02/2020,01:08,.925,.925,.925,.925, 656
03/02/2020,01:21,.92,.92,.92,.92, 5000
03/02/2020,01:27,.92,.92,.92,.92, 8000
03/02/2020,01:29,.925,.925,.925,.925, 4000
03/02/2020,01:41,.925,.925,.925,.925, 8000
03/02/2020,01:43,.925,.925,.925,.925, 17
03/02/2020,01:46,.925,.925,.925,.925, 6000
03/02/2020,01:52,.925,.925,.925,.925, 171
03/02/2020,01:56,.93,.93,.93,.93, 2367
03/02/2020,02:05,.93,.93,.93,.93, 700
03/02/2020,02:06,.935,.935,.935,.935, 1500
03/02/2020,02:10,.93,.93,.92,.92, 23189
03/02/2020,02:14,.92,.92,.92,.92, 251
03/02/2020,02:20,.92,.92,.92,.92, 84
03/02/2020,02:23,.92,.92,.92,.92, 13978
03/02/2020,02:24,.915,.915,.88,.88, 48323
03/02/2020,02:26,.875,.88,.875,.875, 9339
03/02/2020,02:26,.885,.9,.885,.9, 50686
03/02/2020,02:29,.92,.92,.92,.92, 17464
03/02/2020,02:32,.92,.92,.92,.92, 5019
03/02/2020,02:40,.915,.915,.915,.915, 13603
03/02/2020,02:50,.91,.91,.91,.91, 806
03/02/2020,02:50,.91,.91,.91,.91, 20127
03/02/2020,02:51,.92,.945,.92,.945, 17379
03/02/2020,02:56,.92,.925,.92,.92, 34644
03/02/2020,03:03,.92,.92,.92,.92, 2173
03/02/2020,03:07,.925,.945,.92,.922, 152321
03/02/2020,03:08,.935,.935,.935,.935, 1643
03/02/2020,03:16,.94,.94,.93,.93, 4723
03/02/2020,03:45,.93,.93,.93,.93, 38
03/02/2020,03:47,.935,.935,.93,.93, 380
03/02/2020,03:48,.935,.94,.935,.935, 1772
03/02/2020,03:53,.94,.945,.94,.945, 4645
03/02/2020,04:00,.95,.95,.95,.95, 9661
03/02/2020,04:21,.95,.95,.95,.95, 146
03/02/2020,04:24,.945,.945,.945,.945, 77
03/02/2020,04:29,.945,.945,.945,.945, 234
03/02/2020,04:36,.945,.945,.945,.945, 560
03/02/2020,04:38,.945,.945,.945,.945, 11
03/02/2020,04:46,.945,.945,.945,.945, 1527
03/02/2020,04:48,.95,.95,.95,.95, 2804
03/02/2020,05:02,.945,.945,.945,.945, 147
03/02/2020,05:07,.947,.95,.94,.94, 24411
03/02/2020,05:32,.945,.945,.945,.945, 451
03/02/2020,05:44,.94,.94,.94,.94, 1409
03/02/2020,05:47,.94,.94,.94,.94, 316
03/02/2020,05:52,.94,.94,.94,.94, 1556
03/02/2020,05:54,.94,.94,.94,.94, 136
03/02/2020,05:57,.94,.94,.94,.94, 149
03/02/2020,06:00,.94,.94,.94,.94, 174
03/02/2020,06:01,.94,.942,.94,.94, 10082
03/02/2020,06:02,.94,.94,.94,.94, 2135
03/02/2020,06:03,.94,.94,.94,.94, 260
03/02/2020,06:05,.94,.94,.94,.94, 419
03/02/2020,06:06,.94,.94,.94,.94, 367
03/02/2020,06:07,.94,.94,.94,.94, 413
03/02/2020,06:08,.94,.94,.94,.94, 162
03/02/2020,06:08,.94,.94,.94,.94, 501
03/02/2020,06:10,.94,.94,.94,.94, 256
03/02/2020,06:11,.94,.94,.94,.94, 211
03/02/2020,06:12,.94,.94,.94,.94, 1813
03/02/2020,06:13,.935,.935,.935,.935, 84
03/02/2020,06:14,.938,.94,.935,.935, 405
03/02/2020,06:15,.935,.935,.935,.935, 533
03/02/2020,06:16,.935,.935,.935,.935, 91
03/02/2020,06:19,.935,.938,.935,.938, 198
03/02/2020,06:20,.94,.95,.94,.94, 10879
03/02/2020,06:31,.94,.94,.94,.94, 3721
03/03/2020,00:25,.96,.96,.96,.96, 6213
03/03/2020,00:27,.98,.98,.98,.98, 155
03/03/2020,00:28,.98,.98,.98,.98, 6532
03/03/2020,00:29,.985,.985,.985,.985, 1132
03/03/2020,00:31,.985,.99,.985,.99, 24421
03/03/2020,00:40,1.01,1.03,1.01,1.03, 44127
03/03/2020,00:41,1.03,1.03,1.025,1.025, 4361
03/03/2020,00:43,1.025,1.025,1.01,1.01, 13808
03/03/2020,00:43,1.005,1.005,1.005,1.005, 1136
03/03/2020,00:45,1,1,1,1, 500
03/03/2020,00:58,.995,.995,.99,.99, 230
03/03/2020,01:05,.985,.985,.98,.985, 17279
03/03/2020,01:06,.985,.985,.985,.985, 2218
03/03/2020,01:20,.985,.995,.985,.995, 10132
03/03/2020,01:27,1.005,1.005,1.005,1.005, 129
03/03/2020,01:30,1,1,1,1, 2000
03/03/2020,01:46,1,1,1,1, 20720
03/03/2020,01:51,1,1,1,1, 2107
03/03/2020,02:07,1,1.01,1,1.01, 2450
03/03/2020,02:15,1.01,1.02,1.01,1.02, 2250
03/03/2020,02:38,1,1,1,1, 2650
03/03/2020,02:41,1,1,1,1, 67
03/03/2020,02:52,1.005,1.005,1.005,1.005, 335
03/03/2020,02:55,1.005,1.005,.99,1.005, 18397
03/03/2020,03:11,.99,.99,.99,.99, 223
03/03/2020,03:17,.99,.99,.945,.945, 31953
03/03/2020,03:17,.955,.955,.955,.955, 437
03/03/2020,03:19,.945,.945,.945,.945, 34
03/03/2020,03:27,.96,.96,.96,.96, 1050
03/03/2020,03:29,.96,.96,.952,.96, 13931
03/03/2020,03:39,.97,.97,.97,.97, 67
03/03/2020,03:46,.97,.97,.97,.97, 20
03/03/2020,03:49,.97,.97,.97,.97, 146
03/03/2020,03:57,.97,.97,.97,.97, 129
03/03/2020,04:01,.975,.98,.975,.98, 719
03/03/2020,04:07,.975,.975,.975,.975, 124
03/03/2020,04:09,.977,.98,.977,.98, 6983
03/03/2020,04:22,.975,.975,.975,.975, 110
03/03/2020,04:26,.977,.98,.977,.98, 2036
03/03/2020,04:37,.98,.98,.98,.98, 99
03/03/2020,04:48,.98,.98,.98,.98, 195
03/03/2020,04:54,.985,.99,.985,.985, 10012
03/03/2020,04:56,.985,.985,.985,.985, 17
03/03/2020,04:57,.985,.985,.985,.985, 20
03/03/2020,04:58,.985,.985,.985,.985, 17
03/03/2020,05:03,.99,.99,.987,.99, 9174
03/03/2020,05:14,.995,.995,.995,.995, 157
03/03/2020,05:16,1,1,1,1, 7300
03/03/2020,05:27,1.005,1.005,1.005,1.005, 743
03/03/2020,05:40,.998,.998,.998,.998, 122
03/03/2020,05:44,.998,1.01,.995,.995, 4015
03/03/2020,06:02,.99,.99,.99,.99, 226
03/03/2020,06:03,.992,.995,.992,.995, 5264
03/03/2020,06:07,.99,.99,.99,.99, 4774
03/03/2020,06:09,.985,.985,.985,.985, 19
03/03/2020,06:09,.98,.98,.98,.98, 859
03/03/2020,06:11,.975,.975,.975,.975, 200
03/03/2020,06:12,.975,.975,.975,.975, 135
03/03/2020,06:13,.98,.98,.975,.975, 314
03/03/2020,06:14,.975,.985,.975,.975, 310
03/03/2020,06:15,.975,.975,.975,.975, 132
03/03/2020,06:16,.975,.975,.97,.97, 310
03/03/2020,06:17,.97,.985,.97,.985, 863
03/03/2020,06:18,.975,.975,.975,.975, 348
03/04/2020,00:25,.98,.98,.98,.98, 6685
03/04/2020,00:25,.98,.98,.98,.98, 8217
03/04/2020,00:30,.98,.98,.965,.965, 103607
03/04/2020,00:44,.965,.965,.965,.965, 10913
03/04/2020,01:21,.96,.96,.96,.96, 1061
03/04/2020,01:33,.965,.965,.965,.965, 10376
03/04/2020,01:35,.965,.965,.965,.965, 2874
03/04/2020,01:41,.97,.97,.97,.97, 5000
03/04/2020,01:57,.97,.97,.97,.97, 1000
03/04/2020,02:17,.965,.965,.96,.96, 6195
03/04/2020,02:21,.96,.96,.96,.96, 469
03/04/2020,02:33,.96,.96,.96,.96, 2772
03/04/2020,02:47,.965,.965,.965,.965, 2477
03/04/2020,02:48,.965,.965,.965,.965, 3940
03/04/2020,02:52,.962,.965,.962,.965, 1000
03/04/2020,03:06,.96,.96,.96,.96, 173
03/04/2020,03:14,.96,.96,.96,.96, 79
03/04/2020,03:19,.962,.962,.962,.962, 15
03/04/2020,03:24,.97,.97,.97,.97, 2647
03/04/2020,03:26,.97,.97,.97,.97, 485
03/04/2020,03:27,.965,.965,.965,.965, 2782
03/04/2020,03:29,.96,.96,.96,.96, 621
03/04/2020,03:36,.957,.96,.957,.96, 1580
03/04/2020,03:39,.957,.97,.957,.97, 3308
03/04/2020,03:52,.967,.97,.967,.97, 9987
03/04/2020,04:12,.965,.965,.965,.965, 105
03/04/2020,04:18,.967,.97,.967,.97, 554
03/04/2020,04:26,.975,.975,.975,.975, 571
03/04/2020,04:36,.972,.975,.972,.975, 662
03/04/2020,04:44,.972,.975,.972,.975, 9552
03/04/2020,05:08,.967,.97,.967,.97, 129
03/04/2020,05:17,.97,.97,.97,.97, 5309
03/04/2020,05:21,.965,.97,.965,.97, 207
03/04/2020,05:29,.96,.96,.96,.96, 174
03/04/2020,05:32,.96,.96,.96,.96, 10153
03/04/2020,05:37,.96,.965,.96,.965, 6421
03/04/2020,05:45,.965,.965,.965,.965, 812
03/04/2020,05:46,.96,.96,.96,.96, 3
03/04/2020,05:51,.96,.96,.96,.96, 4
03/04/2020,05:53,.965,.965,.965,.965, 92
03/04/2020,05:56,.967,.975,.967,.975, 4445
03/04/2020,05:58,.98,.98,.98,.98, 1378
03/04/2020,06:02,.97,.97,.97,.97, 4
03/04/2020,06:06,.975,.975,.975,.975, 3090
03/04/2020,06:06,.97,.97,.97,.97, 285
03/04/2020,06:09,.97,.97,.965,.965, 3782
03/04/2020,06:10,.96,.96,.96,.96, 4
03/04/2020,06:11,.965,.965,.965,.965, 87
03/04/2020,06:13,.965,.965,.965,.965, 231
03/04/2020,06:13,.96,.96,.96,.96, 3
03/04/2020,06:14,.962,.965,.962,.965, 2029
03/04/2020,06:17,.965,.965,.965,.965, 3
03/04/2020,06:18,.97,.97,.965,.965, 2982
03/04/2020,06:18,.96,.965,.96,.96, 336
03/04/2020,06:20,.96,.96,.96,.96, 1
03/04/2020,06:20,.96,.96,.96,.96, 13
03/04/2020,06:31,.97,.97,.97,.97, 213
03/05/2020,00:25,.98,.98,.98,.98, 12329
03/05/2020,00:27,.995,.995,.995,.995, 9532
03/05/2020,00:28,1,1.002,1,1.002, 39733
03/05/2020,00:28,1.015,1.015,1.015,1.015, 4000
03/05/2020,00:29,1.017,1.017,1.017,1.017, 246
03/05/2020,00:31,1.017,1.017,1.015,1.015, 926
03/05/2020,00:31,1.015,1.015,1.005,1.01, 554
03/05/2020,00:39,1.01,1.01,1.01,1.01, 127
03/05/2020,00:41,1.01,1.01,1.005,1.005, 199
03/05/2020,00:42,1,1,1,1, 292
03/05/2020,00:54,1,1,1,1, 125
03/05/2020,00:55,1,1,1,1, 42
03/05/2020,00:56,1,1,1,1, 37
03/05/2020,00:57,1,1,1,1, 73
03/05/2020,00:58,1,1,1,1, 64
03/05/2020,00:58,1,1,1,1, 62
03/05/2020,01:00,1,1,1,1, 86
03/05/2020,01:02,1,1,1,1, 25
03/05/2020,01:03,1,1,1,1, 23
03/05/2020,01:04,1,1,1,1, 22
03/05/2020,01:05,1,1,1,1, 3020
03/05/2020,01:07,1,1,1,1, 152
03/05/2020,01:07,1,1,1,1, 26
03/05/2020,01:09,1,1,1,1, 28
03/05/2020,01:11,1,1,1,1, 51
03/05/2020,01:12,1,1,1,1, 52
03/05/2020,01:12,1,1,1,1, 28
03/05/2020,01:13,1,1,1,1, 50
03/05/2020,01:14,1,1,1,1, 56
03/05/2020,01:15,1,1,1,1, 52
03/05/2020,01:16,1,1,1,1, 95
03/05/2020,01:17,1,1,1,1, 23
03/05/2020,01:18,1,1,1,1, 10000
03/05/2020,01:28,1.01,1.01,1.01,1.01, 23
03/05/2020,01:35,1.01,1.01,1.005,1.005, 323
03/05/2020,01:37,1.005,1.005,1.005,1.005, 3389
03/05/2020,01:39,1.015,1.015,1.015,1.015, 116
03/05/2020,01:41,1.015,1.015,1.015,1.015, 124
03/05/2020,01:42,1.012,1.012,1.005,1.01, 699
03/05/2020,01:53,1.005,1.005,1.005,1.005, 139
03/05/2020,02:06,1.005,1.005,.995,.995, 5048
03/05/2020,02:10,.998,.998,.995,.995, 5141
03/05/2020,02:12,.995,.995,.99,.99, 12982
03/05/2020,02:18,.99,.99,.99,.99, 3936
03/05/2020,02:28,.995,.995,.995,.995, 250
03/05/2020,02:37,.992,.992,.992,.992, 23
03/05/2020,02:37,.992,.992,.992,.992, 37
03/05/2020,02:39,.992,.992,.992,.992, 17
03/05/2020,02:39,.992,.992,.992,.992, 15
03/05/2020,02:40,.992,.992,.992,.992, 17
03/05/2020,02:42,.992,.992,.992,.992, 23
03/05/2020,02:43,.992,.992,.992,.992, 23
03/05/2020,02:45,.992,.992,.992,.992, 25
03/05/2020,02:46,.992,.992,.992,.992, 24
03/05/2020,02:48,.995,.995,.995,.995, 3747
03/05/2020,02:58,.995,.995,.995,.995, 37
03/05/2020,03:02,.99,.99,.99,.99, 79
03/05/2020,03:04,.99,.99,.99,.99, 492
03/05/2020,03:08,.987,.987,.985,.985, 1407
03/05/2020,03:13,.985,.985,.985,.985, 50
03/05/2020,03:15,.985,.985,.985,.985, 24
03/05/2020,03:16,.985,.985,.985,.985, 24
03/05/2020,03:18,.985,.985,.985,.985, 23
03/05/2020,03:19,.985,.985,.985,.985, 23
03/05/2020,03:21,.985,.985,.985,.985, 23
03/05/2020,03:21,.99,.995,.99,.99, 10962
03/05/2020,03:23,.995,.995,.995,.995, 8504
03/05/2020,03:24,.995,.995,.995,.995, 712
03/05/2020,03:45,.99,.99,.99,.99, 121
03/05/2020,03:48,.992,.992,.992,.992, 23
03/05/2020,03:50,.992,.992,.992,.992, 23
03/05/2020,03:52,.992,.992,.992,.992, 24
03/05/2020,03:54,.992,.992,.992,.992, 24
03/05/2020,03:55,.992,.992,.992,.992, 24
03/05/2020,03:57,.992,.992,.992,.992, 24
03/05/2020,03:59,.992,.992,.992,.992, 24
03/05/2020,04:00,.992,.992,.992,.992, 23
03/05/2020,04:02,.992,.992,.992,.992, 23
03/05/2020,04:04,.992,.992,.992,.992, 24
03/05/2020,04:05,.992,.992,.992,.992, 23
03/05/2020,04:07,.992,.992,.992,.992, 23
03/05/2020,04:09,.992,.992,.992,.992, 23
03/05/2020,04:11,.992,.992,.992,.992, 24
03/05/2020,04:12,.992,.992,.992,.992, 24
03/05/2020,04:14,.992,.992,.992,.992, 23
03/05/2020,04:15,.995,.995,.995,.995, 126
03/05/2020,04:23,.992,.992,.992,.992, 34
03/05/2020,04:25,.992,.992,.992,.992, 34
03/05/2020,04:27,.99,.99,.99,.99, 1620
03/05/2020,04:28,.985,.985,.985,.985, 23
03/05/2020,04:30,.985,.985,.985,.985, 24
03/05/2020,04:32,.985,.985,.985,.985, 23
03/05/2020,04:33,.985,.985,.985,.985, 11
03/05/2020,04:35,.98,.98,.98,.98, 10055
03/05/2020,04:39,.972,.975,.972,.975, 111
03/05/2020,04:40,.97,.975,.97,.975, 5770
03/05/2020,04:42,.97,.97,.97,.97, 5000
03/05/2020,04:55,.977,.977,.977,.977, 23
03/05/2020,04:57,.977,.977,.977,.977, 23
03/05/2020,04:58,.977,.977,.977,.977, 23
03/05/2020,05:00,.977,.977,.977,.977, 23
03/05/2020,05:01,.977,.977,.977,.977, 24
03/05/2020,05:04,.977,.977,.977,.977, 23
03/05/2020,05:06,.977,.977,.977,.977, 24
03/05/2020,05:07,.977,.977,.977,.977, 49
03/05/2020,05:09,.977,.977,.977,.977, 20
03/05/2020,05:09,.977,.977,.977,.977, 8
03/05/2020,05:11,.977,.977,.977,.977, 23
03/05/2020,05:12,.977,.977,.977,.977, 18
03/05/2020,05:13,.977,.977,.977,.977, 16
03/05/2020,05:14,.977,.977,.977,.977, 16
03/05/2020,05:15,.977,.977,.977,.977, 16
03/05/2020,05:15,.98,.98,.98,.98, 131
03/05/2020,05:16,.98,.98,.98,.98, 148
03/05/2020,05:18,.98,.98,.98,.98, 135
03/05/2020,05:19,.98,.98,.98,.98, 114
03/05/2020,05:19,.98,.98,.98,.98, 52
03/05/2020,05:23,.98,.98,.975,.98, 983
03/05/2020,05:32,.975,.975,.975,.975, 157
03/05/2020,05:36,.975,.975,.975,.975, 154
03/05/2020,05:39,.977,.98,.977,.98, 201
03/05/2020,05:40,.98,.98,.98,.98, 12
03/05/2020,05:45,.972,.975,.972,.975, 198
03/05/2020,05:49,.977,.977,.975,.975, 52
03/05/2020,05:49,.98,.98,.98,.98, 744
03/05/2020,05:51,.99,.992,.99,.992, 1179
03/05/2020,05:52,.992,.992,.992,.992, 49
03/05/2020,05:53,.992,.992,.992,.992, 32
03/05/2020,05:54,.992,.992,.992,.992, 51
03/05/2020,05:55,.992,.992,.992,.992, 29
03/05/2020,05:56,.992,.992,.985,.985, 4614
03/05/2020,05:57,.975,.975,.975,.975, 47
03/05/2020,05:59,.967,.97,.967,.97, 193
03/05/2020,06:03,.967,.97,.967,.97, 158
03/05/2020,06:04,.98,.98,.98,.98, 850
03/05/2020,06:05,.975,.975,.975,.975, 109
03/05/2020,06:08,.965,.965,.965,.965, 115
03/05/2020,06:10,.965,.965,.965,.965, 88
03/05/2020,06:11,.965,.965,.965,.965, 89
03/05/2020,06:13,.965,.965,.965,.965, 93
03/05/2020,06:14,.965,.965,.965,.965, 98
03/05/2020,06:16,.965,.965,.965,.965, 69
03/05/2020,06:17,.965,.965,.965,.965, 77
03/05/2020,06:18,.965,.98,.965,.965, 921
03/05/2020,06:31,.96,.96,.96,.96, 31
03/06/2020,00:25,.96,.96,.96,.96, 8290
03/06/2020,00:26,.96,.96,.95,.95, 9717
03/06/2020,00:29,.95,.95,.945,.945, 22576
03/06/2020,00:43,.945,.945,.945,.945, 10103
03/06/2020,00:48,.945,.945,.945,.945, 848
03/06/2020,00:57,.95,.95,.95,.95, 1383
03/06/2020,01:44,.945,.945,.945,.945, 2652
03/06/2020,01:45,.945,.945,.94,.94, 4836
03/06/2020,01:46,.935,.94,.935,.94, 11507
03/06/2020,02:31,.94,.94,.935,.935, 7130
03/06/2020,02:53,.94,.945,.94,.945, 4158
03/06/2020,03:35,.94,.94,.94,.94, 2123
03/06/2020,04:25,.94,.94,.94,.94, 5340
03/06/2020,04:42,.94,.94,.94,.94, 6554
03/06/2020,04:45,.94,.94,.94,.94, 7329
03/06/2020,04:52,.95,.95,.95,.95, 6117
03/06/2020,04:55,.95,.96,.95,.96, 7800
03/06/2020,05:38,.95,.95,.95,.95, 1070
03/06/2020,05:53,.95,.95,.95,.95, 678
03/06/2020,05:57,.95,.95,.95,.95, 709
03/06/2020,06:16,.945,.95,.945,.95, 2040
03/09/2020,00:25,.93,.93,.93,.93, 6
03/09/2020,00:27,.93,.93,.915,.915, 39671
03/09/2020,00:28,.91,.91,.91,.91, 1000
03/09/2020,00:34,.91,.91,.905,.905, 16108
03/09/2020,00:35,.9,.9,.9,.9, 1760
03/09/2020,00:37,.897,.9,.897,.9, 5
03/09/2020,00:39,.905,.905,.905,.905, 10
03/09/2020,00:41,.91,.91,.91,.91, 1000
03/09/2020,00:49,.905,.905,.905,.905, 3
03/09/2020,00:57,.9,.9,.897,.9, 21916
03/09/2020,01:02,.9,.9,.9,.9, 2472
03/09/2020,01:05,.895,.895,.895,.895, 8
03/09/2020,01:13,.895,.895,.895,.895, 7
03/09/2020,01:14,.895,.895,.895,.895, 3575
03/09/2020,01:28,.89,.89,.89,.89, 18643
03/09/2020,01:34,.887,.887,.887,.887, 3
03/09/2020,01:35,.887,.89,.887,.89, 8
03/09/2020,01:38,.885,.885,.885,.885, 6
03/09/2020,01:39,.885,.885,.885,.885, 1123
03/09/2020,01:48,.885,.89,.885,.89, 12000
03/09/2020,01:48,.885,.885,.885,.885, 79
03/09/2020,01:53,.89,.895,.89,.895, 1300
03/09/2020,01:57,.89,.89,.89,.89, 13930
03/09/2020,02:22,.89,.89,.89,.89, 13
03/09/2020,02:23,.895,.895,.895,.895, 11124
03/09/2020,02:29,.89,.89,.89,.89, 15118
03/09/2020,02:35,.89,.89,.89,.89, 7
03/09/2020,02:39,.89,.89,.89,.89, 4737
03/09/2020,02:47,.89,.89,.89,.89, 2488
03/09/2020,02:48,.88,.89,.88,.89, 37285
03/09/2020,03:20,.89,.89,.89,.89, 1045
03/09/2020,03:25,.882,.885,.882,.885, 3
03/09/2020,03:30,.88,.88,.88,.88, 13480
03/09/2020,03:32,.88,.88,.88,.88, 3412
03/09/2020,03:34,.875,.875,.875,.875, 7
03/09/2020,03:36,.875,.875,.875,.875, 3000
03/09/2020,03:45,.87,.87,.87,.87, 7
03/09/2020,03:49,.875,.88,.875,.88, 2550
03/09/2020,03:49,.88,.88,.88,.88, 4842
03/09/2020,03:55,.88,.88,.88,.88, 1954
03/09/2020,04:03,.87,.87,.87,.87, 3955
03/09/2020,04:03,.88,.88,.88,.88, 9617
03/09/2020,04:05,.88,.88,.88,.88, 2536
03/09/2020,04:07,.88,.88,.88,.88, 1084
03/09/2020,04:11,.88,.885,.88,.885, 59
03/09/2020,04:17,.89,.89,.89,.89, 420
03/09/2020,04:21,.895,.895,.895,.895, 581
03/09/2020,04:36,.895,.895,.895,.895, 5000
03/09/2020,04:48,.895,.895,.895,.895, 13
03/09/2020,04:58,.895,.895,.895,.895, 11
03/09/2020,05:10,.895,.895,.895,.895, 4101
03/09/2020,05:13,.9,.91,.9,.902, 4389
03/09/2020,05:17,.895,.895,.895,.895, 5200
03/09/2020,05:21,.897,.897,.895,.895, 10202
03/09/2020,05:26,.897,.897,.897,.897, 1000
03/09/2020,05:35,.895,.895,.89,.89, 33286
03/09/2020,05:40,.89,.89,.89,.89, 10312
03/09/2020,05:43,.89,.89,.89,.89, 10
03/09/2020,05:48,.892,.895,.892,.895, 2305
03/09/2020,05:52,.89,.89,.89,.89, 8490
03/09/2020,05:52,.887,.89,.887,.89, 2186
03/09/2020,05:54,.89,.89,.89,.89, 3451
03/09/2020,05:55,.885,.885,.885,.885, 5000
03/09/2020,05:57,.88,.88,.88,.88, 7289
03/09/2020,06:01,.875,.875,.875,.875, 5550
03/09/2020,06:12,.875,.875,.87,.87, 26921
03/09/2020,06:13,.875,.89,.875,.89, 40708
03/09/2020,06:19,.885,.885,.885,.885, 7547
03/09/2020,06:20,.885,.89,.885,.89, 453
03/09/2020,06:31,.87,.87,.87,.87, 23
03/10/2020,00:25,.86,.86,.85,.85, 9176
03/10/2020,00:26,.86,.86,.84,.84, 15500
03/10/2020,00:39,.825,.825,.8,.8, 50000
03/10/2020,00:44,.82,.82,.82,.82, 5000
03/10/2020,00:52,.84,.84,.84,.84, 5000
03/10/2020,00:53,.85,.85,.85,.85, 173
03/10/2020,00:56,.85,.86,.85,.86, 8433
03/10/2020,01:06,.86,.86,.855,.86, 5854
03/10/2020,01:07,.862,.862,.862,.862, 504
03/10/2020,01:15,.86,.86,.86,.86, 5000
03/10/2020,01:17,.86,.86,.86,.86, 16000
03/10/2020,01:19,.86,.86,.85,.85, 73811
03/10/2020,01:30,.855,.855,.855,.855, 22
03/10/2020,01:34,.86,.86,.86,.86, 700
03/10/2020,01:44,.86,.86,.855,.855, 13456
03/10/2020,01:45,.855,.855,.852,.855, 565
03/10/2020,01:51,.852,.852,.85,.852, 37439
03/10/2020,01:52,.85,.85,.835,.835, 4737
03/10/2020,02:05,.83,.83,.83,.83, 5000
03/10/2020,02:19,.83,.835,.83,.835, 5398
03/10/2020,02:21,.83,.83,.805,.805, 23390
03/10/2020,02:27,.84,.84,.84,.84, 2381
03/10/2020,02:30,.84,.85,.84,.85, 8734
03/10/2020,02:31,.85,.87,.85,.87, 671
03/10/2020,02:39,.84,.84,.84,.84, 3000
03/10/2020,02:45,.84,.84,.84,.84, 4400
03/10/2020,02:49,.845,.845,.845,.845, 700
03/10/2020,02:57,.85,.85,.85,.85, 12884
03/10/2020,02:58,.85,.85,.845,.845, 908
03/10/2020,03:04,.85,.85,.85,.85, 2321
03/10/2020,03:08,.85,.85,.85,.85, 1910
03/10/2020,03:10,.85,.85,.85,.85, 10000
03/10/2020,03:23,.85,.852,.85,.852, 6247
03/10/2020,03:26,.852,.852,.852,.852, 1000
03/10/2020,03:30,.852,.852,.85,.85, 1351
03/10/2020,03:32,.85,.85,.85,.85, 4301
03/10/2020,03:36,.85,.85,.85,.85, 2518
03/10/2020,03:49,.85,.85,.85,.85, 3227
03/10/2020,04:01,.845,.845,.84,.84, 10268
03/10/2020,04:38,.845,.845,.845,.845, 1183
03/10/2020,04:44,.84,.84,.84,.84, 10000
03/10/2020,05:05,.84,.85,.84,.85, 23299
03/10/2020,05:13,.845,.845,.845,.845, 5000
03/10/2020,05:15,.85,.85,.85,.85, 1697
03/10/2020,05:42,.85,.85,.85,.85, 6112
03/10/2020,05:47,.85,.85,.85,.85, 4923
03/10/2020,05:50,.85,.852,.85,.852, 5116
03/10/2020,05:58,.85,.85,.85,.85, 9000
03/10/2020,05:59,.852,.852,.852,.852, 212
03/10/2020,06:05,.85,.85,.85,.85, 3132
03/10/2020,06:15,.85,.85,.845,.845, 3967
03/10/2020,06:15,.85,.85,.85,.85, 2915
03/10/2020,06:19,.85,.855,.85,.85, 695
03/10/2020,06:20,.85,.85,.85,.85, 364
03/10/2020,06:31,.845,.845,.845,.845, 20000
03/11/2020,00:25,.87,.87,.87,.87, 29303
03/11/2020,00:28,.875,.875,.87,.87, 50692
03/11/2020,00:29,.865,.875,.865,.87, 10138
03/11/2020,00:33,.85,.85,.85,.85, 3374
03/11/2020,00:41,.855,.855,.855,.855, 600
03/11/2020,00:54,.84,.84,.84,.84, 1000
03/11/2020,01:03,.84,.84,.84,.84, 3374
03/11/2020,01:32,.83,.83,.825,.825, 18119
03/11/2020,01:43,.825,.825,.82,.825, 18372
03/11/2020,02:48,.83,.83,.83,.83, 1048
03/11/2020,03:17,.83,.83,.83,.83, 6586
03/11/2020,03:46,.83,.83,.83,.83, 9300
03/11/2020,03:54,.83,.83,.83,.83, 5000
03/11/2020,04:29,.83,.83,.83,.83, 4854
03/11/2020,04:46,.83,.83,.83,.83, 2420
03/11/2020,05:05,.825,.825,.82,.82, 19798
03/11/2020,05:07,.83,.83,.83,.83, 266
03/11/2020,05:30,.825,.825,.825,.825, 1995
03/11/2020,05:49,.83,.835,.83,.835, 12000
03/11/2020,05:57,.83,.83,.83,.83, 2393
03/11/2020,06:05,.82,.82,.82,.82, 7500
03/12/2020,00:25,.825,.825,.82,.82, 17958
03/12/2020,00:27,.82,.82,.815,.815, 10015
03/12/2020,00:33,.805,.805,.805,.805, 5037
03/12/2020,00:37,.81,.81,.805,.805, 15207
03/12/2020,00:56,.82,.82,.82,.82, 772
03/12/2020,01:01,.825,.825,.825,.825, 832
03/12/2020,01:01,.82,.82,.815,.815, 6119
03/12/2020,01:04,.815,.815,.815,.815, 9507
03/12/2020,01:12,.805,.805,.8,.8, 77110
03/12/2020,01:14,.8,.81,.8,.81, 47784
03/12/2020,01:15,.81,.81,.805,.805, 1855
03/12/2020,01:28,.815,.815,.805,.805, 1985
03/12/2020,01:39,.805,.805,.805,.805, 2045
03/12/2020,01:39,.805,.805,.8,.8, 44133
03/12/2020,01:41,.8,.805,.8,.805, 3396
03/12/2020,01:47,.805,.805,.805,.805, 143
03/12/2020,01:48,.805,.805,.805,.805, 140
03/12/2020,01:49,.805,.805,.805,.805, 140
03/12/2020,01:51,.805,.805,.805,.805, 129
03/12/2020,01:56,.805,.805,.805,.805, 122
03/12/2020,01:58,.805,.805,.805,.805, 500
03/12/2020,01:59,.805,.805,.805,.805, 122
03/12/2020,02:01,.805,.805,.805,.805, 49
03/12/2020,02:01,.805,.805,.805,.805, 105
03/12/2020,02:03,.805,.805,.805,.805, 93
03/12/2020,02:06,.805,.805,.805,.805, 118
03/12/2020,02:07,.805,.805,.805,.805, 121
03/12/2020,02:08,.805,.805,.8,.8, 5853
03/12/2020,02:10,.8,.8,.8,.8, 2224
03/12/2020,02:16,.8,.8,.8,.8, 90
03/12/2020,02:17,.8,.8,.8,.8, 1073
03/12/2020,02:18,.8,.8,.8,.8, 169
03/12/2020,02:19,.8,.8,.8,.8, 91
03/12/2020,02:20,.8,.8,.8,.8, 4338
03/12/2020,02:21,.8,.8,.8,.8, 3003
03/12/2020,02:22,.8,.8,.8,.8, 858
03/12/2020,02:23,.8,.8,.8,.8, 176
03/12/2020,02:24,.8,.8,.8,.8, 4190
03/12/2020,02:25,.8,.8,.8,.8, 92
03/12/2020,02:26,.8,.8,.8,.8, 173
03/12/2020,02:26,.8,.8,.8,.8, 82
03/12/2020,02:28,.8,.8,.8,.8, 2438
03/12/2020,02:29,.8,.8,.8,.8, 64
03/12/2020,02:30,.8,.8,.8,.8, 124
03/12/2020,02:30,.8,.8,.8,.8, 64
03/12/2020,02:32,.8,.8,.8,.8, 63
03/12/2020,02:33,.8,.8,.8,.8, 168
03/12/2020,02:34,.8,.8,.8,.8, 62
03/12/2020,02:35,.802,.805,.802,.805, 810
03/12/2020,02:45,.805,.805,.805,.805, 1684
03/12/2020,02:45,.8,.8,.8,.8, 2969
03/12/2020,02:46,.8,.8,.8,.8, 646
03/12/2020,02:51,.795,.795,.795,.795, 19288
03/12/2020,02:59,.795,.795,.795,.795, 223
03/12/2020,03:07,.79,.79,.79,.79, 228
03/12/2020,03:08,.79,.79,.79,.79, 224
03/12/2020,03:09,.79,.79,.79,.79, 878
03/12/2020,03:13,.785,.785,.785,.785, 242
03/12/2020,03:18,.785,.785,.782,.785, 1151
03/12/2020,03:18,.785,.785,.785,.785, 552
03/12/2020,03:20,.79,.79,.79,.79, 2463
03/12/2020,03:29,.782,.785,.782,.785, 602
03/12/2020,03:32,.785,.785,.785,.785, 677
03/12/2020,03:43,.79,.8,.79,.8, 7435
03/12/2020,03:46,.8,.8,.8,.8, 2565
03/12/2020,03:54,.8,.8,.8,.8, 4100
03/12/2020,04:15,.785,.785,.775,.775, 119597
03/12/2020,04:16,.775,.775,.775,.775, 363
03/12/2020,04:20,.775,.775,.775,.775, 876
03/12/2020,04:23,.772,.775,.772,.775, 1522
03/12/2020,04:24,.775,.775,.775,.775, 113
03/12/2020,04:25,.775,.775,.775,.775, 52
03/12/2020,04:35,.78,.79,.78,.78, 5045
03/12/2020,04:58,.775,.775,.775,.775, 292
03/12/2020,04:59,.777,.78,.777,.78, 683
03/12/2020,05:02,.78,.78,.78,.78, 1988
03/12/2020,05:04,.78,.78,.775,.775, 3508
03/12/2020,05:06,.775,.775,.77,.77, 3880
03/12/2020,05:18,.77,.77,.76,.76, 97419
03/12/2020,05:26,.76,.765,.76,.76, 10607
03/12/2020,05:29,.76,.765,.76,.76, 2134
03/12/2020,05:30,.76,.77,.76,.77, 5437
03/12/2020,05:30,.77,.77,.765,.765, 2507
03/12/2020,05:34,.76,.76,.76,.76, 700
03/12/2020,05:44,.76,.765,.76,.765, 7084
03/12/2020,05:46,.77,.78,.77,.78, 928
03/12/2020,05:48,.78,.78,.78,.78, 3079
03/12/2020,05:50,.78,.79,.775,.775, 2800
03/12/2020,05:50,.78,.78,.78,.78, 480
03/12/2020,05:52,.78,.78,.755,.755, 532
03/12/2020,05:53,.78,.78,.78,.78, 3443
03/12/2020,05:55,.78,.78,.78,.78, 1145
03/12/2020,05:57,.78,.78,.78,.78, 631
03/12/2020,06:00,.78,.78,.78,.78, 787
03/12/2020,06:02,.765,.765,.765,.765, 726
03/12/2020,06:05,.762,.762,.762,.762, 669
03/12/2020,06:08,.76,.76,.76,.76, 843
03/12/2020,06:11,.76,.76,.76,.76, 239
03/12/2020,06:11,.76,.76,.76,.76, 3080
03/12/2020,06:13,.76,.76,.76,.76, 240
03/12/2020,06:13,.765,.765,.765,.765, 1520
03/12/2020,06:15,.76,.76,.755,.755, 15443
03/12/2020,06:16,.76,.76,.755,.755, 1157
03/12/2020,06:17,.75,.755,.75,.755, 1067
03/12/2020,06:19,.75,.75,.75,.75, 288
03/12/2020,06:20,.75,.755,.75,.755, 864
03/12/2020,06:20,.755,.755,.755,.755, 1213
03/12/2020,06:31,.765,.765,.765,.765, 23473
03/13/2020,00:25,.74,.74,.74,.74, 38295
03/13/2020,00:26,.725,.725,.725,.725, 1713
03/13/2020,00:33,.71,.71,.7,.7, 11059
03/13/2020,00:44,.685,.685,.68,.68, 10150
03/13/2020,00:52,.73,.74,.73,.74, 15000
03/13/2020,00:56,.72,.72,.72,.72, 819
03/13/2020,01:00,.72,.735,.715,.735, 15065
03/13/2020,01:01,.725,.725,.68,.68, 18988
03/13/2020,01:21,.695,.695,.69,.69, 6500
03/13/2020,01:56,.715,.715,.69,.69, 21768
03/13/2020,02:07,.705,.705,.705,.705, 711
03/13/2020,02:16,.72,.72,.72,.72, 11907
03/13/2020,02:18,.735,.74,.735,.74, 2093
03/13/2020,02:35,.73,.73,.73,.73, 1994
03/13/2020,02:50,.73,.73,.73,.73, 1815
03/13/2020,02:55,.73,.73,.73,.73, 123
03/13/2020,02:58,.73,.73,.73,.73, 3285
03/13/2020,03:05,.73,.73,.725,.725, 3103
03/13/2020,03:25,.71,.71,.695,.705, 18500
03/13/2020,03:34,.7,.7,.695,.695, 1500
03/13/2020,03:41,.695,.695,.695,.695, 2747
03/13/2020,04:17,.725,.725,.725,.725, 2000
03/13/2020,04:30,.715,.715,.7,.7, 7782
03/13/2020,04:32,.72,.73,.72,.73, 6613
03/13/2020,04:43,.715,.715,.71,.71, 1791
03/13/2020,04:47,.71,.71,.69,.69, 96218
03/13/2020,04:54,.715,.725,.715,.725, 3482
03/13/2020,04:57,.72,.72,.72,.72, 1632
03/13/2020,04:58,.705,.705,.705,.705, 5826
03/13/2020,05:09,.705,.705,.69,.69, 67982
03/13/2020,05:22,.72,.72,.72,.72, 1626
03/13/2020,05:24,.72,.72,.72,.72, 2000
03/13/2020,05:26,.725,.73,.725,.725, 8016
03/13/2020,05:36,.73,.73,.73,.73, 8000
03/13/2020,05:41,.74,.74,.74,.74, 23651
03/13/2020,05:46,.745,.745,.745,.745, 5827
03/13/2020,05:51,.75,.75,.75,.75, 1000
03/13/2020,06:06,.745,.745,.74,.74, 1362
03/13/2020,06:07,.745,.745,.745,.745, 700
03/13/2020,06:12,.745,.75,.745,.75, 5705
03/13/2020,06:12,.755,.76,.75,.75, 26162
03/16/2020,00:25,.76,.76,.76,.76, 5685
03/16/2020,00:27,.76,.76,.75,.75, 13859
03/16/2020,00:29,.75,.75,.75,.75, 47011
03/16/2020,00:30,.74,.74,.74,.74, 4054
03/16/2020,00:51,.735,.74,.735,.74, 18797
03/16/2020,00:52,.74,.74,.74,.74, 3520
03/16/2020,00:53,.735,.735,.7,.7, 37400
03/16/2020,01:02,.725,.725,.72,.72, 5638
03/16/2020,01:11,.72,.72,.72,.72, 3400
03/16/2020,01:12,.72,.72,.72,.72, 2780
03/16/2020,01:15,.73,.73,.73,.73, 35000
03/16/2020,01:48,.735,.735,.735,.735, 800
03/16/2020,02:07,.72,.72,.715,.715, 1000
03/16/2020,02:15,.715,.715,.71,.71, 2146
03/16/2020,02:32,.71,.71,.71,.71, 5680
03/16/2020,02:55,.725,.725,.725,.725, 700
03/16/2020,02:59,.727,.73,.727,.73, 5904
03/16/2020,03:06,.74,.74,.74,.74, 2149
03/16/2020,03:10,.74,.74,.74,.74, 1108
03/16/2020,03:22,.73,.73,.73,.73, 11275
03/16/2020,03:41,.725,.725,.725,.725, 2302
03/16/2020,04:41,.725,.725,.725,.725, 700
03/16/2020,04:45,.725,.73,.725,.73, 4730
03/16/2020,04:46,.73,.73,.73,.73, 1178
03/16/2020,04:56,.73,.73,.73,.73, 5055
03/16/2020,05:26,.73,.73,.73,.73, 4000
03/16/2020,05:41,.73,.73,.73,.73, 5285
03/16/2020,05:58,.73,.73,.73,.73, 2462
03/16/2020,06:04,.73,.73,.73,.73, 3935
03/16/2020,06:15,.73,.73,.73,.73, 3461
03/16/2020,06:16,.73,.73,.73,.73, 1851
03/16/2020,06:17,.73,.73,.73,.73, 4149
03/16/2020,06:20,.735,.735,.735,.735, 7000
03/16/2020,06:31,.73,.73,.73,.73, 14000
03/17/2020,00:25,.72,.72,.72,.72, 30000
03/17/2020,00:32,.715,.73,.715,.73, 30925
03/17/2020,00:37,.73,.73,.73,.73, 18100
03/17/2020,00:39,.74,.74,.74,.74, 8088
03/17/2020,00:41,.725,.725,.725,.725, 4524
03/17/2020,00:42,.74,.74,.74,.74, 10600
03/17/2020,00:45,.75,.76,.75,.76, 12718
03/17/2020,00:47,.765,.765,.765,.765, 2155
03/17/2020,00:49,.765,.765,.765,.765, 5000
03/17/2020,00:53,.75,.75,.75,.75, 28338
03/17/2020,01:00,.74,.745,.74,.745, 3000
03/17/2020,01:04,.74,.74,.74,.74, 1000
03/17/2020,01:13,.73,.735,.73,.735, 5649
03/17/2020,01:19,.735,.735,.735,.735, 4351
03/17/2020,01:25,.73,.73,.73,.73, 6121
03/17/2020,01:26,.725,.725,.725,.725, 715
03/17/2020,01:35,.73,.73,.73,.73, 6200
03/17/2020,01:56,.73,.735,.73,.735, 7398
03/17/2020,02:03,.735,.74,.735,.74, 1976
03/17/2020,02:04,.74,.74,.74,.74, 2543
03/17/2020,02:17,.75,.75,.75,.75, 4100
03/17/2020,02:17,.755,.755,.755,.755, 1000
03/17/2020,02:24,.76,.76,.76,.76, 512
03/17/2020,02:29,.76,.76,.76,.76, 5537
03/17/2020,02:35,.76,.76,.76,.76, 869
03/17/2020,02:47,.757,.757,.757,.757, 1
03/17/2020,02:49,.755,.775,.755,.775, 17069
03/17/2020,02:54,.775,.79,.775,.79, 27422
03/17/2020,03:02,.795,.795,.795,.795, 1827
03/17/2020,03:03,.78,.78,.78,.78, 14717
03/17/2020,03:25,.78,.78,.77,.77, 2
03/17/2020,03:26,.78,.795,.78,.795, 13000
03/17/2020,03:41,.78,.78,.78,.78, 6301
03/17/2020,04:00,.765,.765,.765,.765, 49
03/17/2020,04:07,.77,.77,.77,.77, 1
03/17/2020,04:09,.755,.755,.75,.75, 7656
03/17/2020,04:34,.76,.76,.76,.76, 1
03/17/2020,04:39,.755,.755,.75,.75, 4500
03/17/2020,04:40,.75,.75,.75,.75, 5597
03/17/2020,05:00,.75,.75,.75,.75, 1
03/17/2020,05:04,.75,.75,.75,.75, 49
03/17/2020,05:06,.75,.75,.75,.75, 1
03/17/2020,05:07,.745,.745,.745,.745, 2269
03/17/2020,05:13,.74,.74,.74,.74, 4000
03/17/2020,05:20,.74,.745,.74,.745, 1543
03/17/2020,05:23,.745,.745,.745,.745, 1
03/17/2020,05:26,.745,.745,.745,.745, 49
03/17/2020,05:34,.74,.75,.74,.75, 13911
03/17/2020,05:41,.75,.75,.75,.75, 7439
03/17/2020,05:46,.745,.745,.74,.74, 4361
03/17/2020,05:47,.74,.74,.74,.74, 1251
03/17/2020,06:04,.74,.74,.74,.74, 1
03/17/2020,06:09,.74,.74,.74,.74, 4
03/17/2020,06:09,.74,.74,.74,.74, 2
03/17/2020,06:11,.74,.74,.74,.74, 5
03/17/2020,06:12,.74,.74,.735,.735, 4362
03/17/2020,06:13,.75,.75,.75,.75, 1
03/17/2020,06:13,.75,.75,.75,.75, 1
03/17/2020,06:14,.755,.755,.755,.755, 4
03/17/2020,06:16,.755,.755,.745,.755, 1007
03/17/2020,06:17,.755,.755,.755,.755, 4
03/17/2020,06:18,.755,.755,.755,.755, 2
03/17/2020,06:19,.755,.79,.755,.79, 6154
03/17/2020,06:19,.79,.79,.79,.79, 5
03/17/2020,06:31,.75,.75,.75,.75, 6596
03/18/2020,00:26,.76,.76,.76,.76, 2000
03/18/2020,00:32,.755,.755,.75,.75, 6985
03/18/2020,00:37,.75,.75,.75,.75, 30000
03/18/2020,00:39,.745,.745,.745,.745, 4000
03/18/2020,00:42,.74,.74,.74,.74, 4000
03/18/2020,00:45,.73,.73,.73,.73, 19000
03/18/2020,00:48,.74,.74,.74,.74, 14500
03/18/2020,01:06,.71,.71,.71,.71, 3500
03/18/2020,01:08,.715,.715,.715,.715, 77
03/18/2020,01:08,.72,.72,.72,.72, 77
03/18/2020,01:10,.72,.72,.72,.72, 2488
03/18/2020,01:22,.72,.725,.72,.725, 1000
03/18/2020,01:24,.71,.71,.71,.71, 11614
03/18/2020,01:25,.725,.725,.725,.725, 1589
03/18/2020,01:29,.725,.725,.725,.725, 2311
03/18/2020,01:41,.745,.745,.745,.745, 5000
03/18/2020,01:42,.725,.725,.725,.725, 3000
03/18/2020,01:44,.725,.725,.725,.725, 5957
03/18/2020,02:14,.705,.705,.705,.705, 21282
03/18/2020,02:42,.705,.705,.705,.705, 2022
03/18/2020,02:43,.7,.7,.7,.7, 11233
03/18/2020,02:51,.7,.7,.7,.7, 5044
03/18/2020,02:59,.7,.7,.7,.7, 2157
03/18/2020,03:03,.7,.7,.7,.7, 4889
03/18/2020,03:05,.695,.695,.695,.695, 8822
03/18/2020,03:10,.697,.705,.697,.705, 13086
03/18/2020,03:35,.71,.71,.71,.71, 1414
03/18/2020,03:38,.71,.71,.71,.71, 700
03/18/2020,03:48,.7,.7,.7,.7, 192
03/18/2020,03:59,.7,.7,.7,.7, 3000
03/18/2020,03:59,.7,.7,.7,.7, 49
03/18/2020,04:06,.7,.7,.7,.7, 500
03/18/2020,04:17,.7,.7,.7,.7, 22446
03/18/2020,04:20,.7,.7,.7,.7, 5228
03/18/2020,04:40,.705,.705,.705,.705, 30
03/18/2020,04:52,.7,.7,.7,.7, 16551
03/18/2020,04:55,.7,.7,.7,.7, 20363
03/18/2020,05:02,.7,.7,.7,.7, 3761
03/18/2020,05:18,.7,.7,.7,.7, 5270
03/18/2020,05:33,.7,.7,.7,.7, 5000
03/18/2020,05:42,.7,.705,.7,.705, 2877
03/18/2020,05:49,.7,.7,.7,.7, 5270
03/18/2020,05:50,.7,.7,.7,.7, 4
03/18/2020,05:53,.7,.7,.7,.7, 36
03/18/2020,05:55,.7,.7,.7,.7, 3
03/18/2020,05:58,.7,.7,.7,.7, 5
03/18/2020,06:01,.7,.7,.7,.7, 6
03/18/2020,06:03,.7,.7,.7,.7, 5
03/18/2020,06:03,.7,.7,.7,.7, 788
03/18/2020,06:05,.7,.7,.7,.7, 5
03/18/2020,06:08,.7,.7,.7,.7, 9
03/18/2020,06:10,.7,.7,.7,.7, 2681
03/18/2020,06:11,.705,.705,.705,.705, 15000
03/18/2020,06:12,.705,.705,.705,.705, 2440
03/18/2020,06:14,.7,.7,.7,.7, 7
03/18/2020,06:17,.7,.71,.7,.71, 2032
03/18/2020,06:18,.71,.71,.71,.71, 4
03/18/2020,06:18,.7,.7,.7,.7, 4628
03/18/2020,06:20,.71,.71,.71,.71, 10
03/18/2020,06:31,.71,.71,.71,.71, 864
03/19/2020,00:28,.71,.71,.71,.71, 4076
03/19/2020,00:53,.7,.7,.7,.7, 3000
03/19/2020,01:01,.7,.7,.7,.7, 2286
03/19/2020,01:02,.69,.69,.68,.68, 20458
03/19/2020,01:24,.69,.69,.69,.69, 21323
03/19/2020,01:30,.69,.69,.69,.69, 5080
03/19/2020,01:38,.69,.69,.69,.69, 6477
03/19/2020,01:39,.69,.69,.69,.69, 3885
03/19/2020,01:45,.68,.68,.68,.68, 16255
03/19/2020,02:03,.68,.68,.68,.68, 4826
03/19/2020,02:07,.68,.68,.68,.68, 1574
03/19/2020,03:07,.68,.68,.68,.68, 30473
03/19/2020,03:11,.675,.675,.675,.675, 12500
03/19/2020,03:17,.675,.675,.675,.675, 3066
03/19/2020,03:25,.672,.675,.672,.675, 10000
03/19/2020,03:36,.675,.675,.675,.675, 2000
03/19/2020,03:39,.67,.67,.67,.67, 4775
03/19/2020,04:18,.67,.67,.67,.67, 29988
03/19/2020,04:24,.665,.665,.665,.665, 9522
03/19/2020,04:24,.665,.665,.665,.665, 583
03/19/2020,04:51,.66,.66,.655,.655, 24368
03/19/2020,05:05,.655,.655,.655,.655, 4553
03/19/2020,05:07,.655,.655,.655,.655, 5616
03/19/2020,05:28,.655,.655,.655,.655, 740
03/19/2020,05:32,.655,.655,.655,.655, 3260
03/19/2020,05:35,.655,.655,.655,.655, 9425
03/19/2020,05:38,.655,.655,.655,.655, 1875
03/19/2020,05:38,.655,.655,.655,.655, 5440
03/19/2020,05:43,.65,.65,.65,.65, 7000
03/19/2020,05:46,.66,.66,.66,.66, 1000
03/19/2020,05:49,.65,.65,.65,.65, 2500
03/19/2020,05:50,.65,.65,.64,.64, 99981
03/19/2020,05:57,.64,.64,.64,.64, 2820
03/19/2020,06:01,.635,.635,.635,.635, 1500
03/19/2020,06:05,.635,.635,.635,.635, 18500
03/19/2020,06:12,.635,.635,.635,.635, 10000
03/19/2020,06:17,.63,.63,.625,.625, 10748
03/19/2020,06:20,.625,.625,.625,.625, 420
03/19/2020,06:32,.63,.63,.63,.63, 4904
03/20/2020,00:25,.65,.65,.65,.65, 76020
03/20/2020,00:27,.66,.66,.66,.66, 1450
03/20/2020,00:28,.66,.66,.66,.66, 7724
03/20/2020,00:30,.66,.66,.66,.66, 2875
03/20/2020,00:31,.66,.66,.66,.66, 7355
03/20/2020,00:33,.66,.66,.66,.66, 2461
03/20/2020,00:34,.66,.66,.66,.66, 6932
03/20/2020,00:36,.655,.66,.655,.66, 78695
03/20/2020,00:39,.665,.665,.665,.665, 6468
03/20/2020,00:41,.67,.695,.67,.695, 10000
03/20/2020,00:46,.66,.66,.655,.655, 13713
03/20/2020,00:46,.65,.65,.65,.65, 1000
03/20/2020,00:48,.65,.65,.645,.645, 1500
03/20/2020,00:49,.645,.645,.63,.63, 16500
03/20/2020,01:03,.63,.63,.63,.63, 10081
03/20/2020,01:29,.64,.64,.64,.64, 9783
03/20/2020,01:45,.64,.64,.64,.64, 4638
03/20/2020,01:47,.635,.64,.635,.64, 9581
03/20/2020,01:50,.635,.635,.635,.635, 3319
03/20/2020,01:52,.635,.635,.635,.635, 1134
03/20/2020,01:54,.635,.635,.635,.635, 2402
03/20/2020,01:55,.635,.635,.635,.635, 7997
03/20/2020,01:57,.635,.635,.635,.635, 3078
03/20/2020,01:59,.635,.635,.635,.635, 2853
03/20/2020,02:01,.635,.635,.635,.635, 2661
03/20/2020,02:05,.635,.635,.635,.635, 1281
03/20/2020,02:06,.635,.635,.635,.635, 1227
03/20/2020,02:07,.635,.635,.635,.635, 2369
03/20/2020,02:09,.63,.635,.63,.635, 2126
03/20/2020,02:14,.63,.63,.63,.63, 8163
03/20/2020,02:14,.63,.63,.63,.63, 1275
03/20/2020,02:16,.63,.63,.63,.63, 2722
03/20/2020,02:17,.63,.63,.63,.63, 1276
03/20/2020,02:18,.63,.63,.63,.63, 1320
03/20/2020,02:18,.63,.63,.63,.63, 5172
03/20/2020,02:19,.625,.625,.625,.625, 19346
03/20/2020,02:24,.625,.625,.625,.625, 30654
03/20/2020,02:25,.62,.62,.62,.62, 5000
03/20/2020,02:36,.625,.625,.625,.625, 5011
03/20/2020,02:38,.63,.635,.63,.635, 3563
03/20/2020,02:39,.635,.635,.635,.635, 1645
03/20/2020,02:43,.635,.64,.635,.64, 17255
03/20/2020,02:49,.645,.665,.645,.66, 41108
03/20/2020,02:51,.66,.66,.66,.66, 1177
03/20/2020,02:52,.66,.66,.645,.645, 63390
03/20/2020,03:06,.635,.635,.635,.635, 12644
03/20/2020,03:11,.635,.64,.635,.635, 13400
03/20/2020,03:49,.64,.64,.64,.64, 4878
03/20/2020,03:54,.64,.65,.64,.64, 37064
03/20/2020,03:55,.64,.64,.64,.64, 6357
03/20/2020,04:00,.635,.635,.635,.635, 15319
03/20/2020,04:01,.63,.63,.63,.63, 10000
03/20/2020,04:06,.625,.625,.625,.625, 56000
03/20/2020,04:06,.625,.625,.62,.62, 666
03/20/2020,04:12,.625,.625,.615,.615, 46236
03/20/2020,04:13,.615,.615,.615,.615, 3518
03/20/2020,04:15,.615,.615,.615,.615, 10000
03/20/2020,04:44,.615,.615,.61,.61, 5000
03/20/2020,04:45,.61,.61,.61,.61, 21922
03/20/2020,04:48,.61,.61,.61,.61, 10413
03/20/2020,04:52,.605,.615,.605,.615, 7448
03/20/2020,04:55,.6,.6,.6,.6, 41727
03/20/2020,04:57,.605,.605,.605,.605, 1400
03/20/2020,05:19,.61,.61,.58,.58, 3335
03/20/2020,05:40,.61,.61,.61,.61, 36
03/20/2020,05:50,.605,.605,.605,.605, 1290
03/20/2020,06:00,.6,.6,.6,.6, 10067
03/20/2020,06:06,.6,.6,.6,.6, 1665
03/20/2020,06:09,.6,.605,.6,.605, 8900
03/20/2020,06:10,.605,.605,.605,.605, 901
03/20/2020,06:11,.61,.61,.61,.61, 22
03/20/2020,06:12,.61,.61,.61,.61, 24
03/20/2020,06:13,.61,.61,.61,.61, 26
03/20/2020,06:15,.61,.615,.61,.615, 11360
03/20/2020,06:16,.61,.61,.61,.61, 10762
03/20/2020,06:20,.61,.61,.61,.61, 65
03/20/2020,06:32,.62,.62,.62,.62, 24053
03/23/2020,00:25,.57,.57,.57,.57, 10848
03/23/2020,00:26,.56,.56,.56,.56, 4909
03/23/2020,00:28,.56,.56,.56,.56, 15091
03/23/2020,00:30,.55,.55,.54,.54, 49618
03/23/2020,00:31,.52,.52,.52,.52, 220
03/23/2020,00:33,.52,.52,.52,.52, 230
03/23/2020,00:34,.525,.525,.52,.52, 2969
03/23/2020,00:35,.525,.525,.52,.52, 12050
03/23/2020,00:51,.545,.545,.545,.545, 4000
03/23/2020,01:02,.53,.53,.53,.53, 4000
03/23/2020,01:32,.555,.57,.555,.57, 10000
03/23/2020,01:38,.555,.555,.555,.555, 1901
03/23/2020,01:39,.565,.565,.565,.565, 916
03/23/2020,02:06,.545,.545,.535,.535, 1366
03/23/2020,02:09,.535,.535,.535,.535, 362
03/23/2020,02:11,.535,.535,.535,.535, 244
03/23/2020,02:12,.535,.535,.535,.535, 895
03/23/2020,02:13,.535,.535,.535,.535, 2212
03/23/2020,02:14,.53,.53,.53,.53, 1836
03/23/2020,02:15,.53,.535,.53,.53, 2529
03/23/2020,02:21,.53,.54,.53,.54, 1459
03/23/2020,02:22,.535,.535,.53,.53, 7688
03/23/2020,02:23,.53,.53,.525,.525, 7185
03/23/2020,02:24,.525,.525,.52,.52, 8028
03/23/2020,02:44,.525,.525,.525,.525, 9009
03/23/2020,02:46,.525,.525,.52,.52, 30000
03/23/2020,02:47,.525,.525,.52,.52, 20000
03/23/2020,03:16,.54,.55,.54,.55, 4146
03/23/2020,03:17,.56,.57,.56,.57, 3000
03/23/2020,03:49,.55,.58,.545,.545, 11106
03/23/2020,03:59,.545,.545,.545,.545, 2
03/23/2020,04:25,.56,.56,.56,.56, 1346
03/23/2020,04:51,.555,.555,.555,.555, 13913
03/23/2020,04:53,.555,.555,.555,.555, 10000
03/23/2020,05:25,.55,.55,.55,.55, 2000
03/23/2020,05:27,.55,.55,.55,.55, 158
03/23/2020,05:31,.56,.56,.56,.56, 2139
03/23/2020,05:34,.55,.55,.54,.54, 9859
03/23/2020,05:35,.54,.54,.525,.525, 15141
03/23/2020,06:05,.56,.56,.56,.56, 3000
03/23/2020,06:10,.56,.56,.56,.56, 2746
03/23/2020,06:12,.57,.57,.57,.57, 1377
03/23/2020,06:16,.54,.54,.54,.54, 6035
03/24/2020,00:25,.54,.54,.54,.54, 15000
03/24/2020,00:29,.54,.54,.54,.54, 6608
03/24/2020,00:32,.55,.55,.55,.55, 6740
03/24/2020,00:37,.53,.545,.53,.545, 11922
03/24/2020,00:38,.54,.54,.54,.54, 4000
03/24/2020,00:40,.55,.55,.55,.55, 232
03/24/2020,00:43,.545,.545,.545,.545, 1344
03/24/2020,00:46,.545,.545,.545,.545, 1261
03/24/2020,00:48,.545,.545,.545,.545, 1393
03/24/2020,00:51,.545,.545,.545,.545, 1009
03/24/2020,00:53,.54,.54,.54,.54, 1364
03/24/2020,00:56,.54,.54,.54,.54, 1405
03/24/2020,00:59,.54,.54,.54,.54, 1412
03/24/2020,01:02,.54,.54,.54,.54, 1303
03/24/2020,01:05,.54,.54,.54,.54, 1193
03/24/2020,01:08,.54,.54,.54,.54, 1319
03/24/2020,01:11,.54,.54,.54,.54, 1258
03/24/2020,01:14,.54,.54,.54,.54, 1302
03/24/2020,01:17,.54,.54,.54,.54, 1313
03/24/2020,01:22,.54,.54,.54,.54, 1299
03/24/2020,01:25,.555,.57,.555,.57, 20000
03/24/2020,01:27,.56,.57,.56,.57, 2000
03/24/2020,01:39,.55,.55,.55,.55, 731
03/24/2020,01:41,.54,.54,.54,.54, 1323
03/24/2020,01:45,.54,.54,.54,.54, 1188
03/24/2020,01:48,.54,.54,.54,.54, 1204
03/24/2020,01:51,.54,.54,.54,.54, 1402
03/24/2020,02:06,.535,.535,.535,.535, 1304
03/24/2020,02:10,.535,.535,.535,.535, 1209
03/24/2020,02:14,.535,.535,.535,.535, 1307
03/24/2020,02:18,.535,.535,.535,.535, 1233
03/24/2020,02:29,.535,.535,.535,.535, 645
03/24/2020,02:30,.535,.535,.535,.535, 9000
03/24/2020,02:33,.535,.535,.535,.535, 1215
03/24/2020,02:37,.535,.54,.535,.54, 2502
03/24/2020,02:45,.535,.54,.535,.54, 2582
03/24/2020,02:53,.535,.535,.535,.535, 1324
03/24/2020,02:58,.535,.535,.535,.535, 1376
03/24/2020,03:03,.535,.535,.535,.535, 1183
03/24/2020,03:07,.535,.535,.535,.535, 1422
03/24/2020,03:12,.535,.535,.535,.535, 1359
03/24/2020,03:18,.535,.535,.535,.535, 1309
03/24/2020,03:23,.535,.535,.535,.535, 1342
03/24/2020,03:28,.535,.535,.535,.535, 1404
03/24/2020,03:34,.54,.54,.54,.54, 1357
03/24/2020,03:39,.54,.54,.54,.54, 1344
03/24/2020,03:43,.54,.54,.54,.54, 9872
03/24/2020,03:45,.535,.535,.535,.535, 1057
03/24/2020,03:50,.53,.53,.53,.53, 1347
03/24/2020,03:55,.54,.555,.54,.555, 16215
03/24/2020,04:09,.56,.575,.56,.565, 6240
03/24/2020,04:18,.565,.565,.565,.565, 1242
03/24/2020,04:26,.57,.575,.57,.575, 2867
03/24/2020,04:30,.585,.595,.585,.595, 1605
03/24/2020,04:57,.57,.57,.57,.57, 1231
03/24/2020,05:05,.57,.575,.565,.565, 4312
03/24/2020,05:18,.555,.555,.55,.55, 4222
03/24/2020,05:24,.55,.55,.55,.55, 1305
03/24/2020,05:31,.55,.55,.54,.54, 6130
03/24/2020,05:33,.535,.535,.535,.535, 4700
03/24/2020,05:34,.535,.535,.535,.535, 3732
03/24/2020,05:48,.545,.545,.545,.545, 2511
03/24/2020,05:51,.555,.555,.555,.555, 197
03/24/2020,06:04,.545,.545,.545,.545, 5564
03/24/2020,06:05,.545,.545,.545,.545, 1382
03/24/2020,06:07,.545,.545,.545,.545, 1220
03/24/2020,06:08,.55,.55,.55,.55, 2604
03/24/2020,06:11,.56,.565,.56,.565, 12487
03/24/2020,06:14,.555,.555,.555,.555, 1277
03/24/2020,06:17,.57,.585,.57,.585, 839
03/24/2020,06:18,.56,.56,.56,.56, 700
03/24/2020,06:31,.56,.56,.56,.56, 324
03/25/2020,00:25,.59,.59,.59,.59, 6000
03/25/2020,00:27,.605,.605,.605,.605, 1500
03/25/2020,00:59,.61,.615,.61,.615, 4138
03/25/2020,01:18,.615,.615,.6,.6, 7251
03/25/2020,01:20,.615,.62,.615,.62, 10500
03/25/2020,01:27,.62,.62,.62,.62, 2000
03/25/2020,01:28,.61,.61,.6,.61, 2893
03/25/2020,02:01,.6,.6,.6,.6, 11505
03/25/2020,02:40,.595,.595,.595,.595, 1681
03/25/2020,03:34,.595,.595,.595,.595, 7050
03/25/2020,03:46,.595,.595,.595,.595, 25000
03/25/2020,04:13,.58,.58,.57,.57, 16007
03/25/2020,04:23,.59,.59,.59,.59, 700
03/25/2020,05:39,.59,.59,.59,.59, 104
03/25/2020,05:43,.59,.59,.59,.59, 104
03/25/2020,05:46,.59,.59,.59,.59, 104
03/25/2020,05:48,.59,.59,.59,.59, 104
03/25/2020,05:50,.59,.59,.59,.59, 104
03/25/2020,05:53,.59,.615,.59,.615, 15278
03/25/2020,05:56,.615,.615,.585,.61, 2914
03/25/2020,06:05,.61,.615,.61,.61, 3626
03/25/2020,06:05,.61,.61,.61,.61, 54
03/25/2020,06:11,.61,.615,.61,.615, 828
03/25/2020,06:15,.615,.615,.615,.615, 104
03/25/2020,06:20,.615,.62,.615,.62, 6294
03/25/2020,06:31,.62,.62,.62,.62, 790
03/26/2020,00:27,.65,.655,.65,.655, 5000
03/26/2020,00:28,.665,.67,.665,.67, 800
03/26/2020,00:29,.67,.67,.67,.67, 4000
03/26/2020,00:45,.67,.67,.67,.67, 24277
03/26/2020,00:50,.67,.67,.67,.67, 723
03/26/2020,00:58,.66,.66,.66,.66, 687
03/26/2020,01:06,.67,.67,.67,.67, 15000
03/26/2020,01:08,.665,.665,.665,.665, 16
03/26/2020,01:19,.66,.67,.65,.67, 136495
03/26/2020,01:24,.66,.665,.66,.665, 2500
03/26/2020,01:33,.665,.665,.665,.665, 1000
03/26/2020,01:37,.65,.65,.65,.65, 3000
03/26/2020,02:15,.652,.652,.652,.652, 50000
03/26/2020,02:22,.66,.67,.66,.67, 15337
03/26/2020,02:41,.66,.66,.655,.66, 2573
03/26/2020,02:58,.655,.655,.655,.655, 1200
03/26/2020,03:12,.655,.655,.655,.655, 15000
03/26/2020,04:36,.655,.655,.655,.655, 20000
03/26/2020,04:48,.65,.65,.64,.64, 30504
03/26/2020,04:53,.65,.65,.65,.65, 700
03/26/2020,05:11,.65,.65,.65,.65, 700
03/26/2020,05:12,.645,.645,.645,.645, 5000
03/26/2020,05:22,.65,.65,.65,.65, 5000
03/26/2020,05:31,.65,.65,.65,.65, 7254
03/26/2020,05:32,.655,.655,.655,.655, 1346
03/26/2020,05:35,.655,.655,.655,.655, 45700
03/26/2020,05:37,.655,.655,.655,.655, 2000
03/26/2020,05:44,.652,.652,.65,.65, 13892
03/26/2020,05:47,.65,.65,.65,.65, 3000
03/26/2020,06:00,.65,.65,.65,.65, 455
03/26/2020,06:02,.65,.65,.65,.65, 2108
03/26/2020,06:07,.65,.655,.65,.655, 5814
03/26/2020,06:14,.652,.652,.652,.652, 5684
03/26/2020,06:14,.65,.655,.65,.655, 52310
03/26/2020,06:17,.655,.655,.652,.652, 3158
03/26/2020,06:18,.652,.652,.652,.652, 2632
03/26/2020,06:19,.652,.655,.652,.655, 4137
03/26/2020,06:20,.655,.655,.655,.655, 395
03/26/2020,06:31,.655,.655,.655,.655, 45670
03/27/2020,00:25,.65,.65,.65,.65, 2284
03/27/2020,00:26,.645,.665,.645,.665, 9332
03/27/2020,00:26,.665,.665,.665,.665, 618
03/27/2020,00:30,.65,.65,.65,.65, 121
03/27/2020,00:34,.645,.645,.645,.645, 1073
03/27/2020,00:38,.645,.645,.645,.645, 2000
03/27/2020,00:54,.63,.63,.6,.6, 28063
03/27/2020,00:56,.58,.58,.575,.575, 1045
03/27/2020,00:58,.595,.605,.585,.585, 68375
03/27/2020,01:12,.615,.615,.615,.615, 12210
03/27/2020,01:23,.645,.65,.645,.65, 9881
03/27/2020,01:25,.655,.655,.65,.65, 10996
03/27/2020,01:27,.625,.625,.61,.61, 36196
03/27/2020,01:43,.63,.63,.615,.615, 10000
03/27/2020,01:47,.632,.632,.632,.632, 3000
03/27/2020,02:24,.62,.62,.62,.62, 1676
03/27/2020,02:25,.615,.615,.615,.615, 3251
03/27/2020,02:26,.615,.615,.615,.615, 11022
03/27/2020,02:27,.61,.61,.61,.61, 5000
03/27/2020,02:47,.605,.605,.605,.605, 1000
03/27/2020,03:15,.605,.605,.605,.605, 10000
03/27/2020,03:19,.605,.605,.605,.605, 9019
03/27/2020,03:21,.61,.61,.61,.61, 400
03/27/2020,03:42,.61,.625,.61,.625, 31761
03/27/2020,03:48,.625,.625,.625,.625, 4639
03/27/2020,03:55,.615,.615,.615,.615, 1100
03/27/2020,04:02,.615,.615,.615,.615, 700
03/27/2020,04:13,.6,.6,.6,.6, 14966
03/27/2020,04:15,.6,.6,.6,.6, 5134
03/27/2020,04:26,.595,.595,.595,.595, 1000
03/27/2020,05:06,.59,.59,.59,.59, 5672
03/27/2020,05:27,.595,.6,.595,.6, 12230
03/27/2020,05:29,.595,.605,.595,.605, 4500
03/27/2020,05:39,.59,.59,.59,.59, 328
03/27/2020,05:41,.605,.605,.605,.605, 448
03/27/2020,06:31,.58,.58,.58,.58, 345
03/30/2020,01:25,.58,.58,.58,.58, 2400
03/30/2020,01:26,.6,.62,.6,.62, 20000
03/30/2020,01:40,.605,.605,.605,.605, 810
03/30/2020,01:45,.585,.585,.58,.58, 16400
03/30/2020,02:02,.58,.585,.58,.585, 20687
03/30/2020,02:16,.58,.595,.58,.595, 9832
03/30/2020,02:29,.61,.61,.61,.61, 461
03/30/2020,02:51,.61,.62,.605,.605, 11691
03/30/2020,03:11,.615,.615,.615,.615, 2
03/30/2020,03:52,.6,.6,.6,.6, 300
03/30/2020,04:04,.59,.59,.59,.59, 513
03/30/2020,04:09,.595,.595,.595,.595, 20000
03/30/2020,04:17,.61,.61,.61,.61, 14833
03/30/2020,04:31,.615,.615,.615,.615, 4638
03/30/2020,04:31,.615,.615,.615,.615, 1362
03/30/2020,05:30,.605,.605,.605,.605, 7782
03/30/2020,05:39,.61,.61,.61,.61, 12106
03/30/2020,05:42,.61,.61,.61,.61, 3
03/30/2020,06:11,.615,.62,.615,.62, 3250
03/30/2020,06:46,.62,.62,.62,.62, 8000
03/30/2020,06:55,.62,.62,.62,.62, 1400
03/30/2020,07:00,.62,.62,.62,.62, 1695
03/30/2020,07:03,.62,.62,.62,.62, 1673
03/30/2020,07:06,.62,.62,.62,.62, 1869
03/30/2020,07:11,.62,.62,.62,.62, 3259
03/30/2020,07:13,.62,.62,.62,.62, 1514
03/30/2020,07:14,.62,.62,.62,.62, 27351
03/30/2020,07:16,.63,.63,.63,.63, 6316
03/30/2020,07:18,.615,.615,.615,.615, 2346
03/30/2020,07:20,.62,.62,.62,.62, 88
03/30/2020,07:31,.63,.63,.63,.63, 14521
03/31/2020,01:28,.645,.65,.645,.65, 1002
03/31/2020,01:28,.65,.65,.65,.65, 849
03/31/2020,01:31,.655,.66,.655,.66, 135548
03/31/2020,01:31,.665,.665,.665,.665, 7470
03/31/2020,01:34,.665,.665,.665,.665, 15187
03/31/2020,01:44,.665,.665,.665,.665, 5400
03/31/2020,01:54,.67,.67,.665,.665, 2200
03/31/2020,01:59,.675,.675,.675,.675, 5000
03/31/2020,02:00,.675,.675,.675,.675, 40000
03/31/2020,02:10,.675,.675,.67,.67, 11950
03/31/2020,02:13,.675,.675,.675,.675, 2218
03/31/2020,02:31,.67,.67,.67,.67, 2500
03/31/2020,02:59,.675,.675,.675,.675, 14965
03/31/2020,03:04,.68,.68,.68,.68, 129
03/31/2020,03:06,.68,.68,.68,.68, 20000
03/31/2020,03:10,.68,.68,.68,.68, 10759
03/31/2020,03:14,.68,.68,.68,.68, 6000
03/31/2020,03:16,.68,.68,.68,.68, 37793
03/31/2020,03:17,.68,.68,.68,.68, 610
03/31/2020,03:29,.68,.68,.68,.68, 1152
03/31/2020,03:37,.68,.68,.68,.68, 55
03/31/2020,03:39,.68,.68,.68,.68, 18183
03/31/2020,04:20,.67,.67,.665,.665, 3502
03/31/2020,04:22,.67,.67,.67,.67, 645
03/31/2020,04:24,.665,.665,.665,.665, 12460
03/31/2020,04:25,.66,.66,.66,.66, 42193
03/31/2020,04:51,.66,.66,.655,.655, 5998
03/31/2020,05:16,.665,.67,.665,.67, 1500
03/31/2020,05:30,.67,.675,.67,.675, 4500
03/31/2020,05:33,.66,.66,.66,.66, 5000
03/31/2020,06:08,.66,.66,.66,.66, 5000
03/31/2020,06:14,.67,.67,.67,.67, 5000
03/31/2020,06:19,.66,.66,.66,.66, 17800
03/31/2020,06:25,.66,.66,.66,.66, 12200
03/31/2020,07:07,.655,.655,.655,.655, 400
03/31/2020,07:17,.655,.66,.655,.66, 38001
03/31/2020,07:31,.68,.68,.68,.68, 17000

