01/03/2020,15:45,9.405,9.405,9.405,9.405, 104
01/03/2020,18:24,9.4,9.4,9.4,9.4, 500
01/03/2020,18:24,9.5,9.5,9.5,9.5, 100
01/03/2020,20:02,9.66,9.66,9.66,9.66, 1000
01/03/2020,20:04,9.33,9.43,9.33,9.34, 1500
01/03/2020,20:31,9.45,9.45,9.45,9.45, 1500
01/06/2020,18:52,9.24,9.24,9.21,9.21, 400
01/06/2020,20:58,9.545,9.545,9.545,9.545, 100
01/07/2020,18:05,9.365,9.365,9.365,9.365, 200
01/08/2020,17:28,9.37,9.37,9.05,9.05, 3000
01/08/2020,17:51,9.68,9.68,9.68,9.68, 100
01/08/2020,19:14,9.556,9.556,9.556,9.556, 600
01/08/2020,21:41,9.65,9.65,9.65,9.65, 200
01/09/2020,15:42,9.697,9.7,9.697,9.7, 300
01/09/2020,15:53,9.556,9.7,9.556,9.7, 400
01/09/2020,17:13,9.57,9.57,9.57,9.57, 100
01/09/2020,17:33,9.8,9.8,9.795,9.795, 200
01/13/2020,15:31,9.8,9.8,9.8,9.8, 1000
01/14/2020,17:48,9.4,9.4,9.4,9.4, 100
01/14/2020,18:26,9.69,9.69,9.69,9.69, 100
01/14/2020,21:59,9.4,9.4,9.4,9.4, 100
01/15/2020,19:10,9.65,9.65,9.65,9.65, 500
01/16/2020,15:54,9.55,9.55,9.55,9.55, 500
01/16/2020,21:43,9.462,9.462,9.462,9.462, 100
01/16/2020,21:59,9.473,9.473,9.473,9.473, 210
01/17/2020,15:31,9.7,9.7,9.7,9.7, 200
01/17/2020,16:12,9.52,9.55,9.52,9.55, 500
01/21/2020,15:46,9.65,9.65,9.64,9.65, 1500
01/21/2020,15:46,9.65,9.65,9.65,9.65, 200
01/21/2020,16:00,9.6,9.65,9.6,9.65, 500
01/22/2020,15:58,9.65,9.65,9.65,9.65, 500
01/22/2020,16:03,9.55,9.55,9.55,9.55, 100
01/22/2020,16:09,9.12,9.12,9.12,9.12, 100
01/22/2020,18:50,9.31,9.31,9.31,9.31, 100
01/23/2020,17:43,9.278,9.278,9.278,9.278, 100
01/24/2020,17:14,9.516,9.516,9.516,9.516, 150
01/24/2020,17:16,9.36,9.36,9.36,9.36, 300
01/24/2020,19:59,9.315,9.315,9.315,9.315, 100
01/24/2020,20:01,9.5,9.5,9.5,9.5, 500
01/24/2020,20:49,9.5,9.5,9.5,9.5, 100
01/24/2020,21:08,9.65,9.65,9.65,9.65, 200
01/27/2020,17:27,9.65,9.65,9.65,9.65, 500
01/28/2020,15:54,9.65,9.65,9.65,9.65, 500
01/29/2020,20:22,9.415,9.63,9.2,9.415, 4325
01/29/2020,20:59,9.25,9.25,9.25,9.25, 100
01/31/2020,18:20,9.255,9.255,9.03,9.03, 900
01/31/2020,20:05,9.259,9.259,9.259,9.259, 100

