01/02/2020,16:31,2.74,2.74,2.74,2.74, 1
01/02/2020,17:01,2.74,2.74,2.74,2.74, 1
01/03/2020,16:31,2.69,2.69,2.69,2.69, 1
01/03/2020,17:01,2.69,2.69,2.69,2.69, 1
01/06/2020,16:31,2.59,2.59,2.59,2.59, 1
01/06/2020,17:01,2.59,2.59,2.59,2.59, 1
01/07/2020,16:31,2.62,2.62,2.62,2.62, 1
01/07/2020,17:01,2.62,2.62,2.62,2.62, 1
01/08/2020,16:31,2.62,2.62,2.62,2.62, 1
01/08/2020,17:01,2.62,2.62,2.62,2.62, 1
01/09/2020,16:31,2.76,2.76,2.76,2.76, 1
01/09/2020,17:01,2.76,2.76,2.76,2.76, 1
01/10/2020,16:31,2.84,2.84,2.84,2.84, 1
01/10/2020,17:01,2.84,2.84,2.84,2.84, 1
01/13/2020,16:31,2.97,2.97,2.97,2.97, 1
01/13/2020,17:01,2.97,2.97,2.97,2.97, 1
01/14/2020,16:31,3.11,3.11,3.11,3.11, 1
01/14/2020,17:01,3.11,3.11,3.11,3.11, 1
01/15/2020,16:31,3.09,3.09,3.09,3.09, 1
01/15/2020,17:01,3.09,3.09,3.09,3.09, 1
01/16/2020,16:31,3.01,3.01,3.01,3.01, 1
01/16/2020,17:01,3.01,3.01,3.01,3.01, 1
01/17/2020,16:31,2.99,2.99,2.99,2.99, 1
01/17/2020,17:01,2.99,2.99,2.99,2.99, 1
01/20/2020,17:01,3.03,3.03,3.03,3.03, 1
01/21/2020,16:31,3.13,3.13,3.13,3.13, 1
01/21/2020,17:01,3.13,3.13,3.13,3.13, 1
01/22/2020,16:31,3.05,3.05,3.05,3.05, 1
01/22/2020,17:01,3.05,3.05,3.05,3.05, 1
01/23/2020,16:31,2.97,2.97,2.97,2.97, 1
01/23/2020,17:01,2.97,2.97,2.97,2.97, 1
01/24/2020,16:31,3.02,3.02,3.02,3.02, 1
01/24/2020,17:01,3.02,3.02,3.02,3.02, 1
01/27/2020,16:31,2.96,2.96,2.96,2.96, 1
01/27/2020,17:01,2.96,2.96,2.96,2.96, 1
01/28/2020,16:31,2.89,2.89,2.89,2.89, 1
01/29/2020,16:31,2.83,2.83,2.83,2.83, 1
01/29/2020,17:01,2.83,2.83,2.83,2.83, 1
01/30/2020,16:31,2.81,2.81,2.81,2.81, 1
01/30/2020,17:01,2.81,2.81,2.81,2.81, 1
01/31/2020,16:31,2.82,2.82,2.82,2.82, 1

