01/03/2020,02:49,.84,.84,.84,.84, 6552
01/03/2020,05:30,.86,.86,.86,.86, 8948
01/03/2020,05:55,.86,.865,.86,.865, 1600
01/06/2020,00:46,.865,.865,.865,.865, 26
01/06/2020,01:28,.85,.85,.85,.85, 1168
01/06/2020,01:30,.84,.84,.84,.84, 232
01/06/2020,02:15,.84,.84,.84,.84, 14760
01/07/2020,01:37,.855,.855,.855,.855, 5847
01/07/2020,06:11,.84,.84,.84,.84, 9000
01/07/2020,06:12,.855,.855,.855,.855, 2759
01/07/2020,06:13,.855,.855,.855,.855, 999
01/07/2020,06:18,.855,.855,.855,.855, 46
01/07/2020,06:19,.855,.855,.855,.855, 19
01/07/2020,06:31,.855,.855,.855,.855, 34
01/08/2020,00:29,.855,.855,.855,.855, 3000
01/08/2020,04:09,.84,.84,.84,.84, 2500
01/08/2020,04:10,.855,.855,.855,.855, 346
01/08/2020,04:11,.855,.855,.855,.855, 260
01/08/2020,04:15,.855,.855,.855,.855, 110
01/08/2020,04:37,.855,.855,.855,.855, 115
01/08/2020,05:17,.855,.855,.855,.855, 168
01/08/2020,05:22,.845,.85,.84,.85, 5832
01/08/2020,05:23,.85,.85,.85,.85, 604
01/08/2020,05:24,.85,.85,.85,.85, 553
01/08/2020,05:25,.85,.85,.85,.85, 555
01/08/2020,05:26,.85,.85,.85,.85, 175
01/08/2020,05:31,.85,.85,.85,.85, 161
01/08/2020,06:04,.85,.855,.85,.855, 6804
01/08/2020,06:05,.855,.855,.855,.855, 1443
01/08/2020,06:06,.855,.855,.855,.855, 102
01/08/2020,06:16,.855,.855,.855,.855, 44
01/08/2020,06:17,.855,.855,.855,.855, 189
01/08/2020,06:31,.855,.855,.855,.855, 73
01/09/2020,00:38,.855,.855,.855,.855, 5000
01/09/2020,00:42,.86,.87,.86,.87, 50000
01/09/2020,00:42,.87,.87,.87,.87, 59000
01/09/2020,02:53,.855,.855,.855,.855, 1000
01/09/2020,03:52,.855,.855,.855,.855, 18900
01/09/2020,05:52,.85,.865,.85,.865, 26900
01/10/2020,01:27,.875,.875,.875,.875, 7300
01/13/2020,00:30,.87,.87,.87,.87, 5850
01/13/2020,01:50,.835,.835,.835,.835, 5005
01/13/2020,03:55,.85,.85,.85,.85, 7200
01/14/2020,04:34,.845,.845,.845,.845, 1176
01/16/2020,00:50,.855,.855,.855,.855, 24
01/16/2020,03:56,.845,.845,.845,.845, 5000
01/17/2020,02:18,.855,.855,.855,.855, 5000
01/20/2020,00:48,.85,.85,.85,.85, 10000
01/20/2020,01:47,.845,.845,.845,.845, 3000
01/20/2020,01:56,.85,.86,.85,.86, 18797
01/20/2020,03:04,.855,.855,.855,.855, 100
01/20/2020,04:14,.855,.855,.855,.855, 4985
01/20/2020,04:40,.855,.855,.855,.855, 2500
01/20/2020,06:15,.855,.855,.855,.855, 2400
01/20/2020,06:16,.86,.86,.86,.86, 27490
01/21/2020,01:02,.86,.86,.86,.86, 5796
01/21/2020,03:21,.855,.855,.855,.855, 5000
01/21/2020,04:52,.85,.85,.85,.85, 15000
01/22/2020,03:41,.85,.85,.85,.85, 1047
01/22/2020,05:26,.855,.855,.855,.855, 45277
01/22/2020,05:43,.85,.85,.85,.85, 30000
01/22/2020,06:19,.85,.85,.85,.85, 16119
01/22/2020,06:20,.85,.85,.85,.85, 32000
01/23/2020,03:22,.85,.85,.85,.85, 700
01/23/2020,03:50,.845,.845,.845,.845, 8776
01/24/2020,05:00,.84,.84,.84,.84, 6768
01/24/2020,06:06,.845,.845,.845,.845, 656
01/28/2020,00:30,.84,.84,.84,.84, 12755
01/28/2020,00:54,.84,.84,.84,.84, 15000
01/29/2020,02:04,.85,.85,.85,.85, 33000
01/31/2020,00:44,.855,.855,.855,.855, 60000
01/31/2020,03:12,.855,.855,.855,.855, 25000
01/31/2020,03:16,.86,.86,.86,.86, 31244
01/31/2020,03:18,.86,.86,.86,.86, 9256
01/31/2020,03:38,.86,.86,.86,.86, 10744
01/31/2020,04:02,.86,.86,.86,.86, 4641
01/31/2020,05:48,.865,.865,.865,.865, 20500
01/31/2020,06:10,.87,.87,.87,.87, 4859

