02/03/2020,00:27,1.11,1.11,1.11,1.11, 28898
02/03/2020,00:28,1.11,1.11,1.11,1.11, 4366
02/03/2020,00:38,1.12,1.12,1.12,1.12, 545
02/03/2020,01:24,1.11,1.11,1.11,1.11, 9530
02/03/2020,01:40,1.11,1.11,1.11,1.11, 2936
02/03/2020,01:56,1.11,1.11,1.11,1.11, 14900
02/03/2020,02:11,1.112,1.115,1.112,1.115, 6628
02/03/2020,03:10,1.112,1.125,1.112,1.12, 19976
02/03/2020,03:18,1.125,1.125,1.125,1.125, 1068
02/03/2020,03:21,1.12,1.12,1.12,1.12, 3170
02/03/2020,03:40,1.125,1.125,1.125,1.125, 9118
02/03/2020,06:09,1.125,1.125,1.125,1.125, 2902
02/03/2020,06:16,1.125,1.125,1.125,1.125, 2098
02/04/2020,00:49,1.15,1.15,1.15,1.15, 1194
02/04/2020,01:00,1.15,1.15,1.15,1.15, 1084
02/04/2020,01:48,1.15,1.15,1.15,1.15, 450
02/04/2020,02:27,1.15,1.15,1.15,1.15, 97
02/04/2020,02:58,1.145,1.145,1.145,1.145, 97
02/04/2020,03:42,1.13,1.13,1.12,1.12, 21100
02/04/2020,04:24,1.125,1.125,1.125,1.125, 2871
02/04/2020,05:38,1.125,1.125,1.125,1.125, 2751
02/04/2020,05:40,1.12,1.12,1.12,1.12, 2011
02/04/2020,06:02,1.125,1.125,1.125,1.125, 695
02/04/2020,06:05,1.12,1.12,1.12,1.12, 4412
02/05/2020,01:01,1.12,1.12,1.12,1.12, 2500
02/05/2020,01:31,1.105,1.105,1.1,1.1, 6300
02/05/2020,01:32,1.115,1.115,1.115,1.115, 714
02/05/2020,01:38,1.1,1.1,1.1,1.1, 1302
02/05/2020,01:44,1.105,1.105,1.105,1.105, 2980
02/05/2020,01:54,1.105,1.105,1.105,1.105, 6119
02/05/2020,04:22,1.105,1.105,1.105,1.105, 8226
02/05/2020,04:59,1.11,1.11,1.11,1.11, 1231
02/05/2020,06:09,1.105,1.105,1.105,1.105, 20000
02/05/2020,06:12,1.105,1.105,1.105,1.105, 1999
02/05/2020,06:17,1.105,1.105,1.105,1.105, 5354
02/05/2020,06:31,1.125,1.125,1.125,1.125, 1020
02/06/2020,00:27,1.105,1.105,1.105,1.105, 1322
02/06/2020,00:32,1.1,1.1,1.1,1.1, 3203
02/06/2020,01:15,1.1,1.1,1.1,1.1, 10000
02/06/2020,02:18,1.1,1.1,1.1,1.1, 7000
02/06/2020,02:21,1.1,1.1,1.1,1.1, 2905
02/06/2020,02:21,1.1,1.1,1.1,1.1, 20000
02/06/2020,03:56,1.11,1.11,1.11,1.11, 1760
02/06/2020,04:13,1.11,1.11,1.11,1.11, 1250
02/06/2020,04:29,1.11,1.11,1.11,1.11, 1000
02/06/2020,04:54,1.11,1.11,1.11,1.11, 5000
02/06/2020,06:09,1.11,1.11,1.11,1.11, 20644
02/06/2020,06:15,1.115,1.115,1.115,1.115, 307
02/07/2020,01:02,1.12,1.12,1.12,1.12, 5200
02/07/2020,02:20,1.12,1.12,1.12,1.12, 449
02/07/2020,02:25,1.12,1.12,1.12,1.12, 546
02/07/2020,04:21,1.12,1.12,1.12,1.12, 1494
02/07/2020,04:36,1.12,1.12,1.12,1.12, 4460
02/07/2020,04:46,1.12,1.12,1.12,1.12, 415
02/07/2020,05:31,1.12,1.12,1.12,1.12, 296
02/07/2020,06:14,1.11,1.11,1.11,1.11, 1466
02/07/2020,06:31,1.12,1.12,1.12,1.12, 1240
02/10/2020,00:27,1.1,1.1,1.1,1.1, 21127
02/10/2020,00:31,1.1,1.1,1.1,1.1, 110
02/10/2020,00:32,1.095,1.095,1.095,1.095, 2000
02/10/2020,00:42,1.09,1.09,1.09,1.09, 4000
02/10/2020,00:50,1.09,1.09,1.09,1.09, 2100
02/10/2020,00:57,1.085,1.085,1.085,1.085, 449
02/10/2020,01:41,1.085,1.085,1.085,1.085, 622
02/10/2020,02:32,1.095,1.095,1.095,1.095, 637
02/10/2020,05:36,1.085,1.085,1.08,1.08, 10000
02/10/2020,05:38,1.08,1.08,1.08,1.08, 2987
02/10/2020,06:13,1.085,1.085,1.085,1.085, 1199
02/10/2020,06:17,1.085,1.085,1.085,1.085, 28807
02/11/2020,00:27,1.09,1.09,1.09,1.09, 18000
02/11/2020,00:33,1.08,1.08,1.08,1.08, 4040
02/11/2020,00:37,1.075,1.075,1.075,1.075, 2000
02/11/2020,00:40,1.07,1.07,1.07,1.07, 277
02/11/2020,01:22,1.07,1.075,1.07,1.075, 10887
02/11/2020,01:55,1.07,1.07,1.07,1.07, 40000
02/11/2020,01:56,1.07,1.07,1.07,1.07, 2446
02/11/2020,02:00,1.072,1.072,1.072,1.072, 710
02/11/2020,02:59,1.07,1.07,1.07,1.07, 2566
02/11/2020,03:00,1.065,1.065,1.065,1.065, 2240
02/11/2020,04:02,1.07,1.07,1.07,1.07, 1256
02/11/2020,06:18,1.07,1.07,1.07,1.07, 2255
02/11/2020,06:20,1.065,1.065,1.065,1.065, 1235
02/11/2020,06:31,1.07,1.07,1.07,1.07, 955
02/13/2020,00:27,1.055,1.055,1.055,1.055, 1750
02/13/2020,00:33,1.07,1.07,1.07,1.07, 935
02/13/2020,01:01,1.07,1.07,1.07,1.07, 600
02/13/2020,01:17,1.07,1.07,1.07,1.07, 1072
02/13/2020,02:42,1.07,1.07,1.07,1.07, 695
02/13/2020,03:27,1.07,1.07,1.07,1.07, 27791
02/13/2020,06:08,1.075,1.075,1.075,1.075, 1376
02/13/2020,06:10,1.075,1.075,1.075,1.075, 4000
02/14/2020,00:27,1.075,1.075,1.075,1.075, 48999
02/14/2020,00:31,1.075,1.075,1.075,1.075, 930
02/14/2020,00:43,1.06,1.06,1.06,1.06, 550
02/14/2020,01:03,1.075,1.075,1.075,1.075, 651
02/14/2020,01:09,1.075,1.075,1.075,1.075, 552
02/14/2020,01:18,1.07,1.07,1.07,1.07, 5500
02/14/2020,03:23,1.07,1.07,1.07,1.07, 47353
02/14/2020,03:48,1.085,1.085,1.085,1.085, 1340
02/14/2020,05:25,1.07,1.07,1.07,1.07, 12000
02/14/2020,05:34,1.08,1.08,1.08,1.08, 5607
02/14/2020,06:03,1.08,1.08,1.08,1.08, 914
02/14/2020,06:11,1.08,1.08,1.08,1.08, 202
02/17/2020,00:27,1.085,1.085,1.085,1.085, 3027
02/17/2020,00:46,1.08,1.08,1.08,1.08, 484
02/17/2020,01:04,1.085,1.085,1.085,1.085, 11041
02/17/2020,01:09,1.08,1.08,1.08,1.08, 15000
02/17/2020,01:44,1.085,1.085,1.085,1.085, 7917
02/17/2020,02:36,1.085,1.085,1.085,1.085, 2009
02/17/2020,02:41,1.085,1.085,1.085,1.085, 2000
02/17/2020,02:48,1.08,1.08,1.08,1.08, 7509
02/17/2020,03:06,1.085,1.085,1.085,1.085, 782
02/17/2020,03:50,1.08,1.08,1.08,1.08, 1517
02/17/2020,05:26,1.08,1.08,1.08,1.08, 1483
02/18/2020,00:27,1.08,1.08,1.08,1.08, 472
02/18/2020,00:32,1.08,1.08,1.08,1.08, 7094
02/18/2020,03:15,1.085,1.085,1.085,1.085, 1500
02/18/2020,03:55,1.082,1.085,1.082,1.085, 3900
02/18/2020,04:03,1.08,1.08,1.08,1.08, 6982
02/18/2020,04:17,1.085,1.085,1.085,1.085, 1530
02/18/2020,04:21,1.082,1.085,1.082,1.085, 13739
02/18/2020,05:16,1.085,1.085,1.085,1.085, 799
02/18/2020,06:06,1.08,1.08,1.08,1.08, 6297
02/19/2020,00:33,1.08,1.08,1.08,1.08, 1800
02/19/2020,00:40,1.07,1.07,1.07,1.07, 1434
02/19/2020,03:04,1.075,1.075,1.075,1.075, 890
02/19/2020,03:07,1.075,1.075,1.075,1.075, 1000
02/19/2020,04:57,1.077,1.077,1.077,1.077, 1516
02/19/2020,06:18,1.07,1.07,1.07,1.07, 5412
02/20/2020,00:27,1.085,1.085,1.085,1.085, 903
02/20/2020,01:05,1.085,1.085,1.085,1.085, 1000
02/20/2020,02:03,1.075,1.075,1.075,1.075, 1700
02/20/2020,03:11,1.08,1.08,1.08,1.08, 1213
02/20/2020,03:16,1.08,1.085,1.08,1.08, 30632
02/20/2020,03:26,1.075,1.075,1.075,1.075, 554
02/20/2020,03:32,1.085,1.085,1.085,1.085, 91
02/20/2020,04:24,1.075,1.075,1.075,1.075, 3000
02/20/2020,04:34,1.075,1.075,1.075,1.075, 4288
02/20/2020,05:07,1.075,1.075,1.075,1.075, 900
02/21/2020,01:30,1.075,1.075,1.075,1.075, 9624
02/21/2020,06:15,1.085,1.085,1.085,1.085, 620
02/21/2020,06:17,1.095,1.1,1.095,1.1, 1226
02/24/2020,00:27,1.125,1.125,1.125,1.125, 17000
02/24/2020,00:52,1.125,1.13,1.125,1.13, 2650
02/24/2020,01:01,1.135,1.135,1.135,1.135, 953
02/24/2020,01:08,1.135,1.135,1.135,1.135, 597
02/24/2020,02:10,1.13,1.13,1.13,1.13, 1100
02/24/2020,03:03,1.13,1.13,1.13,1.13, 3274
02/24/2020,04:40,1.105,1.105,1.105,1.105, 1084
02/24/2020,05:21,1.125,1.125,1.125,1.125, 2210
02/25/2020,00:38,1.1,1.1,1.095,1.095, 50389
02/25/2020,00:50,1.095,1.095,1.095,1.095, 7173
02/25/2020,03:26,1.09,1.09,1.09,1.09, 606
02/25/2020,03:35,1.09,1.09,1.09,1.09, 1461
02/25/2020,03:39,1.085,1.085,1.085,1.085, 14024
02/25/2020,05:57,1.075,1.075,1.075,1.075, 3000
02/25/2020,06:11,1.08,1.08,1.08,1.08, 12728
02/26/2020,01:26,1.075,1.075,1.065,1.065, 6800
02/26/2020,02:36,1.065,1.07,1.065,1.07, 15440
02/26/2020,02:50,1.07,1.07,1.07,1.07, 8474
02/26/2020,03:19,1.08,1.08,1.055,1.055, 34388
02/26/2020,04:01,1.055,1.055,1.055,1.055, 4000
02/26/2020,05:36,1.072,1.072,1.072,1.072, 1043
02/26/2020,05:46,1.09,1.09,1.09,1.09, 662
02/26/2020,05:58,1.07,1.07,1.07,1.07, 3000
02/26/2020,06:01,1.06,1.06,1.05,1.05, 30772

