04/01/2020,05:58,.345,.345,.345,.345, 1
04/01/2020,06:21,.3451,.3451,.3451,.3451, 1
04/01/2020,06:43,.345,.345,.345,.345, 1
04/01/2020,07:06,.3449,.3449,.3449,.3449, 1
04/01/2020,07:30,.3451,.3451,.3451,.3451, 1
04/01/2020,07:50,.3449,.3449,.3449,.3449, 1
04/01/2020,08:12,.3449,.3449,.3449,.3449, 1
04/01/2020,08:22,.3444,.3444,.3444,.3444, 1
04/01/2020,08:36,.3444,.3444,.3444,.3444, 1
04/01/2020,08:47,.3439,.3439,.3439,.3439, 1
04/01/2020,09:22,.3435,.3435,.3435,.3435, 1
04/01/2020,09:44,.3434,.3434,.3434,.3434, 1
04/01/2020,10:08,.343,.343,.343,.343, 1
04/01/2020,10:20,.3425,.3425,.3425,.3425, 1
04/01/2020,10:31,.3423,.3423,.3423,.3423, 1
04/01/2020,10:47,.3428,.3428,.3428,.3428, 1
04/01/2020,10:51,.3428,.3428,.3428,.3428, 1
04/01/2020,11:11,.3425,.3425,.3425,.3425, 1
04/01/2020,11:21,.3419,.3419,.3419,.3419, 1
04/01/2020,11:35,.3421,.3421,.3421,.3421, 1
04/01/2020,11:58,.3422,.3422,.3422,.3422, 1
04/01/2020,12:19,.3424,.3424,.3424,.3424, 1
04/01/2020,12:41,.3424,.3424,.3424,.3424, 1
04/01/2020,13:03,.3424,.3424,.3424,.3424, 1
04/01/2020,13:25,.3426,.3426,.3426,.3426, 1
04/01/2020,13:48,.3422,.3422,.3422,.3422, 1
04/01/2020,14:11,.3423,.3423,.3423,.3423, 1
04/01/2020,14:34,.3419,.3419,.3419,.3419, 1
04/01/2020,14:57,.3422,.3422,.3422,.3422, 1
04/01/2020,15:19,.3419,.3419,.3419,.3419, 1
04/01/2020,15:40,.342,.342,.342,.342, 1
04/01/2020,16:03,.342,.342,.342,.342, 1
04/01/2020,16:26,.3419,.3419,.3419,.3419, 1
04/01/2020,16:49,.3419,.3419,.3419,.3419, 1
04/01/2020,17:13,.342,.342,.342,.342, 1
04/01/2020,17:36,.3424,.3424,.3424,.3424, 1
04/01/2020,18:01,.3422,.3422,.3422,.3422, 1
04/01/2020,18:21,.3421,.3421,.3421,.3421, 1
04/01/2020,18:44,.342,.342,.342,.342, 1
04/01/2020,19:06,.3418,.3418,.3418,.3418, 1
04/01/2020,19:27,.3415,.3415,.3415,.3415, 1
04/01/2020,19:49,.3414,.3414,.3414,.3414, 1
04/01/2020,20:01,.3419,.3419,.3419,.3419, 1
04/01/2020,20:03,.3424,.3424,.3424,.3424, 1
04/01/2020,20:10,.342,.342,.342,.342, 1
04/01/2020,20:33,.3418,.3418,.3418,.3418, 1
04/01/2020,20:55,.3422,.3422,.3422,.3422, 1
04/01/2020,21:19,.3423,.3423,.3423,.3423, 1
04/01/2020,21:30,.3428,.3428,.3428,.3428, 1
04/01/2020,21:40,.3429,.3429,.3429,.3429, 1
04/01/2020,22:02,.3427,.3427,.3427,.3427, 1
04/01/2020,22:23,.343,.343,.343,.343, 1
04/01/2020,22:45,.3431,.3431,.3431,.3431, 1
04/01/2020,23:07,.3432,.3432,.3432,.3432, 1
04/01/2020,23:30,.3429,.3429,.3429,.3429, 1
04/01/2020,23:52,.3426,.3426,.3426,.3426, 1
04/02/2020,06:11,.3423,.3423,.3423,.3423, 1
04/02/2020,06:33,.3423,.3423,.3423,.3423, 1
04/02/2020,06:54,.3423,.3423,.3423,.3423, 1
04/02/2020,07:01,.3378,.3378,.3378,.3378, 1
04/02/2020,07:17,.3378,.3378,.3378,.3378, 1
04/02/2020,07:38,.3379,.3379,.3379,.3379, 1
04/02/2020,07:59,.3378,.3378,.3378,.3378, 1
04/02/2020,08:04,.3418,.3418,.3418,.3418, 1
04/02/2020,08:23,.3418,.3418,.3418,.3418, 1
04/02/2020,08:46,.3415,.3415,.3415,.3415, 1
04/02/2020,09:08,.3413,.3413,.3413,.3413, 1
04/02/2020,09:31,.3416,.3416,.3416,.3416, 1
04/02/2020,09:53,.3412,.3412,.3412,.3412, 1
04/02/2020,10:14,.3407,.3407,.3407,.3407, 1
04/02/2020,10:37,.3407,.3407,.3407,.3407, 1
04/02/2020,10:59,.3406,.3406,.3406,.3406, 1
04/02/2020,11:22,.3409,.3409,.3409,.3409, 1
04/02/2020,11:43,.3412,.3412,.3412,.3412, 1
04/02/2020,12:05,.3412,.3412,.3412,.3412, 1
04/02/2020,12:29,.3411,.3411,.3411,.3411, 1
04/02/2020,12:49,.341,.341,.341,.341, 1
04/02/2020,13:10,.3406,.3406,.3406,.3406, 1
04/02/2020,13:26,.3411,.3411,.3411,.3411, 1
04/02/2020,13:35,.341,.341,.341,.341, 1
04/02/2020,13:56,.3407,.3407,.3407,.3407, 1
04/02/2020,14:16,.3405,.3405,.3405,.3405, 1
04/02/2020,14:38,.3403,.3403,.3403,.3403, 1
04/02/2020,14:58,.3398,.3398,.3398,.3398, 1
04/02/2020,15:02,.3396,.3396,.3396,.3396, 1
04/02/2020,15:14,.3391,.3391,.3391,.3391, 1
04/02/2020,15:25,.3391,.3391,.3391,.3391, 1
04/02/2020,15:46,.339,.339,.339,.339, 1
04/02/2020,15:56,.3385,.3385,.3385,.3385, 1
04/02/2020,16:06,.3388,.3388,.3388,.3388, 1
04/02/2020,16:10,.3394,.3394,.3394,.3394, 1
04/02/2020,16:29,.339,.339,.339,.339, 1
04/02/2020,16:35,.3395,.3395,.3395,.3395, 1
04/02/2020,16:39,.3401,.3401,.3401,.3401, 1
04/02/2020,16:42,.3396,.3396,.3396,.3396, 1
04/02/2020,16:50,.3392,.3392,.3392,.3392, 1
04/02/2020,16:53,.3386,.3386,.3386,.3386, 1
04/02/2020,16:56,.3392,.3392,.3392,.3392, 1
04/02/2020,17:13,.3391,.3391,.3391,.3391, 1
04/02/2020,17:34,.3391,.3391,.3391,.3391, 1
04/02/2020,17:56,.3392,.3392,.3392,.3392, 1
04/02/2020,18:18,.339,.339,.339,.339, 1
04/02/2020,18:30,.3385,.3385,.3385,.3385, 1
04/02/2020,18:40,.3386,.3386,.3386,.3386, 1
04/02/2020,19:02,.3385,.3385,.3385,.3385, 1
04/02/2020,19:24,.3384,.3384,.3384,.3384, 1
04/02/2020,19:49,.3383,.3383,.3383,.3383, 1
04/02/2020,20:13,.338,.338,.338,.338, 1
04/02/2020,20:35,.3381,.3381,.3381,.3381, 1
04/02/2020,20:58,.3386,.3386,.3386,.3386, 1
04/02/2020,20:59,.3388,.3388,.3388,.3388, 1
04/02/2020,21:21,.3386,.3386,.3386,.3386, 1
04/02/2020,21:41,.3387,.3387,.3387,.3387, 1
04/02/2020,22:04,.3387,.3387,.3387,.3387, 1
04/02/2020,22:24,.3392,.3392,.3392,.3392, 1
04/02/2020,22:46,.3392,.3392,.3392,.3392, 1
04/02/2020,23:07,.3391,.3391,.3391,.3391, 1
04/02/2020,23:31,.3389,.3389,.3389,.3389, 1
04/02/2020,23:53,.3389,.3389,.3389,.3389, 1
04/07/2020,06:30,.3374,.3374,.3374,.3374, 1
04/07/2020,06:51,.3378,.3378,.3378,.3378, 1
04/07/2020,07:12,.3377,.3377,.3377,.3377, 1
04/07/2020,07:32,.3377,.3377,.3377,.3377, 1
04/07/2020,07:55,.3381,.3381,.3381,.3381, 1
04/07/2020,08:18,.338,.338,.338,.338, 1
04/07/2020,08:39,.3377,.3377,.3377,.3377, 1
04/07/2020,08:55,.3383,.3383,.3383,.3383, 1
04/07/2020,09:01,.3386,.3386,.3386,.3386, 1
04/07/2020,09:01,.3386,.3386,.3386,.3386, 1
04/07/2020,09:10,.3386,.3386,.3386,.3386, 1
04/07/2020,09:19,.3391,.3391,.3391,.3391, 1
04/07/2020,09:23,.3389,.3389,.3389,.3389, 1
04/07/2020,09:47,.3388,.3388,.3388,.3388, 1
04/07/2020,10:07,.3389,.3389,.3389,.3389, 1
04/07/2020,10:42,.3384,.3384,.3384,.3384, 1
04/07/2020,10:51,.3387,.3387,.3387,.3387, 1
04/07/2020,11:13,.3388,.3388,.3388,.3388, 1
04/07/2020,11:35,.339,.339,.339,.339, 1
04/07/2020,11:59,.339,.339,.339,.339, 1
04/07/2020,12:06,.3395,.3395,.3395,.3395, 1
04/07/2020,12:21,.3394,.3394,.3394,.3394, 1
04/07/2020,12:44,.3393,.3393,.3393,.3393, 1
04/07/2020,13:05,.3391,.3391,.3391,.3391, 1
04/07/2020,13:26,.3388,.3388,.3388,.3388, 1
04/07/2020,13:47,.3389,.3389,.3389,.3389, 1
04/07/2020,14:10,.3392,.3392,.3392,.3392, 1
04/07/2020,14:15,.3386,.3386,.3386,.3386, 1
04/07/2020,14:22,.3392,.3392,.3392,.3392, 1
04/07/2020,14:31,.3394,.3394,.3394,.3394, 1
04/07/2020,14:52,.3396,.3396,.3396,.3396, 1
04/07/2020,15:12,.3393,.3393,.3393,.3393, 1
04/07/2020,15:34,.3393,.3393,.3393,.3393, 1
04/07/2020,16:20,.3397,.3397,.3397,.3397, 1
04/07/2020,16:42,.3393,.3393,.3393,.3393, 1
04/07/2020,16:57,.3388,.3388,.3388,.3388, 1
04/07/2020,17:05,.3386,.3386,.3386,.3386, 1
04/07/2020,17:17,.3392,.3392,.3392,.3392, 1
04/07/2020,17:28,.3386,.3386,.3386,.3386, 1
04/07/2020,17:29,.3386,.3386,.3386,.3386, 1
04/07/2020,17:54,.3388,.3388,.3388,.3388, 1
04/07/2020,18:08,.3393,.3393,.3393,.3393, 1
04/07/2020,18:15,.3393,.3393,.3393,.3393, 1
04/07/2020,18:33,.3398,.3398,.3398,.3398, 1
04/07/2020,18:37,.3396,.3396,.3396,.3396, 1
04/07/2020,19:01,.3395,.3395,.3395,.3395, 1
04/07/2020,19:21,.3394,.3394,.3394,.3394, 1
04/07/2020,19:43,.3392,.3392,.3392,.3392, 1
04/07/2020,20:01,.3397,.3397,.3397,.3397, 1
04/07/2020,20:05,.3398,.3398,.3398,.3398, 1
04/07/2020,20:29,.3396,.3396,.3396,.3396, 1
04/07/2020,20:52,.3397,.3397,.3397,.3397, 1
04/07/2020,21:16,.3398,.3398,.3398,.3398, 1
04/07/2020,21:38,.3397,.3397,.3397,.3397, 1
04/07/2020,22:01,.3397,.3397,.3397,.3397, 1
04/07/2020,22:24,.3394,.3394,.3394,.3394, 1
04/07/2020,22:47,.3393,.3393,.3393,.3393, 1
04/07/2020,23:30,.3393,.3393,.3393,.3393, 1
04/07/2020,23:52,.3392,.3392,.3392,.3392, 1
04/08/2020,06:01,.3383,.3383,.3383,.3383, 1
04/08/2020,06:24,.3385,.3385,.3385,.3385, 1
04/08/2020,06:46,.3386,.3386,.3386,.3386, 1
04/08/2020,07:09,.3386,.3386,.3386,.3386, 1
04/08/2020,07:13,.3358,.3358,.3358,.3358, 1
04/08/2020,07:33,.3361,.3361,.3361,.3361, 1
04/08/2020,07:53,.3362,.3362,.3362,.3362, 1
04/08/2020,08:03,.3357,.3357,.3357,.3357, 1
04/08/2020,08:05,.3351,.3351,.3351,.3351, 1
04/08/2020,08:15,.3353,.3353,.3353,.3353, 1
04/08/2020,08:23,.3347,.3347,.3347,.3347, 1
04/08/2020,08:39,.3351,.3351,.3351,.3351, 1
04/08/2020,09:25,.3353,.3353,.3353,.3353, 1
04/08/2020,09:47,.3355,.3355,.3355,.3355, 1
04/08/2020,09:59,.3381,.3381,.3381,.3381, 1
04/08/2020,10:07,.3389,.3389,.338,.338, 2
04/08/2020,10:11,.338,.338,.338,.338, 1
04/08/2020,10:34,.3376,.3376,.3376,.3376, 1
04/08/2020,10:54,.3376,.3376,.3376,.3376, 1
04/08/2020,11:09,.3381,.3381,.3381,.3381, 1
04/08/2020,11:14,.338,.338,.338,.338, 1
04/08/2020,11:38,.3381,.3381,.3381,.3381, 1
04/08/2020,12:01,.3378,.3378,.3378,.3378, 1
04/08/2020,12:22,.3379,.3379,.3379,.3379, 1
04/08/2020,12:44,.3381,.3381,.3381,.3381, 1
04/08/2020,13:06,.338,.338,.338,.338, 1
04/08/2020,13:28,.3382,.3382,.3382,.3382, 1
04/08/2020,13:51,.3378,.3378,.3378,.3378, 1
04/08/2020,14:14,.3381,.3381,.3381,.3381, 1
04/08/2020,14:37,.3381,.3381,.3381,.3381, 1
04/08/2020,15:00,.3381,.3381,.3381,.3381, 1
04/08/2020,15:22,.3384,.3384,.3384,.3384, 1
04/08/2020,15:44,.3386,.3386,.3386,.3386, 1
04/08/2020,16:07,.3385,.3385,.3385,.3385, 1
04/08/2020,16:29,.3384,.3384,.3384,.3384, 1
04/08/2020,16:52,.3383,.3383,.3383,.3383, 1
04/08/2020,16:57,.3378,.3378,.3378,.3378, 1
04/08/2020,17:03,.3384,.3384,.3384,.3384, 1
04/08/2020,17:16,.3386,.3386,.3386,.3386, 1
04/08/2020,17:40,.3387,.3387,.3387,.3387, 1
04/08/2020,18:04,.3384,.3384,.3384,.3384, 1
04/08/2020,18:24,.3382,.3382,.3382,.3382, 1
04/08/2020,18:47,.3384,.3384,.3384,.3384, 1
04/08/2020,19:09,.3385,.3385,.3385,.3385, 1
04/08/2020,19:30,.3385,.3385,.3385,.3385, 1
04/08/2020,19:53,.3386,.3386,.3386,.3386, 1
04/08/2020,20:13,.3386,.3386,.3386,.3386, 1
04/08/2020,20:36,.3387,.3387,.3387,.3387, 1
04/08/2020,20:58,.3386,.3386,.3386,.3386, 1
04/08/2020,21:22,.3386,.3386,.3386,.3386, 1
04/08/2020,21:44,.3382,.3382,.3382,.3382, 1
04/08/2020,22:05,.3382,.3382,.3382,.3382, 1
04/08/2020,22:26,.3382,.3382,.3382,.3382, 1
04/08/2020,22:48,.3382,.3382,.3382,.3382, 1
04/08/2020,23:10,.3383,.3383,.3383,.3383, 1
04/08/2020,23:33,.3382,.3382,.3382,.3382, 1
04/08/2020,23:55,.3382,.3382,.3382,.3382, 1
04/09/2020,06:36,.3386,.3386,.3386,.3386, 1
04/09/2020,06:57,.3384,.3384,.3384,.3384, 1
04/09/2020,07:41,.3385,.3385,.3385,.3385, 1
04/09/2020,08:02,.3382,.3382,.3382,.3382, 1
04/09/2020,08:24,.3351,.3351,.3351,.3351, 1
04/09/2020,08:26,.3352,.3352,.3352,.3352, 1
04/09/2020,08:40,.337,.337,.337,.337, 1
04/09/2020,08:49,.3372,.3372,.3372,.3372, 1
04/09/2020,09:11,.3375,.3375,.3375,.3375, 1
04/09/2020,09:34,.3376,.3376,.3376,.3376, 1
04/09/2020,09:55,.3381,.3381,.3381,.3381, 1
04/09/2020,09:56,.338,.338,.338,.338, 1
04/09/2020,10:19,.3379,.3379,.3379,.3379, 1
04/09/2020,10:40,.3378,.3378,.3378,.3378, 1
04/09/2020,11:03,.3377,.3377,.3377,.3377, 1
04/09/2020,11:25,.3378,.3378,.3378,.3378, 1
04/09/2020,11:46,.3379,.3379,.3379,.3379, 1
04/09/2020,12:08,.3373,.3373,.3373,.3373, 1
04/09/2020,12:34,.3378,.3378,.3378,.3378, 1
04/09/2020,12:52,.3375,.3375,.3375,.3375, 1
04/09/2020,13:14,.3373,.3373,.3373,.3373, 1
04/09/2020,13:38,.3375,.3375,.3375,.3375, 1
04/09/2020,13:59,.3376,.3376,.3376,.3376, 1
04/09/2020,14:01,.3385,.3385,.3385,.3385, 1
04/09/2020,14:19,.3388,.3388,.3388,.3388, 1
04/09/2020,14:41,.339,.339,.339,.339, 1
04/09/2020,14:53,.3395,.3395,.3395,.3395, 1
04/09/2020,15:05,.3396,.3396,.3396,.3396, 1
04/09/2020,15:11,.3401,.3401,.3401,.3401, 1
04/09/2020,15:24,.3407,.3407,.3407,.3407, 1
04/09/2020,15:28,.3409,.3409,.3409,.3409, 1
04/09/2020,15:49,.3407,.3407,.3407,.3407, 1
04/09/2020,16:09,.3402,.3402,.3402,.3402, 1
04/09/2020,16:32,.3406,.3406,.3406,.3406, 1
04/09/2020,16:54,.3403,.3403,.3403,.3403, 1
04/09/2020,17:38,.3409,.3409,.3409,.3409, 1
04/09/2020,17:59,.341,.341,.341,.341, 1
04/09/2020,18:21,.3411,.3411,.3411,.3411, 1
04/09/2020,18:43,.3409,.3409,.3409,.3409, 1
04/09/2020,19:05,.3412,.3412,.3412,.3412, 1
04/09/2020,19:28,.3414,.3414,.3414,.3414, 1
04/09/2020,19:52,.3413,.3413,.3413,.3413, 1
04/09/2020,20:16,.3412,.3412,.3412,.3412, 1
04/09/2020,20:38,.3413,.3413,.3413,.3413, 1
04/09/2020,20:59,.3407,.3407,.3407,.3407, 1
04/09/2020,21:03,.3408,.3408,.3408,.3408, 1
04/09/2020,21:24,.3408,.3408,.3408,.3408, 1
04/09/2020,21:44,.341,.341,.341,.341, 1
04/09/2020,22:07,.3412,.3412,.3412,.3412, 1
04/09/2020,22:27,.3411,.3411,.3411,.3411, 1
04/09/2020,22:49,.341,.341,.341,.341, 1
04/09/2020,23:11,.341,.341,.341,.341, 1
04/14/2020,08:35,.3406,.3406,.3406,.3406, 1
04/14/2020,08:55,.3404,.3404,.3373,.3373, 2
04/14/2020,09:18,.3375,.3375,.3375,.3375, 1
04/14/2020,09:40,.3373,.3373,.3373,.3373, 1
04/14/2020,10:01,.3373,.3373,.3373,.3373, 1
04/14/2020,10:22,.3369,.3369,.3369,.3369, 1
04/14/2020,10:45,.3371,.3371,.3371,.3371, 1
04/14/2020,11:05,.337,.337,.337,.337, 1
04/14/2020,11:28,.3375,.3375,.3375,.3375, 2
04/14/2020,11:46,.338,.338,.338,.338, 1
04/14/2020,11:50,.3379,.3379,.3379,.3379, 1
04/14/2020,12:13,.3379,.3379,.3379,.3379, 1
04/14/2020,12:37,.3378,.3378,.3378,.3378, 1
04/14/2020,12:59,.3377,.3377,.3377,.3377, 1
04/14/2020,13:42,.3379,.3379,.3379,.3379, 1
04/14/2020,14:00,.3384,.3384,.3384,.3384, 1
04/14/2020,14:04,.3382,.3382,.3382,.3382, 1
04/14/2020,14:25,.3384,.3384,.3384,.3384, 1
04/14/2020,14:48,.3387,.3387,.3387,.3387, 1
04/14/2020,15:10,.3383,.3383,.3383,.3383, 1
04/14/2020,15:35,.3381,.3381,.3381,.3381, 1
04/14/2020,15:58,.3382,.3382,.3382,.3382, 1
04/14/2020,16:19,.3387,.3387,.3387,.3387, 1
04/14/2020,16:39,.3385,.3385,.3385,.3385, 1
04/14/2020,18:06,.3385,.3385,.3385,.3385, 1
04/14/2020,18:27,.3386,.3386,.3386,.3386, 1
04/14/2020,18:48,.3385,.3385,.3385,.3385, 1
04/14/2020,19:13,.3385,.3385,.3385,.3385, 1
04/14/2020,19:34,.3384,.3384,.3384,.3384, 1
04/14/2020,19:55,.3387,.3387,.3387,.3387, 1
04/14/2020,20:17,.3386,.3386,.3386,.3386, 1
04/14/2020,20:40,.3387,.3387,.3387,.3387, 1
04/14/2020,21:03,.3389,.3389,.3389,.3389, 1
04/14/2020,21:25,.3389,.3389,.3389,.3389, 1
04/14/2020,21:45,.3389,.3389,.3389,.3389, 1
04/14/2020,22:09,.339,.339,.339,.339, 1
04/14/2020,22:32,.3388,.3388,.3388,.3388, 1
04/14/2020,22:53,.3389,.3389,.3389,.3389, 1
04/14/2020,23:01,.342,.342,.342,.342, 1
04/14/2020,23:17,.3422,.3422,.3422,.3422, 1
04/14/2020,23:39,.3422,.3422,.3422,.3422, 1
04/15/2020,06:13,.3419,.3419,.3419,.3419, 1
04/15/2020,06:36,.3418,.3418,.3418,.3418, 1
04/15/2020,06:56,.3418,.3418,.3418,.3418, 1
04/15/2020,07:16,.3418,.3418,.3418,.3418, 1
04/15/2020,07:37,.3419,.3419,.3419,.3419, 1
04/15/2020,07:57,.3416,.3416,.3416,.3416, 1
04/15/2020,08:20,.3416,.3416,.3416,.3416, 1
04/15/2020,08:43,.3414,.3414,.3414,.3414, 1
04/15/2020,09:05,.3416,.3416,.3416,.3416, 1
04/15/2020,09:27,.3412,.3412,.3412,.3412, 1
04/15/2020,09:48,.3409,.3409,.3409,.3409, 1
04/15/2020,10:12,.3407,.3407,.3407,.3407, 1
04/15/2020,10:32,.3407,.3407,.3407,.3407, 1
04/15/2020,10:55,.3404,.3404,.3404,.3404, 1
04/15/2020,11:17,.3406,.3406,.3406,.3406, 1
04/15/2020,11:38,.3407,.3407,.3407,.3407, 1
04/15/2020,12:00,.3406,.3406,.3406,.3406, 1
04/15/2020,12:24,.3405,.3405,.3405,.3405, 1
04/15/2020,12:34,.34,.34,.34,.34, 1
04/15/2020,12:46,.3398,.3398,.3398,.3398, 1
04/15/2020,13:09,.3398,.3398,.3398,.3398, 1
04/15/2020,13:31,.34,.34,.34,.34, 1
04/15/2020,13:52,.34,.34,.34,.34, 1
04/15/2020,14:12,.3399,.3399,.3399,.3399, 1
04/15/2020,14:26,.3394,.3394,.3394,.3394, 1
04/15/2020,14:35,.3392,.3392,.3392,.3392, 1
04/15/2020,14:55,.3387,.3387,.3387,.3387, 1
04/15/2020,14:56,.3388,.3388,.3388,.3388, 1
04/15/2020,15:17,.3385,.3385,.3385,.3385, 1
04/15/2020,15:37,.3387,.3387,.3387,.3387, 1
04/15/2020,15:59,.3384,.3384,.3384,.3384, 1
04/15/2020,16:45,.3392,.3392,.3392,.3392, 1
04/15/2020,17:01,.3397,.3397,.3397,.3397, 1
04/15/2020,17:07,.3396,.3396,.3396,.3396, 1
04/15/2020,17:30,.3402,.3402,.3402,.3402, 1
04/15/2020,17:30,.3403,.3403,.3403,.3403, 1
04/15/2020,17:55,.3403,.3403,.3403,.3403, 1
04/15/2020,18:01,.3398,.3398,.3398,.3398, 1
04/15/2020,18:19,.3396,.3396,.3396,.3396, 1
04/15/2020,18:39,.3401,.3401,.3401,.3401, 1
04/15/2020,19:02,.34,.34,.34,.34, 1
04/15/2020,19:26,.3401,.3401,.3401,.3401, 1
04/15/2020,19:46,.34,.34,.34,.34, 1
04/15/2020,20:08,.3402,.3402,.3402,.3402, 1
04/15/2020,20:29,.3408,.3408,.3408,.3408, 1
04/15/2020,20:31,.3407,.3407,.3407,.3407, 1
04/15/2020,20:54,.3404,.3404,.3404,.3404, 1
04/15/2020,21:17,.3401,.3401,.3401,.3401, 1
04/15/2020,21:41,.34,.34,.34,.34, 1
04/15/2020,22:03,.3399,.3399,.3399,.3399, 1
04/15/2020,22:27,.34,.34,.34,.34, 1
04/15/2020,22:49,.3399,.3399,.3399,.3399, 1
04/15/2020,23:12,.3398,.3398,.3398,.3398, 1
04/15/2020,23:34,.3398,.3398,.3398,.3398, 1
04/15/2020,23:55,.3398,.3398,.3398,.3398, 1
04/16/2020,06:05,.3386,.3386,.3386,.3386, 1
04/16/2020,06:26,.3385,.3385,.3385,.3385, 1
04/16/2020,06:49,.3388,.3388,.3388,.3388, 1
04/16/2020,07:12,.3388,.3388,.3388,.3388, 1
04/16/2020,07:35,.339,.339,.339,.339, 1
04/16/2020,07:58,.336,.3363,.336,.3363, 2
04/16/2020,08:18,.3363,.3363,.3363,.3363, 1
04/16/2020,08:40,.3366,.3366,.3366,.3366, 1
04/16/2020,09:04,.3364,.3364,.3364,.3364, 1
04/16/2020,09:15,.3359,.3359,.3359,.3359, 1
04/16/2020,09:28,.3361,.3361,.3361,.3361, 1
04/16/2020,09:51,.3357,.3357,.3357,.3357, 1
04/16/2020,10:12,.3359,.3359,.3359,.3359, 1
04/16/2020,10:36,.3363,.3363,.3363,.3363, 1
04/16/2020,10:59,.3363,.3363,.3363,.3363, 1
04/16/2020,11:19,.3359,.3359,.3359,.3359, 1
04/16/2020,11:39,.3358,.3358,.3358,.3358, 1
04/16/2020,12:04,.3357,.3357,.3357,.3357, 1
04/16/2020,12:26,.3362,.3362,.3362,.3362, 1
04/16/2020,12:47,.336,.336,.336,.336, 1
04/16/2020,13:09,.3361,.3361,.3361,.3361, 1
04/16/2020,13:31,.3361,.3361,.3361,.3361, 1
04/16/2020,13:54,.336,.336,.336,.336, 1
04/16/2020,14:16,.3363,.3363,.3363,.3363, 1
04/16/2020,14:39,.3364,.3364,.3364,.3364, 1
04/16/2020,15:02,.3363,.3363,.3363,.3363, 1
04/16/2020,15:25,.3361,.3361,.3361,.3361, 1
04/16/2020,15:44,.3389,.3389,.3389,.3389, 1
04/16/2020,15:48,.3389,.3389,.3389,.3389, 1
04/16/2020,16:09,.3389,.3389,.3389,.3389, 1
04/16/2020,16:32,.339,.339,.339,.339, 1
04/16/2020,16:42,.3385,.3385,.3385,.3385, 1
04/16/2020,16:54,.3383,.3383,.3383,.3383, 1
04/16/2020,17:04,.3378,.3378,.3378,.3378, 1
04/16/2020,17:17,.3375,.3375,.3375,.3375, 1
04/16/2020,17:41,.3375,.3375,.3375,.3375, 1
04/16/2020,18:05,.338,.338,.338,.338, 2
04/16/2020,18:29,.3376,.3376,.3376,.3376, 1
04/16/2020,18:39,.3371,.3371,.3371,.3371, 1
04/16/2020,18:49,.3374,.3374,.3374,.3374, 1
04/16/2020,19:12,.3378,.3378,.3378,.3378, 1
04/16/2020,19:35,.338,.338,.338,.338, 1
04/16/2020,19:56,.3379,.3379,.3379,.3379, 1
04/16/2020,20:13,.3384,.3384,.3384,.3384, 1
04/16/2020,20:18,.3383,.3383,.3383,.3383, 1
04/16/2020,20:38,.3383,.3383,.3383,.3383, 1
04/16/2020,21:01,.3383,.3383,.3383,.3383, 1
04/16/2020,21:23,.3382,.3382,.3382,.3382, 1
04/16/2020,21:47,.3382,.3382,.3382,.3382, 1
04/16/2020,22:09,.3382,.3382,.3382,.3382, 1
04/16/2020,22:30,.338,.338,.338,.338, 1
04/16/2020,22:51,.338,.338,.338,.338, 1
04/16/2020,23:13,.3378,.3378,.3378,.3378, 1
04/16/2020,23:36,.3381,.3381,.3381,.3381, 1
04/16/2020,23:56,.3386,.3386,.3386,.3386, 1
04/18/2020,14:35,.3391,.3391,.3391,.3391, 1
04/18/2020,15:12,.3391,.3391,.3391,.3391, 1
04/18/2020,15:22,.3391,.3391,.3391,.3391, 1

