03/02/2020,08:02,61.675,61.675,61.675,61.675, 1
03/02/2020,08:45,61.615,61.615,61.615,61.615, 1
03/02/2020,09:28,61.675,61.675,61.675,61.675, 1
03/02/2020,10:32,61.615,61.615,61.615,61.615, 1
03/02/2020,11:16,61.675,61.675,61.675,61.675, 1
03/02/2020,12:26,61.615,61.615,61.615,61.615, 1
03/02/2020,13:08,61.675,61.675,61.675,61.675, 1
03/02/2020,13:48,61.62,61.62,61.62,61.62, 1
03/02/2020,14:15,61.615,61.615,61.615,61.615, 1
03/02/2020,15:25,61.675,61.675,61.675,61.675, 1
03/02/2020,15:46,61.615,61.615,61.615,61.615, 1
03/03/2020,08:53,61.615,61.615,61.615,61.615, 1
03/03/2020,09:39,61.675,61.675,61.675,61.675, 1
03/03/2020,09:59,61.615,61.615,61.615,61.615, 1
03/03/2020,10:21,61.675,61.675,61.675,61.675, 1
03/03/2020,12:36,61.615,61.615,61.615,61.615, 1
03/03/2020,12:57,61.675,61.675,61.675,61.675, 1
03/03/2020,13:47,61.69,61.69,61.69,61.69, 1
03/03/2020,14:44,61.615,61.615,61.615,61.615, 1
03/03/2020,15:25,61.675,61.675,61.675,61.675, 1
03/04/2020,08:31,61.615,61.615,61.615,61.615, 1
03/04/2020,09:39,61.615,61.615,61.615,61.615, 1
03/04/2020,11:30,61.675,61.675,61.675,61.675, 1
03/04/2020,11:53,61.615,61.615,61.615,61.615, 1
03/04/2020,13:20,61.675,61.675,61.675,61.675, 1
03/04/2020,13:43,61.615,61.615,61.615,61.615, 1
03/04/2020,13:47,61.7,61.7,61.7,61.7, 1
03/04/2020,15:35,61.675,61.675,61.675,61.675, 1
03/04/2020,16:21,61.615,61.615,61.615,61.615, 1
03/05/2020,08:41,61.675,61.675,61.675,61.675, 1
03/05/2020,09:03,61.615,61.615,61.615,61.615, 1
03/05/2020,10:11,61.675,61.675,61.675,61.675, 1
03/05/2020,11:38,61.615,61.615,61.615,61.615, 1
03/05/2020,12:44,61.675,61.675,61.675,61.675, 1
03/05/2020,13:30,61.615,61.615,61.615,61.615, 1
03/05/2020,13:48,61.71,61.71,61.71,61.71, 1
03/05/2020,14:57,61.675,61.675,61.675,61.675, 1
03/05/2020,15:20,61.615,61.615,61.615,61.615, 1
03/06/2020,09:25,61.675,61.675,61.675,61.675, 1
03/06/2020,09:45,61.615,61.615,61.615,61.615, 1
03/06/2020,10:07,61.675,61.675,61.675,61.675, 1
03/06/2020,11:59,61.615,61.615,61.615,61.615, 1
03/06/2020,12:22,61.675,61.675,61.675,61.675, 1
03/06/2020,13:48,61.69,61.69,61.69,61.69, 1
03/06/2020,13:51,61.615,61.615,61.615,61.615, 1
03/06/2020,14:15,61.675,61.675,61.675,61.675, 1
03/06/2020,15:22,61.615,61.615,61.615,61.615, 1
03/06/2020,15:42,61.675,61.675,61.675,61.675, 1
03/06/2020,16:25,61.615,61.615,61.615,61.615, 1
03/09/2020,08:00,61.615,61.615,61.615,61.615, 1
03/09/2020,09:05,61.675,61.675,61.675,61.675, 1
03/09/2020,09:27,61.615,61.615,61.615,61.615, 1
03/09/2020,10:10,61.675,61.675,61.675,61.675, 1
03/09/2020,10:54,61.615,61.615,61.615,61.615, 1
03/09/2020,12:02,61.675,61.675,61.675,61.675, 1
03/09/2020,12:45,61.615,61.615,61.615,61.615, 1
03/09/2020,13:29,61.675,61.675,61.675,61.675, 1
03/09/2020,13:48,61.69,61.69,61.69,61.69, 1
03/09/2020,14:36,61.615,61.615,61.615,61.615, 1
03/09/2020,15:44,61.675,61.675,61.675,61.675, 1
03/09/2020,16:05,61.615,61.615,61.615,61.615, 1
03/09/2020,16:28,61.675,61.675,61.675,61.675, 1
03/10/2020,08:30,61.615,61.615,61.615,61.615, 1
03/10/2020,09:13,61.675,61.675,61.675,61.675, 1
03/10/2020,09:58,61.615,61.615,61.615,61.615, 1
03/10/2020,11:25,61.675,61.675,61.675,61.675, 1
03/10/2020,12:35,61.615,61.615,61.615,61.615, 1
03/10/2020,13:47,61.71,61.71,61.71,61.71, 1
03/10/2020,14:00,61.675,61.675,61.675,61.675, 1
03/10/2020,15:03,61.615,61.615,61.615,61.615, 1
03/10/2020,15:46,61.675,61.675,61.675,61.675, 1
03/11/2020,08:30,61.615,61.615,61.615,61.615, 1
03/11/2020,09:37,61.675,61.675,61.675,61.675, 1
03/11/2020,11:05,61.615,61.615,61.615,61.615, 1
03/11/2020,11:29,61.595,61.595,61.595,61.595, 1
03/11/2020,11:51,61.675,61.675,61.675,61.675, 1
03/11/2020,13:19,61.615,61.615,61.615,61.615, 1
03/11/2020,13:41,61.675,61.675,61.675,61.675, 1
03/11/2020,13:48,61.69,61.69,61.69,61.69, 1
03/11/2020,14:51,61.615,61.615,61.615,61.615, 1
03/12/2020,09:24,61.675,61.675,61.675,61.675, 1
03/12/2020,10:10,61.615,61.615,61.615,61.615, 1
03/12/2020,11:36,61.675,61.675,61.675,61.675, 1
03/12/2020,12:23,61.615,61.615,61.615,61.615, 1
03/12/2020,13:28,61.675,61.675,61.675,61.675, 1
03/12/2020,13:47,61.61,61.61,61.61,61.61, 1
03/12/2020,14:56,61.615,61.615,61.615,61.615, 1
03/12/2020,15:39,61.675,61.675,61.675,61.675, 1
03/12/2020,16:00,61.615,61.615,61.615,61.615, 1
03/13/2020,10:52,61.675,61.675,61.675,61.675, 1
03/13/2020,11:14,61.615,61.615,61.615,61.615, 1
03/13/2020,13:05,61.675,61.675,61.675,61.675, 1
03/13/2020,13:28,61.615,61.615,61.615,61.615, 1
03/13/2020,13:47,61.7,61.7,61.7,61.7, 1
03/15/2020,12:30,61.615,61.615,61.615,61.615, 1
03/16/2020,08:04,61.615,61.615,61.615,61.615, 1
03/16/2020,08:10,61.51,61.51,61.51,61.51, 1
03/16/2020,09:25,61.675,61.675,61.675,61.675, 1
03/16/2020,09:26,61.51,61.675,61.51,61.675, 2
03/16/2020,09:27,61.51,61.675,61.51,61.675, 2
03/16/2020,09:28,61.51,61.675,61.51,61.675, 2
03/16/2020,09:29,61.51,61.675,61.51,61.675, 2
03/16/2020,09:30,61.51,61.675,61.51,61.675, 2
03/16/2020,09:31,61.51,61.675,61.51,61.675, 2
03/16/2020,09:33,61.51,61.51,61.51,61.51, 1
03/16/2020,09:34,61.675,61.675,61.675,61.675, 1
03/16/2020,09:35,61.51,61.675,61.51,61.675, 2
03/16/2020,09:36,61.51,61.675,61.51,61.675, 2
03/16/2020,09:37,61.51,61.675,61.51,61.675, 2
03/16/2020,09:38,61.51,61.675,61.51,61.675, 2
03/16/2020,09:39,61.51,61.675,61.51,61.675, 2
03/16/2020,09:40,61.51,61.675,61.51,61.675, 2
03/16/2020,09:41,61.51,61.675,61.51,61.675, 2
03/16/2020,09:42,61.51,61.675,61.51,61.675, 2
03/16/2020,09:43,61.51,61.675,61.51,61.675, 2
03/16/2020,09:44,61.51,61.675,61.51,61.675, 2
03/16/2020,09:45,61.51,61.675,61.51,61.675, 2
03/16/2020,09:46,61.51,61.675,61.51,61.675, 2
03/16/2020,09:47,61.51,61.675,61.51,61.675, 2
03/16/2020,09:48,61.51,61.675,61.51,61.675, 2
03/16/2020,09:49,61.51,61.675,61.51,61.675, 2
03/16/2020,09:50,61.51,61.675,61.51,61.675, 2
03/16/2020,09:51,61.51,61.675,61.51,61.675, 2
03/16/2020,09:52,61.51,61.51,61.51,61.51, 1
03/16/2020,09:54,61.675,61.675,61.675,61.675, 1
03/16/2020,09:55,61.51,61.675,61.51,61.675, 2
03/16/2020,09:56,61.51,61.675,61.51,61.675, 2
03/16/2020,09:57,61.51,61.675,61.51,61.675, 2
03/16/2020,09:58,61.51,61.675,61.51,61.675, 2
03/16/2020,09:59,61.51,61.675,61.51,61.675, 2
03/16/2020,10:00,61.51,61.675,61.51,61.675, 2
03/16/2020,10:01,61.51,61.675,61.51,61.675, 2
03/16/2020,10:02,61.51,61.675,61.51,61.675, 2
03/16/2020,10:03,61.51,61.675,61.51,61.675, 2
03/16/2020,10:04,61.51,61.675,61.51,61.675, 2
03/16/2020,10:05,61.51,61.675,61.51,61.675, 2
03/16/2020,10:06,61.51,61.675,61.51,61.675, 2
03/16/2020,10:07,61.51,61.675,61.51,61.675, 2
03/16/2020,10:08,61.51,61.675,61.51,61.675, 2
03/16/2020,10:09,61.51,61.675,61.51,61.675, 2
03/16/2020,10:11,61.51,61.675,61.51,61.675, 2
03/16/2020,10:12,61.51,61.675,61.51,61.675, 2
03/16/2020,10:13,61.51,61.675,61.51,61.675, 2
03/16/2020,10:14,61.51,61.675,61.51,61.675, 2
03/16/2020,10:15,61.51,61.675,61.51,61.675, 2
03/16/2020,10:16,61.51,61.675,61.51,61.675, 2
03/16/2020,10:17,61.51,61.675,61.51,61.675, 2
03/16/2020,10:18,61.51,61.675,61.51,61.675, 2
03/16/2020,10:19,61.51,61.675,61.51,61.675, 2
03/16/2020,10:20,61.51,61.675,61.51,61.675, 2
03/16/2020,10:21,61.51,61.675,61.51,61.675, 2
03/16/2020,10:22,61.51,61.675,61.51,61.675, 2
03/16/2020,10:23,61.51,61.675,61.51,61.675, 2
03/16/2020,10:24,61.51,61.675,61.51,61.675, 2
03/16/2020,10:25,61.51,61.675,61.51,61.675, 2
03/16/2020,10:26,61.51,61.675,61.51,61.675, 2
03/16/2020,10:27,61.51,61.675,61.51,61.675, 2
03/16/2020,10:28,61.51,61.675,61.51,61.675, 2
03/16/2020,10:29,61.51,61.675,61.51,61.675, 2
03/16/2020,10:30,61.51,61.675,61.51,61.675, 2
03/16/2020,10:31,61.51,61.675,61.51,61.675, 2
03/16/2020,10:32,61.51,61.675,61.51,61.675, 2
03/16/2020,10:33,61.51,61.675,61.51,61.675, 2
03/16/2020,10:34,61.51,61.675,61.51,61.675, 2
03/16/2020,10:35,61.51,61.675,61.51,61.675, 2
03/16/2020,10:36,61.51,61.675,61.51,61.675, 2
03/16/2020,10:37,61.675,61.675,61.675,61.675, 1
03/16/2020,10:38,61.51,61.675,61.51,61.675, 2
03/16/2020,10:39,61.51,61.675,61.51,61.675, 2
03/16/2020,10:40,61.51,61.675,61.51,61.675, 2
03/16/2020,10:41,61.51,61.675,61.51,61.675, 2
03/16/2020,10:42,61.51,61.675,61.51,61.675, 2
03/16/2020,10:43,61.51,61.675,61.51,61.675, 2
03/16/2020,10:44,61.51,61.675,61.51,61.675, 2
03/16/2020,10:45,61.51,61.675,61.51,61.675, 2
03/16/2020,10:46,61.51,61.675,61.51,61.675, 2
03/16/2020,10:47,61.51,61.675,61.51,61.675, 2
03/16/2020,10:48,61.51,61.675,61.51,61.675, 2
03/16/2020,10:49,61.51,61.675,61.51,61.675, 2
03/16/2020,10:50,61.51,61.675,61.51,61.675, 2
03/16/2020,10:51,61.51,61.51,61.51,61.51, 1
03/16/2020,10:53,61.675,61.675,61.675,61.675, 1
03/16/2020,10:54,61.51,61.675,61.51,61.675, 2
03/16/2020,10:55,61.51,61.675,61.51,61.675, 2
03/16/2020,10:56,61.51,61.675,61.51,61.675, 2
03/16/2020,10:57,61.51,61.675,61.51,61.675, 2
03/16/2020,10:58,61.51,61.675,61.51,61.675, 2
03/16/2020,10:59,61.51,61.675,61.51,61.675, 2
03/16/2020,11:00,61.51,61.675,61.51,61.675, 2
03/16/2020,11:01,61.51,61.675,61.51,61.675, 2
03/16/2020,11:02,61.51,61.675,61.51,61.675, 2
03/16/2020,11:03,61.51,61.675,61.51,61.675, 2
03/16/2020,11:04,61.51,61.675,61.51,61.675, 2
03/16/2020,11:05,61.51,61.675,61.51,61.675, 2
03/16/2020,11:06,61.51,61.675,61.51,61.675, 2
03/16/2020,11:07,61.51,61.675,61.51,61.675, 2
03/16/2020,13:48,61.72,61.72,61.72,61.72, 1
03/17/2020,07:56,61.51,61.51,61.51,61.51, 1
03/17/2020,09:33,61.675,61.675,61.675,61.675, 1
03/17/2020,09:34,61.51,61.675,61.51,61.675, 2
03/17/2020,09:35,61.51,61.675,61.51,61.675, 2
03/17/2020,09:36,61.51,61.675,61.51,61.675, 2
03/17/2020,09:37,61.51,61.675,61.51,61.675, 2
03/17/2020,09:38,61.51,61.675,61.51,61.675, 2
03/17/2020,09:39,61.675,61.675,61.675,61.675, 1
03/17/2020,09:40,61.51,61.675,61.51,61.675, 2
03/17/2020,09:41,61.51,61.675,61.51,61.675, 2
03/17/2020,09:42,61.51,61.675,61.51,61.675, 2
03/17/2020,09:44,61.51,61.675,61.51,61.675, 2
03/17/2020,09:45,61.51,61.675,61.51,61.675, 2
03/17/2020,09:46,61.51,61.675,61.51,61.675, 2
03/17/2020,09:47,61.51,61.675,61.51,61.675, 2
03/17/2020,09:48,61.51,61.675,61.51,61.675, 2
03/17/2020,09:49,61.51,61.675,61.51,61.675, 2
03/17/2020,09:50,61.51,61.675,61.51,61.675, 2
03/17/2020,09:51,61.51,61.675,61.51,61.675, 2
03/17/2020,09:52,61.51,61.675,61.51,61.675, 2
03/17/2020,09:53,61.51,61.675,61.51,61.675, 2
03/17/2020,09:54,61.51,61.675,61.51,61.675, 2
03/17/2020,09:56,61.51,61.675,61.51,61.675, 2
03/17/2020,09:57,61.51,61.675,61.51,61.675, 2
03/17/2020,09:58,61.51,61.675,61.51,61.675, 2
03/17/2020,09:59,61.51,61.675,61.51,61.675, 2
03/17/2020,10:00,61.51,61.675,61.51,61.675, 2
03/17/2020,10:01,61.51,61.51,61.51,61.51, 1
03/17/2020,10:04,61.51,61.675,61.51,61.675, 2
03/17/2020,10:05,61.51,61.675,61.51,61.675, 2
03/17/2020,10:06,61.51,61.675,61.51,61.675, 2
03/17/2020,10:07,61.51,61.675,61.51,61.675, 2
03/17/2020,10:08,61.51,61.675,61.51,61.675, 2
03/17/2020,10:09,61.51,61.675,61.51,61.675, 2
03/17/2020,10:10,61.51,61.675,61.51,61.675, 2
03/17/2020,10:12,61.51,61.675,61.51,61.675, 2
03/17/2020,10:14,61.51,61.675,61.51,61.675, 2
03/17/2020,10:15,61.51,61.675,61.51,61.675, 2
03/17/2020,10:16,61.51,61.675,61.51,61.675, 2
03/17/2020,10:17,61.51,61.675,61.51,61.675, 2
03/17/2020,10:18,61.51,61.675,61.51,61.675, 2
03/17/2020,10:19,61.51,61.675,61.51,61.675, 2
03/17/2020,10:20,61.51,61.675,61.51,61.675, 2
03/17/2020,10:21,61.51,61.675,61.51,61.675, 2
03/17/2020,10:22,61.51,61.675,61.51,61.675, 2
03/17/2020,10:23,61.51,61.675,61.51,61.675, 2
03/17/2020,10:24,61.51,61.675,61.51,61.675, 2
03/17/2020,10:25,61.51,61.675,61.51,61.675, 2
03/17/2020,10:26,61.51,61.675,61.51,61.675, 2
03/17/2020,10:28,61.51,61.675,61.51,61.675, 2
03/17/2020,10:30,61.51,61.675,61.51,61.675, 2
03/17/2020,10:32,61.51,61.675,61.51,61.675, 2
03/17/2020,10:33,61.51,61.675,61.51,61.675, 2
03/17/2020,10:34,61.51,61.675,61.51,61.675, 2
03/17/2020,10:35,61.51,61.51,61.51,61.51, 1
03/17/2020,10:37,61.675,61.675,61.675,61.675, 1
03/17/2020,10:38,61.51,61.675,61.51,61.675, 2
03/17/2020,10:40,61.51,61.675,61.51,61.675, 2
03/17/2020,10:41,61.51,61.675,61.51,61.675, 2
03/17/2020,10:42,61.51,61.675,61.51,61.675, 2
03/17/2020,10:44,61.51,61.675,61.51,61.675, 2
03/17/2020,10:45,61.51,61.675,61.51,61.675, 2
03/17/2020,10:46,61.51,61.675,61.51,61.675, 2
03/17/2020,10:47,61.51,61.675,61.51,61.675, 2
03/17/2020,10:48,61.51,61.675,61.51,61.675, 2
03/17/2020,10:49,61.51,61.675,61.51,61.675, 2
03/17/2020,10:50,61.51,61.675,61.51,61.675, 2
03/17/2020,10:52,61.51,61.675,61.51,61.675, 2
03/17/2020,10:53,61.51,61.675,61.51,61.675, 2
03/17/2020,10:54,61.51,61.675,61.51,61.675, 2
03/17/2020,10:55,61.51,61.675,61.51,61.675, 2
03/17/2020,10:56,61.51,61.675,61.51,61.675, 2
03/17/2020,10:57,61.51,61.675,61.51,61.675, 2
03/17/2020,10:58,61.51,61.675,61.51,61.675, 2
03/17/2020,10:59,61.675,61.675,61.675,61.675, 1
03/17/2020,11:29,61.615,61.615,61.615,61.615, 1
03/17/2020,13:21,61.675,61.675,61.675,61.675, 1
03/17/2020,13:48,61.69,61.69,61.69,61.69, 1
03/17/2020,14:26,61.615,61.615,61.615,61.615, 1
03/17/2020,15:50,61.615,61.615,61.615,61.615, 1
03/18/2020,09:20,61.675,61.675,61.675,61.675, 1
03/18/2020,09:41,61.615,61.615,61.615,61.615, 1
03/18/2020,12:39,61.615,61.615,61.615,61.615, 1
03/18/2020,13:47,61.7,61.7,61.7,61.7, 1
03/18/2020,14:08,61.675,61.675,61.675,61.675, 1
03/18/2020,14:32,61.615,61.615,61.615,61.615, 1
03/19/2020,10:35,61.675,61.675,61.675,61.675, 1
03/19/2020,11:40,61.615,61.615,61.615,61.615, 1
03/19/2020,12:47,61.675,61.675,61.675,61.675, 1
03/19/2020,13:32,61.615,61.615,61.615,61.615, 1
03/19/2020,13:46,61.74,61.74,61.74,61.74, 1
03/19/2020,15:22,61.615,61.615,61.615,61.615, 1
03/20/2020,08:45,61.675,61.675,61.675,61.675, 1
03/20/2020,09:07,61.615,61.615,61.615,61.615, 1
03/20/2020,13:47,61.71,61.71,61.71,61.71, 1
03/20/2020,14:41,61.675,61.675,61.675,61.675, 1
03/20/2020,15:04,61.615,61.615,61.615,61.615, 1
03/23/2020,08:11,61.615,61.615,61.615,61.615, 1
03/23/2020,08:54,61.675,61.675,61.675,61.675, 1
03/23/2020,09:16,61.615,61.615,61.615,61.615, 1
03/23/2020,10:21,61.675,61.675,61.675,61.675, 1
03/23/2020,10:41,61.615,61.615,61.615,61.615, 1
03/23/2020,11:05,61.695,61.695,61.695,61.695, 1
03/23/2020,11:26,61.615,61.615,61.615,61.615, 1
03/23/2020,12:13,61.695,61.695,61.695,61.695, 1
03/23/2020,13:48,61.73,61.73,61.73,61.73, 1
03/24/2020,09:05,61.51,61.695,61.51,61.695, 2
03/24/2020,09:06,61.51,61.695,61.51,61.695, 2
03/24/2020,09:07,61.51,61.695,61.51,61.695, 2
03/24/2020,09:08,61.51,61.695,61.51,61.695, 2
03/24/2020,09:09,61.51,61.695,61.51,61.695, 2
03/24/2020,09:10,61.51,61.695,61.51,61.695, 2
03/24/2020,09:11,61.51,61.695,61.51,61.695, 2
03/24/2020,09:12,61.51,61.695,61.51,61.695, 2
03/24/2020,09:13,61.51,61.695,61.51,61.695, 2
03/24/2020,09:14,61.51,61.695,61.51,61.695, 2
03/24/2020,09:15,61.51,61.695,61.51,61.695, 2
03/24/2020,09:16,61.51,61.51,61.51,61.51, 1
03/24/2020,09:17,61.695,61.695,61.51,61.695, 3
03/24/2020,09:18,61.51,61.695,61.51,61.695, 2
03/24/2020,09:19,61.51,61.51,61.51,61.51, 1
03/24/2020,09:20,61.695,61.695,61.51,61.695, 3
03/24/2020,09:21,61.51,61.51,61.51,61.51, 1
03/24/2020,09:22,61.695,61.695,61.51,61.51, 2
03/24/2020,09:23,61.695,61.695,61.51,61.51, 2
03/24/2020,09:24,61.695,61.695,61.51,61.695, 3
03/24/2020,09:25,61.51,61.695,61.51,61.695, 2
03/24/2020,09:26,61.51,61.695,61.51,61.695, 2
03/24/2020,09:27,61.51,61.695,61.51,61.695, 2
03/24/2020,09:28,61.51,61.695,61.51,61.695, 2
03/24/2020,09:29,61.51,61.695,61.51,61.695, 2
03/24/2020,09:30,61.51,61.695,61.51,61.695, 2
03/24/2020,09:31,61.51,61.695,61.51,61.695, 2
03/24/2020,09:32,61.51,61.695,61.51,61.695, 2
03/24/2020,09:33,61.51,61.695,61.51,61.695, 2
03/24/2020,09:34,61.51,61.51,61.51,61.51, 1
03/24/2020,09:35,61.695,61.695,61.51,61.51, 2
03/24/2020,09:36,61.695,61.695,61.51,61.695, 3
03/24/2020,09:37,61.51,61.51,61.51,61.51, 1
03/24/2020,09:38,61.695,61.695,61.51,61.695, 3
03/24/2020,09:39,61.51,61.695,61.51,61.695, 2
03/24/2020,09:40,61.51,61.695,61.51,61.695, 2
03/24/2020,09:41,61.51,61.695,61.51,61.695, 2
03/24/2020,09:42,61.51,61.51,61.51,61.51, 1
03/24/2020,09:43,61.695,61.695,61.51,61.695, 3
03/24/2020,09:44,61.51,61.695,61.51,61.695, 2
03/24/2020,09:45,61.51,61.51,61.51,61.51, 1
03/24/2020,09:46,61.695,61.695,61.51,61.695, 3
03/24/2020,09:47,61.51,61.695,61.51,61.695, 2
03/24/2020,09:48,61.51,61.695,61.51,61.695, 2
03/24/2020,09:49,61.51,61.695,61.51,61.695, 2
03/24/2020,09:50,61.51,61.695,61.51,61.695, 2
03/24/2020,09:51,61.51,61.695,61.51,61.695, 2
03/24/2020,09:52,61.51,61.695,61.51,61.695, 2
03/24/2020,09:53,61.51,61.695,61.51,61.695, 2
03/24/2020,09:54,61.51,61.695,61.51,61.695, 2
03/24/2020,09:55,61.51,61.695,61.51,61.695, 2
03/24/2020,09:56,61.51,61.695,61.51,61.695, 2
03/24/2020,09:57,61.51,61.695,61.51,61.695, 2
03/24/2020,09:58,61.51,61.695,61.51,61.695, 2
03/24/2020,09:59,61.51,61.695,61.51,61.695, 2
03/24/2020,10:00,61.51,61.695,61.51,61.695, 2
03/24/2020,10:01,61.51,61.695,61.51,61.695, 2
03/24/2020,10:02,61.51,61.695,61.51,61.695, 2
03/24/2020,10:03,61.51,61.695,61.51,61.695, 2
03/24/2020,10:04,61.51,61.695,61.51,61.695, 2
03/24/2020,10:05,61.51,61.695,61.51,61.695, 2
03/24/2020,10:06,61.51,61.695,61.51,61.695, 2
03/24/2020,10:07,61.51,61.695,61.51,61.695, 2
03/24/2020,10:08,61.51,61.695,61.51,61.695, 2
03/24/2020,10:09,61.51,61.695,61.51,61.695, 2
03/24/2020,10:10,61.51,61.695,61.51,61.695, 2
03/24/2020,10:11,61.51,61.695,61.51,61.695, 2
03/24/2020,10:12,61.51,61.695,61.51,61.695, 2
03/24/2020,10:13,61.51,61.51,61.51,61.51, 1
03/24/2020,10:14,61.695,61.695,61.51,61.695, 3
03/24/2020,10:15,61.51,61.695,61.51,61.695, 2
03/24/2020,10:16,61.51,61.695,61.51,61.695, 2
03/24/2020,10:17,61.51,61.695,61.51,61.695, 2
03/24/2020,10:18,61.51,61.695,61.51,61.695, 2
03/24/2020,10:19,61.51,61.695,61.51,61.695, 2
03/24/2020,10:20,61.51,61.695,61.51,61.695, 2
03/24/2020,10:21,61.51,61.695,61.51,61.695, 2
03/24/2020,10:22,61.51,61.695,61.51,61.695, 2
03/24/2020,10:23,61.51,61.695,61.51,61.695, 2
03/24/2020,10:24,61.51,61.695,61.51,61.695, 2
03/24/2020,10:25,61.51,61.695,61.51,61.695, 2
03/24/2020,10:26,61.51,61.695,61.51,61.695, 2
03/24/2020,10:27,61.51,61.695,61.51,61.695, 2
03/24/2020,10:28,61.51,61.695,61.51,61.695, 2
03/24/2020,10:29,61.51,61.51,61.51,61.51, 1
03/24/2020,10:30,61.695,61.695,61.51,61.695, 3
03/24/2020,10:31,61.51,61.695,61.51,61.695, 2
03/24/2020,10:32,61.51,61.695,61.51,61.695, 2
03/24/2020,10:33,61.51,61.695,61.51,61.695, 2
03/24/2020,10:34,61.51,61.695,61.51,61.695, 2
03/24/2020,10:35,61.51,61.695,61.51,61.695, 2
03/24/2020,10:36,61.51,61.695,61.51,61.695, 2
03/24/2020,10:37,61.51,61.695,61.51,61.695, 2
03/24/2020,10:38,61.51,61.695,61.51,61.695, 2
03/24/2020,10:39,61.51,61.695,61.51,61.695, 2
03/24/2020,10:40,61.51,61.695,61.51,61.695, 2
03/24/2020,10:41,61.51,61.695,61.51,61.695, 2
03/24/2020,10:42,61.51,61.695,61.51,61.695, 2
03/24/2020,10:43,61.51,61.695,61.51,61.695, 2
03/24/2020,10:44,61.51,61.695,61.51,61.695, 2
03/24/2020,10:45,61.51,61.695,61.51,61.695, 2
03/24/2020,10:46,61.51,61.695,61.51,61.695, 2
03/24/2020,10:47,61.51,61.695,61.51,61.695, 2
03/24/2020,10:48,61.51,61.695,61.51,61.695, 2
03/24/2020,10:49,61.51,61.695,61.51,61.695, 2
03/24/2020,13:47,61.71,61.71,61.71,61.71, 1
03/24/2020,16:04,61.51,61.695,61.51,61.695, 2
03/24/2020,16:05,61.51,61.51,61.51,61.51, 1
03/24/2020,16:08,61.695,61.695,61.51,61.51, 2
03/24/2020,16:08,61.695,61.695,61.695,61.695, 1
03/24/2020,16:09,61.51,61.695,61.51,61.695, 2
03/24/2020,16:10,61.51,61.695,61.51,61.695, 2
03/24/2020,16:11,61.51,61.51,61.51,61.51, 1
03/24/2020,16:11,61.695,61.695,61.695,61.695, 1
03/24/2020,16:12,61.51,61.695,61.51,61.695, 2
03/24/2020,16:13,61.51,61.51,61.51,61.51, 1
03/24/2020,16:14,61.695,61.695,61.51,61.51, 2
03/24/2020,16:15,61.695,61.695,61.51,61.51, 2
03/24/2020,16:16,61.695,61.695,61.51,61.51, 2
03/24/2020,16:16,61.695,61.695,61.695,61.695, 1
03/24/2020,16:17,61.51,61.695,61.51,61.695, 2
03/24/2020,16:18,61.51,61.695,61.51,61.695, 2
03/24/2020,16:19,61.51,61.695,61.51,61.695, 2
03/24/2020,16:20,61.51,61.695,61.51,61.695, 2
03/24/2020,16:21,61.51,61.695,61.51,61.695, 2
03/25/2020,13:48,61.71,61.71,61.71,61.71, 1
03/26/2020,13:47,62.48,62.48,62.48,62.48, 1
03/27/2020,13:47,62.88,62.88,62.88,62.88, 1
03/30/2020,08:07,61.695,61.695,61.695,61.695, 1
03/30/2020,08:26,61.615,61.615,61.615,61.615, 1
03/30/2020,08:50,61.695,61.695,61.695,61.695, 1
03/30/2020,09:33,61.615,61.615,61.615,61.615, 1
03/30/2020,13:13,61.695,61.695,61.695,61.695, 1
03/30/2020,13:35,61.615,61.615,61.615,61.615, 1
03/30/2020,13:47,61.72,61.72,61.72,61.72, 1
03/30/2020,16:34,61.695,61.695,61.695,61.695, 1
03/30/2020,16:56,61.615,61.615,61.615,61.615, 1
03/31/2020,08:36,61.695,61.695,61.695,61.695, 1
03/31/2020,13:47,61.72,61.72,61.72,61.72, 1
03/31/2020,15:25,61.51,61.51,61.51,61.51, 1
03/31/2020,15:26,61.695,61.695,61.51,61.51, 2
03/31/2020,15:27,61.695,61.695,61.51,61.51, 2
03/31/2020,15:28,61.695,61.695,61.51,61.51, 2
03/31/2020,15:29,61.695,61.695,61.51,61.51, 2
03/31/2020,15:30,61.695,61.695,61.51,61.51, 2
03/31/2020,15:31,61.695,61.695,61.51,61.51, 2
03/31/2020,15:32,61.695,61.695,61.51,61.51, 2
03/31/2020,15:33,61.695,61.695,61.51,61.51, 2
03/31/2020,15:34,61.695,61.695,61.51,61.51, 2
03/31/2020,15:35,61.695,61.695,61.51,61.51, 2
03/31/2020,15:36,61.695,61.695,61.51,61.51, 2
03/31/2020,15:37,61.695,61.695,61.51,61.51, 2
03/31/2020,15:38,61.695,61.695,61.51,61.51, 2
03/31/2020,15:39,61.695,61.695,61.51,61.51, 2
03/31/2020,15:40,61.695,61.695,61.51,61.51, 2
03/31/2020,15:41,61.695,61.695,61.51,61.51, 2
03/31/2020,15:42,61.695,61.695,61.51,61.51, 2
03/31/2020,15:43,61.695,61.695,61.51,61.51, 2
03/31/2020,15:44,61.695,61.695,61.51,61.51, 2
03/31/2020,15:45,61.695,61.695,61.51,61.51, 2
03/31/2020,15:46,61.695,61.695,61.51,61.51, 2
03/31/2020,15:47,61.695,61.695,61.51,61.51, 2
03/31/2020,15:48,61.695,61.695,61.51,61.51, 2
03/31/2020,15:49,61.695,61.695,61.51,61.51, 2
03/31/2020,15:50,61.695,61.695,61.51,61.51, 2
03/31/2020,15:50,61.695,61.695,61.695,61.695, 1
03/31/2020,15:51,61.51,61.695,61.51,61.695, 2
03/31/2020,15:52,61.51,61.695,61.51,61.695, 2
03/31/2020,15:53,61.51,61.51,61.51,61.51, 1
03/31/2020,15:54,61.695,61.695,61.51,61.51, 2
03/31/2020,15:55,61.695,61.695,61.51,61.51, 2
03/31/2020,15:55,61.695,61.695,61.695,61.695, 1
03/31/2020,15:56,61.51,61.51,61.51,61.51, 1
03/31/2020,15:56,61.695,61.695,61.695,61.695, 1
03/31/2020,15:57,61.51,61.695,61.51,61.695, 2
03/31/2020,15:58,61.51,61.51,61.51,61.51, 1
03/31/2020,15:58,61.695,61.695,61.695,61.695, 1
03/31/2020,15:59,61.51,61.51,61.51,61.51, 1
03/31/2020,16:00,61.695,61.695,61.51,61.51, 2
03/31/2020,16:00,61.695,61.695,61.695,61.695, 1
03/31/2020,16:01,61.51,61.51,61.51,61.51, 1
03/31/2020,16:02,61.695,61.695,61.51,61.51, 2
03/31/2020,16:02,61.695,61.695,61.695,61.695, 1
03/31/2020,16:03,61.51,61.51,61.51,61.51, 1
03/31/2020,16:04,61.695,61.695,61.51,61.51, 2
03/31/2020,16:04,61.695,61.695,61.695,61.695, 1
03/31/2020,16:05,61.51,61.51,61.51,61.51, 1
03/31/2020,16:05,61.695,61.695,61.695,61.695, 1
03/31/2020,16:06,61.51,61.51,61.51,61.51, 1
03/31/2020,16:07,61.695,61.695,61.51,61.51, 2
03/31/2020,16:07,61.695,61.695,61.695,61.695, 1
03/31/2020,16:08,61.51,61.51,61.51,61.51, 1
03/31/2020,16:09,61.695,61.695,61.51,61.51, 2
03/31/2020,16:09,61.695,61.695,61.695,61.695, 1
03/31/2020,16:10,61.51,61.695,61.51,61.695, 2
03/31/2020,16:11,61.51,61.51,61.51,61.51, 1
03/31/2020,16:12,61.695,61.695,61.51,61.51, 2
03/31/2020,16:12,61.695,61.695,61.695,61.695, 1
03/31/2020,16:13,61.51,61.51,61.51,61.51, 1
03/31/2020,16:13,61.695,61.695,61.695,61.695, 1
03/31/2020,16:14,61.51,61.695,61.51,61.695, 2
03/31/2020,16:15,61.51,61.695,61.51,61.695, 2
03/31/2020,16:16,61.51,61.51,61.51,61.51, 1
03/31/2020,16:16,61.695,61.695,61.695,61.695, 1
03/31/2020,16:17,61.51,61.695,61.51,61.695, 2
03/31/2020,16:18,61.51,61.695,61.51,61.695, 2
03/31/2020,16:19,61.51,61.51,61.51,61.51, 1
03/31/2020,16:20,61.695,61.695,61.51,61.51, 2
03/31/2020,16:20,61.695,61.695,61.695,61.695, 1
03/31/2020,16:21,61.51,61.695,61.51,61.695, 2
03/31/2020,16:22,61.51,61.695,61.51,61.695, 2
03/31/2020,16:23,61.51,61.51,61.51,61.51, 1
03/31/2020,16:24,61.695,61.695,61.51,61.51, 2
03/31/2020,16:25,61.695,61.695,61.51,61.51, 2
03/31/2020,16:25,61.695,61.695,61.695,61.695, 1
03/31/2020,16:26,61.51,61.695,61.51,61.695, 2
03/31/2020,16:27,61.51,61.51,61.51,61.51, 1
03/31/2020,16:27,61.695,61.695,61.695,61.695, 1
03/31/2020,16:28,61.51,61.695,61.51,61.695, 2
03/31/2020,16:29,61.51,61.695,61.51,61.695, 2
03/31/2020,16:30,61.51,61.695,61.51,61.695, 2
03/31/2020,16:31,61.51,61.51,61.51,61.51, 1
03/31/2020,16:31,61.695,61.695,61.695,61.695, 1
03/31/2020,16:33,61.51,61.695,61.51,61.51, 3
03/31/2020,16:33,61.695,61.695,61.695,61.695, 1
03/31/2020,16:34,61.51,61.51,61.51,61.51, 1

