04/01/2020,15:32,44.97,45.15,44.79,44.97, 1300
04/01/2020,15:32,44.8,44.8,44.43,44.43, 1000
04/01/2020,15:35,44.43,44.43,44.07,44.07, 592
04/01/2020,15:35,44.09,44.09,44.07,44.07, 200
04/01/2020,15:37,43.94,43.94,43.94,43.94, 100
04/01/2020,15:37,44.09,44.3,44.09,44.3, 1080
04/01/2020,15:38,44.15,44.15,44.12,44.13, 400
04/01/2020,15:44,44.3,44.3,44.3,44.3, 300
04/01/2020,15:47,44.42,44.42,44.42,44.42, 200
04/01/2020,15:47,44.12,44.12,44.12,44.12, 100
04/01/2020,15:57,43.98,44.16,43.98,44.16, 700
04/01/2020,16:02,44.29,44.29,43.01,43.7, 1000
04/01/2020,16:02,43.86,43.86,43.85,43.85, 200
04/01/2020,16:08,43.83,43.83,43.83,43.83, 100
04/01/2020,16:13,43.65,43.65,43.65,43.65, 300
04/01/2020,16:31,43.65,43.86,43.65,43.86, 200
04/01/2020,16:32,43.83,43.83,43.83,43.83, 100
04/01/2020,16:32,43.85,43.85,43.85,43.85, 300
04/01/2020,16:34,43.86,43.86,43.86,43.86, 100
04/01/2020,16:35,43.69,43.69,43.69,43.69, 200
04/01/2020,16:43,43.78,43.83,43.78,43.83, 200
04/01/2020,16:53,43.573,43.63,43.51,43.51, 900
04/01/2020,16:54,43.39,43.39,43.39,43.39, 100
04/01/2020,16:55,43.61,43.61,43.61,43.61, 100
04/01/2020,17:00,43.61,43.61,43.61,43.61, 200
04/01/2020,17:04,43.6,43.6,43.6,43.6, 100
04/01/2020,17:05,43.6,43.62,43.6,43.62, 300
04/01/2020,17:21,43.63,43.63,43.63,43.63, 100
04/01/2020,17:26,43.44,43.44,43.44,43.44, 500
04/01/2020,17:27,43.485,43.485,43.485,43.485, 200
04/01/2020,17:30,43.49,43.49,43.49,43.49, 100
04/01/2020,17:33,43.45,43.45,43.45,43.45, 200
04/01/2020,17:56,43.46,43.46,43.46,43.46, 100
04/01/2020,18:08,43.54,43.54,43.49,43.49, 200
04/01/2020,18:13,43.5,43.5,43.5,43.5, 100
04/01/2020,18:19,43.28,43.285,43.28,43.285, 300
04/01/2020,18:21,43.29,43.395,43.29,43.395, 400
04/01/2020,18:32,43.39,43.39,43.39,43.39, 100
04/01/2020,18:35,43.5,43.54,43.39,43.39, 700
04/01/2020,18:36,43.485,43.485,43.485,43.485, 100
04/01/2020,18:38,43.59,43.59,43.59,43.59, 200
04/01/2020,18:49,43.48,43.48,43.48,43.48, 100
04/01/2020,18:50,43.59,43.59,43.59,43.59, 100
04/01/2020,18:52,43.62,43.62,43.48,43.48, 300
04/01/2020,18:55,43.5,43.62,43.46,43.62, 500
04/01/2020,18:56,43.48,43.48,43.48,43.48, 100
04/01/2020,18:59,43.48,43.48,43.48,43.48, 100
04/01/2020,19:08,43.48,43.48,43.48,43.48, 100
04/01/2020,19:09,43.48,43.48,43.48,43.48, 100
04/01/2020,19:10,43.53,43.53,43.47,43.5, 300
04/01/2020,19:11,43.59,43.59,43.59,43.59, 100
04/01/2020,19:15,43.6,43.6,43.6,43.6, 223
04/01/2020,19:17,43.47,43.47,43.47,43.47, 100
04/01/2020,19:18,43.535,43.535,43.535,43.535, 100
04/01/2020,19:31,43.47,43.52,43.44,43.455, 1100
04/01/2020,19:32,43.52,43.52,43.52,43.52, 155
04/01/2020,19:33,43.46,43.46,43.46,43.46, 100
04/01/2020,19:38,43.45,43.45,43.45,43.45, 100
04/01/2020,19:42,43.59,43.59,43.59,43.59, 100
04/01/2020,19:44,43.66,43.66,43.58,43.58, 290
04/01/2020,19:48,43.705,43.705,43.705,43.705, 100
04/01/2020,19:53,43.84,43.84,43.84,43.84, 100
04/01/2020,19:53,43.84,43.84,43.84,43.84, 100
04/01/2020,19:55,43.83,43.87,43.83,43.87, 300
04/01/2020,19:56,44,44,44,44, 100
04/01/2020,20:06,43.83,43.87,43.83,43.87, 1100
04/01/2020,20:06,43.82,43.82,43.82,43.82, 100
04/01/2020,20:19,44,44,44,44, 300
04/01/2020,20:25,43.68,44,43.68,43.99, 800
04/01/2020,20:28,43.68,43.85,43.67,43.85, 760
04/01/2020,20:29,44,44,43.677,43.677, 500
04/01/2020,20:30,43.763,43.763,43.763,43.763, 400
04/01/2020,20:31,43.825,43.825,43.825,43.825, 400
04/01/2020,20:32,43.96,43.96,43.96,43.96, 100
04/01/2020,20:34,43.82,43.82,43.82,43.82, 400
04/01/2020,20:37,43.68,43.745,43.675,43.675, 300
04/01/2020,20:38,43.81,43.81,43.81,43.81, 100
04/01/2020,20:48,43.78,43.78,43.78,43.78, 100
04/01/2020,20:51,43.68,43.68,43.68,43.68, 100
04/01/2020,20:54,43.87,43.87,43.87,43.87, 100
04/01/2020,20:56,43.67,43.77,43.67,43.765, 300
04/01/2020,20:56,43.67,43.67,43.497,43.497, 300
04/01/2020,20:59,43.78,43.78,43.78,43.78, 100
04/01/2020,21:01,43.77,43.84,43.73,43.84, 500
04/01/2020,21:08,43.725,43.725,43.6,43.6, 500
04/01/2020,21:08,43.715,43.715,43.715,43.715, 200
04/01/2020,21:11,43.69,43.69,43.67,43.67, 200
04/01/2020,21:15,43.655,43.655,43.655,43.655, 100
04/01/2020,21:16,43.59,43.59,43.58,43.58, 200
04/01/2020,21:24,43.61,43.61,43.61,43.61, 160
04/01/2020,21:28,43.58,43.58,43.58,43.58, 100
04/01/2020,21:33,43.585,43.585,43.585,43.585, 200
04/01/2020,21:40,43.69,43.69,43.69,43.69, 100
04/01/2020,21:45,43.575,43.67,43.52,43.575, 600
04/01/2020,21:45,43.575,43.575,43.575,43.575, 200
04/01/2020,21:47,43.67,43.67,43.67,43.67, 100
04/01/2020,21:49,43.71,43.72,43.71,43.71, 300
04/01/2020,21:53,43.63,43.63,43.59,43.6, 500
04/01/2020,21:55,43.55,43.55,43.55,43.55, 100
04/01/2020,21:57,43.72,43.72,43.72,43.72, 100
04/01/2020,21:57,43.76,43.76,43.76,43.76, 100
04/01/2020,21:59,43.73,43.73,43.73,43.73, 100
04/01/2020,22:00,43.78,43.78,43.78,43.78, 109
04/01/2020,22:01,43.63,43.83,43.63,43.83, 4597
04/02/2020,15:32,44.94,44.94,44.76,44.76, 600
04/02/2020,15:35,44.58,44.58,44.58,44.58, 100
04/02/2020,15:38,44.53,44.53,44.41,44.41, 200
04/02/2020,15:42,44.37,44.37,44.24,44.24, 800
04/02/2020,15:43,44.328,44.328,44.328,44.328, 100
04/02/2020,15:44,44.415,44.415,44.415,44.415, 1300
04/02/2020,15:45,44.24,44.24,44.23,44.23, 400
04/02/2020,15:46,44.205,44.205,43.87,43.87, 1500
04/02/2020,15:48,43.88,43.88,43.875,43.875, 1300
04/02/2020,15:55,43.71,43.71,43.69,43.69, 370
04/02/2020,15:56,43.53,43.55,43.53,43.55, 400
04/02/2020,15:57,43.438,43.438,43.438,43.438, 300
04/02/2020,15:59,43.65,43.73,43.65,43.73, 400
04/02/2020,15:59,43.8,43.91,43.73,43.73, 400
04/02/2020,16:00,43.91,43.91,43.91,43.91, 410
04/02/2020,16:01,43.804,43.804,43.804,43.804, 300
04/02/2020,16:03,43.734,43.734,43.734,43.734, 300
04/02/2020,16:08,43.73,43.73,43.73,43.73, 200
04/02/2020,16:14,43.982,43.982,43.838,43.838, 200
04/02/2020,16:19,43.73,43.73,43.73,43.73, 220
04/02/2020,16:19,43.73,43.73,43.73,43.73, 100
04/02/2020,16:28,43.58,43.58,43.55,43.55, 300
04/02/2020,16:30,43.47,43.47,43.47,43.47, 100
04/02/2020,16:31,43.39,43.39,43.38,43.38, 200
04/02/2020,16:34,43.63,43.63,43.63,43.63, 100
04/02/2020,16:41,43.715,43.715,43.715,43.715, 200
04/02/2020,16:50,43.6,43.672,43.6,43.6, 900
04/02/2020,16:51,43.74,43.74,43.74,43.74, 100
04/02/2020,17:18,43.75,43.75,43.43,43.43, 300
04/02/2020,17:23,43.42,43.42,43.06,43.06, 800
04/02/2020,17:28,43.06,43.06,42.88,42.88, 400
04/02/2020,17:29,42.88,42.88,42.88,42.88, 200
04/02/2020,17:33,42.89,42.89,42.71,42.71, 710
04/02/2020,17:38,42.88,42.88,42.88,42.88, 100
04/02/2020,17:40,42.71,42.71,42.53,42.71, 900
04/02/2020,17:47,42.53,42.53,42.53,42.53, 100
04/02/2020,17:48,42.71,42.71,42.71,42.71, 274
04/02/2020,18:02,42.72,42.72,42.72,42.72, 100
04/02/2020,18:07,42.88,42.9,42.815,42.9, 500
04/02/2020,18:11,43.07,43.07,43.07,43.07, 100
04/02/2020,18:12,42.955,42.955,42.955,42.955, 100
04/02/2020,18:16,43,43,43,43, 100
04/02/2020,18:18,43,43.07,42.93,42.93, 700
04/02/2020,18:23,43.06,43.08,43.05,43.08, 400
04/02/2020,18:26,43.005,43.005,43.005,43.005, 200
04/02/2020,18:27,43.11,43.11,43.11,43.11, 400
04/02/2020,18:30,43.19,43.19,43.19,43.19, 200
04/02/2020,18:33,43.19,43.29,43.19,43.29, 200
04/02/2020,18:34,43.28,43.28,43.28,43.28, 200
04/02/2020,18:45,43.09,43.09,43.09,43.09, 100
04/02/2020,18:46,43.17,43.17,43.151,43.17, 300
04/02/2020,18:59,42.94,43,42.845,42.845, 400
04/02/2020,19:04,43,43.09,42.82,43.09, 1318
04/02/2020,19:06,43.17,43.18,43.17,43.18, 300
04/02/2020,19:10,43.145,43.145,43.145,43.145, 100
04/02/2020,19:13,43.145,43.145,43.145,43.145, 238
04/02/2020,19:14,43.27,43.27,43.27,43.27, 100
04/02/2020,19:19,43.02,43.105,43.02,43.1, 500
04/02/2020,19:20,43.02,43.02,43.02,43.02, 100
04/02/2020,19:22,43,43,43,43, 200
04/02/2020,19:25,43,43,43,43, 100
04/02/2020,19:26,43,43,43,43, 100
04/02/2020,19:26,43.069,43.069,43,43, 600
04/02/2020,19:30,43,43,43,43, 200
04/02/2020,19:32,42.84,42.84,42.84,42.84, 100
04/02/2020,19:34,43.01,43.02,43.01,43.02, 200
04/02/2020,19:39,43,43,43,43, 100
04/02/2020,19:41,42.84,42.879,42.59,42.59, 3100
04/02/2020,19:59,42.5,42.5,42.5,42.5, 200
04/02/2020,20:02,42.42,42.42,42.42,42.42, 100
04/02/2020,20:05,42.405,42.405,42.32,42.32, 299
04/02/2020,20:06,42.32,42.32,42.32,42.32, 100
04/02/2020,20:10,42.24,42.24,42.22,42.22, 300
04/02/2020,20:11,42.22,42.24,42.14,42.24, 400
04/02/2020,20:14,42.25,42.25,42.25,42.25, 100
04/02/2020,20:15,42.32,42.32,42.32,42.32, 500
04/02/2020,20:20,42.14,42.21,42.14,42.21, 500
04/02/2020,20:24,42.3,42.3,42.3,42.3, 100
04/02/2020,20:31,42.27,42.27,42.27,42.27, 100
04/02/2020,20:38,42.32,42.32,42.32,42.32, 200
04/02/2020,20:44,42.31,42.31,42.31,42.31, 100
04/02/2020,20:46,42.2,42.2,42.2,42.2, 200
04/02/2020,20:47,42.32,42.32,42.32,42.32, 200
04/02/2020,20:48,42.31,42.31,42.31,42.31, 200
04/02/2020,20:51,42.45,42.5,42.45,42.5, 300
04/02/2020,20:52,42.62,42.62,42.62,42.62, 100
04/02/2020,20:54,42.63,42.63,42.63,42.63, 100
04/02/2020,20:58,42.68,42.68,42.68,42.68, 100
04/02/2020,21:00,42.68,42.71,42.68,42.71, 300
04/02/2020,21:03,42.71,42.72,42.7,42.701, 500
04/02/2020,21:05,42.85,42.85,42.85,42.85, 100
04/02/2020,21:08,42.85,42.85,42.85,42.85, 100
04/02/2020,21:11,42.86,42.86,42.86,42.86, 210
04/02/2020,21:16,42.89,42.89,42.89,42.89, 100
04/02/2020,21:20,43.03,43.03,43.03,43.03, 100
04/02/2020,21:27,43.03,43.03,43.03,43.03, 100
04/02/2020,21:37,42.89,42.89,42.89,42.89, 100
04/02/2020,21:38,42.78,42.78,42.71,42.71, 1000
04/02/2020,21:50,42.62,42.62,42.62,42.62, 100
04/02/2020,21:51,42.83,42.89,42.83,42.89, 200
04/02/2020,21:52,42.89,43.07,42.89,43.07, 200
04/02/2020,21:52,43.07,43.07,43.07,43.07, 100
04/02/2020,21:56,43.07,43.07,43.07,43.07, 100
04/02/2020,21:58,43.01,43.01,43.01,43.01, 200
04/02/2020,21:58,42.89,42.89,42.89,42.89, 100
04/02/2020,21:59,42.94,42.94,42.89,42.89, 339
04/02/2020,22:00,42.92,43.06,42.92,43.06, 203
04/02/2020,22:00,43.06,43.09,42.89,43.09, 331
04/02/2020,22:01,43.1,43.1,43.1,43.1, 1528
04/03/2020,15:31,43.1,43.1,43.1,43.1, 132
04/03/2020,15:32,43.82,43.82,43.64,43.64, 600
04/03/2020,15:33,43.46,43.46,43.46,43.46, 300
04/03/2020,15:34,43.46,43.46,43.46,43.46, 400
04/03/2020,15:36,43.28,43.28,43.28,43.28, 500
04/03/2020,15:39,43.1,43.1,43.1,43.1, 600
04/03/2020,16:02,42.1,42.46,42.1,42.46, 1000
04/03/2020,16:08,42.45,42.45,42.45,42.45, 200
04/03/2020,16:20,42.47,42.47,42.27,42.27, 450
04/03/2020,16:20,42.21,42.21,42.21,42.21, 500
04/03/2020,16:38,42.17,42.17,42.17,42.17, 100
04/03/2020,16:51,42.36,42.54,42.36,42.54, 400
04/03/2020,16:52,42.4,42.4,42.4,42.4, 500
04/03/2020,17:23,42.47,42.47,42.38,42.47, 500
04/03/2020,17:24,42.465,42.465,42.38,42.38, 300
04/03/2020,17:33,42.38,42.38,42.38,42.38, 300
04/03/2020,17:53,42.294,42.36,42.294,42.36, 800
04/03/2020,18:01,42.279,42.279,42.279,42.279, 400
04/03/2020,18:07,42.2,42.295,42.13,42.13, 969
04/03/2020,18:08,42.25,42.25,42.15,42.15, 300
04/03/2020,18:10,42.2,42.2,42.11,42.11, 500
04/03/2020,18:11,42.02,42.09,42.02,42.09, 800
04/03/2020,18:31,42.2,42.2,42.2,42.2, 200
04/03/2020,18:42,42.185,42.185,42.023,42.185, 700
04/03/2020,18:58,42.31,42.31,42.175,42.175, 400
04/03/2020,19:11,42.19,42.19,42.19,42.19, 100
04/03/2020,19:12,42.23,42.23,42.23,42.23, 700
04/03/2020,19:15,42.23,42.23,42.23,42.23, 300
04/03/2020,19:26,42.185,42.185,42.185,42.185, 200
04/03/2020,19:27,42.23,42.23,42.23,42.23, 300
04/03/2020,19:31,42.14,42.14,42.14,42.14, 100
04/03/2020,19:34,42.17,42.17,42.14,42.14, 200
04/03/2020,19:37,42.21,42.21,42.21,42.21, 200
04/03/2020,19:39,42.16,42.16,42.16,42.16, 100
04/03/2020,19:40,42.16,42.16,42.16,42.16, 100
04/03/2020,19:41,42.13,42.13,42.13,42.13, 100
04/03/2020,19:42,42.2,42.2,42.2,42.2, 100
04/03/2020,19:47,42.29,42.29,42.29,42.29, 100
04/03/2020,20:00,42.12,42.12,42.12,42.12, 100
04/03/2020,20:06,42.13,42.18,42.13,42.18, 200
04/03/2020,20:07,42.13,42.13,42.13,42.13, 100
04/03/2020,20:09,42.13,42.18,42.09,42.09, 1100
04/03/2020,20:16,42.15,42.15,42.15,42.15, 200
04/03/2020,20:30,42.16,42.16,42.13,42.13, 400
04/03/2020,20:33,42.28,42.28,42.28,42.28, 100
04/03/2020,20:37,42.29,42.31,42.29,42.31, 856
04/03/2020,20:39,42.46,42.46,42.46,42.46, 100
04/03/2020,20:45,42.35,42.37,42.33,42.37, 900
04/03/2020,20:46,42.38,42.38,42.38,42.38, 100
04/03/2020,20:47,42.39,42.39,42.39,42.39, 200
04/03/2020,20:53,42.52,42.57,42.52,42.57, 300
04/03/2020,20:59,42.57,42.57,42.4,42.422, 600
04/03/2020,21:06,42.53,42.53,42.53,42.53, 100
04/03/2020,21:08,42.39,42.46,42.39,42.46, 1100
04/03/2020,21:11,42.37,42.37,42.37,42.37, 100
04/03/2020,21:12,42.42,42.5,42.42,42.5, 559
04/03/2020,21:13,42.52,42.52,42.52,42.52, 100
04/03/2020,21:15,42.57,42.6,42.57,42.6, 500
04/03/2020,21:16,42.42,42.585,42.42,42.585, 254
04/03/2020,21:18,42.6,42.6,42.6,42.6, 200
04/03/2020,21:19,42.6,42.6,42.6,42.6, 100
04/03/2020,21:22,42.63,42.63,42.63,42.63, 100
04/03/2020,21:23,42.63,42.69,42.63,42.69, 200
04/03/2020,21:28,42.67,42.67,42.61,42.665, 300
04/03/2020,21:31,42.7,42.7,42.7,42.7, 200
04/03/2020,21:38,42.587,42.587,42.587,42.587, 500
04/03/2020,21:41,42.69,42.7,42.69,42.7, 200
04/03/2020,21:42,42.69,42.69,42.69,42.69, 100
04/03/2020,21:47,42.71,42.71,42.71,42.71, 100
04/03/2020,21:49,42.71,42.78,42.71,42.78, 640
04/03/2020,21:54,42.87,42.87,42.87,42.87, 100
04/03/2020,21:55,42.88,42.88,42.88,42.88, 100
04/03/2020,21:56,42.74,42.74,42.74,42.74, 100
04/03/2020,21:57,42.88,42.88,42.88,42.88, 100
04/03/2020,21:58,42.71,42.71,42.71,42.71, 100
04/03/2020,21:59,42.95,42.95,42.849,42.95, 1778
04/03/2020,22:00,42.95,43.13,42.849,43.13, 1800
04/03/2020,22:01,43.19,43.19,43.04,43.04, 3026
04/06/2020,15:32,42.6,43.17,42.6,43.17, 1100
04/06/2020,15:36,43.3,43.3,43.3,43.3, 200
04/06/2020,15:46,43.48,43.5,43.48,43.5, 600
04/06/2020,15:47,43.68,43.68,43.68,43.68, 100
04/06/2020,15:47,43.68,43.86,43.68,43.86, 600
04/06/2020,16:10,43.89,43.955,43.88,43.88, 300
04/06/2020,16:10,43.89,43.89,43.89,43.89, 100
04/06/2020,16:13,44.04,44.04,44.04,44.04, 200
04/06/2020,16:18,44.2,44.25,44.145,44.25, 1000
04/06/2020,16:19,44.2,44.21,44.2,44.2, 300
04/06/2020,16:25,44.183,44.183,44.183,44.183, 100
04/06/2020,16:30,44.05,44.1,44.05,44.1, 300
04/06/2020,16:33,44.02,44.02,43.81,43.81, 500
04/06/2020,16:54,43.75,43.75,43.72,43.74, 400
04/06/2020,16:56,43.895,43.895,43.895,43.895, 100
04/06/2020,16:58,43.89,43.89,43.814,43.814, 200
04/06/2020,17:05,43.73,43.73,43.73,43.73, 100
04/06/2020,17:06,43.805,43.805,43.69,43.69, 200
04/06/2020,17:18,43.732,43.732,43.732,43.732, 200
04/06/2020,17:33,43.71,43.71,43.71,43.71, 100
04/06/2020,17:40,43.87,43.87,43.87,43.87, 300
04/06/2020,17:49,44.04,44.05,44.04,44.05, 300
04/06/2020,17:50,44.185,44.185,44.14,44.185, 1182
04/06/2020,18:00,43.87,43.87,43.87,43.87, 100
04/06/2020,18:18,44.11,44.11,44.11,44.11, 200
04/06/2020,18:19,44,44.1,44,44.05, 355
04/06/2020,19:19,44.13,44.13,44.13,44.13, 200
04/06/2020,19:21,44.04,44.04,44.04,44.04, 200
04/06/2020,19:21,44.045,44.045,44.045,44.045, 200
04/06/2020,19:24,44.04,44.04,44.04,44.04, 300
04/06/2020,19:32,44.21,44.21,44.21,44.21, 300
04/06/2020,19:35,44.21,44.21,44.21,44.21, 200
04/06/2020,19:52,44.03,44.03,44.03,44.03, 1691
04/06/2020,20:01,43.87,43.955,43.86,43.86, 700
04/06/2020,20:03,43.69,43.69,43.68,43.68, 200
04/06/2020,20:05,43.71,43.71,43.7,43.71, 300
04/06/2020,20:16,43.619,43.619,43.619,43.619, 400
04/06/2020,20:20,43.85,43.88,43.85,43.88, 669
04/06/2020,20:22,43.77,43.88,43.77,43.88, 300
04/06/2020,20:26,43.91,43.91,43.9,43.9, 200
04/06/2020,20:28,43.9,43.9,43.9,43.9, 200
04/06/2020,20:29,43.855,43.855,43.855,43.855, 200
04/06/2020,20:38,43.7,43.7,43.7,43.7, 400
04/06/2020,21:05,43.74,43.85,43.74,43.85, 500
04/06/2020,21:17,43.8,43.8,43.8,43.8, 100
04/06/2020,21:20,43.845,43.845,43.7,43.7, 800
04/06/2020,21:26,43.81,43.81,43.81,43.81, 100
04/06/2020,21:27,43.642,43.642,43.642,43.642, 100
04/06/2020,21:31,43.66,43.66,43.66,43.66, 100
04/06/2020,21:37,43.8,43.8,43.8,43.8, 100
04/06/2020,21:38,43.8,43.84,43.745,43.84, 800
04/06/2020,21:39,43.84,43.84,43.84,43.84, 200
04/06/2020,21:41,43.94,44.19,43.94,44.19, 857
04/06/2020,21:42,44.1,44.1,44.1,44.1, 100
04/06/2020,21:44,44.01,44.1,44.01,44.1, 500
04/06/2020,21:48,44.02,44.064,44.01,44.064, 868
04/06/2020,21:50,44.015,44.25,43.84,44.25, 1136
04/06/2020,21:51,44.25,44.25,44.13,44.13, 500
04/06/2020,21:52,44.07,44.07,44.07,44.07, 400
04/06/2020,21:56,43.93,43.93,43.93,43.93, 100
04/06/2020,21:57,43.91,43.91,43.91,43.91, 100
04/06/2020,21:57,44.06,44.06,44.06,44.06, 100
04/06/2020,21:58,43.893,43.893,43.893,43.893, 300
04/06/2020,22:00,43.99,43.99,43.99,43.99, 100
04/06/2020,22:00,43.971,43.971,43.89,43.89, 848
04/06/2020,22:00,43.89,43.89,43.65,43.65, 1631
04/06/2020,22:01,43.7,44,43.7,44, 4054
04/07/2020,15:31,44.79,44.79,44.79,44.79, 250
04/07/2020,15:38,44.56,44.56,44.56,44.56, 100
04/07/2020,16:12,44.7,44.715,44.66,44.66, 400
04/07/2020,16:13,44.67,44.67,44.66,44.66, 300
04/07/2020,16:14,44.67,44.67,44.67,44.67, 100
04/07/2020,16:43,45.058,45.058,45.058,45.058, 200
04/07/2020,16:50,44.69,44.69,44.69,44.69, 200
04/07/2020,17:06,44.313,44.313,44.313,44.313, 100
04/07/2020,17:18,44.01,44.6,44.01,44.6, 600
04/07/2020,17:19,44.5,44.5,44.5,44.5, 400
04/07/2020,17:21,44.04,44.04,44.04,44.04, 100
04/07/2020,17:26,43.97,44.14,43.97,44.03, 500
04/07/2020,17:27,44.055,44.055,44.055,44.055, 200
04/07/2020,17:29,44.045,44.045,44.045,44.045, 200
04/07/2020,17:31,44.045,44.05,44.045,44.05, 200
04/07/2020,17:32,43.95,43.95,43.79,43.921, 1510
04/07/2020,17:45,44.12,44.12,43.945,43.945, 400
04/07/2020,17:49,44.03,44.03,44.03,44.03, 100
04/07/2020,17:51,44.105,44.105,44.035,44.06, 800
04/07/2020,17:51,43.95,43.95,43.95,43.95, 300
04/07/2020,17:54,43.88,43.88,43.88,43.88, 100
04/07/2020,18:13,43.945,43.95,43.945,43.95, 200
04/07/2020,18:52,43.82,43.82,43.82,43.82, 100
04/07/2020,18:57,43.86,43.86,43.77,43.77, 300
04/07/2020,18:58,43.825,43.825,43.825,43.825, 300
04/07/2020,18:59,43.91,43.91,43.91,43.91, 100
04/07/2020,19:00,43.7,43.87,43.7,43.87, 200
04/07/2020,19:09,43.66,43.66,43.66,43.66, 100
04/07/2020,19:16,43.52,43.52,43.52,43.52, 200
04/07/2020,19:20,43.34,43.34,43.34,43.34, 300
04/07/2020,19:22,43.16,43.18,43.16,43.18, 315
04/07/2020,19:23,43,43,43,43, 100
04/07/2020,19:23,43.05,43.05,43.05,43.05, 106
04/07/2020,19:26,43,43,43,43, 100
04/07/2020,19:27,43.02,43.03,43.02,43.03, 200
04/07/2020,19:28,43.03,43.03,43.03,43.03, 700
04/07/2020,19:52,42.85,43.03,42.85,43.03, 206
04/07/2020,19:53,43,43,43,43, 100
04/07/2020,19:57,42.85,42.85,42.85,42.85, 500
04/07/2020,20:02,42.69,42.69,42.67,42.67, 200
04/07/2020,20:05,42.67,42.67,42.67,42.67, 100
04/07/2020,20:08,42.49,42.49,42.49,42.49, 200
04/07/2020,20:11,42.49,42.49,42.49,42.49, 100
04/07/2020,20:18,42.31,42.31,42.31,42.31, 300
04/07/2020,20:20,42.3,42.3,42.13,42.13, 300
04/07/2020,20:22,42.13,42.14,42.13,42.14, 200
04/07/2020,20:23,42.14,42.14,42.12,42.12, 300
04/07/2020,20:23,42.12,42.12,42.12,42.12, 300
04/07/2020,20:25,42.16,42.16,42.105,42.12, 1000
04/07/2020,20:26,42.125,42.125,42.125,42.125, 100
04/07/2020,20:30,42.15,42.16,42.076,42.076, 856
04/07/2020,20:31,41.98,41.98,41.98,41.98, 300
04/07/2020,20:39,41.8,41.8,41.8,41.8, 200
04/07/2020,20:45,40.99,40.99,40.99,40.99, 100
04/07/2020,20:51,40.44,40.44,40.44,40.44, 100
04/07/2020,20:53,40.799,40.799,40.635,40.635, 200
04/07/2020,20:57,40.8,40.8,40.8,40.8, 100
04/07/2020,21:11,40.9,40.92,40.9,40.92, 400
04/07/2020,21:12,41.56,41.57,41.56,41.57, 517
04/07/2020,21:13,41.74,41.74,41.74,41.74, 100
04/07/2020,21:24,41.39,41.39,41.39,41.39, 300
04/07/2020,21:25,41.475,41.475,41.455,41.455, 200
04/07/2020,21:26,41.455,41.455,41.39,41.39, 200
04/07/2020,21:31,41.37,41.37,41.37,41.37, 333
04/07/2020,21:37,41.55,41.55,41.55,41.55, 100
04/07/2020,21:38,41.57,41.57,41.57,41.57, 100
04/07/2020,21:40,41.5,41.67,41.5,41.67, 521
04/07/2020,21:42,41.62,41.69,41.58,41.62, 1000
04/07/2020,21:44,41.75,41.75,41.75,41.75, 200
04/07/2020,21:46,41.6,41.6,41.6,41.6, 100
04/07/2020,21:47,41.75,41.75,41.6,41.6, 400
04/07/2020,21:49,41.6,41.6,41.6,41.6, 200
04/07/2020,21:51,41.685,41.685,41.57,41.57, 600
04/07/2020,21:54,41.57,41.57,41.57,41.57, 100
04/07/2020,21:55,41.58,41.58,41.52,41.52, 200
04/07/2020,21:59,41.625,41.625,41.625,41.625, 100
04/07/2020,22:00,41.5,41.5,41.5,41.5, 147
04/07/2020,22:01,41.625,41.75,41.625,41.75, 2075
04/08/2020,15:32,42.46,42.46,42.28,42.28, 800
04/08/2020,15:33,42.28,42.28,42.28,42.28, 100
04/08/2020,15:48,42.46,42.46,42.28,42.28, 500
04/08/2020,15:52,42.28,42.28,42.28,42.28, 200
04/08/2020,16:30,42.11,42.11,42.11,42.11, 200
04/08/2020,16:37,42.29,42.38,42.29,42.38, 800
04/08/2020,16:48,42.56,42.56,42.56,42.56, 100
04/08/2020,16:52,42.43,42.525,42.43,42.525, 400
04/08/2020,16:52,42.56,42.595,42.56,42.595, 200
04/08/2020,16:54,42.635,42.635,42.56,42.56, 300
04/08/2020,16:56,42.6,42.6,42.42,42.42, 500
04/08/2020,16:56,42.38,42.6,42.38,42.6, 300
04/08/2020,17:08,42.465,42.465,42.465,42.465, 100
04/08/2020,17:10,42.56,42.56,42.56,42.56, 300
04/08/2020,17:14,42.65,42.65,42.65,42.65, 100
04/08/2020,17:21,42.7,42.74,42.7,42.74, 500
04/08/2020,17:30,42.665,42.665,42.665,42.665, 187
04/08/2020,17:32,42.7,42.709,42.7,42.7, 300
04/08/2020,17:32,42.64,42.64,42.64,42.64, 200
04/08/2020,17:36,42.82,42.82,42.82,42.82, 100
04/08/2020,17:37,42.82,42.84,42.7,42.7, 526
04/08/2020,17:37,42.7,42.709,42.69,42.69, 400
04/08/2020,17:46,42.71,42.71,42.71,42.71, 100
04/08/2020,17:54,42.7,42.7,42.47,42.47, 600
04/08/2020,18:01,42.48,42.48,42.47,42.47, 200
04/08/2020,18:02,42.38,42.38,42.38,42.38, 100
04/08/2020,18:05,42.44,42.44,42.44,42.44, 100
04/08/2020,18:18,42.52,42.52,42.52,42.52, 200
04/08/2020,18:34,42.61,42.61,42.535,42.535, 200
04/08/2020,18:37,42.61,42.61,42.52,42.61, 700
04/08/2020,18:39,42.61,42.62,42.6,42.61, 400
04/08/2020,18:44,42.46,42.535,42.44,42.44, 1300
04/08/2020,18:58,42.46,42.46,42.46,42.46, 200
04/08/2020,19:04,42.45,42.45,42.45,42.45, 300
04/08/2020,19:33,42.27,42.27,42.27,42.27, 100
04/08/2020,19:35,42.27,42.27,42.27,42.27, 300
04/08/2020,19:36,42.215,42.215,42.215,42.215, 440
04/08/2020,19:37,42.09,42.1,42.09,42.1, 434
04/08/2020,19:39,41.91,41.92,41.91,41.92, 300
04/08/2020,19:45,41.91,41.91,41.91,41.91, 100
04/08/2020,19:47,41.94,41.94,41.94,41.94, 310
04/08/2020,19:48,42.009,42.009,42.009,42.009, 130
04/08/2020,19:56,41.92,41.92,41.92,41.92, 100
04/08/2020,20:00,41.92,41.92,41.92,41.92, 100
04/08/2020,20:02,41.92,41.92,41.92,41.92, 300
04/08/2020,20:05,41.91,41.91,41.91,41.91, 100
04/08/2020,20:08,42.01,42.11,42.01,42.02, 400
04/08/2020,20:11,42.01,42.01,41.98,41.98, 200
04/08/2020,20:13,41.93,41.93,41.93,41.93, 600
04/08/2020,20:14,41.86,41.86,41.85,41.85, 200
04/08/2020,20:17,41.92,41.92,41.91,41.91, 200
04/08/2020,20:41,41.84,41.84,41.84,41.84, 200
04/08/2020,20:43,41.93,41.93,41.93,41.93, 280
04/08/2020,20:48,41.75,41.75,41.75,41.75, 400
04/08/2020,20:48,41.75,41.765,41.6,41.765, 500
04/08/2020,20:55,41.58,41.59,41.575,41.575, 300
04/08/2020,20:56,41.63,41.63,41.62,41.63, 400
04/08/2020,21:04,41.575,41.575,41.57,41.57, 200
04/08/2020,21:12,41.58,41.58,41.58,41.58, 200
04/08/2020,21:13,41.58,41.58,41.58,41.58, 300
04/08/2020,21:14,41.51,41.51,41.4,41.4, 500
04/08/2020,21:15,41.22,41.22,41.21,41.21, 390
04/08/2020,21:17,41.26,41.3,41.26,41.3, 300
04/08/2020,21:24,41.135,41.135,41.11,41.11, 800
04/08/2020,21:26,41.12,41.15,41.12,41.15, 200
04/08/2020,21:27,41.39,41.39,41.39,41.39, 100
04/08/2020,21:30,41.275,41.275,41.22,41.22, 250
04/08/2020,21:31,41.21,41.21,41.19,41.19, 600
04/08/2020,21:36,41.08,41.08,41.03,41.03, 500
04/08/2020,21:39,40.98,40.98,40.85,40.85, 200
04/08/2020,21:40,40.85,40.85,40.85,40.85, 300
04/08/2020,21:41,40.79,40.79,40.67,40.67, 600
04/08/2020,21:44,40.8,40.83,40.8,40.83, 300
04/08/2020,21:46,40.88,40.88,40.88,40.88, 100
04/08/2020,21:50,41.03,41.03,40.85,41.02, 658
04/08/2020,21:51,41.03,41.03,41.03,41.03, 300
04/08/2020,21:53,41.03,41.03,41.03,41.03, 200
04/08/2020,21:55,40.89,40.89,40.89,40.89, 100
04/08/2020,21:56,40.86,40.945,40.86,40.945, 200
04/08/2020,21:57,40.85,40.85,40.85,40.85, 500
04/08/2020,21:58,40.83,40.85,40.76,40.76, 300
04/08/2020,21:58,40.76,40.76,40.76,40.76, 100
04/08/2020,21:59,40.86,40.86,40.86,40.86, 100
04/08/2020,22:00,40.69,40.69,40.69,40.69, 100
04/08/2020,22:01,40.67,40.84,40.67,40.84, 3212
04/09/2020,15:31,41.2,41.2,41.2,41.2, 162
04/09/2020,15:32,42.19,42.54,42.19,42.37, 500
04/09/2020,15:32,42.19,42.252,42.18,42.18, 800
04/09/2020,15:34,42.01,42.01,42.01,42.01, 200
04/09/2020,15:38,42.03,42.03,42.02,42.02, 800
04/09/2020,15:38,42.2,42.2,42.025,42.025, 200
04/09/2020,15:39,42.2,42.2,42.2,42.2, 200
04/09/2020,15:40,42.03,42.03,42.02,42.02, 300
04/09/2020,15:41,42.03,42.03,42.02,42.02, 500
04/09/2020,15:42,42.02,42.02,42.02,42.02, 100
04/09/2020,15:46,42.35,42.38,42.35,42.38, 600
04/09/2020,15:50,42.2,42.2,42.2,42.2, 400
04/09/2020,15:52,42.38,42.38,42.2,42.2, 300
04/09/2020,15:54,42.21,42.21,42.21,42.21, 200
04/09/2020,15:58,42.35,42.35,42.21,42.21, 200
04/09/2020,16:01,42.21,42.21,42.21,42.21, 100
04/09/2020,16:07,42,42,42,42, 100
04/09/2020,16:07,42.08,42.1,42.08,42.1, 200
04/09/2020,16:16,42.27,42.27,42.14,42.14, 200
04/09/2020,16:24,42.01,42.01,41.74,41.74, 800
04/09/2020,16:24,41.57,41.57,41.57,41.57, 100
04/09/2020,16:25,41.57,41.57,41.56,41.56, 400
04/09/2020,16:25,41.4,41.4,41.4,41.4, 100
04/09/2020,16:26,41.55,41.58,41.52,41.52, 600
04/09/2020,16:42,41.51,41.51,41.51,41.51, 100
04/09/2020,16:43,41.59,41.59,41.59,41.59, 500
04/09/2020,16:45,41.6,41.6,41.6,41.6, 100
04/09/2020,16:47,41.515,41.515,41.515,41.515, 100
04/09/2020,16:49,41.56,41.56,41.56,41.56, 100
04/09/2020,16:49,41.5,41.5,41.5,41.5, 200
04/09/2020,16:50,41.49,41.49,41.42,41.42, 400
04/09/2020,16:55,41.266,41.266,41.266,41.266, 172
04/09/2020,17:07,41.24,41.24,41.24,41.24, 100
04/09/2020,17:11,41.19,41.19,40.83,40.83, 500
04/09/2020,17:11,40.83,40.83,40.77,40.77, 300
04/09/2020,17:13,40.65,40.73,40.65,40.73, 200
04/09/2020,17:15,40.59,40.59,40.53,40.53, 499
04/09/2020,17:16,40.535,40.54,40.53,40.54, 600
04/09/2020,17:28,40.29,40.3,40.03,40.03, 2099
04/09/2020,17:29,40.19,40.39,40.19,40.39, 1080
04/09/2020,17:39,40.23,40.23,40.23,40.23, 100
04/09/2020,17:40,40.57,40.57,40.57,40.57, 210
04/09/2020,17:49,40.39,40.39,40.21,40.24, 872
04/09/2020,17:51,40.33,40.33,40.24,40.33, 500
04/09/2020,17:53,40.39,40.39,40.39,40.39, 200
04/09/2020,17:56,40.33,40.33,40.33,40.33, 100
04/09/2020,18:03,40.34,40.34,40.34,40.34, 100
04/09/2020,18:15,40.24,40.24,40.06,40.06, 700
04/09/2020,18:17,40.06,40.06,40.06,40.06, 100
04/09/2020,18:17,40.06,40.06,40.06,40.06, 300
04/09/2020,18:20,40.15,40.15,40.15,40.15, 100
04/09/2020,18:21,40.07,40.07,40.065,40.065, 200
04/09/2020,18:25,40.08,40.08,40.08,40.08, 100
04/09/2020,18:30,40.06,40.06,40.06,40.06, 100
04/09/2020,18:32,40.03,40.059,40.03,40.059, 442
04/09/2020,18:36,40.04,40.055,39.95,39.95, 300
04/09/2020,18:37,39.88,39.88,39.88,39.88, 100
04/09/2020,18:42,39.98,39.999,39.98,39.999, 200
04/09/2020,18:44,39.89,39.89,39.89,39.89, 100
04/09/2020,18:48,39.89,39.89,39.88,39.88, 300
04/09/2020,18:59,40,40,40,40, 100
04/09/2020,19:04,39.96,39.96,39.96,39.96, 100
04/09/2020,19:13,39.86,39.86,39.78,39.78, 300
04/09/2020,19:16,39.85,39.85,39.85,39.85, 100
04/09/2020,19:20,39.9,39.9,39.89,39.89, 317
04/09/2020,19:22,39.72,39.72,39.72,39.72, 100
04/09/2020,19:27,39.79,39.84,39.7,39.84, 400
04/09/2020,19:29,39.891,39.891,39.891,39.891, 100
04/09/2020,19:32,39.92,40,39.92,40, 500
04/09/2020,19:33,40,40.04,39.99,40, 400
04/09/2020,19:33,40,40,40,40, 100
04/09/2020,19:48,39.98,39.98,39.97,39.97, 300
04/09/2020,20:05,39.97,39.97,39.97,39.97, 130
04/09/2020,20:07,39.97,39.97,39.97,39.97, 100
04/09/2020,20:19,40.051,40.051,40.051,40.051, 100
04/09/2020,20:25,40.13,40.13,40.13,40.13, 100
04/09/2020,20:25,40.07,40.098,40,40, 400
04/09/2020,20:27,40.14,40.14,40.04,40.14, 400
04/09/2020,20:27,40.11,40.148,40.11,40.148, 200
04/09/2020,20:36,40.07,40.07,40.07,40.07, 300
04/09/2020,20:46,39.96,39.96,39.96,39.96, 100
04/09/2020,20:46,39.96,39.96,39.96,39.96, 100
04/09/2020,20:50,39.89,39.89,39.89,39.89, 100
04/09/2020,20:52,39.89,39.89,39.89,39.89, 200
04/09/2020,20:55,39.71,39.71,39.71,39.71, 250
04/09/2020,20:57,39.71,39.71,39.71,39.71, 300
04/09/2020,21:06,39.636,39.636,39.636,39.636, 500
04/09/2020,21:14,39.68,39.68,39.63,39.63, 300
04/09/2020,21:15,39.61,39.79,39.61,39.79, 300
04/09/2020,21:16,39.79,39.82,39.79,39.79, 500
04/09/2020,21:20,39.73,39.73,39.73,39.73, 100
04/09/2020,21:28,39.87,39.91,39.87,39.91, 400
04/09/2020,21:28,39.91,39.91,39.91,39.91, 100
04/09/2020,21:31,40.08,40.09,40.021,40.021, 300
04/09/2020,21:35,40.24,40.24,40.24,40.24, 100
04/09/2020,21:37,40.05,40.05,40.05,40.05, 100
04/09/2020,21:45,40.06,40.06,40.06,40.06, 200
04/09/2020,21:45,39.975,39.975,39.975,39.975, 100
04/09/2020,21:51,40.11,40.11,40.11,40.11, 100
04/09/2020,21:55,39.96,39.96,39.96,39.96, 100
04/09/2020,21:59,40.21,40.21,40.21,40.21, 100
04/09/2020,22:00,40.07,40.07,40.05,40.05, 270
04/09/2020,22:00,40.19,40.19,40.19,40.19, 100
04/09/2020,22:01,40.19,40.19,40.19,40.19, 2172
04/13/2020,15:31,40.23,40.23,40.23,40.23, 149
04/13/2020,15:32,41.12,41.12,40.76,40.76, 700
04/13/2020,15:36,40.6,40.6,40.4,40.4, 900
04/13/2020,15:51,40.22,40.22,40.2,40.22, 400
04/13/2020,15:52,40.07,40.07,39.86,39.86, 2000
04/13/2020,15:53,39.68,39.85,39.66,39.68, 1200
04/13/2020,15:54,39.63,39.63,39.63,39.63, 200
04/13/2020,15:56,39.52,39.53,39.5,39.5, 300
04/13/2020,15:57,39.5,39.5,39.5,39.5, 100
04/13/2020,15:58,39.4,39.5,39.4,39.5, 800
04/13/2020,16:03,39.5,39.5,39.5,39.5, 100
04/13/2020,16:05,39.517,39.522,39.517,39.522, 300
04/13/2020,16:06,39.52,39.52,39.52,39.52, 100
04/13/2020,16:07,39.53,39.55,39.525,39.525, 300
04/13/2020,16:08,39.535,39.535,39.53,39.53, 200
04/13/2020,16:13,39.52,39.52,39.52,39.52, 200
04/13/2020,16:21,39.6,39.6,39.5,39.5, 200
04/13/2020,16:34,39.5,39.509,39.5,39.509, 500
04/13/2020,17:13,39.88,39.88,39.88,39.88, 100
04/13/2020,17:16,39.315,39.34,39.31,39.33, 1700
04/13/2020,17:29,39.33,39.33,39.33,39.33, 100
04/13/2020,17:39,39.115,39.14,39.11,39.14, 600
04/13/2020,17:40,39.115,39.115,39.115,39.115, 100
04/13/2020,17:52,39.145,39.145,39.11,39.11, 1300
04/13/2020,18:01,39.285,39.285,39.285,39.285, 192
04/13/2020,18:06,39.11,39.11,39.11,39.11, 200
04/13/2020,18:14,39.06,39.06,39.06,39.06, 100
04/13/2020,18:19,39.09,39.09,39.09,39.09, 100
04/13/2020,18:21,38.87,38.87,38.82,38.82, 400
04/13/2020,18:24,38.8,38.8,38.8,38.8, 100
04/13/2020,18:32,38.65,38.65,38.64,38.64, 500
04/13/2020,19:09,38.26,38.26,38.26,38.26, 400
04/13/2020,19:11,38.38,38.4,38.38,38.4, 200
04/13/2020,19:36,38.271,38.271,38.271,38.271, 196
04/13/2020,19:42,38.4,38.4,38.4,38.4, 200
04/13/2020,19:43,38.73,38.73,38.73,38.73, 100
04/13/2020,19:45,38.57,38.57,38.57,38.57, 100
04/13/2020,19:58,38.83,38.83,38.83,38.83, 100
04/13/2020,21:08,38.34,38.4,38.25,38.33, 588
04/13/2020,21:09,38.21,38.265,38,38, 500
04/13/2020,21:12,37.8,37.8,37.8,37.8, 100
04/13/2020,21:21,37.9,37.9,37.9,37.9, 100
04/13/2020,21:32,37.76,37.76,37.76,37.76, 300
04/13/2020,21:33,37.76,37.84,37.76,37.84, 300
04/13/2020,21:41,38.33,38.33,38.33,38.33, 100
04/13/2020,21:51,38.34,38.82,38.34,38.82, 600
04/13/2020,21:51,38.55,38.55,38.55,38.55, 100
04/13/2020,22:00,38.26,38.26,38.26,38.26, 166
04/13/2020,22:01,38.33,38.33,38.33,38.33, 1667
04/14/2020,15:31,38.83,39,38.83,39, 200
04/14/2020,15:32,40.05,40.05,39.69,39.69, 500
04/14/2020,15:32,39.51,39.69,39.51,39.51, 500
04/14/2020,15:32,39.68,39.68,39.68,39.68, 100
04/14/2020,15:39,39.69,39.69,39.69,39.69, 500
04/14/2020,15:45,39.55,39.55,39.55,39.55, 100
04/14/2020,15:46,39.545,39.545,39.51,39.51, 800
04/14/2020,15:48,39.37,39.37,39.37,39.37, 100
04/14/2020,16:33,39.53,39.53,39.53,39.53, 100
04/14/2020,16:44,39.503,39.503,39.503,39.503, 200
04/14/2020,16:46,39.381,39.381,39.381,39.381, 200
04/14/2020,17:07,39.37,39.37,38.83,38.83, 1100
04/14/2020,17:11,38.675,38.74,38.675,38.675, 400
04/14/2020,17:14,38.565,38.565,38.56,38.56, 700
04/14/2020,17:33,38.524,38.549,38.524,38.549, 500
04/14/2020,17:41,38.38,38.38,38.38,38.38, 400
04/14/2020,17:44,38.435,38.435,38.35,38.35, 200
04/14/2020,17:46,38.28,38.28,38.28,38.28, 200
04/14/2020,17:48,38.29,38.29,38.29,38.29, 100
04/14/2020,17:51,38.28,38.28,38.28,38.28, 400
04/14/2020,17:54,38.33,38.33,38.14,38.22, 1100
04/14/2020,17:54,38.22,38.3,38.22,38.3, 300
04/14/2020,18:15,38.2,38.2,38.2,38.2, 200
04/14/2020,18:17,38.165,38.165,38.165,38.165, 100
04/14/2020,19:00,38.12,38.12,38.12,38.12, 100
04/14/2020,19:02,37.94,37.94,37.94,37.94, 100
04/14/2020,19:04,38.02,38.02,38.02,38.02, 100
04/14/2020,19:11,37.974,37.974,37.974,37.974, 100
04/14/2020,19:12,37.94,37.94,37.94,37.94, 100
04/14/2020,19:12,38,38,37.84,37.84, 300
04/14/2020,19:17,37.93,37.93,37.93,37.93, 100
04/14/2020,19:17,37.925,37.925,37.925,37.925, 100
04/14/2020,19:19,37.98,37.98,37.63,37.93, 2570
04/14/2020,19:25,37.93,37.93,37.93,37.93, 100
04/14/2020,19:28,37.99,37.99,37.99,37.99, 100
04/14/2020,19:50,37.93,38,37.93,38, 400
04/14/2020,19:53,37.95,37.95,37.95,37.95, 200
04/14/2020,20:19,37.84,37.84,37.84,37.84, 100
04/14/2020,20:26,37.9,37.9,37.9,37.9, 100
04/14/2020,20:32,37.86,37.875,37.74,37.82, 1000
04/14/2020,20:34,37.85,37.85,37.85,37.85, 100
04/14/2020,20:34,37.85,37.85,37.85,37.85, 100
04/14/2020,20:39,37.82,37.82,37.82,37.82, 600
04/14/2020,20:40,37.815,37.815,37.815,37.815, 200
04/14/2020,20:42,37.68,37.68,37.68,37.68, 100
04/14/2020,20:44,37.64,37.64,37.64,37.64, 200
04/14/2020,20:45,37.64,37.64,37.64,37.64, 200
04/14/2020,20:47,37.64,37.64,37.64,37.64, 100
04/14/2020,20:48,37.46,37.46,37.36,37.36, 586
04/14/2020,20:48,37.46,37.46,37.46,37.46, 100
04/14/2020,20:57,37.35,37.35,37.35,37.35, 100
04/14/2020,20:58,37.44,37.47,37.44,37.47, 400
04/14/2020,21:00,37.63,37.63,37.63,37.63, 300
04/14/2020,21:01,37.56,37.75,37.56,37.75, 1862
04/14/2020,21:01,37.81,37.81,37.81,37.81, 200
04/14/2020,21:03,37.75,37.75,37.75,37.75, 338
04/14/2020,21:03,37.57,37.57,37.57,37.57, 100
04/14/2020,21:05,37.65,37.65,37.62,37.62, 500
04/14/2020,21:05,37.6,37.6,37.6,37.6, 353
04/14/2020,21:11,37.61,37.61,37.61,37.61, 208
04/14/2020,21:12,37.605,37.605,37.57,37.57, 2147
04/14/2020,21:13,37.4,37.4,37.39,37.39, 495
04/14/2020,21:25,37.315,37.315,37.315,37.315, 100
04/14/2020,21:29,37.46,37.57,37.43,37.57, 500
04/14/2020,21:30,37.5,37.5,37.5,37.5, 100
04/14/2020,21:32,37.44,37.57,37.44,37.57, 300
04/14/2020,21:34,37.39,37.39,37.39,37.39, 100
04/14/2020,21:34,37.64,37.64,37.64,37.64, 100
04/14/2020,21:41,37.48,37.48,37.46,37.46, 204
04/14/2020,21:45,37.46,37.46,37.46,37.46, 600
04/14/2020,21:52,37.46,37.46,37.32,37.32, 500
04/14/2020,21:53,37.31,37.49,37.28,37.49, 600
04/14/2020,21:55,37.31,37.31,37.31,37.31, 100
04/14/2020,21:55,37.4,37.4,37.4,37.4, 100
04/14/2020,21:56,37.45,37.45,37.33,37.33, 300
04/14/2020,21:57,37.47,37.47,37.47,37.47, 100
04/14/2020,21:58,37.31,37.31,37.31,37.31, 100
04/14/2020,22:00,37.31,37.361,37.31,37.361, 402
04/14/2020,22:00,37.47,37.47,37.28,37.28, 371
04/14/2020,22:01,37.48,37.48,37.48,37.48, 1781
04/15/2020,15:31,36.77,37.785,36.77,37.785, 317
04/15/2020,15:32,37.9,37.9,37.36,37.36, 1250
04/15/2020,15:32,37.18,37.18,37,37, 444
04/15/2020,15:33,37.045,37.048,37,37, 700
04/15/2020,15:34,37,37,37,37, 200
04/15/2020,15:35,37,37,37,37, 1200
04/15/2020,15:36,37,37,37,37, 300
04/15/2020,15:37,37,37,37,37, 100
04/15/2020,15:37,37,37,37,37, 200
04/15/2020,15:39,37,37,36.87,37, 300
04/15/2020,15:41,36.82,36.82,36.82,36.82, 190
04/15/2020,15:46,36.69,36.69,36.6,36.6, 200
04/15/2020,15:47,36.57,36.57,36.57,36.57, 200
04/15/2020,15:50,36.88,37.11,36.88,37.11, 700
04/15/2020,15:53,37,37.01,37,37.01, 300
04/15/2020,15:54,37.015,37.015,36.92,36.92, 400
04/15/2020,15:59,36.7,36.7,36.7,36.7, 100
04/15/2020,16:00,36.9,36.9,36.9,36.9, 100
04/15/2020,16:05,37.142,37.36,37.142,37.18, 1100
04/15/2020,16:06,37.18,37.18,37,37, 1463
04/15/2020,16:08,37.175,37.175,37.175,37.175, 300
04/15/2020,16:09,37.01,37.01,37,37, 500
04/15/2020,16:15,37,37,37,37, 397
04/15/2020,16:17,36.99,36.99,36.99,36.99, 400
04/15/2020,16:17,36.99,36.99,36.99,36.99, 500
04/15/2020,16:18,36.99,36.99,36.99,36.99, 400
04/15/2020,16:23,36.99,36.99,36.83,36.87, 1200
04/15/2020,16:24,36.99,36.99,36.99,36.99, 600
04/15/2020,16:25,36.99,36.99,36.99,36.99, 240
04/15/2020,16:36,37.03,37.03,36.83,36.83, 435
04/15/2020,16:37,36.94,36.94,36.94,36.94, 200
04/15/2020,16:40,37.01,37.08,36.85,37.08, 1487
04/15/2020,16:49,37.08,37.19,37.08,37.19, 400
04/15/2020,17:03,37.25,37.25,37.25,37.25, 500
04/15/2020,17:07,37.31,37.31,37.31,37.31, 100
04/15/2020,17:07,37.25,37.31,37.25,37.31, 400
04/15/2020,17:08,37.31,37.31,37.31,37.31, 200
04/15/2020,17:11,37.37,37.37,37.37,37.37, 100
04/15/2020,17:11,37.44,37.44,37.44,37.44, 100
04/15/2020,17:14,37.45,37.55,37.45,37.55, 200
04/15/2020,17:18,37.45,37.45,37.45,37.45, 100
04/15/2020,17:19,37.45,37.45,37.45,37.45, 100
04/15/2020,17:19,37.48,37.5,37.48,37.5, 200
04/15/2020,17:20,37.48,37.48,37.48,37.48, 100
04/15/2020,17:22,37.4,37.4,37.4,37.4, 100
04/15/2020,17:30,37.355,37.355,37.355,37.355, 100
04/15/2020,17:33,37.315,37.385,37.31,37.35, 5000
04/15/2020,17:33,37.55,37.55,37.55,37.55, 146
04/15/2020,17:37,37.37,37.37,37.37,37.37, 100
04/15/2020,17:38,37.465,37.465,37.465,37.465, 300
04/15/2020,17:40,37.47,37.47,37.47,37.47, 300
04/15/2020,17:43,37.49,37.49,37.49,37.49, 100
04/15/2020,17:48,37.495,37.495,37.495,37.495, 100
04/15/2020,17:51,37.495,37.495,37.495,37.495, 100
04/15/2020,17:55,37.55,37.55,37.55,37.55, 100
04/15/2020,17:56,37.55,37.55,37.55,37.55, 100
04/15/2020,17:57,37.55,37.55,37.55,37.55, 100
04/15/2020,17:57,37.505,37.505,37.491,37.491, 200
04/15/2020,18:00,37.46,37.48,37.46,37.46, 325
04/15/2020,18:09,37.49,37.49,37.49,37.49, 200
04/15/2020,18:14,37.49,37.49,37.49,37.49, 100
04/15/2020,18:16,37.45,37.45,37.433,37.433, 200
04/15/2020,18:20,37.5,37.5,37.5,37.5, 200
04/15/2020,18:21,37.5,37.55,37.5,37.55, 200
04/15/2020,18:23,37.44,37.44,37.44,37.44, 100
04/15/2020,18:28,37.5,37.5,37.5,37.5, 100
04/15/2020,18:43,37.48,37.48,37.48,37.48, 340
04/15/2020,19:05,37.47,37.47,37.47,37.47, 100
04/15/2020,19:07,37.575,37.6,37.55,37.595, 2203
04/15/2020,19:08,37.595,37.64,37.59,37.64, 400
04/15/2020,19:11,37.605,37.66,37.6,37.66, 700
04/15/2020,19:30,37.58,37.58,37.58,37.58, 100
04/15/2020,19:36,37.56,37.645,37.56,37.56, 700
04/15/2020,19:38,37.55,37.607,37.55,37.55, 1172
04/15/2020,19:39,37.55,37.56,37.55,37.55, 412
04/15/2020,19:40,37.55,37.55,37.55,37.55, 200
04/15/2020,19:41,37.48,37.5,37.48,37.5, 600
04/15/2020,19:45,37.5,37.5,37.5,37.5, 100
04/15/2020,19:46,37.48,37.48,37.48,37.48, 200
04/15/2020,19:57,37.58,37.58,37.548,37.548, 300
04/15/2020,20:03,37.43,37.43,37.43,37.43, 100
04/15/2020,20:05,37.55,37.61,37.55,37.61, 800
04/15/2020,20:13,37.495,37.495,37.495,37.495, 100
04/15/2020,20:14,37.43,37.5,37.43,37.5, 1300
04/15/2020,20:16,37.597,37.597,37.597,37.597, 100
04/15/2020,20:21,37.55,37.55,37.55,37.55, 100
04/15/2020,20:26,37.5,37.5,37.5,37.5, 100
04/15/2020,20:30,37.5,37.5,37.5,37.5, 100
04/15/2020,20:32,37.48,37.497,37.48,37.497, 200
04/15/2020,20:32,37.5,37.59,37.5,37.59, 200
04/15/2020,20:36,37.5,37.5,37.5,37.5, 200
04/15/2020,20:37,37.509,37.509,37.509,37.509, 300
04/15/2020,20:38,37.5,37.5,37.5,37.5, 200
04/15/2020,20:40,37.507,37.507,37.507,37.507, 100
04/15/2020,20:47,37.55,37.55,37.51,37.51, 200
04/15/2020,20:50,37.5,37.587,37.43,37.587, 703
04/15/2020,20:58,37.479,37.479,37.479,37.479, 300
04/15/2020,21:01,37.5,37.5,37.5,37.5, 300
04/15/2020,21:02,37.51,37.51,37.51,37.51, 100
04/15/2020,21:03,37.45,37.45,37.45,37.45, 100
04/15/2020,21:05,37.5,37.5,37.495,37.495, 300
04/15/2020,21:06,37.485,37.485,37.485,37.485, 100
04/15/2020,21:07,37.485,37.485,37.485,37.485, 100
04/15/2020,21:08,37.485,37.485,37.485,37.485, 600
04/15/2020,21:09,37.485,37.499,37.485,37.499, 400
04/15/2020,21:15,37.5,37.5,37.5,37.5, 100
04/15/2020,21:15,37.53,37.555,37.52,37.526, 1000
04/15/2020,21:16,37.5,37.5,37.5,37.5, 100
04/15/2020,21:18,37.552,37.56,37.552,37.56, 300
04/15/2020,21:19,37.52,37.608,37.51,37.608, 700
04/15/2020,21:22,37.5,37.61,37.5,37.5, 500
04/15/2020,21:24,37.43,37.43,37.43,37.43, 400
04/15/2020,21:27,37.43,37.43,37.43,37.43, 200
04/15/2020,21:29,37.43,37.43,37.43,37.43, 300
04/15/2020,21:30,37.45,37.53,37.45,37.53, 900
04/15/2020,21:33,37.48,37.49,37.47,37.47, 300
04/15/2020,21:33,37.44,37.44,37.44,37.44, 200
04/15/2020,21:37,37.46,37.46,37.46,37.46, 100
04/15/2020,21:38,37.46,37.46,37.46,37.46, 400
04/15/2020,21:38,37.44,37.478,37.44,37.478, 600
04/15/2020,21:41,37.48,37.53,37.48,37.53, 400
04/15/2020,21:45,37.43,37.49,37.43,37.453, 742
04/15/2020,21:49,37.45,37.48,37.45,37.48, 200
04/15/2020,21:51,37.475,37.52,37.44,37.52, 400
04/15/2020,21:54,37.45,37.458,37.43,37.458, 300
04/15/2020,21:55,37.43,37.45,37.43,37.44, 400
04/15/2020,21:56,37.45,37.45,37.45,37.45, 200
04/15/2020,21:58,37.43,37.48,37.43,37.48, 900
04/15/2020,21:59,37.48,37.5,37.48,37.5, 300
04/15/2020,22:00,37.53,37.54,37.51,37.51, 700
04/15/2020,22:00,37.5,37.62,37.5,37.603, 1172
04/15/2020,22:01,37.51,37.51,37.51,37.51, 2275
04/16/2020,15:32,37.06,37.06,37.06,37.06, 100
04/16/2020,15:51,37.1,37.1,37.1,37.1, 100
04/16/2020,15:57,36.99,36.99,36.99,36.99, 1500
04/16/2020,15:59,36.82,36.82,36.82,36.82, 300
04/16/2020,16:05,36.55,36.55,36.54,36.54, 500
04/16/2020,16:06,36.54,36.545,36.54,36.545, 200
04/16/2020,16:08,36.54,36.54,36.54,36.54, 200
04/16/2020,16:18,36.26,36.26,36.26,36.26, 100
04/16/2020,16:19,36.26,36.26,36.2,36.2, 300
04/16/2020,16:21,36.33,36.33,36.33,36.33, 100
04/16/2020,16:21,36.38,36.38,36.38,36.38, 100
04/16/2020,16:31,36.48,36.48,36.48,36.48, 200
04/16/2020,17:03,36.4,36.4,36.4,36.4, 100
04/16/2020,17:09,36.535,36.535,36.535,36.535, 1400
04/16/2020,17:12,36.525,36.525,36.525,36.525, 100
04/16/2020,17:25,36.34,36.4,36.33,36.4, 500
04/16/2020,17:26,36.405,36.405,36.405,36.405, 200
04/16/2020,17:30,36.34,36.34,36.33,36.33, 449
04/16/2020,17:31,36.32,36.32,36.26,36.26, 200
04/16/2020,17:31,36.25,36.28,36.25,36.28, 700
04/16/2020,17:34,36.25,36.285,36.25,36.285, 500
04/16/2020,17:35,36.25,36.285,36.25,36.25, 700
04/16/2020,17:43,36.32,36.32,36.25,36.25, 314
04/16/2020,18:04,36.32,36.32,36.32,36.32, 100
04/16/2020,18:07,36.25,36.3,36.25,36.3, 200
04/16/2020,18:18,36.25,36.25,36.25,36.25, 500
04/16/2020,18:21,36.25,36.25,36.23,36.23, 400
04/16/2020,18:28,36.21,36.21,36.21,36.21, 100
04/16/2020,18:37,36.17,36.17,36.17,36.17, 100
04/16/2020,18:38,36.16,36.16,36.16,36.16, 300
04/16/2020,18:46,36.21,36.21,36.21,36.21, 100
04/16/2020,19:15,36.195,36.2,36.195,36.2, 200
04/16/2020,19:21,36.26,36.26,36.25,36.25, 700
04/16/2020,19:24,36.26,36.288,36.25,36.252, 800
04/16/2020,19:26,36.26,36.304,36.26,36.26, 400
04/16/2020,19:32,36.39,36.45,36.39,36.45, 400
04/16/2020,19:51,36.53,36.53,36.53,36.53, 100
04/16/2020,19:56,36.35,36.35,36.35,36.35, 100
04/16/2020,20:07,36.302,36.302,36.302,36.302, 242
04/16/2020,20:18,36.35,36.35,36.35,36.35, 200
04/16/2020,20:36,36.535,36.535,36.535,36.535, 500
04/16/2020,20:36,36.53,36.54,36.48,36.485, 1500
04/16/2020,21:10,36.57,36.57,36.57,36.57, 200
04/16/2020,21:11,36.37,36.445,36.35,36.35, 1100
04/16/2020,21:13,36.35,36.35,36.35,36.35, 100
04/16/2020,21:18,36.35,36.35,36.35,36.35, 100
04/16/2020,21:20,36.31,36.31,36.31,36.31, 100
04/16/2020,21:26,36.45,36.45,36.45,36.45, 100
04/16/2020,21:31,36.45,36.45,36.45,36.45, 100
04/16/2020,21:45,36.72,36.72,36.72,36.72, 100
04/16/2020,21:52,37,37,37,37, 100
04/16/2020,21:52,36.83,36.83,36.83,36.83, 100
04/16/2020,21:56,36.92,36.92,36.92,36.92, 100
04/16/2020,22:01,37.03,37.03,37.03,37.03, 1871
04/17/2020,15:31,37.41,37.41,37.41,37.41, 813
04/17/2020,15:33,38.04,38.04,38.04,38.04, 200
04/17/2020,15:41,38.75,38.75,38.47,38.47, 400
04/17/2020,15:48,38.583,38.583,38.583,38.583, 150
04/17/2020,15:48,38.466,38.466,38.466,38.466, 100
04/17/2020,15:51,38.58,38.58,38.58,38.58, 200
04/17/2020,15:55,38.47,38.47,38.47,38.47, 200
04/17/2020,16:08,38.2,38.475,38.2,38.475, 200
04/17/2020,16:12,38.3,38.4,38.3,38.4, 200
04/17/2020,16:15,37.44,38.17,37.44,38.13, 2000
04/17/2020,16:25,38.115,38.115,38.115,38.115, 100
04/17/2020,16:37,38.03,38.03,38,38.005, 2400
04/17/2020,16:49,38.13,38.13,38.07,38.07, 300
04/17/2020,16:51,38.24,38.26,38.24,38.25, 950
04/17/2020,17:31,38.47,38.53,38.47,38.53, 674
04/17/2020,17:37,38.52,38.52,38.52,38.52, 100
04/17/2020,17:42,38.552,38.552,38.552,38.552, 100
04/17/2020,18:00,38.6,38.6,38.6,38.6, 100
04/17/2020,18:17,38.53,38.53,38.53,38.53, 100
04/17/2020,18:19,38.47,38.47,38.47,38.47, 100
04/17/2020,18:22,38.512,38.512,38.512,38.512, 200
04/17/2020,18:25,38.53,38.53,38.53,38.53, 200
04/17/2020,18:26,38.58,38.58,38.58,38.58, 100
04/17/2020,18:38,38.545,38.545,38.545,38.545, 100
04/17/2020,18:39,38.59,38.59,38.59,38.59, 100
04/17/2020,18:40,38.6,38.61,38.59,38.61, 1106
04/17/2020,18:46,38.653,38.653,38.653,38.653, 100
04/17/2020,18:50,38.7,38.7,38.7,38.7, 100
04/17/2020,18:52,38.7,38.7,38.7,38.7, 137
04/17/2020,18:54,38.74,38.74,38.65,38.65, 400
04/17/2020,19:07,38.68,38.68,38.68,38.68, 100
04/17/2020,19:11,38.65,38.65,38.65,38.65, 100
04/17/2020,19:12,38.59,38.59,38.59,38.59, 200
04/17/2020,19:22,38.54,38.54,38.54,38.54, 100
04/17/2020,19:29,38.48,38.48,38.48,38.48, 100
04/17/2020,19:32,38.51,38.51,38.51,38.51, 100
04/17/2020,19:36,38.48,38.48,38.48,38.48, 100
04/17/2020,19:36,38.46,38.46,38.46,38.46, 500
04/17/2020,19:53,38.482,38.482,38.482,38.482, 140
04/17/2020,20:28,38.375,38.375,38.375,38.375, 100
04/17/2020,20:29,38.34,38.34,38.34,38.34, 100
04/17/2020,20:41,38.34,38.34,38.33,38.33, 300
04/17/2020,20:43,38.288,38.288,38.288,38.288, 140
04/17/2020,20:51,38.34,38.34,38.305,38.34, 500
04/17/2020,20:55,38.27,38.27,38.27,38.27, 100
04/17/2020,21:07,38.34,38.34,38.33,38.34, 1500
04/17/2020,21:07,38.34,38.39,38.32,38.39, 1500
04/17/2020,21:18,38.4,38.4,38.4,38.4, 461
04/17/2020,21:28,38.4,38.4,38.4,38.4, 222
04/17/2020,21:35,38.39,38.4,38.39,38.4, 200
04/17/2020,21:37,38.4,38.4,38.4,38.4, 100
04/17/2020,21:47,38.43,38.43,38.43,38.43, 100
04/17/2020,21:50,38.49,38.5,38.49,38.5, 300
04/17/2020,21:50,38.5,38.75,38.5,38.75, 1681
04/17/2020,21:54,38.82,38.82,38.82,38.82, 100
04/17/2020,21:55,38.8,38.8,38.8,38.8, 100
04/17/2020,21:55,38.834,38.834,38.834,38.834, 100
04/17/2020,21:58,38.62,38.62,38.62,38.62, 100
04/17/2020,22:00,38.63,38.63,38.63,38.63, 100
04/17/2020,22:00,39,39,39,39, 157
04/17/2020,22:01,39,39,39,39, 4530

