03/02/2020,12:40,362,362,362,362, 1
03/02/2020,13:56,361.35,361.35,361.35,361.35, 1
03/02/2020,13:59,361.85,362.1,361.85,362.1, 5
03/02/2020,14:00,362.15,362.25,362.15,362.25, 3
03/02/2020,14:15,362,362,362,362, 1
03/02/2020,14:18,362.3,362.3,362.3,362.3, 1
03/02/2020,15:27,364,364,364,364, 1
03/02/2020,15:28,364.05,364.2,364.05,364.2, 4
03/02/2020,15:30,364.75,364.85,364.75,364.85, 3
03/02/2020,15:31,364.95,364.95,364.95,364.95, 1
03/02/2020,15:48,364.2,364.3,364.2,364.3, 3
03/02/2020,16:14,363.45,363.45,363.45,363.45, 1
03/02/2020,16:14,363.5,363.75,363.5,363.75, 4
03/02/2020,16:16,364.1,364.45,364.1,364.45, 4
03/02/2020,16:20,363.55,363.65,363.55,363.65, 3
03/02/2020,16:28,363.7,363.7,363.7,363.7, 1
03/02/2020,16:29,363.75,363.75,363.75,363.75, 1
03/02/2020,16:35,363.45,363.5,363.45,363.5, 2
03/02/2020,16:37,363.4,363.65,363.4,363.65, 8
03/02/2020,16:52,364.5,364.5,364.5,364.5, 1
03/02/2020,17:06,364.65,364.7,364.55,364.7, 4
03/02/2020,17:11,364.25,364.55,364.2,364.55, 6
03/02/2020,17:12,364.6,364.7,364.6,364.7, 3
03/02/2020,17:16,366.8,366.8,366.8,366.8, 5
03/02/2020,17:36,367.7,367.7,367.7,367.7, 7
03/02/2020,17:56,369.35,369.35,369.35,369.35, 37
03/02/2020,18:21,367.8,367.8,367.8,367.8, 11
03/02/2020,18:23,367.8,367.8,367.8,367.8, 1
03/02/2020,18:25,367.8,367.8,367.8,367.8, 5
03/02/2020,19:36,368.3,368.3,368.3,368.3, 110
03/02/2020,19:36,368.3,368.3,368.3,368.3, 26
03/02/2020,20:00,369.5,369.5,369.5,369.5, 3
03/02/2020,20:13,370.2,370.2,370.2,370.2, 1
03/02/2020,20:14,370.75,370.75,370.75,370.75, 7
03/03/2020,15:36,373.05,373.05,373.05,373.05, 7
03/03/2020,15:49,373.8,373.8,373.8,373.8, 3
03/03/2020,17:07,374.25,374.25,374.25,374.25, 15
03/03/2020,20:00,369.95,369.95,369.95,369.95, 3
03/03/2020,20:13,369.4,369.4,369.4,369.4, 2
03/03/2020,20:21,369.45,369.45,369.3,369.3, 2
03/03/2020,20:22,369.25,369.5,369.25,369.5, 4
03/03/2020,20:23,369.65,369.85,369.3,369.45, 5
03/03/2020,20:24,369.65,369.85,369.55,369.85, 4
03/03/2020,20:25,369.5,369.75,369.4,369.4, 5
03/03/2020,20:26,369.5,369.65,369.35,369.65, 4
03/03/2020,20:27,369.65,369.85,369.6,369.85, 6
03/03/2020,20:28,369.7,369.85,369.65,369.85, 4
03/03/2020,20:29,370.1,370.3,369.85,370.2, 4
03/03/2020,20:30,370.55,370.6,370.3,370.6, 5
03/03/2020,20:31,370.75,370.75,370.3,370.55, 5
03/03/2020,20:32,370.4,370.45,370.4,370.4, 4
03/03/2020,20:33,370.2,370.35,370.2,370.35, 4
03/03/2020,20:34,370.2,370.35,370.1,370.1, 5
03/03/2020,20:35,370.1,370.2,370.05,370.2, 4
03/03/2020,20:36,369.8,370.1,369.8,370.1, 5
03/03/2020,20:37,369.9,369.95,369.8,369.95, 5
03/03/2020,20:38,369.95,370,369.8,370, 4
03/03/2020,20:39,370,370.05,369.9,370.05, 4
03/03/2020,20:40,369.8,369.95,369.8,369.8, 5
03/03/2020,20:41,369.65,369.8,369.55,369.55, 4
03/03/2020,20:41,370.55,370.55,370.55,370.55, 1
03/03/2020,21:50,372.1,372.1,372.1,372.1, 1
03/04/2020,16:35,374.45,374.45,373.95,373.95, 13
03/04/2020,16:48,374.4,374.4,373.95,373.95, 7
03/04/2020,21:53,371,371,371,371, 1
03/05/2020,12:06,369.9,370.75,369.9,370.75, 8
03/05/2020,15:04,368.4,368.4,368.4,368.4, 1
03/05/2020,16:05,368.7,368.7,368.7,368.7, 1
03/05/2020,16:07,368.75,368.75,368.75,368.75, 1
03/05/2020,16:09,368.8,368.8,368.8,368.8, 1
03/05/2020,16:11,368.75,368.75,368.75,368.75, 1
03/05/2020,16:13,368.8,368.9,368.8,368.9, 3
03/05/2020,16:14,368.65,368.75,368.65,368.75, 3
03/05/2020,16:15,368.8,368.85,368.8,368.85, 2
03/05/2020,17:32,369.25,369.25,369.2,369.2, 2
03/05/2020,17:34,369.15,369.15,368.95,368.95, 5
03/05/2020,19:18,365,365,365,365, 1
03/06/2020,13:18,357.25,357.3,357.25,357.3, 2
03/06/2020,13:19,357.35,357.45,357.35,357.45, 3
03/06/2020,14:07,354.5,354.5,354.5,354.5, 15
03/06/2020,14:18,355.35,355.35,355.35,355.35, 7
03/06/2020,14:21,356,356.3,356,356.3, 7
03/06/2020,15:15,356.75,356.8,356.75,356.8, 2
03/06/2020,15:55,351.95,351.95,351.95,351.95, 21
03/06/2020,16:03,353.1,353.1,353.1,353.1, 20
03/06/2020,16:07,351.15,351.15,351.15,351.15, 20
03/06/2020,16:09,349.8,349.8,349.8,349.8, 45
03/06/2020,16:35,350.25,350.25,350.1,350.1, 70
03/06/2020,19:48,348,348,348,348, 5
03/06/2020,20:00,347.95,347.95,347.95,347.95, 3
03/06/2020,20:05,347.75,347.95,347.75,347.95, 5
03/06/2020,20:06,347.9,347.9,347.9,347.9, 2
03/06/2020,20:29,345,345,345,345, 2
03/06/2020,20:30,344.6,344.6,344.6,344.6, 2
03/06/2020,20:31,345.15,345.25,345.15,345.25, 4
03/06/2020,20:34,345.75,345.75,345.75,345.75, 2
03/06/2020,20:55,344,344.25,344,344.25, 4
03/06/2020,21:12,344.75,344.75,344.75,344.75, 8
03/06/2020,21:17,344.45,344.45,344.45,344.45, 8
03/06/2020,21:18,344.35,344.35,344.35,344.35, 8
03/06/2020,21:19,344.1,344.1,344.1,344.1, 8
03/09/2020,13:43,303.3,303.3,303.3,303.3, 1
03/09/2020,13:43,303.35,303.4,303.35,303.4, 2
03/09/2020,13:45,303.45,303.5,303.45,303.5, 2
03/09/2020,13:52,303.7,303.7,303.7,303.7, 1
03/09/2020,14:14,306.35,306.4,306.35,306.4, 2
03/09/2020,14:15,306.45,306.55,306.45,306.55, 3
03/09/2020,16:02,311.3,311.3,311.3,311.3, 10
03/09/2020,16:09,312.25,312.25,312.2,312.2, 10
03/09/2020,16:33,311.85,311.85,311.85,311.85, 1
03/09/2020,16:35,311.9,312.05,311.9,312.05, 4
03/09/2020,16:36,313.55,313.55,313.55,313.55, 2
03/09/2020,16:37,313.6,313.7,313.6,313.7, 5
03/09/2020,16:38,313.85,313.9,313.85,313.9, 3
03/09/2020,16:58,312.6,312.6,312.55,312.55, 10
03/09/2020,17:07,314.55,314.55,314.5,314.5, 10
03/09/2020,17:36,311,311,311,311, 1
03/09/2020,17:39,310.7,310.9,310.7,310.9, 9
03/09/2020,18:10,310.9,310.9,310.9,310.9, 2
03/10/2020,14:29,315.15,315.15,315.15,315.15, 10
03/10/2020,14:35,316.65,316.65,316.65,316.65, 10
03/10/2020,15:08,317,317,317,317, 2
03/10/2020,16:04,314.25,314.25,314.25,314.25, 1
03/10/2020,16:07,314.3,314.35,314.3,314.35, 2
03/10/2020,16:08,314.4,314.4,314.4,314.4, 1
03/10/2020,16:32,313.15,313.15,313.15,313.15, 2
03/10/2020,17:00,312.7,312.7,312.7,312.7, 12
03/10/2020,17:30,314,314,314,314, 1
03/10/2020,17:43,314.95,314.95,314.95,314.95, 1
03/10/2020,19:00,314.6,314.6,314.6,314.6, 2
03/11/2020,20:53,308.2,308.2,308.2,308.2, 1
03/12/2020,15:00,295,295,295,295, 14
03/12/2020,15:10,294,294,294,294, 5
03/16/2020,15:26,282.2,282.2,282.2,282.2, 1
03/16/2020,15:27,282.25,282.25,282.25,282.25, 1
03/16/2020,15:27,282.3,282.35,282.3,282.35, 2
03/16/2020,16:08,281.1,281.85,281.1,281.85, 26
03/16/2020,16:08,281.95,281.95,281.95,281.95, 1
03/16/2020,16:10,282.2,282.35,282.2,282.35, 4
03/16/2020,16:10,282.4,282.45,282.4,282.45, 7
03/16/2020,19:22,277.5,278.4,277.5,278.4, 7
03/16/2020,19:24,277.95,278.5,277.95,278.5, 9
03/16/2020,19:26,278.5,278.9,278.5,278.9, 8
03/16/2020,19:27,278.9,278.9,278.9,278.9, 7
03/16/2020,19:28,278.9,278.9,278.9,278.9, 5
03/16/2020,19:29,278.9,278.9,278.9,278.9, 12
03/16/2020,19:31,278.9,278.9,278.9,278.9, 1
03/16/2020,19:32,278.9,278.9,278.9,278.9, 6
03/16/2020,19:33,278.9,278.9,278.85,278.85, 36
03/16/2020,19:34,278.85,278.85,278.75,278.75, 6
03/16/2020,19:35,278.9,278.9,278.9,278.9, 6
03/16/2020,19:36,278.9,279.25,278.9,279.25, 6
03/16/2020,19:37,279.3,279.5,279.3,279.5, 6
03/16/2020,19:38,279.5,279.5,279.5,279.5, 6
03/16/2020,19:39,279.5,279.5,279.2,279.2, 7
03/16/2020,19:40,279.2,279.2,279,279, 7
03/16/2020,19:40,279,279,279,279, 1
03/16/2020,20:45,279.15,279.15,279.15,279.15, 1
03/16/2020,20:58,279.6,279.6,279.6,279.6, 1
03/17/2020,11:15,279.45,279.5,279.45,279.5, 2
03/17/2020,11:24,279.55,279.7,279.55,279.7, 4
03/17/2020,11:31,279.75,279.75,279.75,279.75, 1
03/17/2020,15:23,278.9,279,278.9,279, 2
03/17/2020,15:24,279.1,279.1,279.1,279.1, 5
03/17/2020,15:27,279.05,279.1,279.05,279.1, 8
03/17/2020,15:28,279.15,279.15,279.15,279.15, 1
03/17/2020,15:29,279.15,279.45,279.15,279.45, 5
03/17/2020,15:32,280.15,280.3,280.15,280.3, 3
03/17/2020,15:37,279.85,279.9,279.85,279.9, 4
03/17/2020,15:44,278.85,279,278.85,279, 6
03/17/2020,15:46,280.1,280.15,280.1,280.15, 2
03/17/2020,15:49,280.2,280.2,280.2,280.2, 1
03/17/2020,15:55,279.7,279.7,279.7,279.7, 3
03/17/2020,15:57,279.7,279.75,279.7,279.75, 6
03/17/2020,15:57,279.75,279.75,279.75,279.75, 12
03/17/2020,16:00,279.75,279.75,279.75,279.75, 40
03/17/2020,16:03,279.75,280,279.75,280, 10
03/17/2020,16:05,280.25,280.25,280.25,280.25, 2
03/17/2020,16:07,280.7,280.7,280.7,280.7, 2
03/17/2020,16:07,280.8,280.8,280.8,280.8, 4
03/17/2020,16:08,280.6,280.6,280.55,280.55, 2
03/17/2020,16:08,280.5,280.5,280.5,280.5, 1
03/17/2020,16:10,280.8,280.8,280.8,280.8, 2
03/17/2020,16:12,281.25,281.25,281.25,281.25, 3
03/17/2020,16:14,282.1,282.1,282.1,282.1, 2
03/17/2020,16:15,282.25,282.25,282.25,282.25, 2
03/17/2020,16:16,282.25,282.25,282.25,282.25, 3
03/17/2020,16:20,281.75,282,281.75,282, 4
03/17/2020,16:20,282,282,282,282, 2
03/17/2020,16:22,282.05,282.25,282.05,282.25, 3
03/17/2020,16:31,281.5,281.5,281.5,281.5, 2
03/17/2020,16:32,281.5,281.5,281.5,281.5, 2
03/17/2020,16:41,280,280.25,280,280.25, 4
03/17/2020,16:47,280.75,281,280.75,281, 6
03/17/2020,16:48,281,281,281,281, 2
03/17/2020,16:52,281.5,281.5,281.5,281.5, 2
03/17/2020,16:59,281,281,281,281, 2
03/17/2020,17:19,282.25,282.5,282.25,282.5, 4
03/17/2020,17:20,282.75,282.75,282.75,282.75, 2
03/17/2020,17:46,280,280,280,280, 2
03/17/2020,18:02,278,278,278,278, 2
03/17/2020,18:03,278.25,278.25,278.25,278.25, 2
03/17/2020,18:20,277,277,277,277, 2
03/17/2020,18:26,278,278,278,278, 2
03/17/2020,19:00,276.65,276.65,276.5,276.5, 3
03/17/2020,19:25,275.5,276,275.5,276, 4
03/17/2020,20:51,274.75,274.75,274.75,274.75, 9
03/18/2020,15:09,265.55,265.55,265.55,265.55, 1
03/18/2020,15:10,265.2,265.2,265.2,265.2, 1
03/18/2020,15:12,265,265,265,265, 1
03/18/2020,15:13,264.7,264.7,264.7,264.7, 2
03/18/2020,15:57,262,262,262,262, 4
03/18/2020,16:21,259.25,259.25,259.25,259.25, 1
03/18/2020,16:31,259,259,259,259, 1
03/18/2020,16:31,259.1,259.1,259.1,259.1, 1
03/18/2020,16:36,259.15,259.15,259.15,259.15, 1
03/18/2020,16:38,259.2,259.2,259.2,259.2, 1
03/18/2020,16:38,259.3,259.3,259.3,259.3, 1
03/18/2020,16:42,259.15,259.15,259.15,259.15, 1
03/18/2020,16:44,259.2,259.35,259.2,259.35, 4
03/18/2020,17:04,258.3,258.3,258.3,258.3, 20
03/18/2020,17:06,257.6,257.6,257.6,257.6, 30
03/18/2020,17:07,257.75,257.75,257.75,257.75, 28
03/18/2020,17:09,258.25,258.65,258.25,258.65, 27
03/18/2020,17:11,258.2,258.2,258.2,258.2, 13
03/18/2020,17:31,256.45,256.55,256.45,256.55, 2
03/18/2020,17:34,256.65,256.65,256.65,256.65, 1
03/18/2020,18:12,254.8,255.05,254.8,255.05, 8
03/18/2020,19:27,250,250,250,250, 1
03/18/2020,20:30,254.8,254.8,254.8,254.8, 1
03/19/2020,13:56,257.25,257.25,257.25,257.25, 1
03/19/2020,14:19,257.4,257.45,257.4,257.45, 2
03/19/2020,14:21,257.8,257.8,257.8,257.8, 1
03/19/2020,14:25,257.85,257.85,257.85,257.85, 1
03/19/2020,14:31,257.9,258,257.9,258, 3
03/19/2020,14:43,256.6,256.6,256.6,256.6, 3
03/19/2020,15:14,257.8,257.8,257.8,257.8, 10
03/19/2020,15:24,258.8,258.8,258.8,258.8, 10
03/19/2020,15:26,259.3,259.3,259.3,259.3, 10
03/19/2020,15:43,260.25,260.25,260.25,260.25, 2
03/19/2020,15:51,260.2,260.2,260.2,260.2, 1
03/19/2020,15:51,260.25,260.25,260.25,260.25, 2
03/19/2020,15:55,260.25,260.85,260.25,260.85, 7
03/19/2020,15:55,260.9,260.95,260.9,260.95, 2
03/19/2020,15:56,260.1,260.1,260.1,260.1, 2
03/19/2020,15:56,261.6,261.6,261.6,261.6, 1
03/19/2020,15:57,260.75,261.75,260.75,261.15, 7
03/19/2020,16:01,261.8,261.8,261.8,261.8, 1
03/19/2020,16:07,261.5,261.5,261.5,261.5, 2
03/19/2020,16:09,262,262,262,262, 2
03/19/2020,16:11,262.25,262.5,262.25,262.5, 4
03/19/2020,16:12,262.5,262.75,262.5,262.75, 4
03/19/2020,16:13,263,263,263,263, 2
03/19/2020,16:15,263.25,263.25,263.25,263.25, 2
03/19/2020,16:18,263,263.25,263,263.25, 6
03/19/2020,16:20,263.25,263.25,263.25,263.25, 2
03/19/2020,16:20,263.25,263.25,263.25,263.25, 2
03/19/2020,16:21,263.25,263.25,263.25,263.25, 2
03/19/2020,16:21,263.35,263.5,263.35,263.5, 4
03/19/2020,16:22,264,264,264,264, 2
03/19/2020,16:23,264,264,264,264, 2
03/19/2020,16:25,264,264.25,264,264.25, 4
03/19/2020,16:35,266.5,266.5,266.5,266.5, 2
03/19/2020,16:36,266.5,267,266.5,267, 4
03/19/2020,16:37,268,268,268,268, 2
03/19/2020,16:39,268.5,268.5,268.5,268.5, 2
03/19/2020,16:41,267.25,267.25,267.25,267.25, 2
03/19/2020,16:47,266,266,266,266, 2
03/19/2020,16:47,266.5,266.5,266.5,266.5, 2
03/19/2020,16:52,265.25,265.25,265.25,265.25, 2
03/19/2020,16:57,265,265.5,265,265.5, 6
03/19/2020,17:12,263.5,263.5,263.5,263.5, 2
03/19/2020,17:12,264,264,264,264, 2
03/19/2020,17:21,264,264,264,264, 2
03/19/2020,17:28,264,264,264,264, 2
03/19/2020,17:29,264.25,264.5,264.25,264.5, 4
03/19/2020,18:41,268.15,268.15,268.15,268.15, 2
03/19/2020,18:42,267.55,267.55,267.5,267.5, 12
03/19/2020,20:58,269.95,269.95,269.95,269.95, 1
03/20/2020,15:36,271.5,271.5,271.4,271.4, 9
03/20/2020,16:08,268.45,268.45,268.45,268.45, 2
03/20/2020,16:14,268.4,268.4,268.3,268.3, 3
03/20/2020,17:24,266.6,266.65,266.6,266.65, 10
03/23/2020,15:58,259.4,259.4,259.4,259.4, 1
03/23/2020,17:19,260,260,260,260, 10
03/23/2020,17:42,260.7,260.7,260.7,260.7, 2
03/23/2020,18:06,261.9,261.9,261.9,261.9, 8
03/23/2020,19:17,261.7,261.7,261.7,261.7, 1
03/24/2020,16:51,271,271,271,271, 10
03/24/2020,17:27,272,272,272,272, 3
03/24/2020,17:43,270.4,270.4,270.4,270.4, 9
03/24/2020,18:10,269.35,269.35,269.1,269.1, 6
03/24/2020,18:49,269.85,269.85,269.85,269.85, 10
03/25/2020,14:33,269,269,268.9,268.9, 3
03/25/2020,14:54,270.25,270.25,270.2,270.2, 2
03/25/2020,14:54,270.15,270.15,270,270, 3
03/25/2020,14:58,270.25,270.25,270.25,270.25, 1
03/25/2020,15:02,269.75,269.75,269.6,269.6, 4
03/25/2020,15:04,269.3,269.3,269.3,269.3, 1
03/25/2020,15:05,269.25,269.25,269.2,269.2, 2
03/25/2020,15:12,269.15,269.15,269.15,269.15, 1
03/25/2020,15:12,269.1,269.1,269.1,269.1, 1
03/25/2020,15:15,269.05,269.05,268.6,268.6, 7
03/25/2020,15:19,268.15,268.15,268.1,268.1, 2
03/25/2020,15:19,268,268,268,268, 1
03/25/2020,16:52,272.2,272.2,272.2,272.2, 5
03/25/2020,16:55,272,272,272,272, 5
03/25/2020,17:00,271.9,271.9,271.9,271.9, 5
03/25/2020,17:09,272.05,272.05,272.05,272.05, 5
03/25/2020,17:19,272.05,272.05,272.05,272.05, 5
03/25/2020,19:36,274.7,274.7,274.7,274.7, 85
03/26/2020,14:46,270.6,270.6,270.6,270.6, 3
03/26/2020,14:51,270.75,270.75,270.75,270.75, 2
03/26/2020,14:51,270.7,270.7,270.55,270.55, 4
03/26/2020,15:55,271.5,271.5,271.45,271.45, 5
03/26/2020,15:56,271.4,271.4,271.4,271.4, 4
03/26/2020,15:58,271.4,271.4,271.4,271.4, 5
03/26/2020,15:58,271.3,271.3,271.3,271.3, 1
03/27/2020,19:03,258,258,258,258, 3
03/27/2020,19:29,263.95,263.95,263.95,263.95, 10
03/27/2020,19:30,264.35,264.35,264.35,264.35, 4
03/27/2020,19:31,264.75,264.75,264.75,264.75, 2
03/27/2020,19:34,265.7,265.7,265.7,265.7, 12
03/27/2020,19:39,267.1,267.15,267.1,267.15, 26
03/27/2020,19:45,268.4,268.4,268.35,268.4, 39
03/30/2020,17:41,255,255,255,255, 1
03/30/2020,20:29,254,254,254,254, 1
03/30/2020,20:30,257,257,257,257, 5
03/30/2020,20:31,253.85,253.85,253.85,253.85, 1
03/30/2020,21:48,254,254.45,254,254.45, 2
03/31/2020,15:39,255.75,255.75,255.75,255.75, 1
03/31/2020,16:16,255.5,255.5,255.5,255.5, 1
03/31/2020,16:45,255.3,255.3,255.3,255.3, 30
03/31/2020,18:12,255.3,255.3,255.3,255.3, 11
03/31/2020,18:12,255.5,255.5,255.5,255.5, 11
03/31/2020,20:05,256,256,256,256, 6
03/31/2020,20:40,253.8,253.8,253.8,253.8, 1
03/31/2020,20:40,253.85,253.85,253.85,253.85, 3

