04/07/2020,08:22,208.48,208.48,208.48,208.48, 1
04/07/2020,08:22,208.48,208.48,208.48,208.48, 1
04/07/2020,10:14,209.28,209.28,209.28,209.28, 1
04/08/2020,10:15,209.38,209.38,209.38,209.38, 1
04/09/2020,10:16,209.36,209.36,209.36,209.36, 1
04/10/2020,10:59,209.36,209.36,209.36,209.36, 1
04/13/2020,09:51,209.36,209.36,209.36,209.36, 1
04/14/2020,09:59,209.18,209.18,209.18,209.18, 1
04/15/2020,09:51,209.38,209.38,209.38,209.38, 1
04/16/2020,09:56,209.28,209.28,209.28,209.28, 1
04/17/2020,09:56,209.15,209.15,209.15,209.15, 1

