03/02/2020,15:49,1.573,1.573,1.573,1.573, 1500
03/02/2020,15:50,1.58,1.58,1.52,1.52, 597
03/02/2020,17:02,1.476,1.476,1.45,1.45, 3800
03/02/2020,17:04,1.419,1.42,1.405,1.42, 3300
03/02/2020,17:07,1.45,1.45,1.42,1.423, 10100
03/02/2020,17:08,1.39,1.39,1.39,1.39, 500
03/02/2020,17:20,1.385,1.385,1.385,1.385, 200
03/02/2020,17:44,1.4,1.4,1.4,1.4, 100
03/02/2020,17:49,1.4,1.4,1.4,1.4, 100
03/02/2020,17:58,1.42,1.42,1.419,1.419, 2400
03/02/2020,18:04,1.42,1.427,1.42,1.427, 250
03/02/2020,18:29,1.447,1.447,1.447,1.447, 500
03/02/2020,18:34,1.46,1.46,1.46,1.46, 800
03/02/2020,18:37,1.445,1.445,1.445,1.445, 200
03/02/2020,18:41,1.46,1.48,1.46,1.48, 935
03/02/2020,18:52,1.45,1.45,1.43,1.437, 5000
03/02/2020,18:56,1.48,1.48,1.48,1.48, 196
03/02/2020,19:00,1.46,1.46,1.46,1.46, 100
03/02/2020,19:02,1.48,1.48,1.48,1.48, 201
03/02/2020,19:06,1.49,1.49,1.49,1.49, 2000
03/02/2020,19:07,1.49,1.49,1.49,1.49, 300
03/02/2020,19:09,1.49,1.49,1.46,1.46, 600
03/02/2020,19:11,1.466,1.466,1.466,1.466, 250
03/02/2020,19:33,1.45,1.45,1.45,1.45, 100
03/02/2020,19:37,1.47,1.47,1.47,1.47, 1600
03/02/2020,19:46,1.458,1.458,1.458,1.458, 997
03/02/2020,20:04,1.44,1.44,1.44,1.44, 1478
03/02/2020,20:07,1.41,1.41,1.39,1.39, 2460
03/02/2020,20:22,1.402,1.402,1.402,1.402, 1000
03/02/2020,20:28,1.4,1.41,1.4,1.41, 3000
03/02/2020,20:37,1.41,1.41,1.41,1.41, 100
03/02/2020,20:46,1.395,1.4,1.39,1.39, 3540
03/02/2020,21:21,1.395,1.395,1.395,1.395, 100
03/02/2020,21:40,1.4,1.4,1.4,1.4, 100
03/02/2020,21:45,1.395,1.395,1.395,1.395, 500
03/02/2020,21:52,1.4,1.42,1.4,1.42, 30000
03/02/2020,21:55,1.404,1.404,1.404,1.404, 1000
03/03/2020,15:31,1.36,1.36,1.36,1.36, 648
03/03/2020,16:06,1.41,1.41,1.41,1.41, 4000
03/03/2020,16:10,1.41,1.41,1.41,1.41, 2000
03/03/2020,16:16,1.41,1.41,1.41,1.41, 100
03/03/2020,16:18,1.41,1.41,1.41,1.41, 100
03/03/2020,16:25,1.42,1.42,1.415,1.42, 17927
03/03/2020,16:28,1.42,1.42,1.42,1.42, 2500
03/03/2020,16:37,1.429,1.429,1.429,1.429, 300
03/03/2020,17:09,1.43,1.43,1.43,1.43, 183
03/03/2020,18:47,1.44,1.44,1.44,1.44, 500
03/03/2020,18:53,1.44,1.44,1.44,1.44, 100
03/03/2020,18:56,1.42,1.42,1.42,1.42, 200
03/03/2020,18:59,1.44,1.44,1.44,1.44, 700
03/03/2020,19:02,1.448,1.45,1.447,1.447, 2094
03/03/2020,19:02,1.447,1.447,1.447,1.447, 200
03/03/2020,19:06,1.45,1.45,1.45,1.45, 1500
03/03/2020,19:15,1.48,1.48,1.48,1.48, 200
03/03/2020,19:25,1.47,1.47,1.47,1.47, 100
03/03/2020,19:26,1.45,1.45,1.45,1.45, 500
03/03/2020,19:29,1.48,1.54,1.48,1.52, 9944
03/03/2020,19:30,1.495,1.495,1.495,1.495, 100
03/03/2020,19:31,1.52,1.55,1.52,1.55, 2500
03/03/2020,19:32,1.55,1.55,1.55,1.55, 4669
03/03/2020,19:33,1.55,1.55,1.55,1.55, 1500
03/03/2020,19:34,1.49,1.49,1.45,1.45, 1000
03/03/2020,19:40,1.55,1.55,1.55,1.55, 2400
03/03/2020,19:49,1.61,1.61,1.6,1.61, 2900
03/03/2020,19:50,1.63,1.634,1.63,1.634, 2900
03/03/2020,19:52,1.64,1.64,1.64,1.64, 100
03/03/2020,19:52,1.65,1.65,1.65,1.65, 4029
03/03/2020,19:54,1.669,1.669,1.669,1.669, 250
03/03/2020,19:55,1.666,1.666,1.666,1.666, 100
03/03/2020,19:56,1.67,1.67,1.67,1.67, 999
03/03/2020,19:59,1.652,1.652,1.652,1.652, 100
03/03/2020,20:01,1.67,1.67,1.67,1.67, 1000
03/03/2020,20:03,1.695,1.695,1.695,1.695, 500
03/03/2020,20:03,1.71,1.71,1.71,1.71, 300
03/03/2020,20:07,1.703,1.71,1.703,1.71, 2738
03/03/2020,20:07,1.716,1.716,1.716,1.716, 900
03/03/2020,20:10,1.73,1.73,1.73,1.73, 2000
03/03/2020,20:12,1.753,1.76,1.753,1.76, 2200
03/03/2020,20:13,1.75,1.755,1.75,1.755, 200
03/03/2020,20:14,1.75,1.75,1.75,1.75, 100
03/03/2020,20:15,1.74,1.74,1.74,1.74, 600
03/03/2020,20:16,1.759,1.759,1.759,1.759, 1000
03/03/2020,20:20,1.76,1.76,1.76,1.76, 1000
03/03/2020,20:22,1.76,1.76,1.76,1.76, 300
03/03/2020,20:23,1.76,1.8,1.76,1.8, 14885
03/03/2020,20:24,1.83,1.84,1.83,1.84, 2800
03/03/2020,20:25,1.84,1.9,1.84,1.879, 7557
03/03/2020,20:26,1.895,1.9,1.88,1.9, 8199
03/03/2020,20:27,1.89,1.89,1.82,1.82, 7332
03/03/2020,20:29,1.82,1.835,1.8,1.804, 7700
03/03/2020,20:29,1.8,1.8,1.8,1.8, 100
03/03/2020,20:32,1.816,1.816,1.8,1.81, 5650
03/03/2020,20:33,1.81,1.81,1.74,1.75, 9000
03/03/2020,20:33,1.749,1.75,1.71,1.71, 11900
03/03/2020,20:35,1.71,1.71,1.71,1.71, 2000
03/03/2020,20:35,1.74,1.77,1.74,1.77, 3400
03/03/2020,20:37,1.71,1.71,1.71,1.71, 200
03/03/2020,20:38,1.72,1.72,1.71,1.71, 1550
03/03/2020,20:38,1.73,1.73,1.73,1.73, 300
03/03/2020,20:40,1.72,1.726,1.71,1.726, 2400
03/03/2020,20:41,1.719,1.74,1.719,1.74, 3500
03/03/2020,20:41,1.761,1.761,1.761,1.761, 5000
03/03/2020,20:43,1.785,1.81,1.785,1.81, 2541
03/03/2020,20:44,1.779,1.779,1.779,1.779, 400
03/03/2020,20:48,1.76,1.769,1.76,1.769, 1674
03/03/2020,20:48,1.794,1.794,1.794,1.794, 250
03/03/2020,20:52,1.763,1.763,1.76,1.76, 800
03/03/2020,20:55,1.76,1.8,1.74,1.8, 2451
03/03/2020,20:57,1.76,1.76,1.76,1.76, 200
03/03/2020,21:01,1.85,1.85,1.85,1.85, 100
03/03/2020,21:04,1.792,1.792,1.792,1.792, 2541
03/03/2020,21:07,1.85,1.85,1.8,1.8, 898
03/03/2020,21:11,1.808,1.81,1.806,1.81, 1500
03/03/2020,21:12,1.81,1.825,1.81,1.825, 1800
03/03/2020,21:14,1.84,1.85,1.84,1.85, 1000
03/03/2020,21:16,1.83,1.83,1.83,1.83, 200
03/03/2020,21:17,1.85,1.87,1.83,1.87, 4299
03/03/2020,21:18,1.88,1.9,1.87,1.887, 3800
03/03/2020,21:19,1.9,1.9,1.885,1.885, 4900
03/03/2020,21:20,1.9,1.91,1.893,1.91, 6800
03/03/2020,21:22,1.95,2,1.944,1.997, 5190
03/03/2020,21:23,2,2,1.962,1.962, 4190
03/03/2020,21:24,1.971,2,1.96,1.99, 2645
03/03/2020,21:26,2,2,2,2, 1000
03/03/2020,21:27,2,2.045,2,2.02, 9758
03/03/2020,21:28,2.05,2.08,2.04,2.04, 2328
03/03/2020,21:29,2.035,2.09,2.035,2.09, 5017
03/03/2020,21:30,2.085,2.1,2.055,2.055, 10248
03/03/2020,21:31,2.04,2.078,1.99,2.078, 4100
03/03/2020,21:33,2.041,2.041,1.983,1.983, 6780
03/03/2020,21:34,1.978,2.025,1.949,2.025, 4525
03/03/2020,21:35,2.039,2.04,2.03,2.03, 13700
03/03/2020,21:36,1.97,2,1.96,1.96, 2663
03/03/2020,21:37,1.96,1.96,1.94,1.94, 657
03/03/2020,21:37,1.95,1.95,1.944,1.944, 1170
03/03/2020,21:39,1.948,1.948,1.948,1.948, 400
03/03/2020,21:39,1.95,1.95,1.946,1.946, 640
03/03/2020,21:40,1.95,1.96,1.946,1.946, 1482
03/03/2020,21:42,1.94,1.946,1.94,1.94, 1000
03/03/2020,21:44,1.94,1.94,1.94,1.94, 2631
03/03/2020,21:45,1.95,1.96,1.946,1.96, 500
03/03/2020,21:45,1.96,1.96,1.95,1.96, 2100
03/03/2020,21:47,1.96,1.975,1.96,1.97, 2897
03/03/2020,21:48,1.977,1.99,1.977,1.99, 2800
03/03/2020,21:48,2,2.05,1.999,2.05, 16613
03/03/2020,21:50,2.04,2.06,2.01,2.04, 7000
03/03/2020,21:50,2.06,2.07,2.042,2.055, 4856
03/03/2020,21:52,2.08,2.095,2.05,2.05, 6139
03/03/2020,21:54,2.05,2.05,2.04,2.04, 2830
03/03/2020,21:55,2.08,2.08,2.08,2.08, 500
03/03/2020,21:57,2.065,2.065,2.065,2.065, 1000
03/03/2020,21:58,2.07,2.07,2.07,2.07, 200
03/03/2020,22:00,2.06,2.09,2.06,2.082, 2600
03/03/2020,22:01,2.1,2.1,2.1,2.1, 2412
03/04/2020,15:33,2.19,2.19,2.1,2.1, 26092
03/04/2020,15:34,2.125,2.126,2.1,2.1, 3965
03/04/2020,15:36,2.1,2.11,2.03,2.036, 10620
03/04/2020,15:38,2.033,2.05,1.89,1.89, 21134
03/04/2020,15:39,1.9,1.9,1.89,1.89, 8439
03/04/2020,15:43,1.9,1.99,1.85,1.93, 6535
03/04/2020,15:46,1.96,1.96,1.96,1.96, 380
03/04/2020,15:47,1.95,1.96,1.95,1.96, 6670
03/04/2020,15:49,1.95,1.95,1.95,1.95, 1000
03/04/2020,15:53,1.955,1.955,1.85,1.88, 9957
03/04/2020,15:56,1.94,1.95,1.94,1.94, 1305
03/04/2020,15:56,1.947,1.947,1.947,1.947, 200
03/04/2020,16:00,1.99,1.99,1.981,1.99, 8650
03/04/2020,16:04,2.04,2.09,2.03,2.07, 3301
03/04/2020,16:07,2.07,2.15,2.07,2.144, 17953
03/04/2020,16:11,2.147,2.15,2.1,2.15, 9029
03/04/2020,16:15,2.135,2.4,2.135,2.4, 73848
03/04/2020,16:16,2.4,2.49,2.25,2.35, 70891
03/04/2020,16:17,2.34,2.34,2.27,2.305, 5512
03/04/2020,16:21,2.3,2.49,2.25,2.26, 45993
03/04/2020,16:24,2.267,2.28,2.18,2.25, 14888
03/04/2020,16:25,2.197,2.23,2.197,2.23, 1200
03/04/2020,16:29,2.203,2.31,2.2,2.299, 25964
03/04/2020,16:32,2.3,2.32,2.29,2.315, 5942
03/04/2020,16:34,2.31,2.32,2.31,2.32, 3500
03/04/2020,16:36,2.31,2.32,2.31,2.32, 9765
03/04/2020,16:41,2.32,2.5,2.32,2.35, 73155
03/04/2020,16:42,2.398,2.399,2.374,2.374, 2260
03/04/2020,16:47,2.394,2.48,2.375,2.472, 13959
03/04/2020,16:51,2.48,2.59,2.48,2.58, 36466
03/04/2020,16:51,2.555,2.555,2.555,2.555, 200
03/04/2020,16:53,2.577,2.6,2.35,2.395, 32264
03/04/2020,16:58,2.41,2.6,2.41,2.596, 48908
03/04/2020,16:58,2.6,2.63,2.6,2.62, 7700
03/04/2020,17:00,2.62,2.66,2.62,2.651, 17403
03/04/2020,17:03,2.65,2.66,2.54,2.54, 27351
03/04/2020,17:05,2.537,2.537,2.49,2.523, 3145
03/04/2020,17:07,2.55,2.55,2.535,2.535, 2180
03/04/2020,17:11,2.52,2.545,2.51,2.51, 6149
03/04/2020,17:14,2.54,2.54,2.33,2.343, 16617
03/04/2020,17:16,2.33,2.33,2.22,2.23, 19682
03/04/2020,17:18,2.23,2.25,2.23,2.23, 4513
03/04/2020,17:19,2.25,2.35,2.245,2.273, 5500
03/04/2020,17:21,2.26,2.26,2.26,2.26, 1000
03/04/2020,17:23,2.25,2.27,2.23,2.254, 3399
03/04/2020,17:24,2.25,2.267,2.25,2.267, 710
03/04/2020,17:26,2.27,2.27,2.27,2.27, 100
03/04/2020,17:28,2.27,2.27,2.25,2.25, 6663
03/04/2020,17:29,2.25,2.25,2.24,2.24, 4125
03/04/2020,17:30,2.23,2.24,2.22,2.23, 9200
03/04/2020,17:31,2.236,2.24,2.236,2.238, 1800
03/04/2020,17:33,2.25,2.3,2.245,2.3, 3000
03/04/2020,17:35,2.296,2.34,2.296,2.34, 1470
03/04/2020,17:37,2.34,2.44,2.335,2.44, 3350
03/04/2020,17:39,2.405,2.438,2.32,2.32, 4212
03/04/2020,17:41,2.32,2.322,2.26,2.294, 14095
03/04/2020,17:41,2.305,2.305,2.305,2.305, 150
03/04/2020,17:43,2.32,2.32,2.32,2.32, 100
03/04/2020,17:43,2.32,2.32,2.315,2.315, 300
03/04/2020,17:44,2.31,2.31,2.3,2.3, 6500
03/04/2020,17:46,2.32,2.371,2.32,2.371, 2600
03/04/2020,17:47,2.38,2.38,2.38,2.38, 100
03/04/2020,17:48,2.362,2.365,2.362,2.365, 350
03/04/2020,17:49,2.373,2.375,2.373,2.375, 600
03/04/2020,17:51,2.375,2.375,2.375,2.375, 720
03/04/2020,17:53,2.37,2.37,2.37,2.37, 200
03/04/2020,17:55,2.37,2.37,2.3,2.3, 3133
03/04/2020,17:55,2.3,2.36,2.3,2.36, 2500
03/04/2020,17:56,2.386,2.395,2.386,2.395, 553
03/04/2020,17:57,2.4,2.4,2.4,2.4, 3000
03/04/2020,17:59,2.392,2.392,2.392,2.392, 100
03/04/2020,18:01,2.387,2.387,2.387,2.387, 500
03/04/2020,18:02,2.4,2.4,2.3,2.3, 2125
03/04/2020,18:02,2.36,2.36,2.36,2.36, 200
03/04/2020,18:05,2.36,2.36,2.36,2.36, 400
03/04/2020,18:09,2.36,2.36,2.36,2.36, 800
03/04/2020,18:11,2.39,2.39,2.39,2.39, 500
03/04/2020,18:12,2.4,2.4,2.4,2.4, 400
03/04/2020,18:13,2.4,2.4,2.4,2.4, 200
03/04/2020,18:15,2.391,2.4,2.391,2.4, 1000
03/04/2020,18:23,2.397,2.397,2.393,2.393, 1000
03/04/2020,18:26,2.4,2.4,2.4,2.4, 600
03/04/2020,18:27,2.4,2.43,2.395,2.43, 4500
03/04/2020,18:27,2.43,2.45,2.43,2.45, 1200
03/04/2020,18:28,2.46,2.48,2.46,2.474, 1100
03/04/2020,18:30,2.477,2.477,2.477,2.477, 1000
03/04/2020,18:30,2.46,2.46,2.46,2.46, 500
03/04/2020,18:31,2.48,2.48,2.48,2.48, 200
03/04/2020,18:34,2.48,2.48,2.48,2.48, 400
03/04/2020,18:34,2.471,2.471,2.471,2.471, 400
03/04/2020,18:37,2.445,2.445,2.44,2.44, 1500
03/04/2020,18:37,2.47,2.49,2.47,2.49, 800
03/04/2020,18:39,2.45,2.45,2.45,2.45, 1000
03/04/2020,18:41,2.48,2.48,2.48,2.48, 1000
03/04/2020,18:43,2.48,2.49,2.475,2.49, 2800
03/04/2020,18:43,2.5,2.5,2.5,2.5, 350
03/04/2020,18:44,2.5,2.5,2.495,2.495, 2113
03/04/2020,18:49,2.5,2.5,2.5,2.5, 200
03/04/2020,18:49,2.53,2.53,2.53,2.53, 400
03/04/2020,18:51,2.54,2.54,2.54,2.54, 300
03/04/2020,18:51,2.55,2.55,2.545,2.545, 1560
03/04/2020,18:54,2.54,2.54,2.47,2.47, 9514
03/04/2020,18:54,2.46,2.466,2.46,2.466, 450
03/04/2020,18:55,2.46,2.46,2.417,2.417, 1655
03/04/2020,18:56,2.411,2.411,2.41,2.41, 1208
03/04/2020,18:57,2.41,2.41,2.32,2.32, 6300
03/04/2020,19:00,2.31,2.31,2.31,2.31, 100
03/04/2020,19:02,2.319,2.32,2.319,2.32, 3750
03/04/2020,19:02,2.34,2.34,2.34,2.34, 200
03/04/2020,19:04,2.38,2.38,2.357,2.357, 350
03/04/2020,19:09,2.31,2.351,2.31,2.351, 2650
03/04/2020,19:11,2.376,2.376,2.376,2.376, 1000
03/04/2020,19:15,2.375,2.385,2.35,2.35, 2400
03/04/2020,19:17,2.4,2.4,2.4,2.4, 100
03/04/2020,19:22,2.383,2.383,2.383,2.383, 250
03/04/2020,19:24,2.38,2.38,2.38,2.38, 100
03/04/2020,19:27,2.38,2.395,2.37,2.395, 1300
03/04/2020,19:28,2.346,2.346,2.346,2.346, 125
03/04/2020,19:30,2.383,2.383,2.383,2.383, 500
03/04/2020,19:31,2.359,2.359,2.359,2.359, 200
03/04/2020,19:39,2.39,2.39,2.39,2.39, 100
03/04/2020,19:40,2.32,2.356,2.32,2.343, 974
03/04/2020,19:41,2.37,2.37,2.37,2.37, 425
03/04/2020,19:59,2.32,2.34,2.32,2.34, 1000
03/04/2020,19:59,2.32,2.33,2.32,2.325, 2200
03/04/2020,20:03,2.355,2.355,2.355,2.355, 1084
03/04/2020,20:04,2.337,2.337,2.32,2.32, 312
03/04/2020,20:05,2.319,2.319,2.319,2.319, 500
03/04/2020,20:06,2.31,2.31,2.25,2.25, 2900
03/04/2020,20:11,2.32,2.32,2.3,2.3, 300
03/04/2020,20:11,2.31,2.32,2.3,2.32, 5800
03/04/2020,20:14,2.306,2.306,2.306,2.306, 500
03/04/2020,20:16,2.319,2.319,2.314,2.314, 1000
03/04/2020,20:19,2.291,2.291,2.291,2.291, 120
03/04/2020,20:22,2.31,2.31,2.3,2.3, 1700
03/04/2020,20:22,2.32,2.32,2.297,2.297, 899
03/04/2020,20:28,2.306,2.306,2.306,2.306, 862
03/04/2020,20:29,2.263,2.27,2.26,2.26, 1000
03/04/2020,20:31,2.29,2.393,2.283,2.393, 1200
03/04/2020,20:32,2.31,2.31,2.31,2.31, 100
03/04/2020,20:35,2.285,2.285,2.285,2.285, 100
03/04/2020,20:36,2.28,2.28,2.28,2.28, 100
03/04/2020,20:37,2.3,2.3,2.261,2.261, 235
03/04/2020,20:38,2.3,2.3,2.3,2.3, 750
03/04/2020,20:42,2.265,2.265,2.265,2.265, 500
03/04/2020,20:44,2.279,2.279,2.263,2.263, 2000
03/04/2020,20:47,2.27,2.27,2.27,2.27, 300
03/04/2020,20:53,2.31,2.31,2.31,2.31, 100
03/04/2020,21:00,2.3,2.3,2.28,2.28, 600
03/04/2020,21:06,2.293,2.293,2.293,2.293, 200
03/04/2020,21:10,2.32,2.32,2.32,2.32, 200
03/04/2020,21:11,2.303,2.303,2.303,2.303, 100
03/04/2020,21:11,2.29,2.29,2.29,2.29, 2000
03/04/2020,21:14,2.303,2.303,2.27,2.27, 1715
03/04/2020,21:15,2.27,2.27,2.27,2.27, 300
03/04/2020,21:17,2.3,2.3,2.3,2.3, 1200
03/04/2020,21:17,2.3,2.3,2.3,2.3, 100
03/04/2020,21:22,2.295,2.35,2.295,2.34, 6200
03/04/2020,21:25,2.35,2.4,2.344,2.35, 3400
03/04/2020,21:26,2.379,2.384,2.379,2.384, 1150
03/04/2020,21:27,2.4,2.4,2.4,2.4, 900
03/04/2020,21:32,2.41,2.41,2.41,2.41, 100
03/04/2020,21:33,2.41,2.45,2.409,2.45, 3520
03/04/2020,21:36,2.45,2.47,2.417,2.47, 5600
03/04/2020,21:37,2.45,2.5,2.45,2.5, 2300
03/04/2020,21:38,2.5,2.54,2.448,2.54, 6428
03/04/2020,21:39,2.501,2.501,2.501,2.501, 120
03/04/2020,21:40,2.52,2.53,2.517,2.52, 4000
03/04/2020,21:41,2.462,2.5,2.462,2.5, 7700
03/04/2020,21:43,2.5,2.5,2.492,2.5, 4735
03/04/2020,21:45,2.528,2.53,2.528,2.53, 2000
03/04/2020,21:46,2.525,2.525,2.492,2.492, 1200
03/04/2020,21:48,2.49,2.521,2.49,2.521, 2100
03/04/2020,21:48,2.493,2.493,2.493,2.493, 323
03/04/2020,21:49,2.526,2.526,2.525,2.525, 397
03/04/2020,21:51,2.518,2.52,2.518,2.52, 378
03/04/2020,21:52,2.52,2.52,2.45,2.45, 7903
03/04/2020,21:54,2.45,2.484,2.45,2.484, 1600
03/04/2020,21:55,2.485,2.485,2.48,2.48, 2600
03/04/2020,21:56,2.444,2.444,2.444,2.444, 200
03/04/2020,21:58,2.454,2.454,2.454,2.454, 200
03/04/2020,22:00,2.42,2.47,2.39,2.39, 3135
03/04/2020,22:00,2.45,2.45,2.45,2.45, 500
03/05/2020,15:31,2.55,2.55,2.495,2.549, 10372
03/05/2020,15:32,2.531,2.535,2.531,2.535, 2288
03/05/2020,15:32,2.53,2.53,2.47,2.47, 1578
03/05/2020,15:33,2.47,2.47,2.46,2.46, 1500
03/05/2020,15:34,2.442,2.442,2.35,2.44, 6893
03/05/2020,15:34,2.43,2.43,2.35,2.35, 5000
03/05/2020,15:36,2.43,2.47,2.43,2.47, 1250
03/05/2020,15:37,2.426,2.426,2.426,2.426, 3823
03/05/2020,15:39,2.416,2.418,2.416,2.418, 1100
03/05/2020,15:40,2.44,2.44,2.44,2.44, 1100
03/05/2020,15:42,2.49,2.54,2.49,2.54, 5623
03/05/2020,15:42,2.503,2.503,2.503,2.503, 300
03/05/2020,15:44,2.54,2.6,2.538,2.6, 9595
03/05/2020,15:46,2.605,2.66,2.59,2.66, 29947
03/05/2020,15:47,2.608,2.64,2.599,2.64, 8300
03/05/2020,15:48,2.583,2.583,2.526,2.543, 4581
03/05/2020,15:49,2.521,2.55,2.521,2.55, 700
03/05/2020,15:50,2.64,2.64,2.545,2.55, 7457
03/05/2020,15:51,2.55,2.57,2.55,2.57, 1800
03/05/2020,15:52,2.598,2.598,2.59,2.59, 2250
03/05/2020,15:55,2.597,2.6,2.597,2.6, 700
03/05/2020,15:55,2.6,2.6,2.598,2.6, 3700
03/05/2020,15:57,2.6,2.66,2.6,2.66, 1820
03/05/2020,15:58,2.632,2.66,2.63,2.647, 1450
03/05/2020,15:59,2.63,2.65,2.63,2.645, 12950
03/05/2020,16:00,2.632,2.632,2.63,2.63, 1243
03/05/2020,16:02,2.6,2.625,2.6,2.615, 700
03/05/2020,16:03,2.622,2.622,2.622,2.622, 1000
03/05/2020,16:04,2.635,2.65,2.635,2.65, 1700
03/05/2020,16:05,2.65,2.65,2.62,2.62, 305
03/05/2020,16:06,2.641,2.65,2.64,2.65, 710
03/05/2020,16:08,2.65,2.65,2.65,2.65, 200
03/05/2020,16:09,2.65,2.66,2.65,2.655, 6707
03/05/2020,16:10,2.652,2.652,2.65,2.65, 1100
03/05/2020,16:11,2.65,2.65,2.65,2.65, 700
03/05/2020,16:13,2.66,2.7,2.658,2.7, 25589
03/05/2020,16:14,2.7,2.7,2.65,2.697, 4847
03/05/2020,16:14,2.69,2.699,2.662,2.67, 8100
03/05/2020,16:15,2.67,2.691,2.67,2.691, 400
03/05/2020,16:16,2.69,2.69,2.69,2.69, 200
03/05/2020,16:17,2.7,2.7,2.7,2.7, 200
03/05/2020,16:17,2.7,2.7,2.7,2.7, 1016
03/05/2020,16:19,2.7,2.7,2.69,2.69, 4100
03/05/2020,16:20,2.67,2.68,2.67,2.68, 400
03/05/2020,16:20,2.68,2.7,2.68,2.7, 2940
03/05/2020,16:22,2.68,2.717,2.66,2.717, 3400
03/05/2020,16:24,2.65,2.65,2.6,2.6, 3700
03/05/2020,16:25,2.63,2.63,2.625,2.625, 500
03/05/2020,16:25,2.604,2.604,2.604,2.604, 350
03/05/2020,16:26,2.607,2.607,2.607,2.607, 800
03/05/2020,16:28,2.65,2.68,2.65,2.68, 400
03/05/2020,16:29,2.675,2.7,2.675,2.7, 4400
03/05/2020,16:30,2.68,2.68,2.65,2.68, 1200
03/05/2020,16:31,2.68,2.7,2.68,2.69, 1304
03/05/2020,16:32,2.69,2.69,2.69,2.69, 200
03/05/2020,16:33,2.69,2.69,2.689,2.69, 2373
03/05/2020,16:34,2.69,2.7,2.69,2.7, 600
03/05/2020,16:35,2.7,2.7,2.7,2.7, 100
03/05/2020,16:36,2.7,2.7,2.7,2.7, 100
03/05/2020,16:37,2.7,2.7,2.69,2.695, 1431
03/05/2020,16:39,2.64,2.715,2.64,2.668, 5869
03/05/2020,16:39,2.65,2.65,2.65,2.65, 1500
03/05/2020,16:41,2.65,2.65,2.65,2.65, 200
03/05/2020,16:41,2.65,2.65,2.643,2.643, 1300
03/05/2020,16:43,2.65,2.65,2.65,2.65, 400
03/05/2020,16:43,2.65,2.65,2.642,2.642, 400
03/05/2020,16:45,2.65,2.65,2.642,2.642, 200
03/05/2020,16:45,2.65,2.65,2.65,2.65, 200
03/05/2020,16:46,2.65,2.65,2.65,2.65, 193
03/05/2020,16:47,2.65,2.65,2.65,2.65, 200
03/05/2020,16:48,2.65,2.65,2.65,2.65, 100
03/05/2020,16:49,2.65,2.65,2.65,2.65, 200
03/05/2020,16:51,2.65,2.69,2.65,2.69, 9813
03/05/2020,16:53,2.691,2.691,2.691,2.691, 100
03/05/2020,16:54,2.7,2.72,2.695,2.71, 9840
03/05/2020,16:55,2.715,2.72,2.715,2.715, 700
03/05/2020,16:55,2.715,2.72,2.715,2.717, 2148
03/05/2020,16:56,2.72,2.72,2.72,2.72, 600
03/05/2020,16:57,2.715,2.715,2.715,2.715, 100
03/05/2020,17:00,2.72,2.72,2.72,2.72, 1000
03/05/2020,17:00,2.715,2.73,2.715,2.73, 7404
03/05/2020,17:01,2.733,2.733,2.733,2.733, 600
03/05/2020,17:02,2.74,2.74,2.735,2.74, 7500
03/05/2020,17:03,2.735,2.74,2.735,2.74, 400
03/05/2020,17:04,2.74,2.74,2.733,2.733, 3500
03/05/2020,17:06,2.735,2.735,2.73,2.73, 1350
03/05/2020,17:06,2.73,2.73,2.73,2.73, 100
03/05/2020,17:09,2.735,2.736,2.7,2.7, 2718
03/05/2020,17:09,2.7,2.7,2.7,2.7, 1000
03/05/2020,17:11,2.69,2.69,2.65,2.65, 600
03/05/2020,17:11,2.65,2.653,2.61,2.653, 1199
03/05/2020,17:12,2.65,2.65,2.65,2.65, 100
03/05/2020,17:14,2.64,2.64,2.64,2.64, 200
03/05/2020,17:16,2.64,2.64,2.64,2.64, 200
03/05/2020,17:16,2.65,2.65,2.645,2.65, 6500
03/05/2020,17:21,2.64,2.64,2.64,2.64, 300
03/05/2020,17:22,2.64,2.64,2.64,2.64, 700
03/05/2020,17:25,2.629,2.629,2.629,2.629, 378
03/05/2020,17:27,2.64,2.64,2.61,2.614, 3400
03/05/2020,17:27,2.6,2.6,2.53,2.56, 4261
03/05/2020,17:29,2.55,2.55,2.55,2.55, 1200
03/05/2020,17:30,2.55,2.55,2.55,2.55, 120
03/05/2020,17:32,2.55,2.55,2.55,2.55, 100
03/05/2020,17:33,2.543,2.543,2.543,2.543, 150
03/05/2020,17:34,2.53,2.532,2.53,2.53, 1300
03/05/2020,17:36,2.53,2.53,2.5,2.5, 3888
03/05/2020,17:36,2.48,2.48,2.477,2.477, 400
03/05/2020,17:38,2.48,2.48,2.48,2.48, 100
03/05/2020,17:40,2.5,2.5,2.48,2.49, 2120
03/05/2020,17:40,2.49,2.5,2.48,2.48, 2180
03/05/2020,17:43,2.4,2.47,2.4,2.438, 12775
03/05/2020,17:44,2.4,2.4,2.4,2.4, 200
03/05/2020,17:45,2.45,2.45,2.45,2.45, 100
03/05/2020,17:47,2.4,2.4,2.4,2.4, 1400
03/05/2020,17:48,2.4,2.4,2.4,2.4, 2000
03/05/2020,17:52,2.45,2.45,2.44,2.44, 325
03/05/2020,17:54,2.44,2.44,2.44,2.44, 200
03/05/2020,17:56,2.45,2.5,2.45,2.45, 2225
03/05/2020,17:59,2.46,2.46,2.38,2.39, 15400
03/05/2020,18:00,2.356,2.356,2.356,2.356, 200
03/05/2020,18:02,2.345,2.345,2.3,2.3, 1962
03/05/2020,18:03,2.352,2.352,2.347,2.347, 800
03/05/2020,18:05,2.3,2.383,2.3,2.383, 3250
03/05/2020,18:06,2.345,2.345,2.345,2.345, 500
03/05/2020,18:08,2.343,2.343,2.331,2.331, 2900
03/05/2020,18:08,2.34,2.34,2.34,2.34, 500
03/05/2020,18:10,2.34,2.366,2.336,2.366, 2600
03/05/2020,18:13,2.35,2.35,2.343,2.343, 600
03/05/2020,18:14,2.343,2.343,2.34,2.34, 2100
03/05/2020,18:15,2.375,2.4,2.375,2.4, 2000
03/05/2020,18:17,2.375,2.4,2.375,2.4, 1100
03/05/2020,18:19,2.4,2.4,2.31,2.31, 4139
03/05/2020,18:19,2.34,2.34,2.332,2.332, 600
03/05/2020,18:22,2.32,2.32,2.32,2.32, 1700
03/05/2020,18:23,2.323,2.323,2.32,2.32, 400
03/05/2020,18:24,2.3,2.3,2.24,2.24, 9716
03/05/2020,18:25,2.233,2.237,2.2,2.237, 14943
03/05/2020,18:25,2.255,2.255,2.255,2.255, 100
03/05/2020,18:27,2.22,2.22,2.22,2.22, 300
03/05/2020,18:27,2.22,2.234,2.17,2.17, 4150
03/05/2020,18:29,2.21,2.21,2.21,2.21, 303
03/05/2020,18:31,2.244,2.244,2.244,2.244, 750
03/05/2020,18:32,2.264,2.28,2.264,2.28, 1000
03/05/2020,18:36,2.244,2.244,2.244,2.244, 100
03/05/2020,18:41,2.271,2.271,2.271,2.271, 200
03/05/2020,18:43,2.28,2.29,2.28,2.29, 3298
03/05/2020,18:44,2.29,2.29,2.29,2.29, 160
03/05/2020,18:46,2.3,2.3,2.295,2.3, 8500
03/05/2020,18:46,2.3,2.3,2.3,2.3, 271
03/05/2020,18:47,2.33,2.33,2.33,2.33, 3564
03/05/2020,18:48,2.365,2.398,2.365,2.398, 1000
03/05/2020,18:50,2.4,2.4,2.4,2.4, 3900
03/05/2020,18:55,2.4,2.4,2.4,2.4, 100
03/05/2020,19:04,2.36,2.4,2.36,2.4, 1000
03/05/2020,19:12,2.389,2.389,2.36,2.36, 300
03/05/2020,19:14,2.35,2.35,2.35,2.35, 2000
03/05/2020,19:15,2.384,2.384,2.384,2.384, 800
03/05/2020,19:19,2.35,2.35,2.35,2.35, 100
03/05/2020,19:20,2.35,2.35,2.34,2.34, 5100
03/05/2020,19:20,2.34,2.34,2.34,2.34, 500
03/05/2020,19:22,2.34,2.34,2.34,2.34, 200
03/05/2020,19:23,2.334,2.34,2.32,2.34, 800
03/05/2020,19:28,2.32,2.32,2.32,2.32, 4450
03/05/2020,19:30,2.29,2.29,2.27,2.27, 1700
03/05/2020,19:32,2.29,2.29,2.28,2.28, 1109
03/05/2020,19:43,2.28,2.283,2.28,2.283, 5400
03/05/2020,19:54,2.33,2.33,2.33,2.33, 200
03/05/2020,19:56,2.251,2.251,2.251,2.251, 500
03/05/2020,19:58,2.29,2.303,2.29,2.303, 500
03/05/2020,20:05,2.3,2.3,2.29,2.29, 300
03/05/2020,20:09,2.3,2.3,2.3,2.3, 870
03/05/2020,20:18,2.281,2.281,2.281,2.281, 685
03/05/2020,20:27,2.286,2.286,2.286,2.286, 1000
03/05/2020,20:31,2.28,2.28,2.28,2.28, 480
03/05/2020,20:34,2.3,2.3,2.3,2.3, 100
03/05/2020,20:36,2.24,2.24,2.24,2.24, 1505
03/05/2020,20:38,2.241,2.241,2.241,2.241, 276
03/05/2020,20:39,2.24,2.24,2.23,2.23, 3892
03/05/2020,20:41,2.23,2.232,2.2,2.2, 8999
03/05/2020,20:44,2.19,2.197,2.19,2.19, 1121
03/05/2020,20:44,2.18,2.18,2.17,2.17, 1970
03/05/2020,20:47,2.17,2.17,2.1,2.1, 7550
03/05/2020,20:49,2.125,2.16,2.125,2.16, 1100
03/05/2020,20:50,2.16,2.207,2.157,2.207, 3252
03/05/2020,20:51,2.219,2.219,2.202,2.202, 2950
03/05/2020,20:52,2.2,2.2,2.163,2.163, 3624
03/05/2020,20:56,2.181,2.181,2.181,2.181, 250
03/05/2020,20:58,2.171,2.171,2.171,2.171, 250
03/05/2020,20:58,2.16,2.16,2.1,2.1, 4900
03/05/2020,20:59,2.122,2.122,2.1,2.1, 2255
03/05/2020,21:01,2.12,2.14,2.1,2.1, 3400
03/05/2020,21:01,2.11,2.11,2.11,2.11, 2200
03/05/2020,21:03,2.123,2.123,2.123,2.123, 1000
03/05/2020,21:05,2.14,2.16,2.14,2.16, 1000
03/05/2020,21:06,2.147,2.16,2.147,2.16, 4300
03/05/2020,21:07,2.156,2.16,2.145,2.16, 1300
03/05/2020,21:09,2.16,2.16,2.16,2.16, 1000
03/05/2020,21:13,2.15,2.16,2.15,2.16, 4200
03/05/2020,21:13,2.18,2.18,2.18,2.18, 100
03/05/2020,21:20,2.19,2.19,2.19,2.19, 200
03/05/2020,21:21,2.19,2.19,2.19,2.19, 1000
03/05/2020,21:22,2.19,2.19,2.185,2.185, 1500
03/05/2020,21:23,2.19,2.24,2.19,2.24, 2834
03/05/2020,21:27,2.23,2.23,2.23,2.23, 100
03/05/2020,21:28,2.24,2.24,2.24,2.24, 300
03/05/2020,21:30,2.24,2.268,2.24,2.268, 1770
03/05/2020,21:33,2.25,2.25,2.25,2.25, 600
03/05/2020,21:34,2.24,2.24,2.2,2.2, 3099
03/05/2020,21:39,2.2,2.2,2.18,2.18, 2734
03/05/2020,21:44,2.18,2.209,2.18,2.209, 1833
03/05/2020,21:44,2.195,2.23,2.195,2.23, 300
03/05/2020,21:52,2.18,2.18,2.1,2.1, 9485
03/05/2020,21:54,2.15,2.15,2.15,2.15, 100
03/05/2020,21:56,2.14,2.166,2.14,2.15, 1400
03/05/2020,21:57,2.15,2.15,2.14,2.15, 440
03/05/2020,21:58,2.127,2.127,2.127,2.127, 1000
03/05/2020,21:59,2.11,2.11,2.11,2.11, 600
03/05/2020,22:01,2.15,2.15,2.15,2.15, 2140
03/06/2020,15:32,2.125,2.125,2.125,2.125, 200
03/06/2020,15:32,2.14,2.14,2.14,2.14, 800
03/06/2020,15:34,2.12,2.12,2.1,2.1, 1300
03/06/2020,15:36,2.04,2.04,2.04,2.04, 100
03/06/2020,15:38,2.01,2.01,2.01,2.01, 500
03/06/2020,15:39,2,2,1.86,1.96, 3849
03/06/2020,15:40,1.96,1.96,1.92,1.92, 2500
03/06/2020,15:40,1.98,2.01,1.98,1.98, 1200
03/06/2020,15:41,1.954,1.954,1.954,1.954, 200
03/06/2020,15:45,1.953,1.953,1.92,1.92, 1200
03/06/2020,15:50,1.951,1.951,1.94,1.94, 2404
03/06/2020,15:52,1.99,1.99,1.99,1.99, 200
03/06/2020,15:54,1.99,2.01,1.99,2.01, 2120
03/06/2020,15:54,2.01,2.01,2.01,2.01, 500
03/06/2020,15:56,2.01,2.1,2.01,2.1, 9903
03/06/2020,15:58,2.01,2.01,2.003,2.003, 1257
03/06/2020,15:58,2.01,2.01,2.01,2.01, 1003
03/06/2020,16:04,2.06,2.06,2.06,2.06, 200
03/06/2020,16:05,2.11,2.11,2.11,2.11, 100
03/06/2020,16:07,2.12,2.12,2.12,2.12, 100
03/06/2020,16:08,2.12,2.12,2.12,2.12, 1000
03/06/2020,16:11,2.17,2.17,2.17,2.17, 100
03/06/2020,16:13,2.14,2.14,2.14,2.14, 1000
03/06/2020,16:16,2.18,2.18,2.18,2.18, 100
03/06/2020,16:18,2.1,2.1,2.09,2.09, 1000
03/06/2020,16:18,2.09,2.09,2.08,2.08, 1400
03/06/2020,16:22,2.1,2.1,2.1,2.1, 500
03/06/2020,16:26,2.07,2.075,2.07,2.075, 995
03/06/2020,16:48,2.099,2.099,2.07,2.07, 1299
03/06/2020,16:53,2.07,2.07,2.07,2.07, 100
03/06/2020,16:56,2.1,2.1,2.1,2.1, 250
03/06/2020,16:59,2.12,2.15,2.12,2.15, 3900
03/06/2020,17:02,2.1,2.1,2.09,2.09, 300
03/06/2020,17:04,2.1,2.1,2.1,2.1, 200
03/06/2020,17:05,2.1,2.1,2.1,2.1, 956
03/06/2020,17:07,2.095,2.095,2.095,2.095, 100
03/06/2020,17:16,2.1,2.1,2.1,2.1, 100
03/06/2020,17:18,2.1,2.1,2.099,2.099, 1000
03/06/2020,17:19,2.1,2.1,2.1,2.1, 100
03/06/2020,17:28,2.092,2.092,2.092,2.092, 520
03/06/2020,17:35,2.1,2.1,2.08,2.08, 853
03/06/2020,17:43,2.082,2.082,2.082,2.082, 1000
03/06/2020,17:56,2.1,2.1,2.1,2.1, 116
03/06/2020,18:01,2.086,2.086,2.086,2.086, 250
03/06/2020,18:05,2.075,2.075,2.045,2.045, 1850
03/06/2020,18:07,2.033,2.033,2.033,2.033, 500
03/06/2020,18:09,2.03,2.03,2.03,2.03, 1000
03/06/2020,18:11,2.023,2.023,2.023,2.023, 100
03/06/2020,18:18,2.027,2.027,1.86,1.86, 18905
03/06/2020,18:18,1.91,1.91,1.91,1.91, 1500
03/06/2020,18:19,1.86,1.897,1.86,1.889, 2542
03/06/2020,18:21,1.89,1.9,1.89,1.9, 3600
03/06/2020,18:22,1.875,1.875,1.875,1.875, 106
03/06/2020,18:26,1.91,1.91,1.91,1.91, 150
03/06/2020,18:35,1.915,1.915,1.915,1.915, 303
03/06/2020,18:36,1.91,1.91,1.9,1.9, 2465
03/06/2020,18:39,1.9,1.91,1.9,1.91, 1200
03/06/2020,18:42,1.924,1.924,1.924,1.924, 150
03/06/2020,18:48,1.94,1.94,1.94,1.94, 100
03/06/2020,18:49,1.91,1.91,1.91,1.91, 100
03/06/2020,18:50,1.9,1.9,1.89,1.891, 673
03/06/2020,18:51,1.88,1.88,1.88,1.88, 1000
03/06/2020,18:52,1.88,1.88,1.87,1.87, 2400
03/06/2020,18:53,1.877,1.877,1.87,1.87, 1000
03/06/2020,19:02,1.88,1.88,1.88,1.88, 500
03/06/2020,19:23,1.934,1.934,1.934,1.934, 1500
03/06/2020,19:24,1.93,1.94,1.93,1.94, 2500
03/06/2020,19:25,1.931,1.931,1.931,1.931, 800
03/06/2020,19:26,1.934,1.934,1.934,1.934, 500
03/06/2020,19:36,1.94,2.02,1.94,1.99, 4800
03/06/2020,19:39,2,2,2,2, 1400
03/06/2020,19:43,2.01,2.01,2,2, 1000
03/06/2020,19:45,2.018,2.018,2.018,2.018, 250
03/06/2020,19:48,2,2.01,1.96,1.96, 2000
03/06/2020,19:48,1.95,1.95,1.95,1.95, 100
03/06/2020,19:49,1.99,1.99,1.99,1.99, 1000
03/06/2020,19:51,2.02,2.02,2.02,2.02, 100
03/06/2020,19:55,2.05,2.05,2.05,2.05, 100
03/06/2020,19:57,2.017,2.017,2.017,2.017, 450
03/06/2020,20:00,2.02,2.02,2.02,2.02, 100
03/06/2020,20:04,2.02,2.02,1.87,1.87, 17850
03/06/2020,20:08,1.925,1.925,1.925,1.925, 200
03/06/2020,20:15,1.905,1.905,1.905,1.905, 200
03/06/2020,20:16,1.91,1.91,1.91,1.91, 100
03/06/2020,20:18,1.9,1.9,1.9,1.9, 100
03/06/2020,20:19,1.9,1.91,1.9,1.905, 1540
03/06/2020,20:22,1.83,1.83,1.83,1.83, 4450
03/06/2020,20:22,1.82,1.82,1.78,1.78, 13775
03/06/2020,20:23,1.78,1.78,1.75,1.75, 13200
03/06/2020,20:25,1.71,1.71,1.66,1.66, 2175
03/06/2020,20:25,1.65,1.65,1.63,1.64, 17642
03/06/2020,20:26,1.67,1.78,1.67,1.78, 600
03/06/2020,20:28,1.714,1.714,1.714,1.714, 350
03/06/2020,20:29,1.725,1.725,1.725,1.725, 100
03/06/2020,20:31,1.775,1.776,1.775,1.776, 5000
03/06/2020,20:34,1.77,1.77,1.765,1.765, 1000
03/06/2020,20:37,1.79,1.79,1.78,1.78, 275
03/06/2020,20:42,1.815,1.815,1.79,1.79, 700
03/06/2020,20:43,1.821,1.821,1.821,1.821, 108
03/06/2020,20:49,1.85,1.85,1.85,1.85, 1900
03/06/2020,20:52,1.84,1.84,1.84,1.84, 100
03/06/2020,20:56,1.83,1.83,1.83,1.83, 158
03/06/2020,20:57,1.837,1.837,1.837,1.837, 842
03/06/2020,21:00,1.843,1.85,1.843,1.85, 1300
03/06/2020,21:01,1.84,1.84,1.84,1.84, 350
03/06/2020,21:03,1.846,1.846,1.846,1.846, 1200
03/06/2020,21:07,1.85,1.85,1.85,1.85, 200
03/06/2020,21:07,1.85,1.85,1.85,1.85, 200
03/06/2020,21:11,1.846,1.846,1.846,1.846, 200
03/06/2020,21:11,1.86,1.86,1.86,1.86, 333
03/06/2020,21:13,1.87,1.87,1.87,1.87, 1200
03/06/2020,21:23,1.87,1.87,1.86,1.86, 200
03/06/2020,21:37,1.86,1.86,1.86,1.86, 400
03/06/2020,21:50,1.94,1.94,1.905,1.905, 1181
03/06/2020,21:54,1.985,1.985,1.98,1.98, 700
03/06/2020,21:55,1.99,1.99,1.99,1.99, 300
03/06/2020,21:56,1.99,2.01,1.99,2.01, 800
03/06/2020,21:58,2.005,2.005,2,2, 400
03/06/2020,22:00,2.006,2.006,2.006,2.006, 100
03/06/2020,22:01,2.07,2.07,2.04,2.04, 900

