02/03/2020,15:31,.54,.54,.54,.54, 246
02/03/2020,15:34,.525,.525,.525,.525, 500
02/03/2020,15:36,.54,.54,.54,.54, 100
02/03/2020,15:38,.54,.55,.54,.55, 3442
02/03/2020,15:39,.55,.55,.55,.55, 22420
02/03/2020,15:42,.553,.553,.55,.55, 2500
02/03/2020,16:01,.55,.55,.55,.55, 500
02/03/2020,16:03,.551,.551,.551,.551, 2000
02/03/2020,16:06,.552,.552,.552,.552, 2000
02/03/2020,16:09,.552,.552,.552,.552, 200
02/03/2020,16:13,.55,.55,.55,.55, 150
02/03/2020,16:41,.554,.555,.554,.555, 1700
02/03/2020,16:54,.559,.559,.559,.559, 2600
02/03/2020,17:01,.558,.558,.558,.558, 1000
02/03/2020,17:17,.558,.558,.558,.558, 100
02/03/2020,17:22,.558,.558,.558,.558, 20000
02/03/2020,17:38,.558,.558,.558,.558, 100
02/03/2020,17:40,.558,.56,.558,.558, 18262
02/03/2020,17:41,.56,.56,.56,.56, 100
02/03/2020,17:44,.559,.559,.559,.559, 100
02/03/2020,17:45,.558,.558,.558,.558, 300
02/03/2020,17:54,.558,.558,.558,.558, 100
02/03/2020,18:03,.558,.558,.558,.558, 100
02/03/2020,18:03,.558,.558,.558,.558, 2000
02/03/2020,18:08,.558,.558,.558,.558, 7000
02/03/2020,18:11,.558,.558,.558,.558, 100
02/03/2020,18:14,.558,.558,.558,.558, 100
02/03/2020,18:21,.558,.558,.558,.558, 5600
02/03/2020,18:23,.558,.558,.558,.558, 100
02/03/2020,18:27,.558,.558,.558,.558, 100
02/03/2020,18:31,.558,.558,.558,.558, 1450
02/03/2020,18:43,.558,.558,.558,.558, 1000
02/03/2020,18:57,.558,.558,.558,.558, 300
02/03/2020,19:17,.558,.558,.558,.558, 3200
02/03/2020,19:29,.557,.557,.557,.557, 240
02/03/2020,19:34,.557,.557,.557,.557, 100
02/03/2020,19:35,.557,.557,.556,.556, 600
02/03/2020,19:36,.556,.557,.556,.557, 759
02/03/2020,20:02,.556,.556,.556,.556, 500
02/03/2020,20:13,.556,.556,.556,.556, 1000
02/03/2020,20:26,.556,.556,.556,.556, 1000
02/03/2020,20:27,.556,.556,.556,.556, 1000
02/03/2020,20:30,.556,.556,.556,.556, 1000
02/03/2020,20:32,.556,.556,.556,.556, 1000
02/03/2020,20:35,.556,.556,.556,.556, 7400
02/03/2020,20:52,.556,.556,.556,.556, 2500
02/03/2020,20:56,.556,.556,.556,.556, 2100
02/03/2020,20:57,.556,.556,.556,.556, 300
02/03/2020,20:58,.556,.556,.556,.556, 2500
02/03/2020,20:59,.556,.556,.556,.556, 165
02/03/2020,21:07,.556,.556,.556,.556, 268
02/03/2020,21:14,.557,.557,.557,.557, 2000
02/03/2020,21:19,.556,.556,.556,.556, 2000
02/03/2020,21:29,.556,.556,.556,.556, 2000
02/03/2020,21:30,.556,.557,.556,.557, 2200
02/03/2020,21:31,.557,.559,.556,.556, 5400
02/03/2020,21:31,.557,.56,.556,.556, 4000
02/03/2020,21:33,.56,.56,.56,.56, 3499
02/03/2020,21:34,.56,.56,.556,.556, 17600
02/03/2020,21:35,.56,.56,.56,.56, 100
02/03/2020,21:46,.56,.56,.56,.56, 10100
02/03/2020,21:48,.56,.56,.56,.56, 100
02/03/2020,21:49,.56,.56,.56,.56, 200
02/03/2020,21:50,.56,.56,.56,.56, 1400
02/04/2020,15:31,.56,.56,.56,.56, 2277
02/04/2020,15:45,.55,.55,.55,.55, 4000
02/04/2020,15:46,.55,.551,.55,.551, 2700
02/04/2020,15:46,.55,.55,.55,.55, 17100
02/04/2020,15:47,.55,.55,.55,.55, 6000
02/04/2020,16:41,.558,.558,.558,.558, 200
02/04/2020,16:54,.558,.558,.558,.558, 200
02/04/2020,17:27,.554,.554,.554,.554, 147
02/04/2020,17:39,.554,.554,.554,.554, 1000
02/04/2020,17:46,.555,.555,.554,.554, 817
02/04/2020,18:38,.554,.554,.554,.554, 4500
02/04/2020,18:44,.55,.55,.546,.546, 5000
02/04/2020,19:11,.546,.546,.546,.546, 301
02/04/2020,19:13,.552,.554,.552,.554, 800
02/04/2020,19:18,.548,.548,.548,.548, 6400
02/04/2020,19:21,.546,.546,.546,.546, 1000
02/04/2020,19:23,.546,.546,.546,.546, 600
02/04/2020,19:34,.546,.546,.546,.546, 100
02/04/2020,19:38,.548,.548,.548,.548, 100
02/04/2020,20:04,.543,.543,.543,.543, 200
02/04/2020,20:35,.54,.54,.54,.54, 7500
02/04/2020,20:41,.539,.539,.538,.538, 2779
02/04/2020,20:45,.537,.537,.537,.537, 142
02/04/2020,20:46,.537,.537,.537,.537, 100
02/04/2020,20:48,.537,.537,.535,.535, 4233
02/04/2020,21:04,.531,.532,.53,.53, 7042
02/04/2020,21:05,.53,.53,.53,.53, 1400
02/04/2020,21:13,.525,.525,.525,.525, 100
02/04/2020,21:18,.525,.525,.525,.525, 100
02/04/2020,21:20,.525,.525,.524,.524, 1108
02/04/2020,21:21,.52,.521,.51,.51, 18775
02/04/2020,21:24,.53,.53,.53,.53, 600
02/04/2020,21:27,.523,.523,.523,.523, 100
02/04/2020,21:29,.52,.52,.52,.52, 200
02/04/2020,21:30,.518,.518,.518,.518, 3275
02/04/2020,21:34,.519,.52,.519,.52, 300
02/04/2020,21:35,.515,.515,.515,.515, 1942
02/04/2020,21:37,.52,.52,.52,.52, 200
02/04/2020,21:39,.52,.52,.52,.52, 254
02/04/2020,21:40,.518,.518,.518,.518, 100
02/04/2020,21:41,.52,.52,.52,.52, 2877
02/04/2020,21:45,.53,.53,.53,.53, 1000
02/04/2020,21:47,.53,.53,.53,.53, 100
02/04/2020,21:50,.53,.53,.53,.53, 100
02/04/2020,21:52,.53,.53,.53,.53, 100
02/04/2020,21:53,.53,.53,.53,.53, 100
02/04/2020,21:55,.53,.53,.53,.53, 100
02/04/2020,21:57,.536,.536,.536,.536, 100
02/05/2020,15:32,.537,.537,.537,.537, 100
02/05/2020,15:43,.537,.537,.537,.537, 100
02/05/2020,15:46,.53,.53,.53,.53, 1000
02/05/2020,16:05,.53,.53,.53,.53, 200
02/05/2020,16:07,.53,.53,.53,.53, 1000
02/05/2020,16:21,.53,.53,.53,.53, 781
02/05/2020,16:21,.525,.525,.525,.525, 200
02/05/2020,16:25,.528,.528,.528,.528, 1000
02/05/2020,16:50,.528,.528,.528,.528, 1000
02/05/2020,16:52,.531,.531,.531,.531, 100
02/05/2020,17:19,.532,.532,.532,.532, 300
02/05/2020,17:22,.534,.538,.534,.534, 4080
02/05/2020,17:25,.544,.544,.52,.52, 29584
02/05/2020,17:25,.52,.52,.52,.52, 30300
02/05/2020,17:27,.52,.52,.52,.52, 500
02/05/2020,17:28,.52,.52,.52,.52, 100
02/05/2020,17:29,.52,.52,.52,.52, 100
02/05/2020,17:29,.52,.52,.52,.52, 100
02/05/2020,17:30,.52,.52,.52,.52, 100
02/05/2020,17:31,.52,.52,.52,.52, 100
02/05/2020,17:33,.52,.52,.52,.52, 200
02/05/2020,17:34,.52,.52,.52,.52, 100
02/05/2020,17:34,.52,.52,.52,.52, 100
02/05/2020,17:36,.52,.52,.52,.52, 100
02/05/2020,17:36,.52,.52,.52,.52, 100
02/05/2020,17:38,.52,.52,.52,.52, 55716
02/05/2020,17:40,.533,.534,.533,.534, 900
02/05/2020,17:40,.534,.534,.534,.534, 600
02/05/2020,17:42,.534,.534,.534,.534, 100
02/05/2020,17:44,.535,.535,.535,.535, 100
02/05/2020,17:45,.536,.536,.536,.536, 100
02/05/2020,17:49,.537,.537,.537,.537, 100
02/05/2020,17:50,.538,.538,.538,.538, 100
02/05/2020,17:52,.54,.54,.54,.54, 100
02/05/2020,17:54,.539,.539,.539,.539, 1100
02/05/2020,17:56,.54,.54,.54,.54, 100
02/05/2020,18:02,.54,.54,.54,.54, 100
02/05/2020,18:03,.54,.54,.538,.538, 1495
02/05/2020,18:08,.538,.538,.538,.538, 100
02/05/2020,18:12,.537,.537,.537,.537, 200
02/05/2020,18:23,.537,.537,.537,.537, 100
02/05/2020,18:29,.537,.537,.537,.537, 200
02/05/2020,19:09,.536,.536,.536,.536, 200
02/05/2020,19:23,.536,.536,.536,.536, 12000
02/05/2020,19:33,.536,.536,.536,.536, 1000
02/05/2020,19:35,.536,.536,.536,.536, 500
02/05/2020,19:43,.537,.537,.523,.534, 1000
02/05/2020,19:45,.538,.538,.538,.538, 100
02/05/2020,19:54,.535,.535,.535,.535, 500
02/05/2020,19:59,.538,.538,.538,.538, 200
02/05/2020,20:02,.535,.535,.535,.535, 1000
02/05/2020,20:07,.537,.537,.537,.537, 200
02/05/2020,20:11,.537,.537,.523,.536, 1000
02/05/2020,20:13,.54,.54,.54,.54, 200
02/05/2020,20:25,.54,.54,.54,.54, 100
02/05/2020,20:46,.54,.54,.54,.54, 100
02/05/2020,20:47,.536,.536,.536,.536, 600
02/05/2020,21:06,.536,.536,.536,.536, 600
02/05/2020,21:07,.535,.535,.535,.535, 500
02/05/2020,21:11,.535,.535,.52,.52, 4100
02/05/2020,21:31,.529,.529,.529,.529, 100
02/05/2020,21:50,.529,.529,.529,.529, 600
02/05/2020,21:52,.527,.527,.527,.527, 198
02/06/2020,15:31,.53,.53,.53,.53, 1046
02/06/2020,15:31,.53,.53,.53,.53, 1000
02/06/2020,15:47,.523,.523,.523,.523, 700
02/06/2020,15:50,.53,.53,.53,.53, 2000
02/06/2020,15:58,.525,.525,.525,.525, 600
02/06/2020,16:00,.525,.525,.525,.525, 1000
02/06/2020,16:07,.53,.53,.53,.53, 200
02/06/2020,16:14,.53,.53,.53,.53, 200
02/06/2020,16:17,.53,.53,.53,.53, 100
02/06/2020,16:23,.53,.53,.53,.53, 100
02/06/2020,16:25,.53,.53,.53,.53, 200
02/06/2020,16:27,.53,.53,.53,.53, 100
02/06/2020,16:35,.523,.53,.523,.53, 10000
02/06/2020,16:45,.523,.53,.523,.53, 9550
02/06/2020,16:50,.523,.523,.523,.523, 9000
02/06/2020,16:50,.525,.525,.525,.525, 200
02/06/2020,17:18,.527,.527,.527,.527, 1600
02/06/2020,17:44,.527,.527,.527,.527, 3591
02/06/2020,17:45,.527,.527,.527,.527, 250
02/06/2020,17:55,.527,.527,.527,.527, 900
02/06/2020,17:56,.53,.53,.53,.53, 3000
02/06/2020,17:58,.529,.538,.529,.538, 3498
02/06/2020,17:59,.538,.538,.538,.538, 902
02/06/2020,18:13,.534,.534,.534,.534, 100
02/06/2020,18:38,.535,.535,.535,.535, 1014
02/06/2020,18:41,.534,.534,.533,.533, 500
02/06/2020,18:43,.531,.533,.531,.531, 1000
02/06/2020,19:29,.533,.533,.532,.532, 1000
02/06/2020,19:35,.533,.533,.533,.533, 2000
02/06/2020,19:54,.532,.532,.532,.532, 1300
02/06/2020,20:16,.53,.53,.53,.53, 2700
02/06/2020,20:33,.531,.531,.531,.531, 200
02/06/2020,20:41,.53,.53,.53,.53, 950
02/06/2020,20:51,.531,.531,.531,.531, 100
02/06/2020,20:52,.531,.531,.531,.531, 200
02/06/2020,21:00,.531,.531,.531,.531, 100
02/06/2020,21:09,.531,.531,.531,.531, 100
02/06/2020,21:18,.531,.531,.531,.531, 100
02/06/2020,21:26,.531,.531,.531,.531, 100
02/06/2020,21:29,.531,.531,.531,.531, 100
02/06/2020,21:34,.531,.531,.531,.531, 100
02/06/2020,21:35,.531,.531,.531,.531, 300
02/06/2020,21:49,.531,.531,.522,.522, 1000
02/06/2020,21:50,.53,.53,.53,.53, 1100
02/06/2020,22:01,.531,.531,.526,.526, 3628
02/07/2020,15:31,.526,.526,.526,.526, 1300
02/07/2020,15:43,.525,.525,.525,.525, 1500
02/07/2020,16:16,.525,.525,.525,.525, 100
02/07/2020,16:17,.525,.525,.523,.523, 200
02/07/2020,16:18,.523,.523,.523,.523, 100
02/07/2020,16:19,.523,.523,.523,.523, 100
02/07/2020,16:22,.523,.523,.523,.523, 100
02/07/2020,16:23,.523,.523,.523,.523, 100
02/07/2020,16:24,.523,.523,.523,.523, 163
02/07/2020,16:28,.523,.523,.523,.523, 100
02/07/2020,16:30,.526,.545,.526,.544, 25499
02/07/2020,16:59,.542,.542,.542,.542, 4200
02/07/2020,17:05,.543,.543,.543,.543, 400
02/07/2020,17:10,.543,.543,.543,.543, 300
02/07/2020,17:17,.543,.543,.543,.543, 400
02/07/2020,17:23,.543,.543,.543,.543, 3000
02/07/2020,17:27,.543,.543,.543,.543, 13688
02/07/2020,17:41,.543,.543,.543,.543, 600
02/07/2020,17:41,.543,.547,.543,.547, 10100
02/07/2020,17:43,.547,.55,.547,.55, 10700
02/07/2020,17:47,.55,.55,.55,.55, 100
02/07/2020,17:53,.548,.548,.548,.548, 500
02/07/2020,18:03,.548,.548,.548,.548, 254
02/07/2020,18:11,.55,.55,.548,.548, 2500
02/07/2020,18:12,.55,.55,.55,.55, 500
02/07/2020,18:31,.549,.549,.545,.546, 11400
02/07/2020,18:32,.55,.55,.55,.55, 200
02/07/2020,18:46,.55,.55,.55,.55, 100
02/07/2020,18:57,.547,.55,.547,.55, 13224
02/07/2020,18:58,.55,.55,.55,.55, 100
02/07/2020,20:02,.545,.545,.544,.544, 2500
02/07/2020,20:15,.55,.55,.55,.55, 100
02/07/2020,20:23,.549,.549,.549,.549, 1000
02/07/2020,20:26,.543,.543,.543,.543, 142
02/07/2020,20:40,.549,.549,.549,.549, 200
02/07/2020,20:40,.549,.549,.546,.549, 1300
02/07/2020,20:43,.548,.548,.548,.548, 2000
02/07/2020,20:46,.549,.549,.549,.549, 314
02/07/2020,20:47,.549,.549,.549,.549, 244
02/07/2020,20:54,.549,.549,.549,.549, 200
02/07/2020,21:05,.549,.549,.549,.549, 200
02/07/2020,21:39,.549,.549,.549,.549, 100
02/07/2020,21:45,.543,.546,.543,.546, 2400
02/07/2020,21:45,.543,.543,.543,.543, 300
02/07/2020,21:48,.543,.543,.543,.543, 200
02/07/2020,21:52,.543,.543,.543,.543, 1200
02/07/2020,21:52,.544,.544,.544,.544, 1100
02/07/2020,21:55,.543,.543,.543,.543, 100
02/10/2020,15:31,.55,.55,.55,.55, 1009
02/10/2020,15:34,.543,.543,.543,.543, 3400
02/10/2020,15:37,.53,.53,.53,.53, 215
02/10/2020,15:42,.525,.525,.52,.52, 8785
02/10/2020,16:16,.555,.555,.548,.548, 598
02/10/2020,16:17,.555,.555,.555,.555, 100
02/10/2020,16:18,.555,.555,.555,.555, 100
02/10/2020,16:19,.555,.555,.555,.555, 100
02/10/2020,16:21,.555,.555,.555,.555, 100
02/10/2020,16:22,.555,.555,.555,.555, 100
02/10/2020,16:23,.555,.555,.555,.555, 100
02/10/2020,16:24,.555,.555,.555,.555, 100
02/10/2020,16:26,.555,.555,.555,.555, 100
02/10/2020,16:27,.555,.555,.555,.555, 100
02/10/2020,16:28,.555,.555,.555,.555, 100
02/10/2020,16:29,.555,.555,.555,.555, 100
02/10/2020,16:31,.555,.555,.555,.555, 100
02/10/2020,16:32,.555,.555,.55,.555, 700
02/10/2020,16:33,.555,.555,.555,.555, 100
02/10/2020,16:34,.555,.555,.555,.555, 100
02/10/2020,16:36,.555,.555,.555,.555, 100
02/10/2020,16:37,.555,.555,.555,.555, 100
02/10/2020,16:38,.555,.555,.555,.555, 1306
02/10/2020,16:39,.555,.555,.555,.555, 100
02/10/2020,16:41,.555,.555,.555,.555, 100
02/10/2020,16:42,.555,.555,.555,.555, 100
02/10/2020,16:43,.555,.555,.555,.555, 100
02/10/2020,16:44,.555,.555,.555,.555, 100
02/10/2020,16:46,.555,.555,.555,.555, 100
02/10/2020,16:47,.555,.555,.555,.555, 200
02/10/2020,16:48,.555,.555,.555,.555, 100
02/10/2020,16:49,.555,.555,.555,.555, 100
02/10/2020,16:51,.555,.555,.55,.55, 300
02/10/2020,16:52,.547,.55,.547,.55, 700
02/10/2020,16:53,.55,.55,.55,.55, 100
02/10/2020,16:54,.55,.55,.55,.55, 100
02/10/2020,16:56,.55,.55,.55,.55, 100
02/10/2020,16:57,.55,.55,.55,.55, 100
02/10/2020,16:58,.55,.55,.55,.55, 100
02/10/2020,16:59,.55,.55,.55,.55, 100
02/10/2020,17:01,.55,.55,.55,.55, 100
02/10/2020,17:02,.55,.55,.55,.55, 100
02/10/2020,17:04,.55,.55,.55,.55, 100
02/10/2020,17:06,.55,.55,.55,.55, 100
02/10/2020,17:22,.549,.549,.549,.549, 152
02/10/2020,17:25,.55,.55,.55,.55, 532
02/10/2020,17:48,.546,.546,.526,.526, 1200
02/10/2020,17:49,.53,.53,.53,.53, 400
02/10/2020,17:55,.526,.526,.526,.526, 500
02/10/2020,18:22,.538,.538,.538,.538, 100
02/10/2020,18:39,.538,.538,.538,.538, 100
02/10/2020,18:46,.538,.538,.538,.538, 6600
02/10/2020,18:46,.538,.538,.538,.538, 100
02/10/2020,18:51,.538,.538,.538,.538, 200
02/10/2020,18:54,.538,.538,.538,.538, 1900
02/10/2020,18:58,.541,.541,.539,.539, 1600
02/10/2020,19:25,.547,.547,.547,.547, 100
02/10/2020,19:44,.543,.543,.543,.543, 200
02/10/2020,19:50,.539,.539,.539,.539, 2135
02/10/2020,20:15,.539,.539,.539,.539, 289
02/10/2020,20:28,.542,.542,.542,.542, 1000
02/10/2020,20:33,.541,.541,.541,.541, 200
02/10/2020,20:45,.541,.541,.541,.541, 100
02/10/2020,21:07,.541,.541,.541,.541, 100
02/10/2020,21:11,.543,.543,.54,.54, 1000
02/10/2020,21:50,.54,.54,.54,.54, 998
02/10/2020,21:59,.54,.54,.54,.54, 100
02/10/2020,22:00,.55,.55,.55,.55, 894
02/11/2020,15:31,.541,.541,.54,.54, 4990
02/11/2020,15:44,.545,.545,.545,.545, 600
02/11/2020,16:23,.55,.55,.55,.55, 100
02/11/2020,17:07,.549,.549,.549,.549, 200
02/11/2020,17:14,.543,.543,.543,.543, 1000
02/11/2020,17:41,.54,.54,.54,.54, 400
02/11/2020,17:52,.54,.54,.54,.54, 2500
02/11/2020,17:53,.54,.54,.54,.54, 1500
02/11/2020,17:58,.549,.549,.549,.549, 100
02/11/2020,18:08,.549,.549,.549,.549, 200
02/11/2020,18:37,.544,.544,.544,.544, 300
02/11/2020,18:39,.54,.54,.54,.54, 200
02/11/2020,18:51,.54,.542,.54,.542, 2200
02/11/2020,19:14,.544,.544,.544,.544, 100
02/11/2020,19:27,.54,.542,.54,.54, 7574
02/11/2020,19:28,.543,.543,.54,.54, 15100
02/11/2020,19:37,.54,.54,.54,.54, 200
02/11/2020,19:45,.541,.541,.541,.541, 100
02/11/2020,19:51,.54,.54,.54,.54, 5600
02/11/2020,19:59,.541,.541,.541,.541, 100
02/11/2020,20:08,.539,.539,.53,.53, 13700
02/11/2020,20:08,.532,.532,.532,.532, 200
02/11/2020,20:19,.532,.532,.532,.532, 100
02/11/2020,20:23,.53,.53,.53,.53, 317
02/11/2020,21:21,.531,.531,.531,.531, 1000
02/11/2020,21:22,.53,.53,.53,.53, 100
02/11/2020,21:23,.531,.531,.531,.531, 200
02/11/2020,21:26,.531,.531,.531,.531, 400
02/11/2020,21:48,.53,.53,.53,.53, 200
02/11/2020,21:51,.539,.539,.539,.539, 100
02/11/2020,21:53,.53,.53,.53,.53, 925
02/12/2020,15:31,.535,.535,.535,.535, 254
02/12/2020,15:36,.535,.535,.535,.535, 300
02/12/2020,15:37,.535,.535,.535,.535, 400
02/12/2020,15:58,.535,.535,.535,.535, 100
02/12/2020,16:37,.539,.539,.539,.539, 100
02/12/2020,17:02,.539,.539,.539,.539, 1000
02/12/2020,17:19,.535,.535,.535,.535, 150
02/12/2020,17:37,.539,.54,.535,.535, 4517
02/12/2020,17:41,.54,.54,.54,.54, 782
02/12/2020,18:17,.54,.54,.54,.54, 100
02/12/2020,18:23,.54,.54,.54,.54, 100
02/12/2020,18:27,.545,.545,.545,.545, 200
02/12/2020,18:30,.545,.545,.545,.545, 100
02/12/2020,18:46,.539,.539,.539,.539, 500
02/12/2020,19:15,.54,.54,.54,.54, 100
02/12/2020,19:42,.54,.54,.54,.54, 1000
02/12/2020,19:45,.54,.55,.54,.548, 49000
02/12/2020,19:53,.55,.55,.55,.55, 400
02/12/2020,19:55,.55,.55,.55,.55, 200
02/12/2020,19:56,.55,.55,.55,.55, 10000
02/12/2020,20:10,.545,.545,.545,.545, 170
02/12/2020,20:28,.541,.541,.541,.541, 294
02/12/2020,20:29,.54,.54,.54,.54, 400
02/12/2020,20:36,.538,.538,.538,.538, 5000
02/12/2020,20:38,.54,.54,.54,.54, 100
02/12/2020,20:42,.538,.538,.538,.538, 5000
02/12/2020,21:03,.54,.54,.54,.54, 100
02/12/2020,21:08,.54,.54,.539,.539, 400
02/12/2020,21:09,.539,.539,.539,.539, 690
02/12/2020,21:16,.54,.54,.54,.54, 600
02/12/2020,21:32,.54,.54,.539,.539, 23100
02/12/2020,21:41,.54,.54,.54,.54, 100
02/12/2020,21:43,.54,.54,.54,.54, 100
02/12/2020,21:52,.54,.54,.54,.54, 595
02/12/2020,21:54,.54,.54,.54,.54, 100
02/12/2020,21:58,.54,.54,.54,.54, 1203
02/13/2020,15:31,.53,.53,.53,.53, 150
02/13/2020,15:39,.53,.533,.53,.533, 1250
02/13/2020,15:54,.536,.536,.536,.536, 333
02/13/2020,15:57,.533,.54,.533,.54, 2600
02/13/2020,15:58,.54,.545,.54,.545, 5453
02/13/2020,16:03,.549,.549,.549,.549, 2000
02/13/2020,16:03,.533,.533,.533,.533, 145
02/13/2020,16:08,.533,.533,.533,.533, 100
02/13/2020,16:26,.544,.546,.544,.545, 2200
02/13/2020,16:28,.549,.549,.548,.549, 4552
02/13/2020,16:30,.55,.55,.549,.55, 3092
02/13/2020,16:31,.552,.552,.552,.552, 800
02/13/2020,16:35,.553,.554,.553,.554, 800
02/13/2020,16:36,.555,.555,.555,.555, 10644
02/13/2020,16:39,.555,.555,.555,.555, 600
02/13/2020,17:09,.553,.553,.553,.553, 400
02/13/2020,17:10,.552,.552,.552,.552, 1900
02/13/2020,17:12,.533,.533,.533,.533, 100
02/13/2020,17:15,.55,.55,.55,.55, 500
02/13/2020,17:37,.55,.55,.55,.55, 100
02/13/2020,17:44,.533,.533,.533,.533, 100
02/13/2020,18:00,.55,.55,.55,.55, 100
02/13/2020,18:12,.55,.55,.55,.55, 100
02/13/2020,18:22,.55,.55,.55,.55, 200
02/13/2020,18:24,.55,.55,.55,.55, 100
02/13/2020,18:28,.55,.55,.55,.55, 200
02/13/2020,18:38,.535,.535,.529,.529, 3977
02/13/2020,18:55,.53,.53,.53,.53, 300
02/13/2020,18:56,.545,.545,.545,.545, 200
02/13/2020,19:04,.545,.545,.525,.525, 300
02/13/2020,19:05,.53,.53,.53,.53, 100
02/13/2020,19:17,.53,.53,.53,.53, 1300
02/13/2020,19:20,.545,.545,.545,.545, 1000
02/13/2020,19:39,.545,.545,.545,.545, 1000
02/13/2020,19:40,.53,.53,.529,.529, 1500
02/13/2020,19:51,.545,.545,.545,.545, 300
02/13/2020,21:02,.528,.53,.528,.53, 5562
02/13/2020,21:03,.528,.528,.528,.528, 100
02/13/2020,21:18,.526,.526,.526,.526, 170
02/13/2020,21:19,.531,.531,.531,.531, 100
02/13/2020,21:34,.526,.529,.526,.526, 1000
02/13/2020,21:49,.527,.529,.526,.526, 2500
02/13/2020,21:49,.526,.526,.526,.526, 100
02/13/2020,21:51,.531,.531,.531,.531, 100
02/13/2020,21:54,.527,.527,.527,.527, 300
02/13/2020,22:00,.526,.528,.526,.528, 900
02/14/2020,15:31,.54,.54,.54,.54, 409
02/14/2020,15:49,.54,.54,.54,.54, 488
02/14/2020,15:50,.54,.54,.526,.526, 200
02/14/2020,16:09,.526,.526,.526,.526, 350
02/14/2020,16:22,.54,.54,.53,.53, 500
02/14/2020,16:31,.53,.53,.53,.53, 100
02/14/2020,16:52,.54,.54,.54,.54, 100
02/14/2020,17:00,.533,.533,.533,.533, 7300
02/14/2020,17:04,.53,.53,.53,.53, 100
02/14/2020,17:15,.53,.53,.529,.529, 1200
02/14/2020,17:20,.529,.529,.529,.529, 100
02/14/2020,17:28,.529,.529,.527,.527, 1300
02/14/2020,17:32,.528,.528,.526,.526, 1800
02/14/2020,17:34,.529,.529,.526,.526, 1500
02/14/2020,17:40,.529,.54,.526,.526, 6628
02/14/2020,17:58,.54,.54,.526,.526, 1425
02/14/2020,18:04,.528,.528,.528,.528, 300
02/14/2020,18:14,.528,.528,.526,.526, 1600
02/14/2020,18:34,.525,.525,.525,.525, 900
02/14/2020,18:35,.525,.525,.525,.525, 1400
02/14/2020,18:36,.525,.525,.525,.525, 700
02/14/2020,18:52,.525,.53,.525,.525, 1821
02/14/2020,19:06,.53,.53,.53,.53, 100
02/14/2020,19:09,.532,.532,.532,.532, 100
02/14/2020,19:19,.531,.531,.53,.53, 1200
02/14/2020,19:20,.53,.53,.53,.53, 100
02/14/2020,19:23,.531,.531,.531,.531, 200
02/14/2020,19:25,.53,.53,.53,.53, 100
02/14/2020,19:27,.53,.53,.53,.53, 2604
02/14/2020,19:33,.53,.53,.53,.53, 200
02/14/2020,19:41,.53,.53,.53,.53, 100
02/14/2020,19:45,.531,.531,.53,.53, 600
02/14/2020,19:46,.53,.53,.53,.53, 100
02/14/2020,20:04,.53,.53,.53,.53, 200
02/14/2020,20:06,.53,.53,.53,.53, 215
02/14/2020,20:13,.53,.53,.53,.53, 100
02/14/2020,20:27,.53,.53,.53,.53, 100
02/14/2020,20:40,.53,.53,.53,.53, 100
02/14/2020,20:43,.53,.53,.53,.53, 200
02/14/2020,20:53,.53,.53,.53,.53, 100
02/14/2020,21:07,.53,.53,.53,.53, 100
02/14/2020,21:12,.53,.53,.528,.529, 5300
02/14/2020,21:13,.527,.527,.527,.527, 7145
02/14/2020,21:24,.526,.526,.526,.526, 100
02/14/2020,21:29,.525,.525,.525,.525, 100
02/14/2020,21:38,.525,.525,.525,.525, 100
02/14/2020,21:39,.525,.525,.525,.525, 700
02/14/2020,21:40,.525,.525,.525,.525, 300
02/14/2020,21:41,.525,.525,.525,.525, 100
02/14/2020,21:42,.525,.525,.525,.525, 500
02/14/2020,21:47,.525,.525,.525,.525, 455
02/14/2020,21:48,.525,.525,.525,.525, 100
02/14/2020,21:49,.525,.525,.525,.525, 200
02/14/2020,21:50,.525,.525,.525,.525, 1300
02/14/2020,21:53,.525,.525,.525,.525, 800
02/14/2020,21:54,.525,.525,.525,.525, 200
02/14/2020,21:56,.525,.525,.525,.525, 1200
02/14/2020,21:57,.52,.52,.52,.52, 100
02/18/2020,15:31,.532,.533,.532,.533, 5630
02/18/2020,15:33,.532,.532,.53,.53, 520
02/18/2020,15:38,.532,.532,.532,.532, 200
02/18/2020,15:46,.532,.532,.532,.532, 100
02/18/2020,15:49,.532,.532,.532,.532, 100
02/18/2020,16:21,.532,.532,.532,.532, 100
02/18/2020,16:24,.532,.532,.532,.532, 100
02/18/2020,16:30,.53,.531,.529,.529, 600
02/18/2020,16:31,.528,.53,.527,.527, 1500
02/18/2020,16:32,.527,.527,.525,.525, 1100
02/18/2020,16:45,.526,.526,.526,.526, 100
02/18/2020,16:46,.53,.53,.526,.526, 4100
02/18/2020,16:48,.526,.526,.525,.526, 1698
02/18/2020,16:55,.526,.526,.525,.525, 800
02/18/2020,17:18,.531,.531,.525,.525, 1100
02/18/2020,17:19,.532,.532,.532,.532, 200
02/18/2020,17:29,.53,.53,.525,.525, 1200
02/18/2020,17:35,.53,.53,.53,.53, 9000
02/18/2020,17:39,.528,.528,.525,.525, 217
02/18/2020,17:55,.525,.525,.525,.525, 100
02/18/2020,17:57,.528,.53,.525,.525, 3650
02/18/2020,18:03,.525,.525,.525,.525, 1500
02/18/2020,18:10,.525,.525,.52,.52, 10000
02/18/2020,18:12,.53,.53,.53,.53, 10000
02/18/2020,18:13,.53,.53,.53,.53, 6200
02/18/2020,18:14,.53,.53,.53,.53, 3800
02/18/2020,18:18,.53,.53,.527,.527, 3000
02/18/2020,18:19,.521,.521,.521,.521, 1000
02/18/2020,18:23,.527,.53,.525,.526, 12543
02/18/2020,18:25,.53,.53,.53,.53, 3000
02/18/2020,18:25,.53,.53,.53,.53, 100
02/18/2020,18:32,.53,.53,.53,.53, 100
02/18/2020,18:37,.52,.527,.52,.527, 7600
02/18/2020,18:40,.525,.525,.525,.525, 1000
02/18/2020,18:50,.53,.53,.53,.53, 16350
02/18/2020,19:11,.525,.525,.525,.525, 5000
02/18/2020,19:33,.525,.525,.525,.525, 200
02/18/2020,19:40,.525,.525,.525,.525, 5000
02/18/2020,19:50,.525,.525,.525,.525, 100
02/18/2020,20:17,.524,.524,.524,.524, 5000
02/18/2020,20:19,.524,.524,.524,.524, 1000
02/18/2020,20:20,.525,.525,.524,.524, 19700
02/18/2020,20:25,.524,.524,.524,.524, 2000
02/18/2020,20:35,.524,.524,.524,.524, 648
02/18/2020,20:44,.524,.524,.524,.524, 100
02/18/2020,20:49,.524,.524,.524,.524, 100
02/18/2020,20:52,.525,.525,.525,.525, 100
02/18/2020,21:48,.524,.525,.524,.524, 400
02/18/2020,21:49,.525,.525,.525,.525, 700
02/18/2020,21:50,.525,.525,.525,.525, 1800
02/18/2020,21:51,.525,.525,.525,.525, 1500
02/18/2020,21:52,.525,.525,.525,.525, 200
02/18/2020,21:57,.525,.525,.525,.525, 5147
02/19/2020,15:31,.525,.525,.525,.525, 551
02/19/2020,15:33,.53,.53,.53,.53, 200
02/19/2020,15:34,.53,.53,.53,.53, 100
02/19/2020,15:38,.53,.53,.53,.53, 200
02/19/2020,15:39,.53,.53,.53,.53, 1000
02/19/2020,15:46,.525,.525,.525,.525, 600
02/19/2020,15:52,.53,.53,.53,.53, 2000
02/19/2020,15:56,.525,.525,.525,.525, 300
02/19/2020,16:10,.525,.525,.523,.525, 9698
02/19/2020,16:11,.525,.525,.525,.525, 801
02/19/2020,16:15,.528,.528,.527,.527, 1400
02/19/2020,16:18,.53,.53,.528,.528, 300
02/19/2020,16:23,.53,.53,.528,.53, 2000
02/19/2020,16:23,.528,.528,.528,.528, 1000
02/19/2020,16:32,.528,.529,.527,.529, 2300
02/19/2020,16:35,.529,.529,.529,.529, 100
02/19/2020,16:36,.53,.53,.526,.526, 2900
02/19/2020,16:39,.53,.53,.53,.53, 100
02/19/2020,16:41,.527,.527,.527,.527, 100
02/19/2020,16:47,.527,.527,.527,.527, 1000
02/19/2020,16:50,.53,.53,.53,.53, 183
02/19/2020,16:51,.53,.53,.527,.527, 2600
02/19/2020,16:55,.527,.53,.527,.529, 13200
02/19/2020,16:56,.527,.529,.527,.529, 2143
02/19/2020,16:59,.528,.528,.528,.528, 300
02/19/2020,17:03,.53,.53,.528,.528, 1500
02/19/2020,17:07,.53,.53,.528,.528, 200
02/19/2020,17:11,.529,.53,.529,.529, 1098
02/19/2020,17:16,.53,.53,.529,.529, 1300
02/19/2020,17:16,.528,.528,.528,.528, 100
02/19/2020,17:18,.528,.528,.528,.528, 100
02/19/2020,17:19,.53,.53,.53,.53, 1000
02/19/2020,17:20,.528,.528,.528,.528, 200
02/19/2020,17:22,.527,.528,.527,.528, 900
02/19/2020,17:25,.522,.524,.522,.523, 3800
02/19/2020,17:26,.52,.52,.52,.52, 1000
02/19/2020,17:27,.523,.523,.523,.523, 3000
02/19/2020,17:29,.52,.52,.52,.52, 5099
02/19/2020,17:33,.53,.53,.53,.53, 100
02/19/2020,17:38,.53,.53,.53,.53, 100
02/19/2020,17:40,.53,.53,.53,.53, 100
02/19/2020,17:55,.525,.525,.525,.525, 100
02/19/2020,17:56,.525,.525,.525,.525, 100
02/19/2020,17:59,.524,.524,.524,.524, 1000
02/19/2020,18:00,.524,.524,.524,.524, 1000
02/19/2020,18:04,.524,.525,.524,.525, 2900
02/19/2020,18:07,.524,.524,.524,.524, 1000
02/19/2020,18:10,.525,.525,.523,.523, 2000
02/19/2020,18:10,.525,.525,.525,.525, 100
02/19/2020,18:14,.525,.525,.525,.525, 100
02/19/2020,18:16,.525,.525,.525,.525, 100
02/19/2020,18:20,.525,.525,.524,.525, 4000
02/19/2020,18:25,.525,.525,.525,.525, 100
02/19/2020,18:44,.525,.525,.525,.525, 100
02/19/2020,19:14,.525,.525,.523,.523, 1900
02/19/2020,19:15,.525,.525,.523,.523, 3100
02/19/2020,19:29,.525,.525,.524,.524, 2000
02/19/2020,19:29,.525,.525,.524,.524, 6000
02/19/2020,19:50,.527,.527,.525,.525, 700
02/19/2020,19:53,.525,.525,.525,.525, 100
02/19/2020,20:02,.528,.528,.528,.528, 800
02/19/2020,20:07,.528,.53,.528,.528, 3300
02/19/2020,20:09,.528,.528,.528,.528, 100
02/19/2020,20:26,.529,.529,.527,.527, 6000
02/19/2020,20:29,.526,.526,.526,.526, 100
02/19/2020,20:31,.522,.522,.522,.522, 1000
02/19/2020,20:37,.53,.53,.53,.53, 300
02/19/2020,20:43,.53,.53,.53,.53, 100
02/19/2020,20:43,.528,.528,.528,.528, 100
02/19/2020,20:48,.53,.53,.53,.53, 100
02/19/2020,20:51,.528,.528,.528,.528, 1000
02/19/2020,20:53,.53,.53,.53,.53, 100
02/19/2020,20:58,.53,.53,.53,.53, 100
02/19/2020,21:00,.528,.528,.528,.528, 2000
02/19/2020,21:01,.53,.53,.53,.53, 100
02/19/2020,21:06,.53,.53,.53,.53, 100
02/19/2020,21:07,.528,.528,.528,.528, 700
02/19/2020,21:07,.528,.528,.528,.528, 100
02/19/2020,21:09,.53,.53,.529,.529, 3440
02/19/2020,21:11,.529,.529,.529,.529, 200
02/19/2020,21:12,.529,.529,.529,.529, 200
02/19/2020,21:16,.53,.53,.53,.53, 100
02/19/2020,21:18,.53,.53,.53,.53, 100
02/19/2020,21:21,.53,.53,.523,.523, 1305
02/19/2020,21:30,.525,.525,.525,.525, 100
02/19/2020,21:33,.525,.525,.525,.525, 200
02/19/2020,21:34,.525,.525,.525,.525, 100
02/19/2020,21:37,.522,.522,.522,.522, 1300
02/19/2020,21:39,.525,.525,.525,.525, 100
02/19/2020,21:43,.525,.525,.525,.525, 100
02/19/2020,21:47,.525,.525,.525,.525, 100
02/19/2020,21:48,.525,.525,.525,.525, 100
02/19/2020,21:51,.525,.525,.525,.525, 100
02/19/2020,21:55,.525,.525,.525,.525, 100
02/19/2020,21:57,.525,.525,.525,.525, 100
02/19/2020,21:59,.525,.525,.525,.525, 2000
02/19/2020,22:00,.525,.525,.524,.524, 2700
02/19/2020,22:00,.53,.53,.53,.53, 100
02/20/2020,15:36,.53,.53,.53,.53, 600
02/20/2020,15:41,.525,.525,.525,.525, 5555
02/20/2020,15:46,.53,.53,.53,.53, 200
02/20/2020,15:51,.525,.525,.525,.525, 3351
02/20/2020,15:57,.526,.526,.526,.526, 100
02/20/2020,15:58,.53,.53,.53,.53, 500
02/20/2020,16:02,.53,.53,.53,.53, 5000
02/20/2020,16:30,.53,.53,.53,.53, 9206
02/20/2020,16:35,.532,.532,.532,.532, 238
02/20/2020,16:37,.532,.536,.532,.536, 1448
02/20/2020,16:41,.536,.536,.536,.536, 1200
02/20/2020,16:47,.537,.537,.536,.536, 200
02/20/2020,17:00,.536,.536,.531,.531, 7275
02/20/2020,17:01,.537,.537,.531,.531, 300
02/20/2020,17:19,.537,.537,.532,.532, 1327
02/20/2020,17:47,.531,.531,.531,.531, 7000
02/20/2020,18:02,.528,.528,.528,.528, 7000
02/20/2020,18:11,.528,.528,.528,.528, 200
02/20/2020,18:14,.537,.537,.537,.537, 100
02/20/2020,18:28,.53,.53,.53,.53, 700
02/20/2020,18:44,.536,.536,.536,.536, 100
02/20/2020,19:27,.53,.53,.53,.53, 5000
02/20/2020,19:48,.532,.532,.532,.532, 6250
02/20/2020,19:51,.536,.536,.536,.536, 200
02/20/2020,19:55,.534,.534,.534,.534, 200
02/20/2020,20:06,.53,.53,.53,.53, 8348
02/20/2020,20:25,.536,.536,.536,.536, 200
02/20/2020,20:40,.536,.536,.536,.536, 100
02/20/2020,20:56,.536,.536,.536,.536, 100
02/20/2020,21:06,.53,.53,.53,.53, 3100
02/20/2020,21:12,.536,.536,.536,.536, 191
02/20/2020,21:28,.53,.53,.53,.53, 300
02/20/2020,21:44,.536,.536,.536,.536, 200
02/20/2020,21:48,.536,.536,.536,.536, 200
02/20/2020,21:53,.53,.53,.53,.53, 500
02/20/2020,22:00,.536,.536,.536,.536, 350
02/21/2020,15:31,.55,.555,.55,.555, 34140
02/21/2020,15:35,.56,.56,.55,.56, 8800
02/21/2020,15:35,.56,.56,.56,.56, 200
02/21/2020,15:37,.56,.56,.56,.56, 10000
02/21/2020,15:39,.559,.559,.559,.559, 500
02/21/2020,15:40,.559,.559,.559,.559, 200
02/21/2020,15:47,.558,.558,.556,.556, 9700
02/21/2020,15:50,.558,.56,.556,.556, 8100
02/21/2020,15:51,.557,.557,.557,.557, 1000
02/21/2020,15:52,.56,.56,.55,.55, 22996
02/21/2020,15:53,.56,.56,.55,.55, 4900
02/21/2020,15:54,.55,.559,.55,.55, 5000
02/21/2020,15:54,.55,.55,.55,.55, 100
02/21/2020,15:56,.55,.55,.55,.55, 100
02/21/2020,16:03,.556,.556,.556,.556, 750
02/21/2020,16:05,.55,.55,.55,.55, 200
02/21/2020,16:06,.56,.56,.55,.55, 400
02/21/2020,16:08,.55,.55,.55,.55, 100
02/21/2020,16:10,.55,.55,.55,.55, 1000
02/21/2020,16:14,.56,.56,.55,.55, 5300
02/21/2020,16:16,.55,.55,.55,.55, 200
02/21/2020,16:17,.55,.55,.55,.55, 100
02/21/2020,16:20,.557,.557,.55,.55, 2600
02/21/2020,16:22,.55,.55,.55,.55, 100
02/21/2020,16:24,.55,.55,.55,.55, 100
02/21/2020,16:26,.55,.55,.55,.55, 100
02/21/2020,16:27,.55,.55,.55,.55, 4000
02/21/2020,16:29,.55,.55,.55,.55, 9100
02/21/2020,16:30,.55,.55,.55,.55, 100
02/21/2020,16:32,.55,.55,.55,.55, 100
02/21/2020,16:33,.55,.55,.55,.55, 100
02/21/2020,16:34,.55,.55,.55,.55, 100
02/21/2020,16:36,.55,.55,.55,.55, 100
02/21/2020,16:38,.55,.55,.55,.55, 100
02/21/2020,16:39,.55,.55,.55,.55, 100
02/21/2020,16:41,.55,.55,.55,.55, 100
02/21/2020,16:42,.55,.55,.55,.55, 100
02/21/2020,16:48,.553,.554,.55,.55, 6300
02/21/2020,16:49,.553,.555,.55,.55, 6300
02/21/2020,16:57,.555,.555,.555,.555, 100
02/21/2020,16:57,.553,.553,.553,.553, 100
02/21/2020,17:03,.553,.553,.553,.553, 200
02/21/2020,17:04,.55,.55,.55,.55, 1100
02/21/2020,17:09,.553,.553,.553,.553, 100
02/21/2020,17:13,.553,.553,.553,.553, 1100
02/21/2020,17:17,.553,.553,.553,.553, 100
02/21/2020,17:20,.553,.555,.553,.555, 4000
02/21/2020,17:22,.554,.554,.554,.554, 200
02/21/2020,17:41,.555,.555,.555,.555, 200
02/21/2020,17:46,.555,.555,.553,.553, 4157
02/21/2020,17:52,.554,.554,.554,.554, 500
02/21/2020,17:55,.552,.552,.552,.552, 1000
02/21/2020,17:56,.552,.552,.552,.552, 300
02/21/2020,17:57,.555,.555,.552,.552, 1100
02/21/2020,18:01,.554,.555,.552,.555, 1400
02/21/2020,18:03,.555,.555,.552,.552, 1700
02/21/2020,18:07,.555,.555,.552,.552, 2700
02/21/2020,18:10,.555,.56,.552,.552, 10700
02/21/2020,18:14,.56,.56,.56,.56, 126
02/21/2020,18:15,.56,.56,.552,.552, 3178
02/21/2020,18:29,.558,.558,.556,.556, 825
02/21/2020,18:31,.556,.556,.556,.556, 100
02/21/2020,18:33,.56,.56,.56,.56, 10000
02/21/2020,18:40,.557,.557,.557,.557, 100
02/21/2020,18:44,.557,.557,.557,.557, 100
02/21/2020,18:46,.557,.557,.557,.557, 100
02/21/2020,18:47,.557,.557,.557,.557, 100
02/21/2020,18:49,.56,.56,.557,.557, 3000
02/21/2020,18:56,.559,.559,.557,.559, 3300
02/21/2020,18:56,.557,.557,.557,.557, 100
02/21/2020,18:58,.557,.557,.557,.557, 100
02/21/2020,18:59,.557,.557,.557,.557, 500
02/21/2020,19:02,.557,.557,.557,.557, 100
02/21/2020,19:07,.557,.56,.557,.56, 300
02/21/2020,19:09,.557,.557,.557,.557, 100
02/21/2020,19:13,.557,.557,.557,.557, 100
02/21/2020,19:18,.557,.557,.554,.554, 2600
02/21/2020,19:23,.556,.557,.556,.557, 5800
02/21/2020,19:26,.557,.557,.557,.557, 100
02/21/2020,19:29,.557,.557,.557,.557, 100
02/21/2020,19:30,.557,.557,.556,.556, 2700
02/21/2020,19:42,.557,.557,.557,.557, 8000
02/21/2020,19:45,.557,.557,.556,.556, 1900
02/21/2020,19:46,.557,.557,.557,.557, 500
02/21/2020,19:46,.557,.557,.557,.557, 100
02/21/2020,19:52,.557,.557,.557,.557, 900
02/21/2020,19:53,.557,.557,.556,.556, 650
02/21/2020,19:54,.556,.557,.556,.557, 2500
02/21/2020,19:55,.556,.557,.556,.557, 1300
02/21/2020,19:58,.557,.557,.557,.557, 400
02/21/2020,20:04,.557,.557,.554,.554, 3000
02/21/2020,20:08,.555,.555,.555,.555, 500
02/21/2020,20:15,.557,.557,.557,.557, 200
02/21/2020,20:29,.554,.554,.553,.553, 2300
02/21/2020,20:33,.554,.557,.554,.557, 4000
02/21/2020,20:34,.557,.557,.557,.557, 200
02/21/2020,20:36,.557,.557,.557,.557, 100
02/21/2020,20:37,.554,.554,.554,.554, 800
02/21/2020,20:40,.556,.556,.554,.554, 700
02/21/2020,20:43,.554,.554,.554,.554, 300
02/21/2020,20:47,.554,.554,.554,.554, 200
02/21/2020,20:49,.557,.557,.557,.557, 100
02/21/2020,20:54,.559,.559,.559,.559, 100
02/21/2020,21:00,.559,.559,.559,.559, 1700
02/21/2020,21:02,.552,.552,.552,.552, 100
02/21/2020,21:04,.552,.552,.552,.552, 900
02/21/2020,21:06,.552,.552,.552,.552, 300
02/21/2020,21:06,.558,.558,.558,.558, 100
02/21/2020,21:09,.558,.558,.558,.558, 400
02/21/2020,21:09,.558,.558,.558,.558, 100
02/21/2020,21:14,.559,.559,.559,.559, 100
02/21/2020,21:17,.558,.558,.558,.558, 400
02/21/2020,21:20,.558,.558,.558,.558, 100
02/21/2020,21:22,.552,.552,.552,.552, 400
02/21/2020,21:24,.558,.558,.552,.552, 670
02/21/2020,21:28,.552,.558,.55,.55, 15100
02/21/2020,21:41,.55,.55,.55,.55, 1835
02/21/2020,21:46,.55,.55,.55,.55, 200
02/21/2020,21:46,.55,.55,.55,.55, 200
02/21/2020,21:51,.558,.558,.558,.558, 150
02/21/2020,21:51,.55,.55,.55,.55, 300
02/21/2020,21:53,.558,.558,.55,.55, 12100
02/21/2020,21:54,.55,.55,.55,.55, 320
02/21/2020,21:55,.55,.55,.55,.55, 100
02/21/2020,21:58,.55,.55,.55,.55, 300
02/21/2020,21:59,.55,.55,.55,.55, 300
02/24/2020,15:31,.555,.555,.555,.555, 1500
02/24/2020,15:32,.56,.56,.555,.555, 28454
02/24/2020,15:32,.555,.567,.555,.567, 1200
02/24/2020,15:33,.56,.56,.555,.555, 14200
02/24/2020,15:35,.566,.568,.555,.568, 6300
02/24/2020,15:42,.568,.568,.56,.56, 3100
02/24/2020,15:43,.56,.56,.56,.56, 100
02/24/2020,15:45,.56,.577,.558,.559, 7100
02/24/2020,15:45,.56,.56,.56,.56, 5000
02/24/2020,15:49,.559,.577,.558,.567, 19750
02/24/2020,15:51,.558,.577,.558,.567, 3000
02/24/2020,15:52,.577,.577,.577,.577, 200
02/24/2020,15:53,.567,.57,.558,.558, 5400
02/24/2020,15:54,.561,.561,.561,.561, 1000
02/24/2020,15:55,.558,.58,.558,.558, 16969
02/24/2020,15:56,.559,.562,.559,.559, 2050
02/24/2020,15:57,.559,.559,.559,.559, 100
02/24/2020,15:58,.585,.585,.57,.57, 200
02/24/2020,16:00,.578,.578,.57,.57, 32800
02/24/2020,16:04,.571,.571,.571,.571, 500
02/24/2020,16:06,.578,.578,.578,.578, 300
02/24/2020,16:06,.578,.58,.578,.58, 7100
02/24/2020,16:15,.585,.596,.58,.58, 7484
02/24/2020,16:16,.596,.6,.58,.6, 12447
02/24/2020,16:18,.575,.575,.575,.575, 1500
02/24/2020,16:19,.575,.575,.575,.575, 100
02/24/2020,16:20,.588,.6,.575,.597, 5060
02/24/2020,16:20,.59,.59,.59,.59, 100
02/24/2020,16:23,.58,.6,.58,.58, 1100
02/24/2020,16:24,.598,.6,.58,.58, 800
02/24/2020,16:25,.58,.58,.58,.58, 100
02/24/2020,16:26,.58,.58,.58,.58, 100
02/24/2020,16:28,.58,.58,.58,.58, 100
02/24/2020,16:29,.58,.6,.58,.6, 2100
02/24/2020,16:30,.58,.58,.58,.58, 10300
02/24/2020,16:33,.588,.588,.588,.588, 1600
02/24/2020,16:35,.598,.598,.598,.598, 6000
02/24/2020,16:37,.599,.599,.599,.599, 165
02/24/2020,16:38,.6,.6,.6,.6, 100
02/24/2020,16:42,.599,.599,.599,.599, 2125
02/24/2020,16:44,.594,.594,.594,.594, 2100
02/24/2020,16:47,.597,.597,.597,.597, 100
02/24/2020,16:48,.594,.594,.588,.594, 5000
02/24/2020,16:50,.59,.59,.59,.59, 1000
02/24/2020,16:52,.58,.58,.58,.58, 2300
02/24/2020,16:55,.597,.597,.597,.597, 500
02/24/2020,16:56,.6,.6,.599,.599, 3569
02/24/2020,17:01,.6,.6,.6,.6, 2000
02/24/2020,17:02,.58,.599,.58,.599, 2873
02/24/2020,17:03,.6,.6,.6,.6, 1500
02/24/2020,17:04,.59,.6,.59,.6, 935
02/24/2020,17:08,.595,.595,.595,.595, 300
02/24/2020,17:14,.591,.591,.591,.591, 600
02/24/2020,17:20,.597,.597,.597,.597, 165
02/24/2020,17:21,.6,.6,.6,.6, 100
02/24/2020,17:22,.6,.6,.59,.59, 11050
02/24/2020,17:24,.597,.597,.58,.597, 30200
02/24/2020,17:26,.59,.59,.58,.58, 4342
02/24/2020,17:28,.58,.582,.58,.582, 16227
02/24/2020,17:29,.58,.58,.58,.58, 2468
02/24/2020,17:30,.58,.58,.58,.58, 100
02/24/2020,17:36,.58,.58,.575,.575, 4673
02/24/2020,17:39,.572,.572,.572,.572, 125
02/24/2020,17:40,.572,.572,.572,.572, 3675
02/24/2020,17:49,.573,.573,.57,.57, 300
02/24/2020,17:52,.58,.58,.58,.58, 200
02/24/2020,17:54,.57,.57,.57,.57, 2271
02/24/2020,17:57,.57,.57,.57,.57, 3000
02/24/2020,18:06,.58,.58,.58,.58, 100
02/24/2020,18:07,.58,.58,.58,.58, 700
02/24/2020,18:08,.58,.58,.58,.58, 200
02/24/2020,18:13,.58,.58,.58,.58, 100
02/24/2020,18:18,.58,.58,.58,.58, 100
02/24/2020,18:24,.58,.58,.58,.58, 200
02/24/2020,18:25,.58,.58,.58,.58, 200
02/24/2020,18:36,.573,.573,.57,.57, 17581
02/24/2020,18:41,.58,.58,.58,.58, 100
02/24/2020,18:46,.58,.58,.58,.58, 100
02/24/2020,18:48,.58,.58,.58,.58, 5000
02/24/2020,18:49,.57,.58,.57,.58, 16800
02/24/2020,18:51,.58,.58,.58,.58, 1700
02/24/2020,18:52,.58,.58,.58,.58, 300
02/24/2020,18:57,.577,.58,.577,.58, 378
02/24/2020,19:07,.58,.58,.58,.58, 885
02/24/2020,19:11,.58,.58,.58,.58, 100
02/24/2020,19:35,.58,.58,.58,.58, 200
02/24/2020,19:46,.57,.57,.57,.57, 500
02/24/2020,20:15,.578,.58,.576,.576, 17948
02/24/2020,20:26,.58,.58,.58,.58, 345
02/24/2020,20:31,.57,.57,.57,.57, 5000
02/24/2020,20:33,.57,.57,.57,.57, 8000
02/24/2020,20:34,.571,.571,.571,.571, 100
02/24/2020,20:41,.573,.573,.573,.573, 1000
02/24/2020,20:46,.58,.58,.58,.58, 100
02/24/2020,20:48,.58,.58,.58,.58, 100
02/24/2020,20:50,.571,.571,.556,.57, 45213
02/24/2020,20:55,.575,.575,.575,.575, 100
02/24/2020,20:59,.57,.572,.57,.57, 29312
02/24/2020,21:00,.575,.575,.575,.575, 100
02/24/2020,21:11,.573,.573,.573,.573, 2000
02/24/2020,21:18,.574,.574,.556,.572, 17154
02/24/2020,21:28,.573,.573,.573,.573, 222
02/24/2020,21:29,.572,.573,.571,.572, 888
02/24/2020,21:33,.573,.573,.573,.573, 4000
02/24/2020,21:33,.57,.57,.57,.57, 550
02/24/2020,21:35,.571,.571,.571,.571, 200
02/24/2020,21:40,.57,.571,.57,.57, 900
02/24/2020,21:42,.57,.57,.553,.553, 24950
02/24/2020,21:43,.562,.562,.562,.562, 100
02/24/2020,21:44,.553,.553,.553,.553, 200
02/24/2020,21:47,.553,.56,.553,.56, 300
02/24/2020,21:50,.553,.553,.553,.553, 400
02/24/2020,21:51,.561,.561,.561,.561, 100
02/24/2020,22:01,.562,.562,.562,.562, 175
02/25/2020,15:32,.58,.58,.58,.58, 3382
02/25/2020,15:32,.56,.56,.55,.55, 2480
02/25/2020,15:41,.58,.58,.58,.58, 500
02/25/2020,15:46,.598,.598,.598,.598, 100
02/25/2020,15:48,.595,.595,.595,.595, 100
02/25/2020,15:49,.58,.58,.58,.58, 2300
02/25/2020,15:51,.586,.586,.586,.586, 2000
02/25/2020,15:52,.598,.598,.598,.598, 200
02/25/2020,15:56,.595,.595,.595,.595, 700
02/25/2020,15:59,.56,.56,.548,.548, 11751
02/25/2020,16:00,.56,.56,.56,.56, 100
02/25/2020,16:04,.565,.565,.565,.565, 200
02/25/2020,16:07,.566,.566,.566,.566, 2000
02/25/2020,16:26,.57,.57,.57,.57, 200
02/25/2020,16:31,.55,.55,.55,.55, 150
02/25/2020,16:33,.568,.568,.568,.568, 7000
02/25/2020,16:35,.57,.57,.57,.57, 1000
02/25/2020,16:49,.57,.57,.57,.57, 100
02/25/2020,16:50,.57,.57,.57,.57, 200
02/25/2020,16:52,.57,.57,.561,.57, 5300
02/25/2020,16:56,.57,.57,.57,.57, 100
02/25/2020,16:57,.57,.57,.566,.566, 6000
02/25/2020,16:58,.57,.57,.57,.57, 100
02/25/2020,16:59,.57,.57,.57,.57, 100
02/25/2020,17:04,.57,.57,.57,.57, 100
02/25/2020,17:12,.567,.567,.567,.567, 400
02/25/2020,17:14,.57,.57,.566,.57, 1000
02/25/2020,17:52,.565,.565,.565,.565, 400
02/25/2020,17:54,.565,.565,.565,.565, 100
02/25/2020,17:58,.556,.556,.556,.556, 100
02/25/2020,17:59,.555,.555,.552,.553, 1958
02/25/2020,18:00,.555,.555,.555,.555, 100
02/25/2020,18:01,.553,.553,.553,.553, 100
02/25/2020,18:02,.555,.555,.555,.555, 100
02/25/2020,18:07,.555,.555,.555,.555, 100
02/25/2020,18:08,.555,.555,.555,.555, 100
02/25/2020,18:10,.555,.555,.555,.555, 1700
02/25/2020,18:17,.56,.56,.56,.56, 2200
02/25/2020,18:18,.553,.555,.553,.555, 500
02/25/2020,18:19,.555,.555,.555,.555, 100
02/25/2020,18:20,.56,.56,.56,.56, 100
02/25/2020,18:22,.56,.56,.56,.56, 200
02/25/2020,18:23,.556,.556,.551,.551, 600
02/25/2020,18:24,.56,.56,.56,.56, 100
02/25/2020,18:25,.56,.56,.56,.56, 100
02/25/2020,18:27,.56,.56,.56,.56, 200
02/25/2020,18:28,.556,.556,.556,.556, 100
02/25/2020,18:29,.56,.56,.56,.56, 200
02/25/2020,18:30,.56,.56,.56,.56, 100
02/25/2020,18:32,.56,.56,.56,.56, 100
02/25/2020,18:33,.56,.56,.56,.56, 100
02/25/2020,18:34,.56,.56,.56,.56, 100
02/25/2020,18:35,.56,.56,.56,.56, 100
02/25/2020,18:37,.56,.56,.56,.56, 100
02/25/2020,18:38,.557,.56,.557,.56, 970
02/25/2020,18:39,.56,.56,.56,.56, 100
02/25/2020,18:40,.56,.56,.56,.56, 100
02/25/2020,18:42,.56,.56,.56,.56, 100
02/25/2020,18:43,.56,.56,.56,.56, 100
02/25/2020,18:44,.56,.56,.56,.56, 100
02/25/2020,18:45,.56,.56,.56,.56, 100
02/25/2020,18:47,.56,.56,.56,.56, 100
02/25/2020,18:48,.56,.56,.56,.56, 100
02/25/2020,18:49,.56,.56,.56,.56, 100
02/25/2020,18:50,.56,.56,.56,.56, 100
02/25/2020,18:52,.56,.56,.56,.56, 100
02/25/2020,18:53,.557,.56,.557,.56, 950
02/25/2020,18:54,.56,.56,.56,.56, 100
02/25/2020,18:55,.56,.56,.56,.56, 100
02/25/2020,18:57,.56,.56,.56,.56, 100
02/25/2020,18:58,.56,.56,.56,.56, 100
02/25/2020,18:59,.56,.56,.56,.56, 100
02/25/2020,19:00,.56,.56,.56,.56, 200
02/25/2020,19:02,.56,.56,.56,.56, 100
02/25/2020,19:03,.56,.56,.56,.56, 200
02/25/2020,19:04,.56,.56,.56,.56, 100
02/25/2020,19:05,.56,.56,.554,.556, 2500
02/25/2020,19:05,.56,.56,.56,.56, 100
02/25/2020,19:07,.56,.56,.56,.56, 100
02/25/2020,19:08,.56,.56,.56,.56, 100
02/25/2020,19:09,.56,.56,.56,.56, 100
02/25/2020,19:10,.552,.56,.552,.56, 200
02/25/2020,19:12,.56,.56,.56,.56, 100
02/25/2020,19:13,.56,.56,.56,.56, 100
02/25/2020,19:14,.56,.56,.56,.56, 100
02/25/2020,19:15,.56,.56,.56,.56, 100
02/25/2020,19:17,.56,.56,.56,.56, 100
02/25/2020,19:18,.56,.56,.56,.56, 100
02/25/2020,19:19,.56,.56,.56,.56, 100
02/25/2020,19:20,.56,.56,.56,.56, 100
02/25/2020,19:22,.56,.56,.56,.56, 100
02/25/2020,19:23,.56,.56,.56,.56, 100
02/25/2020,19:24,.56,.56,.56,.56, 100
02/25/2020,19:25,.56,.56,.56,.56, 100
02/25/2020,19:27,.56,.56,.56,.56, 100
02/25/2020,19:28,.56,.56,.56,.56, 100
02/25/2020,19:29,.56,.56,.56,.56, 4400
02/25/2020,19:30,.556,.556,.556,.556, 100
02/25/2020,19:32,.556,.556,.552,.552, 250
02/25/2020,19:33,.556,.556,.556,.556, 200
02/25/2020,19:34,.557,.557,.557,.557, 100
02/25/2020,19:35,.557,.557,.557,.557, 100
02/25/2020,19:38,.562,.562,.562,.562, 2000
02/25/2020,19:39,.565,.565,.565,.565, 200
02/25/2020,19:42,.562,.562,.562,.562, 1000
02/25/2020,20:03,.552,.552,.549,.549, 3526
02/25/2020,20:04,.549,.549,.549,.549, 100
02/25/2020,20:05,.548,.548,.548,.548, 100
02/25/2020,20:07,.548,.548,.548,.548, 100
02/25/2020,20:08,.549,.549,.549,.549, 100
02/25/2020,20:09,.549,.549,.549,.549, 100
02/25/2020,20:10,.549,.549,.549,.549, 100
02/25/2020,20:12,.549,.549,.549,.549, 100
02/25/2020,20:13,.549,.549,.549,.549, 100
02/25/2020,20:14,.55,.55,.55,.55, 100
02/25/2020,20:15,.55,.55,.55,.55, 145
02/25/2020,20:23,.55,.55,.55,.55, 100
02/25/2020,20:24,.55,.55,.55,.55, 1500
02/25/2020,20:26,.549,.549,.549,.549, 1000
02/25/2020,20:32,.55,.55,.55,.55, 100
02/25/2020,20:41,.553,.553,.532,.532, 15100
02/25/2020,20:42,.537,.537,.534,.535, 2300
02/25/2020,20:54,.535,.537,.535,.535, 1600
02/25/2020,20:55,.537,.537,.537,.537, 100
02/25/2020,21:05,.538,.538,.538,.538, 200
02/25/2020,21:10,.538,.538,.538,.538, 400
02/25/2020,21:11,.539,.539,.539,.539, 100
02/25/2020,21:12,.553,.553,.553,.553, 1000
02/25/2020,21:17,.553,.553,.553,.553, 100
02/25/2020,21:23,.553,.553,.553,.553, 100
02/25/2020,21:24,.553,.553,.553,.553, 7000
02/25/2020,21:25,.54,.54,.54,.54, 1200
02/25/2020,21:30,.553,.553,.553,.553, 345
02/25/2020,21:33,.535,.535,.535,.535, 835
02/25/2020,21:36,.535,.538,.535,.535, 1000
02/25/2020,21:41,.55,.55,.55,.55, 100
02/25/2020,21:49,.55,.55,.55,.55, 100
02/25/2020,21:50,.55,.55,.55,.55, 3983
02/25/2020,21:52,.55,.55,.55,.55, 249
02/25/2020,21:57,.55,.55,.535,.535, 10000
02/25/2020,21:58,.535,.535,.535,.535, 1000
02/25/2020,21:59,.535,.535,.535,.535, 1900
02/25/2020,22:00,.542,.542,.535,.535, 1199
02/26/2020,15:31,.525,.537,.525,.537, 2530
02/26/2020,15:39,.53,.54,.53,.54, 20397
02/26/2020,15:41,.54,.54,.54,.54, 4999
02/26/2020,15:47,.536,.536,.536,.536, 100
02/26/2020,16:09,.533,.541,.532,.534, 9599
02/26/2020,16:13,.553,.553,.553,.553, 200
02/26/2020,16:24,.55,.55,.532,.55, 14400
02/26/2020,16:26,.541,.541,.541,.541, 400
02/26/2020,16:59,.538,.538,.538,.538, 100
02/26/2020,17:05,.538,.549,.537,.549, 14200
02/26/2020,17:14,.549,.549,.536,.536, 500
02/26/2020,17:20,.532,.532,.532,.532, 142
02/26/2020,17:25,.532,.532,.532,.532, 2000
02/26/2020,17:32,.534,.534,.534,.534, 100
02/26/2020,17:48,.533,.533,.533,.533, 100
02/26/2020,17:49,.533,.534,.533,.534, 1195
02/26/2020,18:15,.537,.537,.537,.537, 300
02/26/2020,18:16,.535,.535,.535,.535, 700
02/26/2020,18:20,.537,.537,.537,.537, 100
02/26/2020,18:23,.534,.534,.534,.534, 500
02/26/2020,18:29,.537,.537,.535,.535, 500
02/26/2020,18:36,.533,.533,.533,.533, 200
02/26/2020,18:54,.537,.537,.537,.537, 136
02/26/2020,19:15,.537,.537,.537,.537, 2000
02/26/2020,19:20,.537,.537,.537,.537, 300
02/26/2020,19:22,.537,.537,.537,.537, 1600
02/26/2020,19:23,.537,.537,.535,.535, 2400
02/26/2020,19:24,.535,.535,.535,.535, 200
02/26/2020,19:25,.535,.535,.535,.535, 1900
02/26/2020,19:28,.535,.535,.535,.535, 158
02/26/2020,19:30,.535,.535,.535,.535, 1842
02/26/2020,19:31,.538,.538,.538,.538, 100
02/26/2020,19:32,.538,.538,.538,.538, 100
02/26/2020,19:32,.538,.538,.538,.538, 200
02/26/2020,19:45,.538,.538,.538,.538, 250
02/26/2020,19:47,.538,.538,.538,.538, 100
02/26/2020,19:49,.538,.538,.535,.535, 5300
02/26/2020,19:50,.535,.535,.535,.535, 100
02/26/2020,20:00,.535,.535,.535,.535, 2200
02/26/2020,20:23,.535,.535,.535,.535, 100
02/26/2020,20:26,.535,.535,.535,.535, 200
02/26/2020,20:32,.535,.535,.535,.535, 200
02/28/2020,15:33,.502,.502,.502,.502, 195
02/28/2020,15:35,.502,.502,.495,.495, 11090
02/28/2020,15:36,.495,.495,.495,.495, 354
02/28/2020,15:37,.497,.497,.497,.497, 1160
02/28/2020,15:41,.495,.495,.495,.495, 300
02/28/2020,15:42,.495,.495,.49,.49, 29900
02/28/2020,15:43,.49,.49,.49,.49, 9300
02/28/2020,15:53,.49,.49,.49,.49, 100
02/28/2020,15:55,.49,.49,.49,.49, 3000
02/28/2020,15:55,.49,.492,.49,.492, 1015
02/28/2020,15:59,.483,.483,.483,.483, 800
02/28/2020,16:00,.483,.483,.483,.483, 1800
02/28/2020,16:02,.483,.483,.483,.483, 15000
02/28/2020,16:03,.483,.483,.483,.483, 2500
02/28/2020,16:08,.483,.483,.48,.48, 5000
02/28/2020,16:09,.48,.48,.48,.48, 17200
02/28/2020,16:12,.498,.498,.498,.498, 100
02/28/2020,16:13,.49,.49,.49,.49, 4000
02/28/2020,16:15,.48,.498,.47,.498, 16390
02/28/2020,16:16,.47,.47,.47,.47, 600
02/28/2020,16:25,.498,.498,.498,.498, 100
02/28/2020,16:26,.484,.484,.48,.48, 4042
02/28/2020,16:28,.47,.47,.47,.47, 250
02/28/2020,16:29,.47,.47,.47,.47, 30504
02/28/2020,16:30,.47,.475,.47,.47, 9558
02/28/2020,16:37,.47,.47,.47,.47, 320
02/28/2020,16:39,.47,.47,.47,.47, 1064
02/28/2020,16:40,.47,.47,.47,.47, 5800
02/28/2020,16:45,.47,.47,.47,.47, 531
02/28/2020,16:47,.466,.466,.466,.466, 115
02/28/2020,16:53,.466,.466,.466,.466, 1700
02/28/2020,16:55,.466,.466,.466,.466, 1000
02/28/2020,16:57,.466,.466,.466,.466, 400
02/28/2020,17:04,.466,.466,.466,.466, 800
02/28/2020,17:11,.464,.464,.464,.464, 100
02/28/2020,17:19,.463,.463,.463,.463, 6198
02/28/2020,17:21,.46,.46,.46,.46, 9200
02/28/2020,17:22,.461,.461,.461,.461, 200
02/28/2020,17:26,.462,.462,.462,.462, 250
02/28/2020,17:31,.463,.463,.463,.463, 16062
02/28/2020,17:32,.466,.466,.466,.466, 11000
02/28/2020,17:33,.469,.469,.469,.469, 400
02/28/2020,17:34,.47,.47,.47,.47, 3900
02/28/2020,17:37,.47,.47,.47,.47, 1900
02/28/2020,17:40,.47,.47,.47,.47, 1500
02/28/2020,17:41,.469,.469,.469,.469, 375
02/28/2020,17:43,.469,.469,.469,.469, 500
02/28/2020,17:44,.47,.476,.469,.476, 8000
02/28/2020,17:44,.475,.475,.475,.475, 1000
02/28/2020,17:46,.475,.476,.475,.476, 10900
02/28/2020,17:47,.476,.476,.476,.476, 200
02/28/2020,17:48,.476,.476,.476,.476, 3000
02/28/2020,17:53,.475,.475,.475,.475, 700
02/28/2020,17:54,.475,.475,.475,.475, 5200
02/28/2020,17:59,.475,.475,.46,.46, 30000
02/28/2020,18:00,.474,.474,.474,.474, 126
02/28/2020,18:00,.475,.475,.475,.475, 1000
02/28/2020,18:02,.475,.475,.475,.475, 2500
02/28/2020,18:04,.475,.475,.475,.475, 100
02/28/2020,18:11,.465,.465,.465,.465, 1000
02/28/2020,18:18,.47,.47,.47,.47, 5000
02/28/2020,18:21,.461,.461,.461,.461, 7500
02/28/2020,18:24,.47,.47,.47,.47, 100
02/28/2020,18:28,.46,.46,.46,.46, 15000
02/28/2020,18:34,.46,.47,.46,.467, 14000
02/28/2020,18:40,.47,.47,.47,.47, 200
02/28/2020,18:41,.47,.47,.47,.47, 10000
02/28/2020,18:44,.47,.47,.47,.47, 2100
02/28/2020,18:48,.47,.47,.47,.47, 200
02/28/2020,19:06,.469,.469,.469,.469, 107
02/28/2020,19:13,.469,.469,.469,.469, 200
02/28/2020,19:25,.465,.465,.465,.465, 100
02/28/2020,19:31,.469,.469,.469,.469, 100
02/28/2020,19:32,.465,.465,.465,.465, 100
02/28/2020,19:34,.467,.469,.467,.469, 200
02/28/2020,19:58,.469,.469,.469,.469, 100
02/28/2020,19:59,.466,.466,.466,.466, 500
02/28/2020,20:00,.46,.461,.46,.461, 2000
02/28/2020,20:03,.466,.466,.466,.466, 500
02/28/2020,20:05,.469,.469,.469,.469, 1000
02/28/2020,20:12,.469,.469,.469,.469, 200
02/28/2020,20:26,.46,.46,.46,.46, 10000
02/28/2020,20:28,.469,.469,.469,.469, 100
02/28/2020,20:38,.46,.46,.46,.46, 1000
02/28/2020,20:42,.464,.467,.46,.46, 2583
02/28/2020,20:46,.46,.46,.46,.46, 8520
02/28/2020,20:47,.46,.46,.46,.46, 10000
02/28/2020,20:48,.46,.46,.46,.46, 10000
02/28/2020,20:49,.46,.46,.46,.46, 10000
02/28/2020,20:50,.46,.46,.46,.46, 10000
02/28/2020,20:51,.46,.462,.46,.46, 10744
02/28/2020,20:52,.46,.46,.46,.46, 16800
02/28/2020,20:53,.46,.46,.46,.46, 5200
02/28/2020,20:54,.46,.46,.451,.451, 19983
02/28/2020,20:55,.451,.458,.451,.458, 13000
02/28/2020,20:58,.46,.46,.46,.46, 1000
02/28/2020,21:00,.46,.46,.46,.46, 400
02/28/2020,21:01,.455,.455,.455,.455, 250
02/28/2020,21:04,.46,.46,.46,.46, 200
02/28/2020,21:09,.46,.46,.46,.46, 200
02/28/2020,21:19,.46,.46,.46,.46, 10000
02/28/2020,21:32,.459,.459,.459,.459, 200
02/28/2020,21:37,.459,.459,.459,.459, 20000
02/28/2020,21:40,.457,.458,.457,.458, 900
02/28/2020,21:42,.459,.459,.459,.459, 500
02/28/2020,21:43,.459,.459,.459,.459, 100
02/28/2020,21:44,.457,.457,.451,.451, 2400
02/28/2020,21:47,.457,.457,.457,.457, 12003
02/28/2020,21:49,.455,.455,.455,.455, 980
02/28/2020,21:52,.451,.451,.451,.451, 10000
02/28/2020,21:54,.451,.452,.451,.451, 5100
02/28/2020,21:54,.451,.452,.451,.452, 5100
02/28/2020,21:56,.451,.451,.451,.451, 5000
02/28/2020,21:59,.451,.451,.451,.451, 5340

