04/01/2020,01:25,.07,.07,.07,.07, 71428
04/01/2020,02:00,.069,.069,.069,.069, 25000
04/01/2020,02:34,.069,.069,.069,.069, 23284
04/01/2020,03:02,.069,.069,.069,.069, 10497
04/01/2020,03:10,.07,.07,.07,.07, 60850
04/01/2020,03:21,.07,.07,.07,.07, 10000
04/01/2020,03:30,.07,.07,.07,.07, 13132
04/01/2020,04:03,.07,.072,.07,.072, 7500
04/01/2020,04:20,.07,.07,.07,.07, 15000
04/01/2020,04:41,.072,.072,.072,.072, 16285
04/01/2020,04:45,.071,.071,.071,.071, 28000
04/01/2020,04:56,.07,.07,.07,.07, 74567
04/01/2020,04:57,.069,.069,.069,.069, 97500
04/01/2020,05:26,.07,.07,.07,.07, 20000
04/01/2020,05:52,.07,.07,.07,.07, 100000
04/01/2020,06:13,.069,.069,.069,.069, 10000
04/01/2020,06:20,.07,.07,.07,.07, 11162
04/01/2020,06:34,.07,.071,.07,.071, 247733
04/01/2020,06:57,.07,.07,.07,.07, 18000
04/01/2020,07:32,.07,.07,.07,.07, 85200
04/02/2020,01:36,.07,.07,.069,.069, 95629
04/02/2020,01:41,.07,.07,.07,.07, 100000
04/02/2020,02:38,.069,.069,.069,.069, 54537
04/02/2020,02:42,.07,.07,.07,.07, 17982
04/02/2020,02:51,.07,.07,.07,.07, 145000
04/02/2020,02:53,.07,.07,.07,.07, 48545
04/02/2020,03:01,.069,.069,.069,.069, 30463
04/02/2020,03:11,.069,.069,.069,.069, 31164
04/02/2020,03:15,.069,.069,.069,.069, 23373
04/02/2020,03:25,.069,.069,.069,.069, 23373
04/02/2020,03:28,.069,.069,.069,.069, 15582
04/02/2020,03:38,.069,.069,.069,.069, 15582
04/02/2020,03:45,.07,.07,.07,.07, 1455
04/02/2020,03:48,.071,.071,.071,.071, 6000
04/02/2020,03:49,.072,.072,.072,.072, 4000
04/02/2020,03:56,.071,.071,.07,.07, 55000
04/02/2020,03:59,.071,.071,.071,.071, 6069
04/02/2020,04:05,.072,.073,.072,.073, 15000
04/02/2020,04:18,.073,.073,.073,.073, 6265
04/02/2020,05:14,.071,.071,.071,.071, 50000
04/02/2020,05:23,.071,.071,.071,.071, 45112
04/02/2020,05:35,.07,.07,.07,.07, 2338
04/02/2020,05:49,.07,.07,.07,.07, 142000
04/02/2020,06:19,.073,.073,.071,.071, 8383
04/02/2020,06:25,.071,.071,.07,.07, 91775
04/02/2020,07:03,.073,.073,.073,.073, 3214
04/02/2020,07:05,.073,.073,.072,.072, 15713
04/02/2020,07:08,.073,.073,.073,.073, 6483
04/02/2020,07:13,.071,.071,.071,.071, 54365
04/02/2020,07:19,.071,.071,.071,.071, 13639
04/02/2020,07:20,.071,.071,.071,.071, 3709
04/02/2020,07:31,.071,.071,.071,.071, 28287
04/03/2020,01:25,.072,.072,.072,.072, 119991
04/03/2020,01:27,.072,.072,.072,.072, 16909
04/03/2020,01:32,.073,.073,.073,.073, 51467
04/03/2020,01:35,.072,.072,.072,.072, 13091
04/03/2020,01:37,.072,.072,.072,.072, 46861
04/03/2020,01:40,.072,.072,.072,.072, 50000
04/03/2020,02:09,.072,.072,.072,.072, 40048
04/03/2020,02:11,.073,.073,.073,.073, 408564
04/03/2020,02:13,.073,.073,.073,.073, 68307
04/03/2020,02:14,.072,.073,.072,.073, 31625
04/03/2020,02:17,.073,.073,.073,.073, 1693
04/03/2020,02:32,.073,.073,.073,.073, 35000
04/03/2020,02:36,.073,.073,.073,.073, 118991
04/03/2020,04:37,.073,.073,.073,.073, 181000
04/03/2020,04:44,.073,.073,.073,.073, 30000
04/03/2020,05:42,.073,.073,.073,.073, 60000
04/03/2020,05:46,.074,.074,.074,.074, 18162
04/03/2020,06:19,.074,.074,.074,.074, 8663
04/03/2020,06:49,.073,.073,.073,.073, 15000
04/06/2020,02:25,.073,.073,.073,.073, 4909
04/06/2020,03:08,.075,.075,.075,.075, 30000
04/06/2020,03:42,.075,.075,.073,.073, 21024
04/06/2020,04:02,.075,.075,.073,.073, 14848
04/06/2020,04:22,.073,.073,.072,.072, 47864
04/06/2020,05:23,.073,.073,.072,.072, 24189
04/06/2020,06:27,.073,.073,.073,.073, 127799
04/06/2020,06:42,.073,.073,.073,.073, 47044
04/06/2020,07:33,.073,.073,.073,.073, 255678
04/06/2020,07:36,.074,.074,.074,.074, 22759
04/06/2020,08:08,.074,.075,.074,.075, 78000
04/06/2020,08:13,.074,.074,.074,.074, 24269
04/06/2020,08:31,.073,.073,.073,.073, 202563
04/07/2020,03:06,.073,.073,.073,.073, 45604
04/07/2020,03:22,.075,.075,.075,.075, 25717
04/07/2020,04:03,.075,.075,.075,.075, 92351
04/07/2020,04:04,.076,.076,.076,.076, 35000
04/07/2020,04:17,.079,.079,.079,.079, 10
04/07/2020,06:05,.076,.076,.076,.076, 30769
04/07/2020,06:41,.075,.075,.075,.075, 15969
04/07/2020,06:43,.073,.073,.073,.073, 600000
04/07/2020,06:44,.074,.074,.074,.074, 6076
04/07/2020,06:51,.075,.075,.075,.075, 13643
04/07/2020,07:10,.073,.073,.073,.073, 307007
04/07/2020,07:26,.074,.074,.074,.074, 14895
04/07/2020,07:58,.073,.073,.073,.073, 315000
04/07/2020,08:02,.073,.073,.073,.073, 365000
04/07/2020,08:12,.073,.073,.073,.073, 400000
04/07/2020,08:16,.073,.073,.073,.073, 12420
04/07/2020,08:17,.073,.073,.073,.073, 400000
04/07/2020,08:19,.073,.073,.073,.073, 350000
04/07/2020,08:20,.073,.073,.073,.073, 340209
04/07/2020,08:31,.073,.073,.073,.073, 439619
04/08/2020,02:25,.072,.072,.072,.072, 45000
04/08/2020,03:37,.076,.076,.076,.076, 7000
04/08/2020,03:52,.074,.074,.074,.074, 29520
04/08/2020,03:57,.075,.075,.075,.075, 3867
04/08/2020,04:21,.075,.075,.075,.075, 286
04/08/2020,04:31,.075,.075,.075,.075, 23432
04/08/2020,05:54,.077,.077,.077,.077, 17500
04/08/2020,06:07,.075,.075,.075,.075, 74556
04/08/2020,06:20,.073,.073,.073,.073, 5000
04/08/2020,07:11,.074,.074,.074,.074, 44000
04/08/2020,07:18,.075,.075,.075,.075, 11615
04/08/2020,07:23,.075,.075,.075,.075, 20
04/08/2020,07:34,.074,.074,.074,.074, 8563
04/08/2020,07:39,.075,.075,.075,.075, 129116
04/08/2020,07:47,.076,.076,.076,.076, 55556
04/09/2020,03:11,.076,.076,.076,.076, 14410
04/09/2020,03:25,.077,.077,.077,.077, 41304
04/09/2020,04:32,.077,.077,.077,.077, 42350
04/09/2020,04:39,.079,.079,.079,.079, 36367
04/09/2020,04:59,.079,.079,.079,.079, 18074
04/09/2020,05:02,.08,.08,.08,.08, 23272
04/09/2020,05:21,.08,.08,.08,.08, 75267
04/09/2020,05:27,.08,.082,.08,.082, 42482
04/09/2020,05:49,.082,.083,.082,.083, 90991
04/09/2020,06:11,.086,.086,.086,.086, 10000
04/09/2020,07:00,.089,.09,.089,.09, 100000
04/09/2020,07:03,.088,.088,.088,.088, 3500
04/09/2020,07:06,.09,.09,.089,.09, 35738
04/09/2020,07:57,.091,.091,.091,.091, 62892
04/09/2020,08:07,.091,.091,.091,.091, 13298
04/14/2020,04:49,.091,.091,.09,.09, 12188
04/14/2020,04:51,.088,.088,.088,.088, 4000
04/14/2020,04:57,.088,.088,.088,.088, 28363
04/14/2020,05:01,.082,.082,.079,.079, 74284
04/14/2020,06:10,.086,.09,.086,.09, 12500
04/14/2020,06:26,.089,.089,.089,.089, 4322
04/14/2020,07:12,.089,.089,.089,.089, 1676
04/14/2020,07:15,.09,.09,.09,.09, 428
04/14/2020,07:47,.083,.083,.079,.079, 30000
04/14/2020,08:17,.08,.08,.08,.08, 22000
04/15/2020,02:56,.082,.082,.082,.082, 10354
04/15/2020,03:08,.083,.083,.083,.083, 23851
04/15/2020,03:10,.083,.083,.083,.083, 15795
04/15/2020,03:13,.082,.083,.082,.083, 4275
04/15/2020,03:33,.083,.083,.083,.083, 1297
04/15/2020,04:13,.083,.084,.083,.084, 316223
04/15/2020,05:24,.085,.085,.085,.085, 10000
04/15/2020,05:36,.086,.086,.086,.086, 2594
04/15/2020,05:48,.086,.086,.086,.086, 25000
04/15/2020,07:32,.087,.087,.087,.087, 1297
04/15/2020,07:56,.088,.088,.088,.088, 2594
04/15/2020,07:57,.089,.089,.089,.089, 1297
04/15/2020,07:57,.089,.089,.089,.089, 55218
04/15/2020,08:00,.089,.089,.089,.089, 2500
04/15/2020,08:16,.089,.089,.089,.089, 2500
04/16/2020,02:42,.085,.085,.085,.085, 22506
04/16/2020,03:03,.085,.085,.085,.085, 83000
04/16/2020,03:04,.085,.085,.085,.085, 36702
04/16/2020,03:12,.085,.085,.085,.085, 6000
04/16/2020,03:16,.085,.085,.085,.085, 8387
04/16/2020,03:45,.084,.084,.084,.084, 41613
04/16/2020,04:27,.085,.085,.085,.085, 6485
04/16/2020,05:01,.085,.085,.084,.084, 44812
04/16/2020,05:14,.084,.084,.084,.084, 5188
04/16/2020,05:16,.082,.082,.08,.08, 79000
04/16/2020,07:20,.083,.083,.083,.083, 3243
04/16/2020,07:35,.082,.082,.082,.082, 6500
04/16/2020,07:40,.081,.081,.081,.081, 11000
04/16/2020,07:44,.081,.081,.081,.081, 5000
04/16/2020,07:47,.084,.084,.084,.084, 3243
04/16/2020,07:53,.083,.083,.083,.083, 16711
04/16/2020,08:05,.085,.085,.085,.085, 5087
04/16/2020,08:10,.084,.084,.084,.084, 1749
04/17/2020,02:25,.085,.085,.085,.085, 60000
04/17/2020,02:49,.085,.085,.085,.085, 10340
04/17/2020,04:52,.091,.091,.091,.091, 18478
04/17/2020,05:36,.088,.088,.088,.088, 7851
04/17/2020,05:42,.089,.089,.089,.089, 9090
04/17/2020,06:15,.089,.089,.089,.089, 5202
04/17/2020,07:12,.089,.089,.089,.089, 11
04/17/2020,07:25,.088,.088,.088,.088, 8129

