01/02/2020,16:31,128,128,128,128, 1
01/02/2020,17:01,128,128,128,128, 1
01/03/2020,16:31,125.6,125.6,125.6,125.6, 1
01/03/2020,17:01,125.6,125.6,125.6,125.6, 1
01/06/2020,16:31,123.4,123.4,123.4,123.4, 1
01/06/2020,17:01,123.4,123.4,123.4,123.4, 1
01/07/2020,16:31,122.8,122.8,122.8,122.8, 1
01/07/2020,17:01,122.8,122.8,122.8,122.8, 1
01/08/2020,16:31,120.2,120.2,120.2,120.2, 1
01/08/2020,17:01,120.2,120.2,120.2,120.2, 1
01/09/2020,16:31,125.1,125.1,125.1,125.1, 1
01/09/2020,17:01,125.1,125.1,125.1,125.1, 1
01/10/2020,16:31,125.4,125.4,125.4,125.4, 1
01/10/2020,17:01,125.4,125.4,125.4,125.4, 1
01/13/2020,16:31,125.5,125.5,125.5,125.5, 1
01/13/2020,17:01,125.5,125.5,125.5,125.5, 1
01/14/2020,16:31,123.8,123.8,123.8,123.8, 1
01/14/2020,17:01,123.8,123.8,123.8,123.8, 1
01/15/2020,16:31,123.6,123.6,123.6,123.6, 1
01/15/2020,17:01,123.6,123.6,123.6,123.6, 1
01/16/2020,16:31,122.4,122.4,122.4,122.4, 1
01/16/2020,17:01,122.4,122.4,122.4,122.4, 1
01/17/2020,16:31,121,121,121,121, 1
01/17/2020,17:01,121,121,121,121, 1
01/20/2020,17:01,121.6,121.6,121.6,121.6, 1
01/21/2020,16:31,121.5,121.5,121.5,121.5, 1
01/21/2020,17:01,121.5,121.5,121.5,121.5, 1
01/22/2020,16:31,121.2,121.2,121.2,121.2, 1
01/22/2020,17:01,121.2,121.2,121.2,121.2, 1
01/23/2020,16:31,120.7,120.7,120.7,120.7, 1
01/23/2020,17:01,120.7,120.7,120.7,120.7, 1
01/24/2020,16:31,119.6,119.6,119.6,119.6, 1
01/24/2020,17:01,119.6,119.6,119.6,119.6, 1
01/27/2020,16:31,115.8,115.8,115.8,115.8, 1
01/27/2020,17:01,115.8,115.8,115.8,115.8, 1
01/28/2020,16:31,115.4,115.4,115.4,115.4, 1
01/29/2020,16:31,114.1,114.1,114.1,114.1, 1
01/29/2020,17:01,114.1,114.1,114.1,114.1, 1
01/30/2020,16:31,115.3,115.3,115.3,115.3, 1
01/30/2020,17:01,115.3,115.3,115.3,115.3, 1
01/31/2020,16:31,112.6,112.6,112.6,112.6, 1

