03/15/2020,08:46,134.61,134.61,134.61,134.61, 1
03/15/2020,13:14,134.61,134.61,134.61,134.61, 1
03/16/2020,09:13,134.94,134.94,134.94,134.94, 1
03/17/2020,10:13,135.3,135.3,135.3,135.3, 1
03/18/2020,09:28,134.25,134.25,134.25,134.25, 1
03/19/2020,08:55,134.98,134.98,134.98,134.98, 1
03/20/2020,09:46,134.15,134.15,134.15,134.15, 1
03/23/2020,09:40,135.22,135.22,135.22,135.22, 1
03/24/2020,12:01,135.5,135.5,135.5,135.5, 1
03/25/2020,08:37,135.77,135.77,135.77,135.77, 1
03/26/2020,08:49,134.84,134.84,134.84,134.84, 1
03/27/2020,08:52,134.89,134.89,134.89,134.89, 1
03/30/2020,08:46,134.92,134.92,134.92,134.92, 1
03/31/2020,08:28,134.74,134.74,134.74,134.74, 1

