03/02/2020,00:30,.035,.035,.035,.035, 8
03/02/2020,00:44,.035,.035,.035,.035, 74
03/02/2020,00:44,.035,.035,.035,.035, 85
03/02/2020,00:45,.035,.035,.035,.035, 94
03/02/2020,00:46,.035,.035,.035,.035, 82
03/02/2020,00:47,.035,.035,.035,.035, 87
03/02/2020,00:48,.035,.035,.035,.035, 494
03/02/2020,00:54,.035,.035,.035,.035, 450
03/02/2020,00:58,.035,.035,.035,.035, 395
03/02/2020,01:04,.035,.035,.035,.035, 366
03/02/2020,01:08,.035,.035,.035,.035, 82
03/02/2020,01:10,.035,.035,.035,.035, 74
03/02/2020,01:11,.035,.035,.035,.035, 73
03/02/2020,01:12,.035,.035,.035,.035, 74
03/02/2020,01:13,.035,.035,.035,.035, 70
03/02/2020,01:14,.035,.035,.035,.035, 71
03/02/2020,01:15,.035,.035,.035,.035, 73
03/02/2020,01:16,.035,.035,.035,.035, 67
03/02/2020,01:17,.035,.035,.035,.035, 73
03/02/2020,01:18,.035,.035,.035,.035, 402
03/02/2020,01:23,.035,.035,.035,.035, 350
03/02/2020,01:28,.035,.035,.035,.035, 73
03/02/2020,01:29,.035,.035,.035,.035, 501
03/02/2020,01:34,.035,.035,.035,.035, 349
03/02/2020,01:40,.035,.035,.035,.035, 56
03/02/2020,01:41,.035,.035,.035,.035, 72
03/02/2020,01:42,.035,.035,.035,.035, 68
03/02/2020,01:43,.035,.035,.035,.035, 69
03/02/2020,01:44,.035,.035,.035,.035, 70
03/02/2020,01:45,.035,.035,.035,.035, 76
03/02/2020,01:46,.035,.035,.035,.035, 64
03/02/2020,01:47,.035,.035,.035,.035, 69
03/02/2020,01:48,.035,.035,.035,.035, 69
03/02/2020,01:49,.035,.035,.035,.035, 348
03/02/2020,01:54,.035,.035,.035,.035, 406
03/02/2020,01:59,.035,.035,.035,.035, 85
03/02/2020,02:01,.035,.035,.035,.035, 372
03/02/2020,02:06,.035,.035,.035,.035, 378
03/02/2020,02:13,.035,.035,.035,.035, 117
03/02/2020,02:14,.035,.035,.035,.035, 57
03/02/2020,02:15,.035,.035,.035,.035, 69
03/02/2020,02:16,.035,.035,.035,.035, 61
03/02/2020,02:17,.035,.035,.035,.035, 65
03/02/2020,02:18,.035,.035,.035,.035, 63
03/02/2020,02:19,.035,.035,.035,.035, 335
03/02/2020,02:24,.035,.035,.035,.035, 57
03/02/2020,02:25,.035,.035,.035,.035, 392
03/02/2020,02:31,.035,.035,.035,.035, 71
03/02/2020,02:32,.035,.035,.035,.035, 345
03/02/2020,02:38,.035,.035,.035,.035, 382
03/02/2020,02:44,.035,.035,.035,.035, 54
03/02/2020,02:44,.035,.035,.035,.035, 62
03/02/2020,02:45,.035,.035,.035,.035, 65
03/02/2020,02:46,.035,.035,.035,.035, 60
03/02/2020,02:47,.035,.035,.035,.035, 59
03/02/2020,02:48,.035,.035,.035,.035, 59
03/02/2020,02:50,.035,.035,.035,.035, 386
03/02/2020,02:56,.035,.035,.035,.035, 112
03/02/2020,02:57,.035,.035,.035,.035, 286
03/02/2020,03:02,.035,.035,.035,.035, 76
03/02/2020,03:03,.035,.035,.035,.035, 58
03/02/2020,03:04,.035,.035,.035,.035, 268
03/02/2020,03:09,.035,.035,.035,.035, 39
03/02/2020,03:10,.035,.035,.035,.035, 272
03/02/2020,03:15,.035,.035,.035,.035, 48
03/02/2020,03:16,.035,.035,.035,.035, 54
03/02/2020,03:17,.035,.035,.035,.035, 53
03/02/2020,03:18,.035,.035,.035,.035, 55
03/02/2020,03:19,.035,.035,.035,.035, 62
03/02/2020,03:20,.035,.035,.035,.035, 316
03/02/2020,03:26,.035,.035,.035,.035, 39
03/02/2020,03:27,.035,.035,.035,.035, 299
03/02/2020,03:32,.035,.035,.035,.035, 54
03/02/2020,03:33,.035,.035,.035,.035, 48
03/02/2020,03:34,.035,.035,.035,.035, 233
03/02/2020,03:39,.035,.035,.035,.035, 51
03/02/2020,03:40,.035,.035,.035,.035, 224
03/02/2020,03:45,.035,.035,.035,.035, 55
03/02/2020,03:46,.035,.035,.035,.035, 55
03/02/2020,03:47,.035,.035,.035,.035, 48
03/02/2020,03:48,.035,.035,.035,.035, 53
03/02/2020,03:49,.035,.035,.035,.035, 53
03/02/2020,03:50,.035,.035,.035,.035, 49
03/02/2020,03:50,.035,.035,.035,.035, 232
03/02/2020,03:56,.035,.035,.035,.035, 44
03/02/2020,03:57,.035,.035,.035,.035, 295
03/02/2020,04:03,.035,.035,.035,.035, 44
03/02/2020,04:04,.035,.035,.035,.035, 284
03/02/2020,04:10,.035,.035,.035,.035, 288
03/02/2020,04:15,.035,.035,.035,.035, 67
03/02/2020,04:16,.035,.035,.035,.035, 51
03/02/2020,04:17,.035,.035,.035,.035, 59
03/02/2020,04:18,.035,.035,.035,.035, 51
03/02/2020,04:20,.035,.035,.035,.035, 304
03/02/2020,04:25,.035,.035,.035,.035, 50
03/02/2020,04:26,.035,.035,.035,.035, 55
03/02/2020,04:27,.035,.035,.035,.035, 274
03/02/2020,04:32,.035,.035,.035,.035, 59
03/02/2020,04:33,.035,.035,.035,.035, 56
03/02/2020,04:33,.035,.035,.035,.035, 263
03/02/2020,04:39,.035,.035,.035,.035, 331
03/02/2020,04:44,.035,.035,.035,.035, 66
03/02/2020,04:45,.035,.035,.035,.035, 51
03/02/2020,04:46,.035,.035,.035,.035, 58
03/02/2020,04:47,.035,.035,.035,.035, 57
03/02/2020,04:48,.035,.035,.035,.035, 321
03/02/2020,04:55,.035,.035,.035,.035, 357
03/02/2020,05:01,.035,.035,.035,.035, 110
03/02/2020,05:02,.035,.035,.035,.035, 59
03/02/2020,05:02,.035,.035,.035,.035, 300
03/02/2020,05:07,.035,.035,.035,.035, 283
03/02/2020,05:12,.035,.035,.035,.035, 80
03/02/2020,05:14,.035,.035,.035,.035, 61
03/02/2020,05:15,.035,.035,.035,.035, 61
03/02/2020,05:16,.035,.035,.035,.035, 64
03/02/2020,05:16,.035,.035,.035,.035, 279
03/02/2020,05:22,.035,.035,.035,.035, 375
03/02/2020,05:27,.035,.035,.035,.035, 78
03/02/2020,05:28,.035,.035,.035,.035, 63
03/02/2020,05:30,.035,.035,.035,.035, 435
03/02/2020,05:34,.035,.035,.035,.035, 324
03/02/2020,05:41,.035,.035,.035,.035, 125
03/02/2020,05:42,.035,.035,.035,.035, 66
03/02/2020,05:42,.035,.035,.035,.035, 334
03/02/2020,05:48,.035,.035,.035,.035, 426
03/02/2020,05:54,.035,.035,.035,.035, 79
03/02/2020,05:55,.035,.035,.035,.035, 68
03/02/2020,05:56,.035,.035,.035,.035, 442
03/02/2020,06:01,.035,.035,.035,.035, 501
03/02/2020,06:08,.035,.035,.035,.035, 193
03/02/2020,06:10,.035,.035,.035,.035, 581
03/02/2020,06:15,.035,.035,.035,.035, 605
03/02/2020,06:16,.035,.035,.035,.035, 2603
03/04/2020,00:33,.034,.034,.034,.034, 30000
03/04/2020,00:46,.035,.035,.035,.035, 175
03/05/2020,04:35,.033,.033,.033,.033, 6284
03/05/2020,04:35,.033,.033,.033,.033, 8835
03/09/2020,05:20,.033,.033,.033,.033, 14881
03/09/2020,06:14,.033,.033,.033,.033, 1729
03/10/2020,01:22,.032,.032,.032,.032, 49428
03/10/2020,01:33,.031,.031,.031,.031, 16000
03/11/2020,01:20,.031,.031,.031,.031, 87500
03/11/2020,01:28,.031,.031,.031,.031, 12632
03/11/2020,03:05,.031,.031,.031,.031, 58114
03/12/2020,05:01,.03,.03,.03,.03, 50000
03/12/2020,05:08,.026,.026,.026,.026, 1500000
03/12/2020,05:09,.025,.025,.025,.025, 2000000
03/17/2020,05:03,.024,.024,.024,.024, 2000
03/19/2020,01:08,.029,.029,.025,.025, 62500
03/23/2020,01:52,.025,.025,.025,.025, 15064
03/25/2020,04:04,.025,.025,.025,.025, 20633
03/26/2020,05:39,.03,.03,.03,.03, 19505
03/26/2020,06:13,.03,.03,.03,.03, 36000
03/27/2020,03:15,.025,.025,.025,.025, 1000
03/30/2020,01:30,.029,.029,.029,.029, 33794
03/30/2020,01:36,.025,.025,.025,.025, 320000

