02/03/2020,15:31,1.35,1.35,1.35,1.35, 279
02/03/2020,16:23,1.35,1.35,1.35,1.35, 100
02/03/2020,17:02,1.335,1.335,1.335,1.335, 100
02/03/2020,17:14,1.35,1.35,1.35,1.35, 100
02/03/2020,18:35,1.34,1.34,1.34,1.34, 100
02/03/2020,19:50,1.34,1.34,1.34,1.34, 100
02/03/2020,21:12,1.34,1.34,1.34,1.34, 100
02/03/2020,21:21,1.33,1.33,1.33,1.33, 2092
02/03/2020,21:24,1.33,1.33,1.33,1.33, 1500
02/03/2020,21:34,1.34,1.34,1.34,1.34, 100
02/03/2020,22:01,1.33,1.33,1.33,1.33, 1350
02/04/2020,20:02,1.346,1.346,1.34,1.34, 2050
02/05/2020,15:55,1.34,1.354,1.34,1.354, 596
02/05/2020,20:45,1.36,1.36,1.36,1.36, 1000
02/06/2020,15:55,1.35,1.355,1.35,1.355, 1000
02/06/2020,18:51,1.372,1.372,1.372,1.372, 1000
02/06/2020,19:20,1.368,1.368,1.368,1.368, 150
02/06/2020,21:53,1.338,1.338,1.338,1.338, 500
02/06/2020,21:57,1.34,1.34,1.34,1.34, 500
02/11/2020,15:31,1.34,1.34,1.34,1.34, 1058
02/11/2020,15:50,1.35,1.35,1.35,1.35, 4000
02/11/2020,18:29,1.36,1.36,1.36,1.36, 190
02/11/2020,18:37,1.357,1.357,1.357,1.357, 800
02/11/2020,18:39,1.36,1.36,1.36,1.36, 376
02/11/2020,19:33,1.35,1.35,1.35,1.35, 100
02/11/2020,20:48,1.35,1.35,1.35,1.35, 4092
02/12/2020,15:31,1.3,1.3,1.3,1.3, 100
02/12/2020,17:51,1.35,1.35,1.35,1.35, 100
02/12/2020,18:48,1.32,1.325,1.32,1.325, 3808
02/12/2020,18:50,1.31,1.316,1.31,1.316, 2600
02/12/2020,18:52,1.31,1.31,1.31,1.31, 145
02/12/2020,18:55,1.3,1.3,1.3,1.3, 10898
02/12/2020,21:53,1.34,1.345,1.34,1.345, 1100
02/12/2020,21:54,1.35,1.35,1.35,1.35, 1300
02/12/2020,21:58,1.355,1.355,1.35,1.35, 300
02/13/2020,19:03,1.3,1.3,1.3,1.3, 1300
02/13/2020,19:08,1.29,1.295,1.29,1.295, 922
02/13/2020,19:12,1.287,1.29,1.287,1.29, 300
02/13/2020,19:13,1.287,1.29,1.287,1.29, 600
02/13/2020,19:49,1.294,1.294,1.294,1.294, 100
02/13/2020,20:02,1.3,1.3,1.3,1.3, 100
02/13/2020,20:35,1.295,1.295,1.295,1.295, 500
02/13/2020,21:08,1.299,1.3,1.299,1.3, 6000
02/13/2020,21:32,1.3,1.3,1.3,1.3, 1200
02/14/2020,18:30,1.315,1.315,1.315,1.315, 101
02/14/2020,21:28,1.313,1.313,1.313,1.313, 1100
02/14/2020,22:01,1.33,1.33,1.33,1.33, 172
02/18/2020,17:44,1.32,1.339,1.31,1.339, 1958
02/18/2020,20:00,1.33,1.33,1.33,1.33, 400
02/18/2020,21:07,1.31,1.31,1.25,1.25, 3271
02/18/2020,21:17,1.27,1.27,1.27,1.27, 100
02/19/2020,15:31,1.27,1.27,1.27,1.27, 1500
02/19/2020,15:46,1.33,1.33,1.33,1.33, 140
02/19/2020,15:50,1.33,1.33,1.33,1.33, 100
02/19/2020,16:20,1.317,1.32,1.316,1.32, 1000
02/19/2020,20:13,1.28,1.28,1.28,1.28, 310
02/19/2020,20:19,1.27,1.27,1.27,1.27, 100
02/19/2020,20:45,1.25,1.25,1.25,1.25, 100
02/19/2020,20:54,1.25,1.25,1.25,1.25, 100
02/19/2020,21:03,1.251,1.251,1.23,1.23, 10100
02/19/2020,21:07,1.275,1.275,1.275,1.275, 100
02/19/2020,21:08,1.28,1.28,1.28,1.28, 100
02/19/2020,21:17,1.28,1.28,1.28,1.28, 100
02/19/2020,21:18,1.24,1.24,1.24,1.24, 100
02/19/2020,21:21,1.24,1.24,1.24,1.24, 100
02/19/2020,21:27,1.24,1.24,1.24,1.24, 100
02/19/2020,21:28,1.24,1.24,1.24,1.24, 100
02/19/2020,21:51,1.24,1.24,1.24,1.24, 100
02/19/2020,21:56,1.25,1.25,1.25,1.25, 100
02/19/2020,22:01,1.25,1.25,1.25,1.25, 216
02/20/2020,15:31,1.29,1.29,1.29,1.29, 200
02/20/2020,16:58,1.3,1.3,1.3,1.3, 100
02/20/2020,17:03,1.29,1.29,1.29,1.29, 300
02/20/2020,18:38,1.29,1.29,1.29,1.29, 1500
02/20/2020,18:58,1.292,1.292,1.292,1.292, 500
02/20/2020,20:33,1.28,1.28,1.28,1.28, 100
02/20/2020,20:34,1.28,1.28,1.28,1.28, 100
02/20/2020,20:40,1.294,1.294,1.294,1.294, 200
02/20/2020,21:27,1.3,1.3,1.3,1.3, 100
02/21/2020,18:01,1.3,1.3,1.3,1.3, 290
02/21/2020,21:25,1.26,1.293,1.25,1.293, 1000
02/24/2020,16:28,1.257,1.257,1.257,1.257, 180
02/24/2020,16:48,1.31,1.31,1.31,1.31, 150
02/24/2020,19:07,1.24,1.241,1.23,1.23, 300
02/24/2020,19:17,1.235,1.26,1.235,1.24, 822
02/24/2020,21:26,1.24,1.24,1.24,1.24, 400
02/24/2020,21:53,1.235,1.235,1.235,1.235, 400
02/24/2020,21:59,1.239,1.24,1.237,1.24, 570
02/24/2020,22:00,1.24,1.24,1.24,1.24, 200
02/24/2020,22:00,1.24,1.24,1.237,1.24, 300
02/25/2020,21:15,1.27,1.27,1.27,1.27, 600
02/25/2020,21:28,1.27,1.27,1.25,1.25, 1100
02/25/2020,21:31,1.25,1.25,1.25,1.25, 500
02/25/2020,21:41,1.235,1.235,1.21,1.21, 825
02/25/2020,21:43,1.207,1.207,1.207,1.207, 200
02/25/2020,21:44,1.21,1.21,1.21,1.21, 300
02/25/2020,21:47,1.21,1.21,1.21,1.21, 500
02/26/2020,16:44,1.226,1.226,1.226,1.226, 265
02/26/2020,18:33,1.237,1.237,1.237,1.237, 100
02/28/2020,16:13,1.247,1.247,1.247,1.247, 1500
02/28/2020,18:08,1.25,1.25,1.25,1.25, 496
02/28/2020,19:39,1.25,1.25,1.25,1.25, 2800
02/28/2020,21:03,1.245,1.245,1.245,1.245, 500
02/28/2020,21:05,1.23,1.23,1.23,1.23, 496

