01/02/2020,15:31,.239,.239,.239,.239, 673
01/02/2020,15:31,.24,.24,.24,.24, 20100
01/02/2020,15:32,.24,.24,.24,.24, 23000
01/02/2020,15:34,.239,.24,.239,.24, 15942
01/02/2020,15:34,.244,.244,.244,.244, 700
01/02/2020,15:35,.245,.245,.245,.245, 2000
01/02/2020,15:39,.244,.244,.244,.244, 3421
01/02/2020,15:39,.244,.245,.244,.245, 6100
01/02/2020,15:40,.245,.245,.245,.245, 6284
01/02/2020,15:41,.245,.245,.245,.245, 2684
01/02/2020,15:45,.245,.245,.245,.245, 3400
01/02/2020,15:47,.239,.244,.238,.244, 10900
01/02/2020,15:48,.238,.244,.238,.239, 10690
01/02/2020,15:50,.241,.244,.238,.239, 4263
01/02/2020,15:52,.241,.241,.241,.241, 200
01/02/2020,15:55,.238,.238,.238,.238, 690
01/02/2020,15:58,.241,.241,.241,.241, 600
01/02/2020,16:00,.243,.243,.24,.24, 400
01/02/2020,16:03,.244,.244,.244,.244, 200
01/02/2020,16:07,.245,.245,.245,.245, 20600
01/02/2020,16:07,.245,.245,.242,.242, 400
01/02/2020,16:08,.244,.244,.244,.244, 100
01/02/2020,16:09,.245,.245,.245,.245, 100
01/02/2020,16:10,.245,.245,.245,.245, 2200
01/02/2020,16:12,.245,.245,.245,.245, 100
01/02/2020,16:13,.245,.245,.24,.24, 600
01/02/2020,16:13,.245,.245,.245,.245, 100
01/02/2020,16:15,.245,.245,.24,.24, 900
01/02/2020,16:16,.245,.245,.245,.245, 200
01/02/2020,16:17,.243,.243,.243,.243, 100
01/02/2020,16:18,.243,.243,.243,.243, 100
01/02/2020,16:19,.243,.243,.243,.243, 100
01/02/2020,16:21,.243,.243,.24,.243, 5500
01/02/2020,16:21,.243,.243,.243,.243, 100
01/02/2020,16:22,.242,.242,.242,.242, 200
01/02/2020,16:25,.243,.243,.243,.243, 9300
01/02/2020,16:27,.243,.243,.243,.243, 1200
01/02/2020,16:28,.242,.242,.242,.242, 100
01/02/2020,16:31,.243,.243,.241,.241, 2850
01/02/2020,16:33,.243,.243,.243,.243, 100
01/02/2020,16:34,.242,.242,.242,.242, 100
01/02/2020,16:38,.243,.243,.243,.243, 100
01/02/2020,16:40,.243,.243,.243,.243, 100
01/02/2020,16:43,.243,.243,.242,.243, 3192
01/02/2020,16:43,.243,.243,.24,.242, 600
01/02/2020,16:48,.243,.243,.243,.243, 500
01/02/2020,16:49,.241,.241,.241,.241, 100
01/02/2020,16:50,.243,.243,.243,.243, 400
01/02/2020,16:53,.243,.243,.243,.243, 100
01/02/2020,16:57,.242,.242,.242,.242, 100
01/02/2020,17:00,.243,.243,.243,.243, 100
01/02/2020,17:02,.242,.242,.242,.242, 100
01/02/2020,17:07,.241,.243,.241,.242, 2363
01/02/2020,17:12,.242,.242,.242,.242, 100
01/02/2020,17:16,.243,.243,.243,.243, 100
01/02/2020,17:17,.243,.243,.243,.243, 100
01/02/2020,17:18,.243,.243,.242,.242, 400
01/02/2020,17:19,.243,.243,.243,.243, 100
01/02/2020,17:21,.243,.243,.243,.243, 100
01/02/2020,17:22,.245,.245,.245,.245, 100
01/02/2020,17:28,.243,.243,.243,.243, 100
01/02/2020,17:30,.241,.245,.241,.243, 500
01/02/2020,17:39,.245,.245,.245,.245, 100
01/02/2020,17:42,.245,.245,.245,.245, 1700
01/02/2020,17:46,.243,.243,.243,.243, 100
01/02/2020,17:47,.243,.243,.24,.241, 5116
01/02/2020,17:50,.245,.245,.245,.245, 100
01/02/2020,17:51,.245,.245,.243,.243, 200
01/02/2020,17:52,.243,.243,.243,.243, 100
01/02/2020,17:53,.242,.243,.242,.243, 450
01/02/2020,17:54,.243,.243,.243,.243, 100
01/02/2020,17:56,.245,.245,.245,.245, 100
01/02/2020,17:57,.243,.245,.243,.245, 200
01/02/2020,17:58,.245,.245,.245,.245, 100
01/02/2020,18:00,.245,.245,.241,.245, 2300
01/02/2020,18:01,.245,.245,.245,.245, 200
01/02/2020,18:01,.243,.243,.243,.243, 100
01/02/2020,18:03,.245,.245,.245,.245, 100
01/02/2020,18:04,.245,.245,.245,.245, 100
01/02/2020,18:05,.245,.245,.245,.245, 100
01/02/2020,18:06,.245,.245,.245,.245, 500
01/02/2020,18:07,.245,.245,.245,.245, 100
01/02/2020,18:08,.245,.245,.241,.245, 8700
01/02/2020,18:09,.245,.245,.245,.245, 100
01/02/2020,18:10,.241,.245,.241,.245, 1520
01/02/2020,18:11,.245,.245,.245,.245, 100
01/02/2020,18:12,.245,.245,.245,.245, 100
01/02/2020,18:13,.242,.245,.242,.245, 500
01/02/2020,18:14,.242,.245,.242,.245, 200
01/02/2020,18:15,.245,.245,.245,.245, 100
01/02/2020,18:16,.245,.245,.245,.245, 100
01/02/2020,18:17,.245,.245,.245,.245, 100
01/02/2020,18:18,.245,.245,.245,.245, 100
01/02/2020,18:19,.245,.245,.245,.245, 100
01/02/2020,18:20,.245,.245,.245,.245, 100
01/02/2020,18:22,.245,.245,.245,.245, 100
01/02/2020,18:23,.245,.245,.245,.245, 100
01/02/2020,18:24,.245,.245,.245,.245, 200
01/02/2020,18:25,.245,.245,.245,.245, 23990
01/02/2020,18:26,.245,.25,.244,.25, 184022
01/02/2020,18:26,.247,.247,.247,.247, 10000
01/02/2020,18:28,.248,.255,.248,.25, 51965
01/02/2020,18:30,.25,.255,.25,.25, 88543
01/02/2020,18:31,.247,.255,.247,.255, 20217
01/02/2020,18:36,.252,.252,.25,.25, 400
01/02/2020,18:37,.25,.25,.25,.25, 100
01/02/2020,18:37,.25,.25,.25,.25, 100
01/02/2020,18:39,.25,.25,.25,.25, 200
01/02/2020,18:40,.25,.25,.249,.25, 3700
01/02/2020,18:40,.25,.25,.25,.25, 100
01/02/2020,18:42,.25,.25,.25,.25, 300
01/02/2020,18:43,.246,.246,.246,.246, 1001
01/02/2020,18:45,.248,.25,.248,.25, 6000
01/02/2020,18:48,.249,.249,.249,.249, 2000
01/02/2020,18:50,.246,.246,.246,.246, 3000
01/02/2020,18:51,.25,.25,.25,.25, 16590
01/02/2020,18:53,.25,.25,.249,.249, 2378
01/02/2020,19:03,.248,.248,.248,.248, 400
01/02/2020,19:09,.252,.252,.25,.252, 7100
01/02/2020,19:10,.252,.255,.251,.255, 63701
01/02/2020,19:11,.255,.259,.255,.259, 22290
01/02/2020,19:12,.255,.259,.255,.259, 13100
01/02/2020,19:13,.259,.268,.255,.262, 47027
01/02/2020,19:14,.262,.268,.262,.268, 64291
01/02/2020,19:15,.262,.268,.262,.266, 6800
01/02/2020,19:16,.268,.268,.264,.264, 72867
01/02/2020,19:17,.264,.264,.264,.264, 660
01/02/2020,19:18,.265,.265,.265,.265, 9600
01/02/2020,19:19,.265,.267,.265,.267, 7079
01/02/2020,19:19,.267,.267,.266,.266, 4200
01/02/2020,19:21,.266,.267,.266,.267, 6106
01/02/2020,19:22,.267,.268,.267,.268, 500
01/02/2020,19:23,.268,.268,.267,.267, 3200
01/02/2020,19:24,.268,.268,.268,.268, 200
01/02/2020,19:25,.269,.269,.268,.269, 2900
01/02/2020,19:26,.269,.269,.268,.268, 6430
01/02/2020,19:27,.268,.268,.268,.268, 9350
01/02/2020,19:28,.269,.269,.269,.269, 1800
01/02/2020,19:29,.268,.269,.268,.269, 12100
01/02/2020,19:30,.268,.268,.268,.268, 9000
01/02/2020,19:31,.269,.269,.269,.269, 2950
01/02/2020,19:33,.269,.269,.268,.269, 11200
01/02/2020,19:34,.269,.269,.269,.269, 720
01/02/2020,19:35,.269,.269,.269,.269, 6410
01/02/2020,19:36,.269,.269,.269,.269, 200
01/02/2020,19:37,.269,.269,.269,.269, 27200
01/02/2020,19:38,.269,.28,.269,.276, 45950
01/02/2020,19:39,.273,.274,.273,.273, 8936
01/02/2020,19:40,.273,.273,.273,.273, 3000
01/02/2020,19:41,.28,.28,.278,.279, 27264
01/02/2020,19:42,.279,.28,.27,.272, 37462
01/02/2020,19:43,.272,.272,.27,.27, 7100
01/02/2020,19:43,.271,.273,.271,.273, 500
01/02/2020,19:45,.27,.272,.27,.272, 1645
01/02/2020,19:45,.272,.275,.27,.275, 26512
01/02/2020,19:48,.273,.279,.272,.272, 11160
01/02/2020,19:49,.28,.28,.275,.275, 4220
01/02/2020,19:50,.28,.28,.276,.276, 9340
01/02/2020,19:51,.276,.28,.276,.277, 25892
01/02/2020,19:52,.27,.276,.27,.275, 9083
01/02/2020,19:53,.275,.275,.27,.273, 28163
01/02/2020,19:53,.272,.272,.271,.271, 1550
01/02/2020,19:55,.272,.272,.271,.271, 2700
01/02/2020,19:56,.271,.28,.27,.274, 43040
01/02/2020,19:57,.274,.274,.274,.274, 8000
01/02/2020,19:58,.274,.274,.274,.274, 3700
01/02/2020,19:59,.274,.275,.273,.274, 900
01/02/2020,19:59,.273,.273,.27,.273, 3594
01/02/2020,20:01,.263,.267,.263,.267, 26600
01/02/2020,20:02,.265,.267,.26,.261, 23000
01/02/2020,20:03,.26,.26,.26,.26, 2451
01/02/2020,20:05,.261,.262,.26,.261, 26900
01/02/2020,20:06,.262,.262,.261,.262, 2898
01/02/2020,20:06,.262,.262,.262,.262, 1200
01/02/2020,20:08,.262,.262,.262,.262, 1200
01/02/2020,20:08,.262,.27,.262,.264, 12400
01/02/2020,20:10,.262,.27,.262,.27, 10300
01/02/2020,20:11,.27,.27,.264,.266, 7200
01/02/2020,20:11,.269,.269,.269,.269, 380
01/02/2020,20:12,.269,.269,.269,.269, 2000
01/02/2020,20:14,.267,.267,.267,.267, 900
01/02/2020,20:15,.266,.266,.265,.265, 7190
01/02/2020,20:16,.265,.265,.265,.265, 15000
01/02/2020,20:17,.265,.265,.265,.265, 24900
01/02/2020,20:18,.265,.265,.265,.265, 9082
01/02/2020,20:18,.265,.265,.265,.265, 856
01/02/2020,20:19,.265,.27,.265,.27, 11200
01/02/2020,20:20,.266,.266,.266,.266, 400
01/02/2020,20:24,.265,.265,.265,.265, 1000
01/02/2020,20:29,.265,.265,.265,.265, 100
01/02/2020,20:29,.265,.265,.265,.265, 100
01/02/2020,20:33,.265,.265,.265,.265, 775
01/02/2020,20:33,.265,.265,.265,.265, 2662
01/02/2020,20:35,.265,.265,.265,.265, 500
01/02/2020,20:37,.265,.265,.265,.265, 364
01/02/2020,20:37,.265,.265,.265,.265, 628
01/02/2020,20:38,.265,.265,.265,.265, 300
01/02/2020,20:46,.265,.265,.265,.265, 4200
01/02/2020,20:48,.265,.265,.265,.265, 100
01/02/2020,20:51,.265,.265,.265,.265, 2100
01/02/2020,20:54,.265,.265,.265,.265, 125
01/02/2020,20:56,.265,.265,.265,.265, 28940
01/02/2020,20:58,.265,.265,.265,.265, 10226
01/02/2020,20:59,.265,.265,.265,.265, 100
01/02/2020,21:00,.265,.265,.265,.265, 11100
01/02/2020,21:02,.265,.265,.265,.265, 100
01/02/2020,21:05,.265,.265,.26,.26, 15651
01/02/2020,21:07,.26,.265,.26,.265, 200
01/02/2020,21:08,.26,.26,.26,.26, 100
01/02/2020,21:10,.26,.26,.26,.26, 100
01/02/2020,21:14,.265,.265,.265,.265, 100
01/02/2020,21:16,.26,.26,.26,.26, 400
01/02/2020,21:22,.26,.265,.26,.265, 25150
01/02/2020,21:25,.26,.26,.26,.26, 4700
01/02/2020,21:29,.256,.256,.256,.256, 100
01/02/2020,21:37,.26,.26,.26,.26, 10000
01/02/2020,21:38,.251,.251,.251,.251, 1000
01/02/2020,21:40,.26,.26,.26,.26, 20000
01/02/2020,21:44,.26,.26,.26,.26, 2000
01/02/2020,21:46,.26,.26,.26,.26, 800
01/02/2020,21:49,.259,.259,.255,.255, 2500
01/02/2020,21:53,.259,.259,.259,.259, 500
01/02/2020,21:57,.25,.251,.25,.25, 1141
01/02/2020,21:58,.253,.253,.253,.253, 750
01/02/2020,22:00,.259,.259,.259,.259, 2800
01/03/2020,15:31,.274,.274,.258,.258, 22813
01/03/2020,15:34,.253,.253,.253,.253, 1660
01/03/2020,15:37,.254,.254,.254,.254, 115
01/03/2020,15:38,.257,.257,.257,.257, 100
01/03/2020,15:39,.256,.256,.256,.256, 500
01/03/2020,15:40,.253,.253,.253,.253, 4000
01/03/2020,15:47,.257,.257,.257,.257, 100
01/03/2020,15:49,.253,.253,.253,.253, 100
01/03/2020,15:52,.253,.253,.253,.253, 4240
01/03/2020,15:54,.253,.253,.253,.253, 4082
01/03/2020,16:00,.253,.253,.253,.253, 10000
01/03/2020,16:02,.253,.253,.25,.25, 1695
01/03/2020,16:16,.253,.253,.253,.253, 100
01/03/2020,16:16,.251,.251,.251,.251, 200
01/03/2020,16:17,.253,.253,.253,.253, 100
01/03/2020,16:18,.253,.253,.253,.253, 700
01/03/2020,16:20,.25,.253,.25,.25, 5700
01/03/2020,16:21,.253,.253,.253,.253, 100
01/03/2020,16:21,.253,.253,.253,.253, 1000
01/03/2020,16:22,.253,.253,.253,.253, 100
01/03/2020,16:23,.253,.253,.253,.253, 100
01/03/2020,16:25,.26,.26,.26,.26, 100
01/03/2020,16:26,.25,.26,.25,.26, 200
01/03/2020,16:27,.26,.26,.26,.26, 100
01/03/2020,16:28,.259,.259,.259,.259, 100
01/03/2020,16:30,.259,.259,.259,.259, 100
01/03/2020,16:31,.259,.259,.259,.259, 100
01/03/2020,16:32,.259,.259,.259,.259, 100
01/03/2020,16:33,.259,.259,.252,.252, 466
01/03/2020,16:35,.258,.259,.258,.259, 200
01/03/2020,16:37,.259,.259,.253,.253, 200
01/03/2020,16:37,.259,.259,.259,.259, 100
01/03/2020,16:38,.259,.259,.259,.259, 100
01/03/2020,16:41,.253,.259,.253,.259, 200
01/03/2020,16:41,.253,.253,.253,.253, 100
01/03/2020,16:42,.259,.259,.259,.259, 100
01/03/2020,16:43,.259,.259,.258,.258, 400
01/03/2020,16:45,.259,.259,.259,.259, 100
01/03/2020,16:46,.259,.259,.259,.259, 100
01/03/2020,16:47,.259,.259,.259,.259, 100
01/03/2020,16:48,.259,.259,.259,.259, 100
01/03/2020,16:50,.259,.259,.259,.259, 100
01/03/2020,16:51,.253,.259,.253,.259, 350
01/03/2020,16:52,.259,.259,.259,.259, 100
01/03/2020,16:53,.259,.259,.259,.259, 100
01/03/2020,16:55,.259,.259,.259,.259, 100
01/03/2020,16:56,.259,.259,.259,.259, 100
01/03/2020,16:56,.259,.259,.259,.259, 5000
01/03/2020,16:57,.259,.259,.259,.259, 100
01/03/2020,16:58,.259,.259,.259,.259, 100
01/03/2020,17:00,.259,.259,.259,.259, 100
01/03/2020,17:01,.259,.259,.259,.259, 200
01/03/2020,17:02,.259,.259,.253,.253, 300
01/03/2020,17:03,.259,.259,.259,.259, 100
01/03/2020,17:05,.259,.259,.259,.259, 100
01/03/2020,17:06,.255,.255,.255,.255, 100
01/03/2020,17:06,.254,.254,.254,.254, 600
01/03/2020,17:07,.255,.255,.255,.255, 100
01/03/2020,17:08,.255,.255,.255,.255, 100
01/03/2020,17:10,.255,.255,.255,.255, 100
01/03/2020,17:11,.253,.255,.253,.255, 2100
01/03/2020,17:12,.255,.255,.255,.255, 100
01/03/2020,17:14,.255,.255,.255,.255, 200
01/03/2020,17:15,.255,.255,.255,.255, 350
01/03/2020,17:16,.254,.254,.254,.254, 100
01/03/2020,17:17,.254,.254,.254,.254, 100
01/03/2020,17:18,.254,.254,.254,.254, 100
01/03/2020,17:20,.254,.254,.254,.254, 100
01/03/2020,17:21,.253,.254,.253,.254, 200
01/03/2020,17:21,.253,.253,.252,.252, 8390
01/03/2020,17:22,.254,.254,.252,.252, 600
01/03/2020,17:23,.254,.254,.254,.254, 100
01/03/2020,17:25,.254,.254,.254,.254, 100
01/03/2020,17:26,.254,.254,.254,.254, 100
01/03/2020,17:27,.254,.254,.254,.254, 100
01/03/2020,17:28,.252,.254,.252,.254, 1100
01/03/2020,17:30,.254,.254,.252,.252, 200
01/03/2020,17:31,.252,.252,.252,.252, 1400
01/03/2020,17:32,.252,.252,.252,.252, 100
01/03/2020,17:34,.252,.252,.252,.252, 1100
01/03/2020,17:35,.252,.252,.252,.252, 100
01/03/2020,17:36,.252,.252,.252,.252, 100
01/03/2020,17:37,.252,.252,.252,.252, 100
01/03/2020,17:39,.252,.252,.252,.252, 200
01/03/2020,17:40,.252,.252,.252,.252, 200
01/03/2020,17:41,.252,.252,.252,.252, 100
01/03/2020,17:41,.252,.252,.252,.252, 100
01/03/2020,17:42,.252,.252,.252,.252, 200
01/03/2020,17:43,.252,.252,.252,.252, 100
01/03/2020,17:45,.252,.252,.252,.252, 100
01/03/2020,17:46,.252,.252,.252,.252, 100
01/03/2020,17:47,.252,.252,.252,.252, 1904
01/03/2020,17:48,.252,.252,.252,.252, 100
01/03/2020,17:50,.252,.252,.252,.252, 100
01/03/2020,17:51,.252,.253,.252,.253, 316
01/03/2020,17:51,.252,.252,.252,.252, 100
01/03/2020,17:52,.253,.253,.253,.253, 100
01/03/2020,17:53,.252,.252,.252,.252, 100
01/03/2020,17:55,.252,.252,.252,.252, 100
01/03/2020,17:56,.252,.252,.252,.252, 100
01/03/2020,17:58,.252,.252,.252,.252, 200
01/03/2020,17:58,.252,.252,.252,.252, 2100
01/03/2020,18:00,.252,.252,.252,.252, 100
01/03/2020,18:01,.251,.251,.251,.251, 1800
01/03/2020,18:01,.252,.252,.252,.252, 900
01/03/2020,18:02,.254,.254,.254,.254, 100
01/03/2020,18:03,.254,.254,.254,.254, 100
01/03/2020,18:05,.254,.254,.254,.254, 100
01/03/2020,18:06,.254,.254,.254,.254, 100
01/03/2020,18:07,.254,.254,.254,.254, 100
01/03/2020,18:08,.254,.254,.254,.254, 109
01/03/2020,18:17,.251,.251,.251,.251, 200
01/03/2020,18:27,.254,.254,.254,.254, 1480
01/03/2020,18:28,.254,.254,.254,.254, 200
01/03/2020,18:28,.251,.251,.251,.251, 100
01/03/2020,18:29,.251,.251,.251,.251, 100
01/03/2020,18:32,.251,.251,.251,.251, 300
01/03/2020,18:42,.251,.251,.251,.251, 700
01/03/2020,18:44,.252,.252,.252,.252, 246
01/03/2020,18:52,.253,.254,.253,.254, 400
01/03/2020,18:52,.254,.254,.253,.253, 4945
01/03/2020,18:54,.253,.253,.253,.253, 100
01/03/2020,18:56,.253,.253,.253,.253, 100
01/03/2020,19:00,.253,.253,.252,.252, 600
01/03/2020,19:01,.252,.252,.252,.252, 100
01/03/2020,19:12,.251,.251,.251,.251, 200
01/03/2020,19:13,.251,.252,.251,.252, 200
01/03/2020,19:24,.251,.251,.251,.251, 200
01/03/2020,19:33,.252,.252,.252,.252, 240
01/03/2020,19:50,.253,.253,.253,.253, 500
01/03/2020,19:54,.252,.252,.252,.252, 1380
01/03/2020,19:57,.253,.253,.253,.253, 400
01/03/2020,20:03,.251,.251,.251,.251, 200
01/03/2020,20:08,.25,.25,.25,.25, 200
01/03/2020,20:14,.251,.251,.251,.251, 2500
01/03/2020,20:17,.251,.251,.25,.251, 860
01/03/2020,20:34,.251,.251,.251,.251, 100
01/03/2020,20:35,.251,.251,.251,.251, 250
01/03/2020,20:44,.251,.251,.251,.251, 400
01/03/2020,20:49,.25,.25,.25,.25, 100
01/03/2020,20:55,.25,.25,.25,.25, 550
01/03/2020,20:55,.251,.251,.251,.251, 100
01/03/2020,20:58,.251,.251,.251,.251, 100
01/03/2020,21:02,.251,.251,.251,.251, 100
01/03/2020,21:04,.25,.25,.25,.25, 1100
01/03/2020,21:05,.25,.25,.25,.25, 100
01/03/2020,21:11,.25,.25,.25,.25, 3200
01/03/2020,21:13,.251,.251,.251,.251, 100
01/03/2020,21:14,.25,.25,.25,.25, 1400
01/03/2020,21:18,.251,.251,.25,.25, 300
01/03/2020,21:21,.25,.25,.25,.25, 100
01/03/2020,21:22,.25,.25,.25,.25, 1500
01/03/2020,21:22,.25,.25,.25,.25, 2605
01/03/2020,21:32,.25,.25,.25,.25, 200
01/03/2020,21:33,.251,.251,.251,.251, 786
01/03/2020,21:34,.251,.251,.251,.251, 9497
01/03/2020,21:36,.251,.251,.251,.251, 1059
01/03/2020,21:37,.251,.251,.251,.251, 300
01/03/2020,21:38,.251,.251,.251,.251, 500
01/03/2020,21:41,.251,.251,.251,.251, 4600
01/03/2020,21:41,.251,.251,.251,.251, 1700
01/03/2020,21:46,.251,.251,.251,.251, 100
01/03/2020,21:50,.251,.251,.251,.251, 1800
01/03/2020,21:54,.251,.251,.251,.251, 8050
01/03/2020,21:54,.251,.251,.251,.251, 1923
01/03/2020,21:56,.251,.251,.251,.251, 400
01/03/2020,21:57,.251,.251,.251,.251, 6318
01/03/2020,21:58,.251,.251,.25,.25, 400
01/03/2020,21:59,.251,.252,.251,.251, 3000
01/03/2020,22:00,.251,.252,.251,.252, 2575
01/03/2020,22:00,.251,.251,.251,.251, 1000
01/03/2020,22:01,.25,.25,.25,.25, 5860
01/06/2020,15:31,.25,.25,.25,.25, 27293
01/06/2020,15:38,.25,.25,.25,.25, 100
01/06/2020,15:47,.25,.25,.25,.25, 100
01/06/2020,15:48,.254,.254,.249,.249, 479
01/06/2020,15:55,.245,.245,.245,.245, 159
01/06/2020,15:55,.247,.248,.247,.248, 200
01/06/2020,15:58,.247,.247,.247,.247, 8500
01/06/2020,16:00,.248,.252,.248,.252, 7700
01/06/2020,16:18,.255,.255,.255,.255, 2000
01/06/2020,16:20,.25,.25,.25,.25, 100
01/06/2020,16:26,.251,.251,.251,.251, 200
01/06/2020,16:34,.25,.25,.25,.25, 407
01/06/2020,16:35,.25,.25,.25,.25, 200
01/06/2020,16:41,.255,.255,.25,.25, 11400
01/06/2020,16:55,.251,.251,.251,.251, 2600
01/06/2020,16:56,.254,.254,.251,.251, 300
01/06/2020,16:58,.255,.255,.251,.251, 1800
01/06/2020,17:08,.255,.255,.253,.254, 18900
01/06/2020,17:11,.255,.255,.255,.255, 100
01/06/2020,17:11,.254,.254,.254,.254, 200
01/06/2020,17:15,.251,.255,.25,.25, 14180
01/06/2020,17:16,.253,.255,.25,.25, 18400
01/06/2020,17:23,.25,.25,.25,.25, 200
01/06/2020,17:31,.25,.255,.25,.255, 5101
01/06/2020,17:33,.25,.25,.25,.25, 100
01/06/2020,17:34,.25,.25,.25,.25, 200
01/06/2020,17:39,.25,.255,.25,.255, 2200
01/06/2020,17:39,.251,.251,.251,.251, 518
01/06/2020,17:46,.25,.25,.25,.25, 100
01/06/2020,17:53,.25,.25,.25,.25, 5000
01/06/2020,17:57,.255,.255,.255,.255, 300
01/06/2020,17:58,.252,.252,.252,.252, 500
01/06/2020,18:01,.25,.25,.25,.25, 200
01/06/2020,18:02,.25,.25,.25,.25, 100
01/06/2020,18:03,.25,.25,.25,.25, 100
01/06/2020,18:04,.25,.25,.25,.25, 10000
01/06/2020,18:08,.25,.25,.25,.25, 100
01/06/2020,18:11,.25,.25,.25,.25, 100
01/06/2020,18:13,.253,.253,.253,.253, 1600
01/06/2020,18:14,.253,.253,.253,.253, 1150
01/06/2020,18:16,.251,.251,.251,.251, 600
01/06/2020,18:16,.25,.25,.25,.25, 800
01/06/2020,18:23,.25,.25,.25,.25, 150
01/06/2020,18:25,.25,.25,.25,.25, 200
01/06/2020,18:35,.25,.25,.25,.25, 200
01/06/2020,18:42,.25,.25,.25,.25, 300
01/06/2020,18:45,.25,.25,.249,.249, 22600
01/06/2020,18:46,.249,.249,.248,.248, 1703
01/06/2020,18:54,.249,.249,.249,.249, 1000
01/06/2020,18:55,.249,.249,.249,.249, 100
01/06/2020,19:01,.249,.249,.249,.249, 220
01/06/2020,19:02,.248,.248,.248,.248, 20000
01/06/2020,19:04,.248,.249,.248,.248, 2698
01/06/2020,19:05,.249,.249,.249,.249, 8800
01/06/2020,19:14,.25,.25,.249,.249, 29902
01/06/2020,19:19,.25,.25,.25,.25, 119
01/06/2020,19:37,.249,.249,.249,.249, 200
01/06/2020,19:45,.25,.25,.25,.25, 100
01/06/2020,19:46,.25,.25,.25,.25, 130
01/06/2020,19:48,.25,.25,.25,.25, 206
01/06/2020,19:59,.249,.249,.249,.249, 200
01/06/2020,20:01,.25,.25,.25,.25, 1000
01/06/2020,20:43,.25,.25,.25,.25, 208
01/06/2020,21:06,.25,.25,.25,.25, 100
01/06/2020,21:16,.25,.25,.25,.25, 100
01/06/2020,21:17,.25,.25,.25,.25, 100
01/06/2020,21:23,.25,.25,.25,.25, 2902
01/06/2020,21:31,.249,.249,.249,.249, 200
01/06/2020,21:39,.249,.249,.249,.249, 1000
01/06/2020,21:42,.25,.25,.25,.25, 300
01/06/2020,21:47,.25,.25,.249,.249, 1100
01/06/2020,21:48,.25,.25,.25,.25, 5000
01/06/2020,21:48,.249,.249,.249,.249, 100
01/06/2020,21:50,.249,.249,.249,.249, 300
01/06/2020,21:52,.248,.248,.248,.248, 200
01/06/2020,21:54,.248,.248,.248,.248, 100
01/06/2020,21:56,.248,.248,.248,.248, 300
01/06/2020,21:59,.248,.248,.248,.248, 500
01/06/2020,22:00,.249,.249,.249,.249, 1000
01/07/2020,15:36,.248,.248,.248,.248, 100
01/07/2020,15:37,.245,.245,.245,.245, 100
01/07/2020,15:41,.245,.246,.245,.246, 1583
01/07/2020,15:42,.245,.245,.245,.245, 2000
01/07/2020,15:43,.245,.245,.245,.245, 400
01/07/2020,15:44,.249,.249,.249,.249, 850
01/07/2020,15:47,.245,.245,.245,.245, 1998
01/07/2020,15:49,.244,.244,.244,.244, 5000
01/07/2020,15:53,.241,.241,.241,.241, 1000
01/07/2020,15:58,.245,.245,.245,.245, 160
01/07/2020,16:00,.241,.241,.241,.241, 3905
01/07/2020,16:02,.241,.241,.24,.241, 1550
01/07/2020,16:11,.245,.245,.245,.245, 2630
01/07/2020,16:13,.244,.244,.244,.244, 250
01/07/2020,16:16,.244,.244,.244,.244, 1200
01/07/2020,16:26,.241,.241,.241,.241, 100
01/07/2020,16:35,.242,.242,.242,.242, 3000
01/07/2020,16:37,.242,.245,.242,.245, 5100
01/07/2020,16:37,.245,.245,.245,.245, 3500
01/07/2020,16:42,.241,.241,.241,.241, 200
01/07/2020,16:51,.245,.245,.245,.245, 3200
01/07/2020,16:55,.245,.245,.245,.245, 2000
01/07/2020,16:56,.241,.241,.241,.241, 100
01/07/2020,17:09,.245,.245,.244,.244, 400
01/07/2020,17:25,.244,.244,.244,.244, 100
01/07/2020,17:26,.244,.244,.244,.244, 100
01/07/2020,17:31,.244,.244,.244,.244, 400
01/07/2020,17:38,.245,.245,.245,.245, 100
01/07/2020,17:39,.245,.245,.245,.245, 200
01/07/2020,17:43,.245,.245,.245,.245, 100
01/07/2020,17:47,.245,.245,.245,.245, 150
01/07/2020,17:48,.244,.244,.244,.244, 100
01/07/2020,18:00,.245,.245,.245,.245, 4000
01/07/2020,18:17,.245,.245,.245,.245, 2250
01/07/2020,18:21,.244,.244,.244,.244, 1500
01/07/2020,18:37,.244,.244,.244,.244, 100
01/07/2020,19:09,.244,.244,.244,.244, 630
01/07/2020,19:12,.244,.244,.244,.244, 100
01/07/2020,19:28,.244,.244,.243,.243, 5700
01/07/2020,19:29,.241,.241,.241,.241, 100
01/07/2020,19:32,.241,.241,.241,.241, 100
01/07/2020,19:33,.241,.241,.241,.241, 100
01/07/2020,19:43,.245,.245,.245,.245, 500
01/07/2020,19:49,.245,.245,.245,.245, 500
01/07/2020,20:00,.241,.241,.241,.241, 100
01/07/2020,20:20,.243,.243,.243,.243, 100
01/07/2020,20:23,.241,.241,.241,.241, 500
01/07/2020,20:43,.242,.242,.242,.242, 103
01/07/2020,20:53,.242,.242,.242,.242, 200
01/07/2020,20:55,.241,.241,.241,.241, 100
01/07/2020,21:00,.241,.241,.24,.24, 13917
01/07/2020,21:01,.24,.24,.24,.24, 14174
01/07/2020,21:02,.24,.24,.24,.24, 1000
01/07/2020,21:03,.24,.24,.24,.24, 100
01/07/2020,21:05,.24,.24,.24,.24, 299
01/07/2020,21:15,.243,.243,.243,.243, 600
01/07/2020,21:16,.241,.241,.241,.241, 200
01/07/2020,21:28,.241,.241,.241,.241, 100
01/07/2020,21:39,.241,.241,.241,.241, 200
01/07/2020,21:43,.241,.241,.241,.241, 100
01/07/2020,21:48,.241,.241,.241,.241, 9900
01/07/2020,21:50,.241,.241,.241,.241, 10074
01/07/2020,21:55,.243,.244,.243,.243, 600
01/07/2020,21:57,.243,.243,.243,.243, 650
01/07/2020,22:00,.243,.244,.243,.244, 1800
01/08/2020,15:31,.244,.244,.244,.244, 7151
01/08/2020,15:33,.244,.244,.244,.244, 1150
01/08/2020,15:41,.244,.245,.244,.245, 6000
01/08/2020,15:47,.243,.244,.243,.244, 2900
01/08/2020,15:50,.243,.243,.24,.24, 3505
01/08/2020,15:54,.243,.243,.243,.243, 4000
01/08/2020,16:00,.24,.24,.24,.24, 27594
01/08/2020,16:11,.24,.24,.24,.24, 1000
01/08/2020,16:15,.24,.24,.238,.238, 5294
01/08/2020,16:16,.238,.238,.238,.238, 1200
01/08/2020,16:16,.237,.237,.237,.237, 200
01/08/2020,16:22,.24,.24,.24,.24, 500
01/08/2020,16:26,.24,.24,.24,.24, 100
01/08/2020,16:31,.238,.238,.238,.238, 100
01/08/2020,16:38,.24,.24,.24,.24, 100
01/08/2020,16:39,.239,.239,.239,.239, 200
01/08/2020,16:40,.238,.238,.238,.238, 1100
01/08/2020,16:40,.24,.24,.24,.24, 100
01/08/2020,16:43,.238,.238,.238,.238, 4200
01/08/2020,16:44,.238,.238,.238,.238, 3500
01/08/2020,16:48,.239,.239,.239,.239, 200
01/08/2020,16:50,.239,.239,.239,.239, 1000
01/08/2020,16:51,.239,.239,.239,.239, 100
01/08/2020,16:53,.239,.239,.239,.239, 16736
01/08/2020,17:04,.238,.238,.238,.238, 100
01/08/2020,17:19,.238,.238,.238,.238, 200
01/08/2020,17:25,.24,.24,.24,.24, 350
01/08/2020,17:38,.238,.24,.238,.24, 1990
01/08/2020,17:41,.24,.24,.24,.24, 200
01/08/2020,17:47,.238,.238,.238,.238, 2500
01/08/2020,17:54,.239,.239,.239,.239, 350
01/08/2020,18:01,.239,.239,.239,.239, 1000
01/08/2020,18:03,.24,.24,.24,.24, 1250
01/08/2020,18:04,.239,.239,.239,.239, 700
01/08/2020,18:05,.238,.238,.237,.237, 4897
01/08/2020,18:06,.237,.237,.237,.237, 200
01/08/2020,18:07,.238,.238,.238,.238, 1000
01/08/2020,18:19,.237,.237,.237,.237, 300
01/08/2020,18:22,.237,.237,.237,.237, 4200
01/08/2020,18:23,.237,.237,.237,.237, 600
01/08/2020,18:24,.237,.237,.237,.237, 100
01/08/2020,18:28,.237,.237,.237,.237, 274
01/08/2020,18:29,.237,.237,.237,.237, 163
01/08/2020,18:42,.237,.237,.237,.237, 1500
01/08/2020,18:43,.237,.237,.237,.237, 100
01/08/2020,18:51,.237,.237,.237,.237, 3000
01/08/2020,18:53,.237,.237,.237,.237, 9100
01/08/2020,18:55,.237,.237,.237,.237, 1000
01/08/2020,19:08,.237,.237,.237,.237, 318
01/08/2020,19:22,.237,.237,.237,.237, 100
01/08/2020,19:28,.237,.237,.236,.236, 300
01/08/2020,19:29,.237,.237,.237,.237, 4300
01/08/2020,19:37,.237,.237,.236,.236, 720
01/08/2020,19:49,.236,.236,.236,.236, 3177
01/08/2020,19:53,.236,.236,.236,.236, 1000
01/08/2020,19:55,.236,.238,.236,.237, 9618
01/08/2020,20:13,.237,.237,.237,.237, 4900
01/08/2020,20:13,.238,.238,.238,.238, 400
01/08/2020,20:19,.238,.238,.238,.238, 3500
01/08/2020,20:27,.238,.238,.238,.238, 100
01/08/2020,20:39,.238,.238,.238,.238, 100
01/08/2020,20:49,.24,.24,.24,.24, 750
01/08/2020,20:52,.238,.238,.238,.238, 100
01/08/2020,20:53,.239,.239,.239,.239, 800
01/08/2020,20:57,.238,.238,.238,.238, 200
01/08/2020,20:58,.239,.239,.239,.239, 200
01/08/2020,21:03,.239,.239,.239,.239, 100
01/08/2020,21:12,.239,.239,.239,.239, 300
01/08/2020,21:22,.239,.239,.239,.239, 100
01/08/2020,21:23,.239,.239,.239,.239, 100
01/08/2020,21:24,.239,.239,.239,.239, 100
01/08/2020,21:38,.239,.239,.239,.239, 100
01/08/2020,21:47,.239,.239,.239,.239, 200
01/08/2020,21:48,.24,.24,.24,.24, 320
01/08/2020,21:54,.24,.24,.24,.24, 1600
01/08/2020,22:01,.24,.24,.24,.24, 434
01/09/2020,15:31,.24,.24,.24,.24, 690
01/09/2020,15:31,.238,.238,.238,.238, 2500
01/09/2020,15:35,.238,.238,.236,.236, 16750
01/09/2020,15:44,.237,.237,.237,.237, 1715
01/09/2020,15:46,.236,.236,.236,.236, 100
01/09/2020,15:54,.237,.237,.237,.237, 500
01/09/2020,15:56,.236,.236,.235,.235, 6350
01/09/2020,16:02,.235,.235,.231,.231, 41335
01/09/2020,16:05,.235,.235,.235,.235, 100
01/09/2020,16:07,.236,.236,.236,.236, 1500
01/09/2020,16:10,.231,.231,.231,.231, 440
01/09/2020,16:10,.235,.235,.235,.235, 2000
01/09/2020,16:12,.231,.231,.231,.231, 200
01/09/2020,16:13,.231,.231,.231,.231, 12000
01/09/2020,16:24,.231,.235,.231,.232, 4200
01/09/2020,16:29,.231,.231,.231,.231, 100
01/09/2020,16:32,.235,.235,.235,.235, 5000
01/09/2020,16:35,.231,.231,.231,.231, 8482
01/09/2020,16:47,.232,.232,.232,.232, 100
01/09/2020,16:56,.234,.234,.234,.234, 200
01/09/2020,16:59,.231,.231,.231,.231, 300
01/09/2020,17:02,.231,.232,.231,.232, 3200
01/09/2020,17:05,.232,.232,.232,.232, 680
01/09/2020,17:06,.231,.231,.23,.23, 20000
01/09/2020,17:09,.231,.231,.23,.231, 823
01/09/2020,17:12,.231,.231,.231,.231, 160
01/09/2020,17:15,.23,.23,.23,.23, 928
01/09/2020,17:26,.23,.23,.229,.229, 36387
01/09/2020,17:27,.229,.229,.229,.229, 265
01/09/2020,17:28,.231,.231,.231,.231, 2000
01/09/2020,17:30,.23,.23,.23,.23, 100
01/09/2020,17:32,.23,.23,.23,.23, 200
01/09/2020,17:33,.231,.231,.231,.231, 2600
01/09/2020,17:35,.23,.231,.23,.231, 717
01/09/2020,17:37,.231,.231,.231,.231, 492
01/09/2020,17:39,.232,.232,.232,.232, 700
01/09/2020,17:40,.232,.232,.232,.232, 3700
01/09/2020,17:44,.232,.24,.232,.24, 27300
01/09/2020,17:45,.24,.24,.24,.24, 11077
01/09/2020,17:46,.239,.24,.235,.235, 2500
01/09/2020,17:47,.239,.24,.238,.238, 600
01/09/2020,17:48,.238,.238,.238,.238, 500
01/09/2020,18:01,.237,.237,.237,.237, 100
01/09/2020,18:02,.237,.237,.235,.237, 22000
01/09/2020,18:06,.237,.237,.237,.237, 4510
01/09/2020,18:10,.235,.235,.235,.235, 100
01/09/2020,18:11,.236,.236,.235,.235, 3200
01/09/2020,18:12,.237,.237,.237,.237, 2150
01/09/2020,18:14,.237,.237,.237,.237, 500
01/09/2020,18:14,.237,.237,.237,.237, 600
01/09/2020,18:17,.236,.236,.236,.236, 475
01/09/2020,18:18,.237,.237,.236,.236, 1236
01/09/2020,18:20,.236,.236,.236,.236, 2900
01/09/2020,18:20,.236,.236,.235,.236, 3112
01/09/2020,18:22,.235,.237,.235,.237, 10700
01/09/2020,18:30,.23,.23,.226,.226, 912
01/09/2020,18:32,.229,.229,.229,.229, 4000
01/09/2020,18:51,.237,.237,.237,.237, 2201
01/09/2020,18:58,.23,.23,.23,.23, 1000
01/09/2020,19:03,.23,.23,.23,.23, 1000
01/09/2020,19:20,.233,.233,.231,.231, 9905
01/09/2020,19:28,.235,.235,.234,.234, 9500
01/09/2020,19:30,.233,.233,.233,.233, 108
01/09/2020,19:47,.234,.234,.232,.232, 200
01/09/2020,19:54,.233,.233,.232,.233, 11600
01/09/2020,19:54,.232,.232,.232,.232, 500
01/09/2020,20:09,.232,.232,.232,.232, 100
01/09/2020,20:14,.232,.232,.232,.232, 200
01/09/2020,20:16,.232,.232,.232,.232, 200
01/09/2020,20:18,.232,.232,.232,.232, 100
01/09/2020,20:26,.232,.232,.232,.232, 100
01/09/2020,20:28,.232,.232,.232,.232, 100
01/09/2020,20:40,.233,.233,.233,.233, 1000
01/09/2020,20:45,.233,.233,.233,.233, 150
01/09/2020,20:51,.233,.233,.233,.233, 138
01/09/2020,20:53,.233,.233,.233,.233, 100
01/09/2020,20:55,.235,.235,.235,.235, 1400
01/09/2020,21:08,.233,.233,.233,.233, 100
01/09/2020,21:21,.233,.233,.233,.233, 100
01/09/2020,21:23,.233,.233,.233,.233, 100
01/09/2020,21:30,.234,.234,.234,.234, 200
01/09/2020,21:32,.233,.233,.233,.233, 200
01/09/2020,21:42,.233,.233,.233,.233, 500
01/09/2020,21:48,.233,.233,.233,.233, 500
01/09/2020,21:56,.233,.234,.233,.233, 1398
01/10/2020,15:43,.232,.232,.232,.232, 200
01/10/2020,15:49,.232,.232,.232,.232, 300
01/10/2020,15:50,.232,.232,.232,.232, 1870
01/10/2020,16:04,.231,.231,.231,.231, 199
01/10/2020,16:16,.231,.231,.231,.231, 1700
01/10/2020,16:21,.23,.23,.23,.23, 2900
01/10/2020,16:30,.239,.239,.239,.239, 100
01/10/2020,16:31,.23,.23,.23,.23, 100
01/10/2020,16:33,.235,.235,.235,.235, 1200
01/10/2020,16:35,.234,.234,.234,.234, 300
01/10/2020,16:40,.234,.234,.234,.234, 100
01/10/2020,16:42,.236,.236,.236,.236, 1150
01/10/2020,16:43,.235,.235,.235,.235, 100
01/10/2020,16:44,.236,.236,.236,.236, 123
01/10/2020,16:49,.238,.238,.238,.238, 2200
01/10/2020,16:50,.237,.237,.237,.237, 100
01/10/2020,16:55,.237,.239,.237,.239, 310
01/10/2020,16:56,.237,.237,.237,.237, 100
01/10/2020,16:58,.237,.237,.237,.237, 100
01/10/2020,17:03,.238,.238,.238,.238, 450
01/10/2020,17:06,.237,.237,.237,.237, 795
01/10/2020,17:12,.237,.237,.237,.237, 100
01/10/2020,17:15,.237,.237,.237,.237, 1659
01/10/2020,17:18,.235,.235,.235,.235, 200
01/10/2020,17:24,.237,.237,.237,.237, 500
01/10/2020,17:40,.234,.234,.234,.234, 176
01/10/2020,17:44,.237,.237,.234,.234, 500
01/10/2020,17:45,.232,.232,.232,.232, 5000
01/10/2020,17:50,.232,.233,.232,.233, 500
01/10/2020,17:57,.237,.237,.232,.232, 200
01/10/2020,18:01,.232,.232,.232,.232, 100
01/10/2020,18:05,.232,.232,.232,.232, 191
01/10/2020,18:05,.237,.237,.237,.237, 100
01/10/2020,18:09,.232,.232,.232,.232, 150
01/10/2020,18:20,.232,.236,.232,.236, 3075
01/10/2020,18:24,.231,.231,.231,.231, 100
01/10/2020,18:51,.229,.229,.229,.229, 100
01/10/2020,18:54,.229,.229,.229,.229, 200
01/10/2020,19:01,.234,.234,.234,.234, 500
01/10/2020,19:10,.229,.235,.229,.235, 1100
01/10/2020,19:17,.229,.229,.229,.229, 100
01/10/2020,19:26,.229,.229,.22,.22, 141823
01/10/2020,19:27,.225,.225,.225,.225, 500
01/10/2020,19:29,.224,.224,.224,.224, 500
01/10/2020,19:31,.223,.224,.223,.224, 600
01/10/2020,19:33,.223,.223,.223,.223, 4472
01/10/2020,19:35,.223,.223,.223,.223, 5000
01/10/2020,19:41,.224,.224,.224,.224, 800
01/10/2020,19:43,.223,.223,.223,.223, 450
01/10/2020,19:44,.224,.224,.224,.224, 2400
01/10/2020,19:45,.223,.224,.223,.224, 3200
01/10/2020,19:48,.224,.224,.224,.224, 1100
01/10/2020,19:50,.224,.224,.224,.224, 200
01/10/2020,19:54,.224,.224,.223,.223, 2353
01/10/2020,19:56,.223,.224,.223,.224, 2100
01/10/2020,19:58,.223,.223,.223,.223, 100
01/10/2020,19:58,.224,.224,.223,.223, 2000
01/10/2020,19:59,.224,.224,.224,.224, 100
01/10/2020,20:01,.224,.224,.224,.224, 1000
01/10/2020,20:04,.223,.223,.223,.223, 100
01/10/2020,20:06,.224,.224,.224,.224, 6000
01/10/2020,20:06,.224,.225,.224,.225, 1350
01/10/2020,20:10,.225,.231,.225,.231, 6800
01/10/2020,20:13,.225,.225,.224,.224, 7085
01/10/2020,20:21,.225,.225,.225,.225, 100
01/10/2020,20:31,.225,.225,.225,.225, 200
01/10/2020,20:36,.232,.232,.232,.232, 2000
01/10/2020,20:44,.232,.232,.232,.232, 2550
01/10/2020,20:46,.235,.235,.235,.235, 750
01/10/2020,20:48,.235,.235,.235,.235, 100
01/10/2020,21:00,.237,.237,.237,.237, 5000
01/10/2020,21:04,.235,.235,.235,.235, 100
01/10/2020,21:11,.235,.235,.235,.235, 11650
01/10/2020,21:11,.234,.234,.231,.231, 6500
01/10/2020,21:25,.231,.231,.231,.231, 200
01/10/2020,21:41,.23,.23,.23,.23, 100
01/10/2020,21:46,.23,.23,.23,.23, 300
01/10/2020,21:47,.231,.231,.231,.231, 2500
01/10/2020,21:49,.23,.23,.23,.23, 245
01/10/2020,21:50,.226,.231,.225,.231, 959
01/10/2020,21:52,.231,.231,.231,.231, 800
01/10/2020,21:55,.231,.231,.231,.231, 800
01/10/2020,21:56,.23,.23,.23,.23, 750
01/10/2020,21:58,.23,.23,.229,.229, 500
01/10/2020,22:00,.229,.229,.229,.229, 2250
01/13/2020,15:31,.228,.229,.227,.229, 2507
01/13/2020,15:32,.227,.227,.227,.227, 100
01/13/2020,15:33,.227,.227,.227,.227, 200
01/13/2020,15:40,.227,.227,.227,.227, 100
01/13/2020,15:43,.227,.228,.227,.228, 612
01/13/2020,15:54,.225,.225,.224,.224, 4800
01/13/2020,16:06,.225,.225,.225,.225, 275
01/13/2020,16:09,.228,.228,.228,.228, 100
01/13/2020,16:12,.227,.227,.227,.227, 100
01/13/2020,16:20,.228,.228,.228,.228, 800
01/13/2020,16:39,.228,.228,.228,.228, 200
01/13/2020,16:43,.229,.229,.229,.229, 100
01/13/2020,16:52,.229,.229,.229,.229, 100
01/13/2020,17:00,.229,.229,.229,.229, 1500
01/13/2020,17:07,.229,.229,.229,.229, 100
01/13/2020,17:08,.228,.228,.228,.228, 100
01/13/2020,17:10,.229,.229,.229,.229, 100
01/13/2020,17:10,.229,.229,.229,.229, 5860
01/13/2020,17:13,.229,.229,.229,.229, 200
01/13/2020,17:22,.229,.229,.229,.229, 100
01/13/2020,17:28,.229,.229,.229,.229, 100
01/13/2020,17:31,.229,.229,.229,.229, 100
01/13/2020,17:32,.229,.229,.229,.229, 421
01/13/2020,17:34,.228,.229,.228,.229, 200
01/13/2020,17:36,.229,.229,.229,.229, 218
01/13/2020,17:38,.229,.229,.229,.229, 100
01/13/2020,17:39,.229,.229,.229,.229, 5532
01/13/2020,17:41,.229,.229,.229,.229, 100
01/13/2020,17:47,.229,.229,.229,.229, 100
01/13/2020,17:52,.229,.229,.229,.229, 800
01/13/2020,17:55,.228,.228,.228,.228, 100
01/13/2020,18:02,.228,.228,.228,.228, 936
01/13/2020,18:02,.228,.228,.228,.228, 3200
01/13/2020,18:03,.227,.227,.225,.225, 1063
01/13/2020,18:06,.225,.225,.225,.225, 100
01/13/2020,18:29,.226,.226,.226,.226, 1000
01/13/2020,18:29,.225,.226,.225,.226, 1100
01/13/2020,18:34,.226,.226,.226,.226, 275
01/13/2020,18:35,.226,.226,.226,.226, 100
01/13/2020,18:45,.227,.227,.226,.227, 6810
01/13/2020,18:50,.227,.227,.226,.227, 3124
01/13/2020,19:02,.226,.226,.226,.226, 300
01/13/2020,19:06,.226,.226,.22,.22, 19050
01/13/2020,19:08,.224,.226,.224,.226, 1200
01/13/2020,19:20,.22,.221,.22,.221, 1993
01/13/2020,19:21,.22,.22,.22,.22, 2400
01/13/2020,19:23,.221,.221,.221,.221, 200
01/13/2020,19:25,.227,.227,.227,.227, 500
01/13/2020,19:30,.222,.222,.22,.22, 520
01/13/2020,19:34,.221,.221,.221,.221, 1600
01/13/2020,19:43,.224,.224,.22,.224, 37300
01/13/2020,19:43,.224,.224,.221,.221, 1600
01/13/2020,19:44,.221,.221,.221,.221, 100
01/13/2020,19:49,.221,.221,.221,.221, 100
01/13/2020,19:59,.225,.225,.225,.225, 250
01/13/2020,20:21,.222,.222,.222,.222, 100
01/13/2020,20:40,.225,.225,.225,.225, 100
01/13/2020,21:04,.222,.222,.222,.222, 100
01/13/2020,21:20,.223,.223,.223,.223, 500
01/13/2020,21:28,.224,.224,.224,.224, 250
01/13/2020,21:29,.222,.222,.222,.222, 190
01/13/2020,21:32,.222,.222,.222,.222, 1470
01/13/2020,21:33,.224,.224,.224,.224, 180
01/13/2020,21:40,.224,.224,.224,.224, 100
01/13/2020,21:42,.222,.222,.222,.222, 220
01/13/2020,21:44,.222,.222,.222,.222, 100
01/13/2020,21:45,.222,.222,.222,.222, 200
01/13/2020,21:46,.222,.222,.222,.222, 2467
01/13/2020,21:48,.222,.222,.222,.222, 100
01/13/2020,21:51,.222,.222,.222,.222, 100
01/13/2020,21:57,.227,.227,.225,.225, 8100
01/14/2020,15:31,.23,.235,.23,.235, 1252
01/14/2020,15:35,.23,.23,.23,.23, 200
01/14/2020,15:38,.234,.234,.234,.234, 3200
01/14/2020,15:38,.23,.23,.229,.229, 3130
01/14/2020,15:41,.23,.23,.23,.23, 4343
01/14/2020,15:45,.23,.23,.23,.23, 1000
01/14/2020,15:45,.222,.222,.222,.222, 600
01/14/2020,15:48,.23,.23,.23,.23, 1500
01/14/2020,15:51,.222,.223,.22,.22, 1454
01/14/2020,15:53,.23,.23,.23,.23, 200
01/14/2020,15:55,.229,.229,.229,.229, 450
01/14/2020,15:58,.225,.225,.22,.222, 9604
01/14/2020,16:02,.222,.222,.222,.222, 200
01/14/2020,16:08,.23,.23,.23,.23, 200
01/14/2020,16:08,.23,.23,.222,.222, 6292
01/14/2020,16:14,.222,.222,.222,.222, 100
01/14/2020,16:15,.222,.226,.22,.22, 19188
01/14/2020,16:21,.22,.229,.22,.229, 360
01/14/2020,16:39,.228,.228,.221,.221, 3100
01/14/2020,16:41,.22,.22,.22,.22, 100
01/14/2020,16:48,.222,.223,.222,.223, 300
01/14/2020,16:49,.221,.221,.221,.221, 500
01/14/2020,16:49,.222,.222,.222,.222, 100
01/14/2020,16:51,.223,.223,.22,.22, 5483
01/14/2020,16:56,.22,.223,.22,.223, 499
01/14/2020,16:57,.223,.223,.223,.223, 200
01/14/2020,16:59,.22,.22,.22,.22, 200
01/14/2020,17:02,.22,.223,.22,.221, 3000
01/14/2020,17:05,.22,.22,.22,.22, 199
01/14/2020,17:05,.221,.223,.221,.221, 5600
01/14/2020,17:09,.223,.223,.223,.223, 1000
01/14/2020,17:11,.22,.22,.22,.22, 472
01/14/2020,17:12,.223,.223,.223,.223, 1000
01/14/2020,17:13,.22,.223,.22,.223, 15518
01/14/2020,17:15,.222,.222,.222,.222, 200
01/14/2020,17:17,.22,.223,.22,.223, 15600
01/14/2020,17:21,.221,.221,.221,.221, 1100
01/14/2020,17:29,.22,.221,.22,.22, 1100
01/14/2020,18:01,.221,.221,.221,.221, 100
01/14/2020,18:06,.221,.221,.22,.22, 15000
01/14/2020,18:11,.22,.22,.22,.22, 4000
01/14/2020,18:11,.22,.22,.22,.22, 10927
01/14/2020,18:14,.22,.223,.22,.22, 15699
01/14/2020,18:15,.22,.22,.22,.22, 15171
01/14/2020,18:23,.22,.22,.22,.22, 500
01/14/2020,18:23,.222,.222,.222,.222, 600
01/14/2020,18:28,.22,.22,.22,.22, 13100
01/14/2020,18:29,.223,.223,.223,.223, 13000
01/14/2020,18:36,.22,.22,.22,.22, 500
01/14/2020,18:41,.22,.22,.22,.22, 5000
01/14/2020,18:42,.223,.223,.223,.223, 900
01/14/2020,18:48,.223,.223,.223,.223, 7492
01/14/2020,18:54,.23,.23,.229,.229, 244
01/14/2020,18:58,.221,.221,.22,.22, 306
01/14/2020,19:02,.22,.22,.22,.22, 100
01/14/2020,19:02,.221,.221,.22,.22, 400
01/14/2020,19:12,.221,.221,.221,.221, 2000
01/14/2020,19:18,.228,.228,.228,.228, 3500
01/14/2020,19:29,.22,.22,.22,.22, 100
01/14/2020,19:41,.225,.229,.225,.229, 6000
01/14/2020,19:47,.23,.23,.23,.23, 10000
01/14/2020,19:57,.23,.23,.23,.23, 10000
01/14/2020,19:59,.23,.23,.23,.23, 1800
01/14/2020,20:02,.221,.221,.221,.221, 200
01/14/2020,20:25,.228,.228,.228,.228, 3900
01/14/2020,20:25,.229,.229,.229,.229, 100
01/14/2020,20:27,.228,.228,.228,.228, 100
01/14/2020,20:34,.228,.228,.228,.228, 100
01/14/2020,20:34,.228,.228,.228,.228, 100
01/14/2020,20:49,.221,.221,.221,.221, 124
01/14/2020,20:54,.221,.225,.221,.225, 1000
01/14/2020,20:54,.225,.225,.225,.225, 434
01/14/2020,21:24,.222,.222,.222,.222, 1000
01/14/2020,21:27,.222,.222,.222,.222, 1000
01/14/2020,21:29,.221,.221,.221,.221, 200
01/14/2020,21:37,.223,.223,.223,.223, 1394
01/14/2020,21:40,.228,.228,.228,.228, 100
01/14/2020,21:45,.226,.228,.226,.226, 10100
01/14/2020,21:47,.226,.228,.226,.226, 4000
01/14/2020,21:48,.228,.228,.228,.228, 603
01/14/2020,21:52,.226,.227,.226,.227, 4500
01/14/2020,21:53,.227,.228,.227,.227, 800
01/14/2020,21:54,.227,.227,.227,.227, 300
01/14/2020,21:55,.228,.228,.227,.227, 2250
01/14/2020,21:56,.227,.227,.227,.227, 1220
01/15/2020,15:31,.228,.228,.228,.228, 7905
01/15/2020,15:32,.228,.23,.22,.23, 45399
01/15/2020,15:37,.222,.23,.222,.23, 1300
01/15/2020,15:42,.22,.23,.22,.23, 2546
01/15/2020,15:42,.231,.234,.231,.234, 600
01/15/2020,15:47,.22,.232,.22,.232, 300
01/15/2020,15:53,.232,.232,.232,.232, 2900
01/15/2020,15:54,.22,.232,.22,.232, 508
01/15/2020,16:05,.225,.228,.225,.226, 12300
01/15/2020,16:14,.225,.225,.225,.225, 200
01/15/2020,16:18,.23,.23,.23,.23, 100
01/15/2020,16:19,.225,.225,.225,.225, 100
01/15/2020,16:20,.226,.226,.226,.226, 800
01/15/2020,16:22,.225,.227,.22,.227, 9512
01/15/2020,16:27,.227,.227,.226,.226, 5104
01/15/2020,16:28,.226,.227,.225,.226, 1600
01/15/2020,16:30,.22,.22,.22,.22, 200
01/15/2020,16:33,.221,.221,.221,.221, 100
01/15/2020,16:35,.221,.221,.221,.221, 2200
01/15/2020,16:37,.227,.227,.227,.227, 100
01/15/2020,16:38,.227,.227,.227,.227, 2400
01/15/2020,16:49,.221,.221,.221,.221, 200
01/15/2020,16:50,.226,.226,.223,.223, 721
01/15/2020,17:04,.226,.227,.226,.227, 2000
01/15/2020,17:09,.227,.227,.227,.227, 100
01/15/2020,17:16,.221,.221,.221,.221, 100
01/15/2020,17:19,.224,.226,.222,.222, 2050
01/15/2020,17:21,.224,.224,.222,.222, 600
01/15/2020,17:21,.223,.223,.223,.223, 800
01/15/2020,17:34,.221,.221,.221,.221, 100
01/15/2020,17:39,.222,.222,.222,.222, 300
01/15/2020,17:40,.224,.224,.224,.224, 300
01/15/2020,17:44,.222,.222,.222,.222, 1310
01/15/2020,17:45,.222,.222,.222,.222, 400
01/15/2020,18:01,.223,.223,.223,.223, 4000
01/15/2020,18:02,.224,.227,.224,.227, 15848
01/15/2020,18:03,.227,.227,.227,.227, 4000
01/15/2020,18:12,.226,.226,.226,.226, 2500
01/15/2020,18:14,.222,.222,.222,.222, 100
01/15/2020,18:28,.225,.225,.225,.225, 4200
01/15/2020,18:35,.225,.225,.225,.225, 100
01/15/2020,18:37,.225,.225,.225,.225, 4311
01/15/2020,18:44,.225,.225,.225,.225, 3200
01/15/2020,18:45,.225,.225,.22,.225, 9966
01/15/2020,18:49,.22,.22,.22,.22, 2000
01/15/2020,18:52,.221,.221,.221,.221, 3000
01/15/2020,18:59,.226,.226,.226,.226, 7000
01/15/2020,19:00,.222,.222,.222,.222, 200
01/15/2020,19:01,.221,.221,.221,.221, 5000
01/15/2020,19:02,.222,.222,.22,.221, 10300
01/15/2020,19:03,.221,.221,.22,.22, 10000
01/15/2020,19:04,.22,.22,.22,.22, 10000
01/15/2020,19:05,.22,.22,.22,.22, 10000
01/15/2020,19:11,.226,.226,.226,.226, 300
01/15/2020,19:28,.222,.222,.222,.222, 200
01/15/2020,19:34,.225,.225,.225,.225, 100
01/15/2020,20:11,.226,.226,.226,.226, 1500
01/15/2020,20:51,.226,.226,.226,.226, 100
01/15/2020,21:01,.222,.225,.222,.225, 5200
01/15/2020,21:02,.225,.225,.225,.225, 187
01/15/2020,21:05,.226,.226,.226,.226, 200
01/15/2020,21:19,.225,.225,.225,.225, 2500
01/15/2020,21:25,.223,.223,.223,.223, 252
01/15/2020,21:27,.222,.222,.222,.222, 100
01/15/2020,21:27,.222,.222,.222,.222, 200
01/15/2020,21:29,.222,.222,.222,.222, 100
01/15/2020,21:34,.222,.222,.222,.222, 100
01/15/2020,21:37,.222,.222,.222,.222, 100
01/15/2020,21:38,.222,.222,.222,.222, 300
01/15/2020,21:39,.222,.225,.222,.225, 200
01/15/2020,21:43,.222,.222,.222,.222, 426
01/15/2020,21:45,.222,.222,.222,.222, 750
01/15/2020,21:46,.222,.222,.222,.222, 200
01/15/2020,21:49,.222,.222,.222,.222, 100
01/15/2020,21:53,.222,.222,.222,.222, 199
01/15/2020,21:54,.222,.222,.222,.222, 100
01/15/2020,21:55,.222,.222,.222,.222, 7200
01/15/2020,21:57,.225,.225,.225,.225, 1000
01/15/2020,22:01,.223,.223,.223,.223, 1319
01/16/2020,15:31,.22,.22,.22,.22, 1333
01/16/2020,15:40,.223,.223,.223,.223, 100
01/16/2020,15:42,.223,.223,.223,.223, 500
01/16/2020,15:44,.227,.227,.227,.227, 1000
01/16/2020,15:50,.227,.227,.227,.227, 900
01/16/2020,16:01,.227,.227,.223,.223, 8888
01/16/2020,16:04,.227,.227,.227,.227, 300
01/16/2020,16:05,.227,.227,.227,.227, 100
01/16/2020,16:07,.226,.227,.226,.226, 1500
01/16/2020,16:14,.226,.226,.226,.226, 171
01/16/2020,16:15,.228,.23,.227,.23, 15795
01/16/2020,16:16,.227,.227,.227,.227, 6500
01/16/2020,16:20,.227,.23,.227,.229, 950
01/16/2020,16:21,.228,.228,.228,.228, 100
01/16/2020,16:22,.228,.228,.228,.228, 5000
01/16/2020,16:26,.228,.228,.228,.228, 2000
01/16/2020,16:28,.228,.228,.228,.228, 200
01/16/2020,16:29,.228,.228,.228,.228, 900
01/16/2020,16:33,.228,.228,.228,.228, 1000
01/16/2020,16:35,.227,.227,.227,.227, 550
01/16/2020,16:37,.228,.228,.228,.228, 100
01/16/2020,16:39,.228,.228,.228,.228, 955
01/16/2020,16:42,.228,.228,.228,.228, 400
01/16/2020,16:43,.228,.228,.228,.228, 509
01/16/2020,17:09,.225,.225,.225,.225, 100
01/16/2020,17:31,.225,.225,.225,.225, 100
01/16/2020,17:39,.228,.228,.228,.228, 170
01/16/2020,17:40,.225,.225,.225,.225, 100
01/16/2020,17:57,.225,.225,.225,.225, 100
01/16/2020,18:11,.225,.225,.225,.225, 100
01/16/2020,18:24,.225,.225,.225,.225, 100
01/16/2020,18:27,.225,.228,.225,.228, 200
01/16/2020,18:28,.227,.227,.227,.227, 434
01/16/2020,18:44,.225,.225,.225,.225, 275
01/16/2020,18:47,.228,.23,.228,.23, 14172
01/16/2020,18:48,.23,.232,.23,.232, 26249
01/16/2020,18:49,.232,.235,.232,.235, 17386
01/16/2020,18:50,.234,.235,.23,.235, 37656
01/16/2020,18:51,.235,.239,.235,.238, 2300
01/16/2020,18:52,.236,.239,.236,.239, 3200
01/16/2020,18:53,.236,.239,.236,.236, 11000
01/16/2020,18:55,.236,.239,.236,.239, 2100
01/16/2020,18:56,.235,.235,.235,.235, 13972
01/16/2020,18:57,.235,.235,.235,.235, 1000
01/16/2020,18:58,.235,.235,.235,.235, 1500
01/16/2020,18:59,.238,.238,.235,.235, 10473
01/16/2020,19:00,.238,.238,.235,.235, 1100
01/16/2020,19:01,.235,.235,.235,.235, 2100
01/16/2020,19:03,.235,.235,.235,.235, 122
01/16/2020,19:05,.237,.237,.237,.237, 660
01/16/2020,19:06,.24,.24,.235,.24, 67620
01/16/2020,19:08,.241,.241,.241,.241, 400
01/16/2020,19:12,.244,.244,.244,.244, 8722
01/16/2020,19:13,.244,.244,.244,.244, 440
01/16/2020,19:16,.24,.24,.24,.24, 100
01/16/2020,19:25,.24,.24,.24,.24, 6258
01/16/2020,19:26,.24,.24,.235,.235, 3165
01/16/2020,19:29,.235,.235,.235,.235, 300
01/16/2020,19:31,.235,.235,.235,.235, 2500
01/16/2020,19:32,.235,.235,.235,.235, 200
01/16/2020,19:34,.238,.238,.238,.238, 100
01/16/2020,19:35,.238,.238,.234,.234, 1640
01/16/2020,19:36,.234,.234,.234,.234, 26000
01/16/2020,19:50,.234,.234,.234,.234, 6135
01/16/2020,19:54,.234,.234,.234,.234, 100
01/16/2020,19:55,.234,.234,.234,.234, 4404
01/16/2020,19:59,.234,.234,.234,.234, 400
01/16/2020,20:00,.234,.234,.234,.234, 200
01/16/2020,20:04,.234,.238,.234,.238, 1900
01/16/2020,20:05,.234,.234,.234,.234, 200
01/16/2020,20:21,.234,.234,.234,.234, 100
01/16/2020,20:22,.236,.236,.236,.236, 185
01/16/2020,20:27,.234,.234,.234,.234, 315
01/16/2020,20:36,.234,.234,.234,.234, 300
01/16/2020,20:40,.234,.234,.234,.234, 100
01/16/2020,20:43,.234,.234,.234,.234, 100
01/16/2020,20:51,.238,.238,.234,.234, 500
01/16/2020,20:56,.234,.234,.234,.234, 100
01/16/2020,20:57,.234,.234,.234,.234, 100
01/16/2020,20:58,.234,.234,.234,.234, 100
01/16/2020,21:05,.234,.234,.234,.234, 100
01/16/2020,21:16,.238,.238,.238,.238, 5000
01/16/2020,21:17,.234,.234,.234,.234, 100
01/16/2020,21:32,.234,.234,.234,.234, 1600
01/16/2020,21:34,.234,.234,.234,.234, 100
01/16/2020,21:46,.24,.24,.24,.24, 350
01/16/2020,21:53,.24,.24,.24,.24, 1200
01/16/2020,21:54,.234,.234,.234,.234, 1000
01/16/2020,21:59,.234,.234,.234,.234, 4000
01/16/2020,22:00,.237,.237,.237,.237, 500
01/17/2020,15:31,.24,.24,.24,.24, 2526
01/17/2020,15:33,.24,.24,.24,.24, 3100
01/17/2020,15:39,.24,.24,.237,.237, 2100
01/17/2020,15:41,.237,.237,.237,.237, 940
01/17/2020,15:43,.24,.245,.225,.225, 400
01/17/2020,15:45,.225,.225,.225,.225, 200
01/17/2020,15:46,.24,.24,.24,.24, 10000
01/17/2020,15:50,.226,.226,.226,.226, 1800
01/17/2020,15:53,.227,.227,.227,.227, 180
01/17/2020,15:57,.227,.227,.227,.227, 100
01/17/2020,16:01,.234,.235,.234,.234, 17700
01/17/2020,16:06,.236,.236,.236,.236, 100
01/17/2020,16:16,.232,.232,.232,.232, 100
01/17/2020,16:20,.23,.232,.23,.232, 10050
01/17/2020,16:21,.23,.23,.23,.23, 264
01/17/2020,16:22,.23,.23,.23,.23, 261
01/17/2020,16:23,.23,.23,.23,.23, 245
01/17/2020,16:48,.23,.23,.23,.23, 280
01/17/2020,16:49,.23,.23,.23,.23, 100
01/17/2020,16:56,.23,.23,.23,.23, 100
01/17/2020,17:04,.23,.23,.23,.23, 100
01/17/2020,17:12,.231,.231,.231,.231, 110
01/17/2020,17:15,.231,.231,.231,.231, 1450
01/17/2020,17:16,.231,.231,.231,.231, 400
01/17/2020,17:18,.231,.231,.231,.231, 400
01/17/2020,17:20,.233,.233,.233,.233, 100
01/17/2020,17:21,.234,.234,.234,.234, 4600
01/17/2020,17:22,.233,.234,.233,.233, 3219
01/17/2020,17:23,.23,.232,.23,.232, 3408
01/17/2020,17:26,.232,.232,.232,.232, 100
01/17/2020,17:28,.232,.232,.232,.232, 100
01/17/2020,17:33,.231,.231,.231,.231, 200
01/17/2020,17:37,.231,.231,.231,.231, 200
01/17/2020,17:46,.232,.232,.226,.226, 31000
01/17/2020,17:47,.232,.232,.232,.232, 200
01/17/2020,17:57,.232,.232,.232,.232, 1446
01/17/2020,18:05,.232,.232,.232,.232, 2081
01/17/2020,18:06,.233,.233,.233,.233, 500
01/17/2020,18:07,.233,.233,.233,.233, 100
01/17/2020,18:09,.232,.232,.232,.232, 109
01/17/2020,18:10,.233,.233,.233,.233, 400
01/17/2020,18:18,.232,.232,.232,.232, 400
01/17/2020,18:20,.232,.233,.232,.232, 1000
01/17/2020,18:24,.233,.233,.233,.233, 300
01/17/2020,18:35,.235,.235,.235,.235, 150
01/17/2020,18:36,.235,.235,.235,.235, 500
01/17/2020,18:40,.234,.234,.234,.234, 1000
01/17/2020,18:50,.232,.234,.232,.234, 1706
01/17/2020,19:27,.234,.234,.234,.234, 100
01/17/2020,19:30,.233,.233,.232,.233, 1800
01/17/2020,19:31,.232,.232,.232,.232, 200
01/17/2020,19:32,.232,.232,.232,.232, 200
01/17/2020,19:37,.232,.232,.232,.232, 100
01/17/2020,19:37,.233,.233,.233,.233, 500
01/17/2020,19:48,.232,.232,.232,.232, 200
01/17/2020,19:51,.234,.234,.234,.234, 375
01/17/2020,19:54,.233,.233,.233,.233, 500
01/17/2020,19:55,.232,.232,.232,.232, 100
01/17/2020,19:56,.234,.234,.234,.234, 200
01/17/2020,19:57,.234,.234,.234,.234, 1300
01/17/2020,20:01,.233,.233,.233,.233, 100
01/17/2020,20:03,.233,.233,.233,.233, 100
01/17/2020,20:08,.232,.233,.232,.233, 1500
01/17/2020,20:09,.232,.232,.232,.232, 100
01/17/2020,20:23,.232,.232,.23,.232, 10100
01/17/2020,20:23,.231,.231,.231,.231, 100
01/17/2020,20:32,.234,.234,.23,.233, 700
01/17/2020,20:36,.233,.233,.233,.233, 100
01/17/2020,20:45,.234,.234,.231,.231, 250
01/17/2020,20:46,.231,.231,.231,.231, 200
01/17/2020,20:51,.231,.231,.231,.231, 100
01/17/2020,20:52,.231,.231,.231,.231, 200
01/17/2020,20:59,.231,.231,.231,.231, 100
01/17/2020,21:07,.231,.231,.231,.231, 2000
01/17/2020,21:17,.231,.231,.231,.231, 100
01/17/2020,21:27,.234,.234,.234,.234, 125
01/17/2020,21:36,.231,.231,.231,.231, 100
01/17/2020,21:37,.232,.232,.232,.232, 100
01/17/2020,21:40,.232,.232,.232,.232, 200
01/17/2020,21:49,.231,.234,.231,.233, 1453
01/17/2020,21:52,.231,.231,.231,.231, 100
01/17/2020,21:55,.237,.237,.237,.237, 125
01/17/2020,22:00,.239,.239,.239,.239, 5000
01/21/2020,15:31,.255,.255,.243,.245, 16202
01/21/2020,15:32,.245,.245,.245,.245, 7195
01/21/2020,15:33,.245,.245,.245,.245, 2600
01/21/2020,15:34,.245,.245,.245,.245, 220
01/21/2020,15:35,.245,.245,.245,.245, 1509
01/21/2020,15:37,.245,.245,.245,.245, 250
01/21/2020,15:38,.235,.235,.235,.235, 175
01/21/2020,15:45,.24,.24,.24,.24, 500
01/21/2020,15:46,.237,.239,.237,.238, 600
01/21/2020,15:54,.235,.235,.235,.235, 4779
01/21/2020,15:55,.236,.236,.236,.236, 200
01/21/2020,15:59,.245,.245,.245,.245, 500
01/21/2020,16:01,.242,.242,.242,.242, 100
01/21/2020,16:17,.242,.242,.236,.236, 1896
01/21/2020,16:19,.236,.236,.235,.235, 24843
01/21/2020,16:28,.235,.235,.235,.235, 1324
01/21/2020,16:30,.24,.24,.24,.24, 10000
01/21/2020,16:32,.235,.24,.235,.24, 31408
01/21/2020,16:38,.235,.235,.235,.235, 100
01/21/2020,16:40,.235,.235,.235,.235, 200
01/21/2020,16:40,.235,.235,.235,.235, 550
01/21/2020,16:43,.237,.237,.235,.235, 83016
01/21/2020,16:45,.235,.235,.235,.235, 100
01/21/2020,16:46,.235,.235,.235,.235, 100
01/21/2020,16:48,.235,.235,.235,.235, 100
01/21/2020,16:56,.236,.236,.236,.236, 200
01/21/2020,16:59,.235,.235,.235,.235, 21101
01/21/2020,17:00,.235,.235,.235,.235, 200
01/21/2020,17:03,.234,.234,.233,.233, 900
01/21/2020,17:07,.234,.234,.234,.234, 280
01/21/2020,17:11,.233,.233,.233,.233, 100
01/21/2020,17:21,.233,.233,.233,.233, 5600
01/21/2020,17:39,.233,.233,.233,.233, 497
01/21/2020,17:49,.233,.233,.233,.233, 4500
01/21/2020,18:00,.233,.233,.233,.233, 100
01/21/2020,18:04,.233,.233,.233,.233, 100
01/21/2020,18:06,.233,.233,.233,.233, 100
01/21/2020,18:30,.233,.233,.233,.233, 3600
01/21/2020,18:31,.233,.233,.233,.233, 100
01/21/2020,18:34,.233,.233,.233,.233, 100
01/21/2020,18:38,.233,.233,.233,.233, 200
01/21/2020,18:47,.233,.233,.233,.233, 100
01/21/2020,18:51,.233,.233,.233,.233, 100
01/21/2020,18:54,.233,.233,.233,.233, 200
01/21/2020,18:59,.233,.233,.233,.233, 100
01/21/2020,19:03,.233,.233,.233,.233, 300
01/21/2020,19:10,.234,.234,.234,.234, 400
01/21/2020,19:15,.233,.233,.233,.233, 100
01/21/2020,19:24,.234,.234,.234,.234, 2000
01/21/2020,19:33,.234,.234,.234,.234, 3000
01/21/2020,19:44,.234,.234,.234,.234, 9500
01/21/2020,19:58,.234,.234,.234,.234, 800
01/21/2020,20:09,.233,.233,.233,.233, 1000
01/21/2020,20:18,.234,.234,.234,.234, 3535
01/21/2020,20:23,.233,.233,.233,.233, 200
01/21/2020,20:38,.233,.233,.233,.233, 175
01/21/2020,20:51,.234,.234,.234,.234, 1200
01/21/2020,20:55,.233,.233,.233,.233, 100
01/21/2020,20:56,.234,.234,.234,.234, 170
01/21/2020,21:00,.233,.233,.233,.233, 100
01/21/2020,21:06,.233,.233,.233,.233, 100
01/21/2020,21:17,.233,.233,.233,.233, 200
01/21/2020,21:18,.233,.233,.233,.233, 100
01/21/2020,21:23,.233,.233,.233,.233, 100
01/21/2020,21:26,.233,.233,.233,.233, 100
01/21/2020,21:31,.234,.234,.234,.234, 400
01/21/2020,21:35,.234,.234,.234,.234, 200
01/21/2020,21:37,.234,.234,.234,.234, 400
01/21/2020,21:40,.234,.234,.234,.234, 175
01/21/2020,21:47,.233,.234,.233,.234, 200
01/21/2020,21:49,.233,.233,.233,.233, 100
01/21/2020,21:51,.234,.234,.234,.234, 100
01/21/2020,21:52,.234,.234,.234,.234, 400
01/21/2020,21:53,.234,.234,.234,.234, 20400
01/21/2020,21:54,.234,.234,.234,.234, 700
01/21/2020,21:55,.235,.237,.235,.237, 1180
01/21/2020,21:56,.237,.237,.237,.237, 1199
01/21/2020,21:57,.237,.237,.237,.237, 1000
01/21/2020,21:58,.237,.237,.237,.237, 500
01/21/2020,21:59,.237,.237,.237,.237, 299
01/22/2020,15:31,.235,.237,.235,.235, 21958
01/22/2020,15:32,.235,.235,.235,.235, 100
01/22/2020,15:37,.23,.23,.23,.23, 100
01/22/2020,15:39,.235,.235,.235,.235, 5000
01/22/2020,15:41,.235,.235,.235,.235, 1500
01/22/2020,15:44,.235,.237,.235,.237, 14000
01/22/2020,15:55,.23,.23,.23,.23, 884
01/22/2020,15:55,.237,.237,.237,.237, 750
01/22/2020,15:58,.236,.236,.236,.236, 400
01/22/2020,16:07,.235,.235,.235,.235, 100
01/22/2020,16:08,.235,.235,.235,.235, 100
01/22/2020,16:10,.237,.237,.237,.237, 1000
01/22/2020,16:12,.235,.235,.235,.235, 200
01/22/2020,16:18,.237,.237,.237,.237, 100
01/22/2020,16:24,.237,.237,.237,.237, 300
01/22/2020,16:29,.237,.237,.237,.237, 1000
01/22/2020,16:34,.236,.236,.236,.236, 100
01/22/2020,16:34,.235,.235,.235,.235, 2587
01/22/2020,16:44,.235,.235,.235,.235, 2000
01/22/2020,16:52,.235,.235,.235,.235, 100
01/22/2020,17:04,.235,.235,.235,.235, 11650
01/22/2020,17:04,.235,.235,.235,.235, 1900
01/22/2020,17:06,.235,.236,.235,.236, 3938
01/22/2020,17:12,.235,.235,.235,.235, 600
01/22/2020,17:22,.235,.235,.235,.235, 500
01/22/2020,17:23,.235,.235,.235,.235, 3700
01/22/2020,17:27,.235,.235,.235,.235, 6599
01/22/2020,17:29,.235,.235,.235,.235, 1340
01/22/2020,17:33,.236,.236,.235,.235, 8000
01/22/2020,17:34,.235,.235,.235,.235, 500
01/22/2020,17:37,.235,.235,.235,.235, 1999
01/22/2020,17:38,.235,.235,.235,.235, 100
01/22/2020,17:55,.235,.235,.235,.235, 1908
01/22/2020,17:57,.235,.235,.235,.235, 500
01/22/2020,17:58,.235,.235,.235,.235, 198
01/22/2020,17:59,.235,.235,.235,.235, 100
01/22/2020,18:09,.235,.235,.235,.235, 1414
01/22/2020,18:14,.235,.235,.235,.235, 100
01/22/2020,18:16,.235,.235,.235,.235, 100
01/22/2020,18:26,.235,.235,.235,.235, 1332
01/22/2020,18:28,.235,.235,.235,.235, 4350
01/22/2020,18:29,.235,.235,.235,.235, 1600
01/22/2020,18:36,.235,.235,.235,.235, 100
01/22/2020,18:39,.235,.235,.235,.235, 100
01/22/2020,18:46,.235,.235,.235,.235, 200
01/22/2020,18:53,.235,.235,.235,.235, 100
01/22/2020,18:54,.236,.237,.236,.237, 3939
01/22/2020,18:57,.237,.237,.237,.237, 4000
01/22/2020,19:03,.236,.237,.236,.236, 2980
01/22/2020,19:07,.235,.235,.235,.235, 100
01/22/2020,19:15,.235,.235,.235,.235, 400
01/22/2020,19:20,.235,.235,.235,.235, 100
01/22/2020,19:23,.236,.236,.236,.236, 100
01/22/2020,19:32,.235,.235,.235,.235, 100
01/22/2020,19:46,.236,.236,.236,.236, 100
01/22/2020,20:05,.236,.236,.236,.236, 1000
01/22/2020,20:15,.237,.237,.237,.237, 4000
01/22/2020,20:18,.235,.235,.235,.235, 500
01/22/2020,20:24,.235,.235,.235,.235, 100
01/22/2020,20:35,.235,.235,.235,.235, 100
01/22/2020,21:16,.235,.235,.235,.235, 200
01/22/2020,21:32,.235,.235,.235,.235, 100
01/22/2020,21:33,.235,.235,.235,.235, 100
01/22/2020,21:38,.235,.235,.235,.235, 100
01/22/2020,21:40,.237,.237,.236,.236, 3625
01/22/2020,21:51,.235,.236,.235,.236, 5200
01/22/2020,21:51,.236,.236,.235,.235, 2700
01/22/2020,22:00,.235,.235,.235,.235, 1000
01/23/2020,15:31,.237,.237,.237,.237, 13655
01/23/2020,15:31,.23,.23,.23,.23, 2648
01/23/2020,15:36,.23,.23,.23,.23, 300
01/23/2020,15:44,.237,.237,.237,.237, 100
01/23/2020,15:56,.231,.231,.231,.231, 100
01/23/2020,16:00,.237,.237,.237,.237, 100
01/23/2020,16:05,.237,.237,.237,.237, 5200
01/23/2020,16:07,.237,.237,.237,.237, 300
01/23/2020,16:09,.231,.231,.231,.231, 100
01/23/2020,16:12,.237,.237,.237,.237, 1000
01/23/2020,16:15,.231,.231,.231,.231, 100
01/23/2020,16:37,.232,.232,.232,.232, 175
01/23/2020,16:41,.235,.235,.235,.235, 10000
01/23/2020,16:42,.237,.237,.237,.237, 4237
01/23/2020,16:44,.237,.237,.237,.237, 100
01/23/2020,16:45,.237,.237,.237,.237, 365
01/23/2020,16:46,.237,.237,.237,.237, 100
01/23/2020,16:50,.237,.237,.237,.237, 1144
01/23/2020,16:50,.237,.237,.237,.237, 2100
01/23/2020,16:53,.237,.237,.237,.237, 6600
01/23/2020,17:03,.237,.237,.237,.237, 499
01/23/2020,17:15,.237,.237,.237,.237, 100
01/23/2020,17:38,.237,.237,.237,.237, 800
01/23/2020,17:47,.237,.237,.237,.237, 380
01/23/2020,17:50,.237,.237,.237,.237, 100
01/23/2020,17:51,.237,.237,.237,.237, 100
01/23/2020,17:54,.237,.237,.237,.237, 500
01/23/2020,18:07,.237,.237,.237,.237, 200
01/23/2020,18:09,.237,.237,.237,.237, 100
01/23/2020,18:23,.237,.237,.237,.237, 200
01/23/2020,18:27,.237,.237,.237,.237, 100
01/23/2020,18:30,.237,.237,.237,.237, 4900
01/23/2020,18:59,.237,.237,.237,.237, 300
01/23/2020,19:15,.237,.237,.237,.237, 200
01/23/2020,19:15,.237,.237,.237,.237, 575
01/23/2020,19:30,.237,.237,.237,.237, 7780
01/23/2020,19:32,.238,.238,.237,.238, 2788
01/23/2020,19:33,.238,.238,.238,.238, 978
01/23/2020,19:35,.239,.239,.239,.239, 100
01/23/2020,19:36,.237,.237,.237,.237, 200
01/23/2020,20:04,.239,.239,.238,.238, 2200
01/23/2020,20:08,.238,.238,.238,.238, 100
01/23/2020,20:12,.237,.237,.237,.237, 200
01/23/2020,20:18,.239,.239,.239,.239, 2000
01/23/2020,20:23,.238,.238,.238,.238, 100
01/23/2020,20:29,.238,.238,.238,.238, 100
01/23/2020,20:36,.239,.239,.239,.239, 100
01/23/2020,20:47,.237,.237,.237,.237, 500
01/23/2020,21:06,.239,.239,.239,.239, 100
01/23/2020,21:09,.239,.239,.238,.238, 200
01/23/2020,21:11,.238,.238,.238,.238, 100
01/23/2020,21:17,.24,.24,.24,.24, 100
01/23/2020,21:25,.237,.237,.237,.237, 100
01/23/2020,21:28,.238,.238,.238,.238, 285
01/23/2020,21:28,.237,.237,.237,.237, 100
01/23/2020,21:31,.239,.239,.239,.239, 100
01/23/2020,21:33,.239,.239,.239,.239, 100
01/23/2020,21:34,.238,.238,.238,.238, 500
01/23/2020,21:38,.239,.239,.239,.239, 300
01/23/2020,21:40,.239,.239,.239,.239, 100
01/23/2020,21:41,.239,.239,.239,.239, 200
01/23/2020,21:41,.238,.24,.238,.239, 11204
01/23/2020,21:44,.24,.24,.24,.24, 400
01/23/2020,21:47,.24,.24,.24,.24, 394
01/23/2020,21:51,.238,.238,.238,.238, 200
01/23/2020,21:54,.238,.238,.238,.238, 100
01/23/2020,21:56,.239,.239,.238,.238, 700
01/23/2020,21:57,.239,.239,.239,.239, 500
01/23/2020,21:59,.239,.239,.239,.239, 457
01/23/2020,22:00,.238,.238,.238,.238, 429
01/24/2020,15:31,.247,.247,.238,.238, 1046
01/24/2020,15:35,.239,.239,.239,.239, 700
01/24/2020,15:38,.239,.239,.239,.239, 275
01/24/2020,15:39,.238,.238,.238,.238, 325
01/24/2020,16:08,.239,.239,.239,.239, 100
01/24/2020,16:15,.238,.238,.238,.238, 100
01/24/2020,16:17,.239,.239,.239,.239, 100
01/24/2020,16:20,.238,.238,.238,.238, 2304
01/24/2020,16:26,.237,.237,.237,.237, 100
01/24/2020,16:30,.238,.238,.238,.238, 10000
01/24/2020,16:33,.238,.238,.238,.238, 222
01/24/2020,16:39,.238,.238,.238,.238, 500
01/24/2020,16:45,.237,.238,.237,.237, 400
01/24/2020,16:46,.237,.237,.236,.236, 700
01/24/2020,16:50,.238,.238,.238,.238, 500
01/24/2020,16:56,.237,.237,.237,.237, 995
01/24/2020,17:01,.236,.236,.236,.236, 200
01/24/2020,17:08,.238,.238,.238,.238, 3000
01/24/2020,17:10,.238,.238,.238,.238, 300
01/24/2020,17:16,.236,.236,.236,.236, 4824
01/24/2020,17:16,.235,.235,.23,.233, 15739
01/24/2020,17:21,.23,.23,.23,.23, 200
01/24/2020,17:27,.231,.231,.231,.231, 6000
01/24/2020,17:28,.233,.233,.233,.233, 100
01/24/2020,17:33,.235,.235,.235,.235, 500
01/24/2020,17:38,.234,.234,.233,.233, 200
01/24/2020,17:47,.233,.233,.233,.233, 4300
01/24/2020,17:50,.233,.233,.233,.233, 100
01/24/2020,18:04,.233,.233,.233,.233, 520
01/24/2020,18:17,.233,.233,.233,.233, 200
01/24/2020,18:19,.233,.233,.233,.233, 1848
01/24/2020,18:23,.233,.233,.232,.232, 3676
01/24/2020,18:24,.233,.233,.233,.233, 1000
01/24/2020,18:25,.232,.233,.232,.233, 200
01/24/2020,18:28,.232,.232,.23,.23, 5043
01/24/2020,18:30,.23,.23,.23,.23, 100
01/24/2020,18:34,.231,.232,.231,.232, 200
01/24/2020,18:54,.232,.232,.232,.232, 200
01/24/2020,19:06,.233,.233,.233,.233, 225
01/24/2020,19:34,.233,.233,.233,.233, 2400
01/24/2020,19:51,.232,.233,.232,.233, 850
01/24/2020,19:51,.233,.233,.233,.233, 250
01/24/2020,19:56,.233,.233,.233,.233, 400
01/24/2020,19:57,.233,.233,.232,.232, 3373
01/24/2020,20:13,.233,.233,.233,.233, 100
01/24/2020,20:17,.232,.232,.232,.232, 300
01/24/2020,20:22,.232,.232,.232,.232, 200
01/24/2020,20:27,.232,.233,.23,.232, 36342
01/24/2020,20:28,.233,.233,.233,.233, 4000
01/24/2020,20:31,.231,.231,.231,.231, 400
01/24/2020,20:35,.232,.232,.231,.231, 1400
01/24/2020,20:36,.231,.231,.231,.231, 1000
01/24/2020,20:37,.231,.231,.231,.231, 1000
01/24/2020,20:40,.231,.231,.231,.231, 1000
01/24/2020,20:44,.233,.233,.233,.233, 500
01/24/2020,20:55,.233,.233,.233,.233, 1000
01/24/2020,20:57,.231,.231,.231,.231, 100
01/24/2020,20:59,.231,.231,.231,.231, 3000
01/24/2020,21:02,.231,.231,.231,.231, 100
01/24/2020,21:06,.232,.232,.231,.231, 5766
01/24/2020,21:12,.23,.23,.23,.23, 100
01/24/2020,21:15,.23,.231,.23,.231, 2000
01/24/2020,21:17,.23,.23,.23,.23, 540
01/24/2020,21:18,.23,.23,.23,.23, 2300
01/24/2020,21:20,.23,.23,.23,.23, 1100
01/24/2020,21:23,.23,.231,.23,.231, 3400
01/24/2020,21:24,.23,.23,.23,.23, 200
01/24/2020,21:26,.232,.232,.23,.23, 12100
01/24/2020,21:32,.23,.231,.23,.231, 2100
01/24/2020,21:33,.233,.233,.233,.233, 2600
01/24/2020,21:33,.23,.23,.23,.23, 1000
01/24/2020,21:37,.231,.231,.23,.23, 6659
01/24/2020,21:40,.23,.23,.23,.23, 11404
01/24/2020,21:41,.23,.23,.23,.23, 2603
01/24/2020,21:57,.23,.23,.23,.23, 6420
01/24/2020,21:58,.233,.233,.233,.233, 500
01/27/2020,15:31,.23,.23,.23,.23, 1279
01/27/2020,15:34,.23,.23,.23,.23, 286
01/27/2020,15:40,.238,.238,.229,.229, 2852
01/27/2020,15:49,.23,.23,.228,.228, 2600
01/27/2020,15:52,.228,.228,.227,.227, 6765
01/27/2020,16:08,.227,.227,.225,.227, 5300
01/27/2020,16:18,.226,.226,.226,.226, 100
01/27/2020,16:29,.225,.225,.225,.225, 1300
01/27/2020,16:37,.225,.225,.225,.225, 200
01/27/2020,16:52,.224,.224,.224,.224, 200
01/27/2020,17:11,.224,.224,.224,.224, 13200
01/27/2020,17:24,.224,.226,.224,.226, 3400
01/27/2020,17:27,.225,.225,.225,.225, 500
01/27/2020,17:32,.225,.225,.225,.225, 100
01/27/2020,17:43,.225,.225,.225,.225, 300
01/27/2020,17:48,.225,.225,.225,.225, 300
01/27/2020,17:52,.225,.225,.225,.225, 100
01/27/2020,17:53,.225,.225,.225,.225, 100
01/27/2020,17:54,.225,.225,.225,.225, 100
01/27/2020,17:58,.225,.225,.225,.225, 3000
01/27/2020,18:09,.225,.225,.225,.225, 100
01/27/2020,18:10,.225,.225,.225,.225, 100
01/27/2020,18:11,.225,.225,.225,.225, 100
01/27/2020,18:12,.225,.225,.225,.225, 100
01/27/2020,18:14,.225,.225,.225,.225, 190
01/27/2020,18:16,.225,.225,.225,.225, 174
01/27/2020,18:20,.225,.225,.225,.225, 900
01/27/2020,18:21,.225,.225,.225,.225, 100
01/27/2020,18:22,.225,.225,.225,.225, 200
01/27/2020,18:25,.225,.225,.225,.225, 400
01/27/2020,18:26,.225,.225,.225,.225, 5000
01/27/2020,18:34,.225,.225,.225,.225, 200
01/27/2020,18:47,.225,.225,.225,.225, 5000
01/27/2020,18:47,.225,.225,.225,.225, 100
01/27/2020,18:49,.225,.225,.225,.225, 4000
01/27/2020,18:53,.225,.225,.22,.22, 17007
01/27/2020,19:00,.225,.225,.22,.22, 850
01/27/2020,19:03,.22,.22,.22,.22, 300
01/27/2020,19:06,.223,.223,.223,.223, 100
01/27/2020,19:11,.22,.22,.22,.22, 1000
01/27/2020,19:12,.222,.222,.222,.222, 500
01/27/2020,19:13,.222,.222,.222,.222, 430
01/27/2020,19:14,.22,.22,.22,.22, 100
01/27/2020,19:18,.221,.221,.221,.221, 100
01/27/2020,19:26,.22,.22,.22,.22, 200
01/27/2020,19:38,.221,.229,.221,.229, 23027
01/27/2020,19:42,.221,.221,.221,.221, 300
01/27/2020,19:48,.227,.227,.227,.227, 140
01/27/2020,19:49,.221,.221,.221,.221, 340
01/27/2020,19:55,.226,.226,.226,.226, 100
01/27/2020,20:01,.223,.223,.221,.221, 200
01/27/2020,20:05,.221,.221,.221,.221, 100
01/27/2020,20:11,.225,.225,.225,.225, 3000
01/27/2020,20:16,.226,.226,.226,.226, 100
01/27/2020,20:25,.225,.225,.225,.225, 100
01/27/2020,20:26,.223,.223,.223,.223, 100
01/27/2020,20:28,.223,.223,.223,.223, 100
01/27/2020,20:29,.225,.225,.225,.225, 3000
01/27/2020,20:30,.221,.221,.221,.221, 100
01/27/2020,20:33,.226,.226,.226,.226, 100
01/27/2020,20:37,.226,.226,.226,.226, 100
01/27/2020,20:40,.225,.225,.225,.225, 200
01/27/2020,20:48,.225,.225,.225,.225, 100
01/27/2020,20:51,.225,.226,.225,.226, 12474
01/27/2020,20:52,.225,.225,.225,.225, 100
01/27/2020,20:56,.226,.226,.226,.226, 100
01/27/2020,21:01,.225,.225,.225,.225, 100
01/27/2020,21:05,.225,.225,.225,.225, 300
01/27/2020,21:08,.226,.226,.226,.226, 100
01/27/2020,21:13,.225,.225,.225,.225, 100
01/27/2020,21:14,.228,.228,.228,.228, 200
01/27/2020,21:17,.225,.225,.225,.225, 100
01/27/2020,21:21,.226,.226,.226,.226, 100
01/27/2020,21:25,.225,.225,.225,.225, 100
01/27/2020,21:27,.226,.226,.226,.226, 200
01/27/2020,21:28,.225,.225,.225,.225, 300
01/27/2020,21:29,.225,.225,.225,.225, 200
01/27/2020,21:30,.227,.227,.225,.225, 400
01/27/2020,21:31,.225,.225,.225,.225, 100
01/27/2020,21:33,.225,.225,.225,.225, 100
01/27/2020,21:36,.225,.225,.225,.225, 100
01/27/2020,21:39,.226,.226,.226,.226, 100
01/27/2020,21:41,.226,.226,.226,.226, 100
01/27/2020,21:43,.225,.225,.225,.225, 200
01/27/2020,21:45,.225,.225,.225,.225, 100
01/27/2020,21:47,.225,.225,.225,.225, 400
01/27/2020,21:50,.225,.225,.225,.225, 200
01/27/2020,21:51,.225,.225,.225,.225, 400
01/27/2020,21:51,.226,.226,.226,.226, 100
01/27/2020,21:56,.227,.229,.226,.226, 300
01/27/2020,22:01,.226,.226,.226,.226, 10124
01/28/2020,15:31,.223,.223,.22,.22, 20497
01/28/2020,15:36,.22,.22,.22,.22, 360
01/28/2020,15:38,.224,.224,.224,.224, 998
01/28/2020,15:39,.22,.22,.22,.22, 300
01/28/2020,15:56,.22,.22,.22,.22, 480
01/28/2020,16:17,.22,.22,.22,.22, 200
01/28/2020,16:19,.22,.22,.22,.22, 200
01/28/2020,16:24,.22,.22,.22,.22, 449
01/28/2020,16:31,.22,.22,.22,.22, 100
01/28/2020,16:41,.229,.229,.22,.22, 2486
01/28/2020,16:43,.228,.228,.228,.228, 500
01/28/2020,16:50,.229,.229,.229,.229, 100
01/28/2020,17:01,.22,.22,.22,.22, 13000
01/28/2020,17:11,.22,.22,.22,.22, 100
01/28/2020,17:14,.229,.229,.229,.229, 25300
01/28/2020,17:16,.22,.225,.22,.225, 200
01/28/2020,17:25,.226,.226,.226,.226, 1000
01/28/2020,17:28,.225,.225,.225,.225, 100
01/28/2020,17:29,.226,.226,.226,.226, 100
01/28/2020,17:32,.225,.225,.225,.225, 200
01/28/2020,17:37,.225,.225,.225,.225, 500
01/28/2020,17:39,.225,.225,.225,.225, 100
01/28/2020,17:39,.224,.224,.224,.224, 695
01/28/2020,17:41,.225,.225,.225,.225, 100
01/28/2020,17:42,.224,.224,.224,.224, 100
01/28/2020,17:46,.224,.224,.224,.224, 100
01/28/2020,18:09,.224,.224,.224,.224, 2141
01/28/2020,18:15,.223,.223,.223,.223, 500
01/28/2020,18:25,.223,.223,.22,.22, 1550
01/28/2020,18:25,.22,.22,.22,.22, 100
01/28/2020,18:36,.22,.22,.22,.22, 100
01/28/2020,18:51,.223,.223,.223,.223, 100
01/28/2020,18:53,.222,.222,.222,.222, 500
01/28/2020,18:56,.22,.22,.22,.22, 100
01/28/2020,19:05,.223,.223,.22,.221, 4350
01/28/2020,19:26,.22,.22,.22,.22, 100
01/28/2020,19:32,.22,.22,.22,.22, 200
01/28/2020,19:40,.223,.223,.223,.223, 100
01/28/2020,19:50,.223,.223,.223,.223, 1450
01/28/2020,19:58,.223,.223,.223,.223, 1971
01/28/2020,20:03,.222,.222,.222,.222, 506
01/28/2020,20:08,.222,.222,.222,.222, 100
01/28/2020,20:12,.223,.223,.223,.223, 100
01/28/2020,20:17,.223,.223,.223,.223, 7500
01/28/2020,20:21,.223,.223,.223,.223, 100
01/28/2020,20:22,.225,.225,.224,.224, 200
01/28/2020,20:29,.225,.225,.225,.225, 175
01/28/2020,20:40,.224,.224,.224,.224, 3000
01/28/2020,20:43,.224,.225,.223,.224, 800
01/28/2020,20:53,.224,.224,.224,.224, 100
01/28/2020,21:27,.224,.224,.224,.224, 500
01/28/2020,21:30,.224,.224,.224,.224, 245
01/28/2020,21:39,.223,.223,.223,.223, 100
01/28/2020,21:46,.223,.223,.223,.223, 100
01/28/2020,21:49,.22,.22,.22,.22, 700
01/28/2020,21:56,.22,.22,.22,.22, 181
01/29/2020,15:31,.22,.22,.22,.22, 4764
01/29/2020,15:32,.226,.226,.226,.226, 1390
01/29/2020,15:34,.225,.225,.22,.22, 7830
01/29/2020,15:41,.22,.22,.22,.22, 2166
01/29/2020,15:50,.22,.22,.22,.22, 100
01/29/2020,15:51,.22,.22,.22,.22, 125
01/29/2020,16:06,.22,.22,.22,.22, 100
01/29/2020,16:16,.22,.22,.22,.22, 100
01/29/2020,16:17,.22,.22,.22,.22, 100
01/29/2020,16:19,.22,.22,.22,.22, 100
01/29/2020,16:21,.22,.22,.22,.22, 100
01/29/2020,16:22,.22,.22,.22,.22, 100
01/29/2020,16:22,.22,.22,.22,.22, 200
01/29/2020,16:23,.22,.22,.22,.22, 100
01/29/2020,16:25,.22,.22,.22,.22, 100
01/29/2020,16:26,.22,.22,.22,.22, 100
01/29/2020,16:27,.22,.22,.22,.22, 100
01/29/2020,16:28,.22,.22,.22,.22, 100
01/29/2020,16:30,.22,.22,.22,.22, 100
01/29/2020,16:31,.224,.224,.22,.22, 200
01/29/2020,16:32,.225,.225,.22,.22, 200
01/29/2020,16:33,.22,.22,.22,.22, 100
01/29/2020,16:35,.22,.22,.22,.22, 100
01/29/2020,16:36,.22,.225,.22,.225, 400
01/29/2020,16:37,.225,.237,.221,.221, 9951
01/29/2020,16:38,.221,.221,.221,.221, 100
01/29/2020,16:40,.221,.221,.221,.221, 100
01/29/2020,16:41,.221,.221,.221,.221, 100
01/29/2020,16:42,.221,.221,.221,.221, 100
01/29/2020,16:44,.221,.225,.221,.225, 877
01/29/2020,16:45,.221,.221,.221,.221, 100
01/29/2020,16:46,.222,.222,.222,.222, 100
01/29/2020,16:47,.222,.222,.222,.222, 100
01/29/2020,16:51,.222,.222,.222,.222, 100
01/29/2020,16:52,.222,.222,.222,.222, 100
01/29/2020,16:55,.222,.222,.222,.222, 100
01/29/2020,16:56,.222,.222,.222,.222, 100
01/29/2020,16:57,.222,.222,.222,.222, 100
01/29/2020,17:00,.221,.221,.221,.221, 200
01/29/2020,17:08,.222,.222,.222,.222, 100
01/29/2020,17:31,.221,.221,.221,.221, 2215
01/29/2020,17:35,.221,.221,.221,.221, 380
01/29/2020,17:36,.221,.223,.22,.22, 4232
01/29/2020,17:43,.22,.22,.22,.22, 200
01/29/2020,17:48,.22,.22,.22,.22, 100
01/29/2020,17:57,.221,.221,.221,.221, 500
01/29/2020,18:03,.229,.229,.229,.229, 500
01/29/2020,18:18,.229,.229,.229,.229, 100
01/29/2020,18:23,.221,.221,.221,.221, 100
01/29/2020,18:26,.221,.221,.221,.221, 200
01/29/2020,18:30,.221,.221,.221,.221, 500
01/29/2020,18:47,.228,.228,.228,.228, 100
01/29/2020,18:47,.223,.223,.223,.223, 250
01/29/2020,18:58,.221,.221,.221,.221, 100
01/29/2020,19:01,.222,.222,.222,.222, 1600
01/29/2020,19:02,.221,.225,.221,.225, 300
01/29/2020,19:06,.224,.224,.224,.224, 100
01/29/2020,19:13,.22,.22,.22,.22, 100
01/29/2020,19:17,.22,.22,.22,.22, 100
01/29/2020,19:19,.221,.221,.221,.221, 4056
01/29/2020,19:42,.228,.228,.228,.228, 950
01/29/2020,19:42,.22,.22,.22,.22, 150
01/29/2020,19:59,.22,.22,.22,.22, 1000
01/29/2020,20:02,.228,.228,.228,.228, 6000
01/29/2020,20:08,.224,.224,.224,.224, 200
01/29/2020,20:18,.221,.221,.221,.221, 100
01/29/2020,20:21,.221,.221,.221,.221, 100
01/29/2020,20:21,.221,.221,.221,.221, 150
01/29/2020,20:32,.221,.221,.221,.221, 200
01/29/2020,20:36,.221,.221,.221,.221, 100
01/29/2020,21:06,.221,.221,.221,.221, 400
01/29/2020,21:07,.221,.221,.221,.221, 100
01/29/2020,21:17,.222,.222,.222,.222, 100
01/29/2020,21:23,.222,.222,.222,.222, 200
01/29/2020,21:25,.222,.222,.222,.222, 200
01/29/2020,21:30,.227,.227,.227,.227, 130
01/29/2020,21:34,.222,.222,.222,.222, 500
01/29/2020,21:40,.227,.227,.227,.227, 500
01/29/2020,21:44,.223,.223,.223,.223, 200
01/29/2020,21:49,.222,.222,.222,.222, 100
01/29/2020,21:52,.222,.222,.222,.222, 200
01/29/2020,21:53,.221,.221,.221,.221, 572
01/29/2020,22:00,.223,.223,.223,.223, 517
01/29/2020,22:01,.23,.23,.23,.23, 100
01/30/2020,15:31,.221,.221,.221,.221, 2400
01/30/2020,15:35,.229,.229,.229,.229, 157
01/30/2020,15:40,.228,.228,.228,.228, 400
01/30/2020,15:42,.222,.222,.222,.222, 13351
01/30/2020,16:03,.222,.222,.222,.222, 300
01/30/2020,16:05,.224,.227,.221,.221, 8919
01/30/2020,16:07,.227,.227,.221,.224, 6700
01/30/2020,16:09,.221,.221,.221,.221, 200
01/30/2020,16:11,.227,.227,.221,.224, 9961
01/30/2020,16:12,.227,.227,.227,.227, 100
01/30/2020,16:13,.221,.221,.221,.221, 100
01/30/2020,16:15,.223,.223,.223,.223, 400
01/30/2020,16:20,.223,.223,.221,.223, 300
01/30/2020,16:20,.225,.225,.225,.225, 100
01/30/2020,16:21,.221,.221,.221,.221, 100
01/30/2020,16:24,.222,.223,.222,.223, 2600
01/30/2020,16:28,.221,.222,.221,.222, 200
01/30/2020,16:34,.221,.221,.221,.221, 400
01/30/2020,16:38,.22,.22,.22,.22, 100
01/30/2020,16:40,.22,.22,.22,.22, 400
01/30/2020,16:44,.22,.22,.22,.22, 297
01/30/2020,16:46,.22,.221,.22,.221, 17529
01/30/2020,16:48,.221,.221,.221,.221, 300
01/30/2020,16:48,.221,.221,.221,.221, 100
01/30/2020,16:51,.221,.221,.221,.221, 100
01/30/2020,16:56,.222,.222,.222,.222, 100
01/30/2020,16:58,.221,.221,.221,.221, 100
01/30/2020,17:02,.22,.22,.22,.22, 300
01/30/2020,17:04,.221,.221,.215,.221, 22906
01/30/2020,17:04,.221,.221,.221,.221, 100
01/30/2020,17:10,.215,.215,.215,.215, 1600
01/30/2020,17:18,.22,.221,.218,.221, 11400
01/30/2020,17:18,.221,.221,.22,.22, 500
01/30/2020,17:19,.221,.221,.221,.221, 5000
01/30/2020,17:20,.221,.221,.221,.221, 100
01/30/2020,17:29,.221,.221,.221,.221, 160
01/30/2020,17:34,.221,.221,.221,.221, 100
01/30/2020,17:53,.221,.221,.221,.221, 200
01/30/2020,17:57,.221,.222,.221,.221, 8229
01/30/2020,17:57,.222,.222,.222,.222, 200
01/30/2020,18:23,.221,.222,.221,.222, 500
01/30/2020,18:26,.222,.222,.222,.222, 100
01/30/2020,18:31,.222,.222,.222,.222, 100
01/30/2020,18:49,.222,.222,.222,.222, 3004
01/30/2020,18:53,.222,.222,.222,.222, 100
01/30/2020,19:13,.223,.223,.223,.223, 500
01/30/2020,19:14,.223,.226,.223,.226, 2050
01/30/2020,19:47,.223,.223,.223,.223, 300
01/30/2020,19:48,.226,.226,.222,.222, 1100
01/30/2020,20:02,.222,.222,.222,.222, 200
01/30/2020,20:09,.226,.226,.226,.226, 100
01/30/2020,20:28,.222,.222,.222,.222, 100
01/30/2020,20:48,.223,.223,.223,.223, 200
01/30/2020,20:57,.223,.223,.223,.223, 200
01/30/2020,20:59,.223,.223,.222,.222, 400
01/30/2020,21:00,.223,.223,.223,.223, 200
01/30/2020,21:06,.222,.222,.222,.222, 100
01/30/2020,21:10,.223,.223,.223,.223, 200
01/30/2020,21:12,.224,.224,.224,.224, 100
01/30/2020,21:20,.223,.223,.223,.223, 200
01/30/2020,21:29,.224,.224,.224,.224, 200
01/30/2020,21:33,.224,.224,.224,.224, 100
01/30/2020,21:36,.224,.224,.223,.223, 200
01/30/2020,21:36,.224,.224,.224,.224, 150
01/30/2020,21:38,.224,.224,.224,.224, 100
01/30/2020,21:42,.224,.224,.224,.224, 100
01/30/2020,21:42,.223,.223,.223,.223, 100
01/30/2020,21:46,.224,.224,.224,.224, 100
01/30/2020,21:52,.224,.224,.223,.223, 300
01/30/2020,21:53,.223,.223,.223,.223, 100
01/30/2020,21:55,.223,.223,.223,.223, 200
01/30/2020,21:58,.223,.223,.223,.223, 400
01/30/2020,22:01,.216,.216,.216,.216, 101
01/31/2020,15:31,.215,.215,.215,.215, 441
01/31/2020,15:34,.216,.216,.216,.216, 100
01/31/2020,15:36,.218,.218,.218,.218, 100
01/31/2020,15:48,.218,.218,.218,.218, 100
01/31/2020,15:53,.226,.226,.226,.226, 225
01/31/2020,16:01,.218,.218,.218,.218, 100
01/31/2020,16:03,.22,.22,.22,.22, 500
01/31/2020,16:04,.225,.225,.225,.225, 1725
01/31/2020,16:08,.225,.225,.22,.22, 308
01/31/2020,16:09,.225,.225,.225,.225, 200
01/31/2020,16:18,.22,.223,.22,.22, 32202
01/31/2020,16:21,.22,.22,.22,.22, 1700
01/31/2020,16:21,.225,.225,.225,.225, 4350
01/31/2020,16:28,.225,.225,.225,.225, 600
01/31/2020,16:29,.223,.223,.223,.223, 295
01/31/2020,16:32,.219,.219,.219,.219, 100
01/31/2020,16:43,.219,.219,.219,.219, 200
01/31/2020,16:44,.223,.223,.223,.223, 990
01/31/2020,16:53,.225,.225,.225,.225, 100
01/31/2020,17:06,.225,.225,.225,.225, 1000
01/31/2020,17:10,.225,.225,.225,.225, 100
01/31/2020,17:24,.221,.221,.221,.221, 100
01/31/2020,17:27,.221,.221,.221,.221, 100
01/31/2020,17:29,.221,.221,.221,.221, 200
01/31/2020,17:35,.221,.221,.221,.221, 100
01/31/2020,17:46,.221,.221,.221,.221, 1777
01/31/2020,17:46,.221,.221,.221,.221, 100
01/31/2020,17:52,.221,.221,.221,.221, 100
01/31/2020,17:57,.221,.221,.221,.221, 100
01/31/2020,18:04,.221,.221,.221,.221, 450
01/31/2020,18:06,.221,.221,.221,.221, 100
01/31/2020,18:26,.221,.221,.221,.221, 200
01/31/2020,18:27,.221,.221,.221,.221, 100
01/31/2020,18:28,.222,.222,.222,.222, 200
01/31/2020,18:38,.221,.221,.221,.221, 100
01/31/2020,18:40,.221,.221,.221,.221, 100
01/31/2020,18:45,.221,.221,.221,.221, 100
01/31/2020,18:48,.222,.222,.222,.222, 1400
01/31/2020,18:48,.222,.222,.222,.222, 100
01/31/2020,18:50,.222,.222,.222,.222, 100
01/31/2020,19:14,.221,.222,.221,.222, 400
01/31/2020,19:14,.222,.222,.222,.222, 100
01/31/2020,19:38,.222,.222,.222,.222, 100
01/31/2020,19:40,.222,.222,.222,.222, 200
01/31/2020,19:42,.221,.221,.221,.221, 100
01/31/2020,19:50,.221,.221,.221,.221, 100
01/31/2020,19:54,.221,.221,.221,.221, 181
01/31/2020,19:55,.221,.221,.22,.221, 313
01/31/2020,20:00,.222,.222,.221,.222, 2700
01/31/2020,20:02,.221,.221,.221,.221, 100
01/31/2020,20:10,.221,.221,.221,.221, 300
01/31/2020,20:21,.221,.221,.221,.221, 200
01/31/2020,20:22,.222,.222,.221,.221, 1800
01/31/2020,20:30,.222,.222,.222,.222, 100
01/31/2020,20:31,.221,.221,.221,.221, 100
01/31/2020,21:00,.221,.222,.221,.222, 300
01/31/2020,21:04,.221,.221,.221,.221, 100
01/31/2020,21:06,.221,.221,.221,.221, 100
01/31/2020,21:09,.221,.221,.221,.221, 100
01/31/2020,21:14,.22,.22,.22,.22, 1500
01/31/2020,21:27,.222,.222,.222,.222, 200
01/31/2020,21:29,.222,.222,.222,.222, 217
01/31/2020,21:34,.222,.222,.222,.222, 297
01/31/2020,21:34,.222,.225,.222,.225, 10100
01/31/2020,21:41,.225,.225,.225,.225, 100
01/31/2020,21:43,.224,.225,.224,.225, 696
01/31/2020,21:43,.225,.225,.225,.225, 100
01/31/2020,21:45,.223,.223,.223,.223, 100
01/31/2020,21:46,.224,.224,.224,.224, 211
01/31/2020,21:46,.223,.223,.223,.223, 393
01/31/2020,21:54,.221,.221,.221,.221, 100
01/31/2020,21:56,.22,.22,.22,.22, 100
01/31/2020,21:57,.22,.22,.22,.22, 1836
01/31/2020,21:59,.223,.223,.223,.223, 198
01/31/2020,22:00,.223,.223,.22,.22, 613

