02/17/2020,06:10,2.1881,2.1881,2.1881,2.1881, 1
02/17/2020,08:10,2.1881,2.1881,2.1881,2.1881, 1
02/17/2020,13:12,2.1885,2.1885,2.1885,2.1885, 1
02/18/2020,13:14,2.1856,2.1856,2.1856,2.1856, 1
02/19/2020,13:08,2.1789,2.1789,2.1789,2.1789, 1
02/20/2020,13:08,2.18,2.18,2.18,2.18, 1
02/21/2020,13:06,2.1819,2.1819,2.1819,2.1819, 1
02/24/2020,13:10,2.1848,2.1848,2.1848,2.1848, 1
02/25/2020,13:09,2.1881,2.1881,2.1881,2.1881, 1
02/26/2020,13:06,2.1977,2.1977,2.1977,2.1977, 1
02/28/2020,13:10,2.2197,2.2197,2.2197,2.2197, 1

