04/02/2020,05:15,.031,.031,.031,.031, 50000
04/02/2020,07:11,.032,.032,.032,.032, 15000
04/06/2020,05:06,.035,.035,.035,.035, 3736
04/06/2020,07:44,.036,.036,.036,.036, 16810
04/06/2020,08:20,.035,.035,.035,.035, 2433
04/06/2020,08:31,.035,.035,.035,.035, 1737
04/08/2020,02:29,.036,.036,.036,.036, 23190
04/08/2020,07:49,.038,.038,.038,.038, 96634
04/08/2020,07:51,.039,.039,.039,.039, 220844
04/08/2020,08:16,.039,.039,.039,.039, 20
04/09/2020,02:29,.039,.039,.039,.039, 51282
04/16/2020,07:07,.038,.038,.038,.038, 12750
04/17/2020,02:42,.038,.038,.038,.038, 40000
04/17/2020,02:42,.037,.037,.036,.036, 50810

