04/01/2020,09:01,185.05,185.05,183,183, 33675
04/01/2020,09:02,183,183.35,182,183.35, 28214
04/01/2020,09:03,183,184.4,182,182.35, 5148
04/01/2020,09:04,183,183.95,183,183.85, 2472
04/01/2020,09:05,183.9,184.5,183,183.5, 8641
04/01/2020,09:06,183.9,184.8,183.4,183.6, 2250
04/01/2020,09:07,183.6,185.7,183.45,184.95, 8345
04/01/2020,09:08,184.95,184.95,183.5,184.05, 1453
04/01/2020,09:09,183.6,184.9,183.6,184.25, 3081
04/01/2020,09:10,183.9,184.55,183.7,184.15, 2507
04/01/2020,09:11,184.5,184.55,184.2,184.2, 858
04/01/2020,09:12,184.55,184.65,183.7,184.05, 6632
04/01/2020,09:13,184.05,184.55,184.05,184.4, 1122
04/01/2020,09:14,184.4,184.8,184.15,184.65, 2964
04/01/2020,09:15,185,185.65,184.25,184.6, 4772
04/01/2020,09:16,184.5,184.5,183.85,184.1, 4703
04/01/2020,09:17,184.15,184.25,184,184.1, 6467
04/01/2020,09:18,183.95,184.2,183.75,184.2, 5023
04/01/2020,09:19,184.4,184.7,184.25,184.45, 4022
04/01/2020,09:20,184.6,184.6,184.05,184.15, 1867
04/01/2020,09:21,184,184.15,183.6,183.95, 9369
04/01/2020,09:22,183.75,184,183.75,184, 1401
04/01/2020,09:23,183.95,184.05,183.6,184.05, 3430
04/01/2020,09:24,184.2,184.3,183.95,184.05, 1690
04/01/2020,09:25,184.05,184.05,183.4,183.65, 11975
04/01/2020,09:26,183.8,183.9,183.15,183.15, 5020
04/01/2020,09:27,183.2,183.35,182.95,183.2, 9047
04/01/2020,09:28,183.3,183.35,183.3,183.35, 23
04/01/2020,09:29,183.35,183.8,183.25,183.35, 5906
04/01/2020,09:30,183.45,183.45,183.2,183.3, 3799
04/01/2020,09:31,183.15,183.15,182.55,182.75, 4239
04/01/2020,09:32,182.85,183.2,182.85,183.2, 7238
04/01/2020,09:33,183.3,183.3,182.6,182.75, 3580
04/01/2020,09:34,182.65,183.2,182.65,183.2, 1838
04/01/2020,09:35,182.95,183.05,182.4,182.4, 18882
04/01/2020,09:36,182.25,182.5,182.05,182.5, 4732
04/01/2020,09:37,182.65,182.85,182.4,182.85, 1020
04/01/2020,09:38,182.9,182.9,182.6,182.6, 447
04/01/2020,09:39,182.7,182.7,182.15,182.15, 3892
04/01/2020,09:40,182.2,182.5,182,182.5, 9233
04/01/2020,09:41,182.65,182.65,182.45,182.65, 1169
04/01/2020,09:42,182.55,182.7,182.55,182.7, 106
04/01/2020,09:43,182.75,183,182.6,182.95, 4761
04/01/2020,09:44,182.8,182.8,182.5,182.65, 3257
04/01/2020,09:45,182.65,182.95,182.65,182.95, 822
04/01/2020,09:46,182.95,183,182.75,182.9, 2777
04/01/2020,09:47,182.95,182.95,182.6,182.7, 1692
04/01/2020,09:48,182.7,182.75,182.35,182.35, 921
04/01/2020,09:49,182.45,182.45,182.1,182.15, 4061
04/01/2020,09:50,182.2,182.3,181.9,182, 18318
04/01/2020,09:51,182,182.05,181.65,181.85, 6796
04/01/2020,09:52,181.85,182,181.65,181.65, 2785
04/01/2020,09:53,181.9,182.15,181.85,181.9, 4251
04/01/2020,09:54,181.95,181.95,181.6,181.6, 1213
04/01/2020,09:55,181.55,181.55,181.1,181.1, 4675
04/01/2020,09:56,181.5,181.55,181.3,181.55, 709
04/01/2020,09:57,181.4,181.55,181.3,181.4, 930
04/01/2020,09:58,181.35,181.95,181.3,181.95, 2147
04/01/2020,09:59,181.8,182,181.8,182, 3185
04/01/2020,10:00,182,182.2,182,182.2, 1858
04/01/2020,10:01,182.1,182.1,181.5,181.65, 7089
04/01/2020,10:02,181.4,181.5,181.4,181.4, 345
04/01/2020,10:03,181.4,181.4,181.05,181.2, 3088
04/01/2020,10:03,181.1,181.3,181.05,181.3, 4028
04/01/2020,10:05,181.3,181.45,181.25,181.4, 399
04/01/2020,10:06,181.3,181.35,181,181, 3149
04/01/2020,10:07,181.05,181.45,180.85,181.35, 7912
04/01/2020,10:08,181.35,181.7,181.35,181.45, 3363
04/01/2020,10:09,181.55,181.6,181.45,181.45, 695
04/01/2020,10:10,181.65,181.85,181.65,181.8, 1207
04/01/2020,10:11,181.85,182.05,181.8,182.05, 6397
04/01/2020,10:12,182.15,182.75,182.1,182.65, 2252
04/01/2020,10:13,182.25,182.65,182.2,182.65, 1093
04/01/2020,10:14,182.45,182.7,182.4,182.45, 5853
04/01/2020,10:15,182.4,182.75,182.3,182.75, 6915
04/01/2020,10:16,182.7,182.7,182.55,182.55, 1098
04/01/2020,10:17,182.55,182.55,182.3,182.5, 2702
04/01/2020,10:18,182.25,182.4,182.15,182.3, 1619
04/01/2020,10:19,182.3,182.3,182.15,182.25, 389
04/01/2020,10:20,182.1,182.15,181.95,182, 4079
04/01/2020,10:21,181.9,182,181.75,182, 1989
04/01/2020,10:21,182.05,182.15,181.9,181.9, 2481
04/01/2020,10:23,181.75,181.75,181.3,181.7, 5078
04/01/2020,10:24,181.6,181.7,181.4,181.5, 2813
04/01/2020,10:25,181.5,181.65,181.45,181.65, 338
04/01/2020,10:26,181.65,181.75,181.65,181.65, 715
04/01/2020,10:27,181.6,181.6,181.25,181.35, 3785
04/01/2020,10:28,181.3,181.45,181.3,181.45, 536
04/01/2020,10:29,181.45,181.45,181.3,181.3, 999
04/01/2020,10:30,181.1,181.35,180.95,181.1, 10948
04/01/2020,10:31,181.05,181.05,180.75,180.75, 1296
04/01/2020,10:32,180.8,181.1,180.7,181, 2896
04/01/2020,10:33,180.8,180.9,180.7,180.9, 696
04/01/2020,10:34,180.95,181.35,180.75,181.05, 3619
04/01/2020,10:35,181.05,181.35,181.05,181.35, 871
04/01/2020,10:36,181.2,181.3,181.15,181.3, 3409
04/01/2020,10:37,181.2,181.4,181.2,181.4, 2842
04/01/2020,10:38,181.5,181.75,181.5,181.6, 1036
04/01/2020,10:38,181.65,181.75,181.65,181.75, 560
04/01/2020,10:40,181.55,181.6,181.2,181.2, 1452
04/01/2020,10:41,181.05,181.05,181,181.05, 640
04/01/2020,10:42,181.05,181.05,180.8,180.95, 1297
04/01/2020,10:43,180.85,181.1,180.85,181.1, 1636
04/01/2020,10:44,181.05,181.1,180.9,180.9, 4205
04/01/2020,10:45,180.9,181.1,180.9,181.1, 222
04/01/2020,10:46,181.15,181.2,181.1,181.2, 809
04/01/2020,10:47,181.2,181.25,181.15,181.25, 912
04/01/2020,10:47,181.15,181.3,181.15,181.3, 21
04/01/2020,10:49,181.3,181.55,181.3,181.55, 6157
04/01/2020,10:50,181.8,181.9,181.8,181.9, 274
04/01/2020,10:51,182,182.15,182,182.15, 2776
04/01/2020,10:52,182.05,182.15,181.9,181.9, 1208
04/01/2020,10:53,182.1,182.1,181.75,181.75, 1161
04/01/2020,10:54,181.85,181.85,181.55,181.65, 679
04/01/2020,10:55,181.7,181.95,181.6,181.9, 1153
04/01/2020,10:55,181.8,181.8,181.8,181.8, 9
04/01/2020,10:57,182.15,182.15,181.95,181.95, 959
04/01/2020,10:58,181.95,182.1,181.95,182.1, 360
04/01/2020,10:59,182.15,182.4,182.15,182.4, 1311
04/01/2020,11:00,182.45,182.45,182.1,182.35, 2055
04/01/2020,11:01,182.35,182.65,182.3,182.55, 872
04/01/2020,11:02,182.95,183.2,182.85,183.2, 3018
04/01/2020,11:03,183.1,183.1,182.7,182.7, 1011
04/01/2020,11:04,182.65,182.9,182.65,182.85, 168
04/01/2020,11:05,182.95,182.95,182.5,182.5, 356
04/01/2020,11:06,182.6,182.6,182.4,182.4, 655
04/01/2020,11:07,182.6,182.7,182.6,182.7, 1044
04/01/2020,11:08,183,183,182.75,182.75, 2386
04/01/2020,11:09,182.65,182.85,182.65,182.85, 1088
04/01/2020,11:10,182.85,182.95,182.85,182.85, 460
04/01/2020,11:11,182.9,183.15,182.85,183.15, 1213
04/01/2020,11:12,183.1,183.3,183.1,183.3, 1871
04/01/2020,11:13,183.35,183.4,183.35,183.4, 96
04/01/2020,11:14,183.4,183.4,183.2,183.35, 1210
04/01/2020,11:15,183.45,183.5,183.25,183.4, 2467
04/01/2020,11:16,183.45,183.45,183.2,183.2, 1189
04/01/2020,11:17,183.2,183.35,183.2,183.35, 1153
04/01/2020,11:18,183.25,183.25,182.85,182.85, 1772
04/01/2020,11:19,183.15,183.15,183,183.1, 1103
04/01/2020,11:20,182.95,182.95,182.8,182.9, 693
04/01/2020,11:21,182.75,182.8,182.65,182.65, 2016
04/01/2020,11:22,182.75,182.75,182.6,182.65, 1821
04/01/2020,11:23,182.5,182.65,182.25,182.25, 1769
04/01/2020,11:24,182.35,182.35,182.35,182.35, 231
04/01/2020,11:25,182.45,182.45,182.3,182.4, 1269
04/01/2020,11:26,182.65,182.65,182.45,182.6, 1158
04/01/2020,11:27,182.45,182.6,182.45,182.6, 35
04/01/2020,11:29,182.65,182.7,182.65,182.7, 1506
04/01/2020,11:30,182.7,182.75,182.45,182.75, 4318
04/01/2020,11:31,182.75,183.25,182.75,183.25, 4962
04/01/2020,11:32,183.3,183.3,183.2,183.2, 266
04/01/2020,11:33,183.1,183.15,182.95,182.95, 816
04/01/2020,11:34,183,183.1,182.9,183.1, 2072
04/01/2020,11:34,183.2,183.3,183.2,183.2, 796
04/01/2020,11:35,183.2,183.3,183.2,183.3, 108
04/01/2020,11:37,183.25,183.25,183.15,183.15, 547
04/01/2020,11:38,183.25,183.25,183.25,183.25, 10
04/01/2020,11:39,183.25,183.3,183.1,183.3, 885
04/01/2020,11:40,183.4,183.4,183.3,183.4, 1766
04/01/2020,11:41,183.4,183.5,183.25,183.5, 1856
04/01/2020,11:42,183.55,183.55,183.35,183.35, 971
04/01/2020,11:43,183.35,183.45,183.25,183.35, 2785
04/01/2020,11:44,183.5,183.5,183.5,183.5, 779
04/01/2020,11:46,183.5,183.5,183.35,183.5, 925
04/01/2020,11:48,183.4,183.45,183.35,183.45, 145
04/01/2020,11:49,183.45,183.55,183.45,183.55, 1316
04/01/2020,11:50,183.45,183.65,183.45,183.65, 775
04/01/2020,11:51,183.6,183.7,183.55,183.7, 2109
04/01/2020,11:52,183.6,183.7,183.45,183.55, 3016
04/01/2020,11:53,183.65,183.7,183.55,183.7, 2161
04/01/2020,11:54,183.65,183.65,183.45,183.6, 1523
04/01/2020,11:55,183.7,184.5,183.7,184.3, 17366
04/01/2020,11:56,184.25,184.5,184.25,184.5, 1246
04/01/2020,11:56,184.4,184.4,184.25,184.25, 371
04/01/2020,11:58,184.15,184.25,183.8,183.8, 1767
04/01/2020,11:59,183.8,183.9,183.75,183.8, 1763
04/01/2020,11:59,183.7,183.9,183.7,183.9, 26
04/01/2020,12:01,183.9,183.9,183.85,183.9, 492
04/01/2020,12:02,183.95,184.1,183.95,184, 2803
04/01/2020,12:03,183.9,183.9,183.85,183.85, 685
04/01/2020,12:04,183.8,183.9,183.7,183.8, 2582
04/01/2020,12:05,183.75,183.95,183.65,183.65, 511
04/01/2020,12:06,183.6,183.7,183.55,183.7, 539
04/01/2020,12:07,183.8,183.8,183.55,183.65, 1216
04/01/2020,12:08,183.8,183.85,183.5,183.85, 2928
04/01/2020,12:09,183.9,184,183.85,183.9, 2176
04/01/2020,12:10,183.8,183.95,183.7,183.7, 463
04/01/2020,12:11,183.7,183.8,183.45,183.45, 965
04/01/2020,12:12,183.45,183.45,183.45,183.45, 490
04/01/2020,12:13,183.5,183.85,183.5,183.85, 2390
04/01/2020,12:14,183.75,183.75,183.6,183.75, 3750
04/01/2020,12:15,183.65,183.65,183.5,183.6, 1722
04/01/2020,12:16,183.6,183.65,183.5,183.65, 2775
04/01/2020,12:17,183.75,183.85,183.75,183.75, 125
04/01/2020,12:18,183.95,184.2,183.95,184.1, 2118
04/01/2020,12:19,184.15,184.15,184.15,184.15, 247
04/01/2020,12:20,184.25,184.3,184.25,184.3, 487
04/01/2020,12:21,184.35,184.35,184.15,184.15, 1008
04/01/2020,12:22,184.3,184.4,184.15,184.4, 1845
04/01/2020,12:22,184.3,184.3,184.25,184.25, 111
04/01/2020,12:24,184.2,184.35,184.1,184.3, 4002
04/01/2020,12:25,184.25,184.25,184,184.1, 1958
04/01/2020,12:26,184.15,184.25,184.15,184.25, 495
04/01/2020,12:27,184.25,184.35,184.15,184.15, 1299
04/01/2020,12:28,184.25,184.35,184.2,184.35, 1519
04/01/2020,12:28,184.25,184.25,184.2,184.2, 48
04/01/2020,12:30,184.25,184.25,183.75,183.95, 2217
04/01/2020,12:31,184.1,184.4,184.05,184.4, 2740
04/01/2020,12:33,184.35,184.5,184.3,184.35, 9502
04/01/2020,12:34,184.4,184.45,184.4,184.45, 1307
04/01/2020,12:35,184.4,184.5,184.4,184.4, 13051
04/01/2020,12:36,184.5,184.95,184.5,184.95, 20876
04/01/2020,12:37,185,185.8,185,185.35, 11705
04/01/2020,12:38,185.45,185.5,185.45,185.5, 403
04/01/2020,12:39,185.3,185.3,185,185.2, 2034
04/01/2020,12:40,185.3,185.35,185,185.05, 1673
04/01/2020,12:41,185,185,184.9,184.9, 444
04/01/2020,12:42,184.95,185.25,184.9,185.05, 2304
04/01/2020,12:43,185.15,185.15,184.9,185.15, 1910
04/01/2020,12:44,185.2,185.2,185,185, 2793
04/01/2020,12:45,185.15,185.15,184.85,185, 3826
04/01/2020,12:46,185.05,185.2,185.05,185.2, 1269
04/01/2020,12:47,185.1,185.15,184.95,185.1, 1073
04/01/2020,12:48,185.1,185.55,185,185.55, 2377
04/01/2020,12:49,185.45,185.55,185.4,185.5, 1772
04/01/2020,12:50,185.5,185.65,185.45,185.65, 2795
04/01/2020,12:51,185.7,185.8,185.65,185.8, 1064
04/01/2020,12:52,185.7,185.7,185.5,185.5, 1809
04/01/2020,12:53,185.6,185.65,185.3,185.55, 2643
04/01/2020,12:54,185.65,185.7,185.5,185.5, 588
04/01/2020,12:55,185.7,186.25,185.7,186.25, 4911
04/01/2020,12:56,186.25,186.25,186,186, 1394
04/01/2020,12:56,186.1,186.15,186.1,186.15, 451
04/01/2020,12:58,186.2,186.4,186.1,186.1, 2099
04/01/2020,12:59,186.2,186.35,186.2,186.35, 650
04/01/2020,13:00,186.55,186.6,186.55,186.6, 562
04/01/2020,13:01,186.7,186.85,186.6,186.8, 3034
04/01/2020,13:02,186.95,187.15,186.8,187, 7333
04/01/2020,13:03,187.1,187.45,187.1,187.45, 1869
04/01/2020,13:04,187.5,187.5,186.95,187.05, 5089
04/01/2020,13:05,187,187,186.5,186.7, 4591
04/01/2020,13:06,186.75,186.75,186.65,186.65, 561
04/01/2020,13:07,186.6,186.65,186.5,186.65, 1081
04/01/2020,13:07,186.8,186.8,186.7,186.75, 520
04/01/2020,13:08,186.8,186.8,186.65,186.65, 1082
04/01/2020,13:10,186.6,186.6,186.3,186.3, 894
04/01/2020,13:11,186.2,186.4,186.2,186.25, 1261
04/01/2020,13:12,186.2,186.2,186.1,186.15, 727
04/01/2020,13:13,186.2,186.25,186.1,186.25, 2411
04/01/2020,13:14,186.15,186.15,186,186, 1667
04/01/2020,13:15,185.8,186.15,185.8,186.15, 1228
04/01/2020,13:16,186.15,186.3,186.1,186.3, 1295
04/01/2020,13:17,186.2,186.2,186,186.05, 502
04/01/2020,13:17,186.15,186.15,186,186.05, 1160
04/01/2020,13:19,186,186.2,186,186.2, 672
04/01/2020,13:20,186.25,186.3,186.25,186.3, 366
04/01/2020,13:21,186.3,186.3,186.15,186.15, 667
04/01/2020,13:22,186.1,186.1,186.05,186.05, 587
04/01/2020,13:23,186,186,185.85,185.85, 1013
04/01/2020,13:24,185.7,185.95,185.7,185.95, 296
04/01/2020,13:25,186,186.1,186,186.05, 511
04/01/2020,13:26,186,186.05,185.95,186, 1209
04/01/2020,13:27,185.9,185.95,185.8,185.8, 796
04/01/2020,13:28,186,186.05,185.95,186.05, 580
04/01/2020,13:29,186.1,186.1,186.05,186.05, 426
04/01/2020,13:30,186.25,186.4,186.05,186.35, 1910
04/01/2020,13:31,186.45,186.45,186.3,186.3, 1016
04/01/2020,13:31,186.4,186.4,186.4,186.4, 414
04/01/2020,13:33,186.4,186.4,186.35,186.35, 571
04/01/2020,13:34,186.35,186.4,186.2,186.35, 1299
04/01/2020,13:35,186.5,187.9,186.4,187.9, 11399
04/01/2020,13:36,187.95,188.1,187.65,187.65, 5340
04/01/2020,13:37,187.5,187.5,187.35,187.35, 430
04/01/2020,13:38,187.4,187.45,187.2,187.2, 1747
04/01/2020,13:39,187.3,187.65,187.3,187.35, 827
04/01/2020,13:40,187.35,187.6,187.35,187.35, 521
04/01/2020,13:41,187.4,187.5,187.3,187.3, 1536
04/01/2020,13:41,187.35,187.55,187.35,187.55, 669
04/01/2020,13:43,187.55,187.55,187.55,187.55, 15
04/01/2020,13:43,187.45,187.5,187.3,187.5, 1769
04/01/2020,13:45,187.4,187.45,187,187, 2784
04/01/2020,13:46,187.1,187.1,186.75,186.75, 381
04/01/2020,13:47,186.7,186.7,186.1,186.4, 1446
04/01/2020,13:48,186.3,186.4,186.15,186.4, 2322
04/01/2020,13:49,186.45,186.45,185.75,185.75, 1090
04/01/2020,13:50,185.8,186.85,185.8,186.85, 6074
04/01/2020,13:50,186.55,186.9,186.5,186.9, 1771
04/01/2020,13:52,186.9,187,186.7,186.7, 763
04/01/2020,13:53,186.7,186.7,186.6,186.6, 1006
04/01/2020,13:54,186.7,186.8,186.6,186.6, 302
04/01/2020,13:54,186.6,186.6,186.6,186.6, 226
04/01/2020,13:56,186.7,186.7,186.3,186.3, 667
04/01/2020,13:57,186.3,186.65,186.3,186.65, 616
04/01/2020,13:58,186.65,186.65,186.35,186.35, 1857
04/01/2020,13:59,186.3,186.3,186.2,186.2, 951
04/01/2020,14:00,186.3,186.65,186.3,186.55, 2717
04/01/2020,14:01,186.55,186.65,186.55,186.55, 249
04/01/2020,14:02,186.55,186.55,186.5,186.55, 329
04/01/2020,14:02,186.3,186.35,186.3,186.35, 721
04/01/2020,14:03,186.25,186.3,186.25,186.3, 731
04/01/2020,14:05,186.3,186.3,186,186, 1478
04/01/2020,14:06,186,186.05,185.4,185.5, 5571
04/01/2020,14:07,185.5,185.5,185.1,185.5, 4513
04/01/2020,14:08,185.5,185.5,185.5,185.5, 34
04/01/2020,14:09,185.5,185.65,185.5,185.65, 1556
04/01/2020,14:10,185.5,185.55,185.5,185.55, 1259
04/01/2020,14:11,185.7,185.9,185.7,185.9, 2099
04/01/2020,14:12,185.9,185.9,185.55,185.55, 3786
04/01/2020,14:12,185.35,185.35,185.2,185.2, 393
04/01/2020,14:14,185.1,185.2,185.1,185.2, 865
04/01/2020,14:16,185.05,185.7,185,185.6, 6414
04/01/2020,14:17,185.55,185.95,185.3,185.3, 5551
04/01/2020,14:18,185.3,185.3,185.3,185.3, 201
04/01/2020,14:19,185.45,185.75,185.45,185.75, 2059
04/01/2020,14:20,185.95,186.65,185.95,186.65, 3764
04/01/2020,14:21,186.65,186.8,186.4,186.8, 4991
04/01/2020,14:22,186.6,186.6,186.55,186.6, 826
04/01/2020,14:22,186.35,186.5,186.35,186.5, 183
04/01/2020,14:23,186.5,186.55,186.45,186.45, 648
04/01/2020,14:25,186.35,186.55,186.3,186.55, 1330
04/01/2020,14:26,186.6,186.9,186.6,186.7, 2513
04/01/2020,14:27,186.7,186.7,186.55,186.55, 421
04/01/2020,14:28,186.55,186.6,186.5,186.6, 614
04/01/2020,14:29,186.55,187.15,186.5,186.85, 6838
04/01/2020,14:30,186.9,186.9,186.75,186.9, 1256
04/01/2020,14:31,187,187.3,187,187.15, 2164
04/01/2020,14:32,187.1,187.35,187.1,187.35, 864
04/01/2020,14:33,187.4,187.6,187.3,187.4, 5710
04/01/2020,14:34,187.25,187.3,187.2,187.25, 2225
04/01/2020,14:35,187.25,187.6,187.25,187.55, 2813
04/01/2020,14:36,187.5,187.75,187.4,187.5, 3626
04/01/2020,14:37,187.5,187.6,187.45,187.45, 280
04/01/2020,14:37,187.55,187.55,187.15,187.45, 5314
04/01/2020,14:39,187.45,187.5,187.2,187.2, 1172
04/01/2020,14:40,187.35,187.4,187.2,187.2, 1470
04/01/2020,14:41,187.25,187.25,187.1,187.25, 1190
04/01/2020,14:42,187.25,187.3,187.15,187.25, 566
04/01/2020,14:43,187.25,187.45,187.25,187.45, 2213
04/01/2020,14:44,187.4,187.4,187.35,187.35, 969
04/01/2020,14:45,187.35,187.45,187.3,187.45, 1936
04/01/2020,14:46,187.5,187.5,187.3,187.35, 1145
04/01/2020,14:47,187.3,187.6,187.3,187.55, 992
04/01/2020,14:48,187.65,187.75,187.3,187.35, 4991
04/01/2020,14:49,187.35,187.4,187.2,187.3, 2479
04/01/2020,14:50,187.35,187.35,187.25,187.25, 150
04/01/2020,14:51,187.15,187.15,186.9,186.9, 1468
04/01/2020,14:52,186.95,187.25,186.95,187.25, 2377
04/01/2020,14:53,187.2,187.2,187.2,187.2, 150
04/01/2020,14:53,187.2,187.2,187.1,187.1, 753
04/01/2020,14:55,187.15,187.35,187.15,187.35, 603
04/01/2020,14:56,187.25,187.35,187.25,187.3, 726
04/01/2020,14:57,187.25,187.25,187,187.25, 2805
04/01/2020,14:58,187.3,187.45,187.25,187.45, 2457
04/01/2020,14:59,187.45,187.45,187.45,187.45, 125
04/01/2020,15:00,187.35,187.35,187.2,187.25, 767
04/01/2020,15:01,187.3,187.3,187,187, 2404
04/01/2020,15:02,187,187,186.75,186.9, 2444
04/01/2020,15:03,186.95,186.95,186.75,186.75, 1415
04/01/2020,15:04,186.8,186.9,186.75,186.8, 3064
04/01/2020,15:05,186.7,186.75,186.5,186.65, 1973
04/01/2020,15:06,186.7,186.75,186.6,186.75, 829
04/01/2020,15:07,186.75,186.9,186.75,186.75, 533
04/01/2020,15:09,186.9,186.9,186.9,186.9, 1392
04/01/2020,15:10,186.85,186.85,186.85,186.85, 259
04/01/2020,15:11,186.85,186.9,186.75,186.85, 1372
04/01/2020,15:12,186.8,186.85,186.8,186.85, 863
04/01/2020,15:13,186.85,186.95,186.8,186.85, 1659
04/01/2020,15:14,186.85,186.85,186.5,186.5, 1403
04/01/2020,15:15,186.55,186.55,186.35,186.35, 2657
04/01/2020,15:16,186.3,186.8,186.3,186.8, 4267
04/01/2020,15:16,186.8,186.8,186.7,186.7, 1296
04/01/2020,15:18,186.7,186.7,186.5,186.5, 251
04/01/2020,15:19,186.5,186.5,186.4,186.5, 788
04/01/2020,15:19,186.45,186.6,186.25,186.4, 800
04/01/2020,15:21,186.45,186.45,186.3,186.45, 1083
04/01/2020,15:22,186.5,186.5,186.4,186.4, 258
04/01/2020,15:23,186.45,186.45,186.3,186.45, 2052
04/01/2020,15:24,186.3,186.35,185.95,186.1, 4055
04/01/2020,15:25,186.2,186.2,185.8,185.8, 1020
04/01/2020,15:26,185.9,185.9,185.65,185.7, 398
04/01/2020,15:26,185.8,185.8,185.8,185.8, 2
04/01/2020,15:28,185.75,186.1,185.75,186.1, 3935
04/01/2020,15:29,186.05,186.05,185.55,185.55, 2399
04/01/2020,15:30,185.6,185.65,185.6,185.65, 490
04/01/2020,15:31,185.35,185.35,184.85,185, 5037
04/01/2020,15:32,184.85,184.95,184.4,184.7, 3554
04/01/2020,15:33,184.15,184.8,184.15,184.55, 7416
04/01/2020,15:33,184.7,184.75,184.55,184.55, 878
04/01/2020,15:35,184.55,184.65,184,184.65, 6134
04/01/2020,15:36,184.65,184.95,184.65,184.95, 1953
04/01/2020,15:36,184.85,184.85,184.7,184.75, 1430
04/01/2020,15:37,184.75,184.75,184.55,184.65, 1589
04/01/2020,15:37,184.7,184.75,184.7,184.75, 740
04/01/2020,15:38,184.85,184.85,184.7,184.75, 908
04/01/2020,15:38,184.6,184.6,184.6,184.6, 159
04/01/2020,15:38,184.5,184.5,184.4,184.4, 120
04/01/2020,15:39,184.5,184.65,184.5,184.6, 833
04/01/2020,15:39,184.6,184.6,184.6,184.6, 20
04/01/2020,15:40,184.4,184.5,184.25,184.25, 1142
04/01/2020,15:41,184.55,184.55,184.55,184.55, 152
04/01/2020,15:41,184.4,184.4,184.25,184.35, 1488
04/01/2020,15:42,184.4,184.4,184.2,184.2, 969
04/01/2020,15:42,184.4,184.4,184.35,184.35, 916
04/01/2020,15:44,184.55,184.8,184.45,184.8, 2658
04/01/2020,15:44,184.9,185.15,184.5,184.55, 4331
04/01/2020,15:45,184.6,184.7,184.35,184.55, 1920
04/01/2020,15:45,184.45,184.45,184.45,184.45, 112
04/01/2020,15:46,184.35,184.35,184.05,184.2, 822
04/01/2020,15:47,184,184,183.75,183.75, 1761
04/01/2020,15:48,183.7,183.85,183.55,183.75, 2373
04/01/2020,15:49,183.5,183.9,183.5,183.9, 2576
04/01/2020,15:50,183.95,184.05,183.9,183.9, 3149
04/01/2020,15:50,183.85,183.9,183.7,183.7, 1151
04/01/2020,15:51,183.8,184.05,183.7,183.7, 1170
04/01/2020,15:52,183.85,183.85,183.85,183.85, 758
04/01/2020,15:52,183.95,184.25,183.95,184.25, 1393
04/01/2020,15:53,184.25,184.45,184.25,184.45, 505
04/01/2020,15:54,184.15,184.6,184.1,184.6, 12907
04/01/2020,15:55,184.85,185.1,184.75,184.75, 1064
04/01/2020,15:56,184.55,184.55,184.35,184.4, 2314
04/01/2020,15:56,184.4,184.4,184.35,184.35, 130
04/01/2020,15:57,184.3,184.5,184.3,184.35, 2379
04/01/2020,15:58,184.4,184.7,184.15,184.15, 6607
04/01/2020,15:59,184.1,184.3,184.05,184.1, 2681
04/01/2020,16:00,184.05,184.1,184,184.1, 5079
04/01/2020,16:01,184.25,184.85,184.25,184.7, 8933
04/01/2020,16:02,184.75,185.15,184.75,184.85, 2652
04/01/2020,16:02,184.9,184.9,184.7,184.7, 1752
04/01/2020,16:03,184.7,184.85,184.55,184.7, 1864
04/01/2020,16:04,184.75,184.75,184.75,184.75, 383
04/01/2020,16:05,184.85,185.2,184.65,185.1, 7982
04/01/2020,16:05,184.85,185.4,184.85,185.4, 3680
04/01/2020,16:06,185.25,185.3,185.1,185.1, 1795
04/01/2020,16:07,185.1,185.2,185,185, 1928
04/01/2020,16:08,185.1,185.25,185.05,185.25, 2622
04/01/2020,16:08,185.3,185.6,185.3,185.6, 3299
04/01/2020,16:09,185.75,185.9,185.35,185.7, 11869
04/01/2020,16:10,185.8,185.85,185.7,185.7, 1502
04/01/2020,16:11,185.65,185.7,185.4,185.4, 3192
04/01/2020,16:11,185.6,185.85,185.6,185.85, 877
04/01/2020,16:12,185.75,185.75,185.7,185.7, 796
04/01/2020,16:13,185.6,186,185.5,186, 5095
04/01/2020,16:14,185.75,185.8,185.35,185.35, 1749
04/01/2020,16:15,185.4,185.75,185.4,185.75, 1884
04/01/2020,16:16,185.8,185.9,185.75,185.85, 3023
04/01/2020,16:16,185.85,185.85,185.8,185.8, 1576
04/01/2020,16:17,185.95,186,185.9,186, 15180
04/01/2020,16:18,185.9,185.95,185.65,185.9, 5048
04/01/2020,16:19,185.8,185.9,185.75,185.9, 922
04/01/2020,16:20,185.8,185.8,185.4,185.4, 3911
04/01/2020,16:21,185.4,185.55,185.4,185.4, 2248
04/01/2020,16:22,185.45,185.55,185.35,185.4, 3732
04/01/2020,16:22,185.4,185.4,185.1,185.1, 1913
04/01/2020,16:23,185.05,185.25,185.05,185.25, 837
04/01/2020,16:24,185.2,185.2,184.9,185.05, 2104
04/01/2020,16:25,185.1,185.1,184.45,184.8, 5332
04/01/2020,16:26,184.9,185.3,184.9,185.3, 1088
04/01/2020,16:27,185.25,185.25,185.15,185.15, 1492
04/01/2020,16:28,185.35,185.35,185.25,185.25, 1632
04/01/2020,16:29,185.35,185.5,185.35,185.4, 2792
04/01/2020,16:30,185.55,185.55,185.35,185.35, 662
04/01/2020,16:31,185.4,185.4,184.95,185.3, 4728
04/01/2020,16:32,185.1,185.5,185.05,185.5, 3523
04/01/2020,16:32,185.45,185.5,185.4,185.5, 796
04/01/2020,16:33,185.4,185.5,185.1,185.5, 12195
04/01/2020,16:34,185.4,185.55,185.35,185.5, 1810
04/01/2020,16:35,185.55,185.65,185.45,185.6, 6459
04/01/2020,16:35,185.75,185.75,185.6,185.6, 954
04/01/2020,16:37,185.6,185.6,185.55,185.6, 974
04/01/2020,16:37,185.65,185.65,185.4,185.55, 4094
04/01/2020,16:38,185.3,185.3,184.9,185.2, 2478
04/01/2020,16:38,185.2,185.2,185.1,185.2, 709
04/01/2020,16:39,185.05,185.3,185.05,185.15, 1752
04/01/2020,16:40,185.05,185.15,184.8,184.95, 5937
04/01/2020,16:41,184.85,184.95,184.8,184.8, 4720
04/01/2020,16:41,184.85,184.95,184.8,184.95, 6399
04/01/2020,16:42,185,185.15,185,185.15, 2670
04/01/2020,16:43,185.25,185.8,185.2,185.65, 7938
04/01/2020,16:44,185.55,185.75,185.55,185.75, 1312
04/01/2020,16:45,185.75,185.8,185.7,185.8, 1290
04/01/2020,16:46,185.85,186,185.8,186, 6139
04/01/2020,16:47,185.9,185.95,185.75,185.95, 1523
04/01/2020,16:47,185.8,186.1,185.8,186.05, 1983
04/01/2020,16:48,186.05,186.1,185.95,186.1, 2825
04/01/2020,16:49,186,186.15,186,186.15, 385
04/01/2020,16:50,186.05,186.2,186.05,186.1, 3083
04/01/2020,16:51,186.15,186.3,186.05,186.05, 2616
04/01/2020,16:52,185.9,185.95,185.8,185.85, 4621
04/01/2020,16:52,185.85,186.05,185.85,186.05, 901
04/01/2020,16:54,186,186.05,185.95,186, 3718
04/01/2020,16:54,185.9,185.9,185.7,185.8, 4515
04/01/2020,16:55,185.7,185.75,185.1,185.15, 9114
04/01/2020,16:56,185.15,185.15,184.8,184.95, 3994
04/01/2020,16:57,184.9,184.9,184.8,184.9, 1722
04/01/2020,16:58,184.95,185.1,184.8,185, 5944
04/01/2020,16:59,185.05,185.05,184.85,185.05, 2246
04/01/2020,17:00,185,185,184.8,184.8, 5455
04/01/2020,17:01,184.85,184.95,184.65,184.95, 5367
04/01/2020,17:02,184.85,185.25,184.85,185.25, 4604
04/01/2020,17:02,185.3,185.35,185.2,185.3, 4048
04/01/2020,17:03,185.25,185.5,185.2,185.5, 4037
04/01/2020,17:04,185.5,186.4,185.4,186.4, 10753
04/01/2020,17:05,186.4,186.75,186.3,186.6, 5383
04/01/2020,17:06,186.6,186.85,186.55,186.85, 2740
04/01/2020,17:07,186.7,186.95,186.65,186.95, 5341
04/01/2020,17:09,186.95,186.95,186.3,186.4, 13902
04/01/2020,17:10,186.4,186.55,186.05,186.55, 9709
04/01/2020,17:11,186.65,186.65,186.25,186.25, 5928
04/01/2020,17:12,186.15,186.4,186.1,186.25, 3337
04/01/2020,17:13,186.4,186.4,186.25,186.25, 2662
04/01/2020,17:15,186.3,186.3,185.4,185.55, 8491
04/01/2020,17:16,185.4,185.55,184.9,185.4, 8687
04/01/2020,17:18,185.4,185.4,184.5,184.95, 8973
04/01/2020,17:19,184.8,184.8,184.25,184.65, 6101
04/01/2020,17:20,184.7,184.8,183.9,183.9, 5827
04/01/2020,17:21,183.75,184.3,183.6,184.05, 11119
04/01/2020,17:23,184.05,184.05,182.75,182.75, 21121
04/01/2020,17:24,182.8,183.4,182.4,182.9, 18192
04/01/2020,17:25,183.05,183.05,182.45,182.55, 5747
04/01/2020,17:25,182.45,182.55,182.1,182.1, 6531
04/01/2020,17:30,183.65,183.65,183.65,183.65, 660223
04/01/2020,18:01,183.65,183.65,183.65,183.65, 1
04/02/2020,09:01,191.5,192,191.05,192, 47966
04/02/2020,09:02,192.2,195,191.25,193.4, 20559
04/02/2020,09:03,193,195.05,193,194, 17412
04/02/2020,09:04,193.85,195.95,193.85,195.1, 12032
04/02/2020,09:05,195.9,195.9,194,195.3, 8459
04/02/2020,09:06,195.7,196.6,195.5,196.3, 15904
04/02/2020,09:07,196.7,197,195.4,196, 11557
04/02/2020,09:08,195.95,196,194.8,194.8, 10054
04/02/2020,09:09,194.8,194.85,193.55,194.1, 13182
04/02/2020,09:10,194.1,194.55,193.6,193.6, 6653
04/02/2020,09:11,193.55,194.25,193.5,193.8, 5853
04/02/2020,09:12,193.8,195.9,193.5,195.45, 31321
04/02/2020,09:13,195.45,196,194.95,195.65, 16569
04/02/2020,09:14,195.7,196,194.2,196, 17062
04/02/2020,09:15,195.8,196.1,194.7,195.35, 72936
04/02/2020,09:16,195.5,196.75,195.5,196.75, 17949
04/02/2020,09:17,196.75,197.6,196.25,197.6, 21530
04/02/2020,09:18,197.65,198.7,197.35,198.35, 20696
04/02/2020,09:19,198.35,199.1,198.3,198.6, 11130
04/02/2020,09:20,198.8,201.4,198.8,201, 28834
04/02/2020,09:21,201,202.7,201,201.7, 15952
04/02/2020,09:22,201.5,201.7,201.1,201.3, 6426
04/02/2020,09:23,201.4,201.4,200.4,200.5, 11110
04/02/2020,09:24,200.6,200.7,199.6,199.95, 13541
04/02/2020,09:25,199.75,200,199.35,199.65, 11550
04/02/2020,09:26,199.65,200,199.5,200, 6642
04/02/2020,09:27,200.1,200.3,199,199, 18351
04/02/2020,09:28,199,199,197.85,198.1, 10192
04/02/2020,09:29,198.05,198.75,198,198.2, 4829
04/02/2020,09:30,198,198,197.05,198, 9323
04/02/2020,09:31,197.9,198.05,197.3,197.3, 4510
04/02/2020,09:32,197.2,197.5,197,197.3, 13723
04/02/2020,09:33,197.45,197.65,196.5,197.55, 9889
04/02/2020,09:34,197.65,198.1,197.4,198.1, 18335
04/02/2020,09:35,198.2,199,198.2,198.5, 17840
04/02/2020,09:36,198.4,198.85,197.75,198.1, 7878
04/02/2020,09:37,198.15,198.3,197.65,197.65, 8435
04/02/2020,09:38,197.6,197.8,197.6,197.8, 2326
04/02/2020,09:39,197.85,198.1,197.6,197.7, 19264
04/02/2020,09:40,197.7,197.7,197.2,197.2, 1782
04/02/2020,09:41,197.15,197.7,196.6,196.6, 5584
04/02/2020,09:42,196.7,196.75,195.85,196.45, 5047
04/02/2020,09:43,196.65,197.15,196.55,196.95, 3204
04/02/2020,09:44,196.55,197.2,196,197, 2907
04/02/2020,09:45,197.1,197.15,196.85,196.95, 3461
04/02/2020,09:46,196.8,196.85,196.65,196.7, 1499
04/02/2020,09:47,196.9,196.9,196.2,196.2, 2020
04/02/2020,09:48,196.2,196.4,195.75,195.8, 9522
04/02/2020,09:49,195.85,196.2,195.45,195.45, 8411
04/02/2020,09:50,195.5,196,195.5,196, 386
04/02/2020,09:51,196.15,196.15,195.6,195.6, 1347
04/02/2020,09:52,195.55,195.75,195.45,195.7, 2112
04/02/2020,09:53,195.7,196,195.7,195.8, 1184
04/02/2020,09:54,196.15,196.4,195.75,195.75, 3416
04/02/2020,09:55,195.95,196,195.6,195.75, 2317
04/02/2020,09:56,195.85,196.65,195.85,196.5, 6811
04/02/2020,09:57,196.45,196.45,195.85,196.05, 2838
04/02/2020,09:58,196.3,196.4,196.2,196.3, 1301
04/02/2020,09:59,196.25,197,196.25,197, 3795
04/02/2020,10:00,196.7,196.7,196.25,196.35, 3715
04/02/2020,10:01,196.45,196.85,196.4,196.85, 2634
04/02/2020,10:02,196.85,197,196.4,196.4, 4354
04/02/2020,10:03,196.55,196.6,196.45,196.5, 3006
04/02/2020,10:04,196.55,196.8,196.35,196.5, 2247
04/02/2020,10:05,196.45,196.5,196.15,196.15, 2823
04/02/2020,10:06,196.15,196.45,195.9,195.9, 6539
04/02/2020,10:07,195.65,195.95,195.5,195.95, 1391
04/02/2020,10:08,195.95,196,195.75,195.8, 1088
04/02/2020,10:09,195.85,195.95,195.8,195.8, 1790
04/02/2020,10:10,195.7,196.45,195.7,196.35, 5200
04/02/2020,10:11,196.45,196.45,196.05,196.4, 4626
04/02/2020,10:12,196.4,196.5,196.15,196.45, 2736
04/02/2020,10:13,196.35,196.4,196.2,196.3, 4492
04/02/2020,10:14,196.1,196.25,195.95,196, 1953
04/02/2020,10:15,196,196.3,196,196.15, 1709
04/02/2020,10:16,196.25,196.25,195.7,196.05, 6184
04/02/2020,10:17,196.05,196.05,195.45,195.45, 5867
04/02/2020,10:18,195.3,195.45,194.7,195.45, 41915
04/02/2020,10:19,195.55,195.65,195.55,195.65, 551
04/02/2020,10:20,195.65,195.65,195.25,195.25, 1810
04/02/2020,10:21,195.2,195.2,194.95,195.1, 3858
04/02/2020,10:22,195.2,195.25,195,195.15, 1518
04/02/2020,10:23,195.3,195.3,195,195, 1406
04/02/2020,10:24,194.9,195,194.6,194.85, 3559
04/02/2020,10:25,195,195,194.2,194.45, 4105
04/02/2020,10:26,194.45,194.5,194.15,194.2, 7102
04/02/2020,10:27,194.3,194.3,194,194.2, 6578
04/02/2020,10:28,194.1,194.35,194,194.35, 3073
04/02/2020,10:29,194.35,194.65,194.3,194.65, 1838
04/02/2020,10:30,194.7,195.05,194.7,194.85, 3076
04/02/2020,10:31,194.8,194.9,194.7,194.8, 2641
04/02/2020,10:32,194.8,195,194.8,195, 1427
04/02/2020,10:33,195.1,195.15,194.6,194.6, 2762
04/02/2020,10:34,194.5,194.8,194.3,194.75, 1863
04/02/2020,10:35,194.95,194.95,194.65,194.65, 3172
04/02/2020,10:36,194.6,195.05,194.6,194.9, 4518
04/02/2020,10:37,194.95,195.05,194.95,195, 481
04/02/2020,10:38,195,195.1,194.7,194.7, 2989
04/02/2020,10:39,194.75,194.75,194.35,194.5, 4642
04/02/2020,10:40,194.5,194.65,194.2,194.65, 3077
04/02/2020,10:41,194.6,194.75,194.6,194.6, 1194
04/02/2020,10:42,194.6,194.6,194.35,194.5, 7973
04/02/2020,10:43,194.55,195,194.55,195, 1657
04/02/2020,10:44,194.95,194.95,194.1,194.25, 8999
04/02/2020,10:45,194.2,194.3,193.95,194.2, 6494
04/02/2020,10:46,194.3,194.3,193.9,194.1, 1127
04/02/2020,10:47,194.1,194.5,194.1,194.15, 1942
04/02/2020,10:48,194.2,194.2,193.7,193.8, 3473
04/02/2020,10:49,193.8,194.15,193.8,194.15, 1741
04/02/2020,10:50,194.1,194.25,194,194.2, 6291
04/02/2020,10:51,194.05,194.05,193.95,194, 1056
04/02/2020,10:52,193.9,194.3,193.9,194.25, 3234
04/02/2020,10:53,194.25,194.3,194.2,194.3, 787
04/02/2020,10:54,194.15,194.15,194,194.15, 3527
04/02/2020,10:55,194.25,194.3,194.05,194.05, 1558
04/02/2020,10:56,194.2,194.3,194.2,194.2, 2071
04/02/2020,10:57,194.25,194.25,194.05,194.05, 587
04/02/2020,10:58,194.05,194.05,193.25,193.6, 3009
04/02/2020,10:59,193.6,193.9,193.6,193.75, 2054
04/02/2020,11:00,193.7,193.75,193.7,193.75, 99
04/02/2020,11:01,193.75,193.75,193.35,193.45, 5968
04/02/2020,11:02,193.4,193.55,193.4,193.45, 1377
04/02/2020,11:03,193.35,193.45,193.1,193.4, 5111
04/02/2020,11:04,193.45,193.45,193.35,193.35, 2126
04/02/2020,11:04,193.6,193.7,193.5,193.7, 1684
04/02/2020,11:06,193.7,193.7,193.45,193.5, 1102
04/02/2020,11:07,193.65,193.7,193.3,193.7, 1015
04/02/2020,11:08,193.8,193.8,193.6,193.6, 719
04/02/2020,11:09,193.55,193.65,193.55,193.65, 1443
04/02/2020,11:10,193.6,193.8,193.4,193.4, 1932
04/02/2020,11:11,193.45,193.65,193.45,193.55, 3952
04/02/2020,11:12,193.55,193.8,193.4,193.65, 2979
04/02/2020,11:13,193.55,193.6,193.5,193.5, 1195
04/02/2020,11:14,193.55,193.7,193.35,193.65, 4118
04/02/2020,11:15,193.65,193.7,193.5,193.5, 919
04/02/2020,11:16,193.6,193.6,193.3,193.35, 4157
04/02/2020,11:17,193.4,193.4,192.8,192.9, 12895
04/02/2020,11:18,192.95,193,192.85,192.95, 575
04/02/2020,11:19,192.85,192.9,192.7,192.9, 896
04/02/2020,11:20,192.9,193.1,192.9,193.1, 1432
04/02/2020,11:21,193.35,193.55,193.3,193.35, 2171
04/02/2020,11:22,193.4,193.55,193.25,193.25, 2758
04/02/2020,11:23,193.45,193.45,193.1,193.3, 2873
04/02/2020,11:24,193.25,193.65,193.25,193.3, 7016
04/02/2020,11:25,193.2,193.2,192.75,193.05, 4830
04/02/2020,11:26,192.95,192.95,192.45,192.45, 5348
04/02/2020,11:27,192.35,192.35,192.25,192.25, 1910
04/02/2020,11:28,192.45,192.45,192.1,192.1, 2636
04/02/2020,11:29,192.25,192.6,192.15,192.6, 2677
04/02/2020,11:30,192.65,192.8,192.6,192.6, 898
04/02/2020,11:31,192.7,192.75,192.6,192.6, 380
04/02/2020,11:32,192.65,192.8,192.5,192.75, 2357
04/02/2020,11:32,192.85,192.95,192.85,192.95, 360
04/02/2020,11:34,192.9,193,192.8,193, 4313
04/02/2020,11:35,192.9,192.9,192.8,192.8, 1162
04/02/2020,11:36,192.85,192.95,192.1,192.15, 14650
04/02/2020,11:37,192.1,192.1,191.5,192.05, 17757
04/02/2020,11:38,192.15,192.2,191.6,191.6, 2208
04/02/2020,11:39,191.8,192.15,191.75,191.9, 3229
04/02/2020,11:40,191.95,192,191.6,191.7, 3441
04/02/2020,11:41,191.9,192.05,191.65,191.8, 6023
04/02/2020,11:42,191.8,192,191.8,191.8, 2771
04/02/2020,11:43,191.8,191.85,191.7,191.8, 996
04/02/2020,11:44,192.05,192.45,192.05,192.4, 1323
04/02/2020,11:45,192.4,192.55,192.3,192.45, 1120
04/02/2020,11:45,192.4,192.7,192.4,192.6, 2058
04/02/2020,11:47,192.7,192.7,192.3,192.3, 1261
04/02/2020,11:48,192.25,192.85,192.25,192.85, 9653
04/02/2020,11:49,192.85,193.1,192.8,193, 2500
04/02/2020,11:50,192.85,193,192.2,192.2, 5320
04/02/2020,11:51,192.4,192.5,192.3,192.5, 890
04/02/2020,11:52,192.6,192.95,192.5,192.75, 4027
04/02/2020,11:53,192.85,193,192.7,193, 2788
04/02/2020,11:54,193.1,193.5,193.1,193.5, 3725
04/02/2020,11:55,193.8,193.9,193.5,193.5, 2408
04/02/2020,11:56,193.6,193.8,193.4,193.4, 6676
04/02/2020,11:57,193.45,193.9,193.45,193.7, 1346
04/02/2020,11:58,193.7,194.15,193.7,193.7, 4051
04/02/2020,11:59,193.85,194.8,193.7,194.65, 9140
04/02/2020,12:00,194.75,195.2,194.7,195.15, 6654
04/02/2020,12:01,194.95,195.25,194.9,195.25, 281
04/02/2020,12:02,195.1,195.2,194.2,194.2, 2598
04/02/2020,12:03,194.1,194.25,194,194.25, 1224
04/02/2020,12:04,194.35,194.45,194.2,194.45, 1460
04/02/2020,12:05,194.2,194.25,194,194.15, 878
04/02/2020,12:06,194.45,194.85,194.4,194.75, 2025
04/02/2020,12:07,195,195.05,194.75,195.05, 1560
04/02/2020,12:08,194.95,194.95,194.3,194.3, 3665
04/02/2020,12:09,194.55,194.9,194.55,194.9, 1283
04/02/2020,12:10,194.95,195.2,194.95,195.2, 80
04/02/2020,12:11,195.15,195.55,195.1,195.55, 2002
04/02/2020,12:12,195.75,195.85,195.2,195.4, 3540
04/02/2020,12:13,195.4,195.95,195.3,195.9, 2513
04/02/2020,12:14,195.8,195.8,195.4,195.8, 734
04/02/2020,12:15,195.6,195.85,195.6,195.85, 65
04/02/2020,12:16,195.8,195.85,195.8,195.85, 705
04/02/2020,12:17,195.75,195.8,195.5,195.6, 1328
04/02/2020,12:18,195.65,195.65,195.65,195.65, 350
04/02/2020,12:19,195.8,195.8,195.35,195.35, 1533
04/02/2020,12:20,195.55,195.8,195.55,195.65, 2864
04/02/2020,12:21,195.65,195.8,195.55,195.8, 1323
04/02/2020,12:22,195.55,195.75,195.55,195.55, 1219
04/02/2020,12:23,195.5,195.65,195.45,195.6, 1262
04/02/2020,12:24,195.7,195.7,195.6,195.65, 197
04/02/2020,12:24,195.7,195.7,195.45,195.55, 2038
04/02/2020,12:26,195.7,195.9,195.35,195.65, 6187
04/02/2020,12:26,195.7,195.7,195.65,195.7, 1565
04/02/2020,12:28,195.8,195.85,195.75,195.85, 819
04/02/2020,12:28,195.9,195.9,195.8,195.85, 1063
04/02/2020,12:30,195.65,195.8,195.5,195.6, 1197
04/02/2020,12:31,195.8,195.8,195.3,195.45, 1963
04/02/2020,12:32,195.65,195.75,195.6,195.75, 556
04/02/2020,12:33,195.75,195.9,195.7,195.8, 2503
04/02/2020,12:34,195.9,196.2,195.9,196.05, 5537
04/02/2020,12:35,196.35,196.9,196.35,196.75, 2366
04/02/2020,12:36,196.75,196.75,196.1,196.55, 2158
04/02/2020,12:37,196.35,196.4,196.35,196.4, 94
04/02/2020,12:38,196.4,196.55,196.3,196.45, 2090
04/02/2020,12:38,196.55,196.7,196.55,196.7, 407
04/02/2020,12:40,196.95,197,196.85,196.95, 2296
04/02/2020,12:41,197,197,196.7,196.95, 1183
04/02/2020,12:42,197,197.3,196.95,197, 7531
04/02/2020,12:43,196.95,197.3,196.9,197.3, 2707
04/02/2020,12:44,197.5,197.75,197.4,197.75, 1750
04/02/2020,12:45,197.85,197.85,197.5,197.65, 1232
04/02/2020,12:46,197.5,197.5,197.05,197.05, 1063
04/02/2020,12:46,197.35,197.35,197.3,197.3, 179
04/02/2020,12:48,197.1,197.25,196.9,197.2, 1440
04/02/2020,12:49,197.35,197.55,197.2,197.4, 6303
04/02/2020,12:50,197.25,197.8,197.25,197.8, 3782
04/02/2020,12:51,197.6,197.75,197.5,197.7, 1658
04/02/2020,12:52,197.65,197.7,197.4,197.55, 1918
04/02/2020,12:52,197.55,197.55,197.55,197.55, 86
04/02/2020,12:54,197.45,197.55,197.4,197.4, 1558
04/02/2020,12:55,197.3,197.65,197.05,197.05, 4835
04/02/2020,12:56,197.3,197.3,196.95,197.05, 1730
04/02/2020,12:57,196.95,197.1,196.65,197.1, 4351
04/02/2020,12:58,196.95,197.4,196.95,197.25, 1583
04/02/2020,12:59,197.3,197.4,197.3,197.4, 650
04/02/2020,13:00,197.5,197.5,197.3,197.3, 3314
04/02/2020,13:01,197.5,197.55,197.3,197.4, 1157
04/02/2020,13:02,197.45,197.45,196.9,196.9, 1703
04/02/2020,13:03,196.9,196.9,196.9,196.9, 615
04/02/2020,13:04,196.95,197.05,196.95,197, 3031
04/02/2020,13:05,197,197.15,196.75,197.15, 1589
04/02/2020,13:05,197.2,197.2,197.1,197.1, 798
04/02/2020,13:07,197.15,197.2,196.9,197.05, 2941
04/02/2020,13:08,196.9,197.1,196.85,196.95, 3670
04/02/2020,13:08,196.95,197.1,196.9,197.1, 2615
04/02/2020,13:10,197.1,197.1,196.85,197, 3929
04/02/2020,13:11,196.8,196.8,196.5,196.8, 1935
04/02/2020,13:12,196.7,196.85,196.5,196.65, 5742
04/02/2020,13:12,196.5,196.5,196.1,196.3, 3476
04/02/2020,13:14,196.65,196.7,196.5,196.55, 1206
04/02/2020,13:15,196.6,196.7,196.4,196.65, 1941
04/02/2020,13:16,196.85,196.9,196.85,196.9, 171
04/02/2020,13:17,196.9,197.35,196.9,197.25, 4482
04/02/2020,13:18,197.25,197.25,197.05,197.2, 1885
04/02/2020,13:19,197.3,197.35,197.3,197.3, 1357
04/02/2020,13:20,197.4,198.7,197.35,198.7, 17272
04/02/2020,13:21,198.7,198.9,198.45,198.8, 7054
04/02/2020,13:22,198.7,199.4,198.7,199.25, 17239
04/02/2020,13:23,199.25,199.4,198.8,198.8, 8939
04/02/2020,13:24,199,200.5,199,199.95, 22092
04/02/2020,13:25,200.4,200.7,200,200.6, 13567
04/02/2020,13:26,200.4,200.7,199.85,199.95, 6272
04/02/2020,13:27,199.8,200,199.1,199.95, 7581
04/02/2020,13:28,199.85,200,199.7,199.8, 6064
04/02/2020,13:29,199.7,199.95,199.5,199.9, 3919
04/02/2020,13:30,200,200.4,200,200.4, 3884
04/02/2020,13:31,200.4,200.9,200.4,200.9, 5684
04/02/2020,13:32,200.7,200.9,200.6,200.7, 4334
04/02/2020,13:33,200.8,201.9,200.6,201.9, 13788
04/02/2020,13:34,201.8,201.8,201.4,201.6, 6839
04/02/2020,13:35,201.6,201.8,201.5,201.7, 2362
04/02/2020,13:36,201.8,201.9,201.7,201.7, 8155
04/02/2020,13:37,201.8,201.8,201.2,201.5, 10823
04/02/2020,13:38,201.5,203,201.4,202.8, 18957
04/02/2020,13:39,202.9,202.9,202.1,202.1, 11305
04/02/2020,13:40,202.2,202.9,202.1,202.9, 7730
04/02/2020,13:41,202.8,202.8,202.1,202.1, 5642
04/02/2020,13:42,202,202.3,201.7,202, 7229
04/02/2020,13:43,201.9,201.9,201.5,201.9, 4713
04/02/2020,13:44,201.7,202.3,201.7,202.3, 2125
04/02/2020,13:45,202.1,202.1,201.7,202, 1978
04/02/2020,13:46,201.8,201.8,201.3,201.5, 4270
04/02/2020,13:47,201.6,201.6,201,201.4, 3687
04/02/2020,13:48,201.5,201.6,201.2,201.3, 3283
04/02/2020,13:49,201.3,201.3,201,201.2, 3328
04/02/2020,13:50,201.2,201.4,200.9,201.2, 5555
04/02/2020,13:51,201.2,201.8,201.1,201.8, 4873
04/02/2020,13:52,201.7,201.8,201.3,201.5, 3399
04/02/2020,13:53,201.3,201.9,201.2,201.5, 6620
04/02/2020,13:54,201.3,201.6,201.1,201.6, 1553
04/02/2020,13:55,201.5,201.7,201.2,201.5, 8135
04/02/2020,13:56,201.7,201.7,201.4,201.6, 2522
04/02/2020,13:57,201.7,201.8,201.3,201.3, 1905
04/02/2020,13:58,201.1,201.9,201,201.9, 4448
04/02/2020,13:59,201.6,202.4,201.6,202.4, 5566
04/02/2020,14:00,202.2,202.4,202.2,202.2, 2423
04/02/2020,14:01,202.1,202.4,202,202.4, 3179
04/02/2020,14:02,202.3,202.3,202,202.1, 4492
04/02/2020,14:03,202,202,201.8,201.9, 1029
04/02/2020,14:04,201.8,201.9,201.5,201.8, 1097
04/02/2020,14:05,201.8,202,201.7,202, 309
04/02/2020,14:06,201.9,202.3,201.8,202.2, 5705
04/02/2020,14:07,201.9,202.1,201.9,202.1, 1891
04/02/2020,14:08,201.9,203.4,201.9,203.1, 20078
04/02/2020,14:09,203.4,204,203.4,203.6, 13966
04/02/2020,14:10,203.5,203.5,203,203, 6979
04/02/2020,14:11,203.2,203.7,203.2,203.7, 3104
04/02/2020,14:11,203.6,203.8,203.5,203.8, 599
04/02/2020,14:13,203.7,204,203.7,204, 10175
04/02/2020,14:14,203.9,204.5,203.9,204.3, 10548
04/02/2020,14:15,204.1,204.3,203.9,204, 4029
04/02/2020,14:16,204.2,204.2,203.9,204.1, 2315
04/02/2020,14:17,204.3,204.3,203.9,204, 1998
04/02/2020,14:18,204.1,204.1,203.2,203.6, 2745
04/02/2020,14:19,203.5,203.5,203.3,203.3, 444
04/02/2020,14:20,203.2,203.4,203.2,203.4, 5058
04/02/2020,14:21,203.5,203.7,203.3,203.3, 1523
04/02/2020,14:22,203.1,203.1,203,203.1, 1487
04/02/2020,14:23,203,203.6,203,203.6, 2163
04/02/2020,14:24,203.6,203.8,203.5,203.5, 556
04/02/2020,14:25,203.5,203.5,203.3,203.3, 652
04/02/2020,14:26,203.3,203.3,202.7,202.7, 3177
04/02/2020,14:27,202.8,203.1,202.8,203, 2474
04/02/2020,14:28,202.9,203.1,202.8,202.8, 876
04/02/2020,14:29,202.8,203.5,202.7,203, 7403
04/02/2020,14:30,203.1,203.1,202.7,202.7, 4687
04/02/2020,14:31,202.8,202.8,202,202, 3307
04/02/2020,14:32,202.2,202.3,202.1,202.1, 1205
04/02/2020,14:33,202.1,202.9,202.1,202.9, 2673
04/02/2020,14:34,202.8,202.8,202.1,202.1, 7451
04/02/2020,14:35,202.1,202.3,201.9,202.1, 7009
04/02/2020,14:36,202,202.1,201.1,201.1, 5808
04/02/2020,14:37,201,201.4,200.5,200.7, 9874
04/02/2020,14:38,200.6,200.6,200.1,200.2, 5064
04/02/2020,14:39,200.1,200.5,199.55,199.7, 3587
04/02/2020,14:40,199.5,199.75,199.3,199.3, 2998
04/02/2020,14:41,199.5,199.7,199.3,199.5, 4246
04/02/2020,14:42,199.25,199.5,199.1,199.1, 2214
04/02/2020,14:43,199,199.1,198.55,199, 8604
04/02/2020,14:44,199.1,199.1,198.55,198.65, 2825
04/02/2020,14:45,198.7,199.2,198.55,199, 4546
04/02/2020,14:46,199.1,199.3,199.1,199.15, 1201
04/02/2020,14:47,199.3,199.5,199.25,199.4, 1710
04/02/2020,14:48,199.55,199.55,199.4,199.55, 786
04/02/2020,14:49,199.5,199.5,199.1,199.3, 1286
04/02/2020,14:50,199.45,199.45,199.25,199.4, 3235
04/02/2020,14:51,199.3,199.5,199.15,199.3, 2490
04/02/2020,14:52,199.1,199.45,199.05,199.25, 5954
04/02/2020,14:53,199.15,199.35,199.05,199.15, 1796
04/02/2020,14:54,199.15,199.35,198.75,198.75, 2596
04/02/2020,14:55,198.6,198.6,197.8,198.1, 4200
04/02/2020,14:56,198,198,197.95,198, 1102
04/02/2020,14:57,198,198.15,197.35,197.9, 7060
04/02/2020,14:58,197.8,197.95,197.75,197.75, 1776
04/02/2020,14:59,197.7,197.95,197.65,197.9, 2472
04/02/2020,15:00,197.9,198.2,197.9,198.05, 6795
04/02/2020,15:01,198.05,198.5,198.05,198.35, 3740
04/02/2020,15:02,198.4,198.55,198.3,198.55, 1389
04/02/2020,15:03,198.85,199.5,198.7,199.45, 3205
04/02/2020,15:04,199.45,199.55,199,199.15, 3874
04/02/2020,15:05,199.25,199.25,199.1,199.1, 988
04/02/2020,15:06,198.95,199.1,198.85,199.1, 2713
04/02/2020,15:06,198.85,198.9,198.85,198.9, 450
04/02/2020,15:08,198.8,198.8,198.4,198.5, 596
04/02/2020,15:09,198.5,198.65,198.5,198.5, 1397
04/02/2020,15:10,198.35,198.35,197.95,198.05, 1253
04/02/2020,15:11,197.9,197.95,197.4,197.4, 2494
04/02/2020,15:12,197.65,197.9,197.15,197.75, 3227
04/02/2020,15:13,197.6,197.6,196.8,196.85, 6203
04/02/2020,15:14,196.8,197.05,196.75,197, 2351
04/02/2020,15:15,196.9,196.95,195.7,195.7, 9054
04/02/2020,15:16,195.6,196.2,195.4,196.2, 8256
04/02/2020,15:17,196.1,196.75,195.6,196.1, 12264
04/02/2020,15:18,196,196.5,196,196.4, 1731
04/02/2020,15:19,196.5,197.1,196.25,196.25, 2345
04/02/2020,15:20,196.35,196.35,195.8,195.8, 3417
04/02/2020,15:21,195.7,196.15,195.6,195.95, 1309
04/02/2020,15:22,196.3,196.55,195.85,195.85, 8239
04/02/2020,15:23,195.95,196.7,195.95,196.7, 1375
04/02/2020,15:24,196.6,196.85,196.55,196.6, 4435
04/02/2020,15:25,196.95,197.35,196.7,196.7, 5174
04/02/2020,15:26,196.7,197.35,196.55,196.8, 4553
04/02/2020,15:27,196.95,197.45,196.8,197.1, 4391
04/02/2020,15:28,197.1,197.95,197.1,197.9, 7488
04/02/2020,15:29,198.35,198.85,197.9,197.95, 4533
04/02/2020,15:30,198.1,198.8,197.6,197.6, 4647
04/02/2020,15:31,197.85,198.5,197.85,198, 3451
04/02/2020,15:31,198.1,198.45,198.1,198.45, 626
04/02/2020,15:32,198.45,198.5,198.25,198.25, 947
04/02/2020,15:33,198.15,198.75,198.15,198.75, 1468
04/02/2020,15:34,198.75,199.15,198.65,199, 4832
04/02/2020,15:35,199.05,199.75,199.05,199.6, 4265
04/02/2020,15:36,199.6,199.7,199.6,199.7, 253
04/02/2020,15:36,199.95,200,199.95,200, 1545
04/02/2020,15:37,200.1,200.1,199.75,199.75, 2229
04/02/2020,15:37,199.6,199.65,199.3,199.3, 1287
04/02/2020,15:38,199,199.25,198.9,199.25, 1359
04/02/2020,15:39,199,199.2,199,199.15, 2680
04/02/2020,15:39,199.25,199.35,199.15,199.15, 2234
04/02/2020,15:40,199.35,199.45,199.15,199.4, 2775
04/02/2020,15:40,199.5,199.55,199.3,199.45, 781
04/02/2020,15:41,199.25,199.25,199.25,199.25, 25
04/02/2020,15:41,199.4,199.4,199.15,199.15, 2334
04/02/2020,15:42,199,199.05,198.7,198.8, 3538
04/02/2020,15:42,198.5,198.65,198.25,198.25, 3535
04/02/2020,15:43,198.35,198.75,198,198.35, 7228
04/02/2020,15:44,198.25,198.25,198.25,198.25, 56
04/02/2020,15:45,198.15,198.5,198.1,198.1, 2489
04/02/2020,15:45,198.05,198.6,198.05,198.25, 1836
04/02/2020,15:46,198.3,198.3,198,198.2, 2517
04/02/2020,15:47,198.05,198.2,198,198.2, 1747
04/02/2020,15:47,198.05,198.05,197.75,197.75, 1047
04/02/2020,15:48,197.65,197.8,197.6,197.65, 2594
04/02/2020,15:48,197.5,197.5,197.4,197.4, 489
04/02/2020,15:49,197.2,197.2,197.2,197.2, 706
04/02/2020,15:50,197.4,197.8,197.25,197.55, 3790
04/02/2020,15:50,197.45,197.55,197.05,197.55, 2467
04/02/2020,15:51,197.7,197.75,197.7,197.75, 315
04/02/2020,15:52,197.75,198.5,197.75,198.5, 1635
04/02/2020,15:53,198.35,198.35,197.95,198.15, 2089
04/02/2020,15:53,198.35,198.65,198.35,198.35, 519
04/02/2020,15:54,198.7,198.7,198.15,198.15, 575
04/02/2020,15:55,198,198,197.6,197.7, 2056
04/02/2020,15:56,197.75,198.5,197.65,198.2, 1464
04/02/2020,15:57,198.4,198.8,198.25,198.8, 1318
04/02/2020,15:58,198.65,198.9,198.65,198.9, 908
04/02/2020,15:59,198.6,199,198.6,199, 1852
04/02/2020,16:00,199,199,199,199, 14
04/02/2020,16:00,199.05,199.3,198.95,199.3, 1680
04/02/2020,16:01,199.4,199.9,199.1,199.1, 1556
04/02/2020,16:03,198.9,199.2,198.7,199, 722
04/02/2020,16:03,199.1,199.4,199.1,199.4, 1286
04/02/2020,16:05,199.85,199.85,199.55,199.55, 1522
04/02/2020,16:06,199.8,199.9,199.15,199.15, 8924
04/02/2020,16:06,199.1,199.1,198.9,198.9, 1805
04/02/2020,16:07,198.5,198.7,198.45,198.7, 1323
04/02/2020,16:08,198.9,199,198.85,199, 2009
04/02/2020,16:09,199.2,199.25,199,199.25, 3527
04/02/2020,16:10,199.45,199.5,199.25,199.45, 1719
04/02/2020,16:11,199.65,200.4,199.65,200.4, 6092
04/02/2020,16:12,200.5,200.5,200.2,200.3, 4112
04/02/2020,16:12,200.2,200.3,200.1,200.1, 716
04/02/2020,16:13,200,200,199.9,199.9, 2337
04/02/2020,16:14,200.1,200.5,200,200.2, 2686
04/02/2020,16:15,200.2,200.2,199.7,199.75, 671
04/02/2020,16:15,199.65,199.95,199.65,199.9, 753
04/02/2020,16:16,200,200,200,200, 49
04/02/2020,16:17,200.2,200.2,199.85,199.85, 795
04/02/2020,16:17,199.85,200,199.65,199.75, 6866
04/02/2020,16:18,199.75,199.95,199.75,199.95, 1248
04/02/2020,16:19,200,200.5,200,200.5, 1564
04/02/2020,16:20,200.5,200.5,200,200.1, 3976
04/02/2020,16:20,200.1,200.5,200.1,200.4, 2419
04/02/2020,16:21,200.4,200.5,200.3,200.3, 10107
04/02/2020,16:22,200.2,200.2,200.1,200.1, 1501
04/02/2020,16:23,200.1,200.3,200.1,200.3, 875
04/02/2020,16:24,200.5,200.5,200.4,200.5, 9874
04/02/2020,16:24,200.5,200.5,200.3,200.4, 2233
04/02/2020,16:24,200.6,200.9,200.5,200.7, 2278
04/02/2020,16:25,200.8,201,200.8,201, 162
04/02/2020,16:26,201,201.2,201,201, 3374
04/02/2020,16:26,201,201.1,201,201.1, 1129
04/02/2020,16:27,201.2,201.6,201.2,201.6, 1705
04/02/2020,16:27,201.6,201.9,201.6,201.8, 875
04/02/2020,16:28,202,202.1,201.3,201.3, 7955
04/02/2020,16:29,201.2,201.2,201.1,201.2, 744
04/02/2020,16:30,201.1,201.5,201.1,201.5, 1260
04/02/2020,16:30,201.7,202.3,201.7,202.2, 8127
04/02/2020,16:31,202.3,202.4,202.1,202.2, 3707
04/02/2020,16:31,202.4,202.6,202.3,202.5, 4088
04/02/2020,16:32,202.6,203.8,202.4,203.8, 8716
04/02/2020,16:32,203.8,204.5,203.4,203.6, 18445
04/02/2020,16:33,203.9,204.3,203.5,203.5, 3773
04/02/2020,16:34,203.7,203.7,203.2,203.4, 3156
04/02/2020,16:34,203.3,204.2,203.2,204.2, 4454
04/02/2020,16:34,204.3,206,204.3,205.6, 36710
04/02/2020,16:35,205.4,206.9,205.4,206.4, 9815
04/02/2020,16:36,206.5,206.6,206,206.3, 8486
04/02/2020,16:36,206.2,206.7,206,206.5, 10347
04/02/2020,16:37,206.8,208.1,206.7,208.1, 9250
04/02/2020,16:37,208.5,211.3,208.3,210.2, 66696
04/02/2020,16:38,211.1,215.1,211,215.1, 17484
04/02/2020,16:39,216.2,217.1,213.3,217.1, 18670
04/02/2020,16:39,217.1,218.1,216.6,217.6, 18189
04/02/2020,16:41,217.7,218,214.4,215, 51226
04/02/2020,16:41,214.8,217.9,213.9,216, 19822
04/02/2020,16:42,216.5,219,216,218.9, 18925
04/02/2020,16:43,218.9,220,216.5,219.3, 49677
04/02/2020,16:44,218.5,219.3,217.6,217.6, 18842
04/02/2020,16:44,217.3,218.9,216.9,216.9, 9021
04/02/2020,16:45,217.3,217.7,214.4,214.4, 25241
04/02/2020,16:46,215.2,215.2,213.4,213.4, 6543
04/02/2020,16:46,213.6,214.5,213,213.3, 9095
04/02/2020,16:47,213,213.5,211.9,212.7, 5541
04/02/2020,16:47,211.3,212.8,211.3,212.1, 2705
04/02/2020,16:48,211.3,211.5,210.2,210.5, 13953
04/02/2020,16:48,210.6,214.6,210.6,214.3, 19842
04/02/2020,16:49,213.9,215.9,213.9,215.3, 13215
04/02/2020,16:50,214.3,214.3,212.7,213.4, 9335
04/02/2020,16:50,213.5,214.5,213.3,214.5, 4651
04/02/2020,16:51,214.4,214.9,214.2,214.6, 5692
04/02/2020,16:52,214.9,214.9,213.3,213.9, 6209
04/02/2020,16:52,214.3,214.3,212.5,212.5, 7213
04/02/2020,16:53,212.6,214,212.5,212.5, 5679
04/02/2020,16:54,212.6,212.6,209.8,210.7, 12318
04/02/2020,16:54,210.7,211.5,210.1,210.1, 2166
04/02/2020,16:55,210.9,212.1,209,209.7, 12560
04/02/2020,16:56,209.4,213.1,209.4,213.1, 13084
04/02/2020,16:57,213.2,213.9,211.8,211.8, 9002
04/02/2020,16:59,211.6,212.8,211.3,212.1, 8212
04/02/2020,17:00,212.1,214.6,212.1,213, 13520
04/02/2020,17:04,213,214.7,212.8,214.5, 6065
04/02/2020,17:07,214.5,222.5,214.5,221.4, 41196
04/02/2020,17:10,221.4,221.8,218.1,218.1, 34303
04/02/2020,17:13,218.3,218.3,216.6,217, 21752
04/02/2020,17:14,217.2,218.6,216.9,218.5, 20147
04/02/2020,17:16,218.1,218.2,217.3,218.2, 27811
04/02/2020,17:17,218,218,217.4,217.6, 13114
04/02/2020,17:18,217.6,217.6,215.7,215.7, 22399
04/02/2020,17:19,215.6,215.6,213.4,214.3, 25047
04/02/2020,17:20,214.4,214.6,212,212, 36279
04/02/2020,17:21,212,212.7,211.5,212.5, 17084
04/02/2020,17:22,212.5,214,212.3,213.3, 12407
04/02/2020,17:23,213.4,213.8,212.1,212.1, 9442
04/02/2020,17:24,212.1,213,212.1,212.2, 21286
04/02/2020,17:25,212.2,213.7,212.2,213.7, 14402
04/02/2020,17:25,213.6,214.1,213.6,214, 5655
04/02/2020,17:30,212.3,212.3,212.3,212.3, 469814
04/02/2020,18:01,212.3,212.3,212.3,212.3, 1
04/03/2020,09:01,210.7,211,208,208.2, 61408
04/03/2020,09:02,208.2,212,208.2,210.5, 9358
04/03/2020,09:03,210.9,211.6,208.5,208.5, 21915
04/03/2020,09:04,209,209,207.4,207.6, 17576
04/03/2020,09:05,207.6,209.1,206.1,206.1, 15560
04/03/2020,09:06,207,209,206.5,208.7, 10587
04/03/2020,09:07,208.1,208.8,206.4,206.4, 60296
04/03/2020,09:08,206.5,206.7,204,204.6, 12083
04/03/2020,09:09,204.2,207.4,203.8,206.8, 15196
04/03/2020,09:10,206.7,207.4,206,206, 13316
04/03/2020,09:11,205.7,205.8,204.1,204.4, 10776
04/03/2020,09:12,204.2,205.6,204.2,204.9, 15383
04/03/2020,09:13,205.1,206.1,204.8,206, 2273
04/03/2020,09:14,206.2,207.4,205.8,207.4, 6477
04/03/2020,09:15,207.9,208,206.8,207.1, 17457
04/03/2020,09:16,207,208,207,207.6, 20604
04/03/2020,09:17,207.5,208,207.4,207.5, 12726
04/03/2020,09:18,207.2,207.8,207.1,207.3, 3932
04/03/2020,09:19,207.1,207.1,206.2,206.3, 3586
04/03/2020,09:20,206.2,206.5,205.7,206.3, 7157
04/03/2020,09:21,206.2,206.6,205.9,206, 9567
04/03/2020,09:22,205.9,206.3,205.8,206.3, 2521
04/03/2020,09:23,206.2,206.2,205.6,205.6, 4126
04/03/2020,09:24,205.5,206.1,205.2,206.1, 8420
04/03/2020,09:25,206.5,206.8,206.4,206.4, 5519
04/03/2020,09:26,206.6,206.8,206.4,206.5, 1415
04/03/2020,09:27,206.6,206.8,206.5,206.6, 3686
04/03/2020,09:28,207,207.8,206.9,207.8, 3743
04/03/2020,09:29,207.8,208,207.7,207.9, 13011
04/03/2020,09:30,207.9,208,207.6,208, 13750
04/03/2020,09:31,207.7,208.6,207.7,208.4, 17698
04/03/2020,09:32,208.3,209,208,209, 10208
04/03/2020,09:33,208.8,208.9,208.5,208.7, 6768
04/03/2020,09:34,209,210.2,209,209.9, 5489
04/03/2020,09:35,209.9,210,209.2,209.4, 4550
04/03/2020,09:36,209.8,210.5,209.7,210.5, 4096
04/03/2020,09:37,210.6,211.2,210.6,211, 3988
04/03/2020,09:38,211.1,211.5,210.8,211.2, 5890
04/03/2020,09:39,211.3,211.3,209.8,209.8, 16717
04/03/2020,09:40,209.6,209.9,209,209.7, 3416
04/03/2020,09:41,209.8,210.2,209.7,210, 3190
04/03/2020,09:42,210,210.2,209.8,209.9, 2449
04/03/2020,09:43,209.9,210.6,209.9,210.4, 3331
04/03/2020,09:44,210.6,211.1,210.6,210.7, 5580
04/03/2020,09:45,210.9,212.1,210.7,211.6, 14201
04/03/2020,09:46,211.5,212,211.4,211.5, 10993
04/03/2020,09:47,211.6,213,211.6,212.8, 28145
04/03/2020,09:48,213.2,214.7,213,214, 9314
04/03/2020,09:49,214.2,214.4,213.8,214, 7146
04/03/2020,09:50,213.7,214,212.5,212.5, 10113
04/03/2020,09:51,212.4,213.7,212.2,213.7, 7698
04/03/2020,09:52,214,214.2,213.6,213.7, 6229
04/03/2020,09:53,213.5,213.9,212.8,213.8, 2784
04/03/2020,09:54,214,214,213.5,213.5, 10273
04/03/2020,09:55,213.8,214.2,213.5,213.9, 6903
04/03/2020,09:56,214,214,213.1,213.3, 4510
04/03/2020,09:57,213,213.3,212.7,212.9, 8660
04/03/2020,09:58,212.9,213,212.5,213, 5469
04/03/2020,09:59,212.8,213.8,212.8,213.4, 2182
04/03/2020,10:00,213.2,214.4,213.1,214.2, 5994
04/03/2020,10:01,214.3,214.4,214,214.2, 6205
04/03/2020,10:02,214.1,214.8,214.1,214.8, 2828
04/03/2020,10:03,214.5,214.7,214.4,214.7, 3596
04/03/2020,10:04,214.8,214.9,214,214.7, 15766
04/03/2020,10:05,214.7,214.9,214.6,214.7, 960
04/03/2020,10:06,214.6,214.7,214.3,214.7, 2276
04/03/2020,10:07,214.7,216,214.7,216, 7195
04/03/2020,10:08,216.2,216.4,215.9,215.9, 4848
04/03/2020,10:09,215.7,216.4,215.6,216.4, 6214
04/03/2020,10:10,216.3,216.4,215.8,215.9, 7873
04/03/2020,10:11,216.1,216.9,216.1,216.4, 11595
04/03/2020,10:12,216.5,216.7,216.3,216.7, 4007
04/03/2020,10:13,216.7,217,216.5,216.6, 12557
04/03/2020,10:14,216.6,217.9,216.6,217.9, 7224
04/03/2020,10:15,217.9,218.7,217.9,218.4, 7121
04/03/2020,10:16,218.4,219.5,218.4,219, 12675
04/03/2020,10:17,219,219.1,218.6,219.1, 9457
04/03/2020,10:18,219.1,220,219.1,220, 7120
04/03/2020,10:19,220,220.9,220,220.9, 9279
04/03/2020,10:20,221,221.5,220.5,221, 18919
04/03/2020,10:21,221,221.1,219.6,219.7, 12319
04/03/2020,10:22,219.8,220,219.4,219.6, 5887
04/03/2020,10:23,219.4,219.7,218.8,219.1, 7819
04/03/2020,10:24,218.9,218.9,218,218.6, 6980
04/03/2020,10:25,218.4,218.4,217.9,217.9, 4080
04/03/2020,10:26,218,218.9,217.6,218.9, 8639
04/03/2020,10:27,218.8,218.9,218.3,218.3, 5444
04/03/2020,10:28,218.1,218.5,217.5,217.5, 5815
04/03/2020,10:29,217.5,217.5,217.1,217.2, 4533
04/03/2020,10:30,217.2,217.4,216.2,217.4, 12046
04/03/2020,10:31,217.3,217.9,217.3,217.8, 3755
04/03/2020,10:32,217.9,218.9,217.7,218.8, 9007
04/03/2020,10:33,218.9,219.1,218.5,218.5, 9387
04/03/2020,10:34,218.2,218.2,217.9,218, 4528
04/03/2020,10:35,218.2,218.6,218,218.6, 1600
04/03/2020,10:36,218.4,218.5,217.9,218.5, 1349
04/03/2020,10:37,218.4,218.5,218.3,218.5, 2435
04/03/2020,10:38,218.5,218.6,217.9,218.1, 11184
04/03/2020,10:39,218.3,218.5,218.3,218.5, 781
04/03/2020,10:40,218.4,218.9,218.4,218.9, 3967
04/03/2020,10:41,218.7,218.7,217.9,218, 4600
04/03/2020,10:42,218.1,218.2,217.9,218.1, 1669
04/03/2020,10:43,217.9,217.9,217.3,217.4, 2284
04/03/2020,10:44,217.3,218.2,217.3,218.2, 4059
04/03/2020,10:45,218.1,218.7,218.1,218.4, 1548
04/03/2020,10:46,218.3,218.5,218.2,218.5, 5747
04/03/2020,10:47,218.4,218.9,218.3,218.6, 4465
04/03/2020,10:48,218.7,219.2,218.7,219.1, 6309
04/03/2020,10:49,219.1,219.1,218.5,218.5, 4664
04/03/2020,10:50,218.5,218.8,218.2,218.7, 1182
04/03/2020,10:51,218.7,218.7,218.2,218.4, 1691
04/03/2020,10:52,218.4,218.6,218.2,218.5, 884
04/03/2020,10:53,218.3,218.4,218.1,218.1, 5778
04/03/2020,10:54,218,218,217.6,217.8, 4087
04/03/2020,10:55,217.7,217.7,217.1,217.1, 1762
04/03/2020,10:56,217.3,217.4,216.9,217.2, 4297
04/03/2020,10:57,217.1,217.4,217,217.4, 825
04/03/2020,10:58,217.5,217.5,217.2,217.5, 1354
04/03/2020,10:59,217.4,217.4,217.2,217.2, 1057
04/03/2020,10:59,217.2,217.4,217.2,217.2, 1569
04/03/2020,11:01,217.5,217.7,217.4,217.7, 1659
04/03/2020,11:02,217.9,218,217.8,217.9, 3618
04/03/2020,11:03,217.7,218,217.7,217.9, 2876
04/03/2020,11:04,217.9,218.1,217.7,217.8, 3528
04/03/2020,11:05,218.1,218.1,217.8,217.8, 2162
04/03/2020,11:06,218,218,217.5,217.8, 4796
04/03/2020,11:07,217.9,217.9,217.8,217.9, 411
04/03/2020,11:07,218,218,217.4,217.4, 2328
04/03/2020,11:09,217.6,217.7,217.4,217.6, 1701
04/03/2020,11:10,217.6,217.6,217.5,217.6, 751
04/03/2020,11:11,217.5,217.5,217.4,217.4, 1735
04/03/2020,11:12,217.3,217.5,217.2,217.3, 1459
04/03/2020,11:13,217.5,217.6,217.1,217.1, 3222
04/03/2020,11:14,217.2,217.4,217.2,217.4, 1244
04/03/2020,11:15,217.4,217.6,217.4,217.6, 737
04/03/2020,11:16,217.7,217.8,217.6,217.7, 1061
04/03/2020,11:17,217.7,217.8,217.5,217.5, 2878
04/03/2020,11:18,217.6,217.6,217,217.2, 1577
04/03/2020,11:19,217.3,217.3,217.1,217.3, 2277
04/03/2020,11:20,217.3,217.9,217.3,217.9, 2102
04/03/2020,11:21,217.9,218.1,217.9,218, 4653
04/03/2020,11:21,217.9,217.9,217.8,217.9, 602
04/03/2020,11:23,218,218,217.8,218, 800
04/03/2020,11:24,218,218.9,217.9,218.9, 9783
04/03/2020,11:25,219,219,218.6,219, 8126
04/03/2020,11:26,219,219,218.6,218.9, 1736
04/03/2020,11:27,219,219.1,218.8,218.9, 4251
04/03/2020,11:28,218.9,219.1,218.8,219.1, 3393
04/03/2020,11:29,219.2,221.1,219.2,221.1, 30929
04/03/2020,11:30,221.3,221.5,221,221, 11851
04/03/2020,11:31,220.9,221,220.7,220.7, 5804
04/03/2020,11:32,220.7,220.8,220.2,220.2, 1355
04/03/2020,11:33,220,220.7,220,220.5, 4254
04/03/2020,11:34,220.5,220.5,219.5,220, 11292
04/03/2020,11:35,219.8,220,219.4,219.6, 9099
04/03/2020,11:36,219.8,219.8,219.8,219.8, 2783
04/03/2020,11:37,219.9,220.4,219.8,220.2, 4437
04/03/2020,11:38,220.1,220.3,220.1,220.3, 4918
04/03/2020,11:39,220.2,220.3,220.1,220.2, 1858
04/03/2020,11:40,220.2,220.6,220.2,220.6, 3527
04/03/2020,11:41,220.6,220.7,220.5,220.6, 2879
04/03/2020,11:42,220.6,221,220.6,220.8, 7493
04/03/2020,11:43,220.7,221,220.6,221, 13202
04/03/2020,11:44,221,221.9,220.8,221.8, 10877
04/03/2020,11:45,222,222.7,221.8,222.6, 19573
04/03/2020,11:46,222.3,222.3,221.2,221.5, 7184
04/03/2020,11:47,221.4,221.8,221.4,221.7, 1276
04/03/2020,11:48,221.8,221.8,221.2,221.2, 1892
04/03/2020,11:49,221.3,221.4,221.1,221.1, 1072
04/03/2020,11:50,221.4,221.5,221.3,221.5, 1374
04/03/2020,11:51,221.4,221.7,221.4,221.4, 2863
04/03/2020,11:52,221.5,223,221.5,222.6, 13914
04/03/2020,11:53,222.7,222.7,222.2,222.2, 9300
04/03/2020,11:54,222.2,222.5,222.2,222.4, 4893
04/03/2020,11:55,222.5,222.7,222.4,222.7, 3176
04/03/2020,11:56,222.6,222.8,222.4,222.4, 6378
04/03/2020,11:57,222.6,222.7,222.3,222.7, 3341
04/03/2020,11:58,222.6,223,222.5,222.9, 6278
04/03/2020,11:59,223,223.9,223,223.9, 11163
04/03/2020,12:00,223.6,223.6,223.3,223.3, 4134
04/03/2020,12:01,223.3,223.5,223.1,223.1, 3909
04/03/2020,12:02,223.2,223.5,222.9,223.4, 12487
04/03/2020,12:03,223.4,224,223.2,223.2, 19700
04/03/2020,12:04,223.2,223.4,222.8,222.9, 9420
04/03/2020,12:05,223,223.2,222.8,223, 6664
04/03/2020,12:06,223.2,223.4,222.9,223.4, 4945
04/03/2020,12:07,223.2,223.5,223.2,223.3, 2600
04/03/2020,12:08,223.4,224,223.4,223.8, 3624
04/03/2020,12:09,223.9,224,223.8,224, 1610
04/03/2020,12:10,223.9,224,223.8,223.9, 1730
04/03/2020,12:11,223.9,224,223.9,223.9, 1046
04/03/2020,12:12,223.8,223.8,223.1,223.1, 4273
04/03/2020,12:13,223.2,223.4,223,223, 1736
04/03/2020,12:14,223.2,223.4,223,223.4, 3465
04/03/2020,12:15,223.3,223.4,223.2,223.3, 2800
04/03/2020,12:16,223.3,223.4,223.1,223.1, 4659
04/03/2020,12:17,223.1,223.1,222.9,222.9, 3965
04/03/2020,12:18,223,223,222.4,222.6, 1620
04/03/2020,12:19,222.6,222.6,221.9,221.9, 1814
04/03/2020,12:20,221.6,221.6,221,221.5, 4623
04/03/2020,12:21,220.9,221.2,220.8,221.1, 2806
04/03/2020,12:22,221.1,222.3,221.1,222.3, 6637
04/03/2020,12:23,222.1,222.1,221.2,221.4, 4791
04/03/2020,12:24,221.5,221.6,221.4,221.6, 2974
04/03/2020,12:25,221.6,222.2,221.6,222.2, 1598
04/03/2020,12:25,222.2,222.3,221.8,222.1, 3853
04/03/2020,12:27,222.1,222.5,222.1,222.5, 1372
04/03/2020,12:28,222.2,222.2,221.6,221.8, 2907
04/03/2020,12:29,221.8,222,221.8,222, 4139
04/03/2020,12:30,222.1,222.2,222,222, 2018
04/03/2020,12:31,222,222.2,221.7,221.7, 2925
04/03/2020,12:32,221.7,221.9,221.6,221.6, 1637
04/03/2020,12:33,221.7,221.7,221.2,221.2, 1203
04/03/2020,12:34,221.1,221.4,221.1,221.4, 2407
04/03/2020,12:35,221.2,221.3,220.9,221.2, 7175
04/03/2020,12:36,221,221.2,219.6,219.6, 7760
04/03/2020,12:37,219.6,219.7,218.4,218.8, 11020
04/03/2020,12:38,218.8,219.7,218.4,218.8, 16773
04/03/2020,12:39,219.1,219.1,218.7,218.9, 1514
04/03/2020,12:40,219,219.2,218.9,219, 2474
04/03/2020,12:40,219,219.1,219,219, 566
04/03/2020,12:42,219.1,219.2,219,219.1, 5237
04/03/2020,12:43,219.2,219.2,219.1,219.1, 910
04/03/2020,12:44,219.1,219.4,219.1,219.4, 1045
04/03/2020,12:45,219.4,219.4,219,219.3, 4018
04/03/2020,12:46,219,219.2,219,219.2, 1298
04/03/2020,12:47,219.3,219.4,218.8,219.2, 3642
04/03/2020,12:48,219.2,219.2,219,219.2, 2162
04/03/2020,12:49,219.2,219.3,218.9,219, 1943
04/03/2020,12:50,218.8,218.9,218.4,218.6, 8936
04/03/2020,12:51,218.5,218.8,218.3,218.7, 1328
04/03/2020,12:52,218.6,218.8,218.5,218.7, 4451
04/03/2020,12:53,218.6,218.7,218.5,218.7, 1072
04/03/2020,12:54,218.7,218.8,218.7,218.7, 1536
04/03/2020,12:55,218.8,218.8,218.7,218.7, 2361
04/03/2020,12:56,218.8,218.8,218.5,218.6, 2120
04/03/2020,12:56,218.6,218.7,218.6,218.7, 627
04/03/2020,12:58,218.9,218.9,218.7,218.7, 582
04/03/2020,12:59,218.6,218.8,218.6,218.8, 3595
04/03/2020,13:00,218.8,218.9,218.7,218.7, 164
04/03/2020,13:01,218.8,218.9,218.4,218.4, 5099
04/03/2020,13:01,218.6,218.8,218.6,218.7, 2198
04/03/2020,13:03,218.8,218.8,218.6,218.8, 1232
04/03/2020,13:04,219,219,218.7,218.7, 1632
04/03/2020,13:04,218.6,218.6,218.5,218.5, 993
04/03/2020,13:05,218.4,218.5,218.2,218.2, 2112
04/03/2020,13:07,218.2,218.2,218,218, 6093
04/03/2020,13:08,218.1,218.3,218.1,218.3, 903
04/03/2020,13:09,218.1,218.1,217.9,217.9, 2682
04/03/2020,13:10,217.8,217.8,217.6,217.6, 2508
04/03/2020,13:11,217.6,217.7,217,217.4, 7044
04/03/2020,13:12,217.3,217.4,217.2,217.2, 1953
04/03/2020,13:12,217.2,217.3,217.1,217.1, 904
04/03/2020,13:13,217.2,217.2,217.2,217.2, 436
04/03/2020,13:15,217,217.2,217,217.2, 3407
04/03/2020,13:16,217,217,216.8,216.8, 1380
04/03/2020,13:17,216.7,216.9,216.7,216.9, 2591
04/03/2020,13:18,216.9,217,216.6,216.6, 5331
04/03/2020,13:19,216.6,217.3,216.6,217.3, 8470
04/03/2020,13:20,217.1,217.3,216.9,217.1, 2245
04/03/2020,13:21,217.2,217.2,217,217, 2421
04/03/2020,13:22,217,217.1,217,217, 744
04/03/2020,13:23,217.1,217.2,217,217.1, 3344
04/03/2020,13:24,217.2,217.4,217,217.1, 4978
04/03/2020,13:25,217.1,217.1,216.9,217, 1444
04/03/2020,13:25,217,217,216.6,216.6, 3664
04/03/2020,13:27,216.7,217,216.7,216.8, 5533
04/03/2020,13:28,216.8,216.9,216.8,216.9, 474
04/03/2020,13:29,216.9,217.1,216.8,217.1, 1371
04/03/2020,13:30,217.2,217.3,217,217.2, 1501
04/03/2020,13:31,217.1,217.5,217.1,217.5, 2143
04/03/2020,13:32,217.4,218.3,217.4,217.8, 6336
04/03/2020,13:33,218,218,217.1,217.3, 4463
04/03/2020,13:33,217.4,217.4,217.1,217.2, 1104
04/03/2020,13:35,217.1,217.1,216.9,217, 12137
04/03/2020,13:35,217.3,217.8,217.3,217.8, 2314
04/03/2020,13:37,217.8,218,217.6,217.6, 1675
04/03/2020,13:38,217.4,217.7,217.4,217.7, 485
04/03/2020,13:39,217.5,217.6,217.4,217.4, 1226
04/03/2020,13:40,217.4,217.8,217.3,217.8, 2203
04/03/2020,13:40,217.8,217.9,217.8,217.9, 956
04/03/2020,13:42,217.9,217.9,217.6,217.6, 1277
04/03/2020,13:43,217.6,217.7,217.5,217.6, 454
04/03/2020,13:44,217.8,217.8,217.4,217.6, 1487
04/03/2020,13:44,217.5,217.7,217.5,217.5, 293
04/03/2020,13:45,217.4,217.5,217.3,217.5, 402
04/03/2020,13:47,217.5,217.5,216.9,217, 3595
04/03/2020,13:48,217.2,217.2,216.8,216.8, 8176
04/03/2020,13:49,217,217.4,217,217.1, 4054
04/03/2020,13:50,217.1,217.4,217.1,217.3, 3844
04/03/2020,13:51,217.3,217.4,217.3,217.3, 1822
04/03/2020,13:52,217.4,217.5,217.3,217.4, 536
04/03/2020,13:53,217.5,217.7,217.5,217.6, 1018
04/03/2020,13:53,217.8,218,217.7,218, 774
04/03/2020,13:55,218,218.2,217.8,218.2, 968
04/03/2020,13:56,218.3,218.6,218.3,218.5, 8131
04/03/2020,13:57,218.4,219.1,218.4,219.1, 5412
04/03/2020,13:58,219.2,221.4,219.2,221.1, 24717
04/03/2020,13:59,221.1,221.8,220.8,221.5, 26417
04/03/2020,14:00,221.4,221.9,221,221.3, 18933
04/03/2020,14:01,221.3,222,221.3,221.9, 11356
04/03/2020,14:02,221.9,222,220.9,221.4, 11322
04/03/2020,14:02,221.2,221.6,221.2,221.4, 2466
04/03/2020,14:04,221.1,221.1,220.6,220.7, 3079
04/03/2020,14:05,220.6,221.3,220.5,221.1, 6009
04/03/2020,14:06,221.1,221.9,221.1,221.6, 7204
04/03/2020,14:07,221.6,221.7,220.7,220.7, 8746
04/03/2020,14:08,220.7,221.6,220.7,220.9, 5623
04/03/2020,14:08,220.7,220.9,220.7,220.9, 1049
04/03/2020,14:10,220.9,220.9,220,220, 1546
04/03/2020,14:11,220.3,220.3,219.8,220, 3973
04/03/2020,14:12,220,220.2,219.7,219.7, 2510
04/03/2020,14:13,219.8,219.8,219,219.1, 6994
04/03/2020,14:14,219.4,219.8,219.2,219.8, 2665
04/03/2020,14:15,219.8,219.9,219.7,219.8, 1517
04/03/2020,14:16,219.8,219.9,219.5,219.7, 5056
04/03/2020,14:16,219.9,220.1,219.5,219.5, 2896
04/03/2020,14:18,219.4,219.4,219.2,219.3, 3044
04/03/2020,14:19,219.1,219.2,218.3,218.8, 7296
04/03/2020,14:20,219,219.2,218.7,218.7, 4427
04/03/2020,14:21,218.6,218.6,218.1,218.1, 6062
04/03/2020,14:22,218.3,218.5,218,218.5, 8412
04/03/2020,14:23,218.5,219.3,218.5,219.3, 4579
04/03/2020,14:24,219.3,219.4,218.4,218.4, 11174
04/03/2020,14:25,218.7,218.7,218,218.2, 7360
04/03/2020,14:26,218.2,218.8,218.2,218.8, 5357
04/03/2020,14:27,218.9,218.9,218.4,218.6, 6703
04/03/2020,14:28,218.7,219.2,218.7,219.2, 8764
04/03/2020,14:29,219.2,220.3,219.2,220.2, 15937
04/03/2020,14:30,220,220,219.3,219.5, 5240
04/03/2020,14:31,219.5,219.5,218.9,219.1, 8422
04/03/2020,14:32,219,219.2,218.4,218.6, 13345
04/03/2020,14:33,218.7,218.7,218,218.5, 6955
04/03/2020,14:34,218.3,219.3,218.3,219.2, 4946
04/03/2020,14:35,219.3,220.2,219,220, 6951
04/03/2020,14:36,220.2,220.3,220,220.3, 3710
04/03/2020,14:37,219.9,220.4,219.9,220.3, 4732
04/03/2020,14:38,220.3,220.3,220,220, 1996
04/03/2020,14:39,219.8,220,219.5,220, 2811
04/03/2020,14:40,219.8,220,219.8,219.9, 4277
04/03/2020,14:41,219.9,220.1,219.8,219.8, 5797
04/03/2020,14:42,219.9,220.2,219.6,220, 5315
04/03/2020,14:43,220,220.9,220,220.6, 6057
04/03/2020,14:44,220.8,221,220.7,221, 6044
04/03/2020,14:45,220.9,220.9,220.5,220.6, 4118
04/03/2020,14:46,220.5,220.5,220.1,220.1, 971
04/03/2020,14:47,220,220,219.5,219.5, 4542
04/03/2020,14:47,219.6,219.7,219.5,219.6, 601
04/03/2020,14:49,219.4,219.8,219.4,219.7, 4719
04/03/2020,14:49,219.8,219.8,219.6,219.8, 3026
04/03/2020,14:51,219.9,220.1,219.8,219.8, 2023
04/03/2020,14:52,219.9,219.9,219.6,219.6, 947
04/03/2020,14:53,219.8,219.9,219.3,219.3, 4874
04/03/2020,14:54,219.1,219.1,218.5,219, 912
04/03/2020,14:55,218.9,219,218.2,218.3, 5854
04/03/2020,14:56,218.5,218.7,218,218.3, 5542
04/03/2020,14:57,218.4,218.5,218.1,218.1, 3700
04/03/2020,14:57,218.1,218.1,217.5,217.8, 7639
04/03/2020,14:59,218,218.3,218,218.3, 3296
04/03/2020,15:00,218.3,218.5,218.2,218.5, 3400
04/03/2020,15:01,218.2,218.4,217.8,218, 9201
04/03/2020,15:02,218.2,218.5,218.1,218.2, 3522
04/03/2020,15:03,218.3,218.4,218.2,218.3, 5911
04/03/2020,15:04,218.3,218.4,218.3,218.4, 240
04/03/2020,15:05,218.5,218.7,218.5,218.6, 1381
04/03/2020,15:06,218.7,218.7,218.6,218.6, 739
04/03/2020,15:07,218.8,219.1,218.7,219, 2249
04/03/2020,15:08,218.9,219.1,218.3,219.1, 7949
04/03/2020,15:09,219.1,219.1,218.7,218.8, 10878
04/03/2020,15:10,218.6,219.2,218,218.1, 4481
04/03/2020,15:11,218,218.1,217.8,217.8, 2271
04/03/2020,15:12,217.8,217.9,217.5,217.9, 6537
04/03/2020,15:13,217.8,217.9,217.4,217.4, 9738
04/03/2020,15:14,217.5,218.1,217.5,218.1, 2804
04/03/2020,15:15,217.8,217.9,217.6,217.8, 5324
04/03/2020,15:16,217.7,217.7,217.4,217.7, 2756
04/03/2020,15:17,217.8,218,217.8,217.9, 2469
04/03/2020,15:18,217.8,218.1,217.8,218.1, 2206
04/03/2020,15:18,218.2,218.2,218.1,218.1, 981
04/03/2020,15:20,218.1,218.1,217.7,217.9, 2724
04/03/2020,15:21,217.9,218,217.5,217.5, 4263
04/03/2020,15:22,217.6,218.2,217.2,218.1, 17929
04/03/2020,15:23,218.1,218.2,218.1,218.2, 229
04/03/2020,15:24,218.1,218.2,217.9,218.1, 2677
04/03/2020,15:25,218.1,218.2,217.9,218, 3464
04/03/2020,15:26,218,218,218,218, 812
04/03/2020,15:27,218.1,218.3,218,218.1, 4201
04/03/2020,15:28,218,218,217.4,217.6, 6337
04/03/2020,15:29,217.7,217.9,217.7,217.9, 262
04/03/2020,15:30,218,218.2,217.9,218, 3888
04/03/2020,15:31,217.9,218.6,217.9,218.6, 5807
04/03/2020,15:32,218.4,218.4,217.7,217.9, 5030
04/03/2020,15:33,218,218.1,217.4,217.5, 6125
04/03/2020,15:34,217.6,217.8,217.4,217.4, 3142
04/03/2020,15:35,217.5,217.5,217.3,217.5, 3132
04/03/2020,15:36,217.4,217.5,217.3,217.3, 1973
04/03/2020,15:36,217.5,217.8,217.5,217.6, 3908
04/03/2020,15:37,217.5,217.5,217.1,217.1, 3813
04/03/2020,15:38,217,217.1,216.7,216.8, 9258
04/03/2020,15:39,216.8,216.9,216.3,216.4, 6414
04/03/2020,15:40,216.5,216.5,215.8,215.8, 4191
04/03/2020,15:41,215.7,216.3,215.6,216.3, 6584
04/03/2020,15:42,216.3,217.1,216.3,217.1, 11664
04/03/2020,15:43,217.2,218.2,217.2,218.2, 6743
04/03/2020,15:43,218.2,218.2,217.8,217.9, 3842
04/03/2020,15:44,217.9,218.6,217.9,218.2, 5083
04/03/2020,15:45,218.3,218.5,218,218.3, 5026
04/03/2020,15:46,218.2,218.2,217.6,217.6, 3135
04/03/2020,15:47,217.4,217.8,217.4,217.5, 1742
04/03/2020,15:48,217.6,217.6,217.1,217.4, 5991
04/03/2020,15:49,217.2,217.2,216.4,216.7, 6065
04/03/2020,15:50,216.7,217.1,216.7,216.7, 5270
04/03/2020,15:51,216.7,216.7,216.3,216.6, 4270
04/03/2020,15:52,216.5,217,216.5,216.6, 10982
04/03/2020,15:52,216.5,216.6,216.5,216.5, 4761
04/03/2020,15:53,216.4,216.4,216.2,216.2, 1438
04/03/2020,15:54,216.2,216.2,215.5,215.5, 3955
04/03/2020,15:55,215.4,215.6,215.3,215.5, 2223
04/03/2020,15:56,215.7,215.7,215.3,215.4, 2701
04/03/2020,15:57,215.5,216,215.3,215.3, 4781
04/03/2020,15:57,215.3,215.5,214.6,214.9, 8787
04/03/2020,15:58,215,215.2,214.9,215, 3858
04/03/2020,15:59,215.3,215.4,215.2,215.3, 3328
04/03/2020,16:00,215.4,215.5,215.2,215.2, 3784
04/03/2020,16:01,215.3,215.8,215.3,215.8, 3377
04/03/2020,16:01,215.9,215.9,215.7,215.7, 1527
04/03/2020,16:02,216,216.8,216,216.8, 4110
04/03/2020,16:03,216.9,217.2,216.7,216.9, 4311
04/03/2020,16:04,216.9,216.9,216,216, 1526
04/03/2020,16:05,215.9,216,215.4,215.5, 1011
04/03/2020,16:06,215.3,215.3,214.9,214.9, 5259
04/03/2020,16:07,214.9,215.2,214.7,214.9, 6750
04/03/2020,16:08,215,215,214.3,214.9, 8798
04/03/2020,16:09,214.9,215,214.8,214.8, 5275
04/03/2020,16:10,215,215.2,215,215.1, 4010
04/03/2020,16:11,215,215.1,214.8,214.8, 4168
04/03/2020,16:12,214.7,214.7,214.4,214.7, 4135
04/03/2020,16:12,214.8,215.1,214.7,215, 3690
04/03/2020,16:13,214.9,215.2,214.9,214.9, 1272
04/03/2020,16:14,214.8,214.8,214.5,214.7, 2574
04/03/2020,16:15,214.8,214.8,214.2,214.7, 4804
04/03/2020,16:16,214.7,214.7,214.4,214.4, 1008
04/03/2020,16:17,214.4,214.5,213.8,213.8, 5903
04/03/2020,16:18,213.7,213.7,213.2,213.2, 4838
04/03/2020,16:19,213.3,213.3,212,212.1, 22268
04/03/2020,16:20,212.2,212.3,211.6,212, 10435
04/03/2020,16:21,212,212.1,211.7,212, 3406
04/03/2020,16:22,212,212.1,211.9,212.1, 5176
04/03/2020,16:23,212.1,212.3,211.7,212.1, 6473
04/03/2020,16:24,212.2,212.3,212,212, 4084
04/03/2020,16:25,212,212.4,212,212.1, 5831
04/03/2020,16:25,212.2,213.3,212.2,213.2, 3032
04/03/2020,16:26,213.6,213.6,212.9,213, 4801
04/03/2020,16:27,212.8,212.8,212.2,212.5, 6840
04/03/2020,16:28,212.5,212.6,212.2,212.2, 2218
04/03/2020,16:29,212.3,212.3,212,212.1, 2404
04/03/2020,16:30,211.9,212,211.4,211.4, 6069
04/03/2020,16:31,211.3,212,211.3,212, 4760
04/03/2020,16:32,212,212.1,211.6,211.6, 2545
04/03/2020,16:33,211.5,211.7,211.1,211.3, 4977
04/03/2020,16:34,211.3,211.4,211.3,211.4, 1488
04/03/2020,16:35,211.3,212.3,211.2,212.3, 10004
04/03/2020,16:36,212.5,213.2,212.4,213.2, 8651
04/03/2020,16:37,213.1,213.1,212.7,212.8, 6760
04/03/2020,16:38,212.9,212.9,212.2,212.3, 2131
04/03/2020,16:39,212.5,212.5,212.3,212.4, 2347
04/03/2020,16:40,212.3,212.3,211.5,211.5, 3291
04/03/2020,16:41,211.5,212,211.4,212, 4631
04/03/2020,16:41,211.9,212.2,211.9,212.2, 2885
04/03/2020,16:42,212.1,212.1,211.8,211.9, 1435
04/03/2020,16:43,212,212.9,212,212.5, 5199
04/03/2020,16:44,212.6,213.5,212.6,212.8, 14629
04/03/2020,16:44,212.9,213.1,212.6,213.1, 424
04/03/2020,16:45,213.2,213.6,213.2,213.6, 1838
04/03/2020,16:46,213.6,214.1,213.6,214, 4870
04/03/2020,16:46,213.9,214,213.6,213.7, 2474
04/03/2020,16:47,213.7,214.5,213.7,214.5, 1327
04/03/2020,16:48,214.5,214.9,214.4,214.7, 1220
04/03/2020,16:49,214.7,215.1,214.6,214.9, 5818
04/03/2020,16:50,215.1,215.1,214.8,215, 2287
04/03/2020,16:51,215,215,214.4,214.8, 5275
04/03/2020,16:52,214.8,214.8,214.4,214.7, 2791
04/03/2020,16:53,214.7,215.8,214.7,215.8, 15694
04/03/2020,16:54,215.1,215.2,214.6,214.8, 4987
04/03/2020,16:55,214.8,214.8,213.9,214.3, 3213
04/03/2020,16:57,214,214.1,213.9,214.1, 3136
04/03/2020,16:57,214.1,214.3,214,214.2, 2831
04/03/2020,16:59,214.4,214.4,214.1,214.3, 3951
04/03/2020,16:59,214.1,214.3,213.9,214.2, 2715
04/03/2020,17:01,214.5,215.4,214.4,215.1, 3479
04/03/2020,17:02,215,215.3,214.8,214.9, 3873
04/03/2020,17:03,214.8,214.9,214.7,214.8, 1555
04/03/2020,17:04,214.6,214.6,214.2,214.4, 5126
04/03/2020,17:06,214.4,214.4,214.1,214.1, 1754
04/03/2020,17:07,214.2,214.7,214.1,214.6, 5817
04/03/2020,17:08,214.6,215,214.6,214.6, 8157
04/03/2020,17:09,214.6,214.6,213.8,213.8, 6883
04/03/2020,17:10,213.5,213.8,213.4,213.7, 4252
04/03/2020,17:11,214.2,214.7,214.1,214.6, 7097
04/03/2020,17:13,214.5,215.1,214.5,215, 5723
04/03/2020,17:14,215,215,214.8,214.9, 9810
04/03/2020,17:15,214.7,214.9,214.5,214.9, 5071
04/03/2020,17:16,214.8,215.1,214.7,215, 5704
04/03/2020,17:17,215.1,215.1,214.8,214.8, 5591
04/03/2020,17:18,214.9,215,214.6,214.7, 2245
04/03/2020,17:20,214.7,214.7,214.4,214.4, 5568
04/03/2020,17:20,214.4,214.7,214.4,214.7, 5126
04/03/2020,17:21,214.8,215.1,214.8,214.9, 6538
04/03/2020,17:22,214.9,215,214.8,214.8, 3425
04/03/2020,17:23,214.8,214.9,214.6,214.7, 3457
04/03/2020,17:24,214.8,214.8,214.2,214.2, 4498
04/03/2020,17:25,214.4,214.4,213.4,213.4, 4594
04/03/2020,17:25,213.3,213.4,213.3,213.4, 1141
04/03/2020,17:30,215,215,215,215, 329696
04/03/2020,18:01,215,215,215,215, 1

