03/02/2020,09:34,541.32,541.32,541.32,541.32, 1
03/02/2020,13:10,544.0263,544.0263,544.0263,544.0263, 1
03/03/2020,08:43,547.68,547.68,547.68,547.68, 1
03/03/2020,13:06,543.7803,543.7803,543.7803,543.7803, 1
03/04/2020,08:49,546.88,546.88,546.88,546.88, 1
03/04/2020,13:09,544.6167,544.6167,544.6167,544.6167, 1
03/05/2020,08:40,548.015,548.015,548.015,548.015, 1
03/05/2020,13:13,546.3434,546.3434,546.3434,546.3434, 1
03/06/2020,09:37,550.07,550.07,550.07,550.07, 1
03/06/2020,13:07,553.6361,553.6361,553.6361,553.6361, 1
03/09/2020,08:43,557.21,557.21,557.21,557.21, 1
03/09/2020,13:23,558.1502,558.1502,558.1502,558.1502, 1
03/10/2020,08:49,561.985,561.985,561.985,561.985, 1
03/10/2020,13:08,554.9723,554.9723,554.9723,554.9723, 1
03/11/2020,08:49,560.98,560.98,560.98,560.98, 1
03/11/2020,13:14,554.5081,554.5081,554.5081,554.5081, 1
03/12/2020,09:40,558.27,558.27,558.27,558.27, 1
03/12/2020,13:12,550.034,550.034,550.034,550.034, 1
03/13/2020,08:46,553.06,553.06,553.06,553.06, 1
03/13/2020,13:12,551.8545,551.8545,551.8545,551.8545, 1
03/15/2020,12:33,553.06,553.06,553.06,553.06, 1
03/15/2020,12:34,551.8545,551.8545,551.8545,551.8545, 1
03/16/2020,09:13,553.165,553.165,553.165,553.165, 1
03/16/2020,13:13,542.2093,542.2093,542.2093,542.2093, 1
03/17/2020,10:13,557.74,557.74,557.74,557.74, 1
03/17/2020,13:11,533.7178,533.7178,533.7178,533.7178, 1
03/18/2020,09:28,557.235,557.235,557.235,557.235, 1
03/18/2020,13:07,555.665,555.665,555.665,555.665, 1
03/19/2020,08:55,553.375,553.375,553.375,553.375, 1
03/19/2020,13:08,543.5238,543.5238,543.5238,543.5238, 1
03/20/2020,09:46,559.715,559.715,559.715,559.715, 1
03/20/2020,13:16,555.476,555.476,555.476,555.476, 1
03/23/2020,09:40,555.945,555.945,555.945,555.945, 1
03/23/2020,13:33,553.2126,553.2126,553.2126,553.2126, 1
03/24/2020,12:01,561.455,561.455,561.455,561.455, 1
03/24/2020,13:18,562.4122,562.4122,562.4122,562.4122, 1
03/25/2020,08:37,561.21,561.21,561.21,561.21, 1
03/25/2020,13:06,559.7026,559.7026,559.7026,559.7026, 1
03/26/2020,08:49,561.21,561.21,561.21,561.21, 1
03/26/2020,13:13,573.2054,573.2054,573.2054,573.2054, 1
03/27/2020,08:52,587.8,587.8,587.8,587.8, 1
03/27/2020,13:10,590.6783,590.6783,590.6783,590.6783, 1
03/30/2020,08:46,590.5551,590.5551,590.5551,590.5551, 1
03/30/2020,13:10,593.511,593.511,593.511,593.511, 1
03/31/2020,08:28,590.5551,590.5551,590.5551,590.5551, 1
03/31/2020,13:13,587.1458,587.1458,587.1458,587.1458, 1

