01/02/2020,02:09,1.82,1.82,1.82,1.82, 600
01/02/2020,02:30,1.83,1.83,1.82,1.82, 10700
01/02/2020,02:46,1.82,1.83,1.82,1.83, 200
01/02/2020,02:47,1.83,1.83,1.83,1.83, 400
01/02/2020,03:38,1.83,1.83,1.83,1.83, 1100
01/02/2020,03:53,1.82,1.82,1.82,1.82, 12000
01/02/2020,03:55,1.82,1.82,1.82,1.82, 200
01/02/2020,04:03,1.82,1.82,1.82,1.82, 1800
01/02/2020,04:15,1.82,1.82,1.82,1.82, 2100
01/02/2020,05:04,1.82,1.82,1.82,1.82, 1200
01/02/2020,06:09,1.83,1.83,1.83,1.83, 900
01/02/2020,06:27,1.83,1.83,1.83,1.83, 800
01/02/2020,06:43,1.83,1.83,1.83,1.83, 800
01/02/2020,06:55,1.83,1.83,1.83,1.83, 700
01/02/2020,06:59,1.83,1.83,1.83,1.83, 1300
01/02/2020,07:02,1.82,1.82,1.82,1.82, 1000
01/02/2020,07:13,1.82,1.82,1.82,1.82, 500
01/02/2020,07:17,1.83,1.83,1.83,1.83, 1100
01/02/2020,07:34,1.83,1.83,1.83,1.83, 1300
01/02/2020,07:37,1.83,1.83,1.83,1.83, 3000
01/02/2020,07:49,1.83,1.83,1.83,1.83, 1000
01/02/2020,08:05,1.83,1.83,1.83,1.83, 900
01/02/2020,08:18,1.83,1.83,1.83,1.83, 1200
01/02/2020,08:25,1.82,1.82,1.82,1.82, 600
01/02/2020,08:33,1.83,1.83,1.83,1.83, 1300
01/02/2020,08:34,1.83,1.83,1.83,1.83, 2000
01/02/2020,08:38,1.82,1.82,1.82,1.82, 700
01/02/2020,08:47,1.83,1.83,1.83,1.83, 900
01/02/2020,08:48,1.83,1.83,1.83,1.83, 1100
01/02/2020,08:49,1.83,1.83,1.83,1.83, 400
01/02/2020,08:50,1.83,1.83,1.83,1.83, 100
01/02/2020,08:52,1.82,1.82,1.82,1.82, 600
01/02/2020,08:57,1.83,1.83,1.83,1.83, 800
01/02/2020,08:59,1.83,1.83,1.83,1.83, 200
01/02/2020,09:00,1.83,1.83,1.83,1.83, 1200
01/02/2020,09:01,1.83,1.83,1.83,1.83, 700
01/02/2020,09:02,1.83,1.83,1.83,1.83, 100
01/02/2020,09:03,1.83,1.83,1.83,1.83, 600
01/02/2020,09:04,1.83,1.83,1.82,1.82, 1900
01/02/2020,09:06,1.83,1.83,1.83,1.83, 1400
01/02/2020,09:10,1.83,1.83,1.83,1.83, 800
01/02/2020,09:14,1.83,1.83,1.83,1.83, 1800
01/02/2020,09:15,1.83,1.83,1.83,1.83, 1900
01/02/2020,09:15,1.82,1.82,1.82,1.82, 600
01/02/2020,09:17,1.83,1.83,1.83,1.83, 600
01/02/2020,09:18,1.83,1.83,1.83,1.83, 5400
01/02/2020,09:18,1.83,1.83,1.83,1.83, 700
01/02/2020,09:21,1.83,1.83,1.83,1.83, 1900
01/02/2020,09:23,1.83,1.83,1.83,1.83, 800
01/02/2020,09:25,1.83,1.83,1.83,1.83, 1100
01/02/2020,09:26,1.82,1.82,1.82,1.82, 600
01/02/2020,09:29,1.83,1.83,1.83,1.83, 1700
01/02/2020,09:32,1.83,1.83,1.83,1.83, 22600
01/02/2020,09:32,1.83,1.83,1.83,1.83, 2900
01/02/2020,09:34,1.84,1.84,1.84,1.84, 900
01/02/2020,09:36,1.84,1.84,1.84,1.84, 300
01/02/2020,09:38,1.84,1.84,1.83,1.83, 24700
01/02/2020,09:53,1.82,1.82,1.82,1.82, 600
01/02/2020,09:55,1.84,1.84,1.84,1.84, 300
01/02/2020,09:56,1.83,1.83,1.83,1.83, 400
01/02/2020,09:59,1.84,1.84,1.84,1.84, 400
01/02/2020,10:01,1.84,1.84,1.83,1.83, 900
01/02/2020,10:02,1.83,1.83,1.83,1.83, 3600
01/02/2020,10:06,1.84,1.84,1.84,1.84, 400
01/02/2020,10:07,1.84,1.84,1.84,1.84, 400
01/02/2020,10:08,1.84,1.84,1.84,1.84, 300
01/02/2020,10:09,1.84,1.84,1.83,1.83, 2200
01/02/2020,10:10,1.84,1.84,1.84,1.84, 400
01/02/2020,10:10,1.84,1.84,1.84,1.84, 400
01/02/2020,10:15,1.84,1.84,1.84,1.84, 19600
01/03/2020,02:09,1.84,1.84,1.84,1.84, 1900
01/03/2020,02:20,1.85,1.86,1.85,1.86, 40100
01/03/2020,02:20,1.86,1.86,1.85,1.86, 11200
01/03/2020,02:25,1.86,1.86,1.86,1.86, 100
01/03/2020,02:31,1.85,1.85,1.85,1.85, 2000
01/03/2020,02:34,1.85,1.85,1.85,1.85, 5000
01/03/2020,02:36,1.85,1.85,1.85,1.85, 400
01/03/2020,02:44,1.85,1.85,1.85,1.85, 3700
01/03/2020,02:45,1.85,1.85,1.85,1.85, 7300
01/03/2020,02:46,1.85,1.85,1.85,1.85, 15400
01/03/2020,03:15,1.85,1.85,1.85,1.85, 500
01/03/2020,03:17,1.85,1.85,1.85,1.85, 5000
01/03/2020,03:19,1.85,1.85,1.85,1.85, 200
01/03/2020,03:28,1.85,1.85,1.85,1.85, 200
01/03/2020,03:39,1.85,1.85,1.85,1.85, 200
01/03/2020,03:48,1.85,1.85,1.85,1.85, 200
01/03/2020,03:59,1.84,1.85,1.84,1.85, 20300
01/03/2020,04:13,1.85,1.85,1.85,1.85, 100
01/03/2020,04:19,1.85,1.85,1.85,1.85, 200
01/03/2020,04:22,1.84,1.84,1.84,1.84, 42100
01/03/2020,04:31,1.83,1.83,1.83,1.83, 8900
01/03/2020,04:53,1.84,1.84,1.84,1.84, 200
01/03/2020,04:58,1.84,1.84,1.84,1.84, 200
01/03/2020,05:03,1.84,1.84,1.84,1.84, 100
01/03/2020,05:05,1.84,1.84,1.84,1.84, 100
01/03/2020,05:07,1.84,1.84,1.84,1.84, 100
01/03/2020,06:09,1.83,1.83,1.83,1.83, 12400
01/03/2020,06:11,1.83,1.83,1.83,1.83, 300
01/03/2020,06:23,1.83,1.83,1.83,1.83, 5000
01/03/2020,06:39,1.83,1.83,1.83,1.83, 200
01/03/2020,06:49,1.83,1.83,1.83,1.83, 200
01/03/2020,07:00,1.83,1.83,1.83,1.83, 200
01/03/2020,07:01,1.83,1.83,1.83,1.83, 6800
01/03/2020,07:09,1.84,1.84,1.84,1.84, 200
01/03/2020,07:20,1.84,1.84,1.84,1.84, 200
01/03/2020,07:30,1.84,1.84,1.84,1.84, 200
01/03/2020,07:41,1.84,1.84,1.84,1.84, 200
01/03/2020,07:42,1.84,1.84,1.84,1.84, 200
01/03/2020,07:50,1.84,1.84,1.84,1.84, 200
01/03/2020,07:59,1.84,1.84,1.84,1.84, 200
01/03/2020,08:01,1.83,1.84,1.83,1.84, 8200
01/03/2020,08:13,1.84,1.84,1.84,1.84, 300
01/03/2020,08:16,1.84,1.84,1.84,1.84, 200
01/03/2020,08:22,1.84,1.84,1.84,1.84, 10800
01/03/2020,08:22,1.84,1.84,1.84,1.84, 300
01/03/2020,08:33,1.84,1.84,1.84,1.84, 700
01/03/2020,08:42,1.84,1.84,1.84,1.84, 200
01/03/2020,08:49,1.84,1.84,1.84,1.84, 200
01/03/2020,08:53,1.84,1.84,1.84,1.84, 200
01/03/2020,09:04,1.84,1.84,1.84,1.84, 50800
01/03/2020,09:05,1.84,1.84,1.84,1.84, 27200
01/03/2020,09:07,1.84,1.84,1.84,1.84, 10000
01/03/2020,09:08,1.84,1.84,1.84,1.84, 2200
01/03/2020,09:08,1.84,1.84,1.84,1.84, 5300
01/03/2020,09:15,1.84,1.84,1.84,1.84, 10000
01/03/2020,09:36,1.84,1.84,1.84,1.84, 100
01/03/2020,09:39,1.84,1.84,1.84,1.84, 200
01/03/2020,09:43,1.84,1.84,1.84,1.84, 100
01/03/2020,09:47,1.84,1.84,1.84,1.84, 100
01/03/2020,09:50,1.84,1.84,1.84,1.84, 100
01/03/2020,09:51,1.84,1.84,1.84,1.84, 200
01/03/2020,09:53,1.84,1.84,1.84,1.84, 100
01/03/2020,09:58,1.83,1.83,1.83,1.83, 5200
01/03/2020,09:58,1.84,1.84,1.84,1.84, 200
01/03/2020,10:00,1.84,1.84,1.84,1.84, 100
01/03/2020,10:03,1.84,1.84,1.84,1.84, 100
01/03/2020,10:05,1.84,1.84,1.84,1.84, 300
01/03/2020,10:10,1.84,1.84,1.84,1.84, 100
01/03/2020,10:15,1.84,1.84,1.84,1.84, 900
01/06/2020,02:11,1.83,1.83,1.83,1.83, 100
01/06/2020,02:28,1.83,1.83,1.83,1.83, 3000
01/06/2020,02:33,1.83,1.83,1.83,1.83, 2100
01/06/2020,02:36,1.82,1.82,1.82,1.82, 100
01/06/2020,02:37,1.82,1.82,1.82,1.82, 500
01/06/2020,02:39,1.82,1.82,1.81,1.81, 50000
01/06/2020,02:44,1.81,1.81,1.81,1.81, 1000
01/06/2020,02:47,1.81,1.81,1.81,1.81, 900
01/06/2020,02:50,1.81,1.81,1.81,1.81, 3700
01/06/2020,02:51,1.81,1.81,1.81,1.81, 400
01/06/2020,02:52,1.81,1.81,1.8,1.8, 14100
01/06/2020,02:54,1.81,1.81,1.81,1.81, 10300
01/06/2020,02:55,1.81,1.81,1.81,1.81, 11900
01/06/2020,03:03,1.81,1.81,1.81,1.81, 5400
01/06/2020,03:07,1.81,1.81,1.81,1.81, 500
01/06/2020,03:15,1.81,1.81,1.81,1.81, 1000
01/06/2020,03:23,1.81,1.81,1.81,1.81, 1200
01/06/2020,03:31,1.81,1.81,1.81,1.81, 1300
01/06/2020,03:39,1.81,1.81,1.81,1.81, 1400
01/06/2020,03:47,1.81,1.81,1.81,1.81, 1300
01/06/2020,03:48,1.81,1.81,1.81,1.81, 5000
01/06/2020,03:51,1.81,1.81,1.81,1.81, 1500
01/06/2020,03:59,1.81,1.81,1.81,1.81, 3400
01/06/2020,04:10,1.81,1.81,1.81,1.81, 1200
01/06/2020,04:18,1.81,1.81,1.81,1.81, 900
01/06/2020,04:26,1.81,1.81,1.81,1.81, 700
01/06/2020,04:31,1.81,1.81,1.81,1.81, 13000
01/06/2020,04:36,1.81,1.81,1.81,1.81, 1000
01/06/2020,04:42,1.81,1.81,1.81,1.81, 2000
01/06/2020,04:43,1.8,1.8,1.8,1.8, 800
01/06/2020,04:46,1.8,1.8,1.8,1.8, 800
01/06/2020,04:54,1.8,1.8,1.8,1.8, 900
01/06/2020,05:02,1.8,1.8,1.8,1.8, 300
01/06/2020,05:09,1.81,1.81,1.81,1.81, 900
01/06/2020,05:10,1.8,1.8,1.8,1.8, 200
01/06/2020,06:11,1.81,1.82,1.81,1.82, 8900
01/06/2020,06:26,1.82,1.82,1.82,1.82, 1800
01/06/2020,06:34,1.82,1.82,1.82,1.82, 1900
01/06/2020,06:36,1.82,1.82,1.82,1.82, 1500
01/06/2020,07:06,1.81,1.81,1.81,1.81, 100
01/06/2020,07:07,1.81,1.81,1.81,1.81, 200
01/06/2020,07:12,1.82,1.82,1.82,1.82, 100
01/06/2020,07:13,1.82,1.82,1.82,1.82, 100
01/06/2020,07:14,1.82,1.82,1.82,1.82, 100
01/06/2020,07:15,1.82,1.82,1.82,1.82, 100
01/06/2020,07:16,1.82,1.82,1.82,1.82, 100
01/06/2020,07:17,1.82,1.82,1.82,1.82, 100
01/06/2020,07:18,1.82,1.82,1.82,1.82, 100
01/06/2020,07:35,1.82,1.82,1.82,1.82, 1600
01/06/2020,07:51,1.82,1.82,1.82,1.82, 2000
01/06/2020,07:54,1.82,1.82,1.82,1.82, 8800
01/06/2020,08:00,1.82,1.82,1.82,1.82, 4000
01/06/2020,08:01,1.81,1.81,1.81,1.81, 100
01/06/2020,09:24,1.82,1.82,1.82,1.82, 8600
01/06/2020,09:32,1.82,1.82,1.82,1.82, 1200
01/06/2020,09:41,1.82,1.82,1.82,1.82, 1400
01/06/2020,09:43,1.81,1.82,1.81,1.82, 1900
01/06/2020,09:52,1.82,1.82,1.82,1.82, 4400
01/06/2020,09:52,1.82,1.82,1.82,1.82, 100
01/06/2020,09:57,1.82,1.82,1.82,1.82, 1000
01/06/2020,10:02,1.82,1.82,1.82,1.82, 300
01/06/2020,10:03,1.82,1.82,1.82,1.82, 200
01/06/2020,10:04,1.82,1.82,1.82,1.82, 200
01/06/2020,10:05,1.82,1.82,1.82,1.82, 200
01/06/2020,10:06,1.82,1.82,1.82,1.82, 300
01/06/2020,10:07,1.82,1.82,1.82,1.82, 300
01/06/2020,10:08,1.82,1.82,1.82,1.82, 200
01/06/2020,10:10,1.82,1.82,1.81,1.82, 700
01/06/2020,10:15,1.81,1.81,1.81,1.81, 12600
01/07/2020,02:09,1.81,1.81,1.81,1.81, 700
01/07/2020,02:37,1.83,1.83,1.83,1.83, 3000
01/07/2020,02:39,1.82,1.82,1.82,1.82, 400
01/07/2020,03:15,1.83,1.84,1.83,1.84, 125000
01/07/2020,03:18,1.84,1.84,1.84,1.84, 4200
01/07/2020,03:19,1.84,1.84,1.84,1.84, 9200
01/07/2020,03:49,1.83,1.83,1.83,1.83, 1000
01/07/2020,03:57,1.83,1.83,1.83,1.83, 700
01/07/2020,03:58,1.83,1.83,1.83,1.83, 700
01/07/2020,04:01,1.83,1.84,1.83,1.84, 108700
01/07/2020,04:12,1.84,1.84,1.84,1.84, 87300
01/07/2020,04:41,1.84,1.84,1.84,1.84, 100
01/07/2020,04:51,1.84,1.84,1.84,1.84, 3000
01/07/2020,04:58,1.84,1.84,1.84,1.84, 800
01/07/2020,05:00,1.84,1.84,1.84,1.84, 800
01/07/2020,05:02,1.84,1.84,1.84,1.84, 900
01/07/2020,05:04,1.84,1.84,1.84,1.84, 800
01/07/2020,05:06,1.84,1.84,1.84,1.84, 800
01/07/2020,05:07,1.84,1.84,1.84,1.84, 2000
01/07/2020,05:08,1.84,1.84,1.84,1.84, 800
01/07/2020,05:10,1.84,1.84,1.84,1.84, 800
01/07/2020,06:09,1.84,1.84,1.84,1.84, 5000
01/07/2020,06:17,1.84,1.84,1.84,1.84, 2500
01/07/2020,06:27,1.84,1.84,1.84,1.84, 30600
01/07/2020,06:30,1.84,1.84,1.84,1.84, 500
01/07/2020,06:35,1.84,1.84,1.84,1.84, 500
01/07/2020,06:36,1.84,1.84,1.84,1.84, 10000
01/07/2020,06:38,1.84,1.84,1.84,1.84, 3500
01/07/2020,06:42,1.84,1.84,1.84,1.84, 10000
01/07/2020,07:05,1.84,1.84,1.84,1.84, 9800
01/07/2020,07:25,1.85,1.85,1.85,1.85, 100
01/07/2020,07:26,1.84,1.84,1.84,1.84, 500
01/07/2020,07:29,1.84,1.84,1.84,1.84, 500
01/07/2020,07:32,1.84,1.84,1.84,1.84, 500
01/07/2020,07:36,1.84,1.84,1.84,1.84, 500
01/07/2020,07:40,1.84,1.84,1.84,1.84, 500
01/07/2020,07:43,1.84,1.84,1.84,1.84, 500
01/07/2020,07:44,1.84,1.84,1.84,1.84, 5000
01/07/2020,07:45,1.84,1.84,1.84,1.84, 500
01/07/2020,07:48,1.84,1.84,1.84,1.84, 500
01/07/2020,07:53,1.85,1.85,1.85,1.85, 1000
01/07/2020,08:49,1.84,1.84,1.84,1.84, 6400
01/07/2020,08:51,1.84,1.84,1.84,1.84, 2200
01/07/2020,08:55,1.84,1.84,1.84,1.84, 42100
01/07/2020,09:02,1.84,1.84,1.84,1.84, 6100
01/07/2020,09:13,1.84,1.84,1.84,1.84, 35400
01/07/2020,09:16,1.84,1.84,1.84,1.84, 22300
01/07/2020,09:18,1.84,1.84,1.84,1.84, 5000
01/07/2020,10:04,1.84,1.84,1.84,1.84, 1600
01/07/2020,10:05,1.84,1.84,1.84,1.84, 100
01/07/2020,10:06,1.85,1.85,1.85,1.85, 700
01/07/2020,10:10,1.85,1.85,1.84,1.84, 400
01/07/2020,10:15,1.85,1.85,1.85,1.85, 37400
01/07/2020,10:25,1.85,1.85,1.85,1.85, 1500
01/08/2020,02:09,1.84,1.84,1.84,1.84, 3200
01/08/2020,02:12,1.84,1.85,1.84,1.84, 20900
01/08/2020,02:16,1.83,1.83,1.83,1.83, 10400
01/08/2020,02:17,1.83,1.83,1.83,1.83, 3100
01/08/2020,02:20,1.82,1.82,1.82,1.82, 27900
01/08/2020,02:21,1.82,1.82,1.82,1.82, 1300
01/08/2020,02:42,1.83,1.83,1.83,1.83, 17500
01/08/2020,02:43,1.83,1.83,1.83,1.83, 200
01/08/2020,02:48,1.83,1.83,1.83,1.83, 7600
01/08/2020,02:49,1.83,1.83,1.83,1.83, 13100
01/08/2020,02:51,1.83,1.83,1.83,1.83, 13500
01/08/2020,02:53,1.83,1.83,1.83,1.83, 2000
01/08/2020,02:55,1.83,1.83,1.83,1.83, 900
01/08/2020,02:56,1.83,1.83,1.83,1.83, 17000
01/08/2020,02:57,1.83,1.83,1.83,1.83, 100
01/08/2020,03:00,1.83,1.83,1.83,1.83, 20900
01/08/2020,03:02,1.83,1.83,1.83,1.83, 10000
01/08/2020,03:03,1.83,1.83,1.83,1.83, 40000
01/08/2020,03:05,1.83,1.83,1.83,1.83, 800
01/08/2020,03:07,1.83,1.83,1.83,1.83, 5000
01/08/2020,03:09,1.83,1.83,1.83,1.83, 1000
01/08/2020,03:10,1.83,1.83,1.83,1.83, 100
01/08/2020,03:15,1.83,1.83,1.83,1.83, 1000
01/08/2020,03:21,1.83,1.83,1.83,1.83, 900
01/08/2020,03:25,1.83,1.83,1.83,1.83, 100
01/08/2020,03:27,1.83,1.83,1.83,1.83, 900
01/08/2020,03:33,1.83,1.83,1.83,1.83, 900
01/08/2020,03:39,1.83,1.83,1.83,1.83, 900
01/08/2020,03:41,1.84,1.84,1.84,1.84, 100
01/08/2020,03:45,1.83,1.83,1.83,1.83, 10800
01/08/2020,03:50,1.83,1.83,1.83,1.83, 900
01/08/2020,03:54,1.83,1.83,1.83,1.83, 900
01/08/2020,03:59,1.83,1.83,1.83,1.83, 900
01/08/2020,04:04,1.83,1.83,1.83,1.83, 800
01/08/2020,04:08,1.83,1.83,1.83,1.83, 900
01/08/2020,04:09,1.83,1.83,1.83,1.83, 10000
01/08/2020,04:13,1.83,1.84,1.83,1.84, 1000
01/08/2020,04:18,1.83,1.83,1.83,1.83, 900
01/08/2020,04:22,1.83,1.83,1.83,1.83, 6200
01/08/2020,04:24,1.83,1.83,1.83,1.83, 800
01/08/2020,04:25,1.84,1.84,1.84,1.84, 1000
01/08/2020,04:28,1.83,1.83,1.83,1.83, 1000
01/08/2020,04:32,1.83,1.83,1.83,1.83, 900
01/08/2020,04:36,1.83,1.83,1.83,1.83, 900
01/08/2020,04:40,1.83,1.83,1.83,1.83, 900
01/08/2020,04:45,1.83,1.83,1.83,1.83, 900
01/08/2020,04:46,1.84,1.84,1.84,1.84, 300
01/08/2020,04:49,1.83,1.83,1.83,1.83, 900
01/08/2020,04:53,1.83,1.83,1.83,1.83, 800
01/08/2020,04:56,1.84,1.84,1.84,1.84, 300
01/08/2020,04:57,1.83,1.83,1.83,1.83, 900
01/08/2020,05:01,1.83,1.83,1.83,1.83, 900
01/08/2020,05:02,1.83,1.83,1.83,1.83, 5000
01/08/2020,05:05,1.83,1.83,1.83,1.83, 2100
01/08/2020,05:06,1.83,1.83,1.83,1.83, 8000
01/08/2020,05:10,1.83,1.83,1.83,1.83, 1000
01/08/2020,06:09,1.84,1.84,1.84,1.84, 500
01/08/2020,06:21,1.83,1.83,1.81,1.81, 52400
01/08/2020,06:28,1.82,1.82,1.82,1.82, 11000
01/08/2020,06:46,1.83,1.83,1.83,1.83, 33100
01/08/2020,06:50,1.84,1.84,1.84,1.84, 100
01/08/2020,07:23,1.84,1.84,1.84,1.84, 100
01/08/2020,07:34,1.84,1.84,1.84,1.84, 100
01/08/2020,07:36,1.84,1.84,1.84,1.84, 100
01/08/2020,07:41,1.84,1.84,1.84,1.84, 200
01/08/2020,07:44,1.84,1.84,1.83,1.84, 13100
01/08/2020,07:45,1.83,1.84,1.83,1.84, 12400
01/08/2020,07:49,1.84,1.84,1.84,1.84, 2400
01/08/2020,08:01,1.84,1.84,1.84,1.84, 100
01/08/2020,08:09,1.84,1.84,1.84,1.84, 100
01/08/2020,08:14,1.84,1.84,1.84,1.84, 100
01/08/2020,08:16,1.84,1.84,1.84,1.84, 100
01/08/2020,08:24,1.84,1.84,1.84,1.84, 100
01/08/2020,08:27,1.84,1.84,1.84,1.84, 100
01/08/2020,08:34,1.84,1.84,1.84,1.84, 100
01/08/2020,08:43,1.83,1.83,1.83,1.83, 5000
01/08/2020,08:46,1.84,1.84,1.83,1.83, 1700
01/08/2020,08:47,1.84,1.84,1.84,1.84, 100
01/08/2020,08:56,1.84,1.84,1.84,1.84, 100
01/08/2020,09:00,1.84,1.84,1.84,1.84, 100
01/08/2020,09:01,1.84,1.84,1.84,1.84, 100
01/08/2020,09:04,1.84,1.84,1.84,1.84, 100
01/08/2020,09:06,1.84,1.84,1.84,1.84, 100
01/08/2020,09:07,1.84,1.84,1.84,1.84, 300
01/08/2020,09:08,1.83,1.83,1.83,1.83, 4000
01/08/2020,09:09,1.84,1.84,1.84,1.84, 100
01/08/2020,09:16,1.84,1.84,1.84,1.84, 100
01/08/2020,09:17,1.84,1.84,1.84,1.84, 300
01/08/2020,09:19,1.84,1.84,1.84,1.84, 200
01/08/2020,09:24,1.84,1.84,1.84,1.84, 300
01/08/2020,09:25,1.83,1.83,1.83,1.83, 1000
01/08/2020,09:26,1.84,1.84,1.84,1.84, 100
01/08/2020,09:27,1.84,1.84,1.84,1.84, 300
01/08/2020,09:31,1.84,1.84,1.84,1.84, 100
01/08/2020,09:32,1.84,1.84,1.84,1.84, 100
01/08/2020,09:34,1.84,1.84,1.84,1.84, 100
01/08/2020,09:37,1.84,1.84,1.84,1.84, 200
01/08/2020,09:39,1.84,1.84,1.84,1.84, 300
01/08/2020,09:41,1.84,1.84,1.84,1.84, 200
01/08/2020,09:48,1.84,1.84,1.84,1.84, 300
01/08/2020,09:49,1.84,1.84,1.84,1.84, 100
01/08/2020,09:55,1.84,1.84,1.84,1.84, 300
01/08/2020,09:59,1.84,1.84,1.84,1.84, 700
01/08/2020,10:01,1.84,1.84,1.83,1.83, 1900
01/08/2020,10:02,1.84,1.84,1.84,1.84, 300
01/08/2020,10:04,1.84,1.84,1.83,1.84, 4100
01/08/2020,10:06,1.84,1.84,1.83,1.84, 3700
01/08/2020,10:08,1.84,1.84,1.84,1.84, 300
01/08/2020,10:09,1.84,1.84,1.83,1.83, 2000
01/08/2020,10:10,1.84,1.84,1.83,1.83, 7500
01/08/2020,10:10,1.84,1.84,1.84,1.84, 300
01/08/2020,10:15,1.84,1.84,1.84,1.84, 36100
01/09/2020,02:09,1.84,1.84,1.84,1.84, 20100
01/09/2020,02:12,1.83,1.83,1.83,1.83, 1700
01/09/2020,02:30,1.84,1.84,1.84,1.84, 136400
01/09/2020,02:36,1.84,1.84,1.84,1.84, 5000
01/09/2020,02:44,1.84,1.84,1.84,1.84, 4300
01/09/2020,02:46,1.84,1.84,1.84,1.84, 800
01/09/2020,02:52,1.84,1.84,1.84,1.84, 1000
01/09/2020,03:52,1.85,1.85,1.85,1.85, 9000
01/09/2020,04:00,1.84,1.85,1.84,1.85, 4800
01/09/2020,04:10,1.85,1.85,1.85,1.85, 10000
01/09/2020,04:14,1.84,1.84,1.84,1.84, 800
01/09/2020,04:22,1.84,1.84,1.84,1.84, 200
01/09/2020,04:26,1.85,1.85,1.85,1.85, 300
01/09/2020,04:28,1.84,1.84,1.84,1.84, 700
01/09/2020,04:37,1.84,1.84,1.84,1.84, 800
01/09/2020,04:47,1.84,1.84,1.84,1.84, 900
01/09/2020,04:49,1.85,1.85,1.85,1.85, 300
01/09/2020,05:00,1.84,1.84,1.84,1.84, 800
01/09/2020,05:04,1.84,1.84,1.84,1.84, 10000
01/09/2020,06:09,1.84,1.84,1.84,1.84, 8600
01/09/2020,06:11,1.84,1.84,1.84,1.84, 200
01/09/2020,06:56,1.84,1.84,1.84,1.84, 200
01/09/2020,06:59,1.84,1.84,1.84,1.84, 800
01/09/2020,07:17,1.84,1.84,1.84,1.84, 800
01/09/2020,07:21,1.84,1.84,1.84,1.84, 20000
01/09/2020,07:32,1.84,1.85,1.84,1.85, 65000
01/09/2020,07:46,1.84,1.84,1.84,1.84, 200
01/09/2020,08:06,1.84,1.84,1.84,1.84, 20000
01/09/2020,08:28,1.84,1.84,1.84,1.84, 200
01/09/2020,08:31,1.84,1.84,1.84,1.84, 900
01/09/2020,08:44,1.84,1.84,1.84,1.84, 5000
01/09/2020,08:49,1.84,1.84,1.84,1.84, 800
01/09/2020,09:03,1.85,1.85,1.85,1.85, 300
01/09/2020,09:05,1.84,1.84,1.84,1.84, 800
01/09/2020,09:06,1.84,1.84,1.84,1.84, 200
01/09/2020,09:20,1.84,1.84,1.84,1.84, 800
01/09/2020,09:26,1.85,1.85,1.85,1.85, 300
01/09/2020,09:30,1.84,1.84,1.84,1.84, 900
01/09/2020,09:36,1.84,1.84,1.84,1.84, 200
01/09/2020,09:39,1.84,1.84,1.84,1.84, 700
01/09/2020,09:45,1.84,1.84,1.84,1.84, 700
01/09/2020,09:51,1.84,1.84,1.84,1.84, 800
01/09/2020,09:53,1.84,1.84,1.84,1.84, 200
01/09/2020,09:58,1.84,1.84,1.84,1.84, 700
01/09/2020,10:03,1.84,1.84,1.84,1.84, 600
01/09/2020,10:07,1.84,1.84,1.84,1.84, 700
01/09/2020,10:10,1.84,1.84,1.84,1.84, 100
01/09/2020,10:15,1.85,1.85,1.85,1.85, 56800
01/10/2020,02:09,1.86,1.86,1.86,1.86, 300
01/10/2020,02:20,1.85,1.85,1.85,1.85, 2200
01/10/2020,02:30,1.85,1.85,1.85,1.85, 2200
01/10/2020,02:35,1.85,1.85,1.85,1.85, 3000
01/10/2020,02:49,1.85,1.85,1.85,1.85, 100
01/10/2020,02:59,1.85,1.85,1.85,1.85, 6900
01/10/2020,03:12,1.85,1.85,1.85,1.85, 1500
01/10/2020,03:13,1.85,1.85,1.85,1.85, 1400
01/10/2020,03:19,1.84,1.84,1.84,1.84, 600
01/10/2020,03:23,1.84,1.84,1.84,1.84, 600
01/10/2020,03:25,1.84,1.84,1.84,1.84, 100
01/10/2020,04:07,1.84,1.84,1.84,1.84, 100
01/10/2020,04:10,1.85,1.85,1.85,1.85, 200
01/10/2020,04:20,1.85,1.85,1.84,1.84, 500
01/10/2020,04:28,1.85,1.85,1.85,1.85, 100
01/10/2020,04:30,1.85,1.85,1.85,1.85, 200
01/10/2020,04:36,1.85,1.85,1.85,1.85, 100
01/10/2020,04:40,1.85,1.85,1.85,1.85, 200
01/10/2020,04:44,1.85,1.85,1.85,1.85, 200
01/10/2020,05:00,1.85,1.85,1.85,1.85, 100
01/10/2020,06:09,1.85,1.85,1.85,1.85, 9800
01/10/2020,06:11,1.85,1.85,1.84,1.85, 3800
01/10/2020,06:21,1.85,1.85,1.85,1.85, 200
01/10/2020,06:31,1.85,1.85,1.84,1.84, 17300
01/10/2020,06:52,1.83,1.83,1.83,1.83, 300
01/10/2020,06:54,1.84,1.84,1.84,1.84, 100
01/10/2020,07:12,1.84,1.84,1.84,1.84, 100
01/10/2020,07:29,1.84,1.84,1.84,1.84, 100
01/10/2020,07:33,1.84,1.84,1.84,1.84, 500
01/10/2020,07:41,1.85,1.85,1.83,1.83, 400
01/10/2020,07:47,1.83,1.84,1.83,1.84, 7300
01/10/2020,07:51,1.84,1.84,1.84,1.84, 200
01/10/2020,07:56,1.84,1.84,1.83,1.83, 6800
01/10/2020,07:59,1.84,1.84,1.84,1.84, 300
01/10/2020,08:01,1.85,1.85,1.84,1.84, 400
01/10/2020,08:05,1.85,1.85,1.85,1.85, 100
01/10/2020,08:11,1.85,1.85,1.84,1.84, 400
01/10/2020,08:17,1.85,1.85,1.84,1.84, 7100
01/10/2020,08:19,1.85,1.85,1.84,1.84, 4100
01/10/2020,08:19,1.84,1.84,1.84,1.84, 200
01/10/2020,08:21,1.85,1.85,1.85,1.85, 200
01/10/2020,08:22,1.85,1.85,1.85,1.85, 100
01/10/2020,08:31,1.85,1.85,1.84,1.84, 8500
01/10/2020,08:31,1.85,1.85,1.85,1.85, 100
01/10/2020,08:33,1.84,1.84,1.84,1.84, 300
01/10/2020,08:36,1.84,1.84,1.84,1.84, 300
01/10/2020,08:38,1.84,1.84,1.84,1.84, 300
01/10/2020,08:40,1.85,1.85,1.85,1.85, 100
01/10/2020,08:41,1.84,1.84,1.84,1.84, 500
01/10/2020,08:42,1.84,1.84,1.84,1.84, 300
01/10/2020,08:44,1.84,1.84,1.84,1.84, 300
01/10/2020,08:46,1.84,1.84,1.84,1.84, 400
01/10/2020,08:48,1.84,1.84,1.84,1.84, 300
01/10/2020,08:52,1.84,1.84,1.84,1.84, 300
01/10/2020,08:57,1.85,1.85,1.84,1.84, 300
01/10/2020,08:58,1.85,1.85,1.84,1.84, 1400
01/10/2020,08:58,1.84,1.84,1.84,1.84, 23700
01/10/2020,09:01,1.83,1.83,1.83,1.83, 300
01/10/2020,09:10,1.83,1.83,1.83,1.83, 100
01/10/2020,09:12,1.83,1.83,1.83,1.83, 300
01/10/2020,09:14,1.84,1.84,1.84,1.84, 100
01/10/2020,09:22,1.83,1.83,1.83,1.83, 400
01/10/2020,09:29,1.83,1.83,1.83,1.83, 3000
01/10/2020,09:30,1.83,1.83,1.83,1.83, 700
01/10/2020,09:31,1.84,1.84,1.84,1.84, 100
01/10/2020,09:31,1.83,1.83,1.83,1.83, 700
01/10/2020,09:35,1.83,1.83,1.83,1.83, 100
01/10/2020,09:41,1.83,1.83,1.83,1.83, 300
01/10/2020,09:47,1.84,1.84,1.84,1.84, 100
01/10/2020,09:52,1.83,1.84,1.83,1.84, 3500
01/10/2020,09:53,1.84,1.84,1.83,1.83, 5500
01/10/2020,09:58,1.84,1.84,1.83,1.83, 200
01/10/2020,10:01,1.84,1.84,1.83,1.83, 300
01/10/2020,10:03,1.84,1.84,1.84,1.84, 100
01/10/2020,10:09,1.84,1.84,1.83,1.83, 200
01/10/2020,10:10,1.84,1.84,1.83,1.83, 400
01/10/2020,10:15,1.83,1.83,1.83,1.83, 23000
01/13/2020,02:09,1.83,1.83,1.83,1.83, 1500
01/13/2020,02:13,1.84,1.84,1.84,1.84, 11300
01/13/2020,02:15,1.85,1.85,1.85,1.85, 700
01/13/2020,02:16,1.85,1.85,1.85,1.85, 700
01/13/2020,02:17,1.84,1.85,1.84,1.85, 400
01/13/2020,02:19,1.84,1.84,1.84,1.84, 5900
01/13/2020,02:28,1.85,1.85,1.85,1.85, 300
01/13/2020,03:04,1.84,1.84,1.84,1.84, 10000
01/13/2020,03:30,1.84,1.84,1.84,1.84, 5100
01/13/2020,03:56,1.85,1.85,1.85,1.85, 8000
01/13/2020,04:08,1.84,1.84,1.84,1.84, 6900
01/13/2020,05:02,1.84,1.84,1.84,1.84, 1500
01/13/2020,06:09,1.84,1.84,1.84,1.84, 4300
01/13/2020,07:13,1.84,1.84,1.84,1.84, 200
01/13/2020,07:14,1.84,1.84,1.84,1.84, 500
01/13/2020,07:26,1.84,1.84,1.84,1.84, 1000
01/13/2020,08:16,1.84,1.84,1.84,1.84, 5700
01/13/2020,08:16,1.84,1.84,1.84,1.84, 700
01/13/2020,08:40,1.85,1.85,1.85,1.85, 100
01/13/2020,10:05,1.83,1.85,1.83,1.85, 10600
01/13/2020,10:07,1.84,1.84,1.84,1.84, 100
01/13/2020,10:09,1.84,1.84,1.84,1.84, 100
01/13/2020,10:15,1.83,1.83,1.83,1.83, 10000
01/14/2020,02:09,1.84,1.84,1.84,1.84, 300
01/14/2020,02:45,1.84,1.84,1.84,1.84, 7000
01/14/2020,02:48,1.84,1.84,1.84,1.84, 20300
01/14/2020,03:26,1.84,1.84,1.84,1.84, 26100
01/14/2020,04:00,1.84,1.84,1.84,1.84, 100
01/14/2020,04:32,1.85,1.85,1.85,1.85, 300
01/14/2020,04:43,1.85,1.85,1.85,1.85, 300
01/14/2020,04:55,1.85,1.85,1.85,1.85, 500
01/14/2020,04:55,1.85,1.85,1.85,1.85, 200
01/14/2020,05:02,1.85,1.85,1.84,1.84, 300
01/14/2020,05:08,1.85,1.85,1.85,1.85, 129400
01/14/2020,05:09,1.86,1.86,1.86,1.86, 90300
01/14/2020,05:10,1.86,1.86,1.86,1.86, 100
01/14/2020,06:09,1.86,1.86,1.86,1.86, 8200
01/14/2020,06:15,1.87,1.87,1.87,1.87, 2000
01/14/2020,06:20,1.86,1.86,1.86,1.86, 2300
01/14/2020,06:20,1.86,1.86,1.86,1.86, 1400
01/14/2020,06:27,1.86,1.86,1.86,1.86, 1100
01/14/2020,06:35,1.86,1.86,1.86,1.86, 1800
01/14/2020,07:33,1.86,1.86,1.86,1.86, 100
01/14/2020,07:39,1.86,1.86,1.86,1.86, 200
01/14/2020,07:43,1.85,1.86,1.85,1.86, 8900
01/14/2020,07:51,1.86,1.86,1.86,1.86, 300
01/14/2020,08:01,1.86,1.86,1.86,1.86, 1000
01/14/2020,08:03,1.86,1.86,1.86,1.86, 300
01/14/2020,08:11,1.86,1.86,1.86,1.86, 500
01/14/2020,08:14,1.86,1.86,1.86,1.86, 300
01/14/2020,08:21,1.86,1.86,1.86,1.86, 40300
01/14/2020,08:24,1.86,1.86,1.86,1.86, 32400
01/14/2020,08:47,1.86,1.86,1.86,1.86, 900
01/14/2020,08:48,1.86,1.86,1.86,1.86, 3900
01/14/2020,09:14,1.86,1.86,1.86,1.86, 2000
01/14/2020,09:30,1.86,1.86,1.86,1.86, 300
01/14/2020,09:42,1.86,1.86,1.85,1.85, 400
01/14/2020,09:53,1.86,1.86,1.86,1.86, 300
01/14/2020,09:54,1.86,1.86,1.86,1.86, 300
01/14/2020,10:02,1.86,1.86,1.86,1.86, 300
01/14/2020,10:04,1.85,1.85,1.85,1.85, 100
01/14/2020,10:08,1.86,1.86,1.86,1.86, 300
01/14/2020,10:09,1.86,1.86,1.86,1.86, 300
01/14/2020,10:10,1.86,1.86,1.86,1.86, 600
01/14/2020,10:15,1.86,1.86,1.86,1.86, 23000
01/15/2020,02:09,1.87,1.87,1.87,1.87, 100
01/15/2020,02:28,1.87,1.87,1.87,1.87, 300
01/15/2020,02:34,1.87,1.87,1.85,1.85, 400
01/15/2020,02:40,1.87,1.87,1.85,1.85, 1000
01/15/2020,02:45,1.87,1.87,1.87,1.87, 300
01/15/2020,02:45,1.85,1.85,1.85,1.85, 200
01/15/2020,02:50,1.86,1.86,1.86,1.86, 300
01/15/2020,02:56,1.86,1.86,1.85,1.85, 400
01/15/2020,03:01,1.86,1.86,1.85,1.85, 500
01/15/2020,03:08,1.86,1.86,1.86,1.86, 300
01/15/2020,03:11,1.86,1.86,1.85,1.85, 6500
01/15/2020,03:12,1.86,1.86,1.86,1.86, 100
01/15/2020,03:16,1.86,1.87,1.86,1.87, 62900
01/15/2020,03:20,1.87,1.87,1.87,1.87, 100
01/15/2020,03:23,1.86,1.86,1.86,1.86, 3100
01/15/2020,03:28,1.86,1.86,1.85,1.85, 3100
01/15/2020,03:31,1.86,1.86,1.86,1.86, 1000
01/15/2020,03:33,1.86,1.86,1.86,1.86, 1000
01/15/2020,03:33,1.86,1.86,1.86,1.86, 1000
01/15/2020,03:37,1.86,1.86,1.85,1.85, 1100
01/15/2020,03:43,1.86,1.86,1.86,1.86, 1000
01/15/2020,03:45,1.86,1.86,1.85,1.85, 2100
01/15/2020,03:45,1.86,1.86,1.85,1.85, 4300
01/15/2020,03:54,1.86,1.86,1.85,1.85, 3200
01/15/2020,04:08,1.86,1.86,1.85,1.85, 2800
01/15/2020,04:08,1.85,1.85,1.85,1.85, 200
01/15/2020,04:12,1.86,1.86,1.85,1.85, 5900
01/15/2020,04:20,1.86,1.86,1.85,1.85, 2800
01/15/2020,04:25,1.86,1.86,1.86,1.86, 400
01/15/2020,04:25,1.85,1.85,1.85,1.85, 100
01/15/2020,04:29,1.86,1.86,1.86,1.86, 200
01/15/2020,04:30,1.86,1.86,1.86,1.86, 300
01/15/2020,04:31,1.86,1.86,1.86,1.86, 2200
01/15/2020,04:33,1.86,1.86,1.86,1.86, 4800
01/15/2020,04:35,1.86,1.86,1.86,1.86, 300
01/15/2020,04:36,1.86,1.86,1.86,1.86, 500
01/15/2020,04:38,1.86,1.86,1.86,1.86, 1400
01/15/2020,04:40,1.86,1.86,1.86,1.86, 300
01/15/2020,04:44,1.86,1.86,1.86,1.86, 200
01/15/2020,04:44,1.86,1.86,1.86,1.86, 26700
01/15/2020,04:48,1.87,1.87,1.87,1.87, 1500
01/15/2020,04:50,1.87,1.87,1.87,1.87, 67000
01/15/2020,04:50,1.88,1.88,1.88,1.88, 300
01/15/2020,04:54,1.88,1.88,1.88,1.88, 300
01/15/2020,04:55,1.88,1.88,1.88,1.88, 100
01/15/2020,04:58,1.88,1.88,1.88,1.88, 25000
01/15/2020,04:59,1.88,1.88,1.88,1.88, 300
01/15/2020,05:02,1.88,1.88,1.88,1.88, 1100
01/15/2020,05:02,1.88,1.88,1.88,1.88, 300
01/15/2020,05:04,1.87,1.88,1.87,1.88, 4300
01/15/2020,05:06,1.88,1.88,1.88,1.88, 1600
01/15/2020,05:08,1.88,1.88,1.88,1.88, 1600
01/15/2020,05:09,1.87,1.88,1.87,1.88, 6900
01/15/2020,05:09,1.88,1.88,1.88,1.88, 1100
01/15/2020,06:09,1.88,1.88,1.88,1.88, 71600
01/15/2020,06:11,1.88,1.88,1.88,1.88, 1000
01/15/2020,06:11,1.89,1.89,1.89,1.89, 300
01/15/2020,06:13,1.88,1.88,1.88,1.88, 3000
01/15/2020,06:14,1.88,1.89,1.88,1.88, 30100
01/15/2020,06:23,1.88,1.88,1.88,1.88, 100
01/15/2020,06:46,1.88,1.88,1.88,1.88, 1000
01/15/2020,07:00,1.87,1.87,1.87,1.87, 8900
01/15/2020,07:04,1.86,1.86,1.86,1.86, 1400
01/15/2020,07:25,1.87,1.87,1.87,1.87, 11500
01/15/2020,07:45,1.87,1.87,1.87,1.87, 300
01/15/2020,07:51,1.87,1.87,1.87,1.87, 11800
01/15/2020,07:58,1.87,1.87,1.87,1.87, 900
01/15/2020,08:00,1.87,1.87,1.87,1.87, 100
01/15/2020,08:08,1.88,1.88,1.88,1.88, 200
01/15/2020,08:09,1.88,1.88,1.88,1.88, 200
01/15/2020,08:10,1.88,1.88,1.88,1.88, 200
01/15/2020,08:12,1.88,1.88,1.88,1.88, 500
01/15/2020,08:14,1.88,1.88,1.88,1.88, 300
01/15/2020,08:16,1.88,1.88,1.88,1.88, 400
01/15/2020,08:16,1.88,1.88,1.88,1.88, 200
01/15/2020,08:17,1.87,1.88,1.87,1.88, 1200
01/15/2020,08:19,1.88,1.88,1.88,1.88, 400
01/15/2020,08:19,1.88,1.88,1.88,1.88, 200
01/15/2020,08:20,1.88,1.88,1.88,1.88, 400
01/15/2020,08:22,1.88,1.88,1.88,1.88, 400
01/15/2020,08:22,1.88,1.88,1.88,1.88, 600
01/15/2020,08:25,1.88,1.88,1.87,1.87, 5600
01/15/2020,08:28,1.88,1.88,1.88,1.88, 600
01/15/2020,08:33,1.87,1.87,1.87,1.87, 5000
01/15/2020,08:37,1.88,1.88,1.88,1.88, 200
01/15/2020,08:38,1.88,1.88,1.88,1.88, 400
01/15/2020,08:40,1.88,1.88,1.88,1.88, 200
01/15/2020,08:40,1.87,1.87,1.87,1.87, 10300
01/15/2020,08:45,1.87,1.87,1.87,1.87, 3800
01/15/2020,08:51,1.87,1.87,1.87,1.87, 900
01/15/2020,08:51,1.87,1.87,1.87,1.87, 300
01/15/2020,08:53,1.87,1.87,1.87,1.87, 300
01/15/2020,08:54,1.87,1.87,1.87,1.87, 300
01/15/2020,08:55,1.87,1.87,1.87,1.87, 300
01/15/2020,08:56,1.87,1.87,1.87,1.87, 300
01/15/2020,08:57,1.87,1.87,1.87,1.87, 300
01/15/2020,08:59,1.87,1.87,1.87,1.87, 500
01/15/2020,09:00,1.87,1.87,1.87,1.87, 300
01/15/2020,09:00,1.87,1.87,1.87,1.87, 2700
01/15/2020,09:02,1.88,1.88,1.88,1.88, 300
01/15/2020,09:04,1.88,1.88,1.88,1.88, 700
01/15/2020,09:06,1.88,1.88,1.88,1.88, 300
01/15/2020,09:07,1.88,1.88,1.88,1.88, 400
01/15/2020,09:08,1.88,1.88,1.88,1.88, 300
01/15/2020,09:09,1.88,1.88,1.88,1.88, 300
01/15/2020,09:10,1.88,1.88,1.88,1.88, 600
01/15/2020,09:12,1.88,1.88,1.88,1.88, 700
01/15/2020,09:13,1.88,1.88,1.88,1.88, 300
01/15/2020,09:14,1.88,1.88,1.88,1.88, 300
01/15/2020,09:15,1.88,1.88,1.88,1.88, 300
01/15/2020,09:16,1.88,1.88,1.88,1.88, 300
01/15/2020,09:17,1.88,1.88,1.88,1.88, 300
01/15/2020,09:18,1.88,1.88,1.88,1.88, 300
01/15/2020,09:19,1.88,1.88,1.88,1.88, 400
01/15/2020,09:20,1.88,1.88,1.88,1.88, 400
01/15/2020,09:23,1.88,1.88,1.88,1.88, 400
01/15/2020,09:24,1.88,1.88,1.88,1.88, 400
01/15/2020,09:25,1.88,1.88,1.88,1.88, 500
01/15/2020,09:26,1.88,1.88,1.88,1.88, 300
01/15/2020,09:27,1.88,1.88,1.88,1.88, 400
01/15/2020,09:29,1.88,1.88,1.88,1.88, 400
01/15/2020,09:31,1.88,1.88,1.88,1.88, 800
01/15/2020,09:32,1.88,1.88,1.88,1.88, 300
01/15/2020,09:33,1.88,1.88,1.88,1.88, 400
01/15/2020,09:36,1.88,1.88,1.88,1.88, 400
01/15/2020,09:37,1.88,1.88,1.88,1.88, 100
01/15/2020,09:38,1.88,1.88,1.88,1.88, 400
01/15/2020,09:40,1.88,1.88,1.88,1.88, 400
01/15/2020,09:42,1.88,1.88,1.88,1.88, 300
01/15/2020,09:44,1.88,1.88,1.87,1.88, 10400
01/15/2020,09:46,1.88,1.88,1.88,1.88, 400
01/15/2020,09:46,1.87,1.87,1.87,1.87, 5000
01/15/2020,09:55,1.88,1.88,1.87,1.87, 1300
01/15/2020,09:59,1.88,1.88,1.88,1.88, 400
01/15/2020,10:00,1.88,1.88,1.88,1.88, 300
01/15/2020,10:01,1.88,1.88,1.88,1.88, 300
01/15/2020,10:02,1.88,1.88,1.88,1.88, 300
01/15/2020,10:03,1.88,1.88,1.88,1.88, 300
01/15/2020,10:05,1.88,1.88,1.88,1.88, 700
01/15/2020,10:06,1.88,1.88,1.88,1.88, 500
01/15/2020,10:07,1.88,1.88,1.88,1.88, 500
01/15/2020,10:08,1.88,1.88,1.88,1.88, 600
01/15/2020,10:09,1.88,1.88,1.88,1.88, 500
01/15/2020,10:10,1.88,1.88,1.88,1.88, 3200
01/15/2020,10:15,1.88,1.88,1.88,1.88, 26600
01/15/2020,10:19,1.88,1.88,1.88,1.88, 20000
01/16/2020,02:09,1.88,1.88,1.88,1.88, 200
01/16/2020,02:11,1.88,1.89,1.88,1.89, 41400
01/16/2020,02:14,1.89,1.89,1.89,1.89, 1000
01/16/2020,02:32,1.89,1.89,1.89,1.89, 400
01/16/2020,02:34,1.89,1.9,1.89,1.9, 47200
01/16/2020,02:35,1.89,1.9,1.89,1.9, 200
01/16/2020,02:38,1.9,1.9,1.9,1.9, 300
01/16/2020,02:44,1.9,1.9,1.9,1.9, 300
01/16/2020,02:49,1.9,1.9,1.9,1.9, 52900
01/16/2020,02:50,1.9,1.91,1.9,1.91, 60200
01/16/2020,02:52,1.9,1.9,1.9,1.9, 4000
01/16/2020,02:52,1.91,1.91,1.91,1.91, 10700
01/16/2020,02:53,1.91,1.91,1.91,1.91, 400
01/16/2020,02:54,1.91,1.92,1.91,1.92, 26500
01/16/2020,02:58,1.91,1.91,1.91,1.91, 35600
01/16/2020,03:04,1.9,1.9,1.9,1.9, 3000
01/16/2020,03:05,1.91,1.91,1.91,1.91, 5000
01/16/2020,03:14,1.91,1.91,1.91,1.91, 91900
01/16/2020,03:23,1.91,1.91,1.91,1.91, 20000
01/16/2020,03:24,1.91,1.91,1.91,1.91, 13800
01/16/2020,03:26,1.91,1.92,1.91,1.92, 14200
01/16/2020,03:28,1.91,1.91,1.91,1.91, 1400
01/16/2020,03:29,1.91,1.91,1.91,1.91, 20100
01/16/2020,03:30,1.91,1.91,1.91,1.91, 7400
01/16/2020,03:39,1.91,1.91,1.91,1.91, 10000
01/16/2020,03:47,1.91,1.91,1.91,1.91, 20800
01/16/2020,03:54,1.91,1.91,1.91,1.91, 8200
01/16/2020,03:55,1.91,1.91,1.91,1.91, 5000
01/16/2020,03:56,1.91,1.91,1.91,1.91, 8700
01/16/2020,03:57,1.9,1.9,1.9,1.9, 3000
01/16/2020,03:59,1.91,1.91,1.91,1.91, 300
01/16/2020,04:00,1.91,1.91,1.91,1.91, 400
01/16/2020,04:02,1.91,1.91,1.91,1.91, 300
01/16/2020,04:03,1.91,1.91,1.91,1.91, 300
01/16/2020,04:05,1.91,1.91,1.91,1.91, 400
01/16/2020,04:05,1.91,1.91,1.91,1.91, 200
01/16/2020,04:06,1.91,1.91,1.91,1.91, 200
01/16/2020,04:07,1.91,1.91,1.91,1.91, 200
01/16/2020,04:19,1.91,1.91,1.91,1.91, 2000
01/16/2020,04:26,1.92,1.92,1.92,1.92, 4200
01/16/2020,04:38,1.92,1.92,1.92,1.92, 2700
01/16/2020,04:42,1.92,1.92,1.92,1.92, 500
01/16/2020,04:46,1.92,1.92,1.92,1.92, 13000
01/16/2020,04:47,1.92,1.92,1.92,1.92, 21600
01/16/2020,04:50,1.92,1.92,1.92,1.92, 7800
01/16/2020,04:55,1.92,1.92,1.92,1.92, 4400
01/16/2020,06:09,1.93,1.93,1.93,1.93, 106000
01/16/2020,06:11,1.94,1.94,1.94,1.94, 2400
01/16/2020,06:11,1.94,1.94,1.94,1.94, 73100
01/16/2020,06:12,1.94,1.94,1.94,1.94, 6700
01/16/2020,06:13,1.95,1.95,1.95,1.95, 30000
01/16/2020,06:22,1.94,1.95,1.94,1.95, 4700
01/16/2020,06:24,1.94,1.94,1.94,1.94, 9500
01/16/2020,06:24,1.95,1.95,1.94,1.94, 17100
01/16/2020,06:29,1.94,1.94,1.94,1.94, 400
01/16/2020,06:31,1.94,1.94,1.94,1.94, 400
01/16/2020,06:33,1.94,1.94,1.94,1.94, 300
01/16/2020,06:34,1.94,1.94,1.94,1.94, 3800
01/16/2020,06:36,1.94,1.94,1.94,1.94, 300
01/16/2020,06:38,1.94,1.94,1.94,1.94, 5400
01/16/2020,06:39,1.94,1.94,1.94,1.94, 200
01/16/2020,06:40,1.94,1.94,1.94,1.94, 3800
01/16/2020,06:42,1.94,1.94,1.94,1.94, 200
01/16/2020,06:43,1.94,1.94,1.94,1.94, 200
01/16/2020,06:44,1.94,1.94,1.94,1.94, 200
01/16/2020,06:45,1.94,1.94,1.94,1.94, 200
01/16/2020,06:47,1.94,1.94,1.94,1.94, 200
01/16/2020,06:48,1.94,1.94,1.94,1.94, 200
01/16/2020,06:49,1.94,1.94,1.94,1.94, 200
01/16/2020,06:50,1.94,1.94,1.94,1.94, 300
01/16/2020,06:52,1.94,1.94,1.94,1.94, 200
01/16/2020,06:53,1.94,1.94,1.94,1.94, 11500
01/16/2020,06:56,1.94,1.94,1.94,1.94, 10000
01/16/2020,06:57,1.95,1.95,1.95,1.95, 68100
01/16/2020,07:01,1.95,1.95,1.95,1.95, 13500
01/16/2020,07:03,1.95,1.95,1.95,1.95, 5000
01/16/2020,07:04,1.95,1.95,1.95,1.95, 18300
01/16/2020,07:08,1.95,1.95,1.95,1.95, 5000
01/16/2020,07:18,1.95,1.95,1.95,1.95, 8200
01/16/2020,07:23,1.95,1.95,1.95,1.95, 7700
01/16/2020,07:25,1.94,1.94,1.94,1.94, 10000
01/16/2020,07:28,1.94,1.94,1.94,1.94, 36900
01/16/2020,07:53,1.94,1.94,1.93,1.93, 20300
01/16/2020,07:55,1.94,1.94,1.94,1.94, 300
01/16/2020,07:56,1.94,1.94,1.94,1.94, 300
01/16/2020,07:57,1.94,1.94,1.94,1.94, 300
01/16/2020,07:58,1.94,1.94,1.94,1.94, 300
01/16/2020,07:59,1.93,1.93,1.93,1.93, 10000
01/16/2020,08:01,1.94,1.94,1.94,1.94, 600
01/16/2020,08:03,1.94,1.94,1.94,1.94, 600
01/16/2020,08:05,1.93,1.94,1.93,1.94, 25300
01/16/2020,08:06,1.94,1.94,1.94,1.94, 400
01/16/2020,08:08,1.94,1.94,1.94,1.94, 300
01/16/2020,08:09,1.93,1.94,1.93,1.94, 5400
01/16/2020,08:11,1.94,1.94,1.94,1.94, 300
01/16/2020,08:12,1.94,1.94,1.94,1.94, 300
01/16/2020,08:14,1.94,1.94,1.94,1.94, 400
01/16/2020,08:15,1.94,1.94,1.94,1.94, 300
01/16/2020,08:17,1.94,1.94,1.94,1.94, 1200
01/16/2020,08:18,1.94,1.94,1.94,1.94, 400
01/16/2020,08:20,1.94,1.94,1.94,1.94, 900
01/16/2020,08:21,1.94,1.94,1.94,1.94, 400
01/16/2020,08:23,1.94,1.94,1.94,1.94, 400
01/16/2020,08:24,1.94,1.94,1.94,1.94, 400
01/16/2020,08:25,1.94,1.94,1.94,1.94, 300
01/16/2020,08:26,1.94,1.94,1.94,1.94, 500
01/16/2020,08:27,1.94,1.94,1.94,1.94, 400
01/16/2020,08:29,1.94,1.94,1.94,1.94, 400
01/16/2020,08:30,1.94,1.94,1.94,1.94, 300
01/16/2020,08:31,1.94,1.94,1.94,1.94, 400
01/16/2020,08:33,1.94,1.94,1.94,1.94, 400
01/16/2020,08:34,1.94,1.94,1.94,1.94, 400
01/16/2020,08:35,1.94,1.94,1.94,1.94, 300
01/16/2020,08:36,1.94,1.94,1.94,1.94, 400
01/16/2020,08:37,1.94,1.94,1.94,1.94, 300
01/16/2020,08:38,1.94,1.94,1.94,1.94, 300
01/16/2020,08:40,1.94,1.94,1.94,1.94, 300
01/16/2020,08:41,1.94,1.94,1.94,1.94, 24500
01/16/2020,08:42,1.95,1.95,1.95,1.95, 100
01/16/2020,08:45,1.95,1.95,1.95,1.95, 1200
01/16/2020,08:45,1.95,1.95,1.95,1.95, 97300
01/16/2020,08:46,1.96,1.97,1.96,1.97, 54300
01/16/2020,08:50,1.96,1.96,1.95,1.95, 7500
01/16/2020,08:52,1.96,1.96,1.96,1.96, 10000
01/16/2020,09:01,1.95,1.95,1.94,1.94, 50000
01/16/2020,09:04,1.95,1.95,1.95,1.95, 5000
01/16/2020,09:05,1.95,1.95,1.95,1.95, 1000
01/16/2020,09:16,1.95,1.96,1.95,1.96, 7300
01/16/2020,09:18,1.95,1.95,1.95,1.95, 5800
01/16/2020,09:36,1.95,1.95,1.95,1.95, 6000
01/16/2020,09:38,1.94,1.94,1.94,1.94, 200
01/16/2020,09:42,1.95,1.95,1.95,1.95, 2400
01/16/2020,09:44,1.95,1.95,1.95,1.95, 200
01/16/2020,09:50,1.95,1.95,1.95,1.95, 300
01/16/2020,09:51,1.95,1.95,1.95,1.95, 100
01/16/2020,09:53,1.95,1.95,1.95,1.95, 5500
01/16/2020,09:54,1.95,1.95,1.95,1.95, 100
01/16/2020,09:59,1.95,1.95,1.95,1.95, 2900
01/16/2020,10:01,1.94,1.96,1.94,1.96, 13800
01/16/2020,10:04,1.95,1.96,1.95,1.96, 200
01/16/2020,10:06,1.96,1.96,1.96,1.96, 2700
01/16/2020,10:07,1.96,1.96,1.95,1.95, 15800
01/16/2020,10:09,1.94,1.94,1.94,1.94, 200
01/16/2020,10:10,1.94,1.95,1.94,1.95, 1600
01/16/2020,10:15,1.95,1.95,1.95,1.95, 21300
01/16/2020,10:21,1.95,1.95,1.95,1.95, 5000
01/17/2020,02:09,1.95,1.95,1.95,1.95, 5800
01/17/2020,02:13,1.95,1.95,1.95,1.95, 5400
01/17/2020,02:16,1.94,1.94,1.94,1.94, 100
01/17/2020,02:19,1.93,1.93,1.93,1.93, 4300
01/17/2020,02:21,1.93,1.93,1.93,1.93, 3300
01/17/2020,02:21,1.93,1.93,1.93,1.93, 3300
01/17/2020,02:23,1.93,1.93,1.93,1.93, 3000
01/17/2020,02:24,1.93,1.93,1.93,1.93, 2100
01/17/2020,02:25,1.93,1.93,1.93,1.93, 14000
01/17/2020,02:40,1.94,1.94,1.94,1.94, 600
01/17/2020,03:12,1.94,1.94,1.94,1.94, 300
01/17/2020,03:17,1.93,1.94,1.93,1.94, 20800
01/17/2020,03:18,1.93,1.93,1.93,1.93, 3500
01/17/2020,03:23,1.93,1.94,1.93,1.94, 77100
01/17/2020,03:29,1.94,1.94,1.94,1.94, 4500
01/17/2020,03:33,1.95,1.95,1.95,1.95, 1300
01/17/2020,03:35,1.95,1.95,1.95,1.95, 4400
01/17/2020,03:41,1.95,1.95,1.95,1.95, 1600
01/17/2020,03:44,1.95,1.95,1.95,1.95, 400
01/17/2020,03:53,1.95,1.95,1.95,1.95, 400
01/17/2020,03:59,1.95,1.95,1.95,1.95, 1000
01/17/2020,04:02,1.95,1.95,1.95,1.95, 400
01/17/2020,04:04,1.94,1.94,1.94,1.94, 200
01/17/2020,04:10,1.94,1.94,1.94,1.94, 42300
01/17/2020,04:14,1.93,1.93,1.93,1.93, 100
01/17/2020,04:16,1.94,1.94,1.94,1.94, 1000
01/17/2020,04:19,1.94,1.94,1.94,1.94, 400
01/17/2020,04:28,1.94,1.94,1.94,1.94, 400
01/17/2020,04:30,1.93,1.93,1.93,1.93, 100
01/17/2020,04:36,1.94,1.94,1.93,1.94, 11100
01/17/2020,04:37,1.94,1.94,1.94,1.94, 400
01/17/2020,04:43,1.93,1.94,1.93,1.94, 4200
01/17/2020,04:46,1.94,1.94,1.94,1.94, 300
01/17/2020,04:53,1.93,1.94,1.93,1.93, 10400
01/17/2020,04:53,1.94,1.94,1.94,1.94, 300
01/17/2020,05:01,1.94,1.94,1.94,1.94, 400
01/17/2020,05:07,1.94,1.94,1.93,1.93, 400
01/17/2020,05:08,1.93,1.94,1.93,1.94, 4000
01/17/2020,06:09,1.93,1.93,1.93,1.93, 9700
01/17/2020,06:17,1.93,1.93,1.93,1.93, 5900
01/17/2020,06:18,1.93,1.94,1.93,1.94, 7000
01/17/2020,06:24,1.94,1.94,1.94,1.94, 300
01/17/2020,06:31,1.94,1.95,1.94,1.95, 128400
01/17/2020,06:38,1.95,1.95,1.95,1.95, 300
01/17/2020,06:39,1.95,1.95,1.95,1.95, 4600
01/17/2020,06:43,1.94,1.95,1.94,1.95, 10800
01/17/2020,06:45,1.95,1.95,1.95,1.95, 300
01/17/2020,06:52,1.95,1.95,1.95,1.95, 300
01/17/2020,06:59,1.95,1.95,1.95,1.95, 300
01/17/2020,07:06,1.95,1.95,1.95,1.95, 300
01/17/2020,07:13,1.95,1.95,1.95,1.95, 300
01/17/2020,07:18,1.95,1.95,1.95,1.95, 17300
01/17/2020,07:20,1.95,1.96,1.95,1.96, 400
01/17/2020,07:21,1.96,1.96,1.96,1.96, 1100
01/17/2020,07:24,1.96,1.96,1.96,1.96, 300
01/17/2020,07:27,1.96,1.96,1.96,1.96, 600
01/17/2020,07:30,1.96,1.96,1.96,1.96, 300
01/17/2020,07:34,1.96,1.96,1.96,1.96, 300
01/17/2020,07:35,1.96,1.96,1.96,1.96, 400
01/17/2020,07:39,1.96,1.96,1.96,1.96, 300
01/17/2020,07:41,1.96,1.96,1.96,1.96, 300
01/17/2020,07:42,1.96,1.96,1.96,1.96, 400
01/17/2020,07:45,1.96,1.96,1.96,1.96, 300
01/17/2020,07:48,1.95,1.95,1.95,1.95, 40700
01/17/2020,07:53,1.95,1.95,1.95,1.95, 3000
01/17/2020,07:56,1.95,1.95,1.95,1.95, 300
01/17/2020,08:03,1.95,1.95,1.95,1.95, 300
01/17/2020,08:10,1.95,1.95,1.95,1.95, 400
01/17/2020,08:15,1.94,1.94,1.94,1.94, 300
01/17/2020,08:19,1.95,1.95,1.95,1.95, 500
01/17/2020,08:29,1.94,1.94,1.94,1.94, 62200
01/17/2020,08:31,1.95,1.95,1.94,1.94, 20400
01/17/2020,08:41,1.95,1.95,1.95,1.95, 400
01/17/2020,08:42,1.95,1.95,1.95,1.95, 2500
01/17/2020,08:50,1.95,1.95,1.95,1.95, 400
01/17/2020,09:00,1.95,1.95,1.95,1.95, 400
01/17/2020,09:09,1.95,1.95,1.95,1.95, 400
01/17/2020,09:11,1.95,1.95,1.95,1.95, 11300
01/17/2020,09:19,1.95,1.95,1.95,1.95, 500
01/17/2020,09:25,1.94,1.94,1.94,1.94, 200
01/17/2020,09:29,1.94,1.95,1.94,1.95, 6200
01/17/2020,09:31,1.94,1.95,1.94,1.95, 10800
01/17/2020,09:43,1.95,1.95,1.95,1.95, 500
01/17/2020,09:47,1.94,1.95,1.94,1.95, 10400
01/17/2020,09:49,1.95,1.95,1.95,1.95, 500
01/17/2020,09:52,1.95,1.95,1.95,1.95, 300
01/17/2020,09:54,1.95,1.95,1.95,1.95, 300
01/17/2020,09:56,1.95,1.95,1.95,1.95, 800
01/17/2020,09:59,1.95,1.95,1.94,1.94, 5800
01/17/2020,10:00,1.95,1.95,1.94,1.94, 200
01/17/2020,10:01,1.95,1.95,1.95,1.95, 300
01/17/2020,10:03,1.95,1.95,1.95,1.95, 300
01/17/2020,10:04,1.95,1.95,1.94,1.95, 600
01/17/2020,10:06,1.95,1.95,1.95,1.95, 300
01/17/2020,10:08,1.95,1.95,1.94,1.94, 400
01/17/2020,10:09,1.95,1.95,1.95,1.95, 1200
01/17/2020,10:10,1.95,1.95,1.94,1.95, 1800
01/17/2020,10:15,1.94,1.94,1.94,1.94, 1900
01/20/2020,02:09,1.97,1.97,1.97,1.97, 30300
01/20/2020,02:11,1.97,1.98,1.97,1.98, 31500
01/20/2020,02:14,1.97,1.98,1.97,1.98, 10400
01/20/2020,02:16,1.97,1.97,1.97,1.97, 1000
01/20/2020,02:18,1.97,1.97,1.97,1.97, 20000
01/20/2020,02:19,1.97,1.97,1.97,1.97, 17200
01/20/2020,02:22,1.97,1.97,1.97,1.97, 5000
01/20/2020,02:27,1.96,1.97,1.96,1.97, 5900
01/20/2020,02:28,1.97,1.97,1.96,1.96, 55100
01/20/2020,02:31,1.95,1.96,1.95,1.96, 21900
01/20/2020,02:33,1.95,1.95,1.95,1.95, 10000
01/20/2020,02:34,1.95,1.95,1.95,1.95, 38900
01/20/2020,02:35,1.95,1.95,1.95,1.95, 12100
01/20/2020,02:37,1.95,1.95,1.95,1.95, 1000
01/20/2020,02:37,1.94,1.94,1.94,1.94, 20000
01/20/2020,02:40,1.95,1.95,1.95,1.95, 10000
01/20/2020,02:42,1.95,1.95,1.95,1.95, 10600
01/20/2020,02:49,1.94,1.94,1.93,1.93, 102700
01/20/2020,02:56,1.94,1.94,1.94,1.94, 32400
01/20/2020,03:09,1.94,1.94,1.94,1.94, 10000
01/20/2020,03:11,1.94,1.94,1.94,1.94, 13600
01/20/2020,03:36,1.93,1.93,1.93,1.93, 50000
01/20/2020,03:40,1.93,1.93,1.93,1.93, 31200
01/20/2020,03:47,1.93,1.93,1.93,1.93, 3000
01/20/2020,04:04,1.93,1.93,1.93,1.93, 200
01/20/2020,04:15,1.94,1.94,1.94,1.94, 10100
01/20/2020,04:16,1.94,1.94,1.94,1.94, 3000
01/20/2020,04:26,1.94,1.94,1.94,1.94, 100
01/20/2020,04:33,1.93,1.93,1.93,1.93, 500
01/20/2020,04:39,1.94,1.94,1.94,1.94, 400
01/20/2020,04:40,1.93,1.93,1.93,1.93, 400
01/20/2020,04:51,1.94,1.94,1.94,1.94, 18100
01/20/2020,04:51,1.95,1.95,1.95,1.95, 200
01/20/2020,04:54,1.94,1.94,1.94,1.94, 100
01/20/2020,05:05,1.95,1.95,1.95,1.95, 300
01/20/2020,06:09,1.94,1.94,1.94,1.94, 100
01/20/2020,06:33,1.95,1.95,1.95,1.95, 400
01/20/2020,06:41,1.94,1.94,1.94,1.94, 22900
01/20/2020,06:48,1.93,1.93,1.93,1.93, 122300
01/20/2020,06:50,1.93,1.93,1.92,1.93, 84900
01/20/2020,06:59,1.93,1.93,1.93,1.93, 26600
01/20/2020,07:05,1.92,1.92,1.92,1.92, 11600
01/20/2020,07:08,1.92,1.93,1.92,1.93, 42800
01/20/2020,07:10,1.93,1.93,1.93,1.93, 2500
01/20/2020,07:12,1.93,1.93,1.93,1.93, 5000
01/20/2020,07:16,1.93,1.93,1.93,1.93, 10000
01/20/2020,07:19,1.93,1.93,1.93,1.93, 300
01/20/2020,07:20,1.93,1.93,1.93,1.93, 2500
01/20/2020,07:29,1.93,1.93,1.93,1.93, 1000
01/20/2020,07:30,1.93,1.93,1.93,1.93, 3000
01/20/2020,07:37,1.93,1.93,1.93,1.93, 5000
01/20/2020,07:48,1.93,1.93,1.93,1.93, 100
01/20/2020,07:50,1.93,1.93,1.93,1.93, 5000
01/20/2020,08:11,1.93,1.93,1.93,1.93, 200
01/20/2020,08:13,1.93,1.93,1.93,1.93, 19000
01/20/2020,08:30,1.93,1.93,1.93,1.93, 100
01/20/2020,08:35,1.93,1.93,1.93,1.93, 20000
01/20/2020,08:38,1.93,1.93,1.93,1.93, 100
01/20/2020,08:41,1.93,1.93,1.93,1.93, 1500
01/20/2020,08:49,1.93,1.93,1.93,1.93, 100
01/20/2020,08:55,1.94,1.94,1.94,1.94, 600
01/20/2020,09:00,1.93,1.93,1.93,1.93, 100
01/20/2020,09:01,1.93,1.93,1.93,1.93, 700
01/20/2020,09:02,1.93,1.93,1.93,1.93, 500
01/20/2020,09:09,1.93,1.93,1.93,1.93, 200
01/20/2020,09:10,1.93,1.93,1.93,1.93, 100
01/20/2020,09:13,1.93,1.93,1.93,1.93, 100
01/20/2020,09:14,1.93,1.93,1.93,1.93, 200
01/20/2020,09:21,1.93,1.93,1.93,1.93, 100
01/20/2020,09:26,1.93,1.93,1.93,1.93, 100
01/20/2020,09:27,1.93,1.93,1.93,1.93, 600
01/20/2020,09:29,1.93,1.93,1.93,1.93, 100
01/20/2020,09:30,1.94,1.94,1.94,1.94, 600
01/20/2020,09:31,1.93,1.93,1.93,1.93, 300
01/20/2020,09:32,1.93,1.93,1.93,1.93, 8700
01/20/2020,09:39,1.93,1.93,1.93,1.93, 5100
01/20/2020,09:44,1.93,1.93,1.93,1.93, 300
01/20/2020,09:47,1.93,1.93,1.93,1.93, 800
01/20/2020,09:48,1.93,1.93,1.93,1.93, 600
01/20/2020,09:49,1.93,1.93,1.93,1.93, 200
01/20/2020,09:51,1.93,1.93,1.93,1.93, 300
01/20/2020,09:52,1.93,1.93,1.93,1.93, 400
01/20/2020,09:53,1.93,1.93,1.93,1.93, 100
01/20/2020,09:55,1.93,1.93,1.93,1.93, 300
01/20/2020,09:56,1.93,1.93,1.93,1.93, 100
01/20/2020,09:57,1.93,1.93,1.93,1.93, 30400
01/20/2020,10:03,1.93,1.93,1.93,1.93, 2700
01/20/2020,10:05,1.93,1.93,1.93,1.93, 100
01/20/2020,10:08,1.93,1.93,1.93,1.93, 100
01/20/2020,10:10,1.93,1.93,1.93,1.93, 300
01/20/2020,10:15,1.94,1.94,1.94,1.94, 8100
01/21/2020,02:09,1.92,1.92,1.92,1.92, 7300
01/21/2020,02:11,1.93,1.93,1.93,1.93, 6000
01/21/2020,02:17,1.92,1.92,1.92,1.92, 1200
01/21/2020,02:18,1.92,1.92,1.92,1.92, 4700
01/21/2020,02:18,1.92,1.92,1.92,1.92, 3000
01/21/2020,02:20,1.93,1.93,1.93,1.93, 700
01/21/2020,02:27,1.92,1.92,1.91,1.91, 20600
01/21/2020,02:31,1.91,1.91,1.91,1.91, 6300
01/21/2020,02:32,1.91,1.92,1.91,1.91, 6200
01/21/2020,02:35,1.9,1.9,1.9,1.9, 100000
01/21/2020,02:37,1.91,1.91,1.91,1.91, 8300
01/21/2020,02:38,1.91,1.91,1.91,1.91, 5400
01/21/2020,02:41,1.9,1.9,1.9,1.9, 100
01/21/2020,02:50,1.9,1.9,1.9,1.9, 2600
01/21/2020,02:57,1.89,1.89,1.89,1.89, 15500
01/21/2020,02:57,1.89,1.89,1.89,1.89, 4700
01/21/2020,03:03,1.89,1.89,1.89,1.89, 20000
01/21/2020,03:13,1.9,1.9,1.9,1.9, 17700
01/21/2020,03:21,1.9,1.9,1.9,1.9, 10600
01/21/2020,03:29,1.89,1.89,1.89,1.89, 10000
01/21/2020,03:31,1.89,1.89,1.89,1.89, 13000
01/21/2020,03:37,1.89,1.89,1.89,1.89, 1100
01/21/2020,03:43,1.89,1.89,1.89,1.89, 1000
01/21/2020,03:45,1.9,1.9,1.9,1.9, 1900
01/21/2020,03:50,1.89,1.89,1.88,1.88, 26100
01/21/2020,03:54,1.89,1.89,1.89,1.89, 6500
01/21/2020,03:54,1.89,1.89,1.89,1.89, 600
01/21/2020,03:56,1.89,1.89,1.89,1.89, 2900
01/21/2020,04:05,1.89,1.89,1.89,1.89, 13300
01/21/2020,04:06,1.89,1.89,1.89,1.89, 300
01/21/2020,04:08,1.89,1.89,1.89,1.89, 300
01/21/2020,04:10,1.89,1.89,1.89,1.89, 300
01/21/2020,04:21,1.89,1.89,1.89,1.89, 500
01/21/2020,04:22,1.88,1.89,1.88,1.89, 5600
01/21/2020,04:23,1.89,1.89,1.89,1.89, 2100
01/21/2020,04:23,1.89,1.89,1.89,1.89, 200
01/21/2020,04:25,1.89,1.89,1.89,1.89, 200
01/21/2020,04:26,1.89,1.89,1.89,1.89, 900
01/21/2020,04:28,1.89,1.89,1.89,1.89, 1100
01/21/2020,04:34,1.89,1.89,1.89,1.89, 400
01/21/2020,04:37,1.89,1.89,1.89,1.89, 10000
01/21/2020,04:44,1.89,1.89,1.89,1.89, 100
01/21/2020,04:49,1.9,1.9,1.9,1.9, 400
01/21/2020,04:54,1.9,1.9,1.9,1.9, 1000
01/21/2020,04:58,1.9,1.9,1.9,1.9, 300
01/21/2020,04:58,1.89,1.89,1.89,1.89, 5000
01/21/2020,05:00,1.9,1.9,1.9,1.9, 200
01/21/2020,05:02,1.9,1.9,1.9,1.9, 800
01/21/2020,05:04,1.89,1.89,1.89,1.89, 100
01/21/2020,05:07,1.9,1.9,1.9,1.9, 900
01/21/2020,05:09,1.9,1.9,1.9,1.9, 600
01/21/2020,05:10,1.9,1.9,1.9,1.9, 1300
01/21/2020,06:09,1.9,1.9,1.9,1.9, 4100
01/21/2020,06:11,1.9,1.9,1.9,1.9, 600
01/21/2020,06:22,1.9,1.9,1.9,1.9, 1200
01/21/2020,06:32,1.9,1.9,1.9,1.9, 5000
01/21/2020,06:34,1.89,1.89,1.89,1.89, 100
01/21/2020,06:42,1.89,1.89,1.89,1.89, 100
01/21/2020,06:43,1.9,1.9,1.9,1.9, 700
01/21/2020,06:45,1.9,1.9,1.9,1.9, 1100
01/21/2020,06:49,1.9,1.9,1.9,1.9, 700
01/21/2020,06:56,1.89,1.9,1.89,1.9, 1200
01/21/2020,06:56,1.9,1.9,1.9,1.9, 500
01/21/2020,07:01,1.9,1.9,1.9,1.9, 300
01/21/2020,07:23,1.89,1.9,1.89,1.9, 1500
01/21/2020,07:31,1.9,1.9,1.9,1.9, 600
01/21/2020,07:36,1.9,1.9,1.9,1.9, 300
01/21/2020,07:41,1.89,1.9,1.89,1.9, 800
01/21/2020,07:42,1.9,1.9,1.9,1.9, 200
01/21/2020,07:44,1.9,1.9,1.9,1.9, 500
01/21/2020,07:59,1.89,1.89,1.89,1.89, 100
01/21/2020,08:03,1.9,1.9,1.9,1.9, 1200
01/21/2020,08:11,1.9,1.9,1.9,1.9, 600
01/21/2020,08:15,1.9,1.9,1.9,1.9, 300
01/21/2020,08:16,1.89,1.89,1.89,1.89, 100
01/21/2020,08:18,1.9,1.9,1.9,1.9, 300
01/21/2020,08:26,1.9,1.9,1.9,1.9, 1200
01/21/2020,08:29,1.9,1.9,1.9,1.9, 600
01/21/2020,08:41,1.9,1.9,1.9,1.9, 1200
01/21/2020,08:45,1.9,1.9,1.9,1.9, 200
01/21/2020,08:48,1.89,1.89,1.89,1.89, 3900
01/21/2020,08:51,1.9,1.9,1.9,1.9, 1500
01/21/2020,08:54,1.9,1.9,1.9,1.9, 1000
01/21/2020,08:55,1.9,1.9,1.9,1.9, 300
01/21/2020,08:57,1.9,1.9,1.9,1.9, 200
01/21/2020,08:58,1.9,1.9,1.9,1.9, 200
01/21/2020,09:00,1.9,1.9,1.9,1.9, 600
01/21/2020,09:04,1.89,1.89,1.89,1.89, 100
01/21/2020,09:07,1.89,1.9,1.89,1.9, 5800
01/21/2020,09:10,1.9,1.9,1.9,1.9, 700
01/21/2020,09:12,1.9,1.9,1.9,1.9, 400
01/21/2020,09:14,1.9,1.9,1.9,1.9, 300
01/21/2020,09:18,1.9,1.9,1.9,1.9, 700
01/21/2020,09:27,1.89,1.9,1.89,1.9, 1200
01/21/2020,09:28,1.89,1.89,1.89,1.89, 100
01/21/2020,09:40,1.9,1.9,1.9,1.9, 1100
01/21/2020,09:41,1.9,1.9,1.9,1.9, 5000
01/21/2020,09:44,1.9,1.9,1.9,1.9, 1200
01/21/2020,09:46,1.89,1.89,1.89,1.89, 100
01/21/2020,09:49,1.9,1.9,1.9,1.9, 500
01/21/2020,09:53,1.9,1.9,1.9,1.9, 900
01/21/2020,09:58,1.89,1.89,1.89,1.89, 100
01/21/2020,10:02,1.89,1.9,1.89,1.9, 800
01/21/2020,10:02,1.9,1.9,1.9,1.9, 5000
01/21/2020,10:06,1.9,1.9,1.9,1.9, 500
01/21/2020,10:07,1.89,1.9,1.89,1.9, 600
01/21/2020,10:08,1.89,1.89,1.89,1.89, 400
01/21/2020,10:09,1.9,1.9,1.9,1.9, 300
01/21/2020,10:10,1.9,1.9,1.9,1.9, 800
01/21/2020,10:15,1.9,1.9,1.9,1.9, 8900
01/22/2020,02:09,1.89,1.89,1.89,1.89, 18600
01/22/2020,02:14,1.89,1.89,1.89,1.89, 6200
01/22/2020,02:16,1.88,1.88,1.88,1.88, 500
01/22/2020,02:17,1.88,1.88,1.88,1.88, 1900
01/22/2020,02:24,1.88,1.89,1.88,1.89, 5600
01/22/2020,02:30,1.88,1.88,1.88,1.88, 900
01/22/2020,02:31,1.88,1.88,1.88,1.88, 1000
01/22/2020,02:33,1.88,1.88,1.88,1.88, 1200
01/22/2020,02:36,1.88,1.88,1.88,1.88, 1100
01/22/2020,02:47,1.88,1.88,1.88,1.88, 1100
01/22/2020,02:48,1.88,1.88,1.88,1.88, 200
01/22/2020,02:53,1.88,1.88,1.88,1.88, 900
01/22/2020,02:59,1.89,1.89,1.89,1.89, 3900
01/22/2020,03:07,1.89,1.89,1.89,1.89, 200
01/22/2020,03:19,1.89,1.9,1.89,1.89, 45000
01/22/2020,03:25,1.9,1.9,1.9,1.9, 200
01/22/2020,03:33,1.89,1.89,1.89,1.89, 4800
01/22/2020,03:35,1.89,1.89,1.89,1.89, 1100
01/22/2020,03:37,1.89,1.9,1.89,1.9, 1400
01/22/2020,03:40,1.89,1.89,1.89,1.89, 6600
01/22/2020,03:41,1.89,1.89,1.89,1.89, 1300
01/22/2020,03:44,1.89,1.89,1.89,1.89, 1100
01/22/2020,03:46,1.89,1.89,1.89,1.89, 1400
01/22/2020,03:49,1.89,1.89,1.89,1.89, 900
01/22/2020,03:52,1.89,1.89,1.89,1.89, 1100
01/22/2020,03:55,1.89,1.89,1.89,1.89, 800
01/22/2020,04:00,1.89,1.89,1.89,1.89, 1200
01/22/2020,04:02,1.89,1.89,1.89,1.89, 300
01/22/2020,04:08,1.89,1.89,1.89,1.89, 1200
01/22/2020,04:09,1.89,1.89,1.89,1.89, 15200
01/22/2020,04:10,1.89,1.89,1.89,1.89, 2100
01/22/2020,04:13,1.89,1.89,1.89,1.89, 1100
01/22/2020,04:19,1.89,1.89,1.89,1.89, 11000
01/22/2020,04:24,1.88,1.88,1.88,1.88, 1000
01/22/2020,04:28,1.88,1.88,1.88,1.88, 1000
01/22/2020,04:34,1.88,1.88,1.88,1.88, 1200
01/22/2020,04:40,1.88,1.88,1.88,1.88, 1100
01/22/2020,04:48,1.88,1.89,1.88,1.89, 22500
01/22/2020,04:55,1.89,1.89,1.89,1.89, 600
01/22/2020,05:06,1.89,1.89,1.89,1.89, 1100
01/22/2020,05:09,1.89,1.89,1.89,1.89, 1200
01/22/2020,06:09,1.9,1.9,1.9,1.9, 1300
01/22/2020,06:11,1.89,1.89,1.89,1.89, 1200
01/22/2020,06:14,1.89,1.89,1.89,1.89, 1200
01/22/2020,06:23,1.89,1.89,1.89,1.89, 5000
01/22/2020,06:40,1.89,1.89,1.89,1.89, 700
01/22/2020,07:01,1.9,1.9,1.9,1.9, 200
01/22/2020,07:09,1.89,1.89,1.89,1.89, 1000
01/22/2020,07:17,1.9,1.9,1.9,1.9, 200
01/22/2020,07:48,1.89,1.89,1.89,1.89, 5700
01/22/2020,07:52,1.9,1.9,1.89,1.89, 50400
01/22/2020,07:54,1.89,1.89,1.89,1.89, 15000
01/22/2020,07:57,1.89,1.89,1.89,1.89, 1200
01/22/2020,08:04,1.9,1.9,1.9,1.9, 6900
01/22/2020,08:09,1.89,1.89,1.89,1.89, 1100
01/22/2020,08:11,1.89,1.89,1.89,1.89, 1200
01/22/2020,08:13,1.89,1.89,1.89,1.89, 1200
01/22/2020,08:15,1.89,1.89,1.89,1.89, 1100
01/22/2020,08:18,1.89,1.89,1.89,1.89, 800
01/22/2020,08:19,1.89,1.89,1.89,1.89, 800
01/22/2020,08:21,1.89,1.89,1.89,1.89, 1000
01/22/2020,08:22,1.89,1.89,1.89,1.89, 700
01/22/2020,08:24,1.89,1.89,1.89,1.89, 1100
01/22/2020,08:25,1.89,1.89,1.88,1.89, 64000
01/22/2020,08:26,1.89,1.89,1.89,1.89, 10200
01/22/2020,08:27,1.89,1.89,1.89,1.89, 800
01/22/2020,08:28,1.89,1.89,1.89,1.89, 1400
01/22/2020,08:28,1.89,1.89,1.89,1.89, 700
01/22/2020,08:29,1.89,1.89,1.89,1.89, 51900
01/22/2020,08:30,1.89,1.89,1.89,1.89, 1300
01/22/2020,08:33,1.89,1.89,1.89,1.89, 2300
01/22/2020,08:33,1.89,1.89,1.89,1.89, 300
01/22/2020,08:35,1.89,1.89,1.89,1.89, 800
01/22/2020,08:37,1.89,1.89,1.89,1.89, 1100
01/22/2020,08:39,1.89,1.89,1.89,1.89, 7900
01/22/2020,08:41,1.89,1.89,1.89,1.89, 1000
01/22/2020,08:43,1.89,1.89,1.89,1.89, 1100
01/22/2020,08:44,1.89,1.89,1.89,1.89, 900
01/22/2020,08:46,1.89,1.89,1.89,1.89, 1000
01/22/2020,08:46,1.89,1.89,1.89,1.89, 1000
01/22/2020,08:48,1.89,1.89,1.89,1.89, 1400
01/22/2020,08:49,1.89,1.89,1.89,1.89, 900
01/22/2020,08:50,1.89,1.89,1.89,1.89, 1200
01/22/2020,08:51,1.89,1.89,1.89,1.89, 700
01/22/2020,08:52,1.89,1.89,1.89,1.89, 1000
01/22/2020,08:53,1.89,1.89,1.89,1.89, 900
01/22/2020,08:54,1.89,1.89,1.89,1.89, 900
01/22/2020,08:55,1.89,1.89,1.89,1.89, 1300
01/22/2020,08:57,1.89,1.89,1.89,1.89, 800
01/22/2020,08:58,1.89,1.89,1.89,1.89, 1300
01/22/2020,08:59,1.89,1.89,1.89,1.89, 1100
01/22/2020,09:01,1.89,1.89,1.89,1.89, 1400
01/22/2020,09:02,1.89,1.89,1.89,1.89, 1300
01/22/2020,09:02,1.89,1.89,1.89,1.89, 800
01/22/2020,09:03,1.89,1.89,1.89,1.89, 1000
01/22/2020,09:05,1.89,1.89,1.89,1.89, 3800
01/22/2020,09:05,1.89,1.89,1.89,1.89, 100
01/22/2020,09:06,1.89,1.89,1.89,1.89, 1000
01/22/2020,09:08,1.89,1.89,1.89,1.89, 1300
01/22/2020,09:09,1.89,1.89,1.89,1.89, 800
01/22/2020,09:11,1.89,1.89,1.89,1.89, 1600
01/22/2020,09:12,1.89,1.89,1.89,1.89, 300
01/22/2020,09:13,1.89,1.89,1.89,1.89, 1300
01/22/2020,09:14,1.89,1.89,1.89,1.89, 1300
01/22/2020,09:16,1.89,1.89,1.89,1.89, 4200
01/22/2020,09:17,1.89,1.9,1.89,1.9, 20200
01/22/2020,09:18,1.89,1.89,1.89,1.89, 1200
01/22/2020,09:20,1.89,1.89,1.89,1.89, 800
01/22/2020,09:21,1.89,1.89,1.89,1.89, 1200
01/22/2020,09:23,1.89,1.89,1.89,1.89, 800
01/22/2020,09:25,1.89,1.89,1.89,1.89, 1000
01/22/2020,09:34,1.89,1.89,1.89,1.89, 1000
01/22/2020,09:36,1.89,1.89,1.89,1.89, 1300
01/22/2020,09:37,1.89,1.89,1.89,1.89, 1300
01/22/2020,09:41,1.89,1.89,1.89,1.89, 7600
01/22/2020,09:42,1.89,1.89,1.89,1.89, 900
01/22/2020,09:44,1.89,1.89,1.89,1.89, 800
01/22/2020,09:46,1.89,1.89,1.89,1.89, 1300
01/22/2020,09:48,1.9,1.9,1.9,1.9, 5000
01/22/2020,09:52,1.89,1.89,1.89,1.89, 800
01/22/2020,09:57,1.89,1.9,1.89,1.9, 200
01/22/2020,10:03,1.89,1.89,1.89,1.89, 1200
01/22/2020,10:05,1.89,1.89,1.89,1.89, 1100
01/22/2020,10:07,1.89,1.89,1.89,1.89, 1100
01/22/2020,10:09,1.89,1.89,1.89,1.89, 1000
01/22/2020,10:10,1.9,1.9,1.9,1.9, 300
01/22/2020,10:15,1.9,1.9,1.9,1.9, 21600
01/23/2020,02:09,1.88,1.88,1.88,1.88, 10400
01/23/2020,02:15,1.88,1.88,1.88,1.88, 24600
01/23/2020,02:16,1.88,1.88,1.88,1.88, 6800
01/23/2020,02:17,1.88,1.88,1.88,1.88, 100
01/23/2020,02:18,1.88,1.88,1.88,1.88, 2400
01/23/2020,02:22,1.88,1.88,1.88,1.88, 1000
01/23/2020,02:28,1.87,1.87,1.87,1.87, 1100
01/23/2020,02:32,1.87,1.87,1.87,1.87, 1300
01/23/2020,02:36,1.87,1.87,1.87,1.87, 800
01/23/2020,02:38,1.88,1.88,1.87,1.87, 1300
01/23/2020,02:41,1.87,1.87,1.87,1.87, 1400
01/23/2020,02:47,1.87,1.87,1.87,1.87, 1000
01/23/2020,02:49,1.87,1.87,1.87,1.87, 1100
01/23/2020,02:53,1.88,1.88,1.87,1.87, 1300
01/23/2020,03:04,1.87,1.87,1.87,1.87, 1000
01/23/2020,03:08,1.88,1.88,1.88,1.88, 1100
01/23/2020,03:08,1.88,1.88,1.87,1.87, 5700
01/23/2020,03:10,1.87,1.87,1.87,1.87, 1300
01/23/2020,03:21,1.87,1.87,1.87,1.87, 100
01/23/2020,03:23,1.88,1.88,1.87,1.87, 1300
01/23/2020,03:26,1.87,1.87,1.87,1.87, 1100
01/23/2020,03:32,1.87,1.87,1.87,1.87, 1100
01/23/2020,03:36,1.88,1.88,1.88,1.88, 7000
01/23/2020,03:38,1.89,1.89,1.89,1.89, 1100
01/23/2020,03:49,1.88,1.88,1.88,1.88, 800
01/23/2020,03:53,1.89,1.89,1.89,1.89, 1100
01/23/2020,04:03,1.88,1.88,1.88,1.88, 4100
01/23/2020,04:04,1.88,1.88,1.88,1.88, 11800
01/23/2020,04:08,1.89,1.89,1.89,1.89, 1200
01/23/2020,04:12,1.88,1.88,1.88,1.88, 1500
01/23/2020,04:23,1.89,1.89,1.88,1.88, 1200
01/23/2020,04:25,1.88,1.88,1.88,1.88, 2300
01/23/2020,04:30,1.88,1.88,1.88,1.88, 1200
01/23/2020,04:38,1.89,1.89,1.89,1.89, 1100
01/23/2020,04:44,1.88,1.88,1.88,1.88, 1200
01/23/2020,04:49,1.88,1.88,1.88,1.88, 200
01/23/2020,04:53,1.89,1.89,1.89,1.89, 1200
01/23/2020,05:08,1.89,1.89,1.88,1.88, 2100
01/23/2020,06:09,1.89,1.89,1.89,1.89, 20100
01/23/2020,06:15,1.88,1.88,1.88,1.88, 300
01/23/2020,06:16,1.88,1.88,1.88,1.88, 400
01/23/2020,06:23,1.89,1.89,1.89,1.89, 1200
01/23/2020,06:24,1.88,1.88,1.88,1.88, 23300
01/23/2020,06:24,1.88,1.88,1.88,1.88, 1300
01/23/2020,06:25,1.88,1.88,1.88,1.88, 400
01/23/2020,06:30,1.88,1.88,1.88,1.88, 2000
01/23/2020,06:32,1.87,1.87,1.87,1.87, 1600
01/23/2020,06:33,1.87,1.87,1.87,1.87, 400
01/23/2020,06:41,1.87,1.87,1.87,1.87, 800
01/23/2020,06:44,1.87,1.87,1.87,1.87, 1000
01/23/2020,06:45,1.87,1.87,1.87,1.87, 35900
01/23/2020,06:46,1.87,1.87,1.87,1.87, 2200
01/23/2020,06:47,1.87,1.87,1.87,1.87, 1600
01/23/2020,06:51,1.87,1.87,1.87,1.87, 1100
01/23/2020,06:53,1.88,1.88,1.88,1.88, 1200
01/23/2020,06:58,1.87,1.87,1.87,1.87, 1300
01/23/2020,07:01,1.87,1.87,1.87,1.87, 19500
01/23/2020,07:02,1.86,1.86,1.86,1.86, 700
01/23/2020,07:04,1.86,1.86,1.86,1.86, 1100
01/23/2020,07:06,1.86,1.86,1.86,1.86, 700
01/23/2020,07:08,1.86,1.86,1.86,1.86, 1100
01/23/2020,07:11,1.86,1.86,1.86,1.86, 900
01/23/2020,07:13,1.86,1.86,1.86,1.86, 800
01/23/2020,07:15,1.86,1.86,1.86,1.86, 1300
01/23/2020,07:18,1.86,1.86,1.86,1.86, 1200
01/23/2020,07:21,1.86,1.86,1.86,1.86, 1300
01/23/2020,07:23,1.87,1.87,1.87,1.87, 1100
01/23/2020,07:26,1.86,1.86,1.86,1.86, 800
01/23/2020,07:28,1.86,1.86,1.86,1.86, 800
01/23/2020,07:32,1.86,1.86,1.86,1.86, 900
01/23/2020,07:36,1.86,1.86,1.86,1.86, 1100
01/23/2020,07:38,1.87,1.87,1.87,1.87, 1200
01/23/2020,07:40,1.86,1.86,1.86,1.86, 800
01/23/2020,07:53,1.87,1.87,1.87,1.87, 1100
01/23/2020,07:55,1.86,1.86,1.86,1.86, 6200
01/23/2020,08:03,1.86,1.86,1.86,1.86, 700
01/23/2020,08:08,1.87,1.87,1.87,1.87, 1100
01/23/2020,08:10,1.86,1.86,1.86,1.86, 1300
01/23/2020,08:15,1.87,1.87,1.87,1.87, 14600
01/23/2020,08:19,1.87,1.87,1.87,1.87, 1200
01/23/2020,08:31,1.87,1.87,1.87,1.87, 2000
01/23/2020,08:38,1.87,1.87,1.87,1.87, 1100
01/23/2020,08:53,1.86,1.87,1.86,1.87, 11100
01/23/2020,08:59,1.86,1.86,1.86,1.86, 300
01/23/2020,09:08,1.87,1.87,1.86,1.86, 1500
01/23/2020,09:13,1.86,1.86,1.86,1.86, 700
01/23/2020,09:16,1.86,1.86,1.86,1.86, 300
01/23/2020,09:20,1.86,1.86,1.86,1.86, 800
01/23/2020,09:23,1.87,1.87,1.87,1.87, 1100
01/23/2020,09:24,1.86,1.86,1.86,1.86, 300
01/23/2020,09:28,1.86,1.86,1.86,1.86, 1000
01/23/2020,09:33,1.86,1.86,1.86,1.86, 300
01/23/2020,09:35,1.86,1.86,1.86,1.86, 1000
01/23/2020,09:36,1.87,1.87,1.87,1.87, 300
01/23/2020,09:38,1.87,1.87,1.87,1.87, 1100
01/23/2020,09:40,1.86,1.86,1.86,1.86, 300
01/23/2020,09:48,1.86,1.86,1.85,1.85, 81100
01/23/2020,09:53,1.85,1.85,1.85,1.85, 200
01/23/2020,09:57,1.85,1.85,1.85,1.85, 200
01/23/2020,09:59,1.85,1.85,1.85,1.85, 1000
01/23/2020,10:01,1.85,1.85,1.85,1.85, 1600
01/23/2020,10:02,1.85,1.85,1.85,1.85, 1200
01/23/2020,10:03,1.85,1.85,1.85,1.85, 800
01/23/2020,10:04,1.85,1.85,1.85,1.85, 2000
01/23/2020,10:05,1.85,1.85,1.85,1.85, 1700
01/23/2020,10:06,1.85,1.85,1.85,1.85, 2200
01/23/2020,10:07,1.85,1.85,1.85,1.85, 2700
01/23/2020,10:08,1.85,1.86,1.85,1.85, 3600
01/23/2020,10:09,1.85,1.85,1.85,1.85, 2700
01/23/2020,10:10,1.85,1.85,1.85,1.85, 2000
01/23/2020,10:10,1.85,1.85,1.85,1.85, 1800
01/23/2020,10:15,1.86,1.86,1.86,1.86, 6600
01/24/2020,02:09,1.86,1.86,1.86,1.86, 100
01/24/2020,03:07,1.85,1.85,1.85,1.85, 2100
01/24/2020,03:14,1.86,1.86,1.86,1.86, 500
01/24/2020,03:17,1.85,1.85,1.85,1.85, 200
01/24/2020,03:21,1.86,1.86,1.86,1.86, 700
01/24/2020,03:25,1.86,1.86,1.86,1.86, 500
01/24/2020,03:27,1.86,1.86,1.85,1.85, 1500
01/24/2020,03:28,1.85,1.85,1.85,1.85, 200
01/24/2020,03:30,1.86,1.86,1.86,1.86, 400
01/24/2020,03:32,1.86,1.86,1.86,1.86, 400
01/24/2020,03:34,1.86,1.86,1.86,1.86, 600
01/24/2020,03:37,1.86,1.86,1.86,1.86, 800
01/24/2020,03:41,1.86,1.86,1.85,1.85, 600
01/24/2020,03:43,1.86,1.86,1.85,1.85, 1500
01/24/2020,03:46,1.85,1.85,1.85,1.85, 2000
01/24/2020,03:47,1.85,1.86,1.85,1.85, 7600
01/24/2020,03:47,1.85,1.85,1.85,1.85, 7500
01/24/2020,03:50,1.86,1.86,1.85,1.85, 3500
01/24/2020,03:59,1.85,1.85,1.85,1.85, 700
01/24/2020,04:03,1.85,1.85,1.85,1.85, 700
01/24/2020,04:06,1.85,1.85,1.85,1.85, 800
01/24/2020,04:09,1.85,1.85,1.84,1.84, 6500
01/24/2020,04:10,1.86,1.86,1.86,1.86, 300
01/24/2020,04:12,1.86,1.86,1.86,1.86, 300
01/24/2020,04:14,1.86,1.86,1.86,1.86, 400
01/24/2020,04:16,1.86,1.86,1.86,1.86, 400
01/24/2020,04:16,1.85,1.85,1.85,1.85, 1400
01/24/2020,04:23,1.86,1.86,1.86,1.86, 200
01/24/2020,04:24,1.86,1.86,1.86,1.86, 200
01/24/2020,04:25,1.86,1.86,1.86,1.86, 200
01/24/2020,04:28,1.85,1.86,1.85,1.86, 600
01/24/2020,04:30,1.86,1.86,1.86,1.86, 300
01/24/2020,04:31,1.86,1.86,1.86,1.86, 400
01/24/2020,04:32,1.86,1.86,1.86,1.86, 200
01/24/2020,04:33,1.86,1.86,1.86,1.86, 200
01/24/2020,04:34,1.86,1.86,1.86,1.86, 200
01/24/2020,04:35,1.86,1.86,1.86,1.86, 200
01/24/2020,04:37,1.86,1.86,1.86,1.86, 500
01/24/2020,04:38,1.85,1.85,1.85,1.85, 200
01/24/2020,04:39,1.86,1.86,1.86,1.86, 400
01/24/2020,04:41,1.86,1.86,1.86,1.86, 300
01/24/2020,04:41,1.86,1.86,1.86,1.86, 200
01/24/2020,04:42,1.86,1.86,1.86,1.86, 300
01/24/2020,04:44,1.86,1.86,1.86,1.86, 200
01/24/2020,04:45,1.86,1.86,1.86,1.86, 300
01/24/2020,04:47,1.86,1.86,1.86,1.86, 400
01/24/2020,04:49,1.86,1.86,1.86,1.86, 300
01/24/2020,04:50,1.85,1.86,1.85,1.86, 400
01/24/2020,04:50,1.86,1.86,1.86,1.86, 300
01/24/2020,04:52,1.86,1.86,1.86,1.86, 300
01/24/2020,04:53,1.86,1.86,1.86,1.86, 300
01/24/2020,04:54,1.86,1.86,1.86,1.86, 400
01/24/2020,04:56,1.86,1.86,1.86,1.86, 300
01/24/2020,04:58,1.86,1.86,1.85,1.85, 500
01/24/2020,04:58,1.86,1.86,1.86,1.86, 300
01/24/2020,04:59,1.86,1.86,1.86,1.86, 300
01/24/2020,05:00,1.86,1.86,1.86,1.86, 3300
01/24/2020,05:01,1.86,1.86,1.86,1.86, 300
01/24/2020,05:02,1.86,1.86,1.86,1.86, 200
01/24/2020,05:04,1.86,1.86,1.86,1.86, 600
01/24/2020,05:04,1.85,1.85,1.85,1.85, 200
01/24/2020,05:06,1.86,1.86,1.86,1.86, 400
01/24/2020,05:08,1.86,1.86,1.86,1.86, 700
01/24/2020,05:08,1.85,1.86,1.85,1.86, 500
01/24/2020,05:10,1.85,1.86,1.85,1.86, 300
01/24/2020,05:10,1.86,1.86,1.86,1.86, 100
01/24/2020,05:15,1.86,1.86,1.86,1.86, 28100
01/28/2020,02:09,1.83,1.83,1.83,1.83, 21400
01/28/2020,02:14,1.82,1.82,1.81,1.81, 15300
01/28/2020,02:16,1.82,1.82,1.81,1.81, 2300
01/28/2020,02:17,1.81,1.81,1.81,1.81, 2100
01/28/2020,02:21,1.81,1.81,1.81,1.81, 100
01/28/2020,02:22,1.81,1.82,1.8,1.81, 23400
01/28/2020,02:23,1.82,1.82,1.82,1.82, 4400
01/28/2020,02:25,1.82,1.82,1.82,1.82, 1100
01/28/2020,02:26,1.81,1.81,1.8,1.8, 24600
01/28/2020,02:28,1.81,1.81,1.81,1.81, 5500
01/28/2020,02:29,1.81,1.81,1.81,1.81, 1200
01/28/2020,02:32,1.81,1.81,1.81,1.81, 900
01/28/2020,02:44,1.81,1.82,1.81,1.82, 4700
01/28/2020,02:44,1.82,1.82,1.82,1.82, 100
01/28/2020,02:48,1.82,1.83,1.82,1.83, 14400
01/28/2020,02:50,1.83,1.83,1.82,1.82, 5800
01/28/2020,02:50,1.83,1.83,1.83,1.83, 1100
01/28/2020,02:51,1.83,1.83,1.83,1.83, 900
01/28/2020,02:53,1.83,1.83,1.83,1.83, 900
01/28/2020,02:55,1.83,1.83,1.83,1.83, 900
01/28/2020,02:57,1.82,1.82,1.82,1.82, 5000
01/28/2020,02:59,1.83,1.83,1.83,1.83, 1400
01/28/2020,03:00,1.83,1.83,1.83,1.83, 800
01/28/2020,03:03,1.83,1.83,1.82,1.83, 2000
01/28/2020,03:05,1.83,1.83,1.83,1.83, 1000
01/28/2020,03:06,1.82,1.83,1.82,1.83, 12200
01/28/2020,03:07,1.83,1.83,1.83,1.83, 1700
01/28/2020,03:09,1.83,1.83,1.83,1.83, 1200
01/28/2020,03:10,1.82,1.83,1.82,1.83, 2400
01/28/2020,03:11,1.82,1.82,1.82,1.82, 700
01/28/2020,03:13,1.82,1.82,1.82,1.82, 13700
01/28/2020,03:14,1.82,1.82,1.82,1.82, 4200
01/28/2020,03:19,1.82,1.82,1.82,1.82, 1000
01/28/2020,03:33,1.81,1.81,1.81,1.81, 300
01/28/2020,03:37,1.82,1.82,1.81,1.81, 900
01/28/2020,03:48,1.81,1.82,1.81,1.82, 12400
01/28/2020,03:50,1.82,1.82,1.82,1.82, 10000
01/28/2020,03:50,1.82,1.82,1.82,1.82, 2600
01/28/2020,03:51,1.81,1.82,1.81,1.82, 1500
01/28/2020,03:56,1.82,1.82,1.82,1.82, 3200
01/28/2020,03:58,1.82,1.82,1.82,1.82, 7400
01/28/2020,03:59,1.82,1.82,1.81,1.82, 3100
01/28/2020,04:02,1.82,1.82,1.82,1.82, 800
01/28/2020,04:05,1.82,1.82,1.81,1.81, 1300
01/28/2020,04:06,1.82,1.82,1.82,1.82, 700
01/28/2020,04:08,1.82,1.82,1.82,1.82, 300
01/28/2020,04:11,1.82,1.82,1.82,1.82, 800
01/28/2020,04:11,1.82,1.82,1.82,1.82, 100
01/28/2020,04:15,1.82,1.82,1.82,1.82, 15500
01/28/2020,04:15,1.82,1.83,1.82,1.83, 5300
01/28/2020,04:17,1.83,1.83,1.83,1.83, 100
01/28/2020,04:19,1.83,1.83,1.83,1.83, 1100
01/28/2020,04:19,1.82,1.83,1.82,1.83, 3200
01/28/2020,04:27,1.83,1.83,1.83,1.83, 1000
01/28/2020,04:29,1.83,1.83,1.83,1.83, 4000
01/28/2020,04:31,1.83,1.83,1.83,1.83, 600
01/28/2020,04:32,1.82,1.82,1.82,1.82, 500
01/28/2020,04:34,1.83,1.83,1.83,1.83, 900
01/28/2020,04:35,1.83,1.83,1.83,1.83, 200
01/28/2020,04:38,1.83,1.83,1.83,1.83, 600
01/28/2020,04:38,1.83,1.83,1.82,1.83, 300
01/28/2020,04:41,1.83,1.83,1.83,1.83, 100
01/28/2020,04:45,1.83,1.83,1.82,1.83, 1300
01/28/2020,04:46,1.82,1.83,1.82,1.83, 4900
01/28/2020,04:58,1.82,1.82,1.82,1.82, 100
01/28/2020,05:00,1.82,1.82,1.82,1.82, 300
01/28/2020,05:00,1.83,1.83,1.83,1.83, 100
01/28/2020,05:03,1.82,1.82,1.82,1.82, 100
01/28/2020,05:10,1.82,1.83,1.82,1.83, 3700
01/28/2020,06:09,1.81,1.81,1.81,1.81, 48400
01/28/2020,06:11,1.82,1.82,1.81,1.81, 7600
01/28/2020,06:12,1.82,1.82,1.82,1.82, 300
01/28/2020,06:14,1.82,1.82,1.82,1.82, 100
01/28/2020,06:32,1.82,1.82,1.81,1.81, 20400
01/28/2020,06:33,1.82,1.82,1.82,1.82, 100
01/28/2020,06:41,1.82,1.82,1.82,1.82, 100
01/28/2020,06:51,1.82,1.82,1.82,1.82, 1200
01/28/2020,07:10,1.82,1.83,1.82,1.83, 21000
01/28/2020,07:14,1.83,1.83,1.83,1.83, 900
01/28/2020,07:29,1.82,1.83,1.82,1.83, 7100
01/28/2020,07:34,1.83,1.83,1.83,1.83, 1400
01/28/2020,07:38,1.83,1.83,1.83,1.83, 300
01/28/2020,08:04,1.82,1.82,1.82,1.82, 200
01/28/2020,08:08,1.82,1.82,1.82,1.82, 5000
01/28/2020,08:13,1.82,1.82,1.82,1.82, 200
01/28/2020,08:17,1.82,1.83,1.82,1.83, 14900
01/28/2020,08:21,1.82,1.82,1.82,1.82, 4700
01/28/2020,08:21,1.81,1.81,1.81,1.81, 400
01/28/2020,08:29,1.81,1.81,1.81,1.81, 100
01/28/2020,08:44,1.81,1.82,1.81,1.82, 5700
01/28/2020,08:48,1.82,1.82,1.82,1.82, 600
01/28/2020,08:48,1.82,1.82,1.82,1.82, 100
01/28/2020,08:49,1.81,1.81,1.81,1.81, 700
01/28/2020,08:51,1.82,1.83,1.82,1.83, 8900
01/28/2020,08:51,1.82,1.83,1.81,1.83, 11200
01/28/2020,08:55,1.83,1.83,1.83,1.83, 1500
01/28/2020,08:58,1.82,1.82,1.81,1.82, 2800
01/28/2020,09:01,1.81,1.81,1.81,1.81, 100
01/28/2020,09:01,1.82,1.82,1.82,1.82, 100
01/28/2020,09:22,1.82,1.82,1.82,1.82, 11800
01/28/2020,09:25,1.82,1.82,1.82,1.82, 3800
01/28/2020,09:27,1.81,1.82,1.81,1.82, 28100
01/28/2020,09:36,1.82,1.82,1.82,1.82, 13300
01/28/2020,09:41,1.82,1.82,1.82,1.82, 800
01/28/2020,09:58,1.82,1.82,1.81,1.82, 8000
01/28/2020,10:02,1.81,1.82,1.81,1.82, 200
01/28/2020,10:09,1.81,1.82,1.81,1.82, 30900
01/28/2020,10:15,1.81,1.81,1.81,1.81, 10800
01/29/2020,02:09,1.82,1.82,1.82,1.82, 700
01/29/2020,02:29,1.82,1.82,1.82,1.82, 6000
01/29/2020,03:10,1.82,1.82,1.82,1.82, 2000
01/29/2020,03:19,1.82,1.82,1.81,1.81, 51800
01/29/2020,03:20,1.82,1.82,1.82,1.82, 300
01/29/2020,03:26,1.82,1.82,1.82,1.82, 100
01/29/2020,03:46,1.82,1.82,1.82,1.82, 600
01/29/2020,03:56,1.81,1.81,1.81,1.81, 4100
01/29/2020,03:59,1.82,1.82,1.82,1.82, 600
01/29/2020,04:13,1.82,1.82,1.82,1.82, 1300
01/29/2020,04:19,1.82,1.82,1.82,1.82, 600
01/29/2020,04:26,1.82,1.82,1.82,1.82, 3000
01/29/2020,04:26,1.82,1.82,1.82,1.82, 2100
01/29/2020,04:31,1.82,1.82,1.82,1.82, 600
01/29/2020,04:42,1.82,1.82,1.82,1.82, 300
01/29/2020,04:44,1.81,1.81,1.81,1.81, 2500
01/29/2020,04:45,1.81,1.82,1.81,1.82, 12200
01/29/2020,04:48,1.82,1.82,1.82,1.82, 600
01/29/2020,04:56,1.82,1.82,1.82,1.82, 300
01/29/2020,05:00,1.82,1.82,1.82,1.82, 600
01/29/2020,05:05,1.82,1.82,1.82,1.82, 200
01/29/2020,05:07,1.82,1.82,1.82,1.82, 300
01/29/2020,05:07,1.82,1.82,1.82,1.82, 100
01/29/2020,06:09,1.82,1.82,1.82,1.82, 300
01/29/2020,06:19,1.82,1.82,1.81,1.81, 1300
01/29/2020,06:31,1.82,1.82,1.82,1.82, 600
01/29/2020,06:43,1.82,1.82,1.82,1.82, 6000
01/29/2020,06:47,1.82,1.82,1.82,1.82, 400
01/29/2020,06:54,1.82,1.82,1.82,1.82, 400
01/29/2020,07:01,1.82,1.82,1.82,1.82, 400
01/29/2020,07:08,1.82,1.82,1.82,1.82, 400
01/29/2020,07:15,1.82,1.82,1.82,1.82, 400
01/29/2020,07:22,1.82,1.82,1.82,1.82, 400
01/29/2020,07:29,1.82,1.82,1.82,1.82, 400
01/29/2020,07:36,1.82,1.82,1.82,1.82, 400
01/29/2020,07:39,1.82,1.82,1.82,1.82, 200
01/29/2020,07:40,1.81,1.81,1.81,1.81, 1600
01/29/2020,07:43,1.82,1.82,1.82,1.82, 100
01/29/2020,07:46,1.82,1.82,1.82,1.82, 400
01/29/2020,07:50,1.81,1.81,1.81,1.81, 3400
01/29/2020,07:53,1.82,1.82,1.82,1.82, 400
01/29/2020,07:58,1.81,1.81,1.81,1.81, 1200
01/29/2020,08:01,1.82,1.82,1.82,1.82, 400
01/29/2020,08:03,1.82,1.82,1.82,1.82, 300
01/29/2020,08:06,1.81,1.81,1.81,1.81, 1300
01/29/2020,08:12,1.81,1.81,1.81,1.81, 3100
01/29/2020,08:13,1.82,1.82,1.82,1.82, 400
01/29/2020,08:14,1.81,1.81,1.81,1.81, 1400
01/29/2020,08:15,1.81,1.81,1.81,1.81, 4500
01/29/2020,08:16,1.81,1.81,1.81,1.81, 27000
01/29/2020,08:19,1.8,1.8,1.8,1.8, 5500
01/29/2020,08:19,1.81,1.81,1.81,1.81, 100
01/29/2020,08:26,1.81,1.81,1.81,1.81, 100
01/29/2020,08:29,1.8,1.8,1.8,1.8, 2600
01/29/2020,08:30,1.8,1.8,1.8,1.8, 800
01/29/2020,08:35,1.81,1.81,1.81,1.81, 400
01/29/2020,08:42,1.81,1.81,1.81,1.81, 400
01/29/2020,08:43,1.8,1.8,1.8,1.8, 2500
01/29/2020,08:49,1.81,1.81,1.81,1.81, 500
01/29/2020,08:56,1.81,1.81,1.81,1.81, 400
01/29/2020,08:58,1.8,1.8,1.8,1.8, 2500
01/29/2020,09:03,1.81,1.81,1.81,1.81, 400
01/29/2020,09:06,1.81,1.81,1.81,1.81, 20200
01/29/2020,09:10,1.81,1.81,1.81,1.81, 400
01/29/2020,09:12,1.81,1.81,1.8,1.8, 2200
01/29/2020,09:16,1.81,1.81,1.81,1.81, 400
01/29/2020,09:19,1.8,1.8,1.8,1.8, 2500
01/29/2020,09:24,1.81,1.81,1.81,1.81, 400
01/29/2020,09:27,1.8,1.81,1.8,1.8, 19600
01/29/2020,09:31,1.81,1.81,1.81,1.81, 400
01/29/2020,09:33,1.81,1.81,1.81,1.81, 100
01/29/2020,09:37,1.81,1.81,1.81,1.81, 400
01/29/2020,09:44,1.81,1.81,1.81,1.81, 400
01/29/2020,09:46,1.81,1.81,1.8,1.81, 5400
01/29/2020,09:46,1.8,1.8,1.8,1.8, 6600
01/29/2020,09:48,1.81,1.81,1.81,1.81, 200
01/29/2020,09:55,1.81,1.81,1.81,1.81, 400
01/29/2020,09:56,1.8,1.8,1.8,1.8, 2500
01/29/2020,09:57,1.81,1.81,1.81,1.81, 100
01/29/2020,10:01,1.81,1.81,1.81,1.81, 300
01/29/2020,10:03,1.8,1.8,1.8,1.8, 2400
01/29/2020,10:04,1.81,1.81,1.81,1.81, 400
01/29/2020,10:07,1.8,1.8,1.8,1.8, 2100
01/29/2020,10:08,1.81,1.81,1.81,1.81, 400
01/29/2020,10:09,1.8,1.8,1.8,1.8, 1400
01/29/2020,10:10,1.8,1.81,1.8,1.81, 2100
01/29/2020,10:15,1.8,1.8,1.8,1.8, 17700
01/30/2020,02:09,1.82,1.82,1.82,1.82, 1300
01/30/2020,02:19,1.82,1.83,1.82,1.83, 2600
01/30/2020,02:20,1.83,1.83,1.83,1.83, 200
01/30/2020,02:21,1.83,1.83,1.83,1.83, 400
01/30/2020,02:22,1.82,1.83,1.82,1.83, 300
01/30/2020,02:23,1.83,1.83,1.83,1.83, 400
01/30/2020,02:24,1.83,1.83,1.83,1.83, 200
01/30/2020,02:25,1.83,1.83,1.83,1.83, 400
01/30/2020,02:26,1.83,1.83,1.83,1.83, 200
01/30/2020,02:27,1.83,1.83,1.83,1.83, 400
01/30/2020,02:28,1.83,1.83,1.83,1.83, 400
01/30/2020,02:29,1.83,1.83,1.83,1.83, 200
01/30/2020,02:30,1.83,1.83,1.83,1.83, 400
01/30/2020,02:31,1.83,1.83,1.83,1.83, 200
01/30/2020,02:32,1.83,1.83,1.83,1.83, 300
01/30/2020,02:33,1.83,1.83,1.83,1.83, 200
01/30/2020,02:33,1.83,1.83,1.83,1.83, 200
01/30/2020,02:35,1.83,1.83,1.83,1.83, 700
01/30/2020,02:36,1.83,1.83,1.83,1.83, 300
01/30/2020,02:36,1.83,1.83,1.83,1.83, 6700
01/30/2020,02:38,1.84,1.84,1.84,1.84, 500
01/30/2020,02:39,1.84,1.84,1.84,1.84, 200
01/30/2020,02:40,1.84,1.84,1.84,1.84, 400
01/30/2020,02:41,1.84,1.84,1.83,1.83, 300
01/30/2020,02:42,1.84,1.84,1.84,1.84, 500
01/30/2020,02:43,1.84,1.84,1.84,1.84, 400
01/30/2020,02:44,1.84,1.84,1.84,1.84, 18900
01/30/2020,02:44,1.85,1.85,1.85,1.85, 100
01/30/2020,02:46,1.85,1.85,1.85,1.85, 500
01/30/2020,02:47,1.85,1.85,1.85,1.85, 400
01/30/2020,02:47,1.85,1.85,1.85,1.85, 200
01/30/2020,02:49,1.85,1.85,1.85,1.85, 400
01/30/2020,02:50,1.85,1.85,1.85,1.85, 400
01/30/2020,02:51,1.85,1.85,1.85,1.85, 200
01/30/2020,02:51,1.85,1.85,1.85,1.85, 200
01/30/2020,02:53,1.85,1.85,1.85,1.85, 400
01/30/2020,02:53,1.85,1.85,1.85,1.85, 200
01/30/2020,02:55,1.85,1.85,1.84,1.84, 3700
01/30/2020,02:55,1.84,1.84,1.83,1.83, 8000
01/30/2020,02:57,1.84,1.84,1.84,1.84, 200
01/30/2020,02:58,1.84,1.84,1.83,1.83, 500
01/30/2020,02:58,1.83,1.83,1.82,1.82, 7700
01/30/2020,03:00,1.83,1.83,1.83,1.83, 400
01/30/2020,03:00,1.83,1.83,1.83,1.83, 200
01/30/2020,03:02,1.83,1.83,1.82,1.82, 1500
01/30/2020,03:03,1.83,1.83,1.82,1.83, 500
01/30/2020,03:04,1.83,1.83,1.83,1.83, 200
01/30/2020,03:04,1.83,1.83,1.83,1.83, 5700
01/30/2020,03:05,1.83,1.83,1.83,1.83, 200
01/30/2020,03:07,1.83,1.83,1.83,1.83, 400
01/30/2020,03:08,1.83,1.83,1.83,1.83, 200
01/30/2020,03:08,1.83,1.83,1.83,1.83, 200
01/30/2020,03:09,1.83,1.83,1.83,1.83, 200
01/30/2020,03:11,1.83,1.83,1.83,1.83, 400
01/30/2020,03:11,1.83,1.83,1.83,1.83, 200
01/30/2020,03:12,1.83,1.83,1.83,1.83, 200
01/30/2020,03:14,1.83,1.83,1.83,1.83, 400
01/30/2020,03:15,1.83,1.83,1.83,1.83, 200
01/30/2020,03:16,1.83,1.83,1.83,1.83, 400
01/30/2020,03:17,1.83,1.83,1.83,1.83, 200
01/30/2020,03:18,1.83,1.83,1.83,1.83, 200
01/30/2020,03:18,1.83,1.83,1.83,1.83, 200
01/30/2020,03:20,1.83,1.83,1.83,1.83, 400
01/30/2020,03:21,1.83,1.83,1.83,1.83, 200
01/30/2020,03:21,1.83,1.83,1.83,1.83, 200
01/30/2020,03:23,1.83,1.83,1.83,1.83, 400
01/30/2020,03:24,1.83,1.83,1.83,1.83, 200
01/30/2020,03:25,1.83,1.83,1.83,1.83, 200
01/30/2020,03:25,1.83,1.83,1.83,1.83, 200
01/30/2020,03:26,1.83,1.83,1.82,1.83, 5500
01/30/2020,03:28,1.83,1.83,1.83,1.83, 400
01/30/2020,03:29,1.83,1.83,1.83,1.83, 200
01/30/2020,03:30,1.83,1.83,1.83,1.83, 200
01/30/2020,03:31,1.83,1.83,1.83,1.83, 200
01/30/2020,03:31,1.83,1.83,1.83,1.83, 200
01/30/2020,03:32,1.83,1.83,1.83,1.83, 200
01/30/2020,03:34,1.83,1.83,1.83,1.83, 400
01/30/2020,03:35,1.83,1.83,1.83,1.83, 200
01/30/2020,03:36,1.83,1.83,1.83,1.83, 200
01/30/2020,03:37,1.83,1.83,1.83,1.83, 200
01/30/2020,03:37,1.83,1.83,1.83,1.83, 200
01/30/2020,03:38,1.83,1.83,1.83,1.83, 200
01/30/2020,03:39,1.83,1.83,1.83,1.83, 200
01/30/2020,03:40,1.83,1.83,1.83,1.83, 200
01/30/2020,03:42,1.83,1.83,1.83,1.83, 400
01/30/2020,03:44,1.83,1.83,1.83,1.83, 300
01/30/2020,03:45,1.83,1.83,1.83,1.83, 200
01/30/2020,03:46,1.83,1.83,1.83,1.83, 200
01/30/2020,03:46,1.83,1.83,1.83,1.83, 200
01/30/2020,03:48,1.83,1.83,1.83,1.83, 400
01/30/2020,03:49,1.83,1.83,1.83,1.83, 200
01/30/2020,03:50,1.83,1.83,1.83,1.83, 200
01/30/2020,03:51,1.83,1.83,1.83,1.83, 200
01/30/2020,03:52,1.83,1.83,1.82,1.82, 300
01/30/2020,03:53,1.83,1.83,1.83,1.83, 400
01/30/2020,03:54,1.83,1.83,1.83,1.83, 200
01/30/2020,03:55,1.83,1.83,1.83,1.83, 300
01/30/2020,03:55,1.83,1.83,1.83,1.83, 200
01/30/2020,03:56,1.83,1.83,1.83,1.83, 200
01/30/2020,03:57,1.83,1.83,1.82,1.82, 300
01/30/2020,03:58,1.83,1.83,1.83,1.83, 200
01/30/2020,03:59,1.83,1.83,1.83,1.83, 200
01/30/2020,04:01,1.83,1.83,1.83,1.83, 400
01/30/2020,04:02,1.83,1.83,1.83,1.83, 200
01/30/2020,04:03,1.83,1.83,1.83,1.83, 200
01/30/2020,04:03,1.83,1.83,1.83,1.83, 200
01/30/2020,04:05,1.83,1.83,1.82,1.82, 300
01/30/2020,04:05,1.83,1.83,1.83,1.83, 200
01/30/2020,04:06,1.83,1.83,1.83,1.83, 200
01/30/2020,04:07,1.83,1.83,1.83,1.83, 200
01/30/2020,04:09,1.83,1.83,1.81,1.82, 16600
01/30/2020,04:11,1.82,1.82,1.82,1.82, 300
01/30/2020,04:13,1.82,1.82,1.82,1.82, 1400
01/30/2020,04:14,1.82,1.82,1.82,1.82, 200
01/30/2020,04:15,1.82,1.82,1.81,1.81, 1400
01/30/2020,04:16,1.81,1.82,1.81,1.82, 400
01/30/2020,04:17,1.82,1.82,1.82,1.82, 200
01/30/2020,04:18,1.82,1.82,1.82,1.82, 200
01/30/2020,04:19,1.82,1.82,1.82,1.82, 200
01/30/2020,04:20,1.82,1.82,1.82,1.82, 200
01/30/2020,04:23,1.82,1.82,1.81,1.81, 400
01/30/2020,04:23,1.82,1.82,1.82,1.82, 200
01/30/2020,04:25,1.82,1.82,1.82,1.82, 200
01/30/2020,04:27,1.82,1.82,1.81,1.81, 300
01/30/2020,04:28,1.81,1.82,1.81,1.82, 1600
01/30/2020,04:29,1.82,1.82,1.82,1.82, 200
01/30/2020,04:30,1.82,1.82,1.82,1.82, 200
01/30/2020,04:31,1.82,1.82,1.82,1.82, 200
01/30/2020,04:32,1.82,1.82,1.82,1.82, 200
01/30/2020,04:33,1.82,1.82,1.82,1.82, 200
01/30/2020,04:34,1.82,1.82,1.81,1.81, 400
01/30/2020,04:35,1.82,1.82,1.82,1.82, 200
01/30/2020,04:36,1.82,1.82,1.82,1.82, 200
01/30/2020,04:37,1.82,1.82,1.82,1.82, 200
01/30/2020,04:39,1.82,1.82,1.81,1.82, 1200
01/30/2020,04:40,1.82,1.82,1.81,1.81, 300
01/30/2020,04:40,1.82,1.82,1.82,1.82, 200
01/30/2020,04:42,1.82,1.82,1.82,1.82, 200
01/30/2020,04:43,1.82,1.82,1.82,1.82, 200
01/30/2020,04:44,1.82,1.82,1.82,1.82, 200
01/30/2020,04:45,1.82,1.82,1.82,1.82, 200
01/30/2020,04:46,1.82,1.82,1.82,1.82, 200
01/30/2020,04:47,1.82,1.82,1.82,1.82, 200
01/30/2020,04:48,1.82,1.82,1.82,1.82, 200
01/30/2020,04:49,1.82,1.82,1.82,1.82, 200
01/30/2020,04:50,1.82,1.82,1.82,1.82, 200
01/30/2020,04:51,1.82,1.82,1.82,1.82, 200
01/30/2020,04:53,1.82,1.82,1.82,1.82, 200
01/30/2020,04:54,1.82,1.82,1.82,1.82, 200
01/30/2020,04:55,1.82,1.82,1.82,1.82, 200
01/30/2020,04:56,1.82,1.82,1.82,1.82, 200
01/30/2020,04:59,1.82,1.82,1.82,1.82, 300
01/30/2020,05:00,1.82,1.82,1.82,1.82, 200
01/30/2020,05:01,1.82,1.82,1.82,1.82, 200
01/30/2020,05:02,1.81,1.82,1.81,1.82, 1600
01/30/2020,05:03,1.82,1.82,1.82,1.82, 200
01/30/2020,05:05,1.82,1.82,1.82,1.82, 200
01/30/2020,05:06,1.82,1.82,1.82,1.82, 200
01/30/2020,05:07,1.82,1.82,1.82,1.82, 200
01/30/2020,05:08,1.82,1.82,1.82,1.82, 200
01/30/2020,05:09,1.82,1.82,1.82,1.82, 200
01/30/2020,05:10,1.82,1.82,1.82,1.82, 200
01/30/2020,06:09,1.82,1.82,1.82,1.82, 100
01/30/2020,06:11,1.82,1.82,1.82,1.82, 2300
01/30/2020,06:12,1.82,1.82,1.82,1.82, 400
01/30/2020,06:13,1.82,1.82,1.82,1.82, 200
01/30/2020,06:14,1.82,1.82,1.82,1.82, 200
01/30/2020,06:15,1.82,1.82,1.82,1.82, 200
01/30/2020,06:17,1.82,1.82,1.82,1.82, 200
01/30/2020,06:18,1.82,1.82,1.82,1.82, 200
01/30/2020,06:19,1.82,1.82,1.82,1.82, 200
01/30/2020,06:21,1.82,1.82,1.82,1.82, 200
01/30/2020,06:21,1.81,1.81,1.81,1.81, 16200
01/30/2020,06:24,1.81,1.81,1.81,1.81, 200
01/30/2020,06:26,1.81,1.81,1.81,1.81, 200
01/30/2020,06:27,1.81,1.81,1.81,1.81, 200
01/30/2020,06:28,1.8,1.81,1.8,1.81, 1200
01/30/2020,06:31,1.81,1.81,1.81,1.81, 300
01/30/2020,06:32,1.81,1.81,1.81,1.81, 3200
01/30/2020,06:35,1.81,1.81,1.81,1.81, 200
01/30/2020,06:36,1.81,1.81,1.81,1.81, 200
01/30/2020,06:37,1.81,1.81,1.81,1.81, 200
01/30/2020,06:38,1.81,1.81,1.81,1.81, 200
01/30/2020,06:40,1.81,1.81,1.81,1.81, 200
01/30/2020,06:41,1.81,1.81,1.81,1.81, 200
01/30/2020,06:42,1.81,1.81,1.81,1.81, 200
01/30/2020,06:44,1.81,1.81,1.81,1.81, 200
01/30/2020,06:45,1.81,1.81,1.81,1.81, 3200
01/30/2020,06:47,1.81,1.81,1.81,1.81, 200
01/30/2020,06:48,1.81,1.81,1.81,1.81, 200
01/30/2020,06:49,1.81,1.81,1.81,1.81, 200
01/30/2020,06:50,1.81,1.81,1.81,1.81, 200
01/30/2020,06:52,1.81,1.81,1.81,1.81, 200
01/30/2020,06:53,1.81,1.81,1.81,1.81, 200
01/30/2020,06:54,1.81,1.81,1.81,1.81, 200
01/30/2020,06:56,1.81,1.81,1.81,1.81, 200
01/30/2020,06:57,1.81,1.81,1.81,1.81, 200
01/30/2020,06:58,1.81,1.81,1.81,1.81, 200
01/30/2020,06:59,1.81,1.81,1.81,1.81, 200
01/30/2020,07:01,1.81,1.81,1.81,1.81, 200
01/30/2020,07:02,1.81,1.81,1.81,1.81, 200
01/30/2020,07:03,1.81,1.81,1.81,1.81, 200
01/30/2020,07:04,1.81,1.81,1.81,1.81, 200
01/30/2020,07:05,1.81,1.81,1.81,1.81, 5200
01/30/2020,07:06,1.81,1.81,1.81,1.81, 200
01/30/2020,07:07,1.81,1.81,1.81,1.81, 200
01/30/2020,07:09,1.81,1.81,1.81,1.81, 200
01/30/2020,07:11,1.81,1.81,1.81,1.81, 100
01/30/2020,07:11,1.81,1.81,1.81,1.81, 300
01/30/2020,07:12,1.81,1.81,1.81,1.81, 200
01/30/2020,07:13,1.8,1.81,1.8,1.81, 1600
01/30/2020,07:15,1.81,1.81,1.81,1.81, 4200
01/30/2020,07:16,1.81,1.81,1.81,1.81, 200
01/30/2020,07:17,1.81,1.81,1.81,1.81, 200
01/30/2020,07:18,1.81,1.81,1.81,1.81, 6500
01/30/2020,07:20,1.82,1.82,1.82,1.82, 200
01/30/2020,07:21,1.82,1.82,1.82,1.82, 200
01/30/2020,07:22,1.82,1.82,1.82,1.82, 200
01/30/2020,07:23,1.82,1.82,1.82,1.82, 200
01/30/2020,07:24,1.82,1.82,1.82,1.82, 200
01/30/2020,07:26,1.82,1.82,1.82,1.82, 200
01/30/2020,07:27,1.82,1.82,1.82,1.82, 200
01/30/2020,07:28,1.82,1.82,1.82,1.82, 200
01/30/2020,07:29,1.82,1.82,1.82,1.82, 200
01/30/2020,07:30,1.82,1.82,1.82,1.82, 300
01/30/2020,07:32,1.82,1.82,1.81,1.81, 12300
01/30/2020,07:33,1.81,1.81,1.81,1.81, 100
01/30/2020,07:33,1.81,1.81,1.81,1.81, 200
01/30/2020,07:34,1.8,1.81,1.8,1.81, 50200
01/30/2020,07:36,1.81,1.81,1.81,1.81, 400
01/30/2020,07:37,1.81,1.81,1.81,1.81, 400
01/30/2020,07:38,1.81,1.81,1.81,1.81, 200
01/30/2020,07:39,1.81,1.81,1.81,1.81, 200
01/30/2020,07:41,1.81,1.81,1.8,1.8, 1600
01/30/2020,07:42,1.81,1.81,1.81,1.81, 200
01/30/2020,07:43,1.81,1.81,1.81,1.81, 200
01/30/2020,07:44,1.81,1.81,1.81,1.81, 300
01/30/2020,07:45,1.81,1.81,1.81,1.81, 200
01/30/2020,07:46,1.81,1.81,1.81,1.81, 200
01/30/2020,07:48,1.81,1.81,1.81,1.81, 200
01/30/2020,07:49,1.81,1.81,1.81,1.81, 200
01/30/2020,07:50,1.81,1.81,1.81,1.81, 10100
01/30/2020,07:51,1.81,1.81,1.81,1.81, 300
01/30/2020,07:52,1.81,1.81,1.81,1.81, 200
01/30/2020,07:53,1.81,1.81,1.81,1.81, 200
01/30/2020,07:54,1.81,1.81,1.81,1.81, 200
01/30/2020,07:56,1.81,1.81,1.81,1.81, 200
01/30/2020,07:56,1.81,1.81,1.81,1.81, 200
01/30/2020,07:57,1.8,1.81,1.8,1.81, 1300
01/30/2020,07:58,1.81,1.81,1.81,1.81, 200
01/30/2020,07:59,1.81,1.81,1.81,1.81, 200
01/30/2020,08:00,1.81,1.81,1.81,1.81, 200
01/30/2020,08:01,1.81,1.81,1.81,1.81, 200
01/30/2020,08:02,1.81,1.81,1.81,1.81, 200
01/30/2020,08:03,1.81,1.81,1.81,1.81, 300
01/30/2020,08:05,1.81,1.81,1.81,1.81, 200
01/30/2020,08:06,1.81,1.81,1.81,1.81, 200
01/30/2020,08:07,1.81,1.81,1.81,1.81, 200
01/30/2020,08:09,1.81,1.81,1.8,1.8, 1500
01/30/2020,08:09,1.81,1.81,1.81,1.81, 200
01/30/2020,08:10,1.81,1.81,1.81,1.81, 200
01/30/2020,08:11,1.81,1.81,1.81,1.81, 200
01/30/2020,08:12,1.81,1.81,1.81,1.81, 200
01/30/2020,08:14,1.81,1.81,1.81,1.81, 400
01/30/2020,08:15,1.81,1.81,1.81,1.81, 200
01/30/2020,08:16,1.81,1.81,1.81,1.81, 200
01/30/2020,08:17,1.81,1.81,1.81,1.81, 300
01/30/2020,08:18,1.81,1.81,1.81,1.81, 200
01/30/2020,08:19,1.81,1.81,1.81,1.81, 200
01/30/2020,08:20,1.81,1.81,1.81,1.81, 200
01/30/2020,08:21,1.81,1.82,1.81,1.82, 3100
01/30/2020,08:22,1.81,1.81,1.81,1.81, 4900
01/30/2020,08:23,1.82,1.82,1.82,1.82, 300
01/30/2020,08:24,1.82,1.82,1.82,1.82, 200
01/30/2020,08:25,1.82,1.82,1.82,1.82, 200
01/30/2020,08:26,1.82,1.82,1.82,1.82, 300
01/30/2020,08:28,1.82,1.82,1.82,1.82, 200
01/30/2020,08:29,1.82,1.82,1.82,1.82, 200
01/30/2020,08:30,1.82,1.82,1.82,1.82, 200
01/30/2020,08:31,1.82,1.82,1.82,1.82, 200
01/30/2020,08:32,1.82,1.82,1.82,1.82, 200
01/30/2020,08:33,1.82,1.82,1.82,1.82, 200
01/30/2020,08:34,1.82,1.82,1.82,1.82, 200
01/30/2020,08:35,1.82,1.82,1.82,1.82, 200
01/30/2020,08:36,1.82,1.82,1.82,1.82, 200
01/30/2020,08:37,1.82,1.82,1.82,1.82, 200
01/30/2020,08:38,1.82,1.82,1.82,1.82, 200
01/30/2020,08:40,1.82,1.82,1.82,1.82, 400
01/30/2020,08:41,1.81,1.81,1.81,1.81, 1200
01/30/2020,08:42,1.81,1.81,1.81,1.81, 200
01/30/2020,08:43,1.81,1.81,1.81,1.81, 200
01/30/2020,08:44,1.81,1.81,1.81,1.81, 200
01/30/2020,08:45,1.81,1.81,1.81,1.81, 200
01/30/2020,08:46,1.81,1.81,1.81,1.81, 200
01/30/2020,08:47,1.81,1.81,1.81,1.81, 200
01/30/2020,08:48,1.81,1.81,1.81,1.81, 200
01/30/2020,08:49,1.81,1.81,1.81,1.81, 200
01/30/2020,08:51,1.81,1.81,1.81,1.81, 400
01/30/2020,08:52,1.81,1.81,1.81,1.81, 5000
01/30/2020,08:52,1.81,1.81,1.81,1.81, 200
01/30/2020,08:53,1.81,1.81,1.81,1.81, 200
01/30/2020,08:54,1.81,1.81,1.81,1.81, 200
01/30/2020,08:56,1.81,1.81,1.81,1.81, 400
01/30/2020,08:57,1.81,1.81,1.81,1.81, 300
01/30/2020,08:58,1.81,1.81,1.81,1.81, 200
01/30/2020,08:59,1.81,1.81,1.81,1.81, 200
01/30/2020,09:00,1.81,1.81,1.81,1.81, 200
01/30/2020,09:01,1.81,1.81,1.81,1.81, 200
01/30/2020,09:03,1.81,1.81,1.8,1.8, 5300
01/30/2020,09:03,1.81,1.81,1.81,1.81, 200
01/30/2020,09:04,1.81,1.81,1.81,1.81, 200
01/30/2020,09:05,1.81,1.81,1.81,1.81, 200
01/30/2020,09:06,1.81,1.81,1.81,1.81, 200
01/30/2020,09:08,1.81,1.81,1.81,1.81, 1400
01/30/2020,09:09,1.81,1.81,1.81,1.81, 200
01/30/2020,09:09,1.81,1.81,1.81,1.81, 200
01/30/2020,09:10,1.81,1.81,1.81,1.81, 200
01/30/2020,09:12,1.81,1.81,1.81,1.81, 400
01/30/2020,09:13,1.82,1.82,1.82,1.82, 200
01/30/2020,09:14,1.82,1.82,1.82,1.82, 200
01/30/2020,09:15,1.82,1.82,1.82,1.82, 200
01/30/2020,09:16,1.82,1.82,1.82,1.82, 200
01/30/2020,09:17,1.82,1.82,1.82,1.82, 200
01/30/2020,09:17,1.81,1.82,1.81,1.82, 4600
01/30/2020,09:18,1.81,1.82,1.81,1.82, 3200
01/30/2020,09:20,1.82,1.82,1.82,1.82, 400
01/30/2020,09:21,1.82,1.82,1.82,1.82, 200
01/30/2020,09:22,1.82,1.82,1.82,1.82, 200
01/30/2020,09:23,1.82,1.82,1.82,1.82, 200
01/30/2020,09:23,1.82,1.82,1.82,1.82, 200
01/30/2020,09:25,1.82,1.82,1.82,1.82, 200
01/30/2020,09:25,1.82,1.82,1.82,1.82, 200
01/30/2020,09:26,1.82,1.82,1.82,1.82, 200
01/30/2020,09:28,1.82,1.82,1.82,1.82, 400
01/30/2020,09:29,1.82,1.82,1.82,1.82, 200
01/30/2020,09:30,1.82,1.82,1.82,1.82, 300
01/30/2020,09:31,1.82,1.82,1.82,1.82, 200
01/30/2020,09:33,1.82,1.82,1.81,1.81, 2800
01/30/2020,09:34,1.81,1.81,1.81,1.81, 1600
01/30/2020,09:35,1.81,1.81,1.81,1.81, 200
01/30/2020,09:35,1.81,1.81,1.81,1.81, 200
01/30/2020,09:36,1.81,1.81,1.81,1.81, 200
01/30/2020,09:37,1.81,1.81,1.81,1.81, 200
01/30/2020,09:38,1.81,1.81,1.81,1.81, 200
01/30/2020,09:40,1.81,1.81,1.81,1.81, 400
01/30/2020,09:40,1.81,1.81,1.81,1.81, 200
01/30/2020,09:41,1.81,1.81,1.81,1.81, 200
01/30/2020,09:43,1.81,1.81,1.81,1.81, 400
01/30/2020,09:44,1.81,1.81,1.81,1.81, 200
01/30/2020,09:45,1.81,1.81,1.81,1.81, 200
01/30/2020,09:45,1.81,1.81,1.81,1.81, 200
01/30/2020,09:46,1.81,1.81,1.81,1.81, 1100
01/30/2020,09:48,1.81,1.82,1.81,1.82, 1600
01/30/2020,09:49,1.82,1.82,1.82,1.82, 200
01/30/2020,09:50,1.82,1.82,1.82,1.82, 400
01/30/2020,09:51,1.82,1.82,1.81,1.81, 1600
01/30/2020,09:51,1.81,1.81,1.81,1.81, 200
01/30/2020,09:53,1.81,1.81,1.81,1.81, 5200
01/30/2020,09:54,1.81,1.81,1.81,1.81, 200
01/30/2020,09:54,1.81,1.81,1.81,1.81, 300
01/30/2020,09:56,1.81,1.81,1.81,1.81, 400
01/30/2020,09:57,1.81,1.81,1.81,1.81, 200
01/30/2020,09:57,1.81,1.81,1.81,1.81, 200
01/30/2020,09:59,1.81,1.81,1.81,1.81, 400
01/30/2020,10:00,1.81,1.81,1.81,1.81, 200
01/30/2020,10:01,1.81,1.81,1.81,1.81, 400
01/30/2020,10:02,1.81,1.81,1.81,1.81, 400
01/30/2020,10:04,1.81,1.81,1.8,1.81, 1900
01/30/2020,10:05,1.81,1.81,1.81,1.81, 400
01/30/2020,10:06,1.81,1.81,1.8,1.8, 500
01/30/2020,10:07,1.81,1.81,1.81,1.81, 200
01/30/2020,10:07,1.81,1.82,1.81,1.82, 400
01/30/2020,10:09,1.82,1.82,1.82,1.82, 600
01/30/2020,10:10,1.82,1.82,1.81,1.81, 1600
01/30/2020,10:10,1.81,1.82,1.8,1.8, 5600
01/30/2020,10:15,1.8,1.8,1.8,1.8, 104400
01/31/2020,02:09,1.81,1.81,1.81,1.81, 5900
01/31/2020,02:33,1.82,1.82,1.82,1.82, 4000
01/31/2020,02:33,1.82,1.82,1.82,1.82, 3600
01/31/2020,02:37,1.83,1.83,1.83,1.83, 100
01/31/2020,02:52,1.82,1.82,1.82,1.82, 6600
01/31/2020,02:57,1.82,1.82,1.82,1.82, 100
01/31/2020,03:36,1.82,1.82,1.82,1.82, 10000
01/31/2020,03:40,1.82,1.82,1.82,1.82, 200
01/31/2020,03:52,1.82,1.82,1.82,1.82, 100
01/31/2020,04:07,1.81,1.81,1.81,1.81, 1100
01/31/2020,04:54,1.81,1.81,1.81,1.81, 5100
01/31/2020,04:56,1.81,1.81,1.81,1.81, 200
01/31/2020,04:57,1.81,1.81,1.81,1.81, 700
01/31/2020,05:00,1.81,1.81,1.81,1.81, 900
01/31/2020,05:05,1.81,1.81,1.81,1.81, 300
01/31/2020,05:07,1.82,1.82,1.82,1.82, 200
01/31/2020,06:09,1.81,1.81,1.81,1.81, 400
01/31/2020,06:14,1.81,1.81,1.81,1.81, 100
01/31/2020,06:26,1.81,1.81,1.81,1.81, 100
01/31/2020,06:31,1.81,1.81,1.81,1.81, 100
01/31/2020,06:45,1.81,1.81,1.81,1.81, 300
01/31/2020,07:01,1.81,1.81,1.81,1.81, 2800
01/31/2020,07:19,1.81,1.81,1.81,1.81, 400
01/31/2020,07:35,1.81,1.81,1.81,1.81, 5000
01/31/2020,08:24,1.8,1.8,1.8,1.8, 100
01/31/2020,08:31,1.8,1.8,1.8,1.8, 100
01/31/2020,08:34,1.8,1.8,1.8,1.8, 100
01/31/2020,08:42,1.8,1.8,1.8,1.8, 1000
01/31/2020,08:45,1.8,1.8,1.8,1.8, 300
01/31/2020,08:50,1.81,1.81,1.81,1.81, 600
01/31/2020,08:50,1.8,1.8,1.8,1.8, 100
01/31/2020,09:04,1.8,1.8,1.8,1.8, 100
01/31/2020,09:09,1.8,1.8,1.8,1.8, 1100
01/31/2020,09:11,1.81,1.81,1.81,1.81, 300
01/31/2020,09:23,1.81,1.81,1.81,1.81, 200
01/31/2020,09:25,1.81,1.81,1.81,1.81, 100
01/31/2020,09:26,1.81,1.81,1.81,1.81, 100
01/31/2020,09:29,1.81,1.81,1.81,1.81, 100
01/31/2020,09:31,1.81,1.81,1.81,1.81, 200
01/31/2020,09:34,1.81,1.81,1.81,1.81, 300
01/31/2020,09:36,1.81,1.81,1.81,1.81, 500
01/31/2020,09:37,1.81,1.81,1.81,1.81, 100
01/31/2020,09:38,1.81,1.81,1.81,1.81, 100
01/31/2020,09:39,1.81,1.81,1.81,1.81, 100
01/31/2020,09:41,1.81,1.81,1.81,1.81, 100
01/31/2020,09:42,1.81,1.81,1.81,1.81, 100
01/31/2020,09:43,1.81,1.81,1.81,1.81, 6000
01/31/2020,09:44,1.81,1.81,1.81,1.81, 100
01/31/2020,09:45,1.81,1.81,1.81,1.81, 100
01/31/2020,09:49,1.81,1.81,1.81,1.81, 400
01/31/2020,09:50,1.8,1.81,1.8,1.81, 200
01/31/2020,09:51,1.81,1.81,1.8,1.8, 200
01/31/2020,09:52,1.81,1.81,1.81,1.81, 10100
01/31/2020,09:53,1.81,1.81,1.81,1.81, 100
01/31/2020,09:55,1.81,1.81,1.81,1.81, 100
01/31/2020,09:55,1.81,1.81,1.81,1.81, 100
01/31/2020,09:57,1.81,1.81,1.81,1.81, 100
01/31/2020,09:58,1.81,1.81,1.81,1.81, 100
01/31/2020,10:01,1.81,1.81,1.81,1.81, 100
01/31/2020,10:02,1.81,1.81,1.81,1.81, 100
01/31/2020,10:03,1.81,1.81,1.81,1.81, 100
01/31/2020,10:04,1.81,1.81,1.81,1.81, 100
01/31/2020,10:05,1.81,1.81,1.81,1.81, 100
01/31/2020,10:15,1.8,1.8,1.8,1.8, 21700

