02/03/2020,00:21,.205,.205,.205,.205, 18
02/03/2020,02:43,.21,.21,.21,.21, 100003
02/03/2020,03:54,.215,.215,.215,.215, 600
02/03/2020,04:19,.215,.215,.215,.215, 1221
02/03/2020,04:44,.215,.215,.215,.215, 746
02/03/2020,04:59,.215,.215,.215,.215, 811
02/03/2020,05:07,.215,.215,.215,.215, 1901
02/03/2020,05:14,.215,.215,.215,.215, 1227
02/03/2020,05:35,.215,.215,.215,.215, 726
02/03/2020,05:47,.215,.215,.215,.215, 494
02/03/2020,05:54,.215,.215,.215,.215, 733
02/03/2020,06:04,.215,.215,.215,.215, 1228
02/03/2020,06:10,.215,.215,.215,.215, 4246
02/03/2020,06:31,.215,.215,.215,.215, 2819
02/04/2020,05:05,.205,.205,.205,.205, 76861
02/05/2020,00:21,.215,.215,.215,.215, 23000
02/05/2020,03:23,.21,.21,.21,.21, 17857
02/05/2020,04:24,.215,.215,.215,.215, 2132
02/05/2020,04:31,.215,.215,.215,.215, 2856
02/05/2020,05:48,.205,.205,.205,.205, 6915
02/06/2020,02:48,.205,.205,.205,.205, 126971
02/06/2020,03:26,.205,.205,.205,.205, 9800
02/06/2020,03:49,.205,.205,.205,.205, 1924
02/06/2020,05:40,.2,.2,.19,.195, 70426
02/06/2020,06:15,.2,.2,.2,.2, 40400
02/07/2020,03:32,.195,.195,.195,.195, 69767
02/07/2020,05:52,.205,.205,.2,.2, 83724
02/07/2020,06:02,.2,.2,.2,.2, 2041
02/07/2020,06:10,.2,.2,.2,.2, 2439
02/07/2020,06:31,.205,.205,.205,.205, 2897
02/10/2020,00:20,.2,.2,.2,.2, 57
02/10/2020,02:46,.2,.2,.2,.2, 2155
02/10/2020,03:55,.195,.195,.195,.195, 23562
02/10/2020,04:42,.2,.2,.2,.2, 3048
02/11/2020,04:42,.2,.205,.2,.205, 154017
02/11/2020,05:09,.205,.205,.205,.205, 1251
02/11/2020,05:25,.205,.205,.205,.205, 1785
02/11/2020,05:37,.205,.205,.205,.205, 613
02/11/2020,05:49,.205,.205,.205,.205, 642
02/11/2020,06:01,.205,.205,.205,.205, 944
02/11/2020,06:11,.205,.205,.205,.205, 3481
02/11/2020,06:31,.205,.205,.205,.205, 11929
02/13/2020,00:45,.2,.2,.2,.2, 10000
02/13/2020,01:57,.2,.2,.2,.2, 1961
02/13/2020,03:06,.195,.195,.195,.195, 5781
02/13/2020,03:42,.195,.195,.195,.195, 25000
02/13/2020,06:11,.2,.2,.2,.2, 10
02/13/2020,06:31,.2,.2,.2,.2, 2751
02/14/2020,02:07,.2,.2,.2,.2, 25000
02/14/2020,02:42,.2,.2,.2,.2, 1757
02/14/2020,03:12,.195,.195,.195,.195, 33272
02/14/2020,04:22,.195,.195,.195,.195, 125082
02/14/2020,04:40,.195,.195,.195,.195, 120994
02/14/2020,04:57,.195,.195,.195,.195, 133789
02/14/2020,04:57,.195,.195,.195,.195, 45400
02/14/2020,05:30,.192,.192,.192,.192, 2950
02/14/2020,05:44,.195,.195,.195,.195, 50000
02/14/2020,06:06,.195,.195,.195,.195, 48031
02/14/2020,06:07,.195,.195,.195,.195, 3300
02/14/2020,06:11,.195,.195,.195,.195, 35050
02/14/2020,06:14,.195,.195,.19,.19, 4950
02/17/2020,00:20,.19,.19,.19,.19, 37952
02/17/2020,00:49,.19,.19,.19,.19, 145
02/17/2020,00:58,.19,.19,.19,.19, 4810
02/18/2020,04:54,.195,.195,.195,.195, 220
02/18/2020,05:03,.197,.2,.197,.2, 113787
02/18/2020,05:48,.2,.2,.2,.2, 2004
02/20/2020,01:09,.2,.2,.2,.2, 25000
02/20/2020,03:02,.2,.2,.2,.2, 2779
02/20/2020,03:33,.197,.197,.197,.197, 3485
02/20/2020,03:34,.2,.2,.2,.2, 221390
02/20/2020,03:56,.2,.2,.2,.2, 168873
02/20/2020,06:10,.21,.21,.21,.21, 3
02/20/2020,06:16,.21,.21,.21,.21, 1908
02/21/2020,00:20,.21,.21,.21,.21, 23114
02/21/2020,01:31,.21,.21,.21,.21, 5000
02/21/2020,02:50,.21,.21,.21,.21, 361
02/25/2020,00:20,.195,.195,.195,.195, 5000
02/25/2020,00:29,.2,.2,.2,.2, 1600
02/25/2020,00:33,.195,.195,.195,.195, 38400
02/25/2020,01:25,.195,.195,.195,.195, 6131
02/25/2020,03:07,.2,.2,.2,.2, 1764
02/25/2020,03:08,.2,.2,.2,.2, 43666
02/25/2020,03:08,.2,.2,.2,.2, 1827
02/25/2020,03:53,.2,.2,.2,.2, 14000
02/25/2020,05:16,.2,.2,.2,.2, 525592
02/26/2020,00:20,.195,.195,.195,.195, 9552
02/26/2020,00:31,.195,.195,.195,.195, 1925
02/26/2020,00:37,.195,.195,.195,.195, 61314
02/26/2020,00:52,.195,.195,.195,.195, 20000
02/26/2020,01:02,.195,.195,.195,.195, 22000
02/26/2020,01:09,.195,.195,.195,.195, 96314
02/26/2020,02:25,.195,.195,.195,.195, 145103
02/26/2020,02:33,.195,.195,.195,.195, 8092
02/26/2020,03:12,.19,.19,.19,.19, 37526
02/26/2020,04:07,.19,.19,.19,.19, 2500
02/26/2020,05:11,.19,.19,.18,.18, 68236
02/26/2020,06:08,.185,.185,.185,.185, 10000
02/26/2020,06:09,.19,.19,.19,.19, 2409

