02/03/2020,09:01,7.43,7.43,7.38,7.38, 9229
02/03/2020,09:01,7.41,7.42,7.41,7.42, 503
02/03/2020,09:03,7.41,7.41,7.4,7.41, 6446
02/03/2020,09:05,7.42,7.45,7.42,7.45, 655
02/03/2020,09:06,7.45,7.51,7.45,7.49, 11953
02/03/2020,09:07,7.49,7.49,7.49,7.49, 222
02/03/2020,09:07,7.46,7.46,7.46,7.46, 2074
02/03/2020,09:09,7.44,7.44,7.44,7.44, 73
02/03/2020,09:12,7.42,7.42,7.42,7.42, 81
02/03/2020,09:16,7.39,7.39,7.39,7.39, 572
02/03/2020,09:17,7.39,7.39,7.38,7.38, 2567
02/03/2020,09:18,7.36,7.37,7.36,7.36, 2344
02/03/2020,09:20,7.33,7.35,7.33,7.35, 526
02/03/2020,09:21,7.36,7.36,7.36,7.36, 555
02/03/2020,09:22,7.38,7.38,7.35,7.35, 3285
02/03/2020,09:22,7.37,7.39,7.37,7.39, 1000
02/03/2020,09:25,7.37,7.41,7.37,7.41, 575
02/03/2020,09:25,7.39,7.39,7.39,7.39, 519
02/03/2020,09:32,7.4,7.41,7.4,7.41, 700
02/03/2020,09:50,7.44,7.44,7.44,7.44, 1799
02/03/2020,09:52,7.43,7.43,7.39,7.39, 5000
02/03/2020,09:53,7.46,7.46,7.46,7.46, 243
02/03/2020,10:00,7.46,7.46,7.43,7.45, 2200
02/03/2020,10:08,7.41,7.41,7.41,7.41, 21
02/03/2020,10:15,7.4,7.4,7.4,7.4, 57
02/03/2020,10:29,7.4,7.4,7.4,7.4, 79
02/03/2020,10:36,7.41,7.41,7.39,7.39, 500
02/03/2020,10:44,7.4,7.4,7.38,7.4, 2017
02/03/2020,10:52,7.38,7.38,7.38,7.38, 440
02/03/2020,10:57,7.37,7.37,7.37,7.37, 160
02/03/2020,11:06,7.4,7.4,7.4,7.4, 305
02/03/2020,11:12,7.41,7.41,7.41,7.41, 341
02/03/2020,11:18,7.43,7.43,7.43,7.43, 798
02/03/2020,11:24,7.44,7.44,7.44,7.44, 43
02/03/2020,11:26,7.45,7.45,7.45,7.45, 268
02/03/2020,11:28,7.46,7.46,7.46,7.46, 362
02/03/2020,11:53,7.46,7.46,7.46,7.46, 61
02/03/2020,11:59,7.46,7.46,7.46,7.46, 61
02/03/2020,12:05,7.47,7.47,7.47,7.47, 227
02/03/2020,12:07,7.48,7.49,7.48,7.48, 1925
02/03/2020,12:11,7.47,7.47,7.46,7.46, 1092
02/03/2020,12:23,7.42,7.42,7.42,7.42, 111
02/03/2020,12:32,7.43,7.43,7.43,7.43, 125
02/03/2020,12:45,7.41,7.43,7.41,7.43, 131
02/03/2020,12:48,7.44,7.44,7.44,7.44, 212
02/03/2020,12:52,7.42,7.43,7.42,7.43, 946
02/03/2020,12:53,7.41,7.42,7.41,7.41, 1913
02/03/2020,12:54,7.4,7.41,7.4,7.41, 4040
02/03/2020,12:55,7.42,7.45,7.42,7.45, 3839
02/03/2020,12:57,7.48,7.48,7.47,7.47, 4188
02/03/2020,13:00,7.51,7.51,7.49,7.49, 629
02/03/2020,13:03,7.49,7.49,7.49,7.49, 128
02/03/2020,13:04,7.46,7.46,7.46,7.46, 468
02/03/2020,13:05,7.46,7.46,7.44,7.45, 1000
02/03/2020,13:06,7.45,7.45,7.43,7.44, 2581
02/03/2020,13:08,7.46,7.48,7.46,7.48, 3800
02/03/2020,13:10,7.5,7.5,7.5,7.5, 260
02/03/2020,13:44,7.52,7.52,7.52,7.52, 559
02/03/2020,13:46,7.52,7.52,7.52,7.52, 474
02/03/2020,14:08,7.54,7.56,7.53,7.55, 4162
02/03/2020,14:10,7.55,7.55,7.55,7.55, 262
02/03/2020,14:16,7.55,7.55,7.55,7.55, 200
02/03/2020,14:23,7.56,7.56,7.55,7.55, 600
02/03/2020,14:32,7.58,7.59,7.58,7.59, 900
02/03/2020,14:37,7.57,7.57,7.57,7.57, 257
02/03/2020,14:52,7.56,7.56,7.56,7.56, 256
02/03/2020,14:55,7.57,7.58,7.57,7.58, 680
02/03/2020,15:03,7.58,7.58,7.58,7.58, 535
02/03/2020,15:14,7.59,7.59,7.59,7.59, 257
02/03/2020,15:17,7.59,7.59,7.59,7.59, 19
02/03/2020,15:37,7.6,7.63,7.6,7.63, 3105
02/03/2020,15:39,7.64,7.64,7.64,7.64, 497
02/03/2020,15:42,7.64,7.64,7.64,7.64, 302
02/03/2020,15:58,7.68,7.7,7.68,7.68, 812
02/03/2020,16:03,7.68,7.68,7.68,7.68, 1883
02/03/2020,16:04,7.68,7.68,7.68,7.68, 141
02/03/2020,16:04,7.68,7.68,7.68,7.68, 313
02/03/2020,16:16,7.68,7.68,7.68,7.68, 150
02/03/2020,16:22,7.68,7.68,7.68,7.68, 152
02/03/2020,16:27,7.68,7.68,7.68,7.68, 50
02/03/2020,16:28,7.68,7.68,7.68,7.68, 267
02/03/2020,16:33,7.66,7.66,7.66,7.66, 2600
02/03/2020,16:37,7.66,7.66,7.66,7.66, 241
02/03/2020,16:44,7.66,7.66,7.66,7.66, 494
02/03/2020,16:50,7.66,7.66,7.66,7.66, 1
02/03/2020,16:51,7.66,7.66,7.61,7.61, 7679
02/03/2020,16:52,7.61,7.61,7.61,7.61, 172
02/03/2020,17:10,7.65,7.65,7.65,7.65, 190
02/03/2020,17:10,7.64,7.64,7.64,7.64, 578
02/03/2020,17:12,7.64,7.64,7.64,7.64, 96
02/03/2020,17:14,7.63,7.63,7.63,7.63, 258
02/03/2020,17:23,7.63,7.63,7.63,7.63, 547
02/03/2020,17:25,7.63,7.63,7.63,7.63, 1309
02/03/2020,17:27,7.62,7.62,7.62,7.62, 97
02/03/2020,17:28,7.63,7.63,7.63,7.63, 17
02/03/2020,17:30,7.62,7.64,7.62,7.62, 966
02/03/2020,17:30,7.6,7.6,7.58,7.58, 1799
02/03/2020,17:32,7.58,7.58,7.58,7.58, 110
02/03/2020,17:36,7.6,7.6,7.6,7.6, 8998
02/04/2020,09:08,7.6,7.67,7.6,7.67, 2104
02/04/2020,09:11,7.72,7.72,7.71,7.71, 1115
02/04/2020,09:12,7.66,7.66,7.65,7.65, 4330
02/04/2020,09:13,7.65,7.66,7.64,7.64, 2303
02/04/2020,09:14,7.63,7.64,7.63,7.63, 596
02/04/2020,09:15,7.62,7.66,7.61,7.64, 7146
02/04/2020,09:17,7.63,7.63,7.63,7.63, 1278
02/04/2020,09:29,7.7,7.75,7.7,7.75, 2806
02/04/2020,09:31,7.8,7.8,7.78,7.78, 22509
02/04/2020,09:34,7.79,7.79,7.78,7.78, 8847
02/04/2020,09:35,7.77,7.78,7.77,7.78, 2725
02/04/2020,09:36,7.78,7.78,7.78,7.78, 456
02/04/2020,09:37,7.79,7.8,7.79,7.8, 4177
02/04/2020,09:38,7.81,7.81,7.8,7.8, 147
02/04/2020,09:39,7.79,7.83,7.79,7.82, 2995
02/04/2020,09:40,7.82,7.83,7.82,7.83, 265
02/04/2020,09:41,7.84,7.84,7.83,7.83, 1256
02/04/2020,09:42,7.84,7.85,7.83,7.85, 2872
02/04/2020,09:43,7.86,7.86,7.83,7.83, 5157
02/04/2020,09:44,7.83,7.83,7.76,7.76, 9247
02/04/2020,09:45,7.78,7.78,7.78,7.78, 5212
02/04/2020,09:46,7.78,7.78,7.78,7.78, 720
02/04/2020,09:51,7.77,7.77,7.77,7.77, 469
02/04/2020,09:57,7.76,7.76,7.76,7.76, 38
02/04/2020,10:00,7.8,7.81,7.8,7.81, 1750
02/04/2020,10:25,7.82,7.83,7.82,7.83, 251
02/04/2020,10:41,7.82,7.82,7.82,7.82, 1817
02/04/2020,10:42,7.81,7.81,7.81,7.81, 480
02/04/2020,10:49,7.82,7.83,7.82,7.83, 750
02/04/2020,10:57,7.81,7.81,7.81,7.81, 268
02/04/2020,11:03,7.81,7.81,7.81,7.81, 529
02/04/2020,11:15,7.82,7.82,7.82,7.82, 34
02/04/2020,11:30,7.83,7.84,7.83,7.84, 1166
02/04/2020,11:30,7.85,7.85,7.85,7.85, 588
02/04/2020,11:37,7.85,7.85,7.85,7.85, 58
02/04/2020,11:45,7.86,7.86,7.86,7.86, 51
02/04/2020,11:51,7.87,7.88,7.87,7.88, 4429
02/04/2020,11:55,7.89,7.89,7.89,7.89, 111
02/04/2020,11:59,7.9,7.92,7.9,7.92, 7842
02/04/2020,12:04,7.93,7.93,7.93,7.93, 582
02/04/2020,12:05,7.94,7.94,7.94,7.94, 200
02/04/2020,12:07,7.94,7.94,7.93,7.94, 2017
02/04/2020,12:09,7.93,7.93,7.87,7.87, 3564
02/04/2020,12:11,7.9,7.9,7.9,7.9, 485
02/04/2020,12:14,7.91,7.91,7.89,7.89, 458
02/04/2020,12:17,7.9,7.9,7.9,7.9, 1000
02/04/2020,12:18,7.89,7.89,7.89,7.89, 267
02/04/2020,12:20,7.9,7.9,7.9,7.9, 46
02/04/2020,12:47,7.89,7.89,7.88,7.88, 852
02/04/2020,12:50,7.89,7.89,7.89,7.89, 66
02/04/2020,13:03,7.93,7.93,7.93,7.93, 37
02/04/2020,13:28,7.92,7.92,7.9,7.9, 2587
02/04/2020,13:35,7.89,7.9,7.89,7.9, 1133
02/04/2020,14:14,7.91,7.93,7.91,7.93, 2044
02/04/2020,14:21,7.93,7.93,7.92,7.92, 1875
02/04/2020,14:22,7.91,7.91,7.91,7.91, 1891
02/04/2020,14:22,7.91,7.91,7.9,7.9, 2112
02/04/2020,14:52,7.92,7.92,7.92,7.92, 73
02/04/2020,14:54,7.92,7.92,7.92,7.92, 23
02/04/2020,15:08,7.93,7.93,7.93,7.93, 990
02/04/2020,15:11,7.94,7.95,7.94,7.95, 50
02/04/2020,15:16,7.95,7.95,7.95,7.95, 425
02/04/2020,15:31,7.95,7.95,7.95,7.95, 75
02/04/2020,15:33,7.94,7.94,7.93,7.94, 2289
02/04/2020,15:37,7.93,7.93,7.93,7.93, 452
02/04/2020,15:41,7.94,7.94,7.94,7.94, 564
02/04/2020,15:43,7.95,7.95,7.95,7.95, 685
02/04/2020,15:47,7.96,7.96,7.96,7.96, 178
02/04/2020,15:48,7.96,7.96,7.96,7.96, 156
02/04/2020,15:55,7.95,7.95,7.95,7.95, 394
02/04/2020,16:11,7.94,7.94,7.94,7.94, 1000
02/04/2020,16:16,7.94,7.94,7.94,7.94, 283
02/04/2020,16:23,7.95,7.95,7.95,7.95, 22
02/04/2020,16:27,7.95,7.95,7.95,7.95, 189
02/04/2020,16:38,7.97,7.98,7.97,7.97, 4635
02/04/2020,16:38,7.96,7.96,7.95,7.95, 3550
02/04/2020,16:40,7.93,7.93,7.93,7.93, 413
02/04/2020,16:44,7.91,7.91,7.91,7.91, 350
02/04/2020,16:53,7.94,7.94,7.94,7.94, 309
02/04/2020,17:03,7.95,7.95,7.95,7.95, 5
02/04/2020,17:04,7.94,7.94,7.94,7.94, 807
02/04/2020,17:08,7.93,7.93,7.93,7.93, 379
02/04/2020,17:22,7.93,7.93,7.92,7.92, 1713
02/04/2020,17:27,7.92,7.92,7.9,7.92, 3045
02/04/2020,17:28,7.92,7.92,7.92,7.92, 16
02/04/2020,17:30,7.93,7.93,7.93,7.93, 395
02/04/2020,17:32,7.93,7.93,7.93,7.93, 49
02/04/2020,17:36,7.94,7.94,7.94,7.94, 17481
02/05/2020,09:01,7.9,7.9,7.9,7.9, 2
02/05/2020,09:03,7.93,7.93,7.93,7.93, 449
02/05/2020,09:25,7.91,7.92,7.91,7.92, 448
02/05/2020,09:30,7.93,7.93,7.93,7.93, 200
02/05/2020,09:31,7.94,7.94,7.94,7.94, 114
02/05/2020,09:39,7.98,7.98,7.98,7.98, 1058
02/05/2020,09:44,8,8.01,8,8.01, 2167
02/05/2020,09:45,8.01,8.01,8.01,8.01, 86
02/05/2020,09:46,8,8,8,8, 200
02/05/2020,09:47,8,8,7.99,8, 1949
02/05/2020,09:47,8,8,7.99,7.99, 382
02/05/2020,09:49,8,8,8,8, 1000
02/05/2020,09:52,8.02,8.02,8,8, 4368
02/05/2020,09:54,8.04,8.04,8.04,8.04, 300
02/05/2020,09:56,8.04,8.04,8.04,8.04, 2395
02/05/2020,09:59,8.06,8.06,8.04,8.04, 919
02/05/2020,09:59,8.05,8.09,8.05,8.06, 7459
02/05/2020,10:02,8.05,8.05,8.04,8.04, 2325
02/05/2020,10:05,8.04,8.04,8.04,8.04, 592
02/05/2020,10:07,8.02,8.02,8.01,8.01, 753
02/05/2020,10:12,8.02,8.02,8.02,8.02, 445
02/05/2020,10:19,7.99,7.99,7.99,7.99, 37
02/05/2020,10:26,8,8.01,8,8.01, 2259
02/05/2020,10:27,8.01,8.01,8.01,8.01, 55
02/05/2020,10:32,8.02,8.02,8.02,8.02, 3
02/05/2020,10:33,8,8,8,8, 100
02/05/2020,10:34,7.99,8.01,7.99,8, 4400
02/05/2020,10:35,8,8.03,7.98,8.03, 15134
02/05/2020,10:36,8.02,8.05,8.02,8.05, 1809
02/05/2020,10:37,8.06,8.08,8.06,8.08, 503
02/05/2020,10:38,8.08,8.11,8.08,8.11, 24162
02/05/2020,10:39,8.09,8.11,8.07,8.08, 5804
02/05/2020,10:39,8.09,8.09,8.08,8.08, 1762
02/05/2020,10:44,8.07,8.07,8.07,8.07, 2000
02/05/2020,10:48,8.09,8.09,8.09,8.09, 297
02/05/2020,11:00,8.1,8.1,8.1,8.1, 1000
02/05/2020,11:01,8.09,8.09,8.09,8.09, 30
02/05/2020,11:01,8.12,8.12,8.12,8.12, 1065
02/05/2020,11:04,8.1,8.1,8.1,8.1, 994
02/05/2020,11:06,8.1,8.1,8.1,8.1, 140
02/05/2020,11:09,8.08,8.08,8.08,8.08, 400
02/05/2020,11:14,8.07,8.07,8.06,8.06, 260
02/05/2020,12:14,8.06,8.06,8.06,8.06, 719
02/05/2020,12:30,8.04,8.04,8.04,8.04, 842
02/05/2020,12:36,8.04,8.04,8.04,8.04, 124
02/05/2020,12:38,8.02,8.02,8.02,8.02, 103
02/05/2020,12:39,8,8,7.98,7.98, 2593
02/05/2020,12:44,7.99,7.99,7.99,7.99, 72
02/05/2020,12:55,8,8.01,7.98,7.98, 15222
02/05/2020,12:55,7.99,8,7.99,8, 1253
02/05/2020,12:56,8.01,8.01,8.01,8.01, 100
02/05/2020,12:58,8.03,8.03,8.03,8.03, 600
02/05/2020,12:59,8.04,8.04,8.02,8.03, 3139
02/05/2020,13:00,8.04,8.05,8.04,8.05, 4700
02/05/2020,13:00,8.05,8.06,8.05,8.05, 20071
02/05/2020,13:03,8.04,8.06,8.04,8.06, 252
02/05/2020,13:04,8.07,8.07,8.03,8.03, 5420
02/05/2020,13:05,8.02,8.02,7.98,7.98, 4413
02/05/2020,13:07,8,8,8,8, 881
02/05/2020,13:12,8,8.02,8,8.02, 522
02/05/2020,13:13,8.01,8.01,8.01,8.01, 580
02/05/2020,13:22,8.01,8.05,8.01,8.04, 11194
02/05/2020,13:31,8.02,8.02,8.02,8.02, 356
02/05/2020,13:34,8.02,8.03,8.02,8.03, 1437
02/05/2020,13:35,8.02,8.02,8.01,8.02, 1358
02/05/2020,13:35,8.02,8.04,8.02,8.04, 600
02/05/2020,14:01,8.01,8.01,7.95,7.97, 11104
02/05/2020,14:12,7.97,7.97,7.97,7.97, 288
02/05/2020,14:18,7.95,7.95,7.95,7.95, 370
02/05/2020,14:42,7.96,7.96,7.96,7.96, 254
02/05/2020,14:55,7.96,7.96,7.94,7.95, 3085
02/05/2020,14:55,7.94,7.94,7.93,7.94, 5470
02/05/2020,14:57,7.96,7.96,7.96,7.96, 271
02/05/2020,15:42,7.94,7.94,7.91,7.92, 1603
02/05/2020,15:44,7.9,7.9,7.9,7.9, 508
02/05/2020,15:52,7.9,7.9,7.9,7.9, 209
02/05/2020,16:00,7.9,7.9,7.89,7.9, 354
02/05/2020,16:42,7.89,7.89,7.89,7.89, 312
02/05/2020,16:50,7.89,7.9,7.89,7.9, 257
02/05/2020,16:57,7.86,7.87,7.86,7.87, 1605
02/05/2020,17:03,7.85,7.85,7.85,7.85, 1641
02/05/2020,17:03,7.86,7.86,7.86,7.86, 313
02/05/2020,17:17,7.84,7.84,7.84,7.84, 1403
02/05/2020,17:25,7.84,7.84,7.83,7.83, 1112
02/05/2020,17:27,7.84,7.84,7.84,7.84, 390
02/05/2020,17:29,7.84,7.84,7.84,7.84, 64
02/05/2020,17:30,7.82,7.82,7.82,7.82, 179
02/05/2020,17:32,7.82,7.82,7.82,7.82, 179
02/05/2020,17:36,7.84,7.84,7.84,7.84, 4216
02/06/2020,09:01,7.91,7.91,7.88,7.88, 451
02/06/2020,09:02,7.9,7.93,7.9,7.93, 771
02/06/2020,09:08,7.95,7.97,7.95,7.97, 2233
02/06/2020,09:20,7.97,7.98,7.95,7.95, 1730
02/06/2020,09:22,7.93,7.94,7.93,7.94, 2989
02/06/2020,09:27,7.93,7.93,7.93,7.93, 649
02/06/2020,09:34,7.93,7.93,7.92,7.92, 736
02/06/2020,09:40,7.92,7.93,7.9,7.9, 3395
02/06/2020,09:41,7.9,7.91,7.9,7.9, 1769
02/06/2020,09:41,7.92,7.93,7.92,7.93, 1300
02/06/2020,09:43,7.94,7.94,7.94,7.94, 884
02/06/2020,09:45,7.96,7.96,7.96,7.96, 1339
02/06/2020,09:47,7.97,7.97,7.95,7.96, 6269
02/06/2020,09:47,7.96,7.96,7.96,7.96, 300
02/06/2020,09:51,8,8.03,8,8.03, 7600
02/06/2020,09:51,8.02,8.02,8.02,8.02, 333
02/06/2020,09:54,8.02,8.02,8.02,8.02, 190
02/06/2020,09:56,8.03,8.03,8.03,8.03, 415
02/06/2020,10:01,8.01,8.01,8.01,8.01, 1769
02/06/2020,10:09,8,8,8,8, 654
02/06/2020,10:17,8.01,8.01,7.99,7.99, 1011
02/06/2020,10:17,7.99,7.99,7.99,7.99, 514
02/06/2020,10:18,7.99,8,7.99,8, 229
02/06/2020,10:38,8,8,8,8, 375
02/06/2020,10:40,8,8,8,8, 946
02/06/2020,11:29,7.99,7.99,7.99,7.99, 100
02/06/2020,11:31,7.99,7.99,7.99,7.99, 155
02/06/2020,11:48,7.98,7.98,7.97,7.98, 1689
02/06/2020,11:51,7.97,7.97,7.96,7.96, 2629
02/06/2020,11:52,7.94,7.94,7.94,7.94, 410
02/06/2020,11:53,7.94,7.94,7.94,7.94, 20
02/06/2020,11:55,7.95,7.95,7.95,7.95, 1278
02/06/2020,11:58,7.95,7.95,7.95,7.95, 885
02/06/2020,12:16,7.93,7.93,7.93,7.93, 1584
02/06/2020,12:19,7.9,7.9,7.9,7.9, 557
02/06/2020,12:40,7.93,7.93,7.93,7.93, 213
02/06/2020,12:43,7.93,7.93,7.91,7.91, 2000
02/06/2020,12:44,7.91,7.91,7.91,7.91, 338
02/06/2020,13:03,7.92,7.92,7.92,7.92, 50
02/06/2020,13:39,7.92,7.92,7.92,7.92, 979
02/06/2020,13:52,7.95,7.95,7.95,7.95, 75
02/06/2020,13:56,7.94,7.94,7.94,7.94, 2000
02/06/2020,14:14,7.96,7.96,7.96,7.96, 363
02/06/2020,14:51,7.97,7.97,7.97,7.97, 20
02/06/2020,15:34,7.98,7.98,7.97,7.97, 5150
02/06/2020,15:35,7.95,7.95,7.95,7.95, 120
02/06/2020,15:36,7.94,7.94,7.94,7.94, 166
02/06/2020,15:39,7.92,7.92,7.92,7.92, 333
02/06/2020,15:57,7.92,7.93,7.92,7.93, 1047
02/06/2020,15:58,7.93,7.93,7.93,7.93, 96
02/06/2020,16:06,7.96,7.96,7.96,7.96, 75
02/06/2020,16:18,7.96,7.96,7.96,7.96, 1672
02/06/2020,16:21,7.97,7.97,7.97,7.97, 613
02/06/2020,16:24,7.97,7.97,7.97,7.97, 244
02/06/2020,16:30,7.97,7.97,7.97,7.97, 400
02/06/2020,16:38,7.98,7.98,7.98,7.98, 133
02/06/2020,16:42,7.98,7.98,7.97,7.98, 1164
02/06/2020,16:54,7.98,7.98,7.97,7.97, 621
02/06/2020,16:58,7.96,7.96,7.96,7.96, 966
02/06/2020,17:09,7.96,7.96,7.96,7.96, 71
02/06/2020,17:09,7.96,7.96,7.96,7.96, 81
02/06/2020,17:14,7.97,7.97,7.97,7.97, 75
02/06/2020,17:15,7.97,7.97,7.97,7.97, 1200
02/06/2020,17:21,7.97,7.97,7.97,7.97, 118
02/06/2020,17:22,7.98,7.98,7.98,7.98, 440
02/06/2020,17:26,7.98,7.98,7.98,7.98, 64
02/06/2020,17:26,7.97,7.97,7.97,7.97, 482
02/06/2020,17:30,7.97,7.97,7.95,7.95, 5137
02/06/2020,17:31,7.95,7.95,7.95,7.95, 488
02/06/2020,17:36,7.99,7.99,7.99,7.99, 9226
02/07/2020,09:01,8,8,8,8, 10
02/07/2020,09:10,8,8,8,8, 3178
02/07/2020,09:20,7.99,7.99,7.98,7.98, 592
02/07/2020,09:44,8,8.02,8,8, 1795
02/07/2020,09:50,8,8,7.98,7.99, 1876
02/07/2020,10:53,7.95,7.99,7.95,7.99, 820
02/07/2020,10:55,7.96,7.96,7.96,7.96, 560
02/07/2020,10:58,7.97,7.97,7.97,7.97, 44
02/07/2020,11:00,7.96,7.96,7.96,7.96, 175
02/07/2020,11:12,7.95,7.95,7.95,7.95, 1189
02/07/2020,11:38,7.92,7.92,7.92,7.92, 552
02/07/2020,11:56,7.9,7.9,7.9,7.9, 1500
02/07/2020,11:59,7.9,7.91,7.89,7.9, 11334
02/07/2020,12:00,7.9,7.91,7.9,7.91, 498
02/07/2020,12:01,7.91,7.91,7.91,7.91, 92
02/07/2020,12:03,7.91,7.91,7.91,7.91, 91
02/07/2020,12:08,7.92,7.92,7.92,7.92, 1769
02/07/2020,12:21,7.93,7.94,7.93,7.94, 878
02/07/2020,12:24,7.95,7.95,7.95,7.95, 628
02/07/2020,12:44,7.94,7.94,7.94,7.94, 1430
02/07/2020,12:53,7.93,7.93,7.93,7.93, 12
02/07/2020,12:55,7.95,7.95,7.95,7.95, 830
02/07/2020,12:57,7.97,7.97,7.97,7.97, 146
02/07/2020,13:03,7.98,7.98,7.98,7.98, 759
02/07/2020,13:04,7.98,7.98,7.98,7.98, 580
02/07/2020,13:11,7.98,7.98,7.97,7.97, 1633
02/07/2020,13:27,7.98,7.98,7.98,7.98, 2214
02/07/2020,14:05,8,8.04,8,8.01, 16861
02/07/2020,14:06,8.03,8.03,8.03,8.03, 322
02/07/2020,14:13,8.03,8.03,8.03,8.03, 1332
02/07/2020,14:27,8.04,8.04,8.04,8.04, 620
02/07/2020,14:31,8.04,8.07,8.04,8.07, 3309
02/07/2020,14:36,8.04,8.04,8.04,8.04, 1113
02/07/2020,14:37,8.03,8.03,8.02,8.02, 1260
02/07/2020,14:45,8.01,8.01,8,8, 2684
02/07/2020,14:46,8,8,8,8, 25
02/07/2020,14:48,8,8,8,8, 314
02/07/2020,14:51,8,8.02,8,8.02, 3358
02/07/2020,14:58,8.01,8.01,8.01,8.01, 500
02/07/2020,15:04,8.03,8.03,8.03,8.03, 762
02/07/2020,15:13,8.03,8.03,8.03,8.03, 386
02/07/2020,15:15,8.05,8.05,8.05,8.05, 619
02/07/2020,15:31,8.04,8.04,8.04,8.04, 394
02/07/2020,15:37,8.03,8.03,8.03,8.03, 18
02/07/2020,15:37,8.05,8.05,8.05,8.05, 898
02/07/2020,15:38,8.05,8.05,8.05,8.05, 392
02/07/2020,15:49,8.07,8.07,8.07,8.07, 21
02/07/2020,15:59,8.06,8.06,8.05,8.06, 1945
02/07/2020,16:01,8.05,8.05,8.05,8.05, 68
02/07/2020,16:08,8.05,8.05,8.04,8.04, 1208
02/07/2020,16:11,8.04,8.04,8.02,8.03, 5582
02/07/2020,16:12,8.02,8.02,8.02,8.02, 758
02/07/2020,16:13,8.01,8.01,8.01,8.01, 1103
02/07/2020,16:14,8.01,8.01,8,8, 1882
02/07/2020,16:29,8,8,8,8, 213
02/07/2020,16:38,8.03,8.03,8.03,8.03, 100
02/07/2020,16:40,8.03,8.03,8,8, 4910
02/07/2020,16:44,8.02,8.02,8.02,8.02, 424
02/07/2020,16:49,8.01,8.01,8.01,8.01, 1
02/07/2020,16:57,8.03,8.03,8.03,8.03, 41
02/07/2020,17:11,8.03,8.03,8.03,8.03, 693
02/07/2020,17:14,8.04,8.04,8.04,8.04, 105
02/07/2020,17:18,8.05,8.05,8.05,8.05, 922
02/07/2020,17:20,8.06,8.06,8.06,8.06, 36
02/07/2020,17:23,8.07,8.08,8.07,8.08, 855
02/07/2020,17:24,8.09,8.09,8.09,8.09, 400
02/07/2020,17:25,8.09,8.09,8.09,8.09, 836
02/07/2020,17:27,8.1,8.1,8.07,8.07, 4571
02/07/2020,17:28,8.09,8.09,8.09,8.09, 1339
02/07/2020,17:30,8.07,8.07,8.07,8.07, 116
02/07/2020,17:30,8.06,8.06,8.06,8.06, 313
02/07/2020,17:31,8.06,8.06,8.06,8.06, 313
02/07/2020,17:36,8.08,8.08,8.08,8.08, 16625
02/10/2020,09:01,7.99,7.99,7.99,7.99, 1160
02/10/2020,09:06,8.07,8.07,8.07,8.07, 200
02/10/2020,09:07,8.06,8.06,8.06,8.06, 297
02/10/2020,09:10,8.09,8.12,8.09,8.12, 1987
02/10/2020,09:15,8.13,8.14,8.13,8.13, 2109
02/10/2020,09:17,8.15,8.15,8.15,8.15, 597
02/10/2020,09:18,8.15,8.18,8.15,8.16, 7318
02/10/2020,09:19,8.18,8.19,8.18,8.19, 436
02/10/2020,09:20,8.16,8.16,8.14,8.14, 1748
02/10/2020,09:24,8.12,8.12,8.12,8.12, 386
02/10/2020,09:25,8.1,8.1,8.08,8.08, 1435
02/10/2020,09:28,8.09,8.09,8.09,8.09, 200
02/10/2020,09:32,8.06,8.06,8.05,8.06, 2258
02/10/2020,09:33,8.07,8.12,8.07,8.12, 2055
02/10/2020,09:36,8.11,8.11,8.11,8.11, 250
02/10/2020,09:36,8.08,8.08,8.07,8.07, 4623
02/10/2020,09:39,8.07,8.08,8.07,8.08, 1400
02/10/2020,09:41,8.09,8.1,8.09,8.1, 446
02/10/2020,09:42,8.11,8.11,8.1,8.1, 200
02/10/2020,09:43,8.11,8.15,8.11,8.14, 8815
02/10/2020,09:44,8.13,8.13,8.12,8.12, 3350
02/10/2020,09:45,8.13,8.13,8.11,8.11, 929
02/10/2020,09:47,8.1,8.1,8.1,8.1, 111
02/10/2020,09:59,8.1,8.1,8.1,8.1, 760
02/10/2020,10:00,8.07,8.07,8.07,8.07, 200
02/10/2020,10:06,8.08,8.08,8.08,8.08, 1313
02/10/2020,10:06,8.09,8.09,8.09,8.09, 550
02/10/2020,10:08,8.09,8.09,8.09,8.09, 46
02/10/2020,10:09,8.09,8.09,8.09,8.09, 120
02/10/2020,10:10,8.08,8.09,8.07,8.09, 1713
02/10/2020,10:10,8.09,8.09,8.09,8.09, 161
02/10/2020,10:20,8.1,8.1,8.1,8.1, 668
02/10/2020,10:40,8.09,8.09,8.07,8.07, 1003
02/10/2020,10:40,8.07,8.07,8.07,8.07, 212
02/10/2020,10:44,8.06,8.06,8.06,8.06, 579
02/10/2020,11:13,8.04,8.04,8.02,8.04, 1627
02/10/2020,11:15,8.03,8.03,8.03,8.03, 39
02/10/2020,11:16,8.02,8.02,8.01,8.01, 1188
02/10/2020,11:24,8.01,8.01,8.01,8.01, 20
02/10/2020,11:30,8.03,8.03,8.03,8.03, 656
02/10/2020,11:48,8.05,8.05,8.05,8.05, 91
02/10/2020,11:48,8.04,8.04,8.04,8.04, 50
02/10/2020,12:01,8.05,8.05,8.05,8.05, 52
02/10/2020,12:04,8.05,8.05,8.05,8.05, 48
02/10/2020,12:08,8.06,8.06,8.04,8.04, 2027
02/10/2020,12:17,8.03,8.03,8.01,8.02, 3274
02/10/2020,12:18,8.01,8.05,8.01,8.05, 6062
02/10/2020,12:19,8.05,8.07,8.05,8.06, 1253
02/10/2020,12:22,8.07,8.07,8.07,8.07, 302
02/10/2020,12:30,8.08,8.08,8.08,8.08, 1
02/10/2020,12:42,8.08,8.08,8.08,8.08, 19
02/10/2020,12:50,8.08,8.08,8.08,8.08, 10
02/10/2020,13:06,8.05,8.05,8.05,8.05, 254
02/10/2020,14:00,8.02,8.02,8,8, 1627
02/10/2020,14:18,8.01,8.01,8.01,8.01, 150
02/10/2020,14:23,8,8,8,8, 294
02/10/2020,14:52,8,8,8,8, 115
02/10/2020,14:54,7.96,7.96,7.96,7.96, 2000
02/10/2020,15:06,7.98,7.98,7.98,7.98, 65
02/10/2020,15:14,7.98,7.98,7.98,7.98, 885
02/10/2020,15:30,7.95,7.97,7.95,7.97, 691
02/10/2020,15:51,7.97,7.97,7.97,7.97, 1039
02/10/2020,15:59,7.97,7.99,7.97,7.99, 420
02/10/2020,16:13,8,8,8,8, 164
02/10/2020,16:25,8,8,7.99,7.99, 580
02/10/2020,16:33,7.99,7.99,7.99,7.99, 530
02/10/2020,16:47,7.99,7.99,7.99,7.99, 1000
02/10/2020,16:56,7.98,7.98,7.98,7.98, 1060
02/10/2020,17:04,7.97,7.97,7.97,7.97, 189
02/10/2020,17:06,7.96,7.96,7.96,7.96, 54
02/10/2020,17:15,7.96,7.96,7.96,7.96, 628
02/10/2020,17:15,7.97,7.97,7.97,7.97, 14
02/10/2020,17:21,7.96,7.96,7.96,7.96, 1099
02/10/2020,17:23,7.97,7.97,7.97,7.97, 699
02/10/2020,17:24,7.98,7.98,7.97,7.97, 966
02/10/2020,17:27,7.96,7.96,7.96,7.96, 44
02/10/2020,17:29,7.96,7.96,7.96,7.96, 26
02/10/2020,17:30,7.97,7.97,7.95,7.95, 1943
02/10/2020,17:31,7.95,7.95,7.95,7.95, 1033
02/10/2020,17:36,7.96,7.96,7.96,7.96, 2911
02/11/2020,09:01,8,8,8,8, 250
02/11/2020,09:08,8.07,8.07,8.07,8.07, 1000
02/11/2020,09:10,8.09,8.09,8.09,8.09, 246
02/11/2020,09:11,8.08,8.08,8.06,8.06, 486
02/11/2020,09:13,8.05,8.07,8.05,8.07, 1706
02/11/2020,09:18,8.09,8.1,8.09,8.1, 1557
02/11/2020,09:20,8.1,8.1,8.09,8.09, 2448
02/11/2020,09:22,8.09,8.11,8.09,8.11, 846
02/11/2020,09:23,8.11,8.11,8.11,8.11, 331
02/11/2020,09:25,8.12,8.12,8.12,8.12, 3500
02/11/2020,09:36,8.16,8.16,8.16,8.16, 231
02/11/2020,09:40,8.16,8.16,8.15,8.16, 1536
02/11/2020,09:41,8.13,8.18,8.13,8.18, 4737
02/11/2020,09:41,8.18,8.18,8.18,8.18, 17
02/11/2020,09:45,8.17,8.17,8.17,8.17, 857
02/11/2020,09:49,8.16,8.16,8.16,8.16, 110
02/11/2020,10:01,8.15,8.15,8.14,8.14, 336
02/11/2020,10:05,8.12,8.12,8.12,8.12, 188
02/11/2020,10:06,8.1,8.1,8.1,8.1, 120
02/11/2020,10:12,8.12,8.12,8.12,8.12, 500
02/11/2020,10:22,8.13,8.14,8.13,8.14, 297
02/11/2020,11:01,8.15,8.16,8.15,8.16, 150
02/11/2020,11:03,8.17,8.17,8.17,8.17, 3
02/11/2020,11:10,8.16,8.16,8.16,8.16, 836
02/11/2020,11:18,8.16,8.16,8.16,8.16, 268
02/11/2020,11:18,8.17,8.17,8.17,8.17, 500
02/11/2020,11:21,8.15,8.15,8.15,8.15, 27
02/11/2020,11:33,8.17,8.17,8.15,8.15, 696
02/11/2020,11:37,8.17,8.17,8.17,8.17, 600
02/11/2020,11:41,8.15,8.18,8.15,8.18, 3062
02/11/2020,11:43,8.19,8.19,8.19,8.19, 69
02/11/2020,11:49,8.19,8.19,8.19,8.19, 521
02/11/2020,11:49,8.19,8.19,8.19,8.19, 6
02/11/2020,11:51,8.2,8.22,8.2,8.22, 11255
02/11/2020,11:55,8.23,8.23,8.23,8.23, 248
02/11/2020,11:58,8.23,8.23,8.23,8.23, 1440
02/11/2020,12:01,8.23,8.23,8.23,8.23, 223
02/11/2020,12:06,8.22,8.23,8.22,8.23, 2622
02/11/2020,12:09,8.24,8.25,8.24,8.25, 1107
02/11/2020,12:14,8.25,8.25,8.25,8.25, 2105
02/11/2020,12:15,8.25,8.25,8.25,8.25, 4088
02/11/2020,12:19,8.24,8.24,8.24,8.24, 425
02/11/2020,12:22,8.24,8.24,8.24,8.24, 722
02/11/2020,12:23,8.24,8.24,8.24,8.24, 350
02/11/2020,12:31,8.24,8.24,8.23,8.24, 848
02/11/2020,12:36,8.25,8.25,8.25,8.25, 1088
02/11/2020,12:44,8.25,8.25,8.25,8.25, 491
02/11/2020,12:47,8.25,8.25,8.25,8.25, 290
02/11/2020,12:48,8.25,8.25,8.25,8.25, 767
02/11/2020,12:48,8.25,8.25,8.25,8.25, 33
02/11/2020,12:53,8.25,8.25,8.25,8.25, 107
02/11/2020,12:57,8.25,8.25,8.24,8.25, 1342
02/11/2020,12:59,8.24,8.24,8.24,8.24, 1968
02/11/2020,13:03,8.25,8.25,8.25,8.25, 2
02/11/2020,13:05,8.23,8.23,8.21,8.21, 619
02/11/2020,13:15,8.21,8.21,8.21,8.21, 100
02/11/2020,13:24,8.21,8.21,8.19,8.19, 1733
02/11/2020,13:32,8.19,8.19,8.19,8.19, 247
02/11/2020,13:34,8.18,8.18,8.18,8.18, 13
02/11/2020,13:52,8.2,8.2,8.2,8.2, 512
02/11/2020,14:12,8.19,8.19,8.19,8.19, 123
02/11/2020,14:22,8.17,8.17,8.17,8.17, 1403
02/11/2020,14:25,8.16,8.16,8.16,8.16, 1014
02/11/2020,14:27,8.16,8.16,8.16,8.16, 69
02/11/2020,14:34,8.15,8.15,8.15,8.15, 129
02/11/2020,14:57,8.14,8.14,8.14,8.14, 300
02/11/2020,14:58,8.15,8.16,8.15,8.16, 1402
02/11/2020,15:07,8.17,8.17,8.17,8.17, 256
02/11/2020,15:11,8.18,8.18,8.17,8.18, 1031
02/11/2020,15:24,8.16,8.16,8.16,8.16, 124
02/11/2020,15:31,8.15,8.15,8.15,8.15, 164
02/11/2020,15:32,8.15,8.16,8.15,8.16, 1844
02/11/2020,15:32,8.15,8.15,8.15,8.15, 324
02/11/2020,15:37,8.13,8.13,8.13,8.13, 1
02/11/2020,15:41,8.14,8.14,8.14,8.14, 400
02/11/2020,16:02,8.13,8.14,8.13,8.14, 1316
02/11/2020,16:06,8.15,8.15,8.15,8.15, 229
02/11/2020,16:32,8.15,8.16,8.15,8.15, 3863
02/11/2020,16:34,8.16,8.16,8.16,8.16, 43
02/11/2020,16:38,8.16,8.16,8.15,8.16, 1542
02/11/2020,16:45,8.15,8.15,8.15,8.15, 500
02/11/2020,16:46,8.15,8.15,8.14,8.14, 2800
02/11/2020,16:46,8.16,8.18,8.16,8.18, 5978
02/11/2020,16:47,8.2,8.2,8.2,8.2, 400
02/11/2020,16:49,8.2,8.2,8.2,8.2, 210
02/11/2020,16:50,8.21,8.21,8.21,8.21, 13
02/11/2020,16:51,8.21,8.22,8.21,8.22, 643
02/11/2020,16:56,8.22,8.22,8.2,8.2, 3331
02/11/2020,16:59,8.22,8.22,8.22,8.22, 290
02/11/2020,17:02,8.23,8.23,8.23,8.23, 801
02/11/2020,17:05,8.23,8.23,8.22,8.23, 2190
02/11/2020,17:07,8.22,8.22,8.22,8.22, 650
02/11/2020,17:10,8.22,8.22,8.21,8.21, 1561
02/11/2020,17:11,8.23,8.23,8.23,8.23, 330
02/11/2020,17:18,8.23,8.23,8.23,8.23, 654
02/11/2020,17:23,8.23,8.23,8.23,8.23, 1441
02/11/2020,17:27,8.24,8.24,8.24,8.24, 1680
02/11/2020,17:29,8.23,8.23,8.22,8.22, 1313
02/11/2020,17:30,8.25,8.26,8.25,8.26, 3429
02/11/2020,17:30,8.23,8.23,8.23,8.23, 110
02/11/2020,17:32,8.23,8.23,8.23,8.23, 110
02/11/2020,17:36,8.26,8.26,8.26,8.26, 17281
02/12/2020,10:00,8.35,8.35,8.33,8.33, 11576
02/12/2020,10:01,8.34,8.34,8.34,8.34, 330
02/12/2020,10:02,8.33,8.33,8.31,8.31, 11714
02/12/2020,10:03,8.32,8.32,8.32,8.32, 550
02/12/2020,10:04,8.31,8.31,8.3,8.3, 942
02/12/2020,10:09,8.29,8.29,8.29,8.29, 900
02/12/2020,10:27,8.3,8.3,8.3,8.3, 1959
02/12/2020,10:41,8.3,8.3,8.3,8.3, 100
02/12/2020,10:42,8.33,8.33,8.33,8.33, 513
02/12/2020,10:58,8.33,8.33,8.33,8.33, 226
02/12/2020,11:00,8.34,8.35,8.34,8.34, 1158
02/12/2020,11:03,8.33,8.33,8.33,8.33, 68
02/12/2020,11:04,8.34,8.34,8.33,8.33, 1240
02/12/2020,11:05,8.33,8.33,8.33,8.33, 301
02/12/2020,11:07,8.33,8.33,8.33,8.33, 220
02/12/2020,11:15,8.34,8.34,8.34,8.34, 343
02/12/2020,11:17,8.33,8.33,8.33,8.33, 440
02/12/2020,11:29,8.33,8.34,8.33,8.34, 495
02/12/2020,11:51,8.32,8.32,8.32,8.32, 25
02/12/2020,11:59,8.34,8.34,8.34,8.34, 100
02/12/2020,12:02,8.33,8.33,8.32,8.32, 1231
02/12/2020,12:03,8.32,8.32,8.32,8.32, 175
02/12/2020,12:04,8.33,8.33,8.33,8.33, 28
02/12/2020,12:27,8.34,8.34,8.33,8.33, 1010
02/12/2020,12:38,8.33,8.33,8.33,8.33, 21
02/12/2020,12:43,8.34,8.35,8.34,8.34, 2099
02/12/2020,12:44,8.33,8.33,8.33,8.33, 1726
02/12/2020,12:59,8.32,8.32,8.32,8.32, 246
02/12/2020,13:03,8.3,8.3,8.3,8.3, 769
02/12/2020,13:29,8.31,8.31,8.31,8.31, 273
02/12/2020,13:39,8.32,8.32,8.32,8.32, 12
02/12/2020,14:23,8.31,8.31,8.31,8.31, 29
02/12/2020,14:24,8.32,8.32,8.32,8.32, 175
02/12/2020,14:29,8.31,8.32,8.3,8.32, 637
02/12/2020,14:33,8.33,8.33,8.33,8.33, 100
02/12/2020,14:34,8.33,8.33,8.32,8.32, 618
02/12/2020,14:42,8.33,8.35,8.33,8.35, 17000
02/12/2020,14:43,8.33,8.34,8.33,8.34, 4106
02/12/2020,14:48,8.34,8.34,8.34,8.34, 1293
02/12/2020,14:56,8.34,8.36,8.34,8.35, 18318
02/12/2020,14:57,8.36,8.36,8.36,8.36, 1238
02/12/2020,15:03,8.36,8.37,8.36,8.37, 500
02/12/2020,15:04,8.37,8.37,8.37,8.37, 1972
02/12/2020,15:05,8.38,8.39,8.38,8.39, 1438
02/12/2020,15:07,8.39,8.4,8.39,8.4, 676
02/12/2020,15:08,8.38,8.38,8.37,8.37, 500
02/12/2020,15:20,8.37,8.37,8.37,8.37, 461
02/12/2020,15:21,8.37,8.37,8.37,8.37, 8
02/12/2020,15:35,8.37,8.37,8.36,8.37, 3041
02/12/2020,15:36,8.36,8.36,8.36,8.36, 459
02/12/2020,15:38,8.35,8.35,8.35,8.35, 40
02/12/2020,15:48,8.34,8.34,8.33,8.34, 800
02/12/2020,16:01,8.34,8.34,8.31,8.31, 4425
02/12/2020,16:03,8.3,8.3,8.29,8.3, 1734
02/12/2020,16:21,8.29,8.29,8.29,8.29, 995
02/12/2020,16:31,8.28,8.28,8.28,8.28, 544
02/12/2020,16:32,8.28,8.28,8.28,8.28, 137
02/12/2020,16:46,8.28,8.28,8.28,8.28, 218
02/12/2020,16:56,8.28,8.28,8.28,8.28, 398
02/12/2020,17:02,8.27,8.27,8.27,8.27, 766
02/12/2020,17:06,8.28,8.28,8.28,8.28, 819
02/12/2020,17:08,8.29,8.29,8.29,8.29, 15
02/12/2020,17:12,8.28,8.28,8.27,8.27, 952
02/12/2020,17:19,8.28,8.28,8.28,8.28, 200
02/12/2020,17:21,8.28,8.28,8.28,8.28, 948
02/12/2020,17:23,8.28,8.28,8.28,8.28, 3478
02/12/2020,17:27,8.27,8.27,8.26,8.26, 1198
02/12/2020,17:28,8.26,8.26,8.26,8.26, 382
02/12/2020,17:30,8.25,8.25,8.23,8.24, 2590
02/12/2020,17:36,8.26,8.26,8.26,8.26, 11975
02/13/2020,09:10,8.23,8.23,8.23,8.23, 224
02/13/2020,09:20,8.22,8.23,8.22,8.23, 907
02/13/2020,09:30,8.22,8.22,8.17,8.18, 4411
02/13/2020,09:46,8.18,8.18,8.15,8.15, 656
02/13/2020,09:52,8.16,8.17,8.14,8.17, 314
02/13/2020,09:59,8.16,8.16,8.14,8.14, 1940
02/13/2020,10:01,8.14,8.14,8.14,8.14, 236
02/13/2020,10:02,8.15,8.15,8.14,8.14, 677
02/13/2020,10:07,8.15,8.15,8.15,8.15, 460
02/13/2020,10:10,8.15,8.15,8.15,8.15, 275
02/13/2020,10:18,8.17,8.17,8.17,8.17, 400
02/13/2020,10:18,8.16,8.16,8.14,8.14, 296
02/13/2020,10:22,8.15,8.15,8.15,8.15, 15
02/13/2020,10:23,8.16,8.18,8.16,8.17, 3698
02/13/2020,10:33,8.17,8.17,8.14,8.15, 7746
02/13/2020,10:34,8.16,8.16,8.16,8.16, 510
02/13/2020,10:38,8.18,8.18,8.18,8.18, 900
02/13/2020,10:55,8.18,8.18,8.17,8.17, 1070
02/13/2020,11:02,8.18,8.18,8.17,8.17, 344
02/13/2020,11:06,8.14,8.15,8.14,8.14, 264
02/13/2020,11:09,8.14,8.15,8.14,8.15, 2094
02/13/2020,11:11,8.12,8.12,8.11,8.11, 1386
02/13/2020,11:12,8.1,8.1,8.09,8.09, 2559
02/13/2020,11:13,8.09,8.1,8.09,8.1, 1717
02/13/2020,11:21,8.13,8.13,8.13,8.13, 227
02/13/2020,11:33,8.14,8.16,8.13,8.16, 1850
02/13/2020,11:35,8.16,8.18,8.16,8.16, 2257
02/13/2020,11:36,8.16,8.16,8.15,8.16, 814
02/13/2020,11:38,8.15,8.15,8.15,8.15, 325
02/13/2020,11:39,8.14,8.14,8.14,8.14, 325
02/13/2020,11:46,8.14,8.14,8.14,8.14, 85
02/13/2020,11:50,8.15,8.15,8.15,8.15, 300
02/13/2020,12:17,8.15,8.15,8.12,8.12, 2062
02/13/2020,12:41,8.13,8.22,8.13,8.21, 20756
02/13/2020,12:42,8.22,8.23,8.22,8.23, 466
02/13/2020,12:43,8.23,8.23,8.23,8.23, 257
02/13/2020,12:45,8.25,8.25,8.23,8.23, 1098
02/13/2020,12:47,8.24,8.24,8.24,8.24, 342
02/13/2020,12:48,8.26,8.26,8.26,8.26, 250
02/13/2020,12:49,8.26,8.26,8.26,8.26, 16
02/13/2020,12:52,8.25,8.25,8.25,8.25, 1000
02/13/2020,13:00,8.26,8.26,8.26,8.26, 30
02/13/2020,13:03,8.28,8.28,8.28,8.28, 468
02/13/2020,13:07,8.29,8.31,8.29,8.31, 1374
02/13/2020,13:13,8.33,8.33,8.33,8.33, 1238
02/13/2020,13:14,8.35,8.35,8.35,8.35, 1171
02/13/2020,13:16,8.34,8.34,8.34,8.34, 782
02/13/2020,13:19,8.35,8.35,8.35,8.35, 300
02/13/2020,13:26,8.36,8.36,8.36,8.36, 360
02/13/2020,13:33,8.36,8.36,8.36,8.36, 547
02/13/2020,13:34,8.37,8.37,8.37,8.37, 209
02/13/2020,13:38,8.35,8.35,8.34,8.34, 1422
02/13/2020,13:40,8.34,8.34,8.34,8.34, 450
02/13/2020,13:45,8.33,8.33,8.32,8.32, 4585
02/13/2020,13:46,8.31,8.31,8.3,8.3, 140
02/13/2020,13:52,8.31,8.31,8.31,8.31, 100
02/13/2020,13:57,8.31,8.31,8.31,8.31, 797
02/13/2020,13:58,8.33,8.33,8.33,8.33, 665
02/13/2020,13:59,8.36,8.36,8.36,8.36, 1238
02/13/2020,14:04,8.38,8.38,8.38,8.38, 1390
02/13/2020,14:09,8.39,8.39,8.39,8.39, 348
02/13/2020,14:10,8.39,8.39,8.39,8.39, 366
02/13/2020,14:12,8.4,8.4,8.4,8.4, 2851
02/13/2020,14:15,8.39,8.39,8.39,8.39, 349
02/13/2020,14:24,8.4,8.4,8.39,8.4, 1532
02/13/2020,14:26,8.41,8.41,8.39,8.39, 1180
02/13/2020,14:27,8.39,8.39,8.39,8.39, 268
02/13/2020,14:29,8.4,8.4,8.4,8.4, 1500
02/13/2020,14:39,8.39,8.41,8.39,8.41, 521
02/13/2020,14:43,8.39,8.39,8.39,8.39, 115
02/13/2020,14:49,8.38,8.38,8.37,8.37, 1806
02/13/2020,14:50,8.37,8.37,8.37,8.37, 48
02/13/2020,14:53,8.37,8.37,8.37,8.37, 614
02/13/2020,14:54,8.36,8.36,8.36,8.36, 533
02/13/2020,14:54,8.35,8.35,8.34,8.35, 1304
02/13/2020,15:07,8.35,8.35,8.34,8.34, 610
02/13/2020,15:24,8.36,8.36,8.36,8.36, 1971
02/13/2020,15:25,8.36,8.36,8.36,8.36, 27
02/13/2020,15:26,8.37,8.37,8.37,8.37, 100
02/13/2020,15:27,8.36,8.36,8.35,8.36, 6145
02/13/2020,15:35,8.35,8.35,8.35,8.35, 500
02/13/2020,15:45,8.37,8.38,8.37,8.38, 31211
02/13/2020,15:48,8.4,8.42,8.39,8.4, 4094
02/13/2020,15:53,8.38,8.38,8.38,8.38, 656
02/13/2020,15:55,8.39,8.39,8.39,8.39, 360
02/13/2020,15:59,8.36,8.36,8.36,8.36, 206
02/13/2020,16:02,8.34,8.37,8.34,8.34, 3120
02/13/2020,16:03,8.33,8.33,8.33,8.33, 1440
02/13/2020,16:08,8.34,8.34,8.34,8.34, 1113
02/13/2020,16:13,8.36,8.36,8.35,8.35, 2825
02/13/2020,16:18,8.38,8.38,8.37,8.37, 793
02/13/2020,16:24,8.38,8.38,8.38,8.38, 109
02/13/2020,16:27,8.39,8.39,8.39,8.39, 307
02/13/2020,16:34,8.38,8.38,8.37,8.37, 7732
02/13/2020,16:37,8.36,8.36,8.33,8.33, 4932
02/13/2020,16:39,8.34,8.34,8.33,8.33, 1844
02/13/2020,16:40,8.34,8.35,8.31,8.31, 3649
02/13/2020,16:41,8.32,8.32,8.28,8.28, 6518
02/13/2020,16:42,8.29,8.29,8.25,8.29, 4823
02/13/2020,16:45,8.3,8.3,8.3,8.3, 1270
02/13/2020,16:51,8.31,8.31,8.31,8.31, 556
02/13/2020,16:55,8.33,8.33,8.33,8.33, 54
02/13/2020,16:57,8.32,8.32,8.32,8.32, 21
02/13/2020,16:58,8.33,8.33,8.33,8.33, 400
02/13/2020,17:13,8.33,8.33,8.33,8.33, 370
02/13/2020,17:15,8.33,8.33,8.33,8.33, 1190
02/13/2020,17:25,8.33,8.33,8.33,8.33, 276
02/13/2020,17:26,8.33,8.33,8.33,8.33, 413
02/13/2020,17:29,8.34,8.34,8.34,8.34, 7
02/13/2020,17:30,8.34,8.34,8.31,8.31, 907
02/13/2020,17:30,8.33,8.33,8.33,8.33, 3
02/13/2020,17:31,8.33,8.33,8.33,8.33, 3
02/13/2020,17:36,8.37,8.37,8.37,8.37, 13348
02/14/2020,09:01,8.34,8.34,8.34,8.34, 75
02/14/2020,09:01,8.34,8.34,8.34,8.34, 205
02/14/2020,09:07,8.38,8.38,8.38,8.38, 306
02/14/2020,09:11,8.37,8.37,8.37,8.37, 1054
02/14/2020,09:16,8.38,8.4,8.38,8.4, 1429
02/14/2020,09:37,8.39,8.39,8.39,8.39, 327
02/14/2020,09:40,8.39,8.39,8.39,8.39, 370
02/14/2020,09:47,8.39,8.39,8.38,8.39, 1325
02/14/2020,09:51,8.39,8.4,8.39,8.4, 1320
02/14/2020,09:55,8.4,8.4,8.4,8.4, 86
02/14/2020,10:01,8.4,8.4,8.4,8.4, 386
02/14/2020,10:05,8.39,8.39,8.36,8.36, 2588
02/14/2020,10:12,8.36,8.36,8.35,8.36, 3006
02/14/2020,10:22,8.39,8.4,8.39,8.4, 1941
02/14/2020,10:30,8.4,8.4,8.4,8.4, 50
02/14/2020,10:30,8.4,8.4,8.4,8.4, 743
02/14/2020,10:32,8.41,8.41,8.41,8.41, 191
02/14/2020,10:33,8.4,8.4,8.35,8.35, 8719
02/14/2020,10:33,8.36,8.36,8.36,8.36, 35
02/14/2020,10:35,8.38,8.39,8.38,8.39, 213
02/14/2020,10:36,8.39,8.39,8.38,8.38, 860
02/14/2020,10:37,8.41,8.41,8.41,8.41, 7510
02/14/2020,10:41,8.41,8.41,8.41,8.41, 603
02/14/2020,10:45,8.41,8.43,8.41,8.43, 600
02/14/2020,10:55,8.42,8.42,8.42,8.42, 400
02/14/2020,10:57,8.41,8.41,8.41,8.41, 217
02/14/2020,11:06,8.42,8.42,8.42,8.42, 594
02/14/2020,11:12,8.42,8.42,8.42,8.42, 100
02/14/2020,11:15,8.42,8.42,8.42,8.42, 470
02/14/2020,11:21,8.43,8.43,8.42,8.42, 2253
02/14/2020,11:25,8.42,8.42,8.4,8.41, 3103
02/14/2020,11:26,8.4,8.4,8.4,8.4, 508
02/14/2020,11:30,8.39,8.39,8.39,8.39, 544
02/14/2020,11:36,8.39,8.39,8.39,8.39, 200
02/14/2020,11:50,8.4,8.41,8.4,8.41, 3933
02/14/2020,11:54,8.4,8.4,8.4,8.4, 369
02/14/2020,12:06,8.39,8.39,8.39,8.39, 124
02/14/2020,12:06,8.39,8.39,8.39,8.39, 131
02/14/2020,12:10,8.4,8.4,8.4,8.4, 1000
02/14/2020,12:20,8.39,8.39,8.39,8.39, 37
02/14/2020,12:31,8.4,8.4,8.4,8.4, 1262
02/14/2020,12:39,8.4,8.4,8.4,8.4, 289
02/14/2020,12:44,8.39,8.39,8.39,8.39, 372
02/14/2020,12:49,8.4,8.4,8.4,8.4, 2000
02/14/2020,13:03,8.38,8.39,8.38,8.39, 232
02/14/2020,13:06,8.39,8.39,8.39,8.39, 129
02/14/2020,13:19,8.38,8.38,8.38,8.38, 210
02/14/2020,13:20,8.38,8.38,8.38,8.38, 63
02/14/2020,13:28,8.36,8.36,8.35,8.35, 1953
02/14/2020,13:36,8.4,8.4,8.4,8.4, 550
02/14/2020,13:43,8.37,8.37,8.37,8.37, 350
02/14/2020,13:46,8.36,8.36,8.36,8.36, 300
02/14/2020,14:22,8.39,8.39,8.39,8.39, 258
02/14/2020,14:31,8.37,8.38,8.36,8.37, 1294
02/14/2020,14:37,8.36,8.36,8.36,8.36, 353
02/14/2020,14:38,8.35,8.35,8.35,8.35, 561
02/14/2020,14:39,8.34,8.34,8.34,8.34, 1565
02/14/2020,14:40,8.33,8.33,8.33,8.33, 320
02/14/2020,14:41,8.32,8.32,8.32,8.32, 94
02/14/2020,14:42,8.31,8.31,8.31,8.31, 100
02/14/2020,14:54,8.32,8.32,8.32,8.32, 255
02/14/2020,15:23,8.31,8.31,8.3,8.3, 481
02/14/2020,15:28,8.29,8.29,8.29,8.29, 197
02/14/2020,15:37,8.28,8.28,8.28,8.28, 254
02/14/2020,15:43,8.28,8.28,8.27,8.27, 1731
02/14/2020,15:43,8.25,8.25,8.25,8.25, 113
02/14/2020,15:59,8.23,8.24,8.23,8.23, 361
02/14/2020,16:01,8.24,8.26,8.24,8.25, 452
02/14/2020,16:03,8.25,8.25,8.25,8.25, 350
02/14/2020,16:23,8.26,8.26,8.26,8.26, 133
02/14/2020,16:25,8.26,8.27,8.26,8.26, 414
02/14/2020,16:29,8.26,8.26,8.26,8.26, 150
02/14/2020,16:33,8.24,8.24,8.24,8.24, 4748
02/14/2020,16:38,8.24,8.24,8.24,8.24, 2906
02/14/2020,16:39,8.25,8.25,8.25,8.25, 1049
02/14/2020,16:39,8.25,8.25,8.25,8.25, 429
02/14/2020,16:43,8.26,8.28,8.26,8.27, 3377
02/14/2020,16:49,8.29,8.29,8.29,8.29, 337
02/14/2020,17:10,8.28,8.28,8.28,8.28, 640
02/14/2020,17:22,8.26,8.26,8.25,8.26, 344
02/14/2020,17:25,8.25,8.25,8.24,8.24, 267
02/14/2020,17:29,8.26,8.26,8.26,8.26, 87
02/14/2020,17:30,8.26,8.27,8.25,8.25, 1770
02/14/2020,17:31,8.25,8.25,8.25,8.25, 301
02/14/2020,17:36,8.2,8.2,8.2,8.2, 34508
02/17/2020,09:01,8.25,8.25,8.2,8.2, 111
02/17/2020,09:03,8.26,8.32,8.26,8.32, 3159
02/17/2020,09:08,8.37,8.37,8.37,8.37, 20
02/17/2020,09:09,8.38,8.38,8.35,8.36, 3901
02/17/2020,09:12,8.36,8.38,8.34,8.34, 1960
02/17/2020,09:13,8.32,8.37,8.32,8.37, 15012
02/17/2020,09:14,8.39,8.42,8.38,8.42, 3519
02/17/2020,09:15,8.43,8.43,8.38,8.39, 19191
02/17/2020,09:16,8.39,8.39,8.36,8.36, 2773
02/17/2020,09:17,8.34,8.35,8.32,8.33, 19514
02/17/2020,09:18,8.36,8.37,8.36,8.37, 440
02/17/2020,09:19,8.38,8.4,8.37,8.4, 19657
02/17/2020,09:20,8.41,8.41,8.38,8.38, 8404
02/17/2020,09:21,8.38,8.4,8.38,8.39, 3123
02/17/2020,09:26,8.42,8.42,8.4,8.4, 2702
02/17/2020,09:29,8.38,8.38,8.38,8.38, 152
02/17/2020,09:30,8.38,8.38,8.38,8.38, 88
02/17/2020,09:31,8.38,8.38,8.38,8.38, 23
02/17/2020,09:38,8.38,8.38,8.38,8.38, 105
02/17/2020,09:39,8.36,8.36,8.36,8.36, 838
02/17/2020,09:42,8.34,8.34,8.34,8.34, 850
02/17/2020,09:46,8.36,8.36,8.36,8.36, 848
02/17/2020,09:47,8.35,8.35,8.31,8.31, 7921
02/17/2020,09:48,8.3,8.31,8.29,8.31, 5682
02/17/2020,09:49,8.32,8.32,8.32,8.32, 400
02/17/2020,09:54,8.34,8.34,8.34,8.34, 2
02/17/2020,09:59,8.34,8.34,8.3,8.3, 11763
02/17/2020,10:00,8.29,8.3,8.29,8.29, 2462
02/17/2020,10:02,8.28,8.28,8.28,8.28, 3422
02/17/2020,10:06,8.27,8.27,8.25,8.26, 2672
02/17/2020,10:08,8.25,8.25,8.25,8.25, 83
02/17/2020,10:09,8.24,8.24,8.24,8.24, 229
02/17/2020,10:13,8.25,8.25,8.25,8.25, 52
02/17/2020,10:15,8.27,8.27,8.27,8.27, 100
02/17/2020,10:16,8.25,8.25,8.24,8.24, 788
02/17/2020,10:17,8.22,8.22,8.21,8.21, 18834
02/17/2020,10:18,8.23,8.31,8.23,8.31, 8360
02/17/2020,10:19,8.31,8.31,8.3,8.3, 864
02/17/2020,10:20,8.32,8.34,8.3,8.3, 22631
02/17/2020,10:22,8.3,8.3,8.3,8.3, 1583
02/17/2020,10:43,8.3,8.3,8.29,8.29, 1046
02/17/2020,10:44,8.29,8.3,8.29,8.3, 256
02/17/2020,10:45,8.28,8.32,8.27,8.3, 18279
02/17/2020,10:46,8.3,8.32,8.29,8.32, 600
02/17/2020,10:47,8.34,8.35,8.34,8.35, 1085
02/17/2020,10:48,8.37,8.38,8.37,8.37, 25396
02/17/2020,10:49,8.37,8.37,8.35,8.35, 4709
02/17/2020,10:52,8.36,8.38,8.36,8.38, 1100
02/17/2020,11:11,8.37,8.37,8.36,8.36, 813
02/17/2020,11:22,8.37,8.37,8.37,8.37, 30
02/17/2020,11:23,8.35,8.35,8.35,8.35, 475
02/17/2020,11:25,8.34,8.34,8.34,8.34, 875
02/17/2020,11:33,8.33,8.33,8.32,8.32, 375
02/17/2020,11:34,8.31,8.31,8.29,8.3, 2662
02/17/2020,11:35,8.3,8.31,8.28,8.29, 18288
02/17/2020,11:36,8.3,8.32,8.3,8.32, 4129
02/17/2020,11:37,8.33,8.33,8.31,8.31, 4895
02/17/2020,11:38,8.32,8.33,8.32,8.33, 700
02/17/2020,11:39,8.32,8.32,8.31,8.31, 1004
02/17/2020,11:40,8.31,8.32,8.31,8.32, 3000
02/17/2020,11:41,8.32,8.33,8.32,8.33, 6526
02/17/2020,11:42,8.33,8.33,8.33,8.33, 17190
02/17/2020,11:43,8.33,8.34,8.3,8.33, 13631
02/17/2020,11:44,8.33,8.33,8.29,8.29, 5315
02/17/2020,11:45,8.29,8.29,8.28,8.29, 300
02/17/2020,11:46,8.3,8.31,8.27,8.27, 10026
02/17/2020,11:50,8.26,8.26,8.26,8.26, 105
02/17/2020,11:51,8.24,8.24,8.24,8.24, 3
02/17/2020,11:58,8.25,8.25,8.25,8.25, 250
02/17/2020,12:08,8.25,8.25,8.25,8.25, 12
02/17/2020,12:13,8.25,8.25,8.25,8.25, 3519
02/17/2020,12:14,8.23,8.23,8.23,8.23, 400
02/17/2020,12:20,8.23,8.23,8.2,8.2, 17776
02/17/2020,12:21,8.21,8.23,8.21,8.23, 1804
02/17/2020,12:22,8.25,8.25,8.24,8.25, 2546
02/17/2020,12:23,8.26,8.26,8.25,8.26, 2348
02/17/2020,12:24,8.26,8.28,8.26,8.28, 23301
02/17/2020,12:25,8.28,8.28,8.25,8.28, 8195
02/17/2020,12:26,8.26,8.26,8.26,8.26, 725
02/17/2020,12:27,8.25,8.25,8.25,8.25, 121
02/17/2020,12:34,8.23,8.23,8.23,8.23, 568
02/17/2020,12:35,8.24,8.25,8.24,8.25, 1654
02/17/2020,12:37,8.24,8.24,8.24,8.24, 78
02/17/2020,12:41,8.25,8.25,8.25,8.25, 60
02/17/2020,12:43,8.24,8.24,8.24,8.24, 165
02/17/2020,12:46,8.23,8.23,8.23,8.23, 206
02/17/2020,12:50,8.22,8.22,8.22,8.22, 90
02/17/2020,12:52,8.21,8.21,8.21,8.21, 46
02/17/2020,13:04,8.22,8.22,8.22,8.22, 240
02/17/2020,13:05,8.23,8.23,8.23,8.23, 365
02/17/2020,13:25,8.22,8.22,8.21,8.21, 3201
02/17/2020,13:37,8.2,8.2,8.2,8.2, 2413
02/17/2020,13:41,8.18,8.18,8.18,8.18, 1938
02/17/2020,13:59,8.17,8.17,8.17,8.17, 700
02/17/2020,14:02,8.15,8.15,8.15,8.15, 45
02/17/2020,14:03,8.17,8.17,8.17,8.17, 300
02/17/2020,14:08,8.16,8.16,8.16,8.16, 1523
02/17/2020,14:35,8.17,8.17,8.17,8.17, 744
02/17/2020,14:36,8.16,8.16,8.16,8.16, 400
02/17/2020,14:37,8.17,8.17,8.17,8.17, 78
02/17/2020,14:38,8.17,8.17,8.16,8.16, 5010
02/17/2020,15:01,8.17,8.17,8.17,8.17, 106
02/17/2020,15:06,8.19,8.19,8.19,8.19, 500
02/17/2020,15:09,8.18,8.18,8.17,8.17, 1631
02/17/2020,15:26,8.18,8.18,8.18,8.18, 483
02/17/2020,15:37,8.19,8.19,8.19,8.19, 24
02/17/2020,16:00,8.19,8.19,8.19,8.19, 50
02/17/2020,16:07,8.17,8.17,8.16,8.16, 1566
02/17/2020,16:17,8.17,8.17,8.17,8.17, 88
02/17/2020,16:22,8.18,8.18,8.18,8.18, 750
02/17/2020,16:24,8.19,8.19,8.17,8.17, 480
02/17/2020,16:41,8.18,8.18,8.18,8.18, 989
02/17/2020,16:46,8.2,8.21,8.2,8.21, 405
02/17/2020,16:54,8.21,8.23,8.21,8.22, 2602
02/17/2020,17:07,8.22,8.22,8.21,8.21, 238
02/17/2020,17:08,8.21,8.21,8.21,8.21, 63
02/17/2020,17:13,8.22,8.22,8.2,8.2, 993
02/17/2020,17:18,8.2,8.2,8.2,8.2, 19
02/17/2020,17:21,8.2,8.2,8.2,8.2, 28
02/17/2020,17:26,8.21,8.21,8.2,8.2, 685
02/17/2020,17:27,8.21,8.23,8.21,8.23, 2000
02/17/2020,17:29,8.22,8.22,8.21,8.21, 1574
02/17/2020,17:30,8.22,8.22,8.17,8.2, 3651
02/17/2020,17:32,8.2,8.2,8.2,8.2, 62
02/17/2020,17:36,8.19,8.19,8.19,8.19, 9763
02/18/2020,09:01,8.15,8.15,8.15,8.15, 1220
02/18/2020,09:04,8.09,8.12,8.09,8.12, 3420
02/18/2020,09:06,8.14,8.14,8.09,8.09, 1365
02/18/2020,09:07,8.07,8.08,8.07,8.08, 1937
02/18/2020,09:08,8.11,8.11,8.11,8.11, 133
02/18/2020,09:09,8.11,8.11,8.1,8.1, 1000
02/18/2020,09:10,8.1,8.1,8.07,8.07, 900
02/18/2020,09:12,8.08,8.11,8.08,8.11, 8691
02/18/2020,09:13,8.12,8.14,8.12,8.14, 2488
02/18/2020,09:14,8.15,8.16,8.15,8.16, 5000
02/18/2020,09:15,8.15,8.15,8.12,8.12, 4007
02/18/2020,09:16,8.12,8.15,8.12,8.12, 1200
02/18/2020,09:17,8.11,8.16,8.11,8.16, 8504
02/18/2020,09:18,8.15,8.15,8.14,8.14, 3297
02/18/2020,09:19,8.13,8.14,8.12,8.12, 1553
02/18/2020,09:20,8.11,8.18,8.11,8.17, 16712
02/18/2020,09:21,8.16,8.16,8.14,8.14, 1500
02/18/2020,09:23,8.14,8.14,8.14,8.14, 295
02/18/2020,09:24,8.13,8.13,8.12,8.12, 674
02/18/2020,09:25,8.12,8.12,8.12,8.12, 352
02/18/2020,09:28,8.11,8.11,8.09,8.09, 2028
02/18/2020,09:29,8.08,8.08,8.04,8.05, 8856
02/18/2020,09:32,8.07,8.07,8.07,8.07, 635
02/18/2020,09:33,8.08,8.08,8.06,8.07, 202
02/18/2020,09:34,8.06,8.06,8.05,8.05, 5000
02/18/2020,09:36,8.05,8.05,8.02,8.03, 2381
02/18/2020,09:48,8.04,8.04,8.04,8.04, 829
02/18/2020,09:49,8.04,8.04,8.04,8.04, 250
02/18/2020,09:53,8.05,8.05,8.05,8.05, 331
02/18/2020,09:54,8.05,8.05,8.05,8.05, 68
02/18/2020,09:59,8.07,8.08,8.07,8.08, 150
02/18/2020,10:01,8.05,8.05,8.04,8.05, 1868
02/18/2020,10:02,8.03,8.03,8.03,8.03, 330
02/18/2020,10:03,8.02,8.05,8.01,8.05, 17145
02/18/2020,10:04,8.06,8.09,8.06,8.09, 2049
02/18/2020,10:05,8.08,8.11,8.08,8.11, 3375
02/18/2020,10:06,8.1,8.14,8.1,8.14, 21505
02/18/2020,10:07,8.12,8.12,8.11,8.11, 3054
02/18/2020,10:11,8.1,8.1,8.1,8.1, 1717
02/18/2020,10:19,8.09,8.1,8.09,8.1, 425
02/18/2020,10:21,8.12,8.12,8.12,8.12, 101
02/18/2020,10:40,8.14,8.14,8.14,8.14, 666
02/18/2020,10:49,8.15,8.15,8.15,8.15, 278
02/18/2020,11:00,8.16,8.17,8.16,8.17, 408
02/18/2020,11:07,8.18,8.18,8.18,8.18, 8
02/18/2020,11:26,8.19,8.21,8.19,8.21, 1270
02/18/2020,11:35,8.21,8.22,8.21,8.22, 613
02/18/2020,11:36,8.23,8.24,8.23,8.24, 500
02/18/2020,11:41,8.24,8.24,8.22,8.22, 2056
02/18/2020,11:50,8.19,8.19,8.19,8.19, 1125
02/18/2020,12:04,8.18,8.18,8.18,8.18, 12
02/18/2020,12:05,8.17,8.17,8.17,8.17, 53
02/18/2020,12:06,8.17,8.17,8.16,8.16, 221
02/18/2020,12:08,8.16,8.16,8.16,8.16, 779
02/18/2020,12:34,8.14,8.14,8.14,8.14, 19
02/18/2020,12:38,8.14,8.14,8.14,8.14, 139
02/18/2020,12:46,8.15,8.15,8.15,8.15, 215
02/18/2020,13:14,8.13,8.15,8.11,8.15, 3246
02/18/2020,13:17,8.14,8.14,8.14,8.14, 18
02/18/2020,13:23,8.11,8.11,8.08,8.1, 404
02/18/2020,13:24,8.09,8.09,8.09,8.09, 30
02/18/2020,13:44,8.11,8.12,8.11,8.12, 496
02/18/2020,14:07,8.13,8.13,8.13,8.13, 408
02/18/2020,14:28,8.13,8.14,8.13,8.14, 70
02/18/2020,14:36,8.14,8.14,8.14,8.14, 299
02/18/2020,14:55,8.14,8.14,8.14,8.14, 2000
02/18/2020,15:01,8.15,8.17,8.15,8.17, 671
02/18/2020,15:02,8.18,8.18,8.18,8.18, 27
02/18/2020,15:28,8.19,8.19,8.19,8.19, 135
02/18/2020,15:31,8.18,8.18,8.18,8.18, 895
02/18/2020,15:32,8.19,8.19,8.19,8.19, 39
02/18/2020,15:43,8.22,8.22,8.22,8.22, 207
02/18/2020,16:01,8.21,8.21,8.21,8.21, 68
02/18/2020,16:05,8.2,8.2,8.19,8.19, 2090
02/18/2020,16:17,8.17,8.17,8.16,8.16, 635
02/18/2020,16:22,8.17,8.17,8.17,8.17, 412
02/18/2020,16:26,8.18,8.18,8.18,8.18, 305
02/18/2020,16:30,8.19,8.19,8.17,8.17, 606
02/18/2020,16:55,8.15,8.15,8.15,8.15, 589
02/18/2020,16:58,8.15,8.15,8.15,8.15, 40
02/18/2020,17:02,8.16,8.16,8.14,8.14, 1000
02/18/2020,17:13,8.14,8.14,8.14,8.14, 156
02/18/2020,17:19,8.14,8.14,8.14,8.14, 30
02/18/2020,17:22,8.14,8.14,8.14,8.14, 41
02/18/2020,17:26,8.15,8.15,8.15,8.15, 414
02/18/2020,17:30,8.13,8.13,8.1,8.1, 1643
02/18/2020,17:30,8.1,8.11,8.1,8.1, 1176
02/18/2020,17:31,8.1,8.1,8.1,8.1, 196
02/18/2020,17:36,8.11,8.11,8.11,8.11, 3766
02/19/2020,09:04,7.48,7.48,7.33,7.35, 62238
02/19/2020,09:05,7.31,7.33,7.23,7.23, 22716
02/19/2020,09:06,7.26,7.29,7.11,7.11, 18420
02/19/2020,09:08,7.06,7.11,7.05,7.07, 24140
02/19/2020,09:09,7.08,7.08,6.95,6.97, 30969
02/19/2020,09:10,6.98,6.98,6.94,6.98, 5530
02/19/2020,09:11,7,7.03,6.98,7, 17329
02/19/2020,09:12,7.01,7.03,6.98,6.99, 9360
02/19/2020,09:13,6.98,7.01,6.97,7, 7021
02/19/2020,09:14,6.97,7,6.97,6.97, 7825
02/19/2020,09:15,7.01,7.06,7,7, 5051
02/19/2020,09:16,7.01,7.04,7.01,7.04, 1458
02/19/2020,09:17,7.03,7.12,7.03,7.09, 16956
02/19/2020,09:18,7.11,7.14,7.11,7.11, 7609
02/19/2020,09:19,7.13,7.15,7,7, 14529
02/19/2020,09:20,7.02,7.04,6.99,6.99, 21430
02/19/2020,09:21,7.01,7.02,7,7, 5698
02/19/2020,09:22,6.99,7,6.99,7, 4136
02/19/2020,09:23,7.02,7.02,6.95,6.97, 13511
02/19/2020,09:24,6.97,7.04,6.97,7.04, 5607
02/19/2020,09:25,7.06,7.07,7.04,7.06, 9627
02/19/2020,09:26,7.05,7.05,6.98,7.01, 31290
02/19/2020,09:27,7.01,7.04,7,7.04, 7413
02/19/2020,09:28,7.03,7.05,7.03,7.04, 2766
02/19/2020,09:29,7.03,7.09,7.03,7.06, 14485
02/19/2020,09:30,7.06,7.06,7.06,7.06, 1000
02/19/2020,09:31,7.08,7.12,7.08,7.12, 15728
02/19/2020,09:32,7.13,7.17,7.13,7.15, 12964
02/19/2020,09:33,7.14,7.18,7.13,7.18, 2858
02/19/2020,09:34,7.19,7.2,7.12,7.12, 3359
02/19/2020,09:35,7.12,7.13,7.12,7.13, 2660
02/19/2020,09:36,7.14,7.14,7.14,7.14, 173
02/19/2020,09:37,7.14,7.18,7.1,7.11, 5315
02/19/2020,09:38,7.1,7.1,7.1,7.1, 3211
02/19/2020,09:39,7.1,7.1,7.1,7.1, 1000
02/19/2020,09:40,7.1,7.1,7.09,7.1, 2041
02/19/2020,09:41,7.11,7.14,7.11,7.12, 2060
02/19/2020,09:42,7.13,7.14,7.13,7.14, 2774
02/19/2020,09:43,7.14,7.16,7.14,7.15, 2252
02/19/2020,09:44,7.16,7.16,7.15,7.15, 870
02/19/2020,09:46,7.15,7.15,7.15,7.15, 70
02/19/2020,09:47,7.14,7.15,7.14,7.15, 3211
02/19/2020,09:48,7.15,7.15,7.13,7.15, 4277
02/19/2020,09:49,7.15,7.17,7.15,7.15, 9551
02/19/2020,09:50,7.14,7.14,7.14,7.14, 2319
02/19/2020,09:51,7.13,7.13,7.13,7.13, 300
02/19/2020,09:52,7.14,7.17,7.12,7.17, 8884
02/19/2020,09:52,7.15,7.15,7.14,7.14, 1908
02/19/2020,09:54,7.13,7.15,7.1,7.1, 8715
02/19/2020,09:55,7.11,7.13,7.11,7.13, 1661
02/19/2020,09:56,7.13,7.13,7.09,7.11, 12288
02/19/2020,09:57,7.11,7.13,7.08,7.08, 7749
02/19/2020,09:58,7.07,7.11,7.07,7.11, 7836
02/19/2020,09:59,7.1,7.1,7.1,7.1, 2310
02/19/2020,10:00,7.12,7.12,7.11,7.12, 1630
02/19/2020,10:01,7.1,7.11,7.08,7.08, 3238
02/19/2020,10:03,7.1,7.1,7.05,7.05, 5144
02/19/2020,10:04,7.05,7.07,7.05,7.07, 4189
02/19/2020,10:05,7.05,7.06,7.04,7.05, 13347
02/19/2020,10:06,7.05,7.08,7.05,7.08, 1960
02/19/2020,10:07,7.08,7.08,7.06,7.08, 4398
02/19/2020,10:07,7.09,7.09,7.09,7.09, 5400
02/19/2020,10:09,7.1,7.1,7.05,7.07, 4039
02/19/2020,10:10,7.09,7.09,7.09,7.09, 3000
02/19/2020,10:11,7.07,7.07,7.05,7.05, 1357
02/19/2020,10:12,7.07,7.07,7.05,7.05, 1794
02/19/2020,10:13,7.04,7.04,7.04,7.04, 991
02/19/2020,10:15,7.05,7.05,7.05,7.05, 693
02/19/2020,10:16,7.04,7.05,7.03,7.05, 828
02/19/2020,10:17,7.06,7.06,7.03,7.03, 6120
02/19/2020,10:18,7.05,7.05,7.03,7.04, 3933
02/19/2020,10:19,7.03,7.03,7.03,7.03, 515
02/19/2020,10:20,7.03,7.03,7.02,7.02, 3228
02/19/2020,10:21,7.03,7.06,7.03,7.06, 6638
02/19/2020,10:22,7.07,7.07,7.07,7.07, 634
02/19/2020,10:22,7.06,7.06,7.06,7.06, 8
02/19/2020,10:25,7.1,7.11,7.08,7.08, 5136
02/19/2020,10:26,7.08,7.11,7.08,7.1, 2697
02/19/2020,10:27,7.12,7.14,7.12,7.14, 3367
02/19/2020,10:29,7.12,7.12,7.11,7.12, 4684
02/19/2020,10:31,7.13,7.13,7.13,7.13, 920
02/19/2020,10:32,7.14,7.17,7.13,7.13, 17048
02/19/2020,10:33,7.13,7.14,7.13,7.14, 5105
02/19/2020,10:34,7.14,7.14,7.13,7.14, 1400
02/19/2020,10:35,7.15,7.15,7.15,7.15, 1088
02/19/2020,10:36,7.17,7.17,7.15,7.15, 665
02/19/2020,10:37,7.16,7.17,7.16,7.17, 6328
02/19/2020,10:38,7.18,7.18,7.18,7.18, 5061
02/19/2020,10:39,7.17,7.18,7.16,7.16, 2475
02/19/2020,10:40,7.15,7.17,7.12,7.17, 10131
02/19/2020,10:41,7.15,7.17,7.14,7.14, 6636
02/19/2020,10:42,7.15,7.15,7.13,7.13, 829
02/19/2020,10:43,7.14,7.14,7.13,7.13, 1400
02/19/2020,10:44,7.13,7.14,7.13,7.14, 530
02/19/2020,10:45,7.14,7.14,7.14,7.14, 500
02/19/2020,10:48,7.13,7.15,7.13,7.15, 1288
02/19/2020,10:48,7.15,7.15,7.15,7.15, 1179
02/19/2020,10:50,7.15,7.15,7.15,7.15, 1042
02/19/2020,10:51,7.15,7.16,7.15,7.15, 1374
02/19/2020,10:52,7.17,7.19,7.17,7.18, 10600
02/19/2020,10:53,7.19,7.19,7.15,7.16, 5938
02/19/2020,10:54,7.16,7.18,7.16,7.18, 6584
02/19/2020,10:57,7.18,7.2,7.17,7.17, 3656
02/19/2020,11:00,7.19,7.2,7.19,7.2, 4575
02/19/2020,11:01,7.17,7.18,7.17,7.18, 545
02/19/2020,11:01,7.16,7.16,7.16,7.16, 362
02/19/2020,11:03,7.16,7.16,7.16,7.16, 2206
02/19/2020,11:06,7.19,7.2,7.19,7.2, 2966
02/19/2020,11:07,7.22,7.23,7.22,7.22, 2637
02/19/2020,11:08,7.21,7.22,7.21,7.21, 898
02/19/2020,11:09,7.2,7.21,7.19,7.2, 14609
02/19/2020,11:10,7.21,7.22,7.2,7.22, 7432
02/19/2020,11:11,7.21,7.22,7.21,7.21, 6884
02/19/2020,11:13,7.21,7.22,7.2,7.22, 8339
02/19/2020,11:14,7.22,7.22,7.21,7.22, 15691
02/19/2020,11:15,7.23,7.28,7.23,7.27, 13659
02/19/2020,11:16,7.25,7.25,7.24,7.24, 500
02/19/2020,11:17,7.25,7.26,7.24,7.25, 12235
02/19/2020,11:18,7.26,7.26,7.23,7.23, 4875
02/19/2020,11:19,7.25,7.25,7.25,7.25, 30
02/19/2020,11:21,7.25,7.25,7.25,7.25, 380
02/19/2020,11:22,7.22,7.22,7.16,7.17, 19300
02/19/2020,11:23,7.18,7.18,7.17,7.18, 2410
02/19/2020,11:24,7.17,7.17,7.16,7.17, 1074
02/19/2020,11:27,7.16,7.16,7.15,7.16, 3083
02/19/2020,11:29,7.19,7.2,7.19,7.19, 2521
02/19/2020,11:30,7.2,7.2,7.19,7.19, 1505
02/19/2020,11:31,7.18,7.19,7.18,7.19, 1339
02/19/2020,11:32,7.19,7.2,7.19,7.2, 800
02/19/2020,11:33,7.2,7.22,7.18,7.18, 450
02/19/2020,11:35,7.21,7.21,7.2,7.2, 1979
02/19/2020,11:36,7.21,7.23,7.21,7.22, 3512
02/19/2020,11:36,7.2,7.2,7.2,7.2, 400
02/19/2020,11:38,7.18,7.19,7.18,7.19, 1071
02/19/2020,11:39,7.19,7.2,7.19,7.2, 4853
02/19/2020,11:40,7.22,7.23,7.22,7.23, 751
02/19/2020,11:41,7.23,7.23,7.23,7.23, 1500
02/19/2020,11:43,7.22,7.22,7.22,7.22, 203
02/19/2020,11:44,7.24,7.24,7.24,7.24, 300
02/19/2020,11:46,7.24,7.26,7.24,7.26, 5000
02/19/2020,11:53,7.22,7.22,7.22,7.22, 314
02/19/2020,11:54,7.23,7.23,7.23,7.23, 1400
02/19/2020,11:56,7.23,7.23,7.23,7.23, 2200
02/19/2020,11:57,7.23,7.23,7.21,7.21, 1584
02/19/2020,12:02,7.2,7.2,7.2,7.2, 3678
02/19/2020,12:04,7.21,7.21,7.21,7.21, 101
02/19/2020,12:05,7.2,7.2,7.2,7.2, 395
02/19/2020,12:08,7.19,7.19,7.18,7.18, 3723
02/19/2020,12:10,7.19,7.19,7.19,7.19, 1154
02/19/2020,12:11,7.18,7.18,7.18,7.18, 832
02/19/2020,12:17,7.18,7.18,7.18,7.18, 362
02/19/2020,12:23,7.19,7.19,7.19,7.19, 100
02/19/2020,12:24,7.17,7.19,7.17,7.18, 2833
02/19/2020,12:28,7.17,7.17,7.17,7.17, 187
02/19/2020,12:30,7.17,7.19,7.17,7.19, 1947
02/19/2020,12:30,7.19,7.19,7.18,7.19, 2913
02/19/2020,12:32,7.19,7.19,7.19,7.19, 200
02/19/2020,12:34,7.19,7.2,7.19,7.19, 3223
02/19/2020,12:35,7.19,7.19,7.19,7.19, 427
02/19/2020,12:37,7.19,7.2,7.19,7.2, 900
02/19/2020,12:38,7.2,7.2,7.2,7.2, 2697
02/19/2020,12:39,7.21,7.21,7.21,7.21, 150
02/19/2020,12:40,7.21,7.24,7.21,7.24, 4111
02/19/2020,12:44,7.25,7.27,7.25,7.26, 2790
02/19/2020,12:46,7.25,7.25,7.25,7.25, 919
02/19/2020,12:47,7.25,7.25,7.25,7.25, 200
02/19/2020,12:52,7.24,7.24,7.24,7.24, 86
02/19/2020,12:53,7.24,7.24,7.24,7.24, 19
02/19/2020,12:54,7.23,7.24,7.23,7.24, 942
02/19/2020,12:56,7.24,7.24,7.24,7.24, 890
02/19/2020,13:03,7.26,7.26,7.24,7.24, 877
02/19/2020,13:05,7.25,7.29,7.25,7.28, 8871
02/19/2020,13:06,7.27,7.3,7.27,7.3, 2609
02/19/2020,13:08,7.31,7.34,7.31,7.32, 15293
02/19/2020,13:09,7.32,7.33,7.32,7.33, 3244
02/19/2020,13:10,7.32,7.32,7.32,7.32, 2230
02/19/2020,13:11,7.31,7.31,7.3,7.31, 3660
02/19/2020,13:12,7.3,7.3,7.3,7.3, 556
02/19/2020,13:14,7.32,7.32,7.32,7.32, 395
02/19/2020,13:15,7.31,7.31,7.31,7.31, 800
02/19/2020,13:21,7.3,7.3,7.3,7.3, 3227
02/19/2020,13:23,7.3,7.3,7.3,7.3, 900
02/19/2020,13:23,7.31,7.31,7.31,7.31, 2207
02/19/2020,13:26,7.32,7.32,7.32,7.32, 1378
02/19/2020,13:29,7.32,7.32,7.32,7.32, 371
02/19/2020,13:32,7.33,7.36,7.33,7.33, 5581
02/19/2020,13:35,7.35,7.43,7.35,7.43, 12214
02/19/2020,13:36,7.43,7.43,7.43,7.43, 665
02/19/2020,13:38,7.43,7.46,7.42,7.43, 10903
02/19/2020,13:39,7.44,7.44,7.44,7.44, 903
02/19/2020,13:40,7.43,7.43,7.43,7.43, 400
02/19/2020,13:41,7.41,7.41,7.41,7.41, 376
02/19/2020,13:43,7.4,7.4,7.4,7.4, 250
02/19/2020,13:45,7.39,7.39,7.38,7.38, 977
02/19/2020,13:46,7.38,7.38,7.38,7.38, 131
02/19/2020,13:48,7.38,7.38,7.37,7.37, 1324
02/19/2020,13:49,7.38,7.39,7.38,7.39, 2312
02/19/2020,13:51,7.38,7.38,7.37,7.37, 3900
02/19/2020,13:56,7.35,7.35,7.35,7.35, 135
02/19/2020,13:58,7.35,7.35,7.35,7.35, 2302
02/19/2020,14:00,7.34,7.35,7.34,7.35, 1008
02/19/2020,14:05,7.36,7.36,7.36,7.36, 500
02/19/2020,14:06,7.35,7.35,7.35,7.35, 661
02/19/2020,14:10,7.33,7.33,7.33,7.33, 680
02/19/2020,14:13,7.33,7.33,7.32,7.32, 631
02/19/2020,14:14,7.31,7.31,7.29,7.29, 2642
02/19/2020,14:15,7.29,7.29,7.29,7.29, 1210
02/19/2020,14:19,7.29,7.3,7.29,7.29, 3588
02/19/2020,14:20,7.29,7.37,7.29,7.35, 12461
02/19/2020,14:21,7.35,7.39,7.35,7.39, 11102
02/19/2020,14:23,7.37,7.38,7.37,7.38, 400
02/19/2020,14:25,7.36,7.36,7.36,7.36, 570
02/19/2020,14:28,7.35,7.36,7.35,7.36, 1272
02/19/2020,14:33,7.35,7.35,7.35,7.35, 122
02/19/2020,14:36,7.35,7.35,7.34,7.34, 1888
02/19/2020,14:38,7.34,7.34,7.34,7.34, 206
02/19/2020,14:41,7.33,7.33,7.33,7.33, 600
02/19/2020,14:46,7.34,7.35,7.34,7.35, 809
02/19/2020,14:47,7.36,7.37,7.36,7.37, 1959
02/19/2020,14:48,7.36,7.36,7.34,7.34, 1500
02/19/2020,14:53,7.37,7.38,7.37,7.37, 3801
02/19/2020,15:01,7.35,7.35,7.35,7.35, 573
02/19/2020,15:05,7.34,7.35,7.33,7.33, 3058
02/19/2020,15:06,7.33,7.33,7.32,7.32, 462
02/19/2020,15:07,7.32,7.34,7.31,7.34, 18096
02/19/2020,15:08,7.36,7.37,7.36,7.37, 4746
02/19/2020,15:09,7.37,7.39,7.37,7.39, 1819
02/19/2020,15:10,7.39,7.4,7.38,7.4, 18304
02/19/2020,15:11,7.41,7.42,7.37,7.37, 9244
02/19/2020,15:12,7.35,7.35,7.35,7.35, 685
02/19/2020,15:18,7.36,7.36,7.35,7.35, 927
02/19/2020,15:18,7.34,7.35,7.34,7.35, 1557
02/19/2020,15:22,7.33,7.33,7.33,7.33, 200
02/19/2020,15:23,7.31,7.31,7.31,7.31, 92
02/19/2020,15:24,7.31,7.31,7.31,7.31, 791
02/19/2020,15:27,7.32,7.32,7.32,7.32, 2000
02/19/2020,15:32,7.33,7.34,7.33,7.34, 3000
02/19/2020,15:35,7.33,7.33,7.32,7.32, 727
02/19/2020,15:36,7.32,7.33,7.32,7.33, 4958
02/19/2020,15:39,7.32,7.32,7.32,7.32, 1549
02/19/2020,15:40,7.33,7.33,7.33,7.33, 2611
02/19/2020,15:44,7.35,7.38,7.35,7.38, 1546
02/19/2020,15:46,7.36,7.36,7.36,7.36, 300
02/19/2020,15:47,7.38,7.38,7.38,7.38, 400
02/19/2020,15:50,7.38,7.38,7.38,7.38, 275
02/19/2020,15:51,7.38,7.38,7.38,7.38, 740
02/19/2020,15:55,7.37,7.37,7.37,7.37, 2119
02/19/2020,16:03,7.37,7.37,7.37,7.37, 132
02/19/2020,16:08,7.37,7.37,7.37,7.37, 100
02/19/2020,16:11,7.38,7.39,7.38,7.38, 4216
02/19/2020,16:15,7.39,7.39,7.39,7.39, 379
02/19/2020,16:16,7.38,7.38,7.37,7.37, 4287
02/19/2020,16:17,7.38,7.38,7.38,7.38, 3976
02/19/2020,16:22,7.37,7.37,7.37,7.37, 1081
02/19/2020,16:26,7.36,7.37,7.36,7.37, 1875
02/19/2020,16:28,7.38,7.38,7.38,7.38, 143
02/19/2020,16:37,7.39,7.41,7.38,7.38, 6822
02/19/2020,16:39,7.37,7.37,7.37,7.37, 11
02/19/2020,16:40,7.38,7.38,7.38,7.38, 748
02/19/2020,16:41,7.39,7.39,7.39,7.39, 1167
02/19/2020,16:43,7.41,7.44,7.41,7.44, 26875
02/19/2020,16:44,7.45,7.45,7.44,7.44, 1711
02/19/2020,16:44,7.45,7.45,7.45,7.45, 7014
02/19/2020,16:48,7.47,7.47,7.47,7.47, 80
02/19/2020,16:50,7.45,7.45,7.45,7.45, 5949
02/19/2020,16:54,7.46,7.47,7.46,7.47, 1354
02/19/2020,16:54,7.47,7.48,7.47,7.47, 269
02/19/2020,16:56,7.46,7.46,7.45,7.45, 4772
02/19/2020,16:58,7.45,7.45,7.42,7.43, 21543
02/19/2020,16:59,7.42,7.43,7.42,7.42, 3872
02/19/2020,17:01,7.4,7.4,7.4,7.4, 568
02/19/2020,17:11,7.38,7.38,7.38,7.38, 1570
02/19/2020,17:12,7.37,7.37,7.34,7.34, 3426
02/19/2020,17:13,7.34,7.34,7.34,7.34, 400
02/19/2020,17:14,7.34,7.34,7.33,7.33, 1373
02/19/2020,17:15,7.33,7.33,7.33,7.33, 1927
02/19/2020,17:20,7.33,7.33,7.32,7.32, 4966
02/19/2020,17:23,7.33,7.33,7.32,7.32, 902
02/19/2020,17:26,7.35,7.35,7.34,7.35, 1817
02/19/2020,17:27,7.35,7.35,7.34,7.34, 2776
02/19/2020,17:28,7.35,7.36,7.35,7.35, 2016
02/19/2020,17:29,7.35,7.35,7.35,7.35, 100
02/19/2020,17:30,7.35,7.35,7.3,7.3, 8197
02/19/2020,17:30,7.31,7.33,7.31,7.33, 548
02/19/2020,17:32,7.33,7.33,7.33,7.33, 80
02/19/2020,17:36,7.29,7.29,7.29,7.29, 56371
02/20/2020,09:01,7.33,7.33,7.32,7.33, 5146
02/20/2020,09:02,7.33,7.39,7.33,7.39, 7573
02/20/2020,09:04,7.43,7.43,7.4,7.4, 2218
02/20/2020,09:06,7.41,7.41,7.41,7.41, 88
02/20/2020,09:07,7.38,7.39,7.38,7.39, 2096
02/20/2020,09:08,7.41,7.42,7.41,7.41, 5427
02/20/2020,09:09,7.4,7.41,7.37,7.37, 10986
02/20/2020,09:10,7.39,7.42,7.39,7.41, 2520
02/20/2020,09:11,7.42,7.42,7.41,7.41, 3738
02/20/2020,09:12,7.42,7.42,7.42,7.42, 53
02/20/2020,09:13,7.44,7.48,7.44,7.47, 13401
02/20/2020,09:14,7.46,7.47,7.46,7.47, 2257
02/20/2020,09:15,7.44,7.46,7.44,7.44, 5250
02/20/2020,09:17,7.45,7.45,7.44,7.44, 1646
02/20/2020,09:20,7.42,7.45,7.41,7.43, 6919
02/20/2020,09:21,7.4,7.41,7.4,7.41, 3170
02/20/2020,09:23,7.39,7.39,7.33,7.34, 4267
02/20/2020,09:25,7.31,7.31,7.27,7.27, 2567
02/20/2020,09:26,7.29,7.29,7.28,7.28, 919
02/20/2020,09:26,7.28,7.28,7.28,7.28, 164
02/20/2020,09:28,7.3,7.31,7.3,7.31, 1397
02/20/2020,09:31,7.32,7.33,7.29,7.33, 13555
02/20/2020,09:32,7.32,7.35,7.32,7.35, 1045
02/20/2020,09:33,7.35,7.37,7.32,7.37, 10272
02/20/2020,09:34,7.38,7.38,7.34,7.34, 3372
02/20/2020,09:35,7.35,7.38,7.34,7.38, 7298
02/20/2020,09:35,7.35,7.35,7.35,7.35, 1214
02/20/2020,09:38,7.35,7.35,7.35,7.35, 50
02/20/2020,09:48,7.32,7.32,7.32,7.32, 360
02/20/2020,09:50,7.31,7.31,7.31,7.31, 1220
02/20/2020,09:51,7.3,7.3,7.27,7.28, 6217
02/20/2020,09:51,7.27,7.27,7.27,7.27, 48
02/20/2020,09:56,7.26,7.29,7.26,7.29, 4361
02/20/2020,09:57,7.29,7.29,7.28,7.28, 4766
02/20/2020,09:59,7.25,7.25,7.25,7.25, 1585
02/20/2020,10:00,7.25,7.26,7.25,7.26, 955
02/20/2020,10:01,7.27,7.27,7.27,7.27, 119
02/20/2020,10:03,7.26,7.26,7.2,7.25, 10087
02/20/2020,10:04,7.25,7.29,7.25,7.29, 7882
02/20/2020,10:11,7.27,7.29,7.27,7.29, 842
02/20/2020,10:16,7.3,7.3,7.3,7.3, 439
02/20/2020,10:22,7.28,7.28,7.26,7.26, 6769
02/20/2020,10:23,7.26,7.26,7.26,7.26, 114
02/20/2020,10:25,7.28,7.28,7.26,7.26, 4118
02/20/2020,10:30,7.27,7.27,7.26,7.26, 11372
02/20/2020,10:31,7.26,7.26,7.26,7.26, 500
02/20/2020,10:34,7.26,7.26,7.26,7.26, 942
02/20/2020,10:42,7.23,7.24,7.22,7.24, 2808
02/20/2020,10:46,7.21,7.23,7.21,7.23, 2969
02/20/2020,10:47,7.23,7.24,7.23,7.24, 1857
02/20/2020,10:49,7.25,7.25,7.25,7.25, 533
02/20/2020,10:51,7.27,7.28,7.27,7.28, 1405
02/20/2020,10:54,7.29,7.29,7.29,7.29, 1087
02/20/2020,10:55,7.28,7.28,7.28,7.28, 902
02/20/2020,11:02,7.29,7.3,7.29,7.3, 1154
02/20/2020,11:04,7.3,7.31,7.3,7.31, 1551
02/20/2020,11:05,7.29,7.29,7.29,7.29, 980
02/20/2020,11:10,7.3,7.3,7.3,7.3, 67
02/20/2020,11:11,7.3,7.31,7.3,7.31, 467
02/20/2020,11:12,7.31,7.31,7.29,7.29, 229
02/20/2020,11:16,7.3,7.3,7.3,7.3, 409
02/20/2020,11:20,7.3,7.31,7.3,7.31, 795
02/20/2020,11:33,7.29,7.29,7.28,7.28, 2750
02/20/2020,11:37,7.23,7.23,7.23,7.23, 395
02/20/2020,11:38,7.22,7.23,7.21,7.21, 4664
02/20/2020,11:42,7.23,7.24,7.23,7.23, 4374
02/20/2020,11:45,7.22,7.22,7.22,7.22, 1000
02/20/2020,11:47,7.23,7.23,7.23,7.23, 267
02/20/2020,11:52,7.24,7.24,7.23,7.23, 420
02/20/2020,11:57,7.24,7.24,7.24,7.24, 506
02/20/2020,12:07,7.23,7.23,7.23,7.23, 256
02/20/2020,12:17,7.24,7.24,7.2,7.21, 7527
02/20/2020,12:19,7.2,7.21,7.18,7.2, 5641
02/20/2020,12:21,7.2,7.2,7.2,7.2, 2746
02/20/2020,12:23,7.18,7.18,7.18,7.18, 200
02/20/2020,12:24,7.19,7.19,7.19,7.19, 1252
02/20/2020,12:32,7.19,7.19,7.19,7.19, 118
02/20/2020,12:38,7.18,7.18,7.18,7.18, 1265
02/20/2020,12:44,7.18,7.18,7.18,7.18, 2167
02/20/2020,12:45,7.18,7.18,7.18,7.18, 872
02/20/2020,12:45,7.18,7.19,7.18,7.19, 728
02/20/2020,12:54,7.18,7.18,7.18,7.18, 400
02/20/2020,12:56,7.19,7.2,7.19,7.19, 422
02/20/2020,12:59,7.2,7.2,7.18,7.18, 1749
02/20/2020,13:00,7.19,7.19,7.19,7.19, 26
02/20/2020,13:03,7.2,7.2,7.2,7.2, 700
02/20/2020,13:11,7.19,7.19,7.19,7.19, 896
02/20/2020,13:12,7.2,7.2,7.2,7.2, 150
02/20/2020,13:15,7.21,7.21,7.21,7.21, 98
02/20/2020,13:17,7.21,7.23,7.21,7.21, 2258
02/20/2020,13:19,7.19,7.19,7.19,7.19, 845
02/20/2020,13:29,7.19,7.19,7.19,7.19, 1395
02/20/2020,13:39,7.18,7.18,7.17,7.18, 1145
02/20/2020,13:41,7.17,7.17,7.17,7.17, 444
02/20/2020,13:42,7.17,7.19,7.17,7.19, 210
02/20/2020,13:48,7.19,7.19,7.19,7.19, 295
02/20/2020,14:04,7.18,7.18,7.17,7.17, 1553
02/20/2020,14:07,7.16,7.16,7.12,7.12, 13795
02/20/2020,14:08,7.12,7.12,7.12,7.12, 390
02/20/2020,14:09,7.11,7.11,7.11,7.11, 1000
02/20/2020,14:09,7.1,7.11,7.1,7.11, 727
02/20/2020,14:12,7.1,7.1,7.1,7.1, 1288
02/20/2020,14:21,7.11,7.12,7.11,7.11, 1975
02/20/2020,14:29,7.13,7.13,7.13,7.13, 378
02/20/2020,14:31,7.13,7.13,7.13,7.13, 160
02/20/2020,14:34,7.13,7.17,7.13,7.17, 4242
02/20/2020,14:35,7.17,7.19,7.17,7.19, 632
02/20/2020,14:36,7.17,7.17,7.17,7.17, 202
02/20/2020,14:40,7.15,7.15,7.13,7.14, 5147
02/20/2020,14:41,7.13,7.14,7.13,7.14, 451
02/20/2020,14:44,7.14,7.14,7.14,7.14, 280
02/20/2020,14:48,7.14,7.14,7.11,7.13, 2680
02/20/2020,14:55,7.12,7.14,7.12,7.12, 1155
02/20/2020,14:57,7.12,7.13,7.11,7.12, 4760
02/20/2020,14:59,7.1,7.11,7.09,7.11, 10175
02/20/2020,15:01,7.1,7.11,7.1,7.11, 1014
02/20/2020,15:02,7.12,7.12,7.11,7.11, 4690
02/20/2020,15:02,7.11,7.11,7.1,7.1, 3136
02/20/2020,15:04,7.11,7.11,7.11,7.11, 1332
02/20/2020,15:08,7.13,7.17,7.13,7.17, 1499
02/20/2020,15:09,7.16,7.17,7.16,7.17, 377
02/20/2020,15:11,7.19,7.19,7.17,7.17, 641
02/20/2020,15:11,7.16,7.16,7.16,7.16, 1327
02/20/2020,15:14,7.19,7.23,7.19,7.23, 5984
02/20/2020,15:16,7.23,7.24,7.22,7.23, 1742
02/20/2020,15:20,7.21,7.21,7.21,7.21, 67
02/20/2020,15:21,7.2,7.21,7.2,7.21, 1525
02/20/2020,15:32,7.22,7.22,7.22,7.22, 307
02/20/2020,15:32,7.23,7.23,7.23,7.23, 500
02/20/2020,15:36,7.23,7.23,7.23,7.23, 601
02/20/2020,15:40,7.23,7.23,7.22,7.22, 593
02/20/2020,15:47,7.21,7.22,7.2,7.2, 2443
02/20/2020,15:49,7.19,7.19,7.19,7.19, 204
02/20/2020,15:50,7.19,7.2,7.19,7.2, 1330
02/20/2020,15:53,7.22,7.22,7.22,7.22, 154
02/20/2020,15:54,7.23,7.24,7.23,7.24, 2001
02/20/2020,15:57,7.23,7.23,7.23,7.23, 157
02/20/2020,16:01,7.22,7.22,7.22,7.22, 35
02/20/2020,16:02,7.21,7.23,7.21,7.23, 513
02/20/2020,16:04,7.23,7.23,7.23,7.23, 1333
02/20/2020,16:04,7.24,7.24,7.24,7.24, 400
02/20/2020,16:07,7.25,7.28,7.25,7.27, 11915
02/20/2020,16:09,7.29,7.29,7.27,7.27, 1500
02/20/2020,16:13,7.28,7.29,7.28,7.29, 1395
02/20/2020,16:19,7.28,7.28,7.28,7.28, 500
02/20/2020,16:20,7.3,7.3,7.3,7.3, 3220
02/20/2020,16:32,7.32,7.32,7.29,7.3, 3598
02/20/2020,16:36,7.29,7.32,7.29,7.32, 4558
02/20/2020,16:37,7.33,7.33,7.33,7.33, 107
02/20/2020,16:38,7.33,7.33,7.33,7.33, 108
02/20/2020,16:40,7.33,7.34,7.33,7.34, 604
02/20/2020,16:42,7.34,7.34,7.34,7.34, 959
02/20/2020,16:44,7.35,7.36,7.35,7.36, 227
02/20/2020,16:46,7.35,7.35,7.33,7.33, 1948
02/20/2020,16:48,7.31,7.31,7.31,7.31, 400
02/20/2020,16:58,7.3,7.3,7.3,7.3, 157
02/20/2020,16:58,7.29,7.29,7.29,7.29, 580
02/20/2020,17:00,7.31,7.31,7.29,7.29, 2784
02/20/2020,17:02,7.29,7.29,7.29,7.29, 4196
02/20/2020,17:03,7.28,7.28,7.28,7.28, 1006
02/20/2020,17:04,7.27,7.27,7.27,7.27, 527
02/20/2020,17:07,7.26,7.26,7.26,7.26, 1290
02/20/2020,17:10,7.25,7.25,7.25,7.25, 703
02/20/2020,17:16,7.23,7.23,7.21,7.21, 4088
02/20/2020,17:17,7.21,7.25,7.21,7.25, 6675
02/20/2020,17:19,7.23,7.23,7.23,7.23, 1978
02/20/2020,17:23,7.22,7.22,7.21,7.21, 3846
02/20/2020,17:24,7.2,7.2,7.2,7.2, 834
02/20/2020,17:26,7.18,7.2,7.18,7.2, 4056
02/20/2020,17:28,7.17,7.17,7.17,7.17, 805
02/20/2020,17:29,7.16,7.16,7.16,7.16, 403
02/20/2020,17:30,7.16,7.17,7.15,7.17, 2943
02/20/2020,17:31,7.17,7.17,7.17,7.17, 227
02/20/2020,17:36,7.16,7.16,7.16,7.16, 26024
02/21/2020,09:03,7.05,7.07,7.05,7.07, 16123
02/21/2020,09:03,7.05,7.05,7.05,7.05, 1154
02/21/2020,09:04,7.04,7.05,7.04,7.05, 2155
02/21/2020,09:08,7.04,7.04,7.04,7.04, 1600
02/21/2020,09:09,7.04,7.05,7.04,7.04, 1022
02/21/2020,09:13,7.04,7.04,7.04,7.04, 100
02/21/2020,09:15,7.04,7.04,7.04,7.04, 860
02/21/2020,09:17,7.06,7.06,7.06,7.06, 338
02/21/2020,09:23,7.08,7.08,7.08,7.08, 1693
02/21/2020,09:23,7.08,7.08,7.07,7.08, 9153
02/21/2020,09:25,7.09,7.15,7.09,7.15, 3034
02/21/2020,09:26,7.16,7.16,7.15,7.16, 2800
02/21/2020,09:27,7.17,7.17,7.14,7.15, 15698
02/21/2020,09:28,7.17,7.17,7.16,7.16, 300
02/21/2020,09:29,7.17,7.17,7.17,7.17, 500
02/21/2020,09:30,7.15,7.15,7.13,7.13, 4299
02/21/2020,09:31,7.14,7.16,7.14,7.14, 10982
02/21/2020,09:31,7.15,7.15,7.15,7.15, 299
02/21/2020,09:33,7.14,7.14,7.11,7.11, 2073
02/21/2020,09:34,7.12,7.15,7.11,7.15, 18806
02/21/2020,09:35,7.14,7.14,7.08,7.08, 7329
02/21/2020,09:36,7.09,7.11,7.09,7.11, 3135
02/21/2020,09:44,7.12,7.13,7.12,7.13, 1613
02/21/2020,09:44,7.12,7.12,7.12,7.12, 530
02/21/2020,09:49,7.12,7.12,7.12,7.12, 2934
02/21/2020,09:52,7.13,7.13,7.13,7.13, 6
02/21/2020,09:54,7.12,7.12,7.12,7.12, 925
02/21/2020,10:00,7.09,7.09,7.09,7.09, 191
02/21/2020,10:01,7.11,7.12,7.11,7.12, 122
02/21/2020,10:04,7.09,7.09,7.09,7.09, 12
02/21/2020,10:15,7.08,7.08,7.08,7.08, 1197
02/21/2020,10:30,7.09,7.09,7.07,7.07, 2451
02/21/2020,10:31,7.07,7.07,7.07,7.07, 400
02/21/2020,10:32,7.06,7.06,7.04,7.04, 4226
02/21/2020,10:33,7.04,7.07,7.04,7.07, 3304
02/21/2020,10:34,7.08,7.15,7.08,7.14, 4801
02/21/2020,10:36,7.15,7.16,7.15,7.15, 2063
02/21/2020,10:39,7.16,7.16,7.16,7.16, 712
02/21/2020,10:42,7.17,7.17,7.17,7.17, 371
02/21/2020,10:43,7.18,7.19,7.17,7.19, 8892
02/21/2020,10:44,7.19,7.19,7.19,7.19, 370
02/21/2020,10:45,7.16,7.16,7.13,7.13, 6796
02/21/2020,10:56,7.12,7.13,7.11,7.11, 1218
02/21/2020,10:57,7.1,7.17,7.1,7.17, 9286
02/21/2020,11:06,7.14,7.14,7.14,7.14, 132
02/21/2020,11:11,7.14,7.14,7.14,7.14, 127
02/21/2020,11:33,7.14,7.14,7.14,7.14, 58
02/21/2020,11:36,7.12,7.12,7.1,7.1, 2870
02/21/2020,11:37,7.13,7.13,7.11,7.11, 441
02/21/2020,11:38,7.11,7.11,7.09,7.1, 830
02/21/2020,11:43,7.09,7.11,7.08,7.11, 1680
02/21/2020,11:45,7.12,7.12,7.09,7.09, 8882
02/21/2020,11:47,7.1,7.14,7.1,7.14, 1371
02/21/2020,11:48,7.14,7.14,7.12,7.14, 4334
02/21/2020,12:09,7.13,7.13,7.13,7.13, 260
02/21/2020,12:24,7.11,7.12,7.11,7.12, 1028
02/21/2020,12:46,7.13,7.13,7.13,7.13, 565
02/21/2020,12:48,7.12,7.14,7.12,7.14, 2000
02/21/2020,12:51,7.13,7.13,7.13,7.13, 119
02/21/2020,12:52,7.14,7.14,7.13,7.13, 700
02/21/2020,13:03,7.09,7.09,7.09,7.09, 12
02/21/2020,13:22,7.13,7.14,7.13,7.14, 3021
02/21/2020,13:24,7.15,7.15,7.15,7.15, 107
02/21/2020,13:27,7.12,7.12,7.12,7.12, 2
02/21/2020,13:35,7.12,7.12,7.12,7.12, 12
02/21/2020,13:51,7.12,7.12,7.11,7.11, 308
02/21/2020,13:55,7.13,7.13,7.13,7.13, 471
02/21/2020,13:56,7.14,7.15,7.14,7.15, 1383
02/21/2020,14:09,7.15,7.15,7.15,7.15, 3
02/21/2020,14:10,7.15,7.15,7.15,7.15, 696
02/21/2020,14:13,7.14,7.14,7.14,7.14, 4
02/21/2020,14:16,7.14,7.15,7.14,7.15, 388
02/21/2020,14:31,7.15,7.15,7.15,7.15, 8
02/21/2020,14:35,7.12,7.12,7.12,7.12, 100
02/21/2020,14:41,7.14,7.15,7.13,7.13, 8060
02/21/2020,14:54,7.15,7.15,7.15,7.15, 42
02/21/2020,14:58,7.14,7.14,7.14,7.14, 796
02/21/2020,15:06,7.12,7.12,7.12,7.12, 300
02/21/2020,15:08,7.11,7.11,7.1,7.1, 5539
02/21/2020,15:18,7.09,7.09,7.09,7.09, 2773
02/21/2020,15:20,7.11,7.12,7.11,7.12, 563
02/21/2020,15:28,7.11,7.11,7.11,7.11, 82
02/21/2020,15:36,7.1,7.1,7.1,7.1, 584
02/21/2020,15:39,7.08,7.08,7.07,7.07, 425
02/21/2020,15:40,7.08,7.08,7.07,7.07, 442
02/21/2020,15:41,7.06,7.06,7.06,7.06, 1220
02/21/2020,15:43,7.06,7.06,7.06,7.06, 570
02/21/2020,15:44,7.05,7.05,7.05,7.05, 2618
02/21/2020,15:49,7.03,7.04,7.03,7.04, 2955
02/21/2020,15:50,7.05,7.05,7.05,7.05, 1826
02/21/2020,15:51,7.03,7.03,7.03,7.03, 400
02/21/2020,15:51,7.03,7.04,7.03,7.04, 800
02/21/2020,15:55,7.06,7.06,7.05,7.06, 1329
02/21/2020,16:04,7.03,7.03,7.02,7.02, 2832
02/21/2020,16:04,7.03,7.03,7.03,7.03, 150
02/21/2020,16:06,7.03,7.03,7.03,7.03, 801
02/21/2020,16:10,7.02,7.02,7.02,7.02, 101
02/21/2020,16:12,7.04,7.04,7.04,7.04, 204
02/21/2020,16:13,7.05,7.05,7.05,7.05, 100
02/21/2020,16:33,7.05,7.05,7.05,7.05, 105
02/21/2020,16:38,7.04,7.04,7.04,7.04, 2994
02/21/2020,16:39,7.05,7.05,7.05,7.05, 2039
02/21/2020,16:40,7.06,7.06,7.05,7.05, 1380
02/21/2020,16:43,7.05,7.05,7.05,7.05, 111
02/21/2020,16:45,7.05,7.05,7.04,7.05, 1563
02/21/2020,16:48,7.03,7.03,7.03,7.03, 430
02/21/2020,16:56,7.05,7.06,7.05,7.05, 944
02/21/2020,17:00,7.04,7.04,7.03,7.03, 343
02/21/2020,17:06,7.03,7.03,7.03,7.03, 100
02/21/2020,17:11,7.06,7.06,7.06,7.06, 300
02/21/2020,17:16,7.05,7.05,7.05,7.05, 129
02/21/2020,17:17,7.04,7.05,7.04,7.04, 1827
02/21/2020,17:20,7.03,7.05,7.03,7.04, 1625
02/21/2020,17:20,7.05,7.05,7.05,7.05, 120
02/21/2020,17:24,7.04,7.04,7.04,7.04, 155
02/21/2020,17:26,7.05,7.05,7.05,7.05, 71
02/21/2020,17:27,7.05,7.05,7.05,7.05, 1684
02/21/2020,17:27,7.06,7.06,7.06,7.06, 26
02/21/2020,17:30,7.05,7.05,7.05,7.05, 2
02/21/2020,17:30,7.03,7.06,7.02,7.06, 1368
02/21/2020,17:32,7.06,7.06,7.06,7.06, 6
02/21/2020,17:36,7.03,7.03,7.03,7.03, 10557
02/24/2020,09:01,6.92,6.93,6.91,6.92, 17191
02/24/2020,09:01,6.91,6.91,6.75,6.83, 47156
02/24/2020,09:04,6.81,6.82,6.81,6.82, 4184
02/24/2020,09:05,6.85,6.85,6.75,6.76, 4188
02/24/2020,09:06,6.73,6.75,6.72,6.75, 26530
02/24/2020,09:07,6.75,6.75,6.69,6.69, 7199
02/24/2020,09:08,6.71,6.71,6.71,6.71, 1722
02/24/2020,09:09,6.71,6.77,6.71,6.77, 4090
02/24/2020,09:10,6.74,6.8,6.73,6.8, 12228
02/24/2020,09:11,6.83,6.88,6.83,6.88, 12899
02/24/2020,09:14,6.84,6.84,6.84,6.84, 2392
02/24/2020,09:15,6.8,6.83,6.8,6.83, 7215
02/24/2020,09:16,6.84,6.9,6.84,6.87, 4666
02/24/2020,09:17,6.86,6.86,6.86,6.86, 166
02/24/2020,09:21,6.88,6.88,6.88,6.88, 1000
02/24/2020,09:22,6.89,6.9,6.88,6.89, 4235
02/24/2020,09:23,6.89,6.9,6.88,6.89, 6908
02/24/2020,09:24,6.9,6.9,6.9,6.9, 2718
02/24/2020,09:25,6.92,6.92,6.92,6.92, 4223
02/24/2020,09:26,6.92,6.97,6.92,6.94, 8421
02/24/2020,09:27,6.91,6.92,6.91,6.92, 3560
02/24/2020,09:28,6.92,6.93,6.9,6.91, 2408
02/24/2020,09:30,6.89,6.91,6.89,6.9, 4371
02/24/2020,09:31,6.89,6.89,6.86,6.86, 5451
02/24/2020,09:32,6.87,6.92,6.87,6.9, 7302
02/24/2020,09:33,6.94,6.94,6.94,6.94, 10333
02/24/2020,09:34,6.95,6.96,6.91,6.91, 18462
02/24/2020,09:35,6.92,6.93,6.91,6.93, 925
02/24/2020,09:36,6.93,6.93,6.93,6.93, 541
02/24/2020,09:37,6.93,6.93,6.9,6.9, 9668
02/24/2020,09:38,6.92,6.93,6.91,6.91, 7652
02/24/2020,09:39,6.91,6.91,6.87,6.87, 8084
02/24/2020,09:41,6.87,6.87,6.87,6.87, 400
02/24/2020,09:42,6.83,6.83,6.82,6.82, 800
02/24/2020,09:47,6.85,6.85,6.82,6.83, 753
02/24/2020,09:48,6.81,6.81,6.8,6.8, 656
02/24/2020,09:49,6.82,6.83,6.82,6.82, 823
02/24/2020,09:51,6.85,6.85,6.85,6.85, 200
02/24/2020,09:54,6.83,6.83,6.82,6.82, 1136
02/24/2020,09:55,6.82,6.85,6.81,6.83, 6865
02/24/2020,09:57,6.84,6.84,6.81,6.83, 9383
02/24/2020,09:58,6.84,6.84,6.83,6.83, 500
02/24/2020,09:59,6.84,6.85,6.84,6.85, 7598
02/24/2020,10:00,6.84,6.84,6.84,6.84, 2200
02/24/2020,10:01,6.84,6.86,6.84,6.86, 5690
02/24/2020,10:02,6.85,6.85,6.82,6.83, 8259
02/24/2020,10:02,6.82,6.82,6.8,6.8, 6700
02/24/2020,10:04,6.79,6.79,6.77,6.77, 3377
02/24/2020,10:05,6.74,6.74,6.71,6.71, 6688
02/24/2020,10:08,6.71,6.71,6.71,6.71, 347
02/24/2020,10:09,6.7,6.71,6.7,6.71, 3389
02/24/2020,10:11,6.72,6.72,6.72,6.72, 636
02/24/2020,10:18,6.68,6.68,6.67,6.67, 1280
02/24/2020,10:19,6.68,6.68,6.67,6.68, 9280
02/24/2020,10:20,6.69,6.69,6.68,6.68, 1360
02/24/2020,10:21,6.68,6.71,6.68,6.71, 1600
02/24/2020,10:27,6.68,6.68,6.67,6.67, 645
02/24/2020,10:32,6.66,6.66,6.66,6.66, 659
02/24/2020,10:33,6.66,6.66,6.66,6.66, 350
02/24/2020,10:43,6.65,6.65,6.64,6.64, 1941
02/24/2020,10:44,6.64,6.64,6.64,6.64, 498
02/24/2020,10:45,6.64,6.64,6.64,6.64, 55
02/24/2020,10:47,6.65,6.66,6.65,6.65, 4036
02/24/2020,10:48,6.64,6.65,6.64,6.65, 1300
02/24/2020,10:50,6.66,6.68,6.66,6.68, 13105
02/24/2020,11:15,6.71,6.73,6.69,6.69, 4495
02/24/2020,11:16,6.69,6.7,6.69,6.7, 150
02/24/2020,11:19,6.73,6.73,6.73,6.73, 800
02/24/2020,11:20,6.74,6.74,6.74,6.74, 120
02/24/2020,11:25,6.71,6.71,6.71,6.71, 713
02/24/2020,11:27,6.72,6.72,6.72,6.72, 97
02/24/2020,11:34,6.73,6.73,6.73,6.73, 92
02/24/2020,11:40,6.69,6.69,6.69,6.69, 1220
02/24/2020,11:41,6.7,6.72,6.7,6.72, 1073
02/24/2020,11:42,6.71,6.71,6.69,6.69, 1500
02/24/2020,11:43,6.68,6.73,6.68,6.73, 21204
02/24/2020,11:44,6.76,6.77,6.76,6.76, 2944
02/24/2020,11:45,6.77,6.79,6.77,6.78, 3743
02/24/2020,11:46,6.79,6.81,6.79,6.81, 2000
02/24/2020,11:47,6.81,6.84,6.78,6.78, 24258
02/24/2020,11:51,6.75,6.75,6.74,6.74, 906
02/24/2020,11:58,6.71,6.71,6.69,6.7, 6285
02/24/2020,11:59,6.7,6.72,6.69,6.72, 21973
02/24/2020,12:00,6.73,6.76,6.73,6.76, 3473
02/24/2020,12:01,6.75,6.78,6.75,6.78, 6787
02/24/2020,12:02,6.79,6.79,6.77,6.79, 1930
02/24/2020,12:03,6.79,6.8,6.78,6.78, 24273
02/24/2020,12:04,6.77,6.77,6.76,6.76, 4313
02/24/2020,12:08,6.77,6.77,6.77,6.77, 1526
02/24/2020,12:09,6.77,6.77,6.77,6.77, 400
02/24/2020,12:11,6.77,6.77,6.77,6.77, 400
02/24/2020,12:17,6.75,6.75,6.75,6.75, 300
02/24/2020,12:18,6.74,6.74,6.74,6.74, 1243
02/24/2020,12:22,6.75,6.75,6.74,6.74, 391
02/24/2020,12:24,6.74,6.74,6.74,6.74, 400
02/24/2020,12:25,6.73,6.73,6.72,6.72, 1077
02/24/2020,12:26,6.73,6.73,6.71,6.71, 2534
02/24/2020,12:27,6.71,6.76,6.7,6.75, 13760
02/24/2020,12:28,6.75,6.75,6.74,6.74, 549
02/24/2020,12:29,6.73,6.73,6.72,6.72, 2787
02/24/2020,12:30,6.72,6.78,6.72,6.78, 24754
02/24/2020,12:31,6.76,6.76,6.76,6.76, 2247
02/24/2020,12:32,6.76,6.77,6.76,6.77, 796
02/24/2020,12:33,6.77,6.8,6.77,6.79, 2220
02/24/2020,12:34,6.8,6.8,6.79,6.8, 4926
02/24/2020,12:35,6.8,6.8,6.76,6.76, 23526
02/24/2020,12:36,6.76,6.76,6.75,6.75, 1616
02/24/2020,12:37,6.76,6.78,6.76,6.77, 8982
02/24/2020,12:37,6.76,6.76,6.76,6.76, 600
02/24/2020,12:40,6.76,6.76,6.76,6.76, 400
02/24/2020,12:41,6.76,6.76,6.76,6.76, 400
02/24/2020,12:43,6.76,6.76,6.76,6.76, 120
02/24/2020,12:48,6.76,6.76,6.76,6.76, 541
02/24/2020,12:50,6.78,6.78,6.78,6.78, 238
02/24/2020,12:53,6.8,6.8,6.8,6.8, 100
02/24/2020,12:54,6.8,6.8,6.8,6.8, 191
02/24/2020,12:57,6.79,6.79,6.78,6.78, 2597
02/24/2020,12:59,6.76,6.76,6.76,6.76, 133
02/24/2020,13:25,6.75,6.75,6.75,6.75, 150
02/24/2020,13:26,6.74,6.74,6.74,6.74, 1391
02/24/2020,13:39,6.72,6.72,6.72,6.72, 61
02/24/2020,13:48,6.73,6.73,6.73,6.73, 122
02/24/2020,13:52,6.73,6.73,6.73,6.73, 785
02/24/2020,13:54,6.72,6.72,6.72,6.72, 100
02/24/2020,14:06,6.7,6.7,6.69,6.7, 2802
02/24/2020,14:13,6.72,6.73,6.72,6.73, 2675
02/24/2020,14:24,6.73,6.74,6.73,6.73, 1070
02/24/2020,14:29,6.72,6.72,6.72,6.72, 150
02/24/2020,14:33,6.71,6.71,6.7,6.7, 1650
02/24/2020,14:34,6.69,6.69,6.69,6.69, 1016
02/24/2020,14:39,6.7,6.7,6.7,6.7, 990
02/24/2020,14:48,6.69,6.69,6.68,6.68, 1026
02/24/2020,15:02,6.65,6.66,6.63,6.63, 18987
02/24/2020,15:09,6.62,6.62,6.61,6.61, 3476
02/24/2020,15:11,6.61,6.61,6.61,6.61, 796
02/24/2020,15:12,6.6,6.6,6.6,6.6, 2658
02/24/2020,15:14,6.6,6.6,6.6,6.6, 736
02/24/2020,15:16,6.62,6.62,6.62,6.62, 2914
02/24/2020,15:18,6.62,6.62,6.62,6.62, 110
02/24/2020,15:19,6.63,6.63,6.61,6.61, 4304
02/24/2020,15:21,6.6,6.6,6.59,6.59, 2000
02/24/2020,15:28,6.59,6.59,6.59,6.59, 101
02/24/2020,15:29,6.6,6.6,6.6,6.6, 213
02/24/2020,15:31,6.59,6.59,6.59,6.59, 758
02/24/2020,15:32,6.59,6.61,6.59,6.61, 1365
02/24/2020,15:32,6.61,6.61,6.61,6.61, 253
02/24/2020,15:37,6.62,6.65,6.62,6.64, 687
02/24/2020,15:40,6.67,6.67,6.67,6.67, 210
02/24/2020,15:41,6.68,6.7,6.68,6.7, 2928
02/24/2020,15:42,6.68,6.72,6.68,6.72, 14199
02/24/2020,15:43,6.71,6.71,6.7,6.7, 2805
02/24/2020,15:45,6.7,6.7,6.7,6.7, 1096
02/24/2020,15:47,6.71,6.71,6.71,6.71, 1375
02/24/2020,15:47,6.71,6.74,6.71,6.74, 3001
02/24/2020,15:48,6.75,6.76,6.75,6.76, 1220
02/24/2020,15:51,6.75,6.75,6.74,6.74, 1540
02/24/2020,15:58,6.73,6.73,6.72,6.72, 1288
02/24/2020,15:59,6.71,6.72,6.71,6.72, 622
02/24/2020,16:01,6.74,6.74,6.74,6.74, 859
02/24/2020,16:02,6.75,6.75,6.75,6.75, 501
02/24/2020,16:06,6.75,6.76,6.75,6.76, 1276
02/24/2020,16:07,6.77,6.78,6.77,6.78, 500
02/24/2020,16:09,6.78,6.78,6.78,6.78, 2000
02/24/2020,16:19,6.8,6.8,6.8,6.8, 135
02/24/2020,16:20,6.8,6.8,6.8,6.8, 520
02/24/2020,16:21,6.77,6.77,6.77,6.77, 2703
02/24/2020,16:22,6.78,6.78,6.78,6.78, 460
02/24/2020,16:23,6.78,6.78,6.78,6.78, 760
02/24/2020,16:25,6.77,6.77,6.77,6.77, 852
02/24/2020,16:28,6.75,6.76,6.75,6.75, 3172
02/24/2020,16:38,6.74,6.74,6.74,6.74, 2354
02/24/2020,16:43,6.73,6.73,6.73,6.73, 1950
02/24/2020,16:45,6.74,6.75,6.73,6.73, 1576
02/24/2020,16:47,6.73,6.73,6.73,6.73, 420
02/24/2020,16:49,6.74,6.75,6.74,6.75, 2286
02/24/2020,16:53,6.75,6.75,6.75,6.75, 600
02/24/2020,16:58,6.76,6.78,6.75,6.78, 1970
02/24/2020,17:02,6.77,6.77,6.77,6.77, 1674
02/24/2020,17:05,6.76,6.76,6.76,6.76, 739
02/24/2020,17:07,6.76,6.77,6.76,6.76, 1185
02/24/2020,17:09,6.77,6.77,6.75,6.75, 1199
02/24/2020,17:10,6.73,6.74,6.73,6.73, 1448
02/24/2020,17:13,6.71,6.72,6.71,6.72, 1073
02/24/2020,17:16,6.71,6.72,6.71,6.71, 1853
02/24/2020,17:19,6.7,6.73,6.69,6.7, 16655
02/24/2020,17:20,6.69,6.69,6.69,6.69, 895
02/24/2020,17:22,6.69,6.71,6.69,6.71, 3859
02/24/2020,17:23,6.71,6.71,6.71,6.71, 84
02/24/2020,17:24,6.7,6.7,6.7,6.7, 1809
02/24/2020,17:25,6.7,6.7,6.7,6.7, 841
02/24/2020,17:26,6.7,6.7,6.68,6.68, 697
02/24/2020,17:27,6.7,6.7,6.7,6.7, 2700
02/24/2020,17:29,6.7,6.7,6.68,6.68, 1708
02/24/2020,17:30,6.69,6.69,6.68,6.68, 5585
02/24/2020,17:32,6.68,6.68,6.68,6.68, 5067
02/24/2020,17:36,6.68,6.68,6.68,6.68, 25521
02/25/2020,09:01,6.68,6.68,6.68,6.68, 4285
02/25/2020,09:02,6.71,6.73,6.68,6.71, 3138
02/25/2020,09:03,6.68,6.72,6.67,6.67, 11325
02/25/2020,09:04,6.67,6.68,6.67,6.68, 6471
02/25/2020,09:05,6.7,6.75,6.7,6.75, 17175
02/25/2020,09:06,6.75,6.83,6.75,6.83, 8083
02/25/2020,09:08,6.83,6.83,6.83,6.83, 2125
02/25/2020,09:09,6.81,6.81,6.75,6.75, 4409
02/25/2020,09:11,6.73,6.74,6.71,6.74, 2339
02/25/2020,09:12,6.77,6.78,6.77,6.78, 7215
02/25/2020,09:13,6.79,6.79,6.78,6.78, 4628
02/25/2020,09:16,6.77,6.77,6.76,6.76, 1834
02/25/2020,09:19,6.73,6.76,6.7,6.73, 26900
02/25/2020,09:20,6.73,6.74,6.73,6.74, 728
02/25/2020,09:21,6.75,6.77,6.75,6.76, 775
02/25/2020,09:22,6.77,6.78,6.76,6.78, 3240
02/25/2020,09:23,6.79,6.79,6.78,6.79, 4509
02/25/2020,09:24,6.79,6.81,6.7,6.72, 33379
02/25/2020,09:26,6.71,6.71,6.69,6.7, 8023
02/25/2020,09:28,6.69,6.7,6.69,6.7, 2034
02/25/2020,09:30,6.7,6.7,6.69,6.69, 470
02/25/2020,09:33,6.68,6.7,6.68,6.7, 8278
02/25/2020,09:34,6.7,6.7,6.69,6.69, 2104
02/25/2020,09:35,6.7,6.79,6.7,6.77, 17928
02/25/2020,09:36,6.79,6.79,6.77,6.77, 1552
02/25/2020,09:39,6.78,6.78,6.77,6.77, 5019
02/25/2020,09:39,6.77,6.77,6.77,6.77, 79
02/25/2020,09:42,6.76,6.76,6.71,6.71, 2960
02/25/2020,09:43,6.72,6.74,6.72,6.72, 1951
02/25/2020,09:44,6.69,6.7,6.69,6.7, 3693
02/25/2020,09:46,6.65,6.65,6.65,6.65, 70
02/25/2020,09:47,6.68,6.69,6.66,6.66, 947
02/25/2020,09:52,6.66,6.66,6.66,6.66, 544
02/25/2020,09:54,6.67,6.67,6.66,6.66, 1651
02/25/2020,09:55,6.66,6.66,6.65,6.65, 2610
02/25/2020,09:56,6.62,6.62,6.62,6.62, 450
02/25/2020,10:01,6.62,6.65,6.62,6.65, 917
02/25/2020,10:02,6.66,6.68,6.66,6.68, 1668
02/25/2020,10:07,6.69,6.71,6.68,6.71, 10811
02/25/2020,10:08,6.71,6.73,6.7,6.73, 11238
02/25/2020,10:09,6.72,6.72,6.71,6.71, 1687
02/25/2020,10:10,6.71,6.71,6.68,6.69, 2162
02/25/2020,10:13,6.66,6.66,6.65,6.66, 1875
02/25/2020,10:14,6.67,6.67,6.6,6.6, 10400
02/25/2020,10:14,6.59,6.59,6.59,6.59, 400
02/25/2020,10:16,6.61,6.63,6.61,6.63, 804
02/25/2020,10:17,6.64,6.65,6.64,6.65, 200
02/25/2020,10:22,6.6,6.61,6.6,6.61, 500
02/25/2020,10:23,6.59,6.59,6.59,6.59, 107
02/25/2020,10:25,6.6,6.6,6.59,6.59, 619
02/25/2020,10:26,6.58,6.6,6.57,6.6, 2399
02/25/2020,10:27,6.6,6.6,6.6,6.6, 30
02/25/2020,10:28,6.61,6.62,6.61,6.62, 2334
02/25/2020,10:30,6.61,6.61,6.6,6.6, 136
02/25/2020,10:39,6.59,6.59,6.56,6.56, 1086
02/25/2020,10:41,6.58,6.58,6.58,6.58, 627
02/25/2020,10:46,6.59,6.59,6.59,6.59, 100
02/25/2020,10:56,6.57,6.57,6.56,6.56, 7690
02/25/2020,10:57,6.56,6.56,6.56,6.56, 218
02/25/2020,10:58,6.56,6.56,6.56,6.56, 1603
02/25/2020,11:03,6.57,6.57,6.55,6.56, 2931
02/25/2020,11:04,6.55,6.55,6.55,6.55, 2727
02/25/2020,11:18,6.55,6.55,6.53,6.53, 861
02/25/2020,11:27,6.51,6.51,6.5,6.5, 4683
02/25/2020,11:29,6.53,6.53,6.53,6.53, 500
02/25/2020,11:29,6.52,6.52,6.52,6.52, 708
02/25/2020,11:33,6.51,6.51,6.51,6.51, 1009
02/25/2020,11:34,6.5,6.53,6.5,6.51, 1610
02/25/2020,11:40,6.5,6.5,6.5,6.5, 1180
02/25/2020,11:41,6.52,6.52,6.52,6.52, 526
02/25/2020,11:43,6.52,6.53,6.52,6.53, 1000
02/25/2020,11:46,6.53,6.54,6.53,6.54, 1744
02/25/2020,11:49,6.5,6.5,6.5,6.5, 7888
02/25/2020,11:50,6.49,6.49,6.48,6.48, 3021
02/25/2020,11:51,6.49,6.54,6.49,6.54, 2591
02/25/2020,11:56,6.54,6.57,6.54,6.57, 3019
02/25/2020,11:58,6.57,6.57,6.57,6.57, 1026
02/25/2020,12:01,6.57,6.57,6.56,6.56, 1581
02/25/2020,12:02,6.55,6.55,6.55,6.55, 580
02/25/2020,12:09,6.55,6.55,6.55,6.55, 1681
02/25/2020,12:27,6.58,6.58,6.57,6.58, 1036
02/25/2020,12:34,6.58,6.6,6.58,6.58, 5267
02/25/2020,12:36,6.6,6.6,6.6,6.6, 87
02/25/2020,12:49,6.6,6.61,6.6,6.61, 3844
02/25/2020,12:50,6.63,6.64,6.62,6.62, 2690
02/25/2020,12:52,6.65,6.65,6.64,6.64, 527
02/25/2020,12:53,6.64,6.64,6.63,6.63, 974
02/25/2020,12:54,6.64,6.64,6.64,6.64, 621
02/25/2020,12:58,6.62,6.62,6.62,6.62, 19
02/25/2020,12:59,6.62,6.63,6.62,6.63, 1135
02/25/2020,13:03,6.65,6.65,6.65,6.65, 19
02/25/2020,13:23,6.61,6.61,6.61,6.61, 1010
02/25/2020,13:28,6.63,6.64,6.63,6.64, 1493
02/25/2020,13:48,6.66,6.68,6.66,6.67, 3351
02/25/2020,14:00,6.69,6.7,6.67,6.67, 3815
02/25/2020,14:03,6.69,6.69,6.69,6.69, 226
02/25/2020,14:10,6.7,6.7,6.68,6.68, 765
02/25/2020,14:11,6.68,6.68,6.68,6.68, 998
02/25/2020,14:14,6.68,6.68,6.68,6.68, 400
02/25/2020,14:15,6.67,6.67,6.67,6.67, 290
02/25/2020,14:24,6.68,6.68,6.68,6.68, 801
02/25/2020,14:25,6.68,6.68,6.68,6.68, 577
02/25/2020,14:40,6.7,6.7,6.67,6.67, 900
02/25/2020,14:41,6.67,6.67,6.67,6.67, 500
02/25/2020,14:45,6.68,6.68,6.68,6.68, 375
02/25/2020,14:46,6.69,6.69,6.69,6.69, 631
02/25/2020,14:51,6.7,6.7,6.68,6.7, 3136
02/25/2020,15:18,6.69,6.69,6.68,6.68, 1644
02/25/2020,15:23,6.7,6.7,6.7,6.7, 457
02/25/2020,15:24,6.7,6.7,6.7,6.7, 528
02/25/2020,15:32,6.71,6.71,6.69,6.7, 3758
02/25/2020,15:34,6.66,6.66,6.65,6.65, 315
02/25/2020,15:39,6.65,6.65,6.65,6.65, 526
02/25/2020,15:40,6.66,6.66,6.66,6.66, 502
02/25/2020,15:45,6.63,6.63,6.63,6.63, 8
02/25/2020,15:47,6.62,6.62,6.61,6.62, 3296
02/25/2020,15:55,6.64,6.64,6.64,6.64, 522
02/25/2020,16:01,6.66,6.66,6.65,6.65, 621
02/25/2020,16:04,6.64,6.64,6.63,6.63, 947
02/25/2020,16:15,6.61,6.61,6.6,6.61, 5502
02/25/2020,16:21,6.6,6.6,6.59,6.59, 1691
02/25/2020,16:23,6.59,6.59,6.59,6.59, 1628
02/25/2020,16:25,6.59,6.59,6.56,6.56, 6139
02/25/2020,16:26,6.53,6.53,6.52,6.52, 6423
02/25/2020,16:28,6.56,6.57,6.56,6.56, 3768
02/25/2020,16:29,6.56,6.6,6.54,6.6, 6335
02/25/2020,16:29,6.6,6.61,6.59,6.61, 10963
02/25/2020,16:31,6.61,6.61,6.59,6.59, 4614
02/25/2020,16:36,6.57,6.58,6.56,6.58, 3509
02/25/2020,16:38,6.59,6.59,6.58,6.58, 1343
02/25/2020,16:39,6.59,6.59,6.59,6.59, 220
02/25/2020,16:41,6.58,6.58,6.58,6.58, 9
02/25/2020,16:42,6.59,6.59,6.59,6.59, 400
02/25/2020,16:44,6.6,6.6,6.58,6.58, 817
02/25/2020,16:47,6.6,6.6,6.6,6.6, 3371
02/25/2020,16:48,6.59,6.59,6.58,6.58, 407
02/25/2020,16:51,6.57,6.57,6.57,6.57, 1075
02/25/2020,16:51,6.57,6.57,6.57,6.57, 26
02/25/2020,16:53,6.56,6.56,6.56,6.56, 506
02/25/2020,16:56,6.56,6.58,6.55,6.55, 1735
02/25/2020,16:58,6.55,6.55,6.55,6.55, 400
02/25/2020,16:59,6.56,6.56,6.55,6.55, 720
02/25/2020,17:05,6.55,6.55,6.55,6.55, 734
02/25/2020,17:06,6.56,6.56,6.56,6.56, 736
02/25/2020,17:08,6.53,6.53,6.53,6.53, 1000
02/25/2020,17:09,6.54,6.54,6.54,6.54, 60
02/25/2020,17:11,6.52,6.52,6.52,6.52, 132
02/25/2020,17:11,6.51,6.51,6.5,6.51, 15952
02/25/2020,17:17,6.44,6.46,6.43,6.46, 3084
02/25/2020,17:18,6.45,6.46,6.45,6.46, 831
02/25/2020,17:19,6.46,6.46,6.46,6.46, 998
02/25/2020,17:20,6.46,6.46,6.46,6.46, 416
02/25/2020,17:22,6.49,6.49,6.48,6.48, 1609
02/25/2020,17:23,6.48,6.49,6.48,6.49, 464
02/25/2020,17:25,6.49,6.49,6.49,6.49, 1423
02/25/2020,17:26,6.5,6.51,6.5,6.51, 669
02/25/2020,17:29,6.51,6.52,6.51,6.51, 951
02/25/2020,17:36,6.51,6.51,6.51,6.51, 17664
02/26/2020,09:04,6.28,6.28,6.24,6.24, 39303
02/26/2020,09:05,6.22,6.24,6.22,6.24, 3072
02/26/2020,09:06,6.24,6.25,6.18,6.21, 16155
02/26/2020,09:07,6.2,6.2,6.17,6.17, 1136
02/26/2020,09:09,6.2,6.2,6.18,6.19, 16026
02/26/2020,09:10,6.2,6.2,6.2,6.2, 761
02/26/2020,09:11,6.2,6.26,6.2,6.26, 11960
02/26/2020,09:12,6.23,6.23,6.23,6.23, 400
02/26/2020,09:14,6.23,6.25,6.23,6.24, 2011
02/26/2020,09:17,6.22,6.22,6.19,6.19, 3742
02/26/2020,09:18,6.18,6.18,6.17,6.17, 5000
02/26/2020,09:20,6.19,6.2,6.19,6.19, 7739
02/26/2020,09:21,6.19,6.23,6.19,6.23, 4436
02/26/2020,09:23,6.24,6.24,6.24,6.24, 2273
02/26/2020,09:24,6.23,6.23,6.21,6.21, 913
02/26/2020,09:25,6.22,6.29,6.22,6.29, 28669
02/26/2020,09:26,6.27,6.28,6.26,6.26, 6794
02/26/2020,09:27,6.26,6.3,6.26,6.3, 11865
02/26/2020,09:28,6.3,6.31,6.29,6.29, 5702
02/26/2020,09:29,6.28,6.28,6.28,6.28, 400
02/26/2020,09:30,6.28,6.3,6.28,6.3, 2957
02/26/2020,09:32,6.29,6.3,6.29,6.29, 1210
02/26/2020,09:35,6.29,6.29,6.26,6.26, 1041
02/26/2020,09:36,6.25,6.25,6.25,6.25, 1300
02/26/2020,09:37,6.27,6.27,6.27,6.27, 418
02/26/2020,09:39,6.29,6.29,6.29,6.29, 513
02/26/2020,09:41,6.27,6.27,6.27,6.27, 171
02/26/2020,09:44,6.26,6.26,6.24,6.24, 4178
02/26/2020,09:47,6.23,6.24,6.23,6.24, 627
02/26/2020,09:48,6.23,6.23,6.21,6.22, 1550
02/26/2020,09:49,6.23,6.23,6.21,6.21, 5500
02/26/2020,09:50,6.2,6.21,6.19,6.2, 12594
02/26/2020,09:51,6.21,6.21,6.21,6.21, 1000
02/26/2020,09:52,6.21,6.24,6.21,6.24, 3302
02/26/2020,09:53,6.25,6.25,6.21,6.21, 904
02/26/2020,09:55,6.2,6.2,6.2,6.2, 3300
02/26/2020,09:56,6.22,6.24,6.22,6.23, 15313
02/26/2020,09:57,6.22,6.22,6.21,6.21, 1246
02/26/2020,09:58,6.22,6.22,6.21,6.21, 3950
02/26/2020,09:59,6.19,6.2,6.19,6.2, 1687
02/26/2020,10:02,6.19,6.19,6.18,6.18, 871
02/26/2020,10:03,6.19,6.19,6.19,6.19, 620
02/26/2020,10:07,6.16,6.16,6.14,6.14, 2900
02/26/2020,10:08,6.15,6.15,6.15,6.15, 2387
02/26/2020,10:11,6.13,6.13,6.13,6.13, 1592
02/26/2020,10:12,6.13,6.13,6.13,6.13, 15455
02/26/2020,10:16,6.16,6.16,6.16,6.16, 500
02/26/2020,10:16,6.13,6.13,6.13,6.13, 400
02/26/2020,10:20,6.16,6.16,6.13,6.13, 3140
02/26/2020,10:21,6.14,6.14,6.14,6.14, 2270
02/26/2020,10:22,6.15,6.17,6.15,6.17, 3797
02/26/2020,10:23,6.17,6.18,6.17,6.18, 2548
02/26/2020,10:24,6.2,6.2,6.19,6.19, 2621
02/26/2020,10:30,6.2,6.22,6.2,6.21, 4619
02/26/2020,10:32,6.21,6.21,6.2,6.2, 600
02/26/2020,10:34,6.22,6.22,6.21,6.21, 900
02/26/2020,10:37,6.22,6.22,6.22,6.22, 1100
02/26/2020,10:38,6.26,6.26,6.26,6.26, 150
02/26/2020,10:40,6.26,6.26,6.26,6.26, 2500
02/26/2020,10:43,6.27,6.29,6.27,6.29, 700
02/26/2020,10:46,6.26,6.26,6.24,6.24, 1384
02/26/2020,10:54,6.21,6.21,6.21,6.21, 200
02/26/2020,10:55,6.19,6.19,6.17,6.17, 1000
02/26/2020,10:56,6.2,6.2,6.2,6.2, 390
02/26/2020,10:59,6.21,6.21,6.21,6.21, 2000
02/26/2020,10:59,6.19,6.19,6.19,6.19, 660
02/26/2020,10:54,6.21,6.21,6.21,6.21, 200
02/26/2020,10:55,6.19,6.19,6.17,6.17, 1000
02/26/2020,10:56,6.2,6.2,6.2,6.2, 390
02/26/2020,10:59,6.21,6.21,6.21,6.21, 2000
02/26/2020,11:01,6.19,6.21,6.19,6.21, 770
02/26/2020,11:04,6.22,6.24,6.22,6.23, 494
02/26/2020,11:06,6.25,6.25,6.25,6.25, 705
02/26/2020,11:15,6.27,6.27,6.27,6.27, 1751
02/26/2020,11:22,6.27,6.27,6.27,6.27, 1355
02/26/2020,11:25,6.25,6.25,6.24,6.24, 2823
02/26/2020,11:28,6.24,6.24,6.24,6.24, 521
02/26/2020,11:33,6.23,6.23,6.23,6.23, 216
02/26/2020,11:34,6.24,6.24,6.24,6.24, 1047
02/26/2020,11:45,6.23,6.23,6.23,6.23, 200
02/26/2020,11:46,6.23,6.23,6.22,6.22, 1674
02/26/2020,11:47,6.22,6.22,6.21,6.22, 2368
02/26/2020,11:48,6.22,6.22,6.21,6.21, 2307
02/26/2020,11:49,6.2,6.21,6.19,6.21, 24377
02/26/2020,11:50,6.22,6.25,6.22,6.25, 6387
02/26/2020,11:51,6.25,6.26,6.25,6.26, 1182
02/26/2020,11:52,6.28,6.29,6.27,6.29, 1100
02/26/2020,11:53,6.29,6.3,6.29,6.3, 2486
02/26/2020,11:54,6.3,6.31,6.29,6.29, 19395
02/26/2020,11:54,6.29,6.29,6.29,6.29, 1831
02/26/2020,12:00,6.29,6.3,6.29,6.3, 1835
02/26/2020,12:19,6.29,6.29,6.29,6.29, 1737
02/26/2020,12:21,6.27,6.28,6.27,6.28, 191
02/26/2020,12:22,6.28,6.29,6.28,6.29, 526
02/26/2020,12:25,6.3,6.31,6.3,6.31, 179
02/26/2020,12:33,6.31,6.31,6.31,6.31, 384
02/26/2020,12:40,6.31,6.31,6.31,6.31, 89
02/26/2020,12:51,6.32,6.32,6.32,6.32, 400
02/26/2020,12:57,6.33,6.33,6.33,6.33, 8
02/26/2020,13:04,6.34,6.34,6.34,6.34, 400
02/26/2020,13:06,6.32,6.32,6.29,6.3, 6111
02/26/2020,13:07,6.3,6.31,6.28,6.28, 1674
02/26/2020,13:07,6.3,6.3,6.28,6.28, 783
02/26/2020,13:09,6.28,6.28,6.28,6.28, 834
02/26/2020,13:10,6.29,6.31,6.29,6.31, 426
02/26/2020,13:11,6.32,6.35,6.32,6.35, 1101
02/26/2020,13:20,6.32,6.32,6.32,6.32, 1150
02/26/2020,13:23,6.3,6.3,6.3,6.3, 130
02/26/2020,13:29,6.31,6.33,6.31,6.33, 3402
02/26/2020,13:31,6.36,6.36,6.35,6.35, 1500
02/26/2020,13:34,6.37,6.37,6.35,6.35, 1175
02/26/2020,13:39,6.36,6.36,6.36,6.36, 780
02/26/2020,13:41,6.36,6.36,6.36,6.36, 466
02/26/2020,13:41,6.38,6.38,6.38,6.38, 556
02/26/2020,13:44,6.39,6.39,6.39,6.39, 100
02/26/2020,13:45,6.4,6.4,6.4,6.4, 30
02/26/2020,13:49,6.42,6.42,6.42,6.42, 400
02/26/2020,13:51,6.42,6.42,6.41,6.41, 1567
02/26/2020,14:09,6.41,6.41,6.38,6.38, 4997
02/26/2020,14:10,6.36,6.36,6.36,6.36, 1222
02/26/2020,14:11,6.35,6.35,6.35,6.35, 126
02/26/2020,14:19,6.36,6.36,6.36,6.36, 2747
02/26/2020,14:23,6.36,6.38,6.36,6.37, 2833
02/26/2020,14:26,6.38,6.39,6.38,6.39, 3279
02/26/2020,14:28,6.38,6.38,6.38,6.38, 479
02/26/2020,14:37,6.41,6.41,6.41,6.41, 5600
02/26/2020,14:38,6.41,6.43,6.41,6.43, 1834
02/26/2020,14:39,6.41,6.41,6.41,6.41, 85
02/26/2020,14:44,6.43,6.44,6.41,6.41, 3408
02/26/2020,14:46,6.38,6.38,6.38,6.38, 180
02/26/2020,14:47,6.39,6.39,6.39,6.39, 400
02/26/2020,14:50,6.39,6.4,6.39,6.4, 1500
02/26/2020,14:57,6.39,6.39,6.39,6.39, 30
02/26/2020,14:58,6.37,6.37,6.35,6.35, 437
02/26/2020,14:59,6.35,6.35,6.35,6.35, 85
02/26/2020,15:09,6.35,6.35,6.34,6.34, 574
02/26/2020,15:09,6.35,6.35,6.35,6.35, 595
02/26/2020,15:13,6.37,6.37,6.37,6.37, 1126
02/26/2020,15:31,6.34,6.34,6.34,6.34, 1234
02/26/2020,15:32,6.36,6.36,6.36,6.36, 659
02/26/2020,15:33,6.36,6.38,6.36,6.38, 401
02/26/2020,15:37,6.38,6.38,6.38,6.38, 400
02/26/2020,15:44,6.39,6.39,6.39,6.39, 579
02/26/2020,15:45,6.4,6.41,6.4,6.41, 6236
02/26/2020,15:53,6.38,6.38,6.37,6.37, 755
02/26/2020,15:55,6.38,6.38,6.38,6.38, 809
02/26/2020,16:01,6.36,6.36,6.36,6.36, 429
02/26/2020,16:01,6.36,6.36,6.36,6.36, 400
02/26/2020,16:02,6.35,6.35,6.35,6.35, 841
02/26/2020,16:12,6.34,6.34,6.34,6.34, 220
02/26/2020,16:14,6.34,6.34,6.34,6.34, 770
02/26/2020,16:15,6.34,6.34,6.34,6.34, 433
02/26/2020,16:16,6.34,6.34,6.34,6.34, 577
02/26/2020,16:18,6.36,6.36,6.36,6.36, 4
02/26/2020,16:21,6.37,6.37,6.37,6.37, 803
02/26/2020,16:24,6.36,6.36,6.34,6.35, 5311
02/26/2020,16:25,6.36,6.36,6.36,6.36, 9
02/26/2020,16:29,6.36,6.37,6.36,6.37, 874
02/26/2020,16:31,6.36,6.38,6.36,6.38, 11021
02/26/2020,16:35,6.4,6.41,6.4,6.41, 1710
02/26/2020,16:40,6.4,6.4,6.39,6.39, 1393
02/26/2020,16:41,6.4,6.4,6.4,6.4, 400
02/26/2020,16:42,6.4,6.4,6.4,6.4, 603
02/26/2020,16:52,6.4,6.4,6.36,6.36, 10977
02/26/2020,16:59,6.35,6.37,6.35,6.37, 1828
02/26/2020,17:07,6.36,6.36,6.36,6.36, 299
02/26/2020,17:10,6.34,6.34,6.33,6.33, 3196
02/26/2020,17:12,6.32,6.32,6.32,6.32, 29
02/26/2020,17:15,6.3,6.34,6.3,6.33, 3473
02/26/2020,17:17,6.33,6.33,6.33,6.33, 1194
02/26/2020,17:21,6.33,6.36,6.33,6.36, 2895
02/26/2020,17:23,6.35,6.35,6.35,6.35, 823
02/26/2020,17:25,6.35,6.35,6.35,6.35, 4910
02/26/2020,17:26,6.34,6.34,6.34,6.34, 11
02/26/2020,17:30,6.34,6.34,6.34,6.34, 2410
02/26/2020,17:36,6.35,6.35,6.35,6.35, 35259
02/28/2020,12:03,5.98,5.99,5.97,5.97, 2185
02/28/2020,12:04,5.98,5.98,5.98,5.98, 785
02/28/2020,12:08,6,6,6,6, 2000
02/28/2020,12:12,6.01,6.02,6.01,6.02, 546
02/28/2020,12:14,6.02,6.02,6.02,6.02, 533
02/28/2020,12:20,6.03,6.03,6.03,6.03, 1572
02/28/2020,12:21,6.03,6.04,6.03,6.04, 426
02/28/2020,12:24,6.05,6.05,6.05,6.05, 534
02/28/2020,12:28,6.01,6.06,6.01,6.06, 1560
02/28/2020,12:30,6.05,6.05,6.05,6.05, 389
02/28/2020,12:31,6.06,6.06,6.06,6.06, 76
02/28/2020,12:32,6.07,6.07,6.07,6.07, 423
02/28/2020,12:34,6.07,6.07,6.06,6.06, 1176
02/28/2020,12:36,6.07,6.07,6.07,6.07, 5000
02/28/2020,12:39,6.05,6.05,6.05,6.05, 30
02/28/2020,12:41,6.04,6.04,6.04,6.04, 191
02/28/2020,12:43,6.03,6.03,6.03,6.03, 941
02/28/2020,12:45,6.01,6.01,6.01,6.01, 2560
02/28/2020,12:46,5.99,5.99,5.99,5.99, 240
02/28/2020,12:47,6,6,6,6, 187
02/28/2020,12:48,5.99,5.99,5.99,5.99, 463
02/28/2020,12:50,5.98,5.98,5.98,5.98, 192
02/28/2020,12:55,5.98,5.98,5.98,5.98, 400
02/28/2020,12:56,5.98,5.98,5.98,5.98, 25
02/28/2020,12:58,5.96,5.96,5.96,5.96, 48
02/28/2020,12:59,5.96,5.96,5.96,5.96, 1
02/28/2020,13:03,5.93,5.93,5.93,5.93, 596
02/28/2020,13:07,5.93,5.93,5.92,5.92, 1001
02/28/2020,13:09,5.94,5.94,5.94,5.94, 197
02/28/2020,13:10,5.96,5.96,5.96,5.96, 100
02/28/2020,13:11,5.94,5.94,5.94,5.94, 17
02/28/2020,13:13,5.96,5.96,5.96,5.96, 123
02/28/2020,13:21,5.98,5.98,5.97,5.97, 1786
02/28/2020,13:23,5.98,5.98,5.98,5.98, 307
02/28/2020,13:25,5.99,5.99,5.99,5.99, 230
02/28/2020,13:31,6,6,6,6, 23
02/28/2020,13:32,5.99,5.99,5.99,5.99, 272
02/28/2020,13:34,5.98,5.98,5.97,5.97, 3846
02/28/2020,13:34,5.97,5.97,5.97,5.97, 274
02/28/2020,13:36,5.97,5.97,5.95,5.95, 2259
02/28/2020,13:40,5.98,5.98,5.98,5.98, 464
02/28/2020,13:41,5.99,5.99,5.99,5.99, 235
02/28/2020,13:43,5.99,5.99,5.99,5.99, 575
02/28/2020,13:50,6,6,6,6, 500
02/28/2020,13:51,6.01,6.02,6.01,6.02, 1400
02/28/2020,13:55,6,6,6,6, 25
02/28/2020,13:58,5.99,5.99,5.99,5.99, 31
02/28/2020,14:05,6,6.01,5.99,5.99, 2256
02/28/2020,14:13,6,6,6,6, 557
02/28/2020,14:15,6.01,6.01,6.01,6.01, 314
02/28/2020,14:16,6.01,6.01,6,6, 960
02/28/2020,14:20,6,6,6,6, 19
02/28/2020,14:22,5.99,5.99,5.99,5.99, 558
02/28/2020,14:24,5.99,5.99,5.99,5.99, 749
02/28/2020,14:26,5.98,5.98,5.98,5.98, 1128
02/28/2020,14:31,5.99,6,5.99,5.99, 1855
02/28/2020,14:33,5.97,5.97,5.97,5.97, 2362
02/28/2020,14:35,5.97,5.97,5.97,5.97, 276
02/28/2020,14:39,5.96,5.96,5.95,5.95, 40
02/28/2020,14:44,5.94,5.94,5.94,5.94, 185
02/28/2020,14:48,5.92,5.92,5.9,5.9, 1876
02/28/2020,14:51,5.91,5.91,5.91,5.91, 200
02/28/2020,14:52,5.91,5.91,5.91,5.91, 709
02/28/2020,14:54,5.92,5.93,5.91,5.91, 2515
02/28/2020,14:56,5.9,5.9,5.9,5.9, 164
02/28/2020,15:05,5.9,5.9,5.9,5.9, 977
02/28/2020,15:06,5.89,5.9,5.89,5.9, 3067
02/28/2020,15:06,5.91,5.91,5.91,5.91, 1061
02/28/2020,15:08,5.91,5.91,5.91,5.91, 1645
02/28/2020,15:14,5.92,5.92,5.92,5.92, 300
02/28/2020,15:15,5.91,5.91,5.88,5.88, 928
02/28/2020,15:20,5.88,5.88,5.88,5.88, 1867
02/28/2020,15:24,5.9,5.9,5.89,5.89, 1376
02/28/2020,15:25,5.89,5.89,5.89,5.89, 794
02/28/2020,15:28,5.89,5.89,5.88,5.88, 1776
02/28/2020,15:29,5.9,5.9,5.9,5.9, 370
02/28/2020,15:30,5.91,5.91,5.91,5.91, 773
02/28/2020,15:32,5.94,5.95,5.93,5.94, 2296
02/28/2020,15:32,5.95,5.95,5.95,5.95, 498
02/28/2020,15:33,5.97,5.97,5.97,5.97, 400
02/28/2020,15:34,5.96,5.96,5.96,5.96, 4534
02/28/2020,15:35,5.98,5.99,5.98,5.98, 3473
02/28/2020,15:38,5.99,5.99,5.99,5.99, 1230
02/28/2020,15:40,6.04,6.04,6.04,6.04, 400
02/28/2020,15:41,6.02,6.02,6.02,6.02, 400
02/28/2020,15:42,6,6,5.99,5.99, 1998
02/28/2020,15:45,5.98,5.98,5.98,5.98, 249
02/28/2020,15:46,5.98,5.98,5.97,5.97, 85
02/28/2020,15:49,5.97,5.97,5.97,5.97, 877
02/28/2020,15:50,5.96,5.96,5.96,5.96, 13
02/28/2020,15:51,5.94,5.94,5.94,5.94, 158
02/28/2020,15:51,5.93,5.93,5.93,5.93, 1423
02/28/2020,15:54,5.93,5.93,5.93,5.93, 1281
02/28/2020,15:56,5.93,5.93,5.93,5.93, 68
02/28/2020,15:57,5.94,5.96,5.94,5.96, 1206
02/28/2020,15:58,5.94,5.94,5.94,5.94, 469
02/28/2020,15:58,5.93,5.93,5.93,5.93, 342
02/28/2020,16:01,5.93,5.93,5.93,5.93, 57
02/28/2020,16:05,5.91,5.91,5.91,5.91, 1291
02/28/2020,16:06,5.93,5.93,5.92,5.92, 956
02/28/2020,16:07,5.93,5.93,5.93,5.93, 482
02/28/2020,16:08,5.94,5.95,5.94,5.95, 2361
02/28/2020,16:09,5.95,5.95,5.95,5.95, 694
02/28/2020,16:09,5.94,5.94,5.94,5.94, 35
02/28/2020,16:11,5.94,5.94,5.94,5.94, 362
02/28/2020,16:12,5.93,5.93,5.93,5.93, 6
02/28/2020,16:13,5.93,5.93,5.93,5.93, 1004
02/28/2020,16:15,5.94,5.94,5.94,5.94, 988
02/28/2020,16:16,5.96,5.96,5.96,5.96, 1212
02/28/2020,16:17,5.97,5.97,5.97,5.97, 2808
02/28/2020,16:22,5.99,5.99,5.99,5.99, 379
02/28/2020,16:27,6,6,6,6, 225
02/28/2020,16:27,5.99,5.99,5.99,5.99, 2968
02/28/2020,16:29,5.98,5.98,5.98,5.98, 1237
02/28/2020,16:30,5.97,5.97,5.97,5.97, 4224
02/28/2020,16:34,5.97,5.97,5.97,5.97, 343
02/28/2020,16:36,5.98,5.98,5.98,5.98, 839
02/28/2020,16:37,6.01,6.01,6.01,6.01, 400
02/28/2020,16:38,6,6,6,6, 200
02/28/2020,16:39,6,6,6,6, 877
02/28/2020,16:40,5.99,5.99,5.99,5.99, 1498
02/28/2020,16:44,5.98,5.98,5.96,5.96, 800
02/28/2020,16:46,5.98,5.98,5.98,5.98, 592
02/28/2020,16:48,5.98,5.99,5.96,5.99, 3591
02/28/2020,16:49,5.97,5.97,5.97,5.97, 1435
02/28/2020,16:58,6,6,5.99,5.99, 1600
02/28/2020,17:00,6,6.01,6,6.01, 7248
02/28/2020,17:01,6,6.02,6,6.01, 2262
02/28/2020,17:02,6,6.01,6,6, 5792
02/28/2020,17:04,6,6,5.99,5.99, 618
02/28/2020,17:04,5.98,5.98,5.98,5.98, 1376
02/28/2020,17:06,5.97,5.97,5.97,5.97, 88
02/28/2020,17:07,5.95,5.95,5.95,5.95, 10
02/28/2020,17:11,5.94,5.95,5.94,5.95, 33
02/28/2020,17:13,5.96,5.96,5.95,5.95, 2224
02/28/2020,17:13,5.95,5.95,5.95,5.95, 1008
02/28/2020,17:14,5.94,5.94,5.94,5.94, 550
02/28/2020,17:15,5.95,5.95,5.95,5.95, 799
02/28/2020,17:16,5.96,5.96,5.96,5.96, 356
02/28/2020,17:18,5.96,5.96,5.96,5.96, 232
02/28/2020,17:20,5.95,5.95,5.95,5.95, 36
02/28/2020,17:21,5.97,5.97,5.97,5.97, 162
02/28/2020,17:23,5.97,5.97,5.97,5.97, 817
02/28/2020,17:24,5.95,5.95,5.95,5.95, 50
02/28/2020,17:26,5.95,5.96,5.95,5.96, 83
02/28/2020,17:26,5.97,5.97,5.97,5.97, 356
02/28/2020,17:29,5.98,5.98,5.98,5.98, 93
02/28/2020,17:30,5.99,5.99,5.98,5.99, 3896
02/28/2020,17:32,6.01,6.01,6.01,6.01, 76
02/28/2020,17:36,5.99,5.99,5.99,5.99, 18841

