04/07/2020,09:40,58.182,58.182,58.182,58.182, 1
04/07/2020,13:08,58.753,58.753,58.753,58.753, 1
04/08/2020,13:05,58.74,58.74,58.74,58.74, 1
04/09/2020,13:08,58.697,58.697,58.697,58.697, 1
04/14/2020,13:07,59.172,59.172,59.172,59.172, 1
04/15/2020,13:09,58.996,58.996,58.996,58.996, 1
04/16/2020,13:08,58.868,58.868,58.868,58.868, 1
04/17/2020,13:06,58.645,58.645,58.645,58.645, 1
04/18/2020,14:35,58.645,58.645,58.645,58.645, 1
04/18/2020,15:12,58.645,58.645,58.645,58.645, 1
04/18/2020,15:22,58.645,58.645,58.645,58.645, 1

