03/02/2020,16:01,13.839,13.839,13.839,13.839, 563
03/02/2020,16:05,13.84,13.84,13.84,13.84, 400
03/02/2020,16:18,13.709,13.709,13.709,13.709, 400
03/02/2020,16:49,13.749,13.749,13.749,13.749, 1000
03/02/2020,17:09,13.77,13.77,13.77,13.77, 2650
03/02/2020,17:33,13.773,13.773,13.77,13.77, 364
03/02/2020,18:14,13.81,13.82,13.81,13.82, 400
03/02/2020,18:15,13.81,13.82,13.81,13.82, 500
03/02/2020,18:23,13.795,13.795,13.795,13.795, 100
03/02/2020,18:36,13.81,13.82,13.81,13.82, 500
03/02/2020,18:44,13.795,13.795,13.795,13.795, 100
03/02/2020,18:54,13.77,13.77,13.77,13.77, 2500
03/02/2020,18:55,13.77,13.795,13.77,13.788, 5100
03/02/2020,18:56,13.78,13.8,13.77,13.77, 2000
03/02/2020,18:58,13.76,13.76,13.76,13.76, 600
03/02/2020,19:02,13.73,13.73,13.73,13.73, 1000
03/02/2020,19:03,13.73,13.73,13.73,13.73, 500
03/02/2020,19:10,13.71,13.73,13.71,13.71, 2300
03/02/2020,19:14,13.7,13.71,13.7,13.71, 706
03/02/2020,19:18,13.69,13.71,13.69,13.71, 200
03/02/2020,19:22,13.706,13.706,13.706,13.706, 100
03/02/2020,19:24,13.71,13.71,13.71,13.71, 200
03/02/2020,19:29,13.71,13.71,13.71,13.71, 200
03/02/2020,19:39,13.71,13.71,13.71,13.71, 200
03/02/2020,19:43,13.71,13.71,13.71,13.71, 100
03/02/2020,19:45,13.69,13.69,13.69,13.69, 1460
03/02/2020,19:48,13.71,13.71,13.71,13.71, 100
03/02/2020,19:51,13.68,13.68,13.68,13.68, 100
03/02/2020,19:53,13.69,13.69,13.69,13.69, 100
03/02/2020,19:56,13.695,13.695,13.695,13.695, 1460
03/02/2020,19:58,13.71,13.71,13.71,13.71, 100
03/02/2020,20:04,13.71,13.71,13.71,13.71, 100
03/02/2020,20:08,13.71,13.71,13.71,13.71, 100
03/02/2020,20:13,13.71,13.71,13.71,13.71, 100
03/02/2020,20:14,13.71,13.71,13.707,13.71, 500
03/02/2020,20:18,13.71,13.71,13.71,13.71, 100
03/02/2020,20:19,13.687,13.687,13.687,13.687, 315
03/02/2020,20:25,13.7,13.74,13.7,13.71, 3337
03/02/2020,20:28,13.72,13.72,13.72,13.72, 2973
03/03/2020,20:07,13.87,13.88,13.83,13.879, 1200
03/03/2020,20:42,13.83,13.83,13.83,13.83, 900
03/03/2020,20:53,13.8,13.8,13.8,13.8, 200
03/03/2020,21:25,13.81,13.81,13.81,13.81, 500
03/03/2020,21:25,13.811,13.811,13.79,13.79, 807
03/03/2020,21:41,13.85,13.85,13.847,13.85, 700
03/03/2020,21:58,13.8,13.8,13.8,13.8, 100
03/04/2020,15:31,13.87,13.87,13.87,13.87, 689
03/04/2020,16:09,13.71,13.71,13.71,13.71, 689
03/04/2020,16:51,13.87,13.87,13.87,13.87, 100
03/04/2020,17:07,13.87,13.87,13.87,13.87, 1950
03/04/2020,17:11,13.865,13.865,13.855,13.855, 2000
03/04/2020,17:17,13.82,13.82,13.82,13.82, 700
03/04/2020,17:22,13.87,13.87,13.87,13.87, 1250
03/04/2020,17:28,13.87,13.87,13.87,13.87, 135
03/04/2020,17:31,13.77,13.78,13.77,13.77, 1000
03/04/2020,20:48,13.84,13.84,13.84,13.84, 100
03/04/2020,20:57,13.87,13.87,13.86,13.86, 300
03/04/2020,20:58,13.87,13.87,13.87,13.87, 800
03/04/2020,21:36,13.87,13.87,13.87,13.87, 111
03/04/2020,21:41,13.89,13.89,13.885,13.885, 300
03/04/2020,21:45,13.9,13.9,13.9,13.9, 500
03/04/2020,21:52,13.92,13.92,13.92,13.92, 400
03/04/2020,21:58,13.97,13.99,13.95,13.99, 1912
03/04/2020,21:59,13.97,14.04,13.97,14.04, 2608
03/04/2020,22:00,14.04,14.04,14.005,14.04, 1018
03/05/2020,16:20,13.95,13.95,13.95,13.95, 1200
03/05/2020,16:22,13.973,13.973,13.973,13.973, 1786
03/05/2020,16:23,13.961,13.961,13.961,13.961, 500
03/05/2020,16:36,13.96,13.96,13.821,13.821, 3200
03/05/2020,16:43,13.82,13.82,13.82,13.82, 100
03/05/2020,16:58,13.82,13.848,13.81,13.81, 1300
03/05/2020,17:35,13.91,13.91,13.88,13.88, 300
03/05/2020,17:48,13.88,13.88,13.87,13.87, 2400
03/05/2020,19:17,13.93,13.93,13.93,13.93, 100
03/05/2020,19:36,13.87,13.87,13.87,13.87, 100
03/05/2020,19:52,13.87,13.87,13.87,13.87, 200
03/05/2020,20:29,13.87,13.87,13.87,13.87, 1300
03/05/2020,20:43,13.87,13.885,13.87,13.885, 600
03/05/2020,20:52,13.87,13.87,13.87,13.87, 100
03/05/2020,22:00,13.87,13.87,13.87,13.87, 100
03/06/2020,15:31,13.91,13.91,13.91,13.91, 200
03/06/2020,15:37,13.9,13.9,13.9,13.9, 500
03/06/2020,15:40,13.94,13.94,13.9,13.94, 800
03/06/2020,15:49,13.9,13.9,13.9,13.9, 200
03/06/2020,16:00,13.9,13.9,13.9,13.9, 200
03/06/2020,16:12,13.9,13.9,13.9,13.9, 100
03/06/2020,16:12,13.9,13.9,13.9,13.9, 200
03/06/2020,16:23,13.88,13.88,13.88,13.88, 100
03/06/2020,16:25,13.87,13.87,13.87,13.87, 1000
03/06/2020,16:35,13.88,13.88,13.88,13.88, 100
03/06/2020,16:40,13.878,13.878,13.87,13.87, 4035
03/06/2020,17:08,13.85,13.87,13.85,13.87, 2365
03/06/2020,19:38,13.841,13.841,13.841,13.841, 950
03/06/2020,19:40,13.875,13.875,13.875,13.875, 567
03/06/2020,20:03,13.85,13.85,13.83,13.83, 1543
03/06/2020,20:32,13.865,13.9,13.865,13.879, 3500
03/06/2020,21:50,13.85,13.85,13.85,13.85, 100
03/09/2020,15:35,13.75,13.78,13.75,13.77, 600
03/09/2020,15:44,13.7,13.7,13.7,13.7, 1559
03/09/2020,15:45,13.54,13.561,13.49,13.561, 4756
03/09/2020,15:53,13.49,13.53,13.49,13.53, 520
03/09/2020,16:12,13.511,13.555,13.5,13.555, 3486
03/09/2020,17:07,13.6,13.61,13.555,13.61, 1800
03/09/2020,17:22,13.51,13.53,13.5,13.5, 2178
03/09/2020,17:30,13.53,13.586,13.53,13.586, 4800
03/09/2020,18:02,13.6,13.6,13.6,13.6, 100
03/09/2020,19:30,13.586,13.586,13.586,13.586, 5000
03/09/2020,19:32,13.564,13.564,13.53,13.53, 1700
03/09/2020,19:43,13.53,13.53,13.53,13.53, 371
03/09/2020,19:52,13.54,13.55,13.54,13.55, 2500
03/09/2020,19:54,13.55,13.55,13.55,13.55, 3500
03/09/2020,19:59,13.53,13.53,13.53,13.53, 500
03/09/2020,20:01,13.537,13.54,13.537,13.54, 1000
03/09/2020,20:42,13.53,13.53,13.53,13.53, 1000
03/09/2020,20:48,13.53,13.53,13.53,13.53, 200
03/10/2020,14:31,13.75,13.75,13.75,13.75, 3000
03/10/2020,14:45,13.691,13.691,13.691,13.691, 400
03/10/2020,15:46,13.71,13.763,13.71,13.754, 600
03/10/2020,15:46,13.72,13.72,13.72,13.72, 100
03/10/2020,15:51,13.72,13.72,13.72,13.72, 100
03/10/2020,15:53,13.72,13.72,13.72,13.72, 140
03/10/2020,16:23,13.7,13.71,13.7,13.71, 2800
03/10/2020,18:05,13.69,13.69,13.69,13.69, 1341
03/10/2020,18:37,13.61,13.62,13.61,13.61, 1000
03/10/2020,19:13,13.56,13.56,13.55,13.55, 900
03/10/2020,19:17,13.525,13.525,13.5,13.5, 488
03/10/2020,20:19,13.5,13.51,13.5,13.51, 1100
03/10/2020,20:23,13.455,13.455,13.455,13.455, 373
03/10/2020,20:38,13.49,13.49,13.49,13.49, 500
03/10/2020,20:53,13.418,13.418,13.418,13.418, 300
03/10/2020,20:54,13.445,13.488,13.445,13.488, 1000
03/10/2020,20:55,13.48,13.48,13.43,13.43, 1500
03/10/2020,21:00,13.43,13.43,13.3,13.3, 541
03/11/2020,14:31,13.39,13.39,13.39,13.39, 349
03/11/2020,14:36,13.343,13.39,13.343,13.39, 900
03/11/2020,14:53,13.343,13.343,13.343,13.343, 600
03/11/2020,15:05,13.3,13.3,13.3,13.3, 100
03/11/2020,15:08,13.3,13.3,13.3,13.3, 1000
03/11/2020,15:10,13.3,13.3,13.3,13.3, 1000
03/11/2020,15:14,13.3,13.3,13.3,13.3, 100
03/11/2020,15:18,13.3,13.3,13.3,13.3, 100
03/11/2020,15:23,13.3,13.3,13.3,13.3, 100
03/11/2020,15:26,13.3,13.3,13.3,13.3, 1300
03/11/2020,15:27,13.25,13.25,13.25,13.25, 100
03/11/2020,15:47,13.23,13.23,13.23,13.23, 100
03/11/2020,15:52,13.23,13.23,13.23,13.23, 100
03/11/2020,16:03,13.18,13.18,13.18,13.18, 100
03/11/2020,16:08,13.17,13.17,13.17,13.17, 100
03/11/2020,16:20,13.234,13.234,13.152,13.154, 1000
03/11/2020,16:37,13.14,13.14,13.14,13.14, 100
03/11/2020,16:38,13.12,13.122,13.12,13.122, 1806
03/11/2020,17:30,13.13,13.15,13.13,13.15, 1400
03/11/2020,17:48,13.17,13.17,13.17,13.17, 100
03/11/2020,17:53,13.15,13.15,13.15,13.15, 100
03/11/2020,18:00,13.15,13.15,13.15,13.15, 100
03/11/2020,18:06,13.15,13.151,13.15,13.15, 500
03/11/2020,18:10,13.15,13.15,13.15,13.15, 100
03/11/2020,18:16,13.15,13.15,13.15,13.15, 100
03/11/2020,18:21,13.15,13.15,13.15,13.15, 100
03/11/2020,18:27,13.15,13.15,13.15,13.15, 100
03/11/2020,18:32,13.15,13.15,13.15,13.15, 100
03/11/2020,18:38,13.15,13.15,13.15,13.15, 100
03/11/2020,18:38,13.15,13.15,13.15,13.15, 250
03/11/2020,18:43,13.15,13.15,13.15,13.15, 100
03/11/2020,18:48,13.15,13.15,13.15,13.15, 100
03/11/2020,18:54,13.15,13.15,13.15,13.15, 100
03/11/2020,18:59,13.15,13.15,13.15,13.15, 100
03/11/2020,19:04,13.15,13.15,13.15,13.15, 100
03/11/2020,19:09,13.15,13.15,13.15,13.15, 100
03/11/2020,19:12,13.165,13.165,13.15,13.15, 700
03/11/2020,19:15,13.15,13.15,13.15,13.15, 500
03/11/2020,19:20,13.15,13.15,13.15,13.15, 100
03/11/2020,19:22,13.15,13.15,13.15,13.15, 200
03/11/2020,19:22,13.15,13.15,13.15,13.15, 100
03/11/2020,19:30,13.15,13.15,13.15,13.15, 100
03/11/2020,19:35,13.15,13.15,13.15,13.15, 100
03/11/2020,19:40,13.15,13.15,13.15,13.15, 300
03/11/2020,19:40,13.155,13.155,13.155,13.155, 100
03/11/2020,19:43,13.155,13.155,13.155,13.155, 100
03/11/2020,19:44,13.16,13.16,13.155,13.16, 949
03/11/2020,19:44,13.17,13.17,13.17,13.17, 100
03/11/2020,19:46,13.17,13.17,13.17,13.17, 200
03/11/2020,19:47,13.17,13.17,13.17,13.17, 200
03/11/2020,19:48,13.17,13.17,13.17,13.17, 200
03/11/2020,19:50,13.17,13.17,13.17,13.17, 200
03/11/2020,19:51,13.17,13.17,13.17,13.17, 200
03/11/2020,19:53,13.17,13.17,13.16,13.16, 2700
03/11/2020,19:54,13.15,13.165,13.15,13.165, 6000
03/11/2020,19:57,13.165,13.165,13.165,13.165, 200
03/11/2020,19:58,13.163,13.165,13.163,13.165, 1700
03/11/2020,19:59,13.15,13.15,13.15,13.15, 100
03/11/2020,19:59,13.165,13.165,13.165,13.165, 200
03/11/2020,20:00,13.165,13.165,13.165,13.165, 200
03/11/2020,20:02,13.165,13.165,13.15,13.15, 4200
03/11/2020,20:04,13.15,13.15,13.15,13.15, 100
03/11/2020,20:04,13.165,13.165,13.165,13.165, 200
03/11/2020,20:06,13.165,13.165,13.165,13.165, 200
03/11/2020,20:07,13.165,13.165,13.165,13.165, 200
03/11/2020,20:08,13.165,13.165,13.15,13.15, 300
03/11/2020,20:09,13.165,13.165,13.165,13.165, 200
03/11/2020,20:10,13.165,13.165,13.165,13.165, 200
03/11/2020,20:12,13.165,13.165,13.165,13.165, 200
03/11/2020,20:13,13.15,13.155,13.15,13.15, 3100
03/11/2020,20:15,13.154,13.165,13.154,13.165, 1017
03/11/2020,20:16,13.165,13.165,13.165,13.165, 200
03/11/2020,20:17,13.165,13.165,13.165,13.165, 200
03/11/2020,20:17,13.15,13.15,13.15,13.15, 100
03/11/2020,20:19,13.165,13.168,13.165,13.168, 1700
03/11/2020,20:19,13.165,13.165,13.165,13.165, 200
03/11/2020,20:21,13.169,13.169,13.165,13.165, 1700
03/11/2020,20:22,13.15,13.165,13.15,13.165, 300
03/11/2020,20:23,13.165,13.165,13.165,13.165, 200
03/11/2020,20:24,13.165,13.165,13.165,13.165, 200
03/11/2020,20:25,13.165,13.165,13.165,13.165, 200
03/11/2020,20:26,13.15,13.165,13.15,13.165, 300
03/11/2020,20:28,13.165,13.165,13.165,13.165, 200
03/11/2020,20:29,13.165,13.165,13.165,13.165, 200
03/11/2020,20:32,13.165,13.21,13.165,13.21, 3100
03/11/2020,20:33,13.215,13.23,13.215,13.23, 600
03/11/2020,20:35,13.29,13.299,13.29,13.29, 2000
03/11/2020,20:36,13.275,13.29,13.275,13.29, 200
03/11/2020,20:38,13.29,13.3,13.29,13.3, 300
03/11/2020,20:39,13.3,13.3,13.3,13.3, 200
03/11/2020,20:40,13.3,13.3,13.3,13.3, 200
03/11/2020,20:40,13.3,13.3,13.3,13.3, 100
03/11/2020,20:44,13.275,13.284,13.25,13.25, 3200
03/11/2020,20:45,13.16,13.2,13.12,13.15, 5300
03/11/2020,20:47,13.15,13.15,13.15,13.15, 100
03/11/2020,20:50,13.15,13.15,13.15,13.15, 100
03/11/2020,20:52,13.15,13.15,13.15,13.15, 100
03/11/2020,20:59,13.15,13.15,13.15,13.15, 200
03/11/2020,20:59,13.15,13.15,13.15,13.15, 100
03/11/2020,21:01,13.15,13.15,13.15,13.15, 100
03/12/2020,14:36,13.1,13.1,13.08,13.08, 500
03/12/2020,14:36,13.09,13.09,13.08,13.08, 800
03/12/2020,15:11,13.09,13.09,13.09,13.09, 1000
03/12/2020,15:52,13.4,13.4,13.104,13.104, 432
03/12/2020,16:41,13.18,13.18,13.16,13.16, 800
03/12/2020,16:41,13.17,13.17,13.15,13.15, 1900
03/12/2020,16:43,13.15,13.15,13,13, 5461
03/12/2020,17:20,12.9,12.9,12.89,12.892, 800
03/12/2020,17:35,12.69,12.69,12.28,12.28, 4432
03/12/2020,18:10,12.66,12.82,12.65,12.8, 4800
03/12/2020,18:15,12.72,12.72,12.72,12.72, 100
03/12/2020,18:56,12.56,12.56,12.56,12.56, 398
03/12/2020,19:31,12.64,12.64,12.64,12.64, 100
03/12/2020,19:44,12.7,12.7,12.7,12.7, 100
03/12/2020,20:05,12.64,12.64,12.64,12.64, 100
03/12/2020,20:07,12.61,12.61,12.61,12.61, 100
03/12/2020,20:24,12.681,12.681,12.681,12.681, 150
03/12/2020,20:35,12.66,12.66,12.65,12.65, 541
03/12/2020,20:36,12.72,12.72,12.72,12.72, 200
03/12/2020,20:37,12.66,12.66,12.66,12.66, 200
03/12/2020,20:48,12.663,12.663,12.663,12.663, 843
03/12/2020,21:00,12.73,12.73,12.73,12.73, 134
03/13/2020,14:59,12.75,12.75,12.75,12.75, 1000
03/13/2020,15:56,12.88,12.88,12.88,12.88, 100
03/13/2020,16:06,12.784,12.784,12.784,12.784, 2000
03/13/2020,17:25,12.85,12.85,12.85,12.85, 480
03/13/2020,18:18,12.797,12.797,12.797,12.797, 500
03/13/2020,18:34,12.805,12.805,12.805,12.805, 200
03/13/2020,18:52,12.78,12.78,12.78,12.78, 100
03/13/2020,18:54,12.8,12.8,12.8,12.8, 300
03/13/2020,19:00,12.79,12.8,12.78,12.789, 1200
03/13/2020,19:10,12.77,12.77,12.76,12.76, 500
03/13/2020,19:13,12.76,12.76,12.75,12.75, 10600
03/13/2020,19:53,12.775,12.775,12.775,12.775, 100
03/13/2020,20:00,12.752,12.752,12.752,12.752, 495
03/13/2020,20:13,12.834,12.834,12.75,12.77, 1000
03/13/2020,20:28,13,13,13,13, 100
03/13/2020,20:53,12.98,12.98,12.98,12.98, 200
03/13/2020,20:56,12.97,12.97,12.97,12.97, 100
03/13/2020,21:00,12.98,12.98,12.98,12.98, 110
03/16/2020,14:47,12.405,12.405,12.405,12.405, 750
03/16/2020,15:19,12.64,12.64,12.64,12.64, 100
03/16/2020,15:36,12.38,12.452,12.29,12.351, 5262
03/16/2020,16:06,12.36,12.36,12.36,12.36, 3404
03/16/2020,17:10,12.37,12.59,12.3,12.391, 6400
03/16/2020,17:21,12.28,12.28,12.28,12.28, 200
03/16/2020,18:02,12.28,12.28,12.28,12.28, 500
03/16/2020,18:10,12.26,12.26,12.26,12.26, 500
03/16/2020,18:18,12.2,12.2,12.2,12.2, 788
03/16/2020,18:32,12.2,12.2,12.2,12.2, 391
03/16/2020,20:05,12.25,12.25,12.2,12.25, 398
03/16/2020,20:13,12.26,12.435,12.26,12.4, 1659
03/16/2020,20:52,12.562,12.562,12.562,12.562, 105
03/16/2020,20:55,12.6,12.6,12.6,12.6, 100
03/16/2020,21:00,12.63,12.63,12.63,12.63, 100
03/16/2020,21:00,12.61,12.65,12.61,12.65, 251
03/17/2020,15:26,12.65,12.65,12.65,12.65, 100
03/17/2020,17:22,12.51,12.51,12.51,12.51, 100
03/17/2020,17:58,12.36,12.37,12.35,12.35, 1816
03/17/2020,18:50,12.445,12.445,12.445,12.445, 100
03/17/2020,20:51,12.3,12.387,12.21,12.21, 1614
03/17/2020,20:59,12.21,12.21,12.21,12.21, 500
03/17/2020,21:00,12.21,12.21,12.21,12.21, 200
03/17/2020,21:01,12.3,12.3,12.3,12.3, 100
03/18/2020,16:12,12.06,12.12,12.02,12.08, 6200
03/18/2020,16:39,11.97,11.99,11.97,11.97, 1200
03/18/2020,16:55,11.95,11.95,11.95,11.95, 300
03/18/2020,16:55,11.95,11.95,11.95,11.95, 300
03/18/2020,17:29,11.95,11.95,11.95,11.95, 200
03/18/2020,17:30,11.97,11.97,11.97,11.97, 300
03/18/2020,17:41,11.95,11.96,11.95,11.96, 1200
03/18/2020,17:44,11.94,11.94,11.94,11.94, 100
03/18/2020,17:46,11.9,11.9,11.9,11.9, 300
03/18/2020,17:53,11.9,11.901,11.9,11.9, 1000
03/18/2020,18:13,11.91,11.91,11.91,11.91, 500
03/18/2020,18:16,11.9,11.91,11.9,11.9, 6350
03/18/2020,18:26,11.78,11.78,11.78,11.78, 200
03/18/2020,18:38,11.78,11.78,11.78,11.78, 200
03/18/2020,18:39,11.808,11.82,11.808,11.82, 1800
03/18/2020,18:44,11.8,11.83,11.8,11.83, 438
03/18/2020,18:52,11.82,11.84,11.8,11.8, 2521
03/18/2020,18:53,11.78,11.787,11.76,11.76, 3254
03/18/2020,18:55,11.71,11.71,11.71,11.71, 500
03/18/2020,19:00,11.71,11.71,11.47,11.47, 3900
03/18/2020,19:02,11.461,11.461,11.45,11.45, 300
03/18/2020,19:03,11.41,11.45,11.41,11.45, 1000
03/18/2020,19:06,11.42,11.42,11.42,11.42, 300
03/18/2020,19:09,11.5,11.51,11.5,11.5, 950
03/18/2020,19:14,11.51,11.51,11.5,11.51, 1767
03/18/2020,19:18,11.5,11.51,11.5,11.51, 400
03/18/2020,19:20,11.47,11.48,11.47,11.48, 2000
03/18/2020,19:21,11.398,11.44,11.398,11.44, 2300
03/18/2020,19:43,11.75,11.75,11.73,11.73, 800
03/18/2020,19:46,11.74,11.74,11.74,11.74, 600
03/18/2020,20:38,11.803,11.803,11.803,11.803, 120
03/18/2020,20:41,11.95,11.98,11.91,11.98, 5700
03/18/2020,20:42,11.98,11.98,11.91,11.94, 600
03/18/2020,20:45,11.91,12,11.91,12, 900
03/18/2020,20:57,12,12,11.99,11.99, 400
03/18/2020,21:00,11.99,11.99,11.99,11.99, 100
03/18/2020,21:01,11.98,11.99,11.98,11.99, 200
03/19/2020,14:31,11.99,11.99,11.99,11.99, 300
03/19/2020,15:38,11.99,12,11.99,12, 300
03/19/2020,15:38,12,12,11.99,11.99, 300
03/19/2020,15:50,11.995,11.995,11.995,11.995, 100
03/19/2020,16:10,12,12,12,12, 100
03/19/2020,16:41,11.73,11.73,11.41,11.663, 9427
03/19/2020,16:53,11.943,11.943,11.943,11.943, 900
03/19/2020,16:57,11.589,11.589,11.589,11.589, 800
03/19/2020,17:29,11.879,11.879,11.879,11.879, 500
03/19/2020,17:34,11.82,11.82,11.82,11.82, 100
03/19/2020,17:49,11.753,11.753,11.753,11.753, 500
03/19/2020,17:57,11.79,11.8,11.71,11.8, 1600
03/19/2020,18:35,11.79,11.82,11.79,11.82, 1800
03/19/2020,18:36,11.82,11.82,11.82,11.82, 399
03/19/2020,18:46,11.97,12,11.97,12, 2100
03/19/2020,19:07,11.864,11.864,11.864,11.864, 428
03/19/2020,19:20,11.97,11.98,11.93,11.93, 9600
03/19/2020,19:20,11.92,11.92,11.91,11.91, 500
03/19/2020,19:23,11.83,11.83,11.8,11.8, 11800
03/19/2020,19:24,11.82,11.82,11.8,11.8, 700
03/19/2020,19:24,11.82,11.82,11.82,11.82, 600
03/19/2020,19:30,11.81,11.82,11.803,11.82, 1400
03/19/2020,19:31,11.8,11.8,11.8,11.8, 3900
03/19/2020,19:33,11.7,11.7,11.7,11.7, 200
03/19/2020,19:34,11.697,11.697,11.69,11.697, 400
03/19/2020,19:42,11.65,11.7,11.65,11.7, 234
03/19/2020,19:46,11.65,11.65,11.62,11.62, 2900
03/19/2020,19:52,11.6,11.6,11.6,11.6, 200
03/19/2020,20:07,11.61,11.62,11.601,11.62, 500
03/19/2020,20:10,11.59,11.59,11.59,11.59, 700
03/19/2020,20:17,11.555,11.59,11.555,11.58, 800
03/19/2020,20:27,11.555,11.555,11.555,11.555, 200
03/19/2020,20:42,11.59,11.59,11.59,11.59, 100
03/19/2020,20:44,11.56,11.56,11.52,11.52, 900
03/19/2020,20:50,11.555,11.555,11.555,11.555, 300
03/19/2020,20:56,11.56,11.59,11.555,11.555, 1380
03/19/2020,20:59,11.555,11.555,11.53,11.53, 400
03/19/2020,21:00,11.576,11.576,11.555,11.555, 2300
03/20/2020,15:18,11.98,12.085,11.98,11.98, 2200
03/20/2020,15:19,11.94,11.99,11.9,11.9, 400
03/20/2020,15:19,11.81,11.81,11.81,11.81, 1200
03/20/2020,15:22,11.875,11.875,11.875,11.875, 400
03/20/2020,15:27,11.9,11.9,11.86,11.86, 200
03/20/2020,16:09,11.8,11.8,11.8,11.8, 400
03/20/2020,16:17,12.19,12.19,12.19,12.19, 100
03/20/2020,16:21,12.15,12.19,12.15,12.19, 1000
03/20/2020,16:45,12.17,12.18,12.095,12.17, 900
03/20/2020,18:08,12.02,12.02,12.02,12.02, 200
03/20/2020,18:12,12.01,12.01,12.01,12.01, 100
03/20/2020,18:12,12.01,12.01,12.01,12.01, 200
03/20/2020,18:15,12.01,12.01,12,12, 1700
03/20/2020,19:01,11.864,11.864,11.864,11.864, 200
03/20/2020,19:38,11.85,11.896,11.85,11.896, 850
03/20/2020,19:48,11.916,11.916,11.882,11.882, 500
03/20/2020,19:56,11.81,11.81,11.81,11.81, 1000
03/20/2020,20:08,11.54,11.54,11.54,11.54, 200
03/20/2020,20:24,11.619,11.619,11.619,11.619, 200
03/20/2020,20:25,11.543,11.543,11.543,11.543, 200
03/20/2020,20:25,11.62,11.62,11.62,11.62, 200
03/20/2020,20:26,11.596,11.596,11.596,11.596, 200
03/20/2020,20:27,11.62,11.62,11.62,11.62, 200
03/20/2020,20:51,11.705,11.75,11.705,11.75, 2000
03/20/2020,21:01,11.6,11.6,11.6,11.6, 200
03/23/2020,14:31,12,12,12,12, 2000
03/23/2020,14:34,11.6,11.6,11.6,11.6, 6886
03/23/2020,14:36,11.638,11.638,11.638,11.638, 1000
03/23/2020,14:50,11.52,11.52,11.52,11.52, 225
03/23/2020,14:52,11.42,11.454,11.41,11.444, 800
03/23/2020,15:01,11.36,11.379,11,11.055, 4850
03/23/2020,15:10,11.01,11.01,10.961,10.961, 5373
03/23/2020,15:14,10.96,10.972,10.87,10.87, 1300
03/23/2020,15:24,10.99,10.99,10.916,10.946, 2400
03/23/2020,15:27,10.943,11,10.943,11, 3000
03/23/2020,15:28,11,11,10.99,11, 3000
03/23/2020,15:31,11,11,11,11, 100
03/23/2020,15:54,10.96,10.96,10.96,10.96, 100
03/23/2020,16:01,10.91,10.91,10.8,10.8, 1479
03/23/2020,18:09,10.94,10.94,10.94,10.94, 100
03/23/2020,21:00,11.02,11.02,11.02,11.02, 170
03/24/2020,14:31,11.31,11.31,11.31,11.31, 427
03/24/2020,14:35,11.3,11.3,11.3,11.3, 200
03/24/2020,14:54,11.406,11.406,11.406,11.406, 300
03/24/2020,15:31,11.32,11.32,11.32,11.32, 427
03/24/2020,15:33,11.35,11.477,11.327,11.477, 1625
03/24/2020,16:32,11.44,11.44,11.44,11.44, 1650
03/24/2020,16:33,11.44,11.44,11.44,11.44, 200
03/24/2020,16:44,11.392,11.392,11.392,11.392, 1000
03/24/2020,16:46,11.36,11.36,11.36,11.36, 500
03/24/2020,18:06,11.49,11.49,11.49,11.49, 900
03/24/2020,18:31,11.434,11.434,11.434,11.434, 250
03/24/2020,18:47,11.425,11.425,11.425,11.425, 135
03/24/2020,19:59,11.451,11.598,11.451,11.528, 2107
03/24/2020,20:25,11.536,11.536,11.536,11.536, 2952
03/24/2020,21:00,11.69,11.69,11.69,11.69, 300
03/25/2020,14:31,11.86,11.86,11.86,11.86, 460
03/25/2020,15:57,12,12,12,12, 100
03/25/2020,15:58,11.98,12.25,11.98,12.2, 2793
03/25/2020,16:05,12.2,12.2,12.2,12.2, 100
03/25/2020,16:09,12.2,12.2,12.2,12.2, 400
03/25/2020,16:09,12.2,12.2,12.2,12.2, 100
03/25/2020,16:11,12.2,12.2,12.2,12.2, 100
03/25/2020,17:06,12.2,12.2,12.2,12.2, 100
03/25/2020,17:32,12.225,12.225,12.19,12.19, 800
03/25/2020,18:14,12.1,12.11,12.06,12.06, 500
03/25/2020,18:39,12.029,12.029,12.029,12.029, 152
03/25/2020,18:51,12.02,12.02,12.02,12.02, 1954
03/25/2020,19:32,12.07,12.08,12.034,12.08, 1192
03/25/2020,19:36,12.07,12.08,12.05,12.05, 2840
03/25/2020,19:39,12.09,12.14,12.09,12.14, 1200
03/25/2020,19:55,12.15,12.15,12.09,12.122, 1100
03/25/2020,20:28,12.114,12.114,12.114,12.114, 979
03/25/2020,21:00,12.145,12.15,12.145,12.15, 300
03/25/2020,21:00,12.15,12.15,12.15,12.15, 186
03/26/2020,14:31,12.08,12.08,12.08,12.08, 1000
03/26/2020,15:12,12.15,12.18,12.15,12.15, 800
03/26/2020,15:13,12.15,12.15,12.15,12.15, 400
03/26/2020,15:13,12.2,12.2,12.15,12.15, 800
03/26/2020,15:14,12.14,12.14,12.14,12.14, 600
03/26/2020,15:16,12.11,12.11,12.11,12.11, 100
03/26/2020,15:16,12.14,12.14,12.14,12.14, 800
03/26/2020,15:18,12.11,12.14,12.11,12.11, 1500
03/26/2020,15:22,12.402,12.402,12.402,12.402, 400
03/26/2020,15:26,12.34,12.34,12.34,12.34, 100
03/26/2020,15:27,12.35,12.35,12.35,12.35, 100
03/26/2020,15:27,12.31,12.31,12.31,12.31, 400
03/26/2020,15:28,12.37,12.37,12.37,12.37, 200
03/26/2020,15:30,12.38,12.38,12.38,12.38, 200
03/26/2020,15:43,12.304,12.304,12.26,12.26, 1200
03/26/2020,15:46,12.25,12.29,12.25,12.29, 200
03/26/2020,15:58,12.14,12.14,12.14,12.14, 769
03/26/2020,16:10,12.38,12.38,12.265,12.37, 900
03/26/2020,16:56,12.3,12.3,12.3,12.3, 447
03/26/2020,16:57,12.3,12.3,12.3,12.3, 100
03/26/2020,17:11,12.36,12.37,12.35,12.35, 1600
03/26/2020,17:12,12.38,12.38,12.32,12.32, 300
03/26/2020,17:18,12.35,12.39,12.35,12.39, 1100
03/26/2020,17:19,12.5,12.5,12.5,12.5, 300
03/26/2020,17:26,12.5,12.5,12.5,12.5, 200
03/26/2020,17:36,12.45,12.45,12.41,12.41, 900
03/26/2020,17:39,12.399,12.399,12.399,12.399, 400
03/26/2020,17:53,12.425,12.44,12.425,12.425, 1000
03/26/2020,18:02,12.4,12.401,12.4,12.401, 1080
03/26/2020,18:35,12.37,12.398,12.36,12.394, 1960
03/26/2020,18:39,12.32,12.32,12.32,12.32, 200
03/26/2020,18:42,12.36,12.39,12.35,12.39, 3300
03/26/2020,19:05,12.39,12.39,12.39,12.39, 100
03/26/2020,19:08,12.39,12.39,12.39,12.39, 100
03/26/2020,19:21,12.39,12.4,12.39,12.4, 2000
03/26/2020,20:17,12.44,12.512,12.41,12.462, 2400
03/26/2020,20:29,12.47,12.47,12.47,12.47, 878
03/26/2020,20:32,12.8,12.8,12.8,12.8, 600
03/26/2020,21:00,12.75,12.8,12.6,12.6, 320
03/27/2020,14:31,12.4,12.4,12.4,12.4, 2509
03/27/2020,14:33,12.597,12.597,12.597,12.597, 102
03/27/2020,15:02,12.579,12.579,12.579,12.579, 433
03/27/2020,15:06,12.6,12.6,12.6,12.6, 889
03/27/2020,15:17,12.487,12.487,12.487,12.487, 126
03/27/2020,15:25,12.6,12.6,12.6,12.6, 100
03/27/2020,15:28,12.6,12.6,12.6,12.6, 100
03/27/2020,15:50,12.429,12.429,12.429,12.429, 352
03/27/2020,15:52,12.597,12.597,12.597,12.597, 256
03/27/2020,16:06,12.58,12.6,12.58,12.6, 1000
03/27/2020,16:17,12.6,12.6,12.6,12.6, 400
03/27/2020,16:29,12.6,12.6,12.6,12.6, 300
03/27/2020,16:42,12.6,12.6,12.6,12.6, 294
03/27/2020,16:53,12.57,12.6,12.57,12.6, 200
03/27/2020,17:03,12.6,12.6,12.6,12.6, 200
03/27/2020,17:11,12.6,12.6,12.6,12.6, 200
03/27/2020,17:21,12.68,12.68,12.68,12.68, 200
03/27/2020,17:30,12.66,12.69,12.66,12.69, 200
03/27/2020,17:35,12.68,12.68,12.68,12.68, 100
03/27/2020,17:40,12.68,12.68,12.68,12.68, 100
03/27/2020,17:45,12.66,12.66,12.66,12.66, 100
03/27/2020,17:47,12.479,12.479,12.479,12.479, 750
03/27/2020,17:50,12.67,12.67,12.67,12.67, 100
03/27/2020,17:55,12.68,12.68,12.68,12.68, 100
03/27/2020,18:00,12.67,12.67,12.67,12.67, 100
03/27/2020,18:05,12.68,12.68,12.68,12.68, 100
03/27/2020,18:10,12.69,12.69,12.69,12.69, 100
03/27/2020,18:15,12.66,12.66,12.66,12.66, 100
03/27/2020,18:20,12.69,12.69,12.69,12.69, 100
03/27/2020,20:18,12.61,12.61,12.6,12.61, 2052
03/27/2020,20:34,12.26,12.26,12.26,12.26, 622
03/27/2020,20:42,12.63,12.63,12.63,12.63, 100
03/27/2020,21:00,12.56,12.56,12.56,12.56, 100
03/30/2020,15:31,12.23,12.23,12.23,12.23, 8000
03/30/2020,15:49,12.37,12.38,12.31,12.38, 3400
03/30/2020,15:49,12.37,12.37,12.37,12.37, 800
03/30/2020,15:55,12.37,12.38,12.37,12.37, 2500
03/30/2020,16:01,12.314,12.37,12.314,12.37, 600
03/30/2020,16:26,12.452,12.472,12.4,12.4, 1000
03/30/2020,17:02,12.4,12.42,12.4,12.4, 300
03/30/2020,17:12,12.441,12.441,12.441,12.441, 400
03/30/2020,17:24,12.44,12.44,12.44,12.44, 100
03/30/2020,17:25,12.44,12.44,12.44,12.44, 100
03/30/2020,17:27,12.44,12.44,12.44,12.44, 100
03/30/2020,17:29,12.44,12.44,12.44,12.44, 200
03/30/2020,17:30,12.44,12.44,12.44,12.44, 100
03/30/2020,17:32,12.44,12.44,12.44,12.44, 100
03/30/2020,17:33,12.44,12.44,12.44,12.44, 100
03/30/2020,17:36,12.49,12.49,12.465,12.49, 1000
03/30/2020,17:40,12.44,12.44,12.44,12.44, 7400
03/30/2020,17:47,12.416,12.416,12.406,12.406, 600
03/30/2020,17:51,12.41,12.41,12.41,12.41, 1050
03/30/2020,17:53,12.42,12.42,12.42,12.42, 100
03/30/2020,18:07,12.435,12.435,12.435,12.435, 250
03/30/2020,18:32,12.49,12.49,12.42,12.42, 6022
03/30/2020,18:40,12.42,12.42,12.42,12.42, 100
03/30/2020,18:43,12.42,12.42,12.42,12.42, 500
03/30/2020,19:28,12.44,12.44,12.44,12.44, 100
03/30/2020,19:31,12.45,12.45,12.45,12.45, 400
03/30/2020,19:32,12.45,12.45,12.45,12.45, 2300
03/30/2020,19:33,12.45,12.45,12.45,12.45, 1500
03/30/2020,19:36,12.44,12.44,12.44,12.44, 2600
03/30/2020,19:39,12.44,12.44,12.44,12.44, 100
03/30/2020,19:42,12.45,12.451,12.45,12.45, 1700
03/30/2020,19:52,12.45,12.45,12.45,12.45, 100
03/30/2020,19:53,12.44,12.45,12.44,12.45, 500
03/30/2020,19:56,12.45,12.455,12.45,12.45, 1200
03/30/2020,19:57,12.45,12.455,12.45,12.455, 400
03/30/2020,19:58,12.455,12.455,12.45,12.455, 1300
03/30/2020,19:59,12.455,12.455,12.45,12.45, 2500
03/30/2020,20:00,12.455,12.455,12.45,12.45, 2300
03/30/2020,20:01,12.455,12.455,12.45,12.45, 1200
03/30/2020,20:02,12.45,12.455,12.45,12.45, 500
03/30/2020,20:03,12.455,12.455,12.45,12.45, 2400
03/30/2020,20:06,12.44,12.44,12.44,12.44, 1500
03/30/2020,20:07,12.44,12.44,12.44,12.44, 500
03/30/2020,20:08,12.44,12.44,12.44,12.44, 500
03/30/2020,20:09,12.44,12.44,12.44,12.44, 500
03/30/2020,20:10,12.44,12.44,12.44,12.44, 100
03/30/2020,20:11,12.45,12.455,12.45,12.45, 1200
03/30/2020,20:13,12.44,12.44,12.43,12.44, 300
03/30/2020,20:27,12.447,12.453,12.447,12.447, 2200
03/30/2020,20:29,12.45,12.45,12.45,12.45, 100
03/30/2020,21:43,12.46,12.46,12.46,12.46, 100
03/30/2020,22:00,12.433,12.435,12.43,12.43, 5325
03/31/2020,15:31,12.43,12.43,12.43,12.43, 100
03/31/2020,15:35,12.42,12.42,12.41,12.41, 2000
03/31/2020,15:40,12.42,12.42,12.42,12.42, 500
03/31/2020,15:48,12.41,12.41,12.41,12.41, 5900
03/31/2020,15:54,12.41,12.41,12.41,12.41, 312
03/31/2020,16:41,12.42,12.45,12.41,12.41, 5512
03/31/2020,16:42,12.419,12.43,12.419,12.43, 3100
03/31/2020,16:42,12.43,12.43,12.43,12.43, 962
03/31/2020,18:35,12.491,12.491,12.491,12.491, 100
03/31/2020,18:42,12.473,12.473,12.473,12.473, 800
03/31/2020,18:42,12.47,12.47,12.47,12.47, 200
03/31/2020,18:45,12.47,12.47,12.47,12.47, 400
03/31/2020,18:48,12.47,12.47,12.47,12.47, 200
03/31/2020,18:51,12.45,12.45,12.45,12.45, 900
03/31/2020,18:54,12.4,12.4,12.4,12.4, 1500
03/31/2020,19:01,12.394,12.394,12.394,12.394, 825
03/31/2020,19:02,12.39,12.39,12.39,12.39, 275
03/31/2020,19:37,12.4,12.4,12.398,12.398, 300
03/31/2020,19:41,12.39,12.39,12.38,12.38, 400
03/31/2020,19:49,12.38,12.39,12.38,12.39, 3798
03/31/2020,19:56,12.38,12.38,12.38,12.38, 500
03/31/2020,20:17,12.38,12.38,12.38,12.38, 200
03/31/2020,20:49,12.37,12.37,12.37,12.37, 5750
03/31/2020,20:53,12.375,12.375,12.375,12.375, 100
03/31/2020,20:55,12.38,12.38,12.38,12.38, 311
03/31/2020,20:57,12.37,12.375,12.37,12.37, 1400

