04/01/2020,06:03,3.7645,3.7645,3.7645,3.7645, 1
04/01/2020,06:23,3.765,3.765,3.765,3.765, 1
04/01/2020,14:08,3.7645,3.765,3.7645,3.765, 4
04/01/2020,14:09,3.7645,3.765,3.7645,3.7645, 3
04/01/2020,14:10,3.765,3.765,3.7645,3.7645, 4
04/01/2020,14:11,3.765,3.765,3.7645,3.765, 5
04/01/2020,14:12,3.7645,3.765,3.7645,3.765, 4
04/01/2020,14:13,3.7645,3.765,3.7645,3.765, 4
04/01/2020,14:14,3.7645,3.765,3.7645,3.765, 4
04/01/2020,14:15,3.7645,3.765,3.7645,3.7645, 3
04/01/2020,14:56,3.764,3.764,3.764,3.764, 1
04/01/2020,14:57,3.7633,3.7633,3.7628,3.7628, 2
04/01/2020,14:57,3.7625,3.7625,3.7625,3.7625, 1
04/01/2020,15:03,3.7622,3.7622,3.7622,3.7622, 1
04/01/2020,15:19,3.762,3.762,3.762,3.762, 1
04/01/2020,16:49,3.7621,3.7621,3.7621,3.7621, 1
04/02/2020,06:01,3.7645,3.7645,3.7645,3.7645, 1
04/02/2020,07:54,3.762,3.765,3.762,3.7645, 3
04/02/2020,15:05,3.7638,3.7638,3.7638,3.7638, 1
04/02/2020,15:08,3.7633,3.7633,3.7628,3.7628, 2
04/02/2020,15:25,3.7625,3.7625,3.7625,3.7625, 1
04/02/2020,19:42,3.764,3.764,3.7625,3.7625, 2
04/03/2020,11:16,3.7635,3.7635,3.7625,3.7625, 2
04/03/2020,11:41,3.765,3.765,3.7625,3.7625, 2
04/03/2020,12:34,3.7645,3.7645,3.7625,3.7625, 2
04/03/2020,12:37,3.7635,3.7635,3.7625,3.7625, 2
04/03/2020,12:46,3.7645,3.7645,3.7625,3.7625, 2
04/03/2020,13:03,3.7615,3.7615,3.7615,3.7615, 1
04/03/2020,13:12,3.7613,3.7613,3.7613,3.7613, 1
04/03/2020,14:40,3.7645,3.7645,3.7645,3.7645, 1
04/03/2020,14:59,3.7613,3.7613,3.7613,3.7613, 1
04/03/2020,18:44,3.7618,3.7618,3.7618,3.7618, 1
04/03/2020,18:44,3.7613,3.7613,3.7613,3.7613, 1
04/06/2020,08:10,3.7645,3.7645,3.7645,3.7645, 1
04/06/2020,08:14,3.763,3.763,3.763,3.763, 1
04/06/2020,09:03,3.7625,3.7625,3.7625,3.7625, 1
04/06/2020,09:20,3.763,3.763,3.763,3.763, 1
04/06/2020,09:43,3.7613,3.7613,3.7613,3.7613, 1
04/06/2020,09:55,3.762,3.762,3.7613,3.7613, 2
04/06/2020,09:56,3.762,3.762,3.7613,3.7613, 2
04/06/2020,14:05,3.7608,3.7608,3.7608,3.7608, 1
04/06/2020,14:05,3.76,3.76,3.76,3.76, 1
04/06/2020,18:21,3.7605,3.7605,3.7605,3.7605, 1
04/07/2020,06:02,3.761,3.761,3.761,3.761, 1
04/07/2020,08:25,3.76,3.76,3.76,3.76, 1
04/07/2020,08:28,3.76,3.76,3.76,3.76, 1
04/07/2020,08:28,3.76,3.76,3.76,3.76, 1
04/07/2020,09:06,3.7605,3.7605,3.76,3.76, 2
04/07/2020,09:24,3.762,3.762,3.76,3.76, 2
04/07/2020,10:11,3.7615,3.7615,3.76,3.76, 2
04/07/2020,11:24,3.762,3.762,3.76,3.76, 2
04/07/2020,13:59,3.762,3.762,3.76,3.76, 2
04/07/2020,15:50,3.7613,3.7613,3.76,3.76, 2
04/08/2020,06:02,3.762,3.762,3.76,3.76, 2
04/08/2020,07:46,3.7615,3.7615,3.76,3.76, 2
04/08/2020,09:14,3.761,3.761,3.76,3.76, 2
04/08/2020,10:29,3.761,3.761,3.759,3.759, 2
04/08/2020,11:55,3.761,3.761,3.759,3.759, 2
04/08/2020,12:35,3.7585,3.7585,3.7585,3.7585, 1
04/08/2020,16:04,3.761,3.761,3.761,3.761, 1
04/09/2020,08:40,3.7585,3.7585,3.7585,3.7585, 1
04/09/2020,10:09,3.7627,3.7627,3.7627,3.7627, 1
04/09/2020,11:31,3.762,3.762,3.762,3.762, 1
04/09/2020,12:22,3.7605,3.7605,3.7605,3.7605, 1
04/09/2020,12:23,3.7598,3.7598,3.7598,3.7598, 1
04/09/2020,16:28,3.7618,3.7618,3.7618,3.7618, 1
04/14/2020,08:35,3.76,3.76,3.76,3.76, 1
04/14/2020,09:04,3.7615,3.7615,3.76,3.76, 2
04/14/2020,10:52,3.762,3.762,3.76,3.76, 2
04/14/2020,11:01,3.7615,3.7615,3.76,3.76, 2
04/14/2020,12:04,3.7595,3.7595,3.7595,3.7595, 1
04/15/2020,06:01,3.76,3.76,3.76,3.76, 1
04/15/2020,08:22,3.7605,3.7605,3.7605,3.7605, 1
04/15/2020,09:05,3.7595,3.7595,3.7595,3.7595, 1
04/15/2020,10:14,3.7608,3.7608,3.7595,3.7595, 2
04/15/2020,10:59,3.7608,3.7608,3.7595,3.7595, 2
04/15/2020,12:51,3.7608,3.7608,3.7595,3.7595, 2
04/15/2020,13:10,3.76,3.76,3.7595,3.7595, 2
04/15/2020,16:34,3.761,3.761,3.7595,3.7595, 2
04/15/2020,21:16,3.76,3.76,3.7595,3.7595, 2
04/15/2020,23:56,3.761,3.761,3.7595,3.7595, 2
04/16/2020,06:04,3.7608,3.7608,3.7595,3.7595, 2
04/16/2020,08:38,3.7608,3.7608,3.7595,3.7595, 2
04/16/2020,08:39,3.761,3.761,3.7595,3.7595, 3
04/16/2020,08:40,3.7605,3.7605,3.7595,3.7595, 4
04/16/2020,08:41,3.7605,3.7605,3.7595,3.7595, 4
04/16/2020,08:54,3.7605,3.7605,3.7595,3.7605, 3
04/16/2020,08:55,3.7595,3.7605,3.7595,3.7605, 4
04/16/2020,08:56,3.7595,3.7605,3.7595,3.7605, 4
04/16/2020,08:57,3.7595,3.7605,3.7595,3.7595, 3
04/16/2020,08:58,3.7605,3.7605,3.7595,3.7605, 3
04/16/2020,08:59,3.7595,3.7605,3.7595,3.7595, 5
04/16/2020,09:00,3.7605,3.7605,3.7595,3.7595, 4
04/16/2020,09:01,3.7605,3.7605,3.7595,3.7595, 6
04/16/2020,09:02,3.7605,3.7605,3.7595,3.7605, 3
04/16/2020,09:02,3.7595,3.7605,3.7595,3.7605, 2
04/16/2020,09:04,3.7595,3.7605,3.7595,3.7605, 6
04/16/2020,09:04,3.7595,3.7605,3.7595,3.7595, 3
04/16/2020,09:06,3.7605,3.7605,3.7595,3.7605, 5
04/16/2020,09:07,3.7595,3.7605,3.7595,3.7605, 4
04/16/2020,09:08,3.7595,3.7605,3.7595,3.7605, 4
04/16/2020,09:09,3.7595,3.7605,3.7595,3.7605, 4
04/16/2020,09:10,3.7595,3.7605,3.7595,3.7605, 4
04/16/2020,09:11,3.7595,3.7605,3.7595,3.7605, 4
04/16/2020,09:12,3.7595,3.7605,3.7595,3.7605, 4
04/16/2020,09:12,3.7595,3.7605,3.7595,3.7605, 2
04/16/2020,09:14,3.7595,3.7595,3.7595,3.7595, 1
04/16/2020,09:15,3.7605,3.7605,3.7595,3.7605, 5
04/16/2020,09:20,3.7598,3.7605,3.7595,3.7595, 3
04/16/2020,09:21,3.7605,3.7605,3.7595,3.7605, 3
04/16/2020,09:22,3.759,3.7605,3.759,3.7605, 2
04/16/2020,09:23,3.759,3.7605,3.759,3.759, 3
04/16/2020,09:24,3.7605,3.7605,3.759,3.7605, 3
04/16/2020,09:25,3.759,3.7605,3.759,3.759, 3
04/16/2020,09:26,3.7605,3.7605,3.759,3.7605, 3
04/16/2020,09:27,3.759,3.7605,3.759,3.759, 3
04/16/2020,09:28,3.7605,3.7605,3.759,3.7605, 5
04/16/2020,09:29,3.759,3.7605,3.759,3.759, 3
04/16/2020,09:30,3.7605,3.7605,3.759,3.7605, 5
04/16/2020,09:31,3.759,3.7605,3.759,3.7605, 3
04/16/2020,09:32,3.759,3.7605,3.759,3.7605, 4
04/16/2020,09:33,3.759,3.7605,3.759,3.7605, 4
04/16/2020,09:34,3.759,3.759,3.759,3.759, 1
04/16/2020,09:35,3.7605,3.7605,3.759,3.7605, 3
04/16/2020,09:36,3.759,3.759,3.759,3.759, 2
04/16/2020,09:36,3.7605,3.7605,3.759,3.7605, 3
04/16/2020,09:38,3.759,3.7605,3.759,3.7605, 4
04/16/2020,09:39,3.759,3.7605,3.759,3.7605, 3
04/16/2020,09:40,3.759,3.7605,3.759,3.7605, 4
04/16/2020,09:41,3.759,3.7605,3.759,3.759, 3
04/16/2020,09:42,3.7605,3.7605,3.759,3.759, 4
04/16/2020,09:43,3.7605,3.7605,3.7605,3.7605, 1
04/16/2020,09:44,3.759,3.7605,3.759,3.7605, 2
04/16/2020,09:45,3.759,3.7605,3.759,3.759, 3
04/16/2020,09:46,3.7605,3.7605,3.759,3.7605, 3
04/16/2020,09:47,3.759,3.7605,3.759,3.759, 3
04/16/2020,09:48,3.7605,3.7605,3.759,3.7605, 3
04/16/2020,09:49,3.759,3.7605,3.759,3.759, 3
04/16/2020,09:50,3.7605,3.7605,3.759,3.759, 4
04/16/2020,09:50,3.7605,3.7605,3.7605,3.7605, 1
04/16/2020,09:52,3.759,3.7605,3.759,3.7605, 3
04/16/2020,09:53,3.759,3.7605,3.759,3.7605, 4
04/16/2020,09:54,3.759,3.759,3.759,3.759, 1
04/16/2020,09:54,3.7605,3.7605,3.7605,3.7605, 1
04/16/2020,09:56,3.759,3.7605,3.759,3.7605, 4
04/16/2020,09:57,3.759,3.7605,3.759,3.7605, 4
04/16/2020,09:58,3.759,3.7605,3.759,3.7605, 4
04/16/2020,09:59,3.759,3.7605,3.759,3.7605, 4
04/16/2020,10:00,3.759,3.7605,3.759,3.7605, 4
04/16/2020,10:01,3.759,3.7605,3.759,3.7605, 4
04/16/2020,10:02,3.759,3.7605,3.759,3.759, 3
04/16/2020,10:02,3.7605,3.7605,3.759,3.759, 2
04/16/2020,10:04,3.7605,3.7605,3.759,3.759, 4
04/16/2020,10:04,3.7605,3.7605,3.759,3.759, 2
04/16/2020,10:06,3.7605,3.7605,3.759,3.7605, 3
04/16/2020,10:07,3.759,3.7605,3.759,3.759, 3
04/16/2020,10:08,3.7605,3.7605,3.759,3.759, 3
04/16/2020,10:09,3.7605,3.7605,3.759,3.759, 4
04/16/2020,10:10,3.7605,3.7605,3.759,3.7605, 3
04/16/2020,10:11,3.759,3.7605,3.759,3.7605, 4
04/16/2020,10:12,3.759,3.7605,3.759,3.759, 3
04/16/2020,10:13,3.7605,3.7605,3.759,3.7605, 5
04/16/2020,10:14,3.759,3.7605,3.759,3.7605, 2
04/16/2020,10:15,3.759,3.7605,3.759,3.759, 3
04/16/2020,10:16,3.7605,3.7605,3.7605,3.7605, 2
04/16/2020,10:17,3.759,3.7605,3.759,3.759, 3
04/16/2020,10:17,3.7605,3.7605,3.7605,3.7605, 1
04/16/2020,10:19,3.7605,3.7605,3.759,3.7605, 3
04/16/2020,10:20,3.759,3.7605,3.759,3.7605, 4
04/16/2020,10:21,3.759,3.759,3.759,3.759, 1
04/16/2020,10:22,3.7605,3.7605,3.759,3.7605, 5
04/16/2020,10:23,3.7605,3.7605,3.759,3.759, 4
04/16/2020,10:24,3.7605,3.7605,3.759,3.7605, 3
04/16/2020,10:25,3.759,3.7605,3.759,3.7605, 4
04/16/2020,10:25,3.759,3.7605,3.759,3.7605, 2
04/16/2020,10:27,3.759,3.7605,3.759,3.759, 3
04/16/2020,10:28,3.7605,3.7605,3.759,3.7605, 3
04/16/2020,10:29,3.759,3.7605,3.759,3.759, 3
04/16/2020,10:30,3.7605,3.7605,3.759,3.7605, 3
04/16/2020,10:31,3.759,3.7605,3.759,3.7605, 8
04/16/2020,10:32,3.759,3.7605,3.759,3.759, 3
04/16/2020,10:33,3.7605,3.7605,3.759,3.759, 4
04/16/2020,10:34,3.7605,3.7605,3.759,3.7605, 3
04/16/2020,10:35,3.759,3.7605,3.759,3.759, 3
04/16/2020,10:36,3.7605,3.7605,3.759,3.7605, 3
04/16/2020,10:37,3.759,3.7605,3.759,3.7605, 4
04/16/2020,10:38,3.759,3.7605,3.759,3.7605, 6
04/16/2020,10:39,3.759,3.7605,3.759,3.7605, 4
04/16/2020,10:40,3.759,3.7605,3.759,3.7605, 2
04/16/2020,10:40,3.759,3.7605,3.759,3.7605, 2
04/16/2020,10:42,3.759,3.7605,3.759,3.7605, 2
04/16/2020,10:43,3.759,3.7605,3.759,3.7605, 2
04/16/2020,10:44,3.759,3.7605,3.759,3.7605, 4
04/16/2020,10:45,3.759,3.7605,3.759,3.7605, 4
04/16/2020,10:46,3.759,3.7605,3.759,3.759, 5
04/16/2020,10:47,3.7605,3.7605,3.759,3.759, 4
04/16/2020,10:48,3.7605,3.7605,3.759,3.7605, 3
04/16/2020,10:49,3.759,3.7605,3.759,3.7605, 4
04/16/2020,10:50,3.759,3.7605,3.759,3.7605, 4
04/16/2020,10:51,3.759,3.7605,3.759,3.7605, 4
04/16/2020,10:52,3.759,3.7605,3.759,3.759, 3
04/16/2020,10:54,3.7605,3.7605,3.759,3.7605, 3
04/16/2020,10:55,3.759,3.7605,3.759,3.759, 4
04/16/2020,10:56,3.7605,3.7605,3.759,3.7605, 7
04/16/2020,10:57,3.759,3.7605,3.759,3.7605, 2
04/16/2020,10:57,3.759,3.759,3.759,3.759, 1
04/16/2020,10:59,3.7605,3.7605,3.759,3.759, 4
04/16/2020,11:00,3.7605,3.7605,3.759,3.7605, 3
04/16/2020,11:01,3.759,3.7605,3.759,3.7605, 4
04/16/2020,11:02,3.759,3.7605,3.759,3.7605, 4
04/16/2020,11:03,3.759,3.7605,3.759,3.7605, 4
04/16/2020,11:04,3.759,3.7605,3.759,3.759, 5
04/16/2020,11:04,3.7605,3.7605,3.759,3.7605, 3
04/16/2020,11:06,3.759,3.7605,3.759,3.759, 5
04/16/2020,11:07,3.7605,3.7605,3.759,3.759, 4
04/16/2020,11:08,3.7605,3.7605,3.759,3.7605, 3
04/16/2020,11:09,3.759,3.7605,3.759,3.7605, 4
04/16/2020,11:10,3.759,3.7605,3.759,3.7605, 4
04/16/2020,11:11,3.759,3.7605,3.759,3.759, 3
04/16/2020,11:12,3.7605,3.7605,3.759,3.759, 4
04/16/2020,11:13,3.7605,3.7605,3.759,3.759, 6
04/16/2020,11:14,3.7605,3.7605,3.759,3.7605, 3
04/16/2020,11:15,3.759,3.7605,3.759,3.759, 3
04/16/2020,11:16,3.7605,3.7605,3.759,3.759, 4
04/16/2020,11:17,3.7605,3.7605,3.759,3.7605, 3
04/16/2020,11:18,3.759,3.7605,3.759,3.7605, 4
04/16/2020,11:19,3.759,3.7605,3.759,3.7605, 4
04/16/2020,11:20,3.759,3.7605,3.759,3.7605, 2
04/16/2020,11:20,3.759,3.7605,3.759,3.7605, 4
04/16/2020,11:22,3.759,3.7605,3.759,3.7605, 2
04/16/2020,11:23,3.759,3.7605,3.759,3.7605, 4
04/16/2020,11:24,3.759,3.7605,3.759,3.7605, 4
04/16/2020,11:25,3.759,3.7605,3.759,3.7605, 4
04/16/2020,11:26,3.759,3.7605,3.759,3.7605, 2
04/16/2020,11:27,3.759,3.7605,3.759,3.7605, 4
04/16/2020,11:28,3.759,3.7605,3.759,3.7605, 4
04/16/2020,11:29,3.759,3.7605,3.759,3.759, 5
04/16/2020,11:30,3.7605,3.7605,3.759,3.7605, 5
04/16/2020,11:31,3.759,3.7605,3.759,3.7605, 4
04/16/2020,11:32,3.759,3.7605,3.759,3.7605, 4
04/16/2020,11:33,3.759,3.7605,3.759,3.759, 5
04/16/2020,11:34,3.7605,3.7605,3.759,3.759, 4
04/16/2020,11:35,3.7605,3.7605,3.759,3.759, 4
04/16/2020,11:36,3.7605,3.7605,3.759,3.7605, 5
04/16/2020,11:37,3.759,3.7605,3.759,3.759, 5
04/16/2020,11:38,3.7605,3.7605,3.759,3.7605, 3
04/16/2020,11:39,3.759,3.7605,3.759,3.759, 3
04/16/2020,11:40,3.7605,3.7605,3.759,3.7605, 5
04/16/2020,11:41,3.759,3.7605,3.759,3.759, 3
04/16/2020,11:42,3.7605,3.7605,3.759,3.7605, 7
04/16/2020,11:42,3.759,3.7605,3.759,3.7605, 2
04/16/2020,11:44,3.759,3.7605,3.759,3.7605, 4
04/16/2020,11:45,3.759,3.7605,3.759,3.7605, 4
04/16/2020,11:46,3.759,3.7605,3.759,3.7605, 4
04/16/2020,11:47,3.759,3.7605,3.759,3.7605, 4
04/16/2020,11:48,3.759,3.7605,3.759,3.7605, 4
04/16/2020,11:49,3.759,3.7605,3.759,3.7605, 2
04/16/2020,11:50,3.759,3.7605,3.759,3.7605, 4
04/16/2020,11:51,3.759,3.7605,3.759,3.759, 3
04/16/2020,11:52,3.7605,3.7605,3.759,3.7605, 5
04/16/2020,11:53,3.759,3.7605,3.759,3.759, 3
04/16/2020,11:54,3.7605,3.7605,3.759,3.7605, 3
04/16/2020,11:55,3.759,3.7605,3.759,3.759, 5
04/16/2020,11:56,3.7605,3.7605,3.759,3.759, 2
04/16/2020,11:57,3.7605,3.7605,3.759,3.759, 4
04/16/2020,11:58,3.7605,3.7605,3.759,3.759, 4
04/16/2020,13:06,3.7595,3.7595,3.759,3.759, 2
04/16/2020,13:11,3.7595,3.7595,3.7595,3.7595, 1
04/16/2020,13:11,3.759,3.759,3.759,3.759, 1
04/16/2020,13:25,3.7585,3.7585,3.7585,3.7585, 1
04/16/2020,13:25,3.758,3.758,3.758,3.758, 1
04/16/2020,13:30,3.7588,3.7588,3.7588,3.7588, 1
04/16/2020,13:30,3.758,3.758,3.758,3.758, 1
04/16/2020,15:44,3.76,3.76,3.758,3.758, 2
04/17/2020,07:08,3.7605,3.7605,3.7605,3.7605, 1
04/17/2020,07:52,3.7585,3.7585,3.758,3.758, 2
04/17/2020,09:01,3.7585,3.7585,3.758,3.758, 2
04/17/2020,10:24,3.7595,3.7595,3.758,3.758, 2
04/17/2020,10:43,3.757,3.757,3.757,3.757, 1
04/17/2020,10:44,3.758,3.758,3.757,3.758, 5
04/17/2020,10:45,3.757,3.758,3.757,3.758, 4
04/17/2020,10:46,3.757,3.758,3.757,3.758, 4
04/17/2020,10:47,3.757,3.758,3.757,3.758, 2
04/17/2020,10:48,3.757,3.758,3.757,3.757, 7
04/17/2020,10:49,3.758,3.758,3.757,3.758, 3
04/17/2020,10:50,3.757,3.758,3.757,3.758, 4
04/17/2020,10:50,3.757,3.758,3.757,3.757, 5
04/17/2020,10:52,3.758,3.758,3.757,3.757, 6
04/17/2020,10:53,3.758,3.758,3.757,3.757, 4
04/17/2020,10:54,3.758,3.758,3.757,3.757, 4
04/17/2020,10:55,3.758,3.758,3.757,3.757, 6
04/17/2020,10:56,3.758,3.758,3.757,3.757, 4
04/17/2020,10:57,3.758,3.758,3.757,3.757, 6
04/17/2020,10:58,3.758,3.758,3.757,3.757, 4
04/17/2020,10:59,3.758,3.758,3.757,3.757, 6
04/17/2020,10:59,3.758,3.758,3.757,3.757, 4
04/17/2020,11:00,3.758,3.758,3.757,3.758, 5
04/17/2020,11:02,3.757,3.758,3.757,3.758, 4
04/17/2020,11:03,3.757,3.758,3.757,3.758, 4
04/17/2020,11:04,3.757,3.758,3.757,3.758, 4
04/17/2020,11:05,3.757,3.758,3.757,3.757, 3
04/17/2020,11:06,3.758,3.758,3.757,3.758, 3
04/17/2020,11:06,3.757,3.758,3.757,3.757, 3
04/17/2020,11:08,3.758,3.758,3.757,3.758, 3
04/17/2020,11:09,3.757,3.758,3.757,3.757, 3
04/17/2020,11:10,3.758,3.758,3.757,3.758, 5
04/17/2020,11:10,3.757,3.758,3.757,3.757, 3
04/17/2020,11:12,3.758,3.758,3.757,3.757, 6
04/17/2020,11:13,3.758,3.758,3.757,3.758, 3
04/17/2020,11:14,3.757,3.758,3.757,3.757, 5
04/17/2020,11:14,3.758,3.758,3.757,3.757, 2
04/17/2020,11:16,3.757,3.758,3.757,3.758, 6
04/17/2020,11:17,3.757,3.758,3.757,3.757, 3
04/17/2020,11:18,3.758,3.758,3.757,3.757, 4
04/17/2020,11:18,3.758,3.758,3.757,3.758, 3
04/17/2020,11:20,3.757,3.758,3.757,3.757, 3
04/17/2020,11:20,3.758,3.758,3.757,3.758, 3
04/17/2020,11:22,3.757,3.758,3.757,3.758, 2
04/17/2020,11:23,3.757,3.758,3.757,3.758, 2
04/17/2020,11:24,3.757,3.758,3.757,3.757, 5
04/17/2020,11:25,3.758,3.758,3.757,3.758, 3
04/17/2020,11:26,3.757,3.758,3.757,3.757, 4
04/17/2020,11:27,3.758,3.758,3.757,3.758, 5
04/17/2020,11:28,3.757,3.7584,3.757,3.757, 6
04/17/2020,11:28,3.758,3.758,3.757,3.758, 3
04/17/2020,11:30,3.757,3.758,3.757,3.758, 4
04/17/2020,11:31,3.757,3.758,3.757,3.758, 2
04/17/2020,11:32,3.757,3.758,3.757,3.758, 4
04/17/2020,11:33,3.757,3.758,3.757,3.757, 5
04/17/2020,11:34,3.758,3.758,3.757,3.757, 3
04/17/2020,11:35,3.758,3.758,3.757,3.758, 3
04/17/2020,11:35,3.757,3.758,3.757,3.757, 3
04/17/2020,11:37,3.758,3.758,3.757,3.758, 5
04/17/2020,11:38,3.757,3.758,3.757,3.757, 5
04/17/2020,11:38,3.758,3.758,3.757,3.758, 3
04/17/2020,11:40,3.757,3.758,3.757,3.757, 3
04/17/2020,11:40,3.758,3.758,3.757,3.758, 3
04/17/2020,11:42,3.757,3.758,3.757,3.758, 3
04/17/2020,11:42,3.757,3.758,3.757,3.758, 4
04/17/2020,11:44,3.757,3.758,3.757,3.758, 2
04/17/2020,11:45,3.757,3.758,3.757,3.758, 4
04/17/2020,11:46,3.757,3.758,3.757,3.758, 4
04/17/2020,11:46,3.757,3.758,3.757,3.758, 2
04/17/2020,11:48,3.757,3.758,3.757,3.758, 4
04/17/2020,11:49,3.757,3.758,3.757,3.758, 6
04/17/2020,11:50,3.757,3.758,3.757,3.757, 3
04/17/2020,11:50,3.757,3.758,3.757,3.757, 3
04/17/2020,11:52,3.758,3.758,3.757,3.758, 3
04/17/2020,11:53,3.757,3.758,3.757,3.758, 6
04/17/2020,11:54,3.757,3.758,3.757,3.758, 4
04/17/2020,11:55,3.757,3.758,3.757,3.758, 4
04/17/2020,11:56,3.758,3.758,3.757,3.758, 5
04/17/2020,11:57,3.757,3.758,3.757,3.758, 4
04/17/2020,11:58,3.757,3.758,3.757,3.758, 4
04/17/2020,11:58,3.757,3.758,3.757,3.758, 2
04/17/2020,12:00,3.757,3.758,3.757,3.757, 5
04/17/2020,12:01,3.758,3.758,3.757,3.757, 2
04/17/2020,12:02,3.758,3.758,3.757,3.757, 6
04/17/2020,12:03,3.758,3.758,3.757,3.757, 4
04/17/2020,12:04,3.758,3.758,3.757,3.758, 7
04/17/2020,12:05,3.757,3.758,3.757,3.758, 4
04/17/2020,12:06,3.757,3.758,3.757,3.758, 6
04/17/2020,12:07,3.757,3.758,3.757,3.757, 3
04/17/2020,12:08,3.758,3.758,3.757,3.758, 3
04/17/2020,12:09,3.757,3.758,3.757,3.757, 3
04/17/2020,17:21,3.7565,3.7565,3.7565,3.7565, 1
04/17/2020,18:46,3.757,3.757,3.757,3.757, 1
04/18/2020,14:35,3.757,3.757,3.757,3.757, 1
04/18/2020,15:12,3.757,3.757,3.757,3.757, 1
04/18/2020,15:22,3.757,3.757,3.757,3.757, 1

