01/10/2020,19:00,22.348,22.348,22.348,22.348, 100
01/10/2020,20:04,22.3,22.3,22.3,22.3, 358
01/10/2020,21:02,22.32,22.32,22.32,22.32, 300
01/14/2020,16:22,22.504,22.504,22.504,22.504, 100
01/16/2020,16:00,22.484,22.484,22.484,22.484, 100
01/16/2020,20:24,22.5,22.5,22.5,22.5, 100
01/17/2020,15:31,22.32,22.32,22.32,22.32, 100
01/17/2020,17:22,22.32,22.32,22.25,22.25, 308
01/17/2020,18:18,22.236,22.236,22.236,22.236, 100
01/17/2020,18:21,22.236,22.236,22.236,22.236, 100
01/17/2020,18:30,22.25,22.25,22.25,22.25, 100
01/17/2020,18:59,22.245,22.245,22.245,22.245, 200
01/17/2020,19:01,22.25,22.25,22.25,22.25, 100
01/21/2020,16:16,22.25,22.25,22.25,22.25, 100
01/22/2020,16:40,22.02,22.02,21.82,21.82, 300
01/22/2020,17:10,21.63,21.63,21.63,21.63, 105
01/22/2020,20:14,22.2,22.2,22.2,22.2, 126
01/23/2020,20:20,22,22,22,22, 300
01/24/2020,20:46,21.748,21.748,21.748,21.748, 100
01/24/2020,21:07,21.834,21.834,21.834,21.834, 100
01/24/2020,21:34,21.75,21.75,21.75,21.75, 100
01/27/2020,15:48,21.85,21.85,21.7,21.7, 908
01/27/2020,17:15,21.5,21.5,20.5,20.5, 1170
01/27/2020,18:18,21.23,21.23,21.23,21.23, 300
01/28/2020,20:27,20.75,20.75,20.75,20.75, 200
01/28/2020,20:49,20.699,20.699,20.699,20.699, 100
01/28/2020,21:26,20.63,20.71,20.6,20.6, 300
01/28/2020,21:31,20.57,20.57,20.5,20.5, 1100
01/28/2020,21:53,20.5,20.5,20.5,20.5, 200
01/28/2020,22:00,20.5,20.5,20.5,20.5, 1330
01/29/2020,16:26,20.957,20.957,20.957,20.957, 200
01/29/2020,16:41,20.88,21,20.88,21, 500
01/29/2020,16:49,20.817,20.817,20.817,20.817, 100
01/29/2020,19:17,20.81,20.81,20.81,20.81, 118
01/29/2020,19:53,20.675,20.81,20.595,20.595, 300
01/29/2020,20:17,20.89,20.89,20.89,20.89, 200
01/30/2020,18:00,20.937,20.937,20.937,20.937, 100
01/31/2020,15:34,21.7,21.7,21.7,21.7, 200
01/31/2020,15:35,21.2,21.207,21.2,21.2, 450

