04/01/2020,15:31,.249,.249,.248,.248, 4895
04/01/2020,15:31,.248,.248,.248,.248, 30025
04/01/2020,15:32,.24,.24,.23,.23, 9928
04/01/2020,15:33,.23,.23,.23,.23, 4998
04/01/2020,15:40,.23,.23,.23,.23, 296
04/01/2020,15:45,.248,.248,.248,.248, 100
04/01/2020,15:47,.23,.23,.22,.226, 17270
04/01/2020,15:56,.231,.231,.231,.231, 485
04/01/2020,15:59,.231,.231,.231,.231, 100
04/01/2020,16:03,.233,.233,.233,.233, 4992
04/01/2020,16:07,.24,.24,.231,.231, 3165
04/01/2020,16:13,.24,.24,.24,.24, 450
04/01/2020,16:16,.235,.24,.235,.24, 22350
04/01/2020,16:18,.24,.24,.24,.24, 1029
04/01/2020,16:20,.232,.232,.232,.232, 400
04/01/2020,16:25,.24,.24,.232,.232, 300
04/01/2020,16:25,.24,.24,.24,.24, 100
04/01/2020,16:27,.231,.231,.231,.231, 200
04/01/2020,16:28,.235,.235,.235,.235, 100
04/01/2020,16:30,.235,.24,.235,.24, 10238
04/01/2020,16:33,.231,.231,.231,.231, 156
04/01/2020,16:34,.231,.231,.231,.231, 240
04/01/2020,16:35,.239,.239,.239,.239, 240
04/01/2020,16:46,.24,.24,.24,.24, 3750
04/01/2020,16:47,.231,.231,.23,.231, 20477
04/01/2020,16:50,.24,.24,.24,.24, 200
04/01/2020,16:53,.24,.24,.24,.24, 100
04/01/2020,16:59,.24,.24,.24,.24, 2500
04/01/2020,17:02,.24,.24,.24,.24, 1000
04/01/2020,17:07,.231,.231,.231,.231, 4988
04/01/2020,17:09,.24,.24,.24,.24, 2100
04/01/2020,17:12,.24,.24,.239,.239, 2200
04/01/2020,17:23,.24,.24,.24,.24, 550
04/01/2020,17:31,.24,.24,.24,.24, 100
04/01/2020,17:35,.231,.231,.231,.231, 400
04/01/2020,17:46,.24,.24,.24,.24, 100
04/01/2020,17:49,.235,.235,.235,.235, 2050
04/01/2020,18:02,.24,.24,.24,.24, 397
04/01/2020,18:06,.239,.239,.239,.239, 850
04/01/2020,18:15,.239,.239,.239,.239, 100
04/01/2020,18:21,.23,.23,.23,.23, 1486
04/01/2020,18:25,.233,.233,.233,.233, 1250
04/01/2020,18:41,.24,.24,.24,.24, 541
04/01/2020,18:43,.237,.24,.237,.24, 11108
04/01/2020,18:50,.234,.234,.234,.234, 4717
04/01/2020,18:54,.234,.234,.234,.234, 9360
04/01/2020,19:08,.23,.23,.23,.23, 1880
04/01/2020,19:25,.24,.24,.24,.24, 537
04/01/2020,19:28,.23,.23,.23,.23, 1500
04/01/2020,19:37,.239,.239,.239,.239, 100
04/01/2020,19:42,.24,.24,.24,.24, 100
04/01/2020,19:51,.235,.235,.235,.235, 500
04/01/2020,19:53,.24,.24,.24,.24, 200
04/01/2020,19:54,.24,.24,.24,.24, 400
04/01/2020,19:55,.24,.24,.24,.24, 500
04/01/2020,19:59,.24,.24,.24,.24, 200
04/01/2020,20:04,.23,.23,.23,.23, 100
04/01/2020,20:05,.23,.23,.23,.23, 150
04/01/2020,20:14,.24,.24,.24,.24, 3750
04/01/2020,20:25,.24,.24,.24,.24, 3000
04/01/2020,20:26,.24,.24,.231,.231, 1100
04/01/2020,20:29,.235,.235,.235,.235, 100
04/01/2020,20:31,.23,.23,.23,.23, 400
04/01/2020,20:32,.23,.235,.23,.23, 3626
04/01/2020,20:33,.23,.23,.23,.23, 1000
04/01/2020,20:34,.23,.23,.23,.23, 900
04/01/2020,20:35,.23,.23,.23,.23, 23509
04/01/2020,20:35,.229,.229,.221,.221, 2431
04/01/2020,20:38,.221,.221,.221,.221, 2100
04/01/2020,20:40,.232,.232,.232,.232, 11800
04/01/2020,20:41,.225,.236,.225,.236, 1380
04/01/2020,20:42,.221,.221,.221,.221, 469
04/01/2020,20:42,.22,.22,.22,.22, 2079
04/01/2020,20:43,.237,.237,.237,.237, 3000
04/01/2020,20:45,.22,.237,.22,.22, 3130
04/01/2020,20:46,.22,.22,.22,.22, 2100
04/01/2020,20:49,.22,.237,.22,.237, 2300
04/01/2020,20:49,.236,.236,.236,.236, 4500
04/01/2020,20:50,.229,.229,.229,.229, 2100
04/01/2020,20:53,.229,.229,.221,.221, 2500
04/01/2020,20:54,.229,.229,.229,.229, 100
04/01/2020,20:55,.221,.229,.221,.229, 2300
04/01/2020,20:57,.229,.236,.221,.229, 2400
04/01/2020,20:57,.229,.229,.229,.229, 100
04/01/2020,20:59,.223,.23,.223,.23, 2300
04/01/2020,21:00,.224,.231,.224,.231, 2300
04/01/2020,21:02,.224,.224,.224,.224, 2100
04/01/2020,21:04,.224,.228,.224,.228, 2500
04/01/2020,21:05,.224,.228,.224,.224, 17700
04/01/2020,21:06,.224,.224,.224,.224, 2100
04/01/2020,21:07,.224,.228,.224,.228, 2300
04/01/2020,21:09,.224,.224,.224,.224, 13000
04/01/2020,21:10,.223,.223,.223,.223, 1900
04/01/2020,21:12,.22,.226,.22,.226, 2194
04/01/2020,21:14,.22,.226,.22,.226, 4300
04/01/2020,21:15,.231,.231,.231,.231, 100
04/01/2020,21:16,.221,.226,.22,.22, 2900
04/01/2020,21:18,.22,.225,.22,.225, 2300
04/01/2020,21:19,.22,.226,.22,.226, 2300
04/01/2020,21:21,.231,.231,.221,.221, 11350
04/01/2020,21:22,.221,.221,.221,.221, 2100
04/01/2020,21:24,.221,.221,.221,.221, 2100
04/01/2020,21:26,.226,.226,.22,.226, 2877
04/01/2020,21:27,.22,.22,.22,.22, 400
04/01/2020,21:27,.22,.225,.22,.22, 2492
04/01/2020,21:29,.22,.226,.22,.226, 2300
04/01/2020,21:30,.225,.225,.225,.225, 500
04/01/2020,21:30,.22,.222,.22,.22, 2500
04/01/2020,21:32,.22,.222,.22,.222, 2247
04/01/2020,21:33,.22,.222,.22,.222, 2300
04/01/2020,21:34,.22,.222,.22,.222, 2300
04/01/2020,21:35,.22,.22,.22,.22, 980
04/01/2020,21:36,.22,.22,.215,.215, 2892
04/01/2020,21:37,.216,.216,.216,.216, 2100
04/01/2020,21:37,.216,.219,.216,.219, 600
04/01/2020,21:39,.215,.215,.215,.215, 2062
04/01/2020,21:40,.214,.215,.213,.215, 11484
04/01/2020,21:40,.215,.216,.215,.216, 1861
04/01/2020,21:41,.216,.221,.216,.216, 3062
04/01/2020,21:44,.223,.232,.212,.212, 1720
04/01/2020,21:44,.212,.222,.212,.212, 2100
04/01/2020,21:45,.21,.21,.21,.21, 2092
04/01/2020,21:46,.22,.22,.21,.21, 2200
04/01/2020,21:47,.221,.221,.21,.21, 3060
04/01/2020,21:48,.226,.226,.22,.22, 2200
04/01/2020,21:49,.232,.232,.22,.22, 4200
04/01/2020,21:50,.226,.226,.226,.226, 400
04/01/2020,21:50,.231,.231,.22,.22, 1220
04/01/2020,21:51,.21,.221,.21,.21, 2600
04/01/2020,21:52,.221,.221,.21,.21, 7150
04/01/2020,21:53,.221,.222,.21,.21, 2610
04/01/2020,21:53,.221,.221,.21,.21, 2385
04/01/2020,21:54,.21,.21,.21,.21, 2200
04/01/2020,21:54,.221,.221,.21,.21, 2200
04/01/2020,21:55,.22,.221,.21,.221, 4661
04/01/2020,21:56,.237,.237,.21,.21, 2520
04/01/2020,21:56,.223,.223,.21,.21, 4910
04/01/2020,21:57,.21,.237,.21,.21, 4875
04/01/2020,21:57,.21,.245,.21,.225, 25000
04/01/2020,21:58,.225,.225,.21,.21, 5719
04/01/2020,21:59,.21,.22,.21,.22, 4700
04/01/2020,21:59,.22,.221,.21,.21, 4400
04/01/2020,22:00,.21,.22,.21,.21, 3100
04/01/2020,22:00,.21,.21,.21,.21, 3100
04/01/2020,22:00,.21,.21,.21,.21, 1919
04/02/2020,15:31,.216,.216,.216,.216, 5586
04/02/2020,15:32,.227,.227,.22,.22, 11466
04/02/2020,15:41,.229,.229,.22,.222, 942
04/02/2020,15:42,.23,.23,.23,.23, 9900
04/02/2020,15:45,.22,.22,.22,.22, 550
04/02/2020,15:49,.22,.22,.22,.22, 500
04/02/2020,15:50,.22,.229,.22,.229, 5371
04/02/2020,15:52,.229,.229,.229,.229, 100
04/02/2020,15:53,.229,.229,.229,.229, 100
04/02/2020,15:57,.23,.23,.23,.23, 100
04/02/2020,15:58,.23,.23,.23,.23, 100
04/02/2020,16:05,.23,.23,.23,.23, 200
04/02/2020,16:07,.229,.229,.229,.229, 100
04/02/2020,16:09,.229,.229,.212,.212, 8650
04/02/2020,16:16,.235,.235,.235,.235, 2000
04/02/2020,16:17,.22,.22,.22,.22, 1000
04/02/2020,16:20,.221,.228,.221,.228, 6100
04/02/2020,16:21,.235,.235,.235,.235, 700
04/02/2020,16:25,.233,.233,.233,.233, 429
04/02/2020,16:29,.235,.235,.235,.235, 492
04/02/2020,16:32,.235,.235,.23,.23, 1900
04/02/2020,16:46,.235,.235,.235,.235, 120
04/02/2020,16:56,.23,.23,.23,.23, 700
04/02/2020,17:00,.233,.235,.233,.235, 200
04/02/2020,17:17,.235,.235,.235,.235, 1000
04/02/2020,17:17,.233,.233,.23,.23, 10200
04/02/2020,17:20,.233,.233,.233,.233, 100
04/02/2020,17:21,.23,.23,.23,.23, 525
04/02/2020,17:24,.235,.235,.235,.235, 200
04/02/2020,17:28,.23,.235,.23,.235, 7660
04/02/2020,17:32,.235,.235,.235,.235, 200
04/02/2020,17:36,.235,.238,.235,.238, 10340
04/02/2020,17:41,.238,.238,.237,.237, 3000
04/02/2020,17:48,.232,.232,.232,.232, 165
04/02/2020,18:01,.232,.232,.232,.232, 10000
04/02/2020,18:10,.238,.238,.238,.238, 4100
04/02/2020,18:12,.238,.238,.238,.238, 200
04/02/2020,18:23,.236,.236,.234,.234, 1100
04/02/2020,18:25,.236,.236,.236,.236, 100
04/02/2020,18:32,.236,.236,.236,.236, 100
04/02/2020,18:38,.232,.232,.232,.232, 2090
04/02/2020,18:46,.232,.236,.232,.236, 1200
04/02/2020,18:50,.236,.236,.236,.236, 130
04/02/2020,18:55,.232,.232,.232,.232, 199
04/02/2020,19:01,.236,.236,.236,.236, 1200
04/02/2020,19:01,.236,.236,.236,.236, 400
04/02/2020,19:05,.236,.236,.236,.236, 126
04/02/2020,19:09,.236,.236,.236,.236, 300
04/02/2020,19:10,.236,.238,.235,.238, 15223
04/02/2020,19:12,.24,.24,.24,.24, 425
04/02/2020,19:13,.24,.24,.24,.24, 7717
04/02/2020,19:18,.24,.24,.24,.24, 100
04/02/2020,19:24,.236,.236,.236,.236, 300
04/02/2020,19:27,.24,.24,.24,.24, 200
04/02/2020,19:28,.24,.24,.24,.24, 100
04/02/2020,19:37,.236,.236,.233,.233, 7479
04/02/2020,19:51,.24,.24,.24,.24, 2000
04/02/2020,20:12,.232,.232,.232,.232, 2000
04/02/2020,20:12,.232,.232,.232,.232, 300
04/02/2020,20:14,.239,.239,.239,.239, 250
04/02/2020,20:17,.239,.239,.239,.239, 100
04/02/2020,20:18,.239,.239,.239,.239, 422
04/02/2020,20:20,.239,.239,.239,.239, 200
04/02/2020,20:24,.232,.232,.232,.232, 100
04/02/2020,20:27,.232,.232,.232,.232, 5000
04/02/2020,20:35,.232,.232,.23,.23, 13355
04/02/2020,20:44,.239,.239,.239,.239, 100
04/02/2020,20:48,.239,.239,.23,.23, 400
04/02/2020,21:03,.239,.239,.239,.239, 100
04/02/2020,21:10,.235,.239,.235,.238, 2500
04/02/2020,21:12,.239,.239,.239,.239, 7000
04/02/2020,21:14,.239,.239,.239,.239, 273
04/02/2020,21:15,.23,.239,.23,.239, 1100
04/02/2020,21:17,.239,.239,.238,.239, 410
04/02/2020,21:38,.23,.23,.23,.23, 2500
04/02/2020,21:40,.23,.23,.23,.23, 500
04/02/2020,21:41,.231,.231,.231,.231, 281
04/02/2020,21:47,.23,.239,.23,.239, 3000
04/02/2020,21:49,.239,.239,.239,.239, 300
04/02/2020,21:50,.239,.239,.239,.239, 2000
04/03/2020,15:31,.238,.238,.238,.238, 10987
04/03/2020,15:31,.238,.238,.232,.232, 3505
04/03/2020,15:32,.238,.238,.238,.238, 100
04/03/2020,15:36,.232,.232,.232,.232, 109
04/03/2020,15:44,.238,.238,.238,.238, 1000
04/03/2020,15:49,.238,.238,.238,.238, 100
04/03/2020,15:50,.238,.238,.238,.238, 210
04/03/2020,15:50,.238,.238,.238,.238, 2500
04/03/2020,15:56,.238,.238,.238,.238, 280
04/03/2020,16:00,.238,.238,.238,.238, 200
04/03/2020,16:07,.238,.238,.235,.235, 985
04/03/2020,16:11,.232,.24,.232,.24, 3100
04/03/2020,16:19,.24,.24,.24,.24, 200
04/03/2020,16:21,.24,.24,.233,.233, 4745
04/03/2020,16:22,.232,.232,.232,.232, 480
04/03/2020,16:24,.24,.24,.24,.24, 100
04/03/2020,16:25,.232,.232,.232,.232, 200
04/03/2020,16:26,.24,.24,.24,.24, 400
04/03/2020,16:27,.232,.232,.232,.232, 105
04/03/2020,16:35,.24,.24,.24,.24, 100
04/03/2020,16:39,.237,.237,.237,.237, 102
04/03/2020,16:40,.232,.232,.232,.232, 200
04/03/2020,16:40,.237,.237,.237,.237, 500
04/03/2020,16:43,.237,.237,.235,.235, 600
04/03/2020,16:45,.232,.232,.232,.232, 9350
04/03/2020,16:45,.237,.237,.237,.237, 2145
04/03/2020,16:51,.24,.24,.24,.24, 200
04/03/2020,16:52,.239,.239,.239,.239, 700
04/03/2020,17:01,.24,.24,.24,.24, 100
04/03/2020,17:07,.235,.235,.235,.235, 6000
04/03/2020,17:08,.235,.235,.235,.235, 3000
04/03/2020,17:15,.235,.235,.235,.235, 1000
04/03/2020,17:17,.235,.235,.235,.235, 400
04/03/2020,17:20,.235,.235,.232,.235, 2920
04/03/2020,17:24,.235,.235,.235,.235, 811
04/03/2020,17:29,.232,.232,.232,.232, 5000
04/03/2020,17:31,.232,.232,.232,.232, 2305
04/03/2020,17:36,.23,.233,.23,.233, 10000
04/03/2020,17:43,.235,.235,.235,.235, 500
04/03/2020,17:47,.235,.235,.235,.235, 200
04/03/2020,17:50,.235,.235,.235,.235, 100
04/03/2020,17:55,.235,.235,.235,.235, 3250
04/03/2020,17:59,.233,.233,.233,.233, 2000
04/03/2020,18:02,.232,.237,.221,.237, 10095
04/03/2020,18:25,.229,.229,.229,.229, 200
04/03/2020,18:27,.24,.24,.24,.24, 200
04/03/2020,18:31,.24,.24,.24,.24, 100
04/03/2020,18:39,.24,.24,.24,.24, 10000
04/03/2020,18:45,.23,.23,.23,.23, 100
04/03/2020,18:46,.23,.23,.23,.23, 200
04/03/2020,19:00,.24,.24,.23,.23, 4817
04/03/2020,19:06,.24,.24,.24,.24, 200
04/03/2020,19:09,.24,.24,.24,.24, 100
04/03/2020,19:09,.226,.226,.222,.222, 20670
04/03/2020,19:13,.24,.24,.24,.24, 200
04/03/2020,19:17,.233,.233,.233,.233, 3242
04/03/2020,19:22,.24,.24,.24,.24, 100
04/03/2020,19:30,.229,.229,.229,.229, 4000
04/03/2020,19:30,.222,.24,.222,.24, 473
04/03/2020,19:32,.233,.24,.231,.24, 50200
04/03/2020,19:34,.24,.24,.24,.24, 14630
04/03/2020,19:34,.24,.24,.24,.24, 35370
04/03/2020,19:35,.24,.24,.24,.24, 61020
04/03/2020,19:44,.24,.24,.222,.222, 250
04/03/2020,19:53,.24,.24,.24,.24, 100
04/03/2020,19:55,.24,.24,.24,.24, 100
04/03/2020,20:03,.24,.24,.24,.24, 200
04/03/2020,20:20,.23,.23,.23,.23, 8400
04/03/2020,20:20,.23,.23,.23,.23, 13400
04/03/2020,20:26,.23,.23,.23,.23, 500
04/03/2020,20:32,.23,.23,.23,.23, 5000
04/03/2020,20:33,.223,.223,.223,.223, 200
04/03/2020,20:54,.233,.233,.233,.233, 140
04/03/2020,21:05,.234,.234,.234,.234, 5550
04/03/2020,21:07,.239,.239,.239,.239, 200
04/03/2020,21:18,.223,.239,.223,.239, 532
04/03/2020,21:22,.223,.223,.223,.223, 200
04/03/2020,21:46,.222,.222,.222,.222, 112
04/06/2020,15:31,.234,.234,.234,.234, 2767
04/06/2020,15:38,.235,.235,.235,.235, 1000
04/06/2020,15:38,.239,.239,.239,.239, 100
04/06/2020,15:39,.239,.24,.239,.24, 33647
04/06/2020,15:42,.24,.24,.239,.24, 2662
04/06/2020,15:43,.24,.24,.24,.24, 24190
04/06/2020,15:45,.236,.236,.235,.235, 1400
04/06/2020,15:45,.234,.234,.234,.234, 448
04/06/2020,15:47,.234,.24,.234,.24, 325
04/06/2020,15:48,.24,.24,.24,.24, 39314
04/06/2020,15:53,.234,.24,.234,.235, 7322
04/06/2020,15:53,.24,.24,.24,.24, 200
04/06/2020,15:55,.239,.239,.239,.239, 6200
04/06/2020,15:56,.24,.24,.24,.24, 100
04/06/2020,15:58,.234,.234,.234,.234, 100
04/06/2020,16:03,.239,.24,.239,.24, 1100
04/06/2020,16:04,.24,.24,.237,.239, 4244
04/06/2020,16:05,.242,.242,.242,.242, 369
04/06/2020,16:07,.242,.242,.24,.24, 360
04/06/2020,16:08,.242,.242,.242,.242, 200
04/06/2020,16:09,.24,.24,.24,.24, 6456
04/06/2020,16:10,.237,.237,.237,.237, 700
04/06/2020,16:11,.234,.234,.234,.234, 485
04/06/2020,16:12,.234,.234,.234,.234, 4400
04/06/2020,16:14,.234,.234,.234,.234, 100
04/06/2020,16:15,.234,.234,.234,.234, 4300
04/06/2020,16:15,.234,.234,.234,.234, 400
04/06/2020,16:21,.24,.24,.24,.24, 100
04/06/2020,16:25,.24,.24,.24,.24, 100
04/06/2020,16:27,.24,.24,.24,.24, 400
04/06/2020,16:30,.24,.24,.24,.24, 175
04/06/2020,16:33,.24,.24,.24,.24, 123
04/06/2020,16:35,.239,.239,.239,.239, 2000
04/06/2020,16:37,.24,.24,.24,.24, 600
04/06/2020,16:38,.237,.237,.237,.237, 300
04/06/2020,16:39,.238,.238,.238,.238, 100
04/06/2020,16:49,.24,.24,.24,.24, 120
04/06/2020,16:51,.24,.24,.24,.24, 1000
04/06/2020,16:52,.238,.238,.238,.238, 200
04/06/2020,17:12,.238,.238,.238,.238, 600
04/06/2020,17:17,.238,.238,.238,.238, 425
04/06/2020,17:21,.238,.238,.238,.238, 200
04/06/2020,17:38,.238,.238,.238,.238, 220
04/06/2020,17:43,.235,.236,.235,.235, 3513
04/06/2020,17:49,.235,.235,.231,.231, 7501
04/06/2020,18:00,.231,.231,.231,.231, 500
04/06/2020,18:02,.232,.232,.232,.232, 100
04/06/2020,18:04,.23,.231,.229,.229, 2500
04/06/2020,18:11,.226,.226,.226,.226, 120
04/06/2020,18:14,.227,.227,.227,.227, 100
04/06/2020,18:17,.227,.227,.227,.227, 100
04/06/2020,18:18,.227,.227,.227,.227, 3300
04/06/2020,18:23,.226,.226,.226,.226, 6875
04/06/2020,18:26,.227,.227,.227,.227, 200
04/06/2020,18:27,.227,.227,.227,.227, 903
04/06/2020,18:30,.227,.227,.227,.227, 128
04/06/2020,18:35,.227,.227,.227,.227, 100
04/06/2020,18:39,.227,.227,.227,.227, 100
04/06/2020,18:39,.227,.227,.227,.227, 600
04/06/2020,18:46,.228,.228,.228,.228, 10000
04/06/2020,18:55,.228,.228,.227,.227, 1100
04/06/2020,18:57,.229,.229,.229,.229, 3000
04/06/2020,18:58,.227,.227,.227,.227, 340
04/06/2020,18:59,.228,.228,.228,.228, 100
04/06/2020,19:00,.228,.228,.226,.226, 8667
04/06/2020,19:01,.226,.227,.226,.227, 2200
04/06/2020,19:02,.227,.227,.227,.227, 100
04/06/2020,19:03,.227,.227,.227,.227, 6000
04/06/2020,19:05,.227,.227,.227,.227, 100
04/06/2020,19:13,.227,.227,.227,.227, 200
04/06/2020,19:14,.227,.227,.227,.227, 100
04/06/2020,19:18,.227,.227,.227,.227, 100
04/06/2020,19:29,.227,.227,.227,.227, 1000
04/06/2020,19:33,.227,.227,.227,.227, 199
04/06/2020,19:36,.227,.227,.226,.226, 48782
04/06/2020,19:54,.227,.227,.227,.227, 100
04/06/2020,20:01,.227,.227,.227,.227, 2000
04/06/2020,20:10,.227,.227,.227,.227, 300
04/06/2020,20:18,.227,.227,.227,.227, 1323
04/06/2020,20:20,.227,.227,.227,.227, 100
04/06/2020,20:25,.226,.226,.225,.225, 36369
04/06/2020,20:37,.225,.225,.225,.225, 250
04/06/2020,20:47,.225,.225,.225,.225, 200
04/06/2020,20:48,.224,.224,.224,.224, 100
04/06/2020,20:57,.224,.224,.224,.224, 100
04/06/2020,20:59,.224,.224,.223,.223, 2600
04/06/2020,21:04,.224,.224,.224,.224, 100
04/06/2020,21:09,.223,.223,.223,.223, 1700
04/06/2020,21:15,.224,.224,.224,.224, 100
04/06/2020,21:17,.223,.223,.22,.22, 17000
04/06/2020,21:21,.224,.224,.224,.224, 2184
04/06/2020,21:25,.224,.224,.223,.223, 322
04/06/2020,21:26,.224,.224,.224,.224, 1000
04/06/2020,21:27,.223,.224,.223,.224, 5050
04/06/2020,21:30,.224,.224,.224,.224, 100
04/06/2020,21:38,.223,.223,.223,.223, 100
04/06/2020,21:44,.224,.224,.224,.224, 600
04/06/2020,21:46,.224,.224,.224,.224, 100
04/06/2020,21:50,.224,.224,.224,.224, 10000
04/06/2020,21:50,.224,.224,.224,.224, 272
04/06/2020,21:51,.224,.224,.224,.224, 2230
04/06/2020,21:52,.224,.224,.224,.224, 100
04/06/2020,21:55,.224,.224,.224,.224, 1970
04/07/2020,15:31,.236,.236,.233,.233, 3037
04/07/2020,15:32,.236,.236,.235,.236, 13374
04/07/2020,15:33,.234,.234,.234,.234, 200
04/07/2020,15:38,.236,.236,.236,.236, 100
04/07/2020,15:40,.236,.236,.236,.236, 245
04/07/2020,15:45,.236,.236,.236,.236, 3000
04/07/2020,15:47,.236,.237,.236,.237, 1200
04/07/2020,15:56,.237,.237,.237,.237, 4999
04/07/2020,15:57,.236,.236,.225,.225, 60373
04/07/2020,15:58,.236,.236,.236,.236, 100
04/07/2020,16:03,.232,.232,.232,.232, 1000
04/07/2020,16:09,.225,.225,.225,.225, 200
04/07/2020,16:10,.225,.225,.225,.225, 425
04/07/2020,16:12,.236,.236,.236,.236, 400
04/07/2020,16:13,.225,.225,.225,.225, 165
04/07/2020,16:15,.235,.235,.235,.235, 108
04/07/2020,16:15,.225,.225,.225,.225, 15100
04/07/2020,16:21,.235,.235,.23,.23, 5000
04/07/2020,16:22,.235,.235,.235,.235, 575
04/07/2020,16:23,.23,.23,.23,.23, 10100
04/07/2020,16:26,.233,.233,.233,.233, 372
04/07/2020,16:30,.23,.23,.23,.23, 300
04/07/2020,16:36,.236,.236,.236,.236, 100
04/07/2020,16:38,.235,.235,.235,.235, 100
04/07/2020,16:40,.235,.235,.235,.235, 100
04/07/2020,16:45,.23,.23,.23,.23, 883
04/07/2020,16:47,.23,.23,.23,.23, 217
04/07/2020,16:59,.234,.235,.234,.235, 225
04/07/2020,17:18,.235,.235,.235,.235, 350
04/07/2020,17:20,.234,.234,.234,.234, 100
04/07/2020,17:22,.234,.234,.234,.234, 100
04/07/2020,17:25,.234,.234,.234,.234, 100
04/07/2020,17:28,.234,.234,.234,.234, 1000
04/07/2020,17:28,.234,.234,.231,.231, 2975
04/07/2020,17:31,.234,.234,.234,.234, 193
04/07/2020,17:36,.233,.233,.233,.233, 200
04/07/2020,17:42,.232,.233,.232,.232, 16000
04/07/2020,17:43,.232,.233,.232,.232, 3700
04/07/2020,17:45,.232,.233,.232,.233, 1500
04/07/2020,17:47,.233,.233,.23,.23, 420
04/07/2020,17:58,.23,.233,.23,.23, 7440
04/07/2020,17:59,.23,.23,.23,.23, 5000
04/07/2020,18:00,.23,.23,.23,.23, 400
04/07/2020,18:06,.23,.23,.23,.23, 311
04/07/2020,18:07,.226,.23,.226,.23, 3400
04/07/2020,18:12,.228,.228,.226,.226, 1400
04/07/2020,18:15,.23,.23,.23,.23, 100
04/07/2020,18:17,.23,.23,.228,.23, 2423
04/07/2020,18:17,.228,.23,.226,.226, 9750
04/07/2020,18:25,.229,.229,.229,.229, 299
04/07/2020,18:32,.233,.233,.233,.233, 100
04/07/2020,18:38,.233,.233,.233,.233, 200
04/07/2020,18:40,.226,.233,.226,.23, 2454
04/07/2020,18:42,.233,.233,.233,.233, 557
04/07/2020,18:46,.233,.233,.233,.233, 2000
04/07/2020,18:51,.232,.232,.231,.231, 2200
04/07/2020,18:52,.232,.232,.232,.232, 200
04/07/2020,18:54,.233,.233,.233,.233, 200
04/07/2020,18:54,.233,.233,.233,.233, 100
04/07/2020,19:01,.232,.233,.232,.233, 400
04/07/2020,19:14,.232,.232,.232,.232, 1000
04/07/2020,19:18,.233,.233,.233,.233, 100
04/07/2020,19:54,.233,.233,.233,.233, 200
04/07/2020,19:57,.233,.233,.233,.233, 100
04/07/2020,20:05,.233,.233,.233,.233, 100
04/07/2020,20:08,.233,.233,.233,.233, 2000
04/07/2020,20:11,.231,.231,.231,.231, 138
04/07/2020,20:14,.233,.233,.233,.233, 100
04/07/2020,20:16,.232,.232,.232,.232, 5000
04/07/2020,20:16,.231,.231,.231,.231, 200
04/07/2020,20:24,.233,.233,.233,.233, 100
04/07/2020,20:24,.233,.233,.232,.233, 2670
04/07/2020,20:31,.23,.23,.23,.23, 5736
04/07/2020,20:31,.231,.231,.231,.231, 200
04/07/2020,20:42,.233,.233,.233,.233, 100
04/07/2020,20:58,.232,.232,.232,.232, 700
04/07/2020,21:03,.232,.233,.232,.233, 2686
04/07/2020,21:08,.233,.233,.232,.232, 500
04/07/2020,21:10,.233,.233,.233,.233, 500
04/07/2020,21:21,.232,.232,.232,.232, 7692
04/07/2020,21:25,.232,.232,.232,.232, 300
04/07/2020,21:28,.232,.232,.232,.232, 100
04/07/2020,21:31,.232,.232,.229,.23, 4271
04/07/2020,21:35,.232,.232,.232,.232, 1788
04/07/2020,21:39,.233,.233,.233,.233, 100
04/07/2020,21:40,.233,.233,.233,.233, 900
04/07/2020,21:48,.233,.233,.233,.233, 100
04/07/2020,21:51,.233,.233,.233,.233, 100
04/07/2020,21:56,.232,.232,.232,.232, 3300
04/07/2020,21:58,.232,.232,.232,.232, 100
04/07/2020,21:59,.232,.232,.232,.232, 8088
04/07/2020,22:01,.232,.232,.232,.232, 1600
04/08/2020,15:31,.234,.234,.234,.234, 5876
04/08/2020,15:32,.233,.233,.233,.233, 3598
04/08/2020,15:34,.234,.234,.234,.234, 200
04/08/2020,15:36,.232,.232,.232,.232, 200
04/08/2020,15:38,.234,.234,.234,.234, 300
04/08/2020,15:43,.233,.234,.233,.234, 2200
04/08/2020,15:44,.233,.233,.233,.233, 100
04/08/2020,15:50,.234,.234,.234,.234, 250
04/08/2020,15:59,.234,.234,.234,.234, 2000
04/08/2020,16:03,.234,.234,.234,.234, 100
04/08/2020,16:04,.233,.233,.233,.233, 750
04/08/2020,16:07,.234,.234,.234,.234, 100
04/08/2020,16:12,.234,.234,.233,.234, 8100
04/08/2020,16:16,.234,.234,.234,.234, 400
04/08/2020,16:19,.234,.234,.234,.234, 250
04/08/2020,16:20,.234,.234,.234,.234, 60500
04/08/2020,16:20,.234,.234,.234,.234, 1000
04/08/2020,16:23,.234,.234,.234,.234, 100
04/08/2020,16:25,.233,.233,.233,.233, 900
04/08/2020,16:36,.234,.234,.234,.234, 800
04/08/2020,16:39,.233,.233,.233,.233, 1736
04/08/2020,16:41,.234,.234,.233,.233, 600
04/08/2020,16:43,.234,.234,.234,.234, 200
04/08/2020,16:45,.234,.234,.234,.234, 2320
04/08/2020,16:55,.236,.236,.236,.236, 100
04/08/2020,16:59,.235,.235,.235,.235, 2320
04/08/2020,17:05,.233,.233,.233,.233, 500
04/08/2020,17:06,.236,.236,.236,.236, 100
04/08/2020,17:11,.235,.235,.233,.233, 1100
04/08/2020,17:15,.235,.235,.235,.235, 150
04/08/2020,17:18,.235,.235,.235,.235, 100
04/08/2020,17:29,.234,.234,.234,.234, 1235
04/08/2020,17:30,.235,.235,.235,.235, 210
04/08/2020,17:49,.234,.234,.234,.234, 202
04/08/2020,17:51,.235,.235,.235,.235, 100
04/08/2020,17:54,.235,.235,.235,.235, 646
04/08/2020,18:03,.235,.235,.234,.234, 3970
04/08/2020,18:07,.236,.237,.235,.237, 9741
04/08/2020,18:08,.237,.237,.237,.237, 430
04/08/2020,18:09,.234,.234,.234,.234, 210
04/08/2020,18:09,.237,.237,.237,.237, 100
04/08/2020,18:11,.237,.24,.237,.24, 2947
04/08/2020,18:12,.239,.241,.239,.241, 3430
04/08/2020,18:15,.24,.24,.24,.24, 5800
04/08/2020,18:20,.24,.24,.24,.24, 200
04/08/2020,18:22,.24,.24,.24,.24, 2100
04/08/2020,18:27,.234,.24,.234,.24, 800
04/08/2020,18:36,.24,.24,.24,.24, 100
04/08/2020,18:40,.234,.234,.234,.234, 100
04/08/2020,18:42,.234,.234,.234,.234, 142
04/08/2020,18:46,.24,.24,.24,.24, 11750
04/08/2020,18:48,.237,.237,.237,.237, 1000
04/08/2020,18:49,.234,.234,.234,.234, 8543
04/08/2020,18:56,.239,.239,.239,.239, 5000
04/08/2020,19:00,.24,.24,.24,.24, 5000
04/08/2020,19:01,.24,.24,.24,.24, 2000
04/08/2020,19:02,.24,.24,.24,.24, 200
04/08/2020,19:06,.24,.24,.24,.24, 100
04/08/2020,19:07,.239,.239,.239,.239, 474
04/08/2020,19:09,.234,.234,.234,.234, 100
04/08/2020,19:11,.24,.24,.24,.24, 200
04/08/2020,19:18,.234,.234,.234,.234, 100
04/08/2020,19:23,.234,.234,.234,.234, 667
04/08/2020,19:29,.234,.234,.234,.234, 395
04/08/2020,19:33,.234,.24,.234,.234, 5380
04/08/2020,19:37,.24,.24,.24,.24, 313
04/08/2020,19:38,.238,.24,.238,.24, 2542
04/08/2020,19:43,.238,.24,.238,.24, 907
04/08/2020,19:57,.24,.24,.24,.24, 187
04/08/2020,20:00,.24,.24,.24,.24, 100
04/08/2020,20:04,.238,.24,.234,.24, 12050
04/08/2020,20:05,.24,.24,.24,.24, 2000
04/08/2020,20:09,.235,.235,.235,.235, 30595
04/08/2020,20:22,.235,.235,.235,.235, 100
04/08/2020,20:24,.235,.235,.235,.235, 2000
04/08/2020,20:24,.234,.234,.234,.234, 150
04/08/2020,20:29,.235,.235,.235,.235, 100
04/08/2020,20:33,.234,.234,.234,.234, 2100
04/08/2020,20:39,.235,.235,.235,.235, 900
04/08/2020,20:41,.235,.235,.235,.235, 100
04/08/2020,20:41,.235,.235,.235,.235, 300
04/08/2020,20:43,.235,.235,.235,.235, 1100
04/08/2020,20:48,.235,.235,.235,.235, 17121
04/08/2020,20:49,.237,.237,.237,.237, 100
04/08/2020,20:59,.237,.239,.237,.237, 1000
04/08/2020,21:01,.237,.24,.237,.24, 300
04/08/2020,21:02,.24,.24,.24,.24, 100
04/08/2020,21:04,.24,.24,.236,.236, 1000
04/08/2020,21:14,.24,.24,.24,.24, 100
04/08/2020,21:19,.24,.24,.24,.24, 100
04/08/2020,21:24,.234,.24,.234,.24, 26500
04/08/2020,21:29,.239,.239,.239,.239, 1000
04/08/2020,21:32,.238,.238,.238,.238, 100
04/08/2020,21:36,.235,.235,.235,.235, 200
04/08/2020,21:42,.237,.237,.237,.237, 200
04/08/2020,21:45,.239,.24,.239,.24, 400
04/08/2020,21:46,.24,.24,.238,.239, 2000
04/08/2020,21:49,.239,.24,.239,.24, 1000
04/08/2020,21:53,.239,.239,.239,.239, 200
04/08/2020,21:54,.239,.24,.239,.239, 5700
04/09/2020,15:31,.24,.24,.24,.24, 5533
04/09/2020,15:33,.24,.24,.24,.24, 133
04/09/2020,15:34,.239,.239,.239,.239, 1100
04/09/2020,15:37,.24,.24,.24,.24, 220
04/09/2020,15:39,.24,.24,.24,.24, 900
04/09/2020,15:40,.24,.241,.239,.241, 39367
04/09/2020,15:45,.241,.241,.241,.241, 3671
04/09/2020,15:47,.24,.24,.24,.24, 400
04/09/2020,15:50,.242,.242,.242,.242, 166
04/09/2020,15:51,.242,.242,.242,.242, 100
04/09/2020,15:51,.242,.242,.242,.242, 13950
04/09/2020,15:53,.243,.243,.243,.243, 100
04/09/2020,15:55,.25,.25,.25,.25, 7450
04/09/2020,15:59,.248,.25,.245,.245, 7200
04/09/2020,16:02,.245,.245,.245,.245, 100
04/09/2020,16:02,.246,.246,.246,.246, 1000
04/09/2020,16:05,.247,.25,.245,.245, 10605
04/09/2020,16:06,.246,.246,.246,.246, 200
04/09/2020,16:06,.245,.245,.245,.245, 100
04/09/2020,16:07,.245,.246,.245,.246, 200
04/09/2020,16:08,.245,.245,.245,.245, 4977
04/09/2020,16:09,.245,.245,.245,.245, 625
04/09/2020,16:12,.245,.245,.245,.245, 917
04/09/2020,16:14,.243,.243,.243,.243, 565
04/09/2020,16:15,.247,.247,.247,.247, 3000
04/09/2020,16:16,.243,.247,.242,.247, 3046
04/09/2020,16:16,.244,.247,.243,.245, 4000
04/09/2020,16:17,.245,.245,.242,.242, 10000
04/09/2020,16:17,.242,.242,.242,.242, 200
04/09/2020,16:19,.242,.242,.242,.242, 1500
04/09/2020,16:26,.245,.245,.245,.245, 200
04/09/2020,16:29,.245,.245,.245,.245, 1405
04/09/2020,16:31,.242,.242,.24,.24, 2400
04/09/2020,16:39,.242,.242,.242,.242, 2900
04/09/2020,16:40,.242,.242,.242,.242, 122
04/09/2020,16:43,.24,.24,.236,.236, 14958
04/09/2020,16:48,.238,.238,.238,.238, 400
04/09/2020,16:49,.238,.238,.238,.238, 833
04/09/2020,16:57,.238,.238,.238,.238, 9955
04/09/2020,16:58,.238,.238,.238,.238, 3908
04/09/2020,17:02,.237,.237,.237,.237, 1000
04/09/2020,17:03,.237,.237,.236,.237, 14342
04/09/2020,17:05,.236,.236,.235,.235, 2137
04/09/2020,17:06,.235,.235,.235,.235, 289
04/09/2020,17:20,.235,.235,.235,.235, 1481
04/09/2020,17:22,.234,.234,.234,.234, 1730
04/09/2020,17:24,.227,.227,.227,.227, 300
04/09/2020,17:26,.235,.235,.235,.235, 211
04/09/2020,17:27,.231,.231,.23,.231, 2700
04/09/2020,17:33,.231,.231,.231,.231, 114
04/09/2020,17:37,.227,.235,.227,.235, 1700
04/09/2020,17:39,.235,.235,.235,.235, 631
04/09/2020,17:56,.23,.23,.229,.23, 6730
04/09/2020,17:57,.231,.235,.231,.235, 880
04/09/2020,18:00,.235,.235,.227,.227, 15516
04/09/2020,18:00,.235,.235,.235,.235, 200
04/09/2020,18:09,.228,.228,.228,.228, 150
04/09/2020,18:10,.232,.232,.232,.232, 200
04/09/2020,18:13,.235,.235,.235,.235, 115
04/09/2020,18:17,.235,.235,.232,.232, 1500
04/09/2020,18:24,.232,.232,.232,.232, 725
04/09/2020,18:28,.232,.232,.229,.229, 2700
04/09/2020,18:30,.229,.23,.229,.23, 400
04/09/2020,18:32,.229,.23,.229,.23, 2600
04/09/2020,18:33,.229,.229,.229,.229, 100
04/09/2020,18:35,.23,.235,.228,.228, 26329
04/09/2020,18:41,.235,.235,.235,.235, 500
04/09/2020,18:45,.235,.235,.235,.235, 100
04/09/2020,18:52,.235,.235,.235,.235, 100
04/09/2020,18:53,.235,.235,.235,.235, 109
04/09/2020,18:57,.233,.233,.233,.233, 825
04/09/2020,19:04,.234,.234,.234,.234, 1515
04/09/2020,19:11,.233,.234,.233,.234, 835
04/09/2020,19:12,.233,.233,.233,.233, 200
04/09/2020,19:14,.235,.235,.235,.235, 100
04/09/2020,19:22,.233,.233,.233,.233, 2500
04/09/2020,19:26,.233,.233,.233,.233, 1903
04/09/2020,19:29,.235,.235,.235,.235, 700
04/09/2020,19:30,.233,.233,.233,.233, 972
04/09/2020,19:38,.235,.235,.235,.235, 100
04/09/2020,19:40,.235,.235,.235,.235, 100
04/09/2020,19:41,.235,.235,.235,.235, 100
04/09/2020,19:48,.233,.233,.233,.233, 550
04/09/2020,19:48,.233,.233,.233,.233, 361
04/09/2020,19:56,.235,.235,.234,.235, 2850
04/09/2020,19:57,.235,.235,.235,.235, 1000
04/09/2020,20:03,.235,.235,.235,.235, 8388
04/09/2020,20:05,.235,.235,.235,.235, 500
04/09/2020,20:14,.235,.24,.235,.24, 1650
04/09/2020,20:14,.235,.235,.235,.235, 300
04/09/2020,20:19,.235,.235,.235,.235, 200
04/09/2020,20:25,.235,.235,.235,.235, 100
04/09/2020,20:29,.235,.235,.235,.235, 100
04/09/2020,20:34,.24,.24,.24,.24, 800
04/09/2020,20:36,.235,.235,.235,.235, 7500
04/09/2020,20:48,.24,.24,.24,.24, 100
04/09/2020,21:01,.235,.235,.233,.233, 4901
04/09/2020,21:01,.233,.233,.228,.228, 13950
04/09/2020,21:11,.239,.239,.239,.239, 2192
04/09/2020,21:18,.239,.239,.239,.239, 100
04/09/2020,21:21,.238,.238,.238,.238, 3311
04/09/2020,21:23,.229,.229,.229,.229, 2000
04/09/2020,21:23,.229,.229,.229,.229, 2250
04/09/2020,21:27,.238,.238,.238,.238, 130
04/09/2020,21:29,.238,.238,.238,.238, 1000
04/09/2020,21:31,.235,.235,.235,.235, 100
04/09/2020,21:33,.23,.23,.23,.23, 799
04/09/2020,21:35,.238,.238,.238,.238, 10000
04/09/2020,21:36,.238,.238,.238,.238, 400
04/09/2020,21:37,.235,.235,.235,.235, 100
04/09/2020,21:43,.235,.235,.235,.235, 100
04/09/2020,21:55,.23,.23,.23,.23, 400
04/13/2020,15:31,.24,.24,.232,.232, 34909
04/13/2020,15:34,.24,.24,.24,.24, 3585
04/13/2020,15:35,.232,.232,.232,.232, 100
04/13/2020,15:35,.232,.232,.232,.232, 1000
04/13/2020,15:37,.232,.232,.232,.232, 500
04/13/2020,15:41,.24,.24,.233,.233, 2100
04/13/2020,15:41,.233,.233,.233,.233, 272
04/13/2020,15:42,.24,.24,.24,.24, 100
04/13/2020,15:44,.236,.236,.233,.233, 1406
04/13/2020,15:44,.24,.24,.24,.24, 100
04/13/2020,15:55,.235,.235,.235,.235, 200
04/13/2020,15:56,.238,.238,.238,.238, 100
04/13/2020,15:58,.235,.235,.235,.235, 2500
04/13/2020,15:58,.234,.234,.234,.234, 540
04/13/2020,16:01,.232,.233,.231,.231, 6625
04/13/2020,16:02,.23,.232,.23,.232, 846
04/13/2020,16:03,.23,.23,.23,.23, 3495
04/13/2020,16:04,.23,.23,.23,.23, 2134
04/13/2020,16:05,.23,.23,.225,.225, 32970
04/13/2020,16:11,.229,.229,.229,.229, 658
04/13/2020,16:13,.229,.229,.229,.229, 1000
04/13/2020,16:15,.225,.225,.225,.225, 5000
04/13/2020,16:16,.23,.23,.23,.23, 2600
04/13/2020,16:26,.23,.23,.23,.23, 900
04/13/2020,16:27,.227,.227,.227,.227, 100
04/13/2020,16:29,.229,.229,.229,.229, 1000
04/13/2020,16:30,.23,.23,.23,.23, 1000
04/13/2020,16:33,.23,.23,.23,.23, 657
04/13/2020,16:36,.229,.229,.229,.229, 5800
04/13/2020,16:39,.227,.227,.227,.227, 140
04/13/2020,16:40,.226,.226,.226,.226, 2000
04/13/2020,16:40,.226,.227,.226,.227, 3285
04/13/2020,16:41,.225,.225,.225,.225, 12000
04/13/2020,16:44,.224,.224,.223,.224, 9395
04/13/2020,16:48,.224,.224,.224,.224, 1500
04/13/2020,16:49,.224,.224,.224,.224, 100
04/13/2020,16:51,.223,.223,.223,.223, 11710
04/13/2020,16:53,.223,.223,.223,.223, 400
04/13/2020,16:54,.223,.223,.223,.223, 100
04/13/2020,17:01,.223,.223,.223,.223, 1101
04/13/2020,17:02,.223,.23,.223,.23, 1600
04/13/2020,17:03,.23,.23,.23,.23, 500
04/13/2020,17:04,.23,.23,.23,.23, 200
04/13/2020,17:09,.23,.23,.23,.23, 100
04/13/2020,17:15,.228,.228,.225,.225, 1110
04/13/2020,17:16,.23,.23,.23,.23, 100
04/13/2020,17:20,.225,.225,.225,.225, 3165
04/13/2020,17:29,.23,.23,.23,.23, 600
04/13/2020,17:38,.229,.229,.229,.229, 150
04/13/2020,17:42,.229,.229,.229,.229, 100
04/13/2020,17:44,.226,.229,.226,.229, 1000
04/13/2020,17:46,.229,.229,.229,.229, 600
04/13/2020,17:47,.229,.229,.229,.229, 1278
04/13/2020,17:49,.224,.224,.224,.224, 2924
04/13/2020,17:59,.229,.229,.224,.224, 900
04/13/2020,18:08,.225,.225,.225,.225, 4200
04/13/2020,18:12,.229,.229,.229,.229, 1420
04/13/2020,18:15,.229,.229,.229,.229, 5000
04/13/2020,18:16,.227,.23,.227,.227, 14900
04/13/2020,18:17,.23,.23,.223,.223, 16900
04/13/2020,18:18,.224,.224,.224,.224, 250
04/13/2020,18:22,.224,.224,.224,.224, 5000
04/13/2020,18:26,.224,.224,.224,.224, 1855
04/13/2020,18:27,.224,.224,.224,.224, 1052
04/13/2020,18:30,.234,.234,.234,.234, 100
04/13/2020,18:39,.234,.234,.23,.234, 1000
04/13/2020,19:03,.227,.227,.227,.227, 322
04/13/2020,19:04,.234,.234,.234,.234, 200
04/13/2020,19:11,.234,.234,.234,.234, 100
04/13/2020,19:12,.234,.234,.234,.234, 100
04/13/2020,19:16,.234,.234,.234,.234, 9200
04/13/2020,19:26,.23,.23,.23,.23, 2000
04/13/2020,19:30,.23,.23,.23,.23, 170
04/13/2020,19:32,.23,.23,.23,.23, 200
04/13/2020,19:35,.229,.23,.229,.23, 2100
04/13/2020,19:36,.229,.229,.229,.229, 100
04/13/2020,19:38,.229,.229,.229,.229, 100
04/13/2020,19:39,.229,.229,.229,.229, 200
04/13/2020,19:44,.229,.231,.229,.231, 30300
04/13/2020,19:52,.234,.234,.234,.234, 200
04/13/2020,19:54,.234,.234,.233,.233, 900
04/13/2020,19:55,.233,.233,.233,.233, 500
04/13/2020,19:57,.233,.233,.233,.233, 2500
04/13/2020,20:02,.233,.233,.233,.233, 4124
04/13/2020,20:09,.233,.234,.233,.234, 12382
04/13/2020,20:19,.223,.223,.223,.223, 3650
04/13/2020,20:21,.233,.233,.233,.233, 100
04/13/2020,20:24,.234,.234,.234,.234, 100
04/13/2020,20:29,.233,.233,.233,.233, 15000
04/13/2020,20:29,.23,.23,.23,.23, 501
04/13/2020,20:39,.234,.234,.234,.234, 100
04/13/2020,20:40,.232,.232,.232,.232, 500
04/13/2020,20:44,.234,.234,.234,.234, 99632
04/13/2020,20:51,.234,.24,.234,.24, 36187
04/13/2020,20:55,.234,.234,.234,.234, 100
04/13/2020,20:57,.24,.24,.23,.23, 10000
04/13/2020,21:03,.233,.233,.225,.225, 12361
04/13/2020,21:13,.24,.24,.24,.24, 100
04/13/2020,21:16,.24,.24,.24,.24, 2000
04/13/2020,21:25,.24,.24,.24,.24, 100
04/13/2020,21:29,.233,.233,.233,.233, 2274
04/13/2020,21:40,.239,.24,.239,.24, 15500
04/13/2020,21:43,.24,.24,.24,.24, 100
04/13/2020,21:46,.24,.24,.24,.24, 4166
04/13/2020,21:46,.238,.238,.238,.238, 1200
04/13/2020,21:48,.238,.238,.238,.238, 500
04/13/2020,21:55,.24,.24,.24,.24, 147
04/13/2020,22:00,.239,.24,.239,.24, 20206
04/14/2020,15:31,.25,.25,.24,.24, 5225
04/14/2020,15:31,.24,.24,.24,.24, 9456
04/14/2020,15:38,.24,.25,.24,.25, 40000
04/14/2020,15:39,.237,.237,.237,.237, 450
04/14/2020,15:41,.248,.248,.231,.231, 25281
04/14/2020,15:42,.237,.237,.227,.227, 24851
04/14/2020,15:45,.237,.238,.237,.238, 650
04/14/2020,15:46,.248,.248,.248,.248, 250
04/14/2020,15:47,.237,.237,.227,.227, 24933
04/14/2020,15:48,.238,.238,.238,.238, 250
04/14/2020,15:53,.238,.238,.238,.238, 130
04/14/2020,15:55,.249,.249,.249,.249, 200
04/14/2020,15:57,.24,.24,.24,.24, 2000
04/14/2020,16:01,.24,.24,.24,.24, 10000
04/14/2020,16:02,.24,.24,.238,.238, 10100
04/14/2020,16:07,.243,.243,.243,.243, 1700
04/14/2020,16:08,.243,.243,.243,.243, 1301
04/14/2020,16:10,.241,.241,.241,.241, 2000
04/14/2020,16:11,.238,.238,.238,.238, 250
04/14/2020,16:13,.243,.245,.243,.245, 2850
04/14/2020,16:16,.238,.238,.238,.238, 257
04/14/2020,16:17,.238,.238,.238,.238, 400
04/14/2020,16:19,.238,.238,.238,.238, 150
04/14/2020,16:20,.239,.239,.239,.239, 1500
04/14/2020,16:21,.24,.24,.24,.24, 1800
04/14/2020,16:24,.238,.238,.238,.238, 615
04/14/2020,16:26,.239,.245,.239,.245, 24257
04/14/2020,16:27,.245,.245,.245,.245, 290
04/14/2020,16:28,.24,.24,.24,.24, 2600
04/14/2020,16:31,.24,.24,.24,.24, 200
04/14/2020,16:33,.24,.24,.24,.24, 100
04/14/2020,16:33,.239,.239,.239,.239, 2755
04/14/2020,16:35,.239,.239,.239,.239, 1232
04/14/2020,16:45,.239,.239,.239,.239, 180
04/14/2020,16:45,.238,.239,.237,.237, 17622
04/14/2020,16:52,.236,.236,.236,.236, 100
04/14/2020,16:55,.234,.234,.234,.234, 200
04/14/2020,16:57,.233,.233,.233,.233, 100
04/14/2020,16:58,.235,.235,.235,.235, 200
04/14/2020,16:59,.235,.235,.235,.235, 200
04/14/2020,17:02,.235,.235,.234,.234, 2000
04/14/2020,17:03,.235,.235,.235,.235, 450
04/14/2020,17:05,.236,.237,.235,.237, 3970
04/14/2020,17:09,.239,.239,.239,.239, 10000
04/14/2020,17:11,.234,.234,.234,.234, 300
04/14/2020,17:16,.237,.237,.237,.237, 100
04/14/2020,17:17,.239,.239,.239,.239, 400
04/14/2020,17:27,.237,.237,.237,.237, 500
04/14/2020,17:31,.235,.235,.23,.23, 7487
04/14/2020,17:33,.23,.23,.229,.23, 1800
04/14/2020,17:36,.229,.229,.229,.229, 200
04/14/2020,17:37,.23,.23,.23,.23, 2200
04/14/2020,17:42,.229,.229,.229,.229, 382
04/14/2020,17:42,.23,.23,.23,.23, 2000
04/14/2020,17:46,.23,.23,.23,.23, 12492
04/14/2020,17:49,.23,.232,.227,.23, 20500
04/14/2020,17:53,.227,.227,.227,.227, 100
04/14/2020,17:54,.227,.227,.226,.226, 10000
04/14/2020,18:03,.226,.227,.226,.227, 290
04/14/2020,18:04,.227,.228,.227,.227, 400
04/14/2020,18:07,.228,.228,.227,.227, 1100
04/14/2020,18:11,.228,.228,.227,.228, 1082
04/14/2020,18:13,.227,.227,.227,.227, 100
04/14/2020,18:16,.228,.228,.228,.228, 5341
04/14/2020,18:22,.237,.237,.237,.237, 275
04/14/2020,18:24,.235,.237,.235,.237, 4550
04/14/2020,18:32,.234,.235,.234,.235, 3200
04/14/2020,18:34,.232,.234,.232,.234, 220
04/14/2020,18:37,.233,.233,.233,.233, 5000
04/14/2020,18:42,.234,.234,.234,.234, 150
04/14/2020,18:42,.233,.233,.233,.233, 200
04/14/2020,18:49,.234,.234,.234,.234, 100
04/14/2020,18:50,.234,.234,.234,.234, 230
04/14/2020,18:51,.234,.234,.234,.234, 300
04/14/2020,18:54,.234,.234,.234,.234, 1000
04/14/2020,18:55,.234,.234,.234,.234, 200
04/14/2020,18:57,.234,.236,.234,.236, 9495
04/14/2020,18:58,.236,.236,.236,.236, 1160
04/14/2020,19:01,.239,.239,.239,.239, 1000
04/14/2020,19:02,.239,.239,.239,.239, 11036
04/14/2020,19:03,.239,.239,.239,.239, 25489
04/14/2020,19:10,.239,.239,.235,.235, 5200
04/14/2020,19:12,.239,.239,.239,.239, 385
04/14/2020,19:13,.239,.239,.239,.239, 498
04/14/2020,19:16,.239,.239,.239,.239, 100
04/14/2020,19:18,.239,.239,.239,.239, 200
04/14/2020,19:18,.239,.239,.239,.239, 200
04/14/2020,19:22,.237,.237,.237,.237, 2094
04/14/2020,19:25,.238,.238,.238,.238, 100
04/14/2020,19:28,.235,.235,.235,.235, 100
04/14/2020,19:42,.238,.238,.238,.238, 380
04/14/2020,19:47,.238,.238,.238,.238, 100
04/14/2020,19:53,.234,.234,.234,.234, 1300
04/14/2020,20:14,.234,.234,.234,.234, 140
04/14/2020,20:19,.234,.234,.234,.234, 5252
04/14/2020,20:21,.234,.234,.234,.234, 1170
04/14/2020,20:23,.236,.236,.236,.236, 909
04/14/2020,20:24,.237,.237,.237,.237, 217
04/14/2020,20:40,.237,.237,.237,.237, 100
04/14/2020,20:41,.237,.237,.237,.237, 100
04/14/2020,20:44,.237,.237,.237,.237, 100
04/14/2020,20:49,.237,.237,.237,.237, 300
04/14/2020,20:53,.23,.234,.23,.23, 25030
04/14/2020,20:55,.234,.234,.228,.228, 16157
04/14/2020,20:56,.228,.228,.228,.228, 100
04/14/2020,20:57,.23,.23,.23,.23, 200
04/14/2020,20:59,.227,.229,.226,.228, 3082
04/14/2020,20:59,.23,.23,.23,.23, 100
04/14/2020,21:00,.23,.23,.23,.23, 500
04/14/2020,21:02,.23,.23,.23,.23, 200
04/14/2020,21:03,.228,.228,.228,.228, 100
04/14/2020,21:08,.227,.227,.227,.227, 100
04/14/2020,21:11,.226,.226,.226,.226, 400
04/14/2020,21:14,.226,.226,.226,.226, 100
04/14/2020,21:15,.227,.228,.227,.228, 22650
04/14/2020,21:18,.227,.227,.227,.227, 1799
04/14/2020,21:18,.228,.228,.228,.228, 400
04/14/2020,21:19,.228,.228,.228,.228, 320
04/14/2020,21:21,.228,.228,.228,.228, 9000
04/14/2020,21:22,.229,.235,.229,.235, 2000
04/14/2020,21:23,.233,.233,.228,.233, 33800
04/14/2020,21:24,.23,.23,.229,.23, 22550
04/14/2020,21:29,.228,.228,.228,.228, 200
04/14/2020,21:29,.228,.229,.228,.229, 500
04/14/2020,21:30,.23,.23,.23,.23, 200
04/14/2020,21:34,.23,.23,.23,.23, 414
04/14/2020,21:38,.23,.23,.23,.23, 1000
04/14/2020,21:42,.23,.23,.23,.23, 1521
04/14/2020,21:42,.229,.229,.229,.229, 200
04/14/2020,21:45,.23,.233,.23,.23, 16900
04/14/2020,21:49,.23,.23,.23,.23, 100
04/14/2020,21:53,.23,.23,.23,.23, 100
04/14/2020,21:55,.23,.233,.23,.233, 6945
04/14/2020,21:55,.238,.238,.238,.238, 100
04/14/2020,21:56,.232,.232,.23,.23, 15200
04/14/2020,21:58,.232,.232,.231,.231, 2100
04/14/2020,21:58,.23,.23,.229,.229, 29100
04/14/2020,22:00,.229,.229,.228,.229, 4501
04/14/2020,22:00,.229,.229,.228,.228, 700
04/15/2020,15:31,.235,.235,.226,.228, 6897
04/15/2020,15:37,.226,.226,.226,.226, 6539
04/15/2020,15:39,.232,.232,.232,.232, 100
04/15/2020,15:43,.232,.232,.232,.232, 300
04/15/2020,15:43,.232,.232,.232,.232, 100
04/15/2020,15:46,.232,.232,.232,.232, 431
04/15/2020,15:48,.226,.226,.226,.226, 1700
04/15/2020,15:52,.232,.232,.232,.232, 950
04/15/2020,15:57,.231,.231,.231,.231, 100
04/15/2020,16:04,.228,.228,.228,.228, 100
04/15/2020,16:06,.226,.226,.226,.226, 341
04/15/2020,16:08,.23,.23,.229,.229, 619
04/15/2020,16:10,.228,.23,.228,.23, 560
04/15/2020,16:12,.23,.23,.226,.228, 2200
04/15/2020,16:13,.226,.226,.226,.226, 105
04/15/2020,16:15,.23,.23,.23,.23, 222
04/15/2020,16:21,.229,.229,.229,.229, 200
04/15/2020,16:23,.229,.23,.229,.23, 200
04/15/2020,16:25,.229,.229,.229,.229, 100
04/15/2020,16:26,.23,.23,.23,.23, 100
04/15/2020,16:27,.231,.231,.23,.23, 315
04/15/2020,16:33,.231,.231,.231,.231, 200
04/15/2020,16:34,.23,.23,.23,.23, 103
04/15/2020,16:35,.23,.231,.23,.231, 2322
04/15/2020,16:40,.23,.232,.23,.232, 600
04/15/2020,16:42,.23,.23,.23,.23, 400
04/15/2020,16:48,.232,.232,.232,.232, 200
04/15/2020,16:51,.232,.232,.231,.231, 1042
04/15/2020,16:59,.231,.231,.231,.231, 1200
04/15/2020,17:03,.232,.232,.232,.232, 115
04/15/2020,17:12,.231,.232,.231,.232, 500
04/15/2020,17:19,.231,.231,.231,.231, 329
04/15/2020,17:21,.232,.232,.232,.232, 200
04/15/2020,17:22,.232,.232,.231,.231, 5100
04/15/2020,17:22,.231,.231,.231,.231, 200
04/15/2020,17:23,.231,.231,.227,.227, 4430
04/15/2020,17:27,.228,.229,.228,.229, 963
04/15/2020,17:27,.228,.228,.228,.228, 200
04/15/2020,17:29,.23,.23,.23,.23, 100
04/15/2020,17:31,.228,.228,.228,.228, 2250
04/15/2020,17:32,.228,.23,.226,.228, 56883
04/15/2020,17:36,.228,.228,.228,.228, 150
04/15/2020,17:38,.227,.227,.227,.227, 6150
04/15/2020,17:42,.228,.228,.227,.227, 5100
04/15/2020,17:46,.23,.23,.23,.23, 300
04/15/2020,17:53,.228,.228,.228,.228, 600
04/15/2020,17:54,.227,.228,.227,.228, 900
04/15/2020,18:05,.226,.227,.225,.225, 50109
04/15/2020,18:06,.225,.225,.224,.225, 3700
04/15/2020,18:08,.224,.225,.224,.225, 3100
04/15/2020,18:09,.223,.223,.223,.223, 1000
04/15/2020,18:18,.224,.224,.224,.224, 100
04/15/2020,18:19,.224,.224,.223,.223, 450
04/15/2020,18:20,.223,.224,.223,.224, 6000
04/15/2020,18:24,.224,.224,.224,.224, 9210
04/15/2020,18:31,.224,.224,.224,.224, 3200
04/15/2020,18:33,.224,.224,.224,.224, 1700
04/15/2020,18:36,.224,.224,.224,.224, 650
04/15/2020,18:39,.224,.224,.224,.224, 7862
04/15/2020,18:42,.224,.225,.224,.224, 12300
04/15/2020,18:45,.225,.225,.225,.225, 1000
04/15/2020,18:46,.225,.225,.225,.225, 250
04/15/2020,18:51,.225,.225,.225,.225, 337
04/15/2020,18:51,.225,.225,.225,.225, 1000
04/15/2020,18:53,.225,.225,.225,.225, 500
04/15/2020,18:56,.225,.225,.224,.224, 900
04/15/2020,18:57,.224,.224,.223,.223, 36137
04/15/2020,18:58,.224,.224,.224,.224, 400
04/15/2020,19:00,.224,.224,.224,.224, 100
04/15/2020,19:02,.224,.224,.224,.224, 165
04/15/2020,19:02,.224,.224,.224,.224, 200
04/15/2020,19:14,.224,.224,.224,.224, 200
04/15/2020,19:18,.224,.224,.224,.224, 5700
04/15/2020,19:20,.224,.224,.224,.224, 903
04/15/2020,19:25,.224,.224,.224,.224, 200
04/15/2020,19:27,.224,.224,.224,.224, 1901
04/15/2020,19:28,.224,.224,.224,.224, 220
04/15/2020,19:33,.224,.225,.224,.225, 7215
04/15/2020,19:35,.225,.225,.225,.225, 100
04/15/2020,19:38,.225,.225,.225,.225, 150
04/15/2020,19:41,.225,.225,.225,.225, 200
04/15/2020,19:41,.225,.225,.225,.225, 100
04/15/2020,19:42,.225,.225,.225,.225, 480
04/15/2020,19:43,.225,.225,.225,.225, 100
04/15/2020,19:45,.225,.225,.225,.225, 200
04/15/2020,19:46,.225,.225,.225,.225, 980
04/15/2020,19:52,.225,.225,.225,.225, 2404
04/15/2020,19:57,.225,.225,.225,.225, 100
04/15/2020,20:00,.225,.225,.225,.225, 1000
04/15/2020,20:01,.225,.225,.225,.225, 112
04/15/2020,20:10,.226,.226,.226,.226, 400
04/15/2020,20:12,.225,.225,.225,.225, 100
04/15/2020,20:17,.225,.225,.225,.225, 600
04/15/2020,20:29,.225,.225,.225,.225, 2401
04/15/2020,20:30,.225,.225,.225,.225, 200
04/15/2020,20:48,.225,.225,.225,.225, 200
04/15/2020,20:49,.225,.225,.225,.225, 118
04/15/2020,20:52,.225,.225,.225,.225, 3000
04/15/2020,20:59,.225,.225,.225,.225, 1000
04/15/2020,21:01,.225,.225,.225,.225, 1642
04/15/2020,21:13,.226,.227,.226,.227, 3877
04/15/2020,21:13,.226,.226,.226,.226, 500
04/15/2020,21:16,.227,.227,.227,.227, 1500
04/15/2020,21:17,.227,.227,.227,.227, 100
04/15/2020,21:21,.226,.226,.226,.226, 200
04/15/2020,21:26,.226,.226,.226,.226, 100
04/15/2020,21:37,.226,.226,.226,.226, 300
04/15/2020,21:38,.228,.23,.225,.228, 27854
04/15/2020,21:42,.23,.23,.23,.23, 200
04/15/2020,21:47,.23,.23,.23,.23, 100
04/15/2020,21:49,.227,.227,.227,.227, 100
04/15/2020,21:56,.228,.228,.228,.228, 500
04/15/2020,21:58,.225,.225,.225,.225, 528
04/16/2020,15:31,.234,.24,.234,.24, 10526
04/16/2020,15:33,.235,.235,.235,.235, 200
04/16/2020,15:34,.234,.234,.234,.234, 169
04/16/2020,15:35,.235,.235,.235,.235, 1000
04/16/2020,15:35,.235,.235,.235,.235, 1000
04/16/2020,15:38,.235,.235,.235,.235, 100
04/16/2020,15:38,.235,.235,.235,.235, 200
04/16/2020,15:39,.235,.235,.235,.235, 100
04/16/2020,15:40,.234,.234,.234,.234, 100
04/16/2020,15:41,.235,.235,.235,.235, 200
04/16/2020,15:45,.235,.235,.235,.235, 293
04/16/2020,15:45,.235,.235,.235,.235, 2000
04/16/2020,15:47,.234,.234,.234,.234, 348
04/16/2020,15:52,.234,.234,.234,.234, 2431
04/16/2020,16:06,.234,.234,.234,.234, 1855
04/16/2020,16:13,.234,.234,.234,.234, 1500
04/16/2020,16:14,.234,.234,.234,.234, 219
04/16/2020,16:15,.234,.234,.234,.234, 1145
04/16/2020,16:19,.234,.234,.23,.23, 12656
04/16/2020,16:20,.232,.232,.232,.232, 850
04/16/2020,16:22,.232,.232,.232,.232, 100
04/16/2020,16:27,.234,.234,.234,.234, 200
04/16/2020,16:27,.233,.233,.233,.233, 544
04/16/2020,16:41,.232,.233,.232,.233, 700
04/16/2020,16:41,.233,.233,.233,.233, 200
04/16/2020,16:43,.233,.234,.23,.233, 27100
04/16/2020,16:46,.232,.233,.23,.232, 23090
04/16/2020,16:47,.232,.233,.232,.233, 6500
04/16/2020,16:49,.232,.232,.232,.232, 200
04/16/2020,16:56,.234,.234,.234,.234, 350
04/16/2020,16:58,.23,.23,.23,.23, 200
04/16/2020,17:00,.234,.234,.232,.232, 398
04/16/2020,17:02,.234,.234,.234,.234, 179
04/16/2020,17:03,.23,.23,.23,.23, 435
04/16/2020,17:09,.23,.234,.23,.234, 600
04/16/2020,17:09,.233,.233,.233,.233, 500
04/16/2020,17:11,.23,.23,.23,.23, 297
04/16/2020,17:12,.231,.231,.23,.231, 5700
04/16/2020,17:17,.23,.23,.23,.23, 1000
04/16/2020,17:19,.23,.23,.23,.23, 2500
04/16/2020,17:21,.233,.233,.233,.233, 100
04/16/2020,17:30,.232,.232,.232,.232, 196
04/16/2020,17:45,.23,.23,.23,.23, 250
04/16/2020,17:53,.233,.233,.233,.233, 100
04/16/2020,17:57,.23,.23,.23,.23, 121
04/16/2020,18:01,.232,.233,.232,.233, 2300
04/16/2020,18:19,.233,.233,.233,.233, 100
04/16/2020,18:21,.23,.233,.23,.233, 708
04/16/2020,18:25,.233,.233,.233,.233, 500
04/16/2020,18:29,.233,.233,.233,.233, 1000
04/16/2020,18:31,.233,.233,.233,.233, 115
04/16/2020,18:35,.227,.227,.227,.227, 100
04/16/2020,18:42,.23,.23,.23,.23, 150
04/16/2020,18:44,.227,.23,.227,.23, 1000
04/16/2020,18:48,.23,.233,.23,.233, 37889
04/16/2020,18:57,.23,.23,.23,.23, 400
04/16/2020,19:09,.23,.23,.23,.23, 128
04/16/2020,19:12,.23,.233,.226,.233, 21800
04/16/2020,19:13,.233,.233,.233,.233, 100
04/16/2020,19:18,.231,.231,.231,.231, 300
04/16/2020,19:36,.23,.23,.23,.23, 1067
04/16/2020,19:45,.233,.233,.232,.232, 829
04/16/2020,19:57,.233,.233,.233,.233, 800
04/16/2020,20:01,.233,.233,.233,.233, 100
04/16/2020,20:12,.233,.233,.233,.233, 200
04/16/2020,20:18,.231,.231,.231,.231, 100
04/16/2020,20:24,.233,.233,.233,.233, 500
04/16/2020,20:33,.232,.232,.232,.232, 185
04/16/2020,20:38,.231,.231,.231,.231, 200
04/16/2020,20:40,.232,.232,.232,.232, 500
04/16/2020,20:56,.231,.231,.231,.231, 500
04/16/2020,20:56,.232,.232,.232,.232, 100
04/16/2020,21:09,.232,.232,.232,.232, 434
04/16/2020,21:14,.231,.231,.231,.231, 1200
04/16/2020,21:15,.232,.232,.232,.232, 500
04/16/2020,21:20,.231,.231,.23,.23, 9400
04/16/2020,21:24,.23,.23,.23,.23, 1100
04/16/2020,21:33,.23,.23,.228,.228, 13248
04/16/2020,21:42,.23,.23,.23,.23, 200
04/16/2020,21:51,.23,.23,.23,.23, 100
04/16/2020,21:52,.23,.23,.23,.23, 400
04/16/2020,21:56,.23,.23,.23,.23, 834
04/16/2020,21:59,.229,.229,.229,.229, 280
04/16/2020,22:01,.229,.229,.229,.229, 200
04/17/2020,15:31,.23,.23,.23,.23, 45931
04/17/2020,15:32,.23,.23,.23,.23, 2000
04/17/2020,15:37,.231,.231,.231,.231, 125
04/17/2020,15:39,.23,.23,.23,.23, 1003
04/17/2020,15:40,.23,.23,.23,.23, 215
04/17/2020,15:41,.231,.231,.231,.231, 200
04/17/2020,15:43,.23,.23,.23,.23, 1000
04/17/2020,15:45,.231,.231,.231,.231, 100
04/17/2020,15:48,.231,.231,.231,.231, 100
04/17/2020,15:50,.231,.237,.231,.233, 11984
04/17/2020,15:51,.236,.236,.236,.236, 192
04/17/2020,15:51,.236,.236,.236,.236, 500
04/17/2020,15:52,.236,.236,.236,.236, 620
04/17/2020,15:54,.236,.237,.236,.237, 2500
04/17/2020,16:01,.231,.236,.231,.236, 2479
04/17/2020,16:04,.235,.235,.235,.235, 650
04/17/2020,16:04,.23,.23,.23,.23, 200
04/17/2020,16:05,.235,.235,.235,.235, 150
04/17/2020,16:11,.233,.235,.233,.235, 2290
04/17/2020,16:13,.234,.234,.234,.234, 100
04/17/2020,16:14,.234,.234,.233,.233, 700
04/17/2020,16:16,.235,.235,.235,.235, 350
04/17/2020,16:16,.235,.235,.233,.233, 300
04/17/2020,16:21,.235,.235,.235,.235, 1025
04/17/2020,16:22,.235,.235,.235,.235, 100
04/17/2020,16:23,.233,.233,.233,.233, 125
04/17/2020,16:36,.235,.235,.235,.235, 100
04/17/2020,16:40,.235,.235,.234,.234, 2090
04/17/2020,16:48,.235,.235,.235,.235, 170
04/17/2020,16:53,.235,.236,.234,.236, 19054
04/17/2020,16:58,.236,.237,.236,.237, 800
04/17/2020,17:01,.235,.236,.235,.236, 22189
04/17/2020,17:08,.236,.236,.235,.235, 2400
04/17/2020,17:09,.236,.236,.236,.236, 200
04/17/2020,17:10,.236,.236,.236,.236, 3676
04/17/2020,17:13,.236,.236,.236,.236, 200
04/17/2020,17:13,.236,.237,.236,.237, 18175
04/17/2020,17:18,.237,.237,.237,.237, 200
04/17/2020,17:22,.236,.236,.236,.236, 200
04/17/2020,17:23,.236,.236,.236,.236, 300
04/17/2020,17:32,.236,.236,.236,.236, 7200
04/17/2020,17:33,.236,.236,.236,.236, 387
04/17/2020,17:35,.239,.239,.239,.239, 100
04/17/2020,17:37,.236,.24,.236,.238, 3500
04/17/2020,17:42,.236,.239,.236,.238, 8730
04/17/2020,17:48,.237,.237,.23,.237, 10925
04/17/2020,17:59,.237,.237,.234,.237, 300
04/17/2020,18:01,.234,.234,.234,.234, 1000
04/17/2020,18:12,.237,.237,.234,.237, 400
04/17/2020,18:12,.237,.237,.237,.237, 3900
04/17/2020,18:16,.237,.237,.237,.237, 2506
04/17/2020,18:20,.236,.237,.236,.237, 1100
04/17/2020,18:21,.237,.237,.237,.237, 100
04/17/2020,18:28,.237,.237,.237,.237, 100
04/17/2020,18:31,.237,.237,.237,.237, 212
04/17/2020,18:35,.237,.237,.231,.237, 1450
04/17/2020,18:41,.232,.232,.232,.232, 793
04/17/2020,18:52,.237,.237,.234,.237, 621
04/17/2020,18:55,.237,.237,.234,.234, 200
04/17/2020,18:59,.236,.236,.236,.236, 100
04/17/2020,19:05,.236,.237,.236,.237, 4280
04/17/2020,19:10,.237,.237,.237,.237, 175
04/17/2020,19:12,.237,.237,.236,.236, 1200
04/17/2020,19:14,.236,.236,.236,.236, 100
04/17/2020,19:20,.237,.237,.237,.237, 360
04/17/2020,19:24,.236,.237,.236,.237, 5800
04/17/2020,19:26,.237,.237,.237,.237, 2600
04/17/2020,19:29,.237,.237,.237,.237, 200
04/17/2020,19:34,.236,.237,.236,.237, 1200
04/17/2020,19:34,.236,.237,.236,.237, 950
04/17/2020,19:35,.237,.237,.237,.237, 200
04/17/2020,19:44,.237,.237,.236,.237, 8500
04/17/2020,19:50,.237,.24,.237,.24, 2400
04/17/2020,19:55,.24,.24,.24,.24, 200
04/17/2020,19:57,.24,.24,.24,.24, 100
04/17/2020,20:09,.237,.237,.237,.237, 865
04/17/2020,20:11,.24,.24,.24,.24, 11400
04/17/2020,20:15,.237,.237,.237,.237, 200
04/17/2020,20:20,.24,.24,.24,.24, 100
04/17/2020,20:31,.24,.24,.24,.24, 300
04/17/2020,20:35,.24,.24,.24,.24, 100
04/17/2020,20:39,.24,.24,.24,.24, 100
04/17/2020,20:45,.236,.236,.236,.236, 1200
04/17/2020,20:46,.24,.24,.24,.24, 100
04/17/2020,20:47,.235,.235,.235,.235, 100
04/17/2020,20:53,.24,.24,.24,.24, 364
04/17/2020,21:01,.24,.24,.24,.24, 1000
04/17/2020,21:03,.24,.24,.24,.24, 1361
04/17/2020,21:04,.24,.24,.24,.24, 1035
04/17/2020,21:05,.24,.24,.24,.24, 1000
04/17/2020,21:08,.24,.24,.235,.235, 2000
04/17/2020,21:21,.24,.24,.24,.24, 123
04/17/2020,21:25,.238,.24,.235,.24, 1500
04/17/2020,21:29,.238,.238,.238,.238, 100
04/17/2020,21:34,.238,.238,.238,.238, 100
04/17/2020,21:55,.24,.24,.24,.24, 4000
04/17/2020,21:56,.238,.238,.237,.237, 7000
04/17/2020,22:00,.24,.24,.24,.24, 450
04/17/2020,22:00,.24,.24,.24,.24, 175

