03/02/2020,00:25,5.23,5.23,5.23,5.23, 18669
03/02/2020,00:28,5.22,5.23,5.22,5.23, 1354
03/02/2020,00:51,5.06,5.06,5.02,5.06, 4622
03/02/2020,00:53,5.02,5.02,5.02,5.02, 695
03/02/2020,00:57,4.92,5,4.92,5, 300
03/02/2020,01:29,5,5,5,5, 5169
03/02/2020,01:35,5.01,5.01,5.01,5.01, 267
03/02/2020,01:36,5,5,5,5, 316
03/02/2020,01:41,5.01,5.01,5,5, 2325
03/02/2020,01:42,4.92,4.92,4.92,4.92, 1000
03/02/2020,01:49,5.01,5.01,5.01,5.01, 1008
03/02/2020,01:52,5.01,5.01,5.01,5.01, 4565
03/02/2020,02:13,5,5,5,5, 197
03/02/2020,02:19,5.045,5.045,5.045,5.045, 200
03/02/2020,02:20,5.08,5.08,5.08,5.08, 113
03/02/2020,02:20,5.1,5.1,5.1,5.1, 2000
03/02/2020,02:25,5,5,5,5, 810
03/02/2020,02:31,5.1,5.1,5.1,5.1, 1100
03/02/2020,02:42,5.1,5.1,5.1,5.1, 1887
03/02/2020,02:43,5.05,5.05,5.05,5.05, 500
03/02/2020,02:46,5.12,5.12,5.12,5.12, 153
03/02/2020,03:02,5.105,5.105,5.105,5.105, 1334
03/02/2020,03:09,5.07,5.07,5.07,5.07, 190
03/02/2020,03:14,5.1,5.14,5.1,5.14, 422
03/02/2020,03:14,5.14,5.14,5.14,5.14, 73
03/02/2020,03:21,5.14,5.14,5.14,5.14, 43
03/02/2020,04:05,5.21,5.21,5.15,5.15, 2972
03/02/2020,04:06,5.145,5.145,5.145,5.145, 734
03/02/2020,04:07,5.145,5.145,5.14,5.14, 1382
03/02/2020,04:07,5.14,5.14,5.14,5.14, 500
03/02/2020,04:19,5.14,5.19,5.14,5.19, 4649
03/02/2020,04:20,5.19,5.19,5.19,5.19, 9
03/02/2020,04:22,5.21,5.24,5.21,5.24, 2002
03/02/2020,05:44,5.28,5.28,5.15,5.15, 8370
03/02/2020,05:45,5.15,5.15,5.15,5.15, 155
03/02/2020,05:57,5.29,5.29,5.29,5.29, 369
03/02/2020,06:00,5.29,5.3,5.29,5.3, 360
03/02/2020,06:03,5.28,5.29,5.28,5.29, 800
03/02/2020,06:03,5.29,5.29,5.29,5.29, 5
03/02/2020,06:08,5.29,5.29,5.29,5.29, 108
03/02/2020,06:10,5.29,5.29,5.29,5.29, 5
03/02/2020,06:14,5.29,5.29,5.29,5.29, 5
03/02/2020,06:16,5.29,5.29,5.29,5.29, 5
03/02/2020,06:17,5.29,5.29,5.29,5.29, 5
03/02/2020,06:19,5.29,5.29,5.29,5.29, 5
03/02/2020,06:20,5.29,5.29,5.29,5.29, 571
03/02/2020,06:31,5.32,5.32,5.32,5.32, 3
03/03/2020,01:05,5.32,5.32,5.32,5.32, 2500
03/03/2020,02:24,5.33,5.33,5.32,5.32, 2900
03/03/2020,02:35,5.4,5.4,5.4,5.4, 500
03/03/2020,05:58,5.57,5.57,5.57,5.57, 500
03/03/2020,06:00,5.6,5.6,5.6,5.6, 1500
03/03/2020,06:14,5.59,5.6,5.59,5.6, 1000
03/03/2020,06:16,5.6,5.6,5.6,5.6, 132
03/04/2020,00:25,5.6,5.6,5.6,5.6, 160
03/04/2020,00:30,5.6,5.6,5.6,5.6, 340
03/04/2020,01:16,5.4,5.4,5.4,5.4, 150
03/04/2020,06:13,5.35,5.35,5.35,5.35, 250
03/05/2020,00:31,5.45,5.45,5.45,5.45, 400
03/05/2020,00:43,5.44,5.45,5.44,5.45, 730
03/05/2020,00:49,5.44,5.44,5.44,5.44, 19
03/05/2020,00:50,5.44,5.44,5.44,5.44, 19
03/05/2020,00:51,5.44,5.44,5.44,5.44, 18
03/05/2020,00:52,5.44,5.44,5.44,5.44, 18
03/05/2020,00:53,5.44,5.45,5.44,5.45, 12560
03/05/2020,00:56,5.45,5.45,5.45,5.45, 46
03/05/2020,00:58,5.45,5.45,5.45,5.45, 46
03/05/2020,01:00,5.45,5.45,5.45,5.45, 46
03/05/2020,01:01,5.45,5.45,5.45,5.45, 3123
03/05/2020,01:03,5.46,5.46,5.46,5.46, 37
03/05/2020,01:05,5.46,5.46,5.46,5.46, 37
03/05/2020,01:09,5.46,5.46,5.46,5.46, 28
03/05/2020,01:10,5.46,5.46,5.46,5.46, 27
03/05/2020,01:12,5.46,5.46,5.46,5.46, 1546
03/05/2020,01:46,5.5,5.5,5.5,5.5, 591
03/05/2020,01:49,5.46,5.46,5.46,5.46, 1925
03/05/2020,01:53,5.59,5.59,5.59,5.59, 42
03/05/2020,01:56,5.59,5.59,5.59,5.59, 42
03/05/2020,01:58,5.59,5.59,5.59,5.59, 42
03/05/2020,02:46,5.59,5.6,5.59,5.6, 36
03/05/2020,03:58,5.59,5.59,5.59,5.59, 11
03/05/2020,04:22,5.59,5.59,5.59,5.59, 281
03/05/2020,04:37,5.5,5.5,5.5,5.5, 755
03/05/2020,04:38,5.58,5.59,5.5,5.58, 735
03/05/2020,05:53,5.58,5.59,5.58,5.59, 238
03/05/2020,06:04,5.58,5.58,5.58,5.58, 444
03/05/2020,06:07,5.59,5.59,5.59,5.59, 112
03/05/2020,06:19,5.58,5.58,5.58,5.58, 13
03/05/2020,06:31,5.59,5.59,5.59,5.59, 36
03/06/2020,00:53,5.51,5.51,5.51,5.51, 500
03/06/2020,01:19,5.47,5.47,5.46,5.46, 1005
03/06/2020,01:19,5.47,5.47,5.47,5.47, 211
03/06/2020,02:28,5.5,5.5,5.5,5.5, 2700
03/06/2020,02:30,5.51,5.51,5.51,5.51, 229
03/06/2020,02:52,5.54,5.54,5.54,5.54, 500
03/06/2020,03:33,5.53,5.53,5.53,5.53, 20
03/06/2020,04:17,5.58,5.58,5.58,5.58, 16
03/06/2020,04:32,5.45,5.45,5.45,5.45, 1832
03/06/2020,04:47,5.29,5.29,5.29,5.29, 255
03/06/2020,05:22,5.27,5.27,5.27,5.27, 27
03/06/2020,05:30,5.14,5.23,5.12,5.12, 3500
03/06/2020,05:36,5.31,5.31,5.31,5.31, 14
03/06/2020,05:51,5.2,5.2,5.2,5.2, 476
03/06/2020,05:59,5.31,5.31,5.31,5.31, 25
03/09/2020,00:25,5.3,5.3,5.3,5.3, 2150
03/09/2020,00:26,5.12,5.12,5.12,5.12, 867
03/09/2020,00:34,5.12,5.12,5.12,5.12, 663
03/09/2020,00:56,5,5,5,5, 478
03/09/2020,01:07,5.08,5.08,5.08,5.08, 13
03/09/2020,02:02,5.07,5.12,5.07,5.12, 1520
03/09/2020,02:02,5.14,5.14,5.14,5.14, 350
03/09/2020,02:08,5.08,5.08,5.08,5.08, 662
03/09/2020,02:26,5.01,5.01,5,5, 765
03/09/2020,02:53,5,5,5,5, 263
03/09/2020,02:58,5.12,5.12,5.11,5.11, 26
03/09/2020,03:39,5.01,5.01,5.01,5.01, 185
03/09/2020,04:25,5.01,5.01,5.01,5.01, 718
03/09/2020,04:56,5.06,5.07,5.06,5.07, 28
03/09/2020,05:13,5.09,5.09,5.09,5.09, 50
03/09/2020,05:14,5.02,5.02,5.02,5.02, 512
03/09/2020,05:37,5.08,5.08,5.08,5.08, 3
03/09/2020,05:40,5.07,5.07,5.07,5.07, 28
03/09/2020,05:45,5.1,5.1,5.1,5.1, 269
03/09/2020,06:11,5.07,5.07,5.07,5.07, 31
03/09/2020,06:17,5.1,5.1,5.1,5.1, 377
03/09/2020,06:18,5.03,5.03,5.03,5.03, 1043
03/09/2020,06:18,5.03,5.03,5.03,5.03, 178
03/10/2020,00:25,5.34,5.34,5.34,5.34, 5155
03/10/2020,00:25,5.34,5.34,5.34,5.34, 5155
03/10/2020,00:51,5.17,5.17,5.17,5.17, 100
03/10/2020,00:54,5.17,5.25,5.17,5.25, 1500
03/10/2020,01:57,5.1,5.1,5.03,5.03, 4828
03/10/2020,02:05,5.03,5.03,5.02,5.02, 738
03/10/2020,02:11,5.02,5.02,5.02,5.02, 1692
03/10/2020,02:16,5.02,5.02,5.02,5.02, 196
03/10/2020,02:44,5.09,5.09,5.02,5.02, 1582
03/10/2020,03:12,5.09,5.1,5.09,5.1, 309
03/10/2020,03:23,5.27,5.27,5.27,5.27, 250
03/10/2020,04:03,5.26,5.26,5.26,5.26, 385
03/10/2020,04:26,5.24,5.24,5.24,5.24, 1906
03/10/2020,04:43,5.1,5.1,5.1,5.1, 783
03/10/2020,04:43,5.1,5.1,5.1,5.1, 10
03/10/2020,04:46,5.1,5.1,5.1,5.1, 213
03/10/2020,04:56,5.12,5.12,5.12,5.12, 1497
03/10/2020,04:56,5.12,5.12,5.05,5.05, 400
03/10/2020,06:03,5.09,5.11,5.09,5.11, 1294
03/10/2020,06:05,5.11,5.11,5.05,5.05, 1005
03/10/2020,06:20,5.05,5.05,5.05,5.05, 454
03/10/2020,06:31,5.09,5.09,5.09,5.09, 252
03/11/2020,01:56,5.11,5.11,5.09,5.09, 7291
03/11/2020,02:59,5.09,5.09,5.09,5.09, 489
03/11/2020,03:29,5.09,5.09,5.06,5.06, 5589
03/11/2020,04:05,5.11,5.11,5.05,5.05, 519
03/11/2020,04:13,5.05,5.11,5.05,5.11, 1063
03/11/2020,04:17,5.05,5.05,5.05,5.05, 715
03/11/2020,05:41,5.11,5.11,5.05,5.05, 681
03/11/2020,05:49,5.09,5.09,5.09,5.09, 314
03/11/2020,05:49,5.05,5.05,5.05,5.05, 587
03/11/2020,06:17,5.06,5.06,5.03,5.03, 722
03/11/2020,06:18,5.02,5.02,5.02,5.02, 200
03/12/2020,00:35,5,5,5,5, 1500
03/12/2020,00:35,4.9,4.9,4.9,4.9, 4316
03/12/2020,01:01,4.86,4.86,4.86,4.86, 300
03/12/2020,01:05,4.81,4.81,4.81,4.81, 426
03/12/2020,01:19,4.51,4.63,4.51,4.51, 968
03/12/2020,01:20,4.51,4.66,4.51,4.66, 671
03/12/2020,01:20,4.68,4.68,4.68,4.68, 300
03/12/2020,01:24,4.75,4.75,4.75,4.75, 312
03/12/2020,01:35,4.75,4.8,4.75,4.8, 3794
03/12/2020,02:05,4.82,4.82,4.82,4.82, 195
03/12/2020,03:00,4.85,4.85,4.8,4.8, 2250
03/12/2020,03:09,4.91,4.91,4.85,4.85, 1360
03/12/2020,03:22,4.88,4.88,4.85,4.85, 526
03/12/2020,03:43,4.8,4.8,4.8,4.8, 452
03/12/2020,03:52,4.85,4.85,4.85,4.85, 191
03/12/2020,04:16,4.85,4.85,4.85,4.85, 500
03/12/2020,04:27,4.85,4.85,4.85,4.85, 1197
03/12/2020,05:12,4.85,4.85,4.85,4.85, 1897
03/12/2020,05:23,4.855,4.855,4.855,4.855, 2500
03/12/2020,05:28,4.85,4.85,4.85,4.85, 410
03/12/2020,05:31,4.85,4.85,4.85,4.85, 1222
03/12/2020,05:51,4.855,4.855,4.855,4.855, 100
03/12/2020,05:52,4.85,4.85,4.85,4.85, 511
03/12/2020,06:01,4.86,4.86,4.855,4.855, 2300
03/12/2020,06:13,4.8,4.8,4.77,4.77, 945
03/12/2020,06:18,4.75,4.75,4.75,4.75, 2
03/13/2020,00:45,4.5,4.5,4.5,4.5, 500
03/13/2020,00:48,4.33,4.33,4.32,4.32, 3347
03/13/2020,00:49,4.32,4.32,4.32,4.32, 885
03/13/2020,00:51,4.26,4.26,4.26,4.26, 480
03/13/2020,00:55,4.28,4.28,4.28,4.28, 500
03/13/2020,00:57,4.28,4.33,4.28,4.33, 1181
03/13/2020,04:19,4.55,4.55,4.55,4.55, 1560
03/13/2020,05:04,4.56,4.56,4.56,4.56, 500
03/13/2020,05:26,4.58,4.58,4.58,4.58, 764
03/13/2020,05:27,4.58,4.65,4.58,4.65, 1177
03/13/2020,05:39,4.7,4.7,4.7,4.7, 4065
03/13/2020,05:40,4.7,4.7,4.7,4.7, 2935
03/13/2020,05:49,4.91,4.91,4.91,4.91, 2113
03/13/2020,06:01,4.75,4.75,4.75,4.75, 1343
03/16/2020,00:33,4.85,4.85,4.58,4.58, 538
03/16/2020,00:34,4.57,4.57,4.57,4.57, 192
03/16/2020,00:52,4.56,4.56,4.56,4.56, 110
03/16/2020,01:04,4.445,4.52,4.445,4.52, 1095
03/16/2020,01:05,4.38,4.53,4.38,4.38, 1481
03/16/2020,02:15,4.53,4.53,4.38,4.38, 38149
03/16/2020,03:29,4.39,4.39,4.39,4.39, 2287
03/16/2020,03:32,4.39,4.39,4.39,4.39, 1023
03/16/2020,06:20,4.5,4.5,4.5,4.5, 54
03/17/2020,00:28,4.44,4.44,4.39,4.39, 2200
03/17/2020,00:36,4.4,4.4,4.4,4.4, 185
03/17/2020,00:43,4.39,4.39,4.39,4.39, 65
03/17/2020,00:48,4.39,4.39,4.39,4.39, 54
03/17/2020,00:53,4.39,4.39,4.38,4.38, 2935
03/17/2020,00:54,4.37,4.37,4.37,4.37, 347
03/17/2020,01:16,4.37,4.37,4.37,4.37, 1653
03/17/2020,01:17,4.34,4.34,4.33,4.33, 1460
03/17/2020,01:48,4.36,4.36,4.35,4.35, 2500
03/17/2020,02:04,4.365,4.365,4.365,4.365, 850
03/17/2020,02:04,4.365,4.365,4.365,4.365, 1000
03/17/2020,02:05,4.35,4.35,4.35,4.35, 909
03/17/2020,02:08,4.36,4.36,4.36,4.36, 17231
03/17/2020,02:11,4.35,4.35,4.35,4.35, 1380
03/17/2020,02:49,4.4,4.4,4.4,4.4, 296
03/17/2020,03:21,4.4,4.4,4.4,4.4, 104
03/17/2020,04:03,4.43,4.43,4.43,4.43, 497
03/17/2020,04:12,4.43,4.43,4.43,4.43, 1000
03/17/2020,04:26,4.43,4.43,4.43,4.43, 904
03/17/2020,04:49,4.4,4.4,4.4,4.4, 600
03/17/2020,04:52,4.4,4.4,4.4,4.4, 2204
03/17/2020,04:54,4.43,4.43,4.43,4.43, 2400
03/17/2020,05:05,4.43,4.43,4.43,4.43, 1678
03/17/2020,05:24,4.45,4.45,4.45,4.45, 1111
03/17/2020,06:31,4.4,4.4,4.4,4.4, 49281
03/18/2020,00:25,4.45,4.45,4.45,4.45, 264
03/18/2020,01:27,4.45,4.45,4.45,4.45, 224
03/18/2020,01:50,4.45,4.45,4.45,4.45, 300
03/18/2020,02:10,4.41,4.41,4.41,4.41, 800
03/18/2020,02:52,4.41,4.41,4.41,4.41, 1100
03/18/2020,03:46,4.45,4.45,4.45,4.45, 215
03/18/2020,04:11,4.45,4.45,4.45,4.45, 4790
03/18/2020,04:15,4.45,4.45,4.45,4.45, 732
03/18/2020,04:33,4.42,4.42,4.42,4.42, 994
03/18/2020,04:59,4.43,4.43,4.43,4.43, 1547
03/18/2020,05:30,4.49,4.49,4.49,4.49, 700
03/18/2020,05:36,4.49,4.49,4.49,4.49, 2
03/18/2020,05:43,4.5,4.5,4.5,4.5, 3
03/18/2020,05:46,4.5,4.5,4.5,4.5, 3
03/18/2020,05:53,4.5,4.5,4.5,4.5, 3
03/18/2020,06:00,4.5,4.5,4.5,4.5, 3
03/18/2020,06:02,4.5,4.5,4.5,4.5, 3
03/18/2020,06:06,4.5,4.5,4.5,4.5, 3
03/18/2020,06:11,4.5,4.5,4.5,4.5, 3
03/18/2020,06:15,4.5,4.5,4.5,4.5, 3
03/18/2020,06:17,4.51,4.51,4.51,4.51, 4
03/18/2020,06:18,4.51,4.51,4.5,4.5, 2472
03/18/2020,06:18,4.49,4.49,4.49,4.49, 4
03/18/2020,06:19,4.49,4.49,4.49,4.49, 294
03/18/2020,06:20,4.48,4.48,4.48,4.48, 2
03/18/2020,06:31,4.45,4.45,4.45,4.45, 512
03/19/2020,01:38,4.47,4.47,4.47,4.47, 300
03/19/2020,01:38,4.45,4.45,4.45,4.45, 1241
03/19/2020,02:12,4.47,4.47,4.47,4.47, 2500
03/19/2020,02:34,4.45,4.45,4.45,4.45, 1000
03/19/2020,02:41,4.45,4.45,4.45,4.45, 4247
03/19/2020,02:49,4.43,4.43,4.43,4.43, 1505
03/19/2020,02:50,4.42,4.42,4.42,4.42, 1006
03/19/2020,04:10,4.43,4.43,4.43,4.43, 665
03/19/2020,04:13,4.41,4.41,4.41,4.41, 284
03/19/2020,05:11,4.43,4.43,4.43,4.43, 330
03/19/2020,06:19,4.42,4.42,4.41,4.41, 1816
03/20/2020,00:28,4.41,4.41,4.4,4.4, 610
03/20/2020,00:48,4.35,4.35,4.35,4.35, 120
03/20/2020,00:54,4.3,4.3,4.24,4.24, 1403
03/20/2020,01:01,4,4,4,4, 250
03/20/2020,01:09,4.08,4.08,4.08,4.08, 400
03/20/2020,01:15,4.09,4.09,4.09,4.09, 524
03/20/2020,01:16,4.01,4.01,3.9,3.9, 814
03/20/2020,01:20,3.91,3.91,3.85,3.85, 463
03/20/2020,01:38,3.9,3.9,3.9,3.9, 1000
03/20/2020,01:46,3.97,4.02,3.97,4.02, 10283
03/20/2020,01:55,4.1,4.1,4.1,4.1, 7257
03/20/2020,02:27,4.21,4.21,4.21,4.21, 170
03/20/2020,03:22,4.28,4.28,4.28,4.28, 916
03/20/2020,04:17,4.28,4.28,4.28,4.28, 2000
03/20/2020,04:23,4.28,4.28,4.28,4.28, 500
03/20/2020,04:30,4.22,4.22,4.2,4.2, 5773
03/20/2020,04:39,4.2,4.25,4.2,4.25, 4500
03/20/2020,04:53,4.23,4.23,4.23,4.23, 500
03/20/2020,05:04,4.23,4.23,4.23,4.23, 620
03/20/2020,05:13,4.25,4.26,4.25,4.26, 623
03/20/2020,05:17,4.35,4.35,4.35,4.35, 500
03/20/2020,05:32,4.31,4.31,4.31,4.31, 1350
03/20/2020,05:37,4.32,4.32,4.32,4.32, 13
03/20/2020,05:46,4.32,4.32,4.32,4.32, 13
03/20/2020,05:55,4.32,4.32,4.32,4.32, 7
03/20/2020,05:58,4.32,4.32,4.32,4.32, 6
03/20/2020,06:00,4.31,4.31,4.31,4.31, 500
03/20/2020,06:01,4.33,4.33,4.33,4.33, 82
03/20/2020,06:01,4.32,4.32,4.32,4.32, 160
03/20/2020,06:06,4.31,4.31,4.31,4.31, 318
03/20/2020,06:07,4.31,4.31,4.25,4.25, 2841
03/20/2020,06:11,4.25,4.25,4.25,4.25, 9
03/20/2020,06:12,4.255,4.26,4.255,4.26, 6
03/20/2020,06:16,4.255,4.255,4.255,4.255, 6
03/20/2020,06:17,4.255,4.26,4.255,4.26, 11
03/20/2020,06:19,4.25,4.25,4.25,4.25, 3
03/20/2020,06:32,4.25,4.25,4.25,4.25, 103
03/23/2020,00:25,4.14,4.14,4.14,4.14, 1000
03/23/2020,00:35,4.14,4.14,4.1,4.1, 251
03/23/2020,00:45,4.04,4.04,4.04,4.04, 183
03/23/2020,00:45,4.04,4.04,4.04,4.04, 817
03/23/2020,00:59,3.94,3.94,3.94,3.94, 1000
03/23/2020,01:09,3.96,3.99,3.96,3.99, 1702
03/23/2020,01:35,3.97,3.97,3.97,3.97, 381
03/23/2020,01:36,3.96,3.96,3.96,3.96, 2000
03/23/2020,02:01,4,4,4,4, 2900
03/23/2020,02:02,4,4,4,4, 374
03/23/2020,02:18,4,4,4,4, 3
03/23/2020,02:34,3.96,3.96,3.93,3.93, 2000
03/23/2020,02:59,3.94,3.94,3.94,3.94, 574
03/23/2020,03:00,3.93,3.93,3.93,3.93, 7000
03/23/2020,04:28,3.99,4,3.99,4, 3112
03/23/2020,04:56,4,4,4,4, 2006
03/23/2020,04:59,4,4,4,4, 5994
03/23/2020,05:11,3.965,3.965,3.965,3.965, 250
03/23/2020,05:54,3.93,3.93,3.93,3.93, 130
03/23/2020,06:05,3.92,3.92,3.92,3.92, 365
03/23/2020,06:32,3.91,3.91,3.91,3.91, 300
03/24/2020,00:58,3.85,3.85,3.85,3.85, 729
03/24/2020,01:35,3.92,3.92,3.92,3.92, 3000
03/24/2020,01:36,4,4,4,4, 329
03/24/2020,01:46,3.96,3.96,3.96,3.96, 558
03/24/2020,02:23,3.945,3.945,3.945,3.945, 907
03/24/2020,02:36,3.95,3.95,3.95,3.95, 1093
03/24/2020,02:38,3.945,3.945,3.945,3.945, 899
03/24/2020,02:46,3.96,3.96,3.95,3.95, 4850
03/24/2020,03:02,4,4,4,4, 556
03/24/2020,03:05,3.96,4,3.96,4, 2846
03/24/2020,03:48,3.99,3.99,3.99,3.99, 894
03/24/2020,03:48,3.99,3.99,3.99,3.99, 2106
03/24/2020,05:39,4,4,4,4, 760
03/24/2020,05:59,4,4,4,4, 400
03/25/2020,01:16,4,4,3.95,3.95, 650
03/25/2020,01:17,4,4,4,4, 1500
03/25/2020,01:18,4.01,4.01,4,4, 2937
03/25/2020,01:21,3.94,3.94,3.94,3.94, 326
03/26/2020,01:14,4,4,4,4, 2000
03/26/2020,04:44,4.06,4.06,3.94,3.94, 12643
03/26/2020,05:06,4.01,4.01,4,4, 378
03/26/2020,05:08,4.2,4.2,4.2,4.2, 500
03/26/2020,05:47,4.2,4.2,4.2,4.2, 10783
03/26/2020,06:00,4.31,4.32,4.31,4.32, 500
03/26/2020,06:04,4.3,4.3,4.3,4.3, 232
03/26/2020,06:05,4.32,4.32,4.32,4.32, 572
03/26/2020,06:06,4.32,4.32,4.32,4.32, 1938
03/26/2020,06:07,4.32,4.32,4.32,4.32, 147
03/26/2020,06:18,4.35,4.35,4.35,4.35, 360
03/27/2020,00:25,4.36,4.36,4.36,4.36, 5933
03/27/2020,00:25,4.36,4.36,4.36,4.36, 327
03/27/2020,00:42,4.36,4.36,4.35,4.35, 3831
03/27/2020,02:01,4.25,4.25,4.25,4.25, 2360
03/27/2020,02:22,4.2,4.2,4.2,4.2, 700
03/27/2020,02:22,4.15,4.15,4.15,4.15, 20000
03/27/2020,02:34,4.09,4.09,4.08,4.08, 9300
03/27/2020,02:56,4.15,4.15,4.15,4.15, 125
03/27/2020,03:03,4.15,4.15,4.15,4.15, 580
03/27/2020,03:13,4.15,4.15,4.15,4.15, 6051
03/27/2020,03:21,4.15,4.15,4.15,4.15, 2000
03/27/2020,03:27,4.15,4.15,4.15,4.15, 1500
03/27/2020,03:31,4.11,4.11,4.09,4.09, 2466
03/27/2020,03:31,4.08,4.08,4.08,4.08, 500
03/27/2020,03:36,4.09,4.09,4.09,4.09, 1534
03/27/2020,03:40,4.08,4.08,4.08,4.08, 1794
03/27/2020,03:50,4.08,4.08,4.08,4.08, 2466
03/27/2020,03:55,4.08,4.08,4.08,4.08, 740
03/27/2020,04:34,4.11,4.11,4.06,4.06, 7000
03/27/2020,04:47,4.14,4.14,4.14,4.14, 145
03/27/2020,05:05,4.06,4.06,4.06,4.06, 945
03/27/2020,05:14,4.06,4.06,4.06,4.06, 439
03/27/2020,05:48,4.02,4.02,3.99,3.99, 3361
03/27/2020,05:50,3.99,3.99,3.99,3.99, 622
03/27/2020,05:54,4,4,4,4, 1675
03/27/2020,06:01,4.06,4.06,4.06,4.06, 616
03/27/2020,06:02,4.06,4.06,4.06,4.06, 4384
03/27/2020,06:14,4.05,4.05,4.05,4.05, 700
03/30/2020,01:25,3.9,3.9,3.9,3.9, 754
03/30/2020,01:43,3.9,3.9,3.9,3.9, 325
03/30/2020,01:52,3.84,3.84,3.84,3.84, 1000
03/30/2020,01:55,3.9,3.9,3.9,3.9, 196
03/30/2020,03:02,3.99,3.99,3.99,3.99, 622
03/30/2020,03:08,3.99,3.99,3.99,3.99, 4000
03/30/2020,03:38,4,4,4,4, 1021
03/30/2020,03:42,4,4,4,4, 182
03/30/2020,04:16,4,4,4,4, 493
03/30/2020,04:40,4,4,4,4, 866
03/30/2020,05:12,4,4,4,4, 250
03/31/2020,01:25,4.05,4.05,4.05,4.05, 888
03/31/2020,01:40,4.05,4.05,4.05,4.05, 2000
03/31/2020,01:46,4.05,4.06,4.05,4.05, 7947
03/31/2020,01:48,4.08,4.08,4.08,4.08, 2586
03/31/2020,02:41,4.08,4.08,4.08,4.08, 500
03/31/2020,03:07,4.01,4.01,4,4, 1089
03/31/2020,03:24,4,4,4,4, 654
03/31/2020,03:33,3.93,3.93,3.93,3.93, 200
03/31/2020,03:41,3.92,3.92,3.92,3.92, 2500
03/31/2020,04:08,4.04,4.04,4.04,4.04, 248
03/31/2020,04:51,4.05,4.05,4.05,4.05, 700
03/31/2020,05:31,4.05,4.05,4.05,4.05, 10000
03/31/2020,05:33,4.05,4.05,4.05,4.05, 3000
03/31/2020,05:43,4.05,4.05,4.05,4.05, 2000
03/31/2020,05:44,4.05,4.05,4.05,4.05, 1144
03/31/2020,05:46,4.12,4.12,4.12,4.12, 495
03/31/2020,06:21,4.05,4.05,4.05,4.05, 500

