01/02/2020,15:31,.85,.85,.85,.85, 652
01/02/2020,15:35,.832,.832,.832,.832, 1040
01/02/2020,15:58,.857,.857,.849,.849, 3000
01/02/2020,16:10,.83,.83,.83,.83, 20000
01/02/2020,16:11,.83,.83,.83,.83, 12400
01/02/2020,16:11,.83,.83,.83,.83, 100
01/02/2020,16:16,.83,.83,.83,.83, 100
01/02/2020,16:29,.831,.831,.831,.831, 200
01/02/2020,16:38,.831,.831,.831,.831, 300
01/02/2020,16:46,.83,.83,.83,.83, 400
01/02/2020,17:05,.83,.83,.83,.83, 500
01/02/2020,17:09,.83,.83,.83,.83, 100
01/02/2020,17:11,.828,.828,.825,.828, 500
01/02/2020,17:12,.829,.829,.829,.829, 200
01/02/2020,17:19,.829,.829,.829,.829, 204
01/02/2020,17:21,.83,.83,.83,.83, 100
01/02/2020,17:30,.827,.829,.826,.829, 900
01/02/2020,17:50,.825,.826,.825,.826, 1600
01/02/2020,17:56,.825,.825,.825,.825, 215
01/02/2020,18:00,.825,.825,.825,.825, 200
01/02/2020,18:04,.825,.825,.825,.825, 2993
01/02/2020,18:08,.827,.827,.826,.827, 3000
01/02/2020,18:11,.827,.827,.827,.827, 4300
01/02/2020,18:12,.824,.824,.824,.824, 116
01/02/2020,18:13,.827,.827,.827,.827, 100
01/02/2020,18:33,.82,.824,.82,.82, 3800
01/02/2020,18:59,.82,.82,.82,.82, 100
01/02/2020,19:28,.82,.82,.82,.82, 100
01/02/2020,19:46,.82,.824,.82,.824, 8598
01/02/2020,19:58,.82,.82,.82,.82, 100
01/02/2020,20:01,.826,.826,.826,.826, 100
01/02/2020,20:40,.826,.826,.826,.826, 1054
01/02/2020,20:43,.824,.824,.822,.822, 1100
01/02/2020,20:56,.82,.82,.82,.82, 100
01/02/2020,20:58,.82,.82,.819,.82, 600
01/02/2020,21:01,.82,.82,.82,.82, 260
01/02/2020,21:24,.822,.822,.822,.822, 100
01/02/2020,21:50,.82,.82,.819,.819, 700
01/02/2020,21:53,.81,.81,.81,.81, 1348
01/02/2020,21:56,.822,.84,.822,.822, 7824
01/03/2020,16:11,.84,.84,.84,.84, 26665
01/03/2020,16:17,.839,.839,.839,.839, 1000
01/03/2020,16:31,.823,.823,.823,.823, 1000
01/03/2020,16:56,.826,.826,.826,.826, 750
01/03/2020,17:12,.838,.838,.838,.838, 128
01/03/2020,17:28,.838,.838,.838,.838, 100
01/03/2020,17:38,.822,.822,.822,.822, 100
01/03/2020,17:39,.822,.822,.822,.822, 100
01/03/2020,17:41,.824,.824,.824,.824, 100
01/03/2020,17:42,.824,.824,.824,.824, 100
01/03/2020,17:43,.826,.826,.826,.826, 100
01/03/2020,17:44,.824,.824,.824,.824, 10100
01/03/2020,17:46,.824,.824,.824,.824, 100
01/03/2020,17:47,.826,.826,.826,.826, 100
01/03/2020,17:48,.826,.826,.826,.826, 100
01/03/2020,17:49,.826,.826,.826,.826, 128
01/03/2020,17:52,.822,.822,.822,.822, 2000
01/03/2020,17:55,.823,.823,.823,.823, 1000
01/03/2020,17:55,.822,.822,.822,.822, 1500
01/03/2020,18:03,.824,.825,.824,.825, 773
01/03/2020,18:07,.824,.825,.824,.825, 1200
01/03/2020,18:08,.824,.824,.824,.824, 100
01/03/2020,18:09,.824,.824,.824,.824, 1000
01/03/2020,18:13,.826,.826,.824,.824, 1700
01/03/2020,18:19,.823,.823,.823,.823, 2000
01/03/2020,18:33,.824,.824,.824,.824, 200
01/03/2020,18:38,.823,.823,.823,.823, 100
01/03/2020,19:04,.824,.824,.824,.824, 1000
01/03/2020,19:07,.823,.823,.823,.823, 200
01/03/2020,19:11,.824,.824,.824,.824, 2000
01/03/2020,19:14,.824,.824,.824,.824, 600
01/03/2020,19:21,.824,.824,.824,.824, 300
01/03/2020,19:22,.822,.822,.822,.822, 400
01/03/2020,19:36,.822,.824,.822,.824, 2594
01/03/2020,19:56,.824,.824,.824,.824, 200
01/03/2020,20:08,.822,.822,.822,.822, 325
01/03/2020,20:11,.822,.822,.822,.822, 8952
01/03/2020,20:26,.822,.822,.822,.822, 1500
01/03/2020,20:27,.822,.822,.822,.822, 102
01/03/2020,20:44,.822,.822,.822,.822, 100
01/03/2020,21:06,.824,.824,.824,.824, 500
01/03/2020,21:29,.822,.822,.822,.822, 300
01/03/2020,21:35,.822,.822,.822,.822, 300
01/03/2020,21:36,.824,.824,.824,.824, 400
01/03/2020,21:39,.824,.824,.824,.824, 100
01/03/2020,21:41,.822,.822,.822,.822, 1000
01/06/2020,15:31,.85,.85,.85,.85, 4042
01/06/2020,15:32,.827,.836,.827,.836, 1282
01/06/2020,15:33,.836,.836,.836,.836, 250
01/06/2020,15:45,.845,.845,.845,.845, 10000
01/06/2020,15:50,.841,.841,.841,.841, 1000
01/06/2020,15:53,.841,.841,.841,.841, 100
01/06/2020,15:56,.85,.85,.85,.85, 200
01/06/2020,15:57,.856,.856,.856,.856, 500
01/06/2020,15:58,.86,.86,.86,.86, 2800
01/06/2020,16:16,.85,.85,.85,.85, 100
01/06/2020,16:17,.85,.85,.85,.85, 100
01/06/2020,16:18,.85,.85,.85,.85, 400
01/06/2020,16:27,.84,.84,.84,.84, 600
01/06/2020,16:28,.845,.845,.845,.845, 1000
01/06/2020,16:31,.84,.84,.84,.84, 500
01/06/2020,16:33,.842,.845,.842,.845, 2000
01/06/2020,16:34,.845,.845,.845,.845, 2000
01/06/2020,16:34,.842,.845,.842,.845, 1250
01/06/2020,16:35,.84,.843,.84,.843, 300
01/06/2020,16:37,.844,.844,.844,.844, 4000
01/06/2020,16:43,.842,.845,.842,.845, 500
01/06/2020,16:47,.841,.841,.84,.84, 800
01/06/2020,16:48,.84,.84,.84,.84, 100
01/06/2020,16:51,.839,.84,.838,.838, 1100
01/06/2020,16:56,.84,.84,.84,.84, 100
01/06/2020,17:01,.838,.838,.838,.838, 400
01/06/2020,17:01,.839,.839,.839,.839, 1000
01/06/2020,17:14,.84,.84,.839,.84, 1500
01/06/2020,17:23,.841,.844,.841,.841, 9200
01/06/2020,17:30,.84,.84,.84,.84, 430
01/06/2020,17:34,.841,.841,.841,.841, 1200
01/06/2020,17:49,.842,.842,.842,.842, 100
01/06/2020,18:06,.84,.84,.84,.84, 4250
01/06/2020,18:09,.841,.844,.841,.844, 8848
01/06/2020,18:35,.839,.839,.839,.839, 500
01/06/2020,18:49,.841,.844,.841,.843, 5100
01/06/2020,18:50,.845,.845,.845,.845, 600
01/06/2020,19:17,.842,.842,.842,.842, 100
01/06/2020,19:21,.842,.842,.842,.842, 100
01/06/2020,19:24,.842,.842,.842,.842, 938
01/06/2020,19:31,.844,.844,.842,.842, 8200
01/06/2020,19:41,.843,.843,.843,.843, 800
01/06/2020,19:42,.843,.843,.843,.843, 600
01/06/2020,20:08,.843,.845,.842,.845, 15622
01/06/2020,20:11,.846,.846,.846,.846, 220
01/06/2020,20:25,.846,.846,.846,.846, 100
01/06/2020,20:43,.845,.845,.842,.842, 7050
01/06/2020,20:46,.845,.845,.844,.845, 6700
01/06/2020,20:47,.846,.846,.846,.846, 100
01/06/2020,20:49,.845,.845,.845,.845, 8623
01/06/2020,20:51,.844,.844,.844,.844, 200
01/06/2020,21:01,.845,.846,.845,.846, 8943
01/06/2020,21:06,.846,.846,.846,.846, 600
01/06/2020,21:14,.846,.846,.846,.846, 100
01/06/2020,21:21,.846,.846,.846,.846, 479
01/06/2020,21:36,.846,.846,.846,.846, 200
01/06/2020,21:41,.846,.846,.846,.846, 700
01/06/2020,21:42,.847,.847,.846,.847, 8300
01/06/2020,21:47,.847,.847,.847,.847, 900
01/06/2020,21:49,.85,.85,.85,.85, 100
01/06/2020,21:51,.85,.85,.85,.85, 10600
01/06/2020,21:57,.85,.85,.85,.85, 120
01/06/2020,22:00,.855,.855,.855,.855, 6600
01/07/2020,15:31,.86,.86,.86,.86, 5614
01/07/2020,15:33,.865,.865,.865,.865, 400
01/07/2020,15:41,.86,.86,.86,.86, 1000
01/07/2020,15:43,.861,.861,.861,.861, 2947
01/07/2020,15:45,.861,.861,.861,.861, 400
01/07/2020,15:46,.861,.861,.861,.861, 123
01/07/2020,15:52,.867,.867,.867,.867, 506
01/07/2020,15:55,.864,.864,.864,.864, 750
01/07/2020,16:08,.865,.865,.865,.865, 117
01/07/2020,16:37,.86,.86,.86,.86, 1100
01/07/2020,16:38,.86,.86,.86,.86, 300
01/07/2020,16:42,.86,.86,.86,.86, 579
01/07/2020,16:48,.858,.858,.852,.852, 5300
01/07/2020,16:50,.852,.852,.849,.849, 6400
01/07/2020,16:53,.839,.839,.839,.839, 4383
01/07/2020,16:55,.843,.843,.843,.843, 400
01/07/2020,17:18,.847,.85,.847,.85, 10200
01/07/2020,17:21,.852,.852,.852,.852, 2000
01/07/2020,17:23,.85,.85,.848,.848, 7655
01/07/2020,17:42,.847,.847,.847,.847, 5000
01/07/2020,17:43,.847,.847,.847,.847, 1500
01/07/2020,17:46,.848,.848,.848,.848, 1000
01/07/2020,17:51,.849,.849,.848,.849, 3388
01/07/2020,17:56,.847,.847,.847,.847, 1000
01/07/2020,18:02,.853,.853,.853,.853, 100
01/07/2020,18:05,.853,.853,.853,.853, 300
01/07/2020,18:21,.851,.851,.851,.851, 100
01/07/2020,18:32,.85,.85,.85,.85, 5000
01/07/2020,18:42,.847,.847,.847,.847, 313
01/07/2020,19:06,.848,.848,.848,.848, 5292
01/07/2020,19:09,.85,.85,.85,.85, 2000
01/07/2020,19:12,.85,.85,.848,.85, 15000
01/07/2020,19:20,.852,.852,.852,.852, 100
01/07/2020,19:23,.852,.852,.852,.852, 100
01/07/2020,19:28,.852,.855,.852,.855, 1600
01/07/2020,19:55,.855,.855,.855,.855, 2000
01/07/2020,20:31,.856,.856,.855,.855, 200
01/07/2020,20:51,.862,.862,.862,.862, 1500
01/07/2020,21:40,.863,.863,.863,.863, 300
01/07/2020,21:41,.855,.855,.851,.851, 11099
01/07/2020,21:43,.847,.857,.847,.857, 14512
01/07/2020,21:45,.845,.846,.845,.846, 495
01/07/2020,21:46,.85,.85,.85,.85, 1061
01/07/2020,21:47,.85,.85,.85,.85, 800
01/07/2020,21:50,.853,.853,.853,.853, 5000
01/08/2020,15:31,.86,.865,.86,.865, 941
01/08/2020,15:33,.861,.861,.861,.861, 117
01/08/2020,15:35,.86,.86,.86,.86, 9200
01/08/2020,15:36,.86,.86,.86,.86, 2600
01/08/2020,15:36,.86,.86,.86,.86, 2379
01/08/2020,15:41,.862,.862,.862,.862, 100
01/08/2020,15:49,.845,.845,.845,.845, 3000
01/08/2020,16:08,.847,.847,.847,.847, 114
01/08/2020,16:48,.846,.847,.846,.847, 500
01/08/2020,16:51,.852,.862,.852,.862, 18800
01/08/2020,17:00,.862,.862,.862,.862, 3000
01/08/2020,17:03,.857,.86,.856,.86, 4739
01/08/2020,17:06,.855,.855,.855,.855, 400
01/08/2020,17:09,.855,.855,.855,.855, 14200
01/08/2020,17:12,.854,.854,.851,.852, 3800
01/08/2020,17:13,.85,.85,.85,.85, 1600
01/08/2020,17:15,.85,.85,.849,.849, 1200
01/08/2020,17:17,.849,.849,.849,.849, 2100
01/08/2020,17:22,.847,.847,.847,.847, 1000
01/08/2020,17:26,.851,.851,.851,.851, 500
01/08/2020,17:42,.85,.85,.85,.85, 1740
01/08/2020,17:44,.85,.85,.85,.85, 700
01/08/2020,17:45,.85,.85,.85,.85, 175
01/08/2020,18:09,.85,.85,.847,.847, 7200
01/08/2020,18:15,.85,.85,.85,.85, 16200
01/08/2020,18:28,.85,.85,.847,.847, 322
01/08/2020,18:40,.85,.85,.845,.85, 13860
01/08/2020,19:10,.855,.855,.855,.855, 5000
01/08/2020,19:12,.857,.857,.857,.857, 2000
01/08/2020,19:16,.86,.86,.86,.86, 100
01/08/2020,19:35,.851,.86,.846,.853, 66600
01/08/2020,19:57,.85,.85,.85,.85, 500
01/08/2020,20:12,.851,.851,.851,.851, 1440
01/08/2020,20:14,.846,.846,.842,.842, 3500
01/08/2020,20:14,.842,.842,.842,.842, 500
01/08/2020,20:16,.842,.842,.842,.842, 1700
01/08/2020,20:19,.842,.847,.842,.847, 16200
01/08/2020,20:21,.847,.847,.847,.847, 500
01/08/2020,20:24,.847,.847,.839,.839, 1000
01/08/2020,20:27,.84,.84,.84,.84, 2800
01/08/2020,20:29,.84,.84,.84,.84, 1500
01/08/2020,20:31,.845,.845,.845,.845, 700
01/08/2020,20:32,.845,.845,.845,.845, 1300
01/08/2020,20:33,.845,.845,.845,.845, 1300
01/08/2020,20:34,.845,.845,.845,.845, 1800
01/08/2020,20:52,.85,.85,.85,.85, 1000
01/08/2020,21:11,.849,.849,.849,.849, 5000
01/08/2020,21:15,.848,.848,.848,.848, 350
01/08/2020,21:16,.85,.85,.85,.85, 11000
01/08/2020,21:25,.849,.849,.848,.848, 5240
01/08/2020,21:25,.85,.862,.85,.862, 10000
01/08/2020,21:29,.859,.859,.859,.859, 5000
01/08/2020,21:30,.861,.861,.861,.861, 5000
01/08/2020,21:47,.862,.862,.862,.862, 300
01/08/2020,21:48,.84,.84,.84,.84, 100
01/08/2020,21:49,.84,.84,.84,.84, 2000
01/08/2020,21:53,.858,.858,.858,.858, 100
01/08/2020,21:58,.85,.85,.844,.844, 690
01/08/2020,22:01,.848,.853,.848,.853, 402
01/09/2020,15:31,.84,.84,.84,.84, 928
01/09/2020,15:34,.84,.84,.84,.84, 2900
01/09/2020,15:46,.842,.842,.842,.842, 100
01/09/2020,16:23,.84,.84,.84,.84, 2400
01/09/2020,16:46,.84,.84,.84,.84, 500
01/09/2020,17:14,.841,.841,.841,.841, 500
01/09/2020,17:20,.857,.857,.857,.857, 101
01/09/2020,17:22,.843,.843,.84,.84, 200
01/09/2020,17:54,.84,.84,.84,.84, 146
01/09/2020,17:55,.844,.844,.844,.844, 2300
01/09/2020,18:00,.852,.852,.852,.852, 250
01/09/2020,18:13,.848,.848,.848,.848, 400
01/09/2020,18:29,.845,.845,.845,.845, 350
01/09/2020,18:43,.84,.84,.84,.84, 6019
01/09/2020,18:44,.84,.84,.84,.84, 18284
01/09/2020,18:48,.84,.84,.84,.84, 27642
01/09/2020,18:52,.84,.84,.837,.837, 8599
01/09/2020,18:53,.836,.836,.83,.83, 11700
01/09/2020,19:24,.836,.836,.836,.836, 675
01/09/2020,19:33,.837,.837,.837,.837, 100
01/09/2020,19:36,.836,.836,.835,.835, 2945
01/09/2020,19:51,.836,.837,.836,.837, 1400
01/09/2020,19:52,.837,.837,.837,.837, 2000
01/09/2020,19:56,.837,.837,.837,.837, 100
01/09/2020,20:11,.837,.837,.837,.837, 3000
01/09/2020,20:21,.837,.837,.837,.837, 100
01/09/2020,20:23,.837,.837,.837,.837, 2000
01/09/2020,20:30,.837,.837,.821,.821, 10199
01/09/2020,20:47,.832,.832,.832,.832, 300
01/09/2020,20:48,.821,.821,.821,.821, 1000
01/09/2020,20:53,.823,.823,.823,.823, 355
01/09/2020,21:33,.822,.822,.822,.822, 400
01/09/2020,21:41,.821,.821,.821,.821, 1000
01/09/2020,21:49,.821,.821,.821,.821, 1000
01/09/2020,21:56,.821,.821,.821,.821, 1200
01/09/2020,21:57,.821,.821,.821,.821, 1000
01/09/2020,21:59,.821,.821,.81,.81, 2000
01/09/2020,21:59,.817,.817,.81,.81, 20000
01/10/2020,15:31,.81,.81,.81,.81, 13870
01/10/2020,15:34,.817,.817,.817,.817, 1200
01/10/2020,15:44,.811,.811,.811,.811, 600
01/10/2020,15:44,.81,.81,.81,.81, 3000
01/10/2020,16:16,.811,.811,.811,.811, 100
01/10/2020,16:17,.811,.811,.811,.811, 100
01/10/2020,16:18,.811,.811,.811,.811, 100
01/10/2020,16:19,.811,.811,.811,.811, 100
01/10/2020,16:21,.811,.811,.811,.811, 100
01/10/2020,16:22,.811,.811,.811,.811, 100
01/10/2020,16:23,.811,.811,.811,.811, 100
01/10/2020,16:24,.811,.811,.811,.811, 100
01/10/2020,16:27,.811,.811,.811,.811, 100
01/10/2020,16:28,.811,.811,.811,.811, 100
01/10/2020,16:29,.811,.811,.811,.811, 100
01/10/2020,16:31,.811,.811,.811,.811, 100
01/10/2020,16:32,.811,.811,.811,.811, 100
01/10/2020,16:33,.818,.818,.811,.811, 900
01/10/2020,16:34,.811,.811,.811,.811, 100
01/10/2020,16:36,.811,.811,.811,.811, 100
01/10/2020,16:37,.811,.811,.811,.811, 100
01/10/2020,16:38,.811,.811,.811,.811, 100
01/10/2020,16:39,.811,.811,.811,.811, 100
01/10/2020,16:41,.811,.811,.811,.811, 100
01/10/2020,16:42,.811,.811,.811,.811, 100
01/10/2020,16:43,.811,.811,.811,.811, 100
01/10/2020,16:44,.811,.811,.811,.811, 100
01/10/2020,16:46,.811,.811,.811,.811, 100
01/10/2020,16:47,.811,.811,.811,.811, 200
01/10/2020,16:48,.82,.82,.811,.811, 200
01/10/2020,16:49,.817,.817,.817,.817, 2500
01/10/2020,16:49,.811,.811,.811,.811, 100
01/10/2020,16:51,.811,.811,.811,.811, 100
01/10/2020,16:52,.811,.811,.811,.811, 100
01/10/2020,16:53,.811,.811,.811,.811, 100
01/10/2020,16:54,.811,.811,.811,.811, 100
01/10/2020,16:56,.811,.811,.811,.811, 100
01/10/2020,16:57,.811,.811,.811,.811, 100
01/10/2020,16:58,.811,.811,.811,.811, 4100
01/10/2020,16:59,.811,.811,.811,.811, 100
01/10/2020,17:01,.811,.811,.811,.811, 100
01/10/2020,17:02,.811,.811,.811,.811, 100
01/10/2020,17:03,.811,.811,.811,.811, 100
01/10/2020,17:04,.819,.819,.819,.819, 442
01/10/2020,17:04,.811,.82,.811,.82, 200
01/10/2020,17:06,.811,.811,.811,.811, 100
01/10/2020,17:07,.811,.812,.811,.812, 469
01/10/2020,17:08,.811,.811,.811,.811, 106
01/10/2020,17:17,.82,.82,.82,.82, 3000
01/10/2020,17:18,.817,.817,.817,.817, 1000
01/10/2020,17:20,.82,.82,.82,.82, 100
01/10/2020,17:21,.812,.812,.812,.812, 500
01/10/2020,17:33,.82,.82,.82,.82, 100
01/10/2020,17:50,.817,.817,.817,.817, 150
01/10/2020,17:52,.811,.811,.811,.811, 100
01/10/2020,17:55,.819,.819,.819,.819, 100
01/10/2020,18:20,.815,.819,.815,.815, 400
01/10/2020,18:26,.819,.82,.819,.82, 1200
01/10/2020,18:26,.82,.82,.82,.82, 4606
01/10/2020,18:31,.822,.822,.822,.822, 275
01/10/2020,18:36,.831,.831,.831,.831, 100
01/10/2020,18:41,.831,.831,.831,.831, 100
01/10/2020,18:47,.826,.831,.826,.831, 3100
01/10/2020,19:00,.831,.831,.831,.831, 150
01/10/2020,19:13,.823,.831,.823,.831, 2600
01/10/2020,19:35,.825,.825,.825,.825, 100
01/10/2020,19:59,.825,.825,.825,.825, 100
01/10/2020,20:36,.825,.825,.825,.825, 100
01/10/2020,20:39,.825,.855,.825,.855, 9144
01/10/2020,20:52,.851,.851,.851,.851, 100
01/10/2020,21:01,.847,.847,.847,.847, 100
01/10/2020,21:38,.841,.841,.841,.841, 120
01/10/2020,21:43,.842,.842,.842,.842, 500
01/10/2020,21:58,.84,.84,.84,.84, 900
01/10/2020,21:58,.84,.847,.84,.84, 900
01/13/2020,15:31,.81,.81,.81,.81, 5641
01/13/2020,15:31,.85,.85,.85,.85, 790
01/13/2020,15:51,.821,.821,.821,.821, 250
01/13/2020,16:08,.83,.83,.83,.83, 4500
01/13/2020,16:30,.83,.83,.83,.83, 100
01/13/2020,16:52,.83,.83,.83,.83, 32040
01/13/2020,16:58,.831,.832,.831,.832, 300
01/13/2020,17:22,.835,.835,.835,.835, 100
01/13/2020,17:32,.835,.835,.835,.835, 1000
01/13/2020,17:54,.835,.835,.835,.835, 100
01/13/2020,18:08,.835,.835,.835,.835, 5000
01/13/2020,18:15,.835,.835,.835,.835, 100
01/13/2020,18:18,.835,.835,.835,.835, 632
01/13/2020,18:22,.835,.835,.833,.833, 1968
01/13/2020,18:24,.831,.831,.828,.828, 600
01/13/2020,18:24,.827,.827,.82,.82, 17420
01/13/2020,18:33,.835,.835,.835,.835, 919
01/13/2020,18:34,.835,.835,.835,.835, 2481
01/13/2020,18:35,.833,.833,.832,.832, 390
01/13/2020,19:10,.831,.831,.831,.831, 200
01/13/2020,19:21,.832,.832,.832,.832, 600
01/13/2020,19:22,.832,.832,.832,.832, 200
01/13/2020,19:34,.829,.829,.829,.829, 1001
01/13/2020,20:25,.835,.835,.835,.835, 175
01/13/2020,20:31,.829,.829,.811,.82, 610
01/13/2020,21:01,.834,.834,.834,.834, 100
01/13/2020,21:45,.811,.811,.811,.811, 710
01/13/2020,21:56,.823,.823,.823,.823, 370
01/13/2020,22:01,.818,.818,.818,.818, 171
01/14/2020,15:36,.81,.81,.807,.807, 6001
01/14/2020,16:06,.807,.807,.807,.807, 300
01/14/2020,16:27,.806,.806,.8,.8, 18735
01/14/2020,16:38,.806,.806,.806,.806, 1000
01/14/2020,17:05,.796,.796,.796,.796, 5714
01/14/2020,17:06,.79,.79,.79,.79, 2381
01/14/2020,17:08,.796,.796,.796,.796, 1143
01/14/2020,17:11,.79,.79,.79,.79, 8698
01/14/2020,17:21,.79,.79,.788,.79, 6255
01/14/2020,17:22,.792,.792,.792,.792, 1000
01/14/2020,17:29,.785,.785,.785,.785, 200
01/14/2020,17:35,.79,.79,.79,.79, 100
01/14/2020,17:50,.79,.79,.79,.79, 100
01/14/2020,18:26,.794,.794,.794,.794, 100
01/14/2020,18:38,.791,.791,.791,.791, 200
01/14/2020,18:39,.795,.795,.795,.795, 200
01/14/2020,18:40,.791,.791,.791,.791, 200
01/14/2020,18:42,.795,.795,.793,.795, 964
01/14/2020,18:44,.792,.797,.792,.795, 2719
01/14/2020,19:01,.793,.797,.793,.797, 6100
01/14/2020,19:15,.797,.797,.797,.797, 842
01/14/2020,19:20,.799,.799,.799,.799, 100
01/14/2020,19:39,.798,.798,.797,.797, 300
01/14/2020,19:42,.799,.799,.799,.799, 1000
01/14/2020,19:52,.799,.799,.799,.799, 1616
01/14/2020,19:56,.8,.8,.8,.8, 700
01/14/2020,20:05,.8,.8,.8,.8, 800
01/14/2020,20:08,.8,.8,.8,.8, 400
01/14/2020,20:15,.801,.801,.801,.801, 212
01/14/2020,20:22,.801,.801,.801,.801, 1700
01/14/2020,20:29,.801,.801,.801,.801, 1200
01/14/2020,20:30,.801,.801,.801,.801, 100
01/14/2020,20:34,.803,.809,.803,.809, 1000
01/14/2020,20:41,.809,.809,.809,.809, 1500
01/14/2020,20:43,.809,.809,.809,.809, 203
01/14/2020,20:55,.807,.807,.807,.807, 200
01/14/2020,20:57,.805,.805,.805,.805, 3800
01/14/2020,20:58,.803,.803,.803,.803, 200
01/14/2020,21:09,.802,.802,.79,.79, 20000
01/14/2020,21:18,.798,.798,.79,.798, 20100
01/14/2020,21:26,.79,.79,.79,.79, 10246
01/14/2020,21:38,.79,.79,.79,.79, 20000
01/14/2020,21:40,.79,.79,.79,.79, 7550
01/14/2020,21:42,.79,.79,.788,.788, 17700
01/14/2020,21:43,.79,.79,.79,.79, 100
01/14/2020,21:47,.79,.79,.789,.789, 1788
01/14/2020,21:50,.785,.785,.785,.785, 1100
01/14/2020,21:53,.785,.785,.785,.785, 3000
01/14/2020,21:54,.785,.785,.779,.779, 8094
01/15/2020,15:31,.8,.8,.8,.8, 309
01/15/2020,17:17,.812,.812,.812,.812, 200
01/15/2020,17:51,.81,.81,.81,.81, 200
01/15/2020,18:06,.8,.8,.8,.8, 2000
01/15/2020,18:07,.8,.8,.8,.8, 400
01/15/2020,18:19,.8,.8,.8,.8, 500
01/15/2020,18:21,.8,.8,.8,.8, 4788
01/15/2020,18:22,.8,.8,.8,.8, 2000
01/15/2020,18:26,.8,.8,.8,.8, 1221
01/15/2020,18:35,.799,.799,.798,.799, 1200
01/15/2020,18:50,.799,.799,.799,.799, 100
01/15/2020,19:12,.798,.798,.798,.798, 500
01/15/2020,19:17,.798,.798,.798,.798, 1300
01/15/2020,19:29,.798,.798,.798,.798, 217
01/15/2020,19:33,.798,.798,.798,.798, 4175
01/15/2020,19:35,.798,.798,.782,.782, 7164
01/15/2020,19:50,.787,.787,.787,.787, 200
01/15/2020,19:59,.787,.787,.787,.787, 2622
01/15/2020,20:00,.785,.785,.785,.785, 2350
01/15/2020,20:20,.787,.787,.787,.787, 500
01/15/2020,20:34,.79,.79,.787,.787, 10362
01/15/2020,20:47,.787,.787,.787,.787, 100
01/15/2020,20:52,.789,.79,.789,.79, 5222
01/15/2020,20:54,.79,.79,.79,.79, 100
01/15/2020,21:11,.789,.789,.789,.789, 100
01/15/2020,21:27,.789,.79,.789,.79, 10000
01/15/2020,21:28,.788,.788,.788,.788, 7800
01/15/2020,21:43,.787,.787,.787,.787, 400
01/15/2020,21:51,.788,.788,.788,.788, 5300
01/15/2020,21:55,.79,.79,.79,.79, 10000
01/15/2020,21:56,.788,.788,.788,.788, 400
01/15/2020,21:57,.792,.792,.792,.792, 1005
01/16/2020,15:31,.8,.8,.8,.8, 2134
01/16/2020,16:04,.794,.794,.794,.794, 897
01/16/2020,17:39,.8,.8,.8,.8, 100
01/16/2020,18:02,.8,.8,.797,.797, 5264
01/16/2020,18:11,.793,.793,.79,.793, 500
01/16/2020,18:31,.782,.791,.782,.791, 2500
01/16/2020,18:32,.782,.782,.782,.782, 228
01/16/2020,19:04,.789,.789,.789,.789, 100
01/16/2020,19:19,.789,.789,.785,.786, 6464
01/16/2020,19:20,.786,.786,.786,.786, 200
01/16/2020,19:29,.785,.785,.779,.779, 9036
01/16/2020,19:30,.779,.779,.779,.779, 165
01/16/2020,19:31,.779,.779,.76,.76, 28044
01/16/2020,19:32,.76,.76,.755,.755, 12006
01/16/2020,19:37,.755,.755,.755,.755, 400
01/16/2020,19:41,.758,.759,.751,.752, 15204
01/16/2020,19:42,.757,.757,.757,.757, 500
01/16/2020,19:47,.752,.752,.752,.752, 15792
01/16/2020,19:51,.758,.758,.758,.758, 120
01/16/2020,19:57,.755,.755,.755,.755, 3000
01/16/2020,19:58,.758,.758,.758,.758, 100
01/16/2020,20:01,.752,.753,.751,.752, 8616
01/16/2020,20:02,.752,.752,.751,.751, 700
01/16/2020,20:05,.755,.755,.755,.755, 1218
01/16/2020,20:06,.755,.755,.755,.755, 3900
01/16/2020,20:07,.758,.758,.758,.758, 100
01/16/2020,20:13,.758,.758,.758,.758, 1500
01/16/2020,20:21,.758,.758,.755,.755, 3616
01/16/2020,20:22,.758,.758,.758,.758, 3000
01/16/2020,20:26,.755,.757,.751,.755, 22642
01/16/2020,20:27,.755,.755,.755,.755, 300
01/16/2020,20:34,.755,.755,.755,.755, 1000
01/16/2020,20:45,.755,.756,.755,.756, 1600
01/16/2020,20:46,.756,.756,.755,.756, 3052
01/16/2020,20:57,.756,.756,.756,.756, 4000
01/16/2020,21:03,.755,.755,.748,.75, 23758
01/16/2020,21:04,.753,.753,.753,.753, 400
01/16/2020,21:05,.753,.753,.75,.75, 15350
01/16/2020,21:13,.749,.749,.736,.736, 34879
01/16/2020,21:14,.737,.737,.737,.737, 100
01/16/2020,21:16,.737,.737,.737,.737, 15100
01/16/2020,21:20,.737,.737,.737,.737, 780
01/16/2020,21:22,.737,.737,.737,.737, 1700
01/16/2020,21:23,.737,.737,.737,.737, 4800
01/16/2020,21:26,.737,.737,.737,.737, 500
01/16/2020,21:29,.738,.741,.732,.741, 36640
01/16/2020,21:30,.75,.75,.75,.75, 400
01/16/2020,21:34,.741,.741,.741,.741, 600
01/16/2020,21:39,.733,.733,.733,.733, 200
01/16/2020,21:41,.743,.743,.743,.743, 700
01/16/2020,21:42,.743,.743,.743,.743, 100
01/16/2020,21:44,.743,.743,.743,.743, 100
01/16/2020,21:45,.743,.743,.742,.743, 900
01/16/2020,21:51,.743,.743,.743,.743, 100
01/16/2020,21:55,.739,.746,.731,.731, 2223
01/16/2020,21:57,.73,.73,.73,.73, 100
01/16/2020,21:59,.746,.746,.746,.746, 100
01/16/2020,22:00,.733,.733,.733,.733, 5000
01/16/2020,22:01,.74,.74,.74,.74, 2128
01/17/2020,15:31,.75,.75,.75,.75, 630
01/17/2020,15:34,.75,.759,.75,.759, 794
01/17/2020,15:35,.74,.74,.74,.74, 780
01/17/2020,15:36,.74,.74,.731,.731, 5250
01/17/2020,15:37,.731,.735,.731,.731, 15900
01/17/2020,15:39,.732,.732,.732,.732, 100
01/17/2020,15:58,.746,.749,.746,.749, 200
01/17/2020,16:16,.75,.75,.75,.75, 3100
01/17/2020,16:18,.742,.742,.742,.742, 110
01/17/2020,16:43,.745,.745,.741,.741, 3200
01/17/2020,16:48,.74,.74,.74,.74, 200
01/17/2020,16:51,.74,.743,.74,.74, 3336
01/17/2020,16:53,.74,.741,.74,.74, 3842
01/17/2020,16:57,.74,.74,.74,.74, 500
01/17/2020,17:00,.74,.74,.74,.74, 1200
01/17/2020,17:12,.74,.74,.74,.74, 250
01/17/2020,17:13,.74,.74,.74,.74, 400
01/17/2020,17:19,.74,.74,.74,.74, 150
01/17/2020,17:22,.74,.74,.74,.74, 6756
01/17/2020,17:23,.742,.744,.74,.744, 1100
01/17/2020,17:30,.746,.746,.746,.746, 109
01/17/2020,17:31,.75,.75,.75,.75, 300
01/17/2020,17:35,.744,.744,.744,.744, 1500
01/17/2020,17:46,.75,.75,.75,.75, 2978
01/17/2020,17:51,.746,.746,.746,.746, 500
01/17/2020,18:05,.745,.745,.745,.745, 700
01/17/2020,18:08,.745,.745,.745,.745, 132
01/17/2020,18:52,.75,.75,.749,.75, 5300
01/17/2020,19:36,.75,.75,.75,.75, 1000
01/17/2020,19:37,.751,.751,.751,.751, 500
01/17/2020,19:41,.753,.754,.753,.753, 600
01/17/2020,19:47,.75,.75,.75,.75, 2585
01/17/2020,19:52,.766,.766,.766,.766, 1000
01/17/2020,20:10,.766,.766,.766,.766, 250
01/17/2020,20:14,.763,.763,.761,.761, 1750
01/17/2020,20:19,.764,.764,.764,.764, 100
01/17/2020,20:26,.765,.765,.765,.765, 350
01/17/2020,20:27,.765,.765,.765,.765, 200
01/17/2020,20:37,.765,.765,.765,.765, 100
01/17/2020,20:46,.766,.766,.766,.766, 3000
01/17/2020,20:50,.765,.765,.765,.765, 1098
01/17/2020,20:54,.765,.765,.763,.763, 2402
01/17/2020,21:06,.76,.76,.76,.76, 10685
01/17/2020,21:08,.76,.76,.759,.759, 10200
01/17/2020,21:09,.757,.757,.757,.757, 200
01/17/2020,21:10,.757,.757,.75,.75, 10800
01/17/2020,21:11,.751,.751,.75,.75, 5200
01/17/2020,21:16,.749,.749,.749,.749, 100
01/17/2020,21:18,.745,.745,.745,.745, 100
01/17/2020,21:23,.749,.749,.749,.749, 375
01/17/2020,21:26,.747,.747,.747,.747, 3300
01/17/2020,21:28,.747,.747,.747,.747, 500
01/17/2020,21:29,.746,.746,.746,.746, 200
01/17/2020,21:37,.746,.748,.746,.748, 2784
01/17/2020,21:48,.746,.746,.746,.746, 200
01/21/2020,15:31,.75,.75,.75,.75, 3986
01/21/2020,15:31,.77,.77,.77,.77, 300
01/21/2020,15:32,.75,.75,.75,.75, 100
01/21/2020,15:39,.75,.75,.75,.75, 46492
01/21/2020,15:48,.75,.75,.75,.75, 12067
01/21/2020,15:49,.75,.75,.75,.75, 200
01/21/2020,16:28,.745,.745,.745,.745, 2010
01/21/2020,16:49,.745,.745,.745,.745, 250
01/21/2020,16:52,.743,.743,.743,.743, 900
01/21/2020,17:04,.744,.744,.743,.743, 500
01/21/2020,17:12,.745,.745,.745,.745, 100
01/21/2020,17:24,.743,.743,.743,.743, 300
01/21/2020,17:31,.742,.742,.742,.742, 100
01/21/2020,17:40,.742,.742,.742,.742, 1282
01/21/2020,17:42,.74,.74,.74,.74, 200
01/21/2020,17:54,.742,.742,.742,.742, 100
01/21/2020,18:13,.741,.741,.741,.741, 100
01/21/2020,19:00,.741,.741,.741,.741, 500
01/21/2020,19:07,.74,.74,.74,.74, 1000
01/21/2020,19:24,.741,.741,.741,.741, 1600
01/21/2020,19:26,.745,.745,.741,.741, 553
01/21/2020,19:27,.745,.745,.745,.745, 595
01/21/2020,19:41,.745,.745,.745,.745, 3259
01/21/2020,19:55,.745,.745,.745,.745, 100
01/21/2020,19:56,.745,.747,.745,.747, 1418
01/21/2020,20:17,.747,.747,.745,.745, 1100
01/21/2020,20:20,.745,.745,.745,.745, 100
01/21/2020,21:15,.746,.746,.746,.746, 300
01/21/2020,21:32,.746,.746,.746,.746, 400
01/21/2020,21:35,.746,.746,.746,.746, 440
01/21/2020,21:39,.747,.747,.747,.747, 100
01/21/2020,21:42,.747,.747,.747,.747, 2500
01/21/2020,21:43,.747,.747,.747,.747, 300
01/21/2020,21:51,.747,.747,.747,.747, 300
01/21/2020,21:53,.747,.747,.747,.747, 996
01/21/2020,21:57,.747,.747,.747,.747, 500
01/21/2020,22:00,.74,.74,.74,.74, 283
01/22/2020,15:31,.74,.74,.74,.74, 2000
01/22/2020,15:36,.74,.74,.74,.74, 9056
01/22/2020,15:40,.731,.731,.731,.731, 3200
01/22/2020,15:43,.735,.735,.735,.735, 200
01/22/2020,15:44,.731,.731,.73,.73, 16817
01/22/2020,15:46,.73,.73,.73,.73, 100
01/22/2020,15:51,.73,.73,.73,.73, 7000
01/22/2020,16:01,.73,.73,.73,.73, 2500
01/22/2020,16:01,.73,.73,.73,.73, 2500
01/22/2020,16:06,.73,.73,.73,.73, 5400
01/22/2020,16:12,.73,.73,.73,.73, 120
01/22/2020,16:15,.73,.73,.73,.73, 1496
01/22/2020,16:20,.73,.73,.73,.73, 600
01/22/2020,16:21,.73,.73,.73,.73, 220
01/22/2020,16:25,.73,.73,.73,.73, 2000
01/22/2020,16:35,.73,.73,.73,.73, 7590
01/22/2020,16:51,.73,.73,.73,.73, 500
01/22/2020,17:09,.73,.73,.73,.73, 2300
01/22/2020,17:10,.73,.73,.73,.73, 100
01/22/2020,17:12,.73,.73,.73,.73, 100
01/22/2020,17:14,.73,.73,.73,.73, 700
01/22/2020,17:22,.73,.73,.72,.721, 15285
01/22/2020,17:24,.722,.722,.722,.722, 100
01/22/2020,17:25,.722,.722,.722,.722, 652
01/22/2020,17:27,.725,.725,.725,.725, 4400
01/22/2020,17:28,.725,.73,.725,.73, 3000
01/22/2020,17:28,.725,.725,.725,.725, 200
01/22/2020,17:39,.727,.727,.725,.725, 200
01/22/2020,17:47,.725,.725,.725,.725, 100
01/22/2020,17:54,.725,.725,.725,.725, 100
01/22/2020,17:56,.725,.727,.725,.727, 1100
01/22/2020,18:01,.728,.728,.728,.728, 139
01/22/2020,18:09,.725,.725,.725,.725, 100
01/22/2020,18:12,.725,.725,.725,.725, 3000
01/22/2020,18:24,.725,.725,.725,.725, 100
01/22/2020,18:31,.725,.725,.725,.725, 250
01/22/2020,18:36,.725,.725,.725,.725, 200
01/22/2020,18:53,.725,.725,.725,.725, 4000
01/22/2020,19:02,.725,.725,.725,.725, 100
01/22/2020,19:07,.725,.725,.725,.725, 200
01/22/2020,19:14,.725,.725,.725,.725, 100
01/22/2020,19:22,.725,.725,.725,.725, 2600
01/22/2020,19:28,.725,.725,.725,.725, 300
01/22/2020,19:28,.725,.725,.725,.725, 300
01/22/2020,19:35,.725,.725,.725,.725, 200
01/22/2020,19:36,.725,.725,.724,.725, 1100
01/22/2020,19:37,.725,.725,.725,.725, 200
01/22/2020,19:51,.725,.725,.725,.725, 100
01/22/2020,20:06,.725,.725,.725,.725, 350
01/22/2020,20:13,.725,.725,.725,.725, 2987
01/22/2020,20:19,.725,.725,.725,.725, 100
01/22/2020,20:30,.725,.725,.725,.725, 500
01/22/2020,21:15,.725,.725,.725,.725, 1500
01/22/2020,21:34,.725,.725,.725,.725, 100
01/22/2020,21:44,.725,.725,.725,.725, 125
01/22/2020,21:54,.725,.725,.725,.725, 100
01/22/2020,22:01,.725,.725,.725,.725, 100
01/23/2020,15:31,.715,.715,.715,.715, 1211
01/23/2020,15:38,.71,.716,.71,.71, 26119
01/23/2020,15:44,.707,.707,.707,.707, 1000
01/23/2020,15:54,.71,.71,.71,.71, 7000
01/23/2020,15:55,.71,.71,.71,.71, 4541
01/23/2020,16:00,.725,.725,.716,.716, 1500
01/23/2020,16:01,.724,.724,.724,.724, 2005
01/23/2020,16:04,.716,.716,.716,.716, 200
01/23/2020,16:17,.72,.72,.72,.72, 4500
01/23/2020,16:28,.715,.715,.715,.715, 1000
01/23/2020,16:58,.715,.715,.715,.715, 1000
01/23/2020,17:05,.717,.72,.717,.72, 1200
01/23/2020,17:07,.72,.72,.72,.72, 31165
01/23/2020,17:08,.72,.72,.72,.72, 248
01/23/2020,17:18,.72,.722,.72,.72, 3460
01/23/2020,17:23,.72,.722,.72,.722, 2500
01/23/2020,17:24,.721,.721,.721,.721, 200
01/23/2020,17:28,.72,.721,.717,.72, 23038
01/23/2020,17:31,.72,.72,.72,.72, 100
01/23/2020,17:35,.715,.715,.715,.715, 1000
01/23/2020,17:48,.715,.717,.715,.717, 200
01/23/2020,17:49,.715,.715,.715,.715, 400
01/23/2020,17:55,.715,.715,.715,.715, 100
01/23/2020,18:05,.715,.715,.715,.715, 800
01/23/2020,18:07,.715,.715,.715,.715, 400
01/23/2020,18:12,.715,.715,.715,.715, 2750
01/23/2020,18:24,.715,.715,.715,.715, 935
01/23/2020,18:25,.715,.715,.715,.715, 300
01/23/2020,18:31,.715,.715,.708,.708, 3100
01/23/2020,18:33,.709,.709,.709,.709, 600
01/23/2020,18:34,.708,.708,.708,.708, 100
01/23/2020,18:45,.709,.709,.708,.708, 1500
01/23/2020,19:01,.708,.708,.708,.708, 500
01/23/2020,19:05,.708,.708,.708,.708, 100
01/23/2020,19:06,.708,.708,.707,.708, 500
01/23/2020,19:08,.709,.709,.709,.709, 4000
01/23/2020,19:10,.708,.708,.707,.707, 1200
01/23/2020,19:17,.706,.707,.7,.7, 16585
01/23/2020,19:17,.7,.7,.7,.7, 100
01/23/2020,19:19,.7,.7,.7,.7, 500
01/23/2020,19:19,.7,.7,.7,.7, 666
01/23/2020,19:20,.7,.7,.7,.7, 780
01/23/2020,19:28,.7,.7,.7,.7, 100
01/23/2020,20:12,.7,.702,.7,.702, 1334
01/23/2020,20:23,.7,.7,.7,.7, 700
01/23/2020,20:33,.7,.7,.7,.7, 3000
01/23/2020,20:45,.7,.7,.7,.7, 100
01/23/2020,21:14,.702,.702,.702,.702, 200
01/23/2020,21:17,.702,.702,.702,.702, 1500
01/23/2020,21:20,.7,.702,.699,.7, 32424
01/23/2020,21:21,.695,.695,.693,.695, 1000
01/23/2020,21:22,.695,.695,.695,.695, 400
01/23/2020,21:23,.695,.695,.695,.695, 100
01/23/2020,21:29,.695,.695,.695,.695, 100
01/23/2020,21:39,.695,.695,.695,.695, 100
01/23/2020,21:46,.695,.695,.695,.695, 2000
01/23/2020,21:50,.695,.695,.695,.695, 350
01/23/2020,21:51,.695,.695,.695,.695, 150
01/23/2020,21:53,.695,.695,.695,.695, 2328
01/23/2020,21:57,.695,.695,.695,.695, 450
01/23/2020,21:59,.695,.695,.695,.695, 1060
01/23/2020,22:00,.695,.695,.695,.695, 500
01/24/2020,15:31,.7,.7,.7,.7, 2390
01/24/2020,15:37,.7,.7,.7,.7, 1546
01/24/2020,15:38,.709,.709,.709,.709, 21200
01/24/2020,15:42,.705,.71,.704,.71, 10705
01/24/2020,15:42,.706,.706,.706,.706, 300
01/24/2020,15:53,.71,.71,.71,.71, 1400
01/24/2020,15:58,.71,.71,.71,.71, 1003
01/24/2020,16:01,.71,.71,.705,.705, 19150
01/24/2020,16:13,.71,.71,.71,.71, 250
01/24/2020,16:15,.71,.71,.71,.71, 720
01/24/2020,16:16,.706,.706,.706,.706, 1400
01/24/2020,16:32,.706,.706,.706,.706, 3000
01/24/2020,16:53,.71,.71,.71,.71, 240
01/24/2020,17:03,.707,.707,.707,.707, 200
01/24/2020,17:15,.701,.701,.701,.701, 100
01/24/2020,17:23,.709,.709,.702,.702, 8342
01/24/2020,17:25,.709,.709,.709,.709, 7000
01/24/2020,17:38,.701,.701,.701,.701, 100
01/24/2020,17:40,.71,.71,.71,.71, 1300
01/24/2020,17:56,.702,.702,.702,.702, 400
01/24/2020,18:05,.71,.71,.71,.71, 7080
01/24/2020,18:05,.71,.71,.71,.71, 2900
01/24/2020,18:16,.702,.702,.702,.702, 100
01/24/2020,18:23,.71,.71,.71,.71, 455
01/24/2020,18:29,.702,.702,.702,.702, 59643
01/24/2020,18:29,.7,.7,.7,.7, 300
01/24/2020,18:31,.7,.7,.7,.7, 500
01/24/2020,18:39,.702,.702,.702,.702, 200
01/24/2020,18:39,.702,.702,.702,.702, 100
01/24/2020,18:40,.7,.7,.7,.7, 3500
01/24/2020,18:52,.701,.701,.701,.701, 675
01/24/2020,18:54,.702,.702,.702,.702, 400
01/24/2020,18:55,.7,.7,.7,.7, 9900
01/24/2020,19:13,.702,.702,.7,.7, 10000
01/24/2020,19:20,.7,.7,.7,.7, 100
01/24/2020,19:24,.7,.7,.7,.7, 1100
01/24/2020,19:34,.7,.702,.7,.702, 2011
01/24/2020,19:41,.702,.702,.702,.702, 189
01/24/2020,19:53,.703,.703,.702,.702, 11131
01/24/2020,20:05,.703,.703,.703,.703, 200
01/24/2020,20:06,.7,.703,.7,.7, 49959
01/24/2020,20:07,.7,.7,.7,.7, 6126
01/24/2020,20:08,.7,.7,.698,.698, 7275
01/24/2020,20:22,.697,.697,.697,.697, 5000
01/24/2020,20:30,.697,.697,.697,.697, 400
01/24/2020,20:37,.697,.697,.697,.697, 261
01/24/2020,20:41,.697,.697,.697,.697, 6100
01/24/2020,20:42,.699,.699,.699,.699, 200
01/24/2020,20:46,.7,.7,.7,.7, 4000
01/24/2020,21:13,.698,.698,.698,.698, 734
01/24/2020,21:16,.699,.699,.699,.699, 4268
01/24/2020,21:17,.698,.698,.697,.697, 1916
01/24/2020,21:21,.697,.697,.697,.697, 500
01/24/2020,21:28,.697,.697,.697,.697, 100
01/24/2020,21:40,.697,.697,.697,.697, 1000
01/24/2020,21:50,.697,.697,.697,.697, 100
01/24/2020,21:53,.697,.697,.697,.697, 5500
01/24/2020,21:55,.697,.697,.697,.697, 1200
01/24/2020,21:56,.697,.697,.697,.697, 300
01/27/2020,15:31,.73,.73,.711,.711, 4713
01/27/2020,15:36,.71,.71,.71,.71, 2351
01/27/2020,15:42,.705,.707,.704,.704, 2500
01/27/2020,15:48,.7,.7,.69,.69, 13962
01/27/2020,15:54,.69,.69,.682,.682, 8900
01/27/2020,15:58,.682,.682,.682,.682, 3700
01/27/2020,16:03,.682,.682,.682,.682, 250
01/27/2020,16:05,.682,.682,.682,.682, 5000
01/27/2020,16:16,.664,.664,.664,.664, 1800
01/27/2020,16:30,.664,.664,.664,.664, 9000
01/27/2020,16:57,.669,.669,.667,.667, 600
01/27/2020,17:04,.667,.669,.667,.669, 2500
01/27/2020,17:14,.669,.669,.667,.669, 5817
01/27/2020,17:21,.668,.668,.656,.658, 18745
01/27/2020,17:28,.656,.656,.656,.656, 200
01/27/2020,17:31,.656,.656,.656,.656, 518
01/27/2020,17:40,.656,.656,.655,.656, 4299
01/27/2020,17:46,.656,.656,.655,.655, 200
01/27/2020,17:52,.656,.656,.655,.656, 5500
01/27/2020,17:53,.655,.655,.655,.655, 2200
01/27/2020,17:55,.654,.654,.654,.654, 100
01/27/2020,18:13,.655,.657,.655,.657, 1600
01/27/2020,18:15,.658,.66,.658,.66, 1100
01/27/2020,18:18,.665,.665,.665,.665, 200
01/27/2020,18:21,.668,.668,.668,.668, 130
01/27/2020,18:21,.665,.665,.665,.665, 500
01/27/2020,18:30,.669,.669,.669,.669, 100
01/27/2020,18:32,.665,.665,.665,.665, 400
01/27/2020,18:37,.668,.668,.668,.668, 1000
01/27/2020,18:48,.667,.667,.667,.667, 100
01/27/2020,18:57,.667,.667,.667,.667, 2000
01/27/2020,19:04,.666,.666,.666,.666, 100
01/27/2020,19:06,.667,.667,.667,.667, 500
01/27/2020,19:06,.667,.667,.667,.667, 100
01/27/2020,19:09,.666,.666,.666,.666, 585
01/27/2020,19:20,.666,.666,.666,.666, 100
01/27/2020,19:31,.666,.667,.666,.667, 1270
01/27/2020,19:37,.666,.666,.666,.666, 100
01/27/2020,19:45,.666,.666,.666,.666, 600
01/27/2020,19:48,.667,.667,.667,.667, 1000
01/27/2020,19:49,.666,.666,.666,.666, 100
01/27/2020,19:53,.667,.669,.667,.669, 10000
01/27/2020,19:57,.666,.666,.656,.66, 17438
01/27/2020,20:02,.66,.66,.66,.66, 100
01/27/2020,20:10,.66,.66,.66,.66, 6000
01/27/2020,20:13,.66,.66,.66,.66, 1000
01/27/2020,20:19,.66,.66,.66,.66, 100
01/27/2020,20:20,.66,.66,.66,.66, 2302
01/27/2020,20:30,.66,.66,.66,.66, 7500
01/27/2020,20:30,.66,.66,.66,.66, 700
01/27/2020,20:32,.66,.66,.66,.66, 1760
01/27/2020,20:39,.66,.66,.659,.66, 6600
01/27/2020,20:40,.658,.658,.658,.658, 100
01/27/2020,20:41,.657,.657,.657,.657, 307
01/27/2020,20:47,.657,.657,.657,.657, 100
01/27/2020,20:51,.656,.656,.656,.656, 600
01/27/2020,20:56,.656,.656,.656,.656, 5900
01/27/2020,20:59,.656,.656,.656,.656, 300
01/27/2020,21:00,.656,.656,.656,.656, 300
01/27/2020,21:04,.656,.656,.656,.656, 2100
01/27/2020,21:11,.656,.656,.656,.656, 1100
01/27/2020,21:16,.656,.656,.652,.652, 2100
01/27/2020,21:25,.652,.652,.652,.652, 100
01/27/2020,21:28,.652,.652,.641,.641, 6629
01/27/2020,21:29,.651,.651,.651,.651, 300
01/27/2020,21:41,.651,.651,.651,.651, 700
01/27/2020,21:42,.652,.654,.647,.647, 9401
01/27/2020,21:43,.642,.642,.642,.642, 100
01/27/2020,21:47,.643,.643,.643,.643, 100
01/27/2020,21:51,.645,.645,.645,.645, 100
01/27/2020,21:52,.645,.645,.645,.645, 1100
01/27/2020,21:53,.645,.645,.645,.645, 1250
01/27/2020,21:54,.645,.645,.645,.645, 100
01/27/2020,21:56,.645,.645,.645,.645, 100
01/27/2020,21:58,.645,.645,.645,.645, 100
01/27/2020,22:00,.645,.645,.645,.645, 100
01/27/2020,22:01,.65,.664,.65,.664, 422
01/28/2020,15:33,.656,.664,.656,.664, 700
01/28/2020,15:52,.641,.641,.641,.641, 283
01/28/2020,16:10,.67,.67,.669,.669, 1300
01/28/2020,16:12,.67,.67,.67,.67, 500
01/28/2020,16:26,.67,.67,.67,.67, 3000
01/28/2020,16:33,.67,.67,.67,.67, 700
01/28/2020,16:48,.67,.67,.67,.67, 900
01/28/2020,16:54,.667,.67,.667,.67, 3400
01/28/2020,17:07,.67,.67,.67,.67, 2200
01/28/2020,17:14,.655,.655,.655,.655, 139
01/28/2020,17:18,.67,.67,.67,.67, 1300
01/28/2020,17:28,.67,.67,.67,.67, 1200
01/28/2020,17:43,.67,.67,.67,.67, 2400
01/28/2020,17:54,.67,.67,.669,.669, 4000
01/28/2020,18:04,.659,.659,.659,.659, 110
01/28/2020,18:07,.67,.67,.67,.67, 2352
01/28/2020,18:22,.671,.671,.671,.671, 200
01/28/2020,18:23,.671,.671,.671,.671, 500
01/28/2020,18:25,.676,.676,.676,.676, 1348
01/28/2020,18:35,.677,.677,.677,.677, 1300
01/28/2020,18:48,.678,.678,.678,.678, 800
01/28/2020,18:57,.68,.68,.68,.68, 700
01/28/2020,19:08,.66,.66,.66,.66, 100
01/28/2020,19:09,.681,.681,.681,.681, 700
01/28/2020,19:12,.681,.681,.681,.681, 300
01/28/2020,19:16,.683,.683,.683,.683, 400
01/28/2020,19:17,.68,.68,.68,.68, 400
01/28/2020,19:20,.68,.684,.68,.684, 1000
01/28/2020,19:29,.684,.684,.684,.684, 974
01/28/2020,19:34,.684,.686,.684,.686, 1042
01/28/2020,19:39,.685,.685,.685,.685, 800
01/28/2020,19:50,.685,.685,.685,.685, 1775
01/28/2020,20:01,.688,.688,.688,.688, 700
01/28/2020,20:06,.688,.688,.688,.688, 587
01/28/2020,20:11,.688,.688,.688,.688, 487
01/28/2020,20:11,.688,.688,.688,.688, 1117
01/28/2020,20:14,.675,.675,.675,.675, 455
01/28/2020,20:17,.688,.688,.688,.688, 352
01/28/2020,20:23,.688,.688,.688,.688, 387
01/28/2020,20:23,.688,.688,.688,.688, 500
01/28/2020,20:26,.675,.688,.675,.688, 1545
01/28/2020,20:28,.69,.69,.69,.69, 300
01/28/2020,20:30,.69,.69,.69,.69, 300
01/28/2020,20:34,.69,.69,.69,.69, 187
01/28/2020,20:36,.69,.69,.69,.69, 187
01/28/2020,20:38,.69,.69,.69,.69, 126
01/28/2020,20:41,.69,.69,.69,.69, 200
01/28/2020,20:46,.687,.687,.687,.687, 200
01/28/2020,20:47,.686,.686,.686,.686, 100
01/28/2020,20:52,.685,.685,.685,.685, 100
01/28/2020,21:01,.68,.68,.68,.68, 100
01/28/2020,21:02,.685,.685,.685,.685, 300
01/28/2020,21:28,.685,.685,.685,.685, 100
01/28/2020,21:34,.685,.685,.685,.685, 1548
01/28/2020,21:41,.685,.685,.685,.685, 1680
01/28/2020,21:48,.685,.685,.685,.685, 1900
01/28/2020,21:48,.685,.685,.685,.685, 500
01/29/2020,15:31,.69,.69,.69,.69, 254
01/29/2020,15:38,.658,.658,.658,.658, 200
01/29/2020,16:32,.69,.693,.69,.693, 1948
01/29/2020,16:44,.698,.698,.678,.678, 6000
01/29/2020,16:47,.688,.688,.688,.688, 400
01/29/2020,16:49,.682,.682,.682,.682, 431
01/29/2020,16:54,.678,.678,.678,.678, 100
01/29/2020,17:04,.676,.676,.676,.676, 500
01/29/2020,17:08,.677,.678,.677,.678, 274
01/29/2020,17:15,.676,.678,.676,.676, 700
01/29/2020,17:18,.677,.678,.677,.677, 1000
01/29/2020,17:36,.673,.673,.673,.673, 240
01/29/2020,17:45,.67,.67,.67,.67, 100
01/29/2020,18:11,.676,.677,.676,.677, 500
01/29/2020,18:28,.679,.679,.677,.678, 1100
01/29/2020,18:43,.679,.679,.678,.678, 7300
01/29/2020,18:54,.678,.678,.678,.678, 700
01/29/2020,19:01,.678,.679,.677,.677, 700
01/29/2020,19:08,.676,.676,.676,.676, 100
01/29/2020,19:09,.676,.676,.676,.676, 800
01/29/2020,19:19,.675,.675,.675,.675, 300
01/29/2020,19:26,.674,.674,.674,.674, 100
01/29/2020,19:37,.673,.673,.67,.67, 4081
01/29/2020,19:40,.67,.67,.669,.669, 1300
01/29/2020,19:48,.669,.669,.669,.669, 500
01/29/2020,19:53,.669,.669,.669,.669, 2100
01/29/2020,20:02,.669,.669,.669,.669, 700
01/29/2020,20:08,.669,.669,.669,.669, 684
01/29/2020,20:09,.669,.669,.669,.669, 600
01/29/2020,20:28,.669,.669,.669,.669, 250
01/29/2020,20:44,.669,.669,.668,.668, 1000
01/29/2020,20:46,.668,.668,.668,.668, 100
01/29/2020,20:52,.668,.668,.668,.668, 100
01/29/2020,21:17,.661,.661,.661,.661, 200
01/29/2020,21:33,.661,.663,.661,.661, 1100
01/29/2020,21:33,.661,.661,.66,.66, 6924
01/29/2020,21:51,.66,.66,.66,.66, 100
01/29/2020,21:53,.66,.66,.66,.66, 950
01/29/2020,21:54,.656,.656,.656,.656, 4200
01/29/2020,21:57,.66,.66,.66,.66, 600
01/29/2020,22:01,.66,.66,.66,.66, 144
01/30/2020,15:59,.69,.69,.69,.69, 1000
01/30/2020,16:00,.67,.67,.67,.67, 100
01/30/2020,16:04,.67,.67,.67,.67, 6650
01/30/2020,16:17,.673,.673,.673,.673, 1000
01/30/2020,16:22,.67,.67,.67,.67, 3000
01/30/2020,17:05,.66,.66,.66,.66, 2395
01/30/2020,17:06,.662,.662,.655,.655, 200
01/30/2020,17:26,.665,.665,.655,.655, 2100
01/30/2020,17:42,.651,.651,.651,.651, 100
01/30/2020,17:48,.651,.651,.651,.651, 1000
01/30/2020,18:09,.666,.666,.666,.666, 5000
01/30/2020,18:29,.659,.659,.659,.659, 369
01/30/2020,18:34,.654,.654,.654,.654, 1200
01/30/2020,18:39,.651,.651,.651,.651, 1534
01/30/2020,18:39,.651,.651,.651,.651, 100
01/30/2020,18:51,.651,.651,.651,.651, 3938
01/30/2020,18:56,.651,.651,.651,.651, 1000
01/30/2020,18:57,.65,.65,.64,.64, 2145
01/30/2020,19:24,.65,.65,.65,.65, 900
01/30/2020,19:25,.65,.65,.65,.65, 700
01/30/2020,19:28,.65,.65,.65,.65, 2000
01/30/2020,19:33,.641,.641,.641,.641, 100
01/30/2020,19:54,.65,.65,.65,.65, 100
01/30/2020,20:06,.65,.65,.65,.65, 1000
01/30/2020,20:28,.65,.65,.65,.65, 6600
01/30/2020,20:57,.641,.641,.641,.641, 100
01/30/2020,21:42,.644,.644,.644,.644, 2500
01/30/2020,21:43,.644,.644,.644,.644, 500
01/30/2020,21:48,.644,.647,.644,.644, 300
01/30/2020,21:51,.644,.644,.644,.644, 900
01/30/2020,21:56,.652,.652,.652,.652, 2000
01/30/2020,22:01,.666,.666,.666,.666, 122
01/31/2020,15:31,.68,.68,.68,.68, 912
01/31/2020,17:09,.645,.645,.64,.64, 11100
01/31/2020,17:20,.646,.646,.646,.646, 500
01/31/2020,17:39,.641,.641,.641,.641, 100
01/31/2020,17:41,.641,.643,.641,.643, 5200
01/31/2020,17:43,.649,.649,.649,.649, 500
01/31/2020,18:05,.65,.65,.65,.65, 120
01/31/2020,18:16,.65,.65,.65,.65, 100
01/31/2020,18:17,.65,.65,.65,.65, 100
01/31/2020,18:57,.65,.651,.65,.651, 8020
01/31/2020,19:36,.652,.652,.652,.652, 100
01/31/2020,20:08,.653,.653,.653,.653, 150
01/31/2020,20:14,.652,.652,.652,.652, 100
01/31/2020,20:20,.654,.654,.654,.654, 500
01/31/2020,20:32,.652,.652,.652,.652, 4820
01/31/2020,20:49,.647,.647,.647,.647, 300
01/31/2020,21:08,.645,.645,.645,.645, 1400
01/31/2020,21:14,.648,.654,.648,.654, 2000
01/31/2020,21:23,.653,.653,.653,.653, 900
01/31/2020,21:35,.646,.646,.646,.646, 100
01/31/2020,21:36,.653,.653,.653,.653, 300
01/31/2020,21:41,.653,.653,.653,.653, 300
01/31/2020,21:45,.653,.653,.653,.653, 400
01/31/2020,21:51,.653,.653,.653,.653, 2000
01/31/2020,22:01,.679,.679,.679,.679, 122

