02/03/2020,00:28,3.1,3.13,3.1,3.13, 63283
02/03/2020,00:29,3.13,3.13,3.12,3.12, 3811
02/03/2020,00:30,3.11,3.11,3.1,3.1, 15357
02/03/2020,00:31,3.1,3.1,3.1,3.1, 5000
02/03/2020,00:32,3.09,3.1,3.09,3.1, 21024
02/03/2020,00:33,3.09,3.09,3.07,3.09, 17878
02/03/2020,00:35,3.07,3.07,3.06,3.07, 26358
02/03/2020,00:35,3.07,3.08,3.07,3.08, 3649
02/03/2020,00:37,3.07,3.08,3.06,3.07, 8184
02/03/2020,00:38,3.07,3.09,3.07,3.09, 2119
02/03/2020,00:39,3.07,3.07,3.06,3.06, 23964
02/03/2020,00:40,3.07,3.07,3.06,3.06, 5700
02/03/2020,00:41,3.07,3.08,3.07,3.08, 1324
02/03/2020,00:43,3.07,3.07,3.06,3.07, 13597
02/03/2020,00:44,3.06,3.07,3.05,3.07, 7001
02/03/2020,00:47,3.07,3.07,3.07,3.07, 960
02/03/2020,00:50,3.06,3.07,3.06,3.07, 1993
02/03/2020,00:51,3.07,3.075,3.07,3.07, 5279
02/03/2020,00:51,3.08,3.08,3.08,3.08, 2249
02/03/2020,00:53,3.08,3.1,3.08,3.08, 20913
02/03/2020,00:57,3.075,3.08,3.075,3.08, 302
02/03/2020,01:02,3.08,3.08,3.08,3.08, 3400
02/03/2020,01:03,3.08,3.08,3.08,3.08, 978
02/03/2020,01:05,3.085,3.085,3.07,3.07, 10924
02/03/2020,01:06,3.08,3.08,3.07,3.075, 4000
02/03/2020,01:12,3.075,3.08,3.075,3.08, 600
02/03/2020,01:14,3.08,3.08,3.08,3.08, 11442
02/03/2020,01:16,3.085,3.09,3.08,3.09, 10997
02/03/2020,01:17,3.085,3.085,3.085,3.085, 1669
02/03/2020,01:20,3.085,3.09,3.085,3.09, 4000
02/03/2020,01:21,3.085,3.085,3.08,3.08, 5652
02/03/2020,01:23,3.075,3.08,3.07,3.08, 8461
02/03/2020,01:27,3.075,3.075,3.07,3.07, 11259
02/03/2020,01:29,3.065,3.065,3.06,3.06, 9488
02/03/2020,01:32,3.06,3.06,3.06,3.06, 1134
02/03/2020,01:33,3.06,3.065,3.06,3.065, 1000
02/03/2020,01:34,3.065,3.065,3.06,3.065, 3185
02/03/2020,01:36,3.07,3.07,3.06,3.07, 7590
02/03/2020,01:39,3.08,3.08,3.07,3.07, 9373
02/03/2020,01:41,3.07,3.08,3.07,3.08, 3056
02/03/2020,01:43,3.08,3.08,3.08,3.08, 6589
02/03/2020,01:47,3.07,3.07,3.07,3.07, 69
02/03/2020,01:52,3.08,3.08,3.08,3.08, 4499
02/03/2020,01:58,3.09,3.09,3.09,3.09, 1500
02/03/2020,02:00,3.08,3.08,3.08,3.08, 19733
02/03/2020,02:02,3.07,3.07,3.07,3.07, 164
02/03/2020,02:06,3.07,3.07,3.07,3.07, 2674
02/03/2020,02:09,3.07,3.07,3.07,3.07, 90
02/03/2020,02:12,3.07,3.07,3.07,3.07, 818
02/03/2020,02:16,3.07,3.07,3.06,3.06, 15109
02/03/2020,02:17,3.06,3.06,3.05,3.055, 27568
02/03/2020,02:18,3.055,3.06,3.05,3.06, 19625
02/03/2020,02:26,3.06,3.06,3.06,3.06, 3138
02/03/2020,02:28,3.06,3.06,3.06,3.06, 1876
02/03/2020,02:29,3.06,3.08,3.06,3.08, 20384
02/03/2020,02:31,3.07,3.07,3.07,3.07, 1136
02/03/2020,02:36,3.06,3.07,3.06,3.07, 2490
02/03/2020,02:45,3.07,3.07,3.07,3.07, 17
02/03/2020,02:49,3.065,3.07,3.065,3.07, 238
02/03/2020,02:50,3.06,3.07,3.06,3.07, 160
02/03/2020,02:53,3.06,3.06,3.06,3.06, 290
02/03/2020,02:55,3.06,3.06,3.06,3.06, 11349
02/03/2020,02:56,3.06,3.06,3.06,3.06, 4407
02/03/2020,02:57,3.06,3.06,3.06,3.06, 1000
02/03/2020,02:58,3.05,3.06,3.05,3.06, 4789
02/03/2020,03:02,3.07,3.07,3.07,3.07, 15000
02/03/2020,03:05,3.06,3.06,3.06,3.06, 183
02/03/2020,03:11,3.07,3.07,3.07,3.07, 836
02/03/2020,03:15,3.07,3.07,3.07,3.07, 3242
02/03/2020,03:18,3.07,3.07,3.07,3.07, 16167
02/03/2020,03:19,3.06,3.06,3.06,3.06, 2410
02/03/2020,03:20,3.06,3.06,3.06,3.06, 2013
02/03/2020,03:20,3.06,3.06,3.06,3.06, 1064
02/03/2020,03:25,3.06,3.06,3.06,3.06, 2019
02/03/2020,03:27,3.05,3.05,3.03,3.05, 10791
02/03/2020,03:31,3.05,3.05,3.05,3.05, 6106
02/03/2020,03:32,3.05,3.06,3.05,3.06, 13540
02/03/2020,03:33,3.06,3.06,3.06,3.06, 1299
02/03/2020,03:34,3.07,3.07,3.07,3.07, 6930
02/03/2020,03:36,3.07,3.07,3.07,3.07, 1230
02/03/2020,03:39,3.07,3.07,3.07,3.07, 4
02/03/2020,03:42,3.07,3.07,3.07,3.07, 801
02/03/2020,03:47,3.07,3.07,3.07,3.07, 554
02/03/2020,03:48,3.07,3.07,3.07,3.07, 700
02/03/2020,03:52,3.08,3.08,3.08,3.08, 1000
02/03/2020,03:59,3.07,3.07,3.07,3.07, 10972
02/03/2020,04:00,3.07,3.07,3.07,3.07, 177
02/03/2020,04:01,3.07,3.07,3.07,3.07, 98
02/03/2020,04:04,3.07,3.07,3.07,3.07, 95
02/03/2020,04:05,3.07,3.07,3.07,3.07, 108
02/03/2020,04:06,3.07,3.07,3.07,3.07, 16124
02/03/2020,04:08,3.07,3.07,3.07,3.07, 89
02/03/2020,04:11,3.07,3.07,3.07,3.07, 8914
02/03/2020,04:13,3.07,3.07,3.07,3.07, 2127
02/03/2020,04:14,3.07,3.07,3.07,3.07, 19
02/03/2020,04:16,3.07,3.07,3.07,3.07, 1941
02/03/2020,04:17,3.07,3.07,3.07,3.07, 109
02/03/2020,04:18,3.07,3.08,3.07,3.08, 1960
02/03/2020,04:20,3.07,3.07,3.07,3.07, 138
02/03/2020,04:21,3.07,3.07,3.07,3.07, 179
02/03/2020,04:22,3.07,3.07,3.07,3.07, 24
02/03/2020,04:24,3.07,3.07,3.07,3.07, 29
02/03/2020,04:26,3.07,3.07,3.07,3.07, 31
02/03/2020,04:28,3.07,3.07,3.06,3.07, 19513
02/03/2020,04:29,3.07,3.08,3.07,3.08, 2673
02/03/2020,04:32,3.06,3.06,3.06,3.06, 4542
02/03/2020,04:37,3.07,3.07,3.07,3.07, 4042
02/03/2020,04:43,3.07,3.07,3.07,3.07, 2966
02/03/2020,04:44,3.07,3.07,3.06,3.06, 6092
02/03/2020,04:45,3.06,3.06,3.05,3.05, 4141
02/03/2020,04:47,3.06,3.07,3.06,3.07, 2750
02/03/2020,04:49,3.07,3.07,3.05,3.05, 12684
02/03/2020,04:50,3.05,3.05,3.05,3.05, 6113
02/03/2020,04:50,3.05,3.05,3.05,3.05, 2300
02/03/2020,04:52,3.05,3.06,3.05,3.06, 21482
02/03/2020,04:56,3.06,3.06,3.06,3.06, 2377
02/03/2020,04:57,3.06,3.06,3.06,3.06, 2506
02/03/2020,04:58,3.06,3.06,3.06,3.06, 2485
02/03/2020,05:00,3.06,3.06,3.06,3.06, 2712
02/03/2020,05:02,3.06,3.06,3.06,3.06, 3899
02/03/2020,05:07,3.06,3.06,3.06,3.06, 162
02/03/2020,05:10,3.06,3.06,3.06,3.06, 1096
02/03/2020,05:19,3.06,3.06,3.06,3.06, 163
02/03/2020,05:20,3.06,3.06,3.06,3.06, 106
02/03/2020,05:23,3.06,3.06,3.06,3.06, 138
02/03/2020,05:27,3.06,3.06,3.06,3.06, 161
02/03/2020,05:29,3.06,3.06,3.06,3.06, 1231
02/03/2020,05:31,3.07,3.07,3.07,3.07, 62
02/03/2020,05:32,3.06,3.06,3.06,3.06, 418
02/03/2020,05:35,3.06,3.06,3.06,3.06, 645
02/03/2020,05:36,3.05,3.05,3.04,3.05, 5256
02/03/2020,05:39,3.05,3.05,3.05,3.05, 502
02/03/2020,05:40,3.05,3.05,3.05,3.05, 499
02/03/2020,05:41,3.05,3.05,3.05,3.05, 530
02/03/2020,05:42,3.045,3.045,3.04,3.04, 4419
02/03/2020,05:43,3.05,3.05,3.05,3.05, 522
02/03/2020,05:44,3.05,3.05,3.05,3.05, 494
02/03/2020,05:45,3.04,3.04,3.04,3.04, 176
02/03/2020,05:46,3.05,3.05,3.04,3.04, 10045
02/03/2020,05:49,3.05,3.05,3.04,3.04, 666
02/03/2020,05:50,3.04,3.04,3.04,3.04, 18501
02/03/2020,05:52,3.04,3.04,3.03,3.04, 5774
02/03/2020,05:53,3.04,3.04,3.04,3.04, 145
02/03/2020,05:55,3.05,3.05,3.05,3.05, 540
02/03/2020,05:57,3.04,3.05,3.04,3.05, 709
02/03/2020,05:57,3.05,3.05,3.05,3.05, 3193
02/03/2020,05:59,3.05,3.05,3.05,3.05, 615
02/03/2020,06:01,3.04,3.05,3.04,3.045, 5651
02/03/2020,06:02,3.045,3.045,3.04,3.045, 2277
02/03/2020,06:03,3.045,3.045,3.045,3.045, 31
02/03/2020,06:04,3.045,3.045,3.04,3.045, 915
02/03/2020,06:05,3.045,3.05,3.045,3.05, 687
02/03/2020,06:06,3.045,3.045,3.045,3.045, 24
02/03/2020,06:07,3.05,3.05,3.045,3.045, 816
02/03/2020,06:08,3.045,3.065,3.045,3.065, 21396
02/03/2020,06:09,3.065,3.07,3.065,3.065, 868
02/03/2020,06:10,3.065,3.065,3.065,3.065, 21
02/03/2020,06:11,3.07,3.07,3.06,3.065, 1193
02/03/2020,06:12,3.065,3.07,3.06,3.06, 1173
02/03/2020,06:13,3.065,3.065,3.06,3.065, 103
02/03/2020,06:14,3.065,3.07,3.065,3.07, 1246
02/03/2020,06:15,3.065,3.065,3.065,3.065, 18
02/03/2020,06:16,3.07,3.07,3.06,3.06, 7547
02/03/2020,06:18,3.07,3.07,3.06,3.06, 1271
02/03/2020,06:19,3.06,3.075,3.06,3.07, 4086
02/03/2020,06:20,3.06,3.07,3.06,3.07, 4527
02/03/2020,06:20,3.07,3.08,3.06,3.08, 329
02/03/2020,06:31,3.06,3.06,3.06,3.06, 23973
02/04/2020,00:27,2.98,2.98,2.95,2.95, 29404
02/04/2020,00:28,2.95,2.95,2.93,2.93, 10043
02/04/2020,00:29,2.93,2.94,2.93,2.94, 5754
02/04/2020,00:30,2.94,2.94,2.94,2.94, 3617
02/04/2020,00:32,2.95,2.95,2.95,2.95, 3858
02/04/2020,00:37,2.95,2.95,2.92,2.92, 14788
02/04/2020,00:38,2.93,2.93,2.93,2.93, 5000
02/04/2020,00:39,2.93,2.93,2.93,2.93, 3428
02/04/2020,00:45,2.93,2.93,2.93,2.93, 1463
02/04/2020,00:50,2.93,2.93,2.93,2.93, 2752
02/04/2020,00:52,2.92,2.92,2.92,2.92, 2083
02/04/2020,00:52,2.92,2.92,2.92,2.92, 2705
02/04/2020,00:54,2.92,2.92,2.92,2.92, 1723
02/04/2020,00:57,2.92,2.92,2.92,2.92, 5493
02/04/2020,01:06,2.92,2.93,2.92,2.93, 3053
02/04/2020,01:09,2.93,2.93,2.93,2.93, 4520
02/04/2020,01:14,2.92,2.92,2.91,2.91, 3618
02/04/2020,01:15,2.91,2.91,2.91,2.91, 5689
02/04/2020,01:17,2.905,2.91,2.905,2.91, 2400
02/04/2020,01:20,2.91,2.91,2.91,2.91, 1990
02/04/2020,01:23,2.92,2.92,2.92,2.92, 9099
02/04/2020,01:24,2.93,2.93,2.92,2.92, 20693
02/04/2020,01:24,2.93,2.93,2.93,2.93, 876
02/04/2020,01:28,2.93,2.93,2.93,2.93, 1100
02/04/2020,01:29,2.93,2.93,2.93,2.93, 2034
02/04/2020,01:30,2.935,2.935,2.935,2.935, 431
02/04/2020,01:31,2.93,2.93,2.93,2.93, 5242
02/04/2020,01:33,2.92,2.92,2.92,2.92, 4496
02/04/2020,01:37,2.93,2.93,2.93,2.93, 4694
02/04/2020,01:37,2.94,2.94,2.94,2.94, 469
02/04/2020,01:39,2.94,2.94,2.94,2.94, 5150
02/04/2020,01:41,2.93,2.94,2.93,2.93, 4024
02/04/2020,01:45,2.94,2.94,2.94,2.94, 1378
02/04/2020,01:50,2.95,2.95,2.95,2.95, 8503
02/04/2020,01:51,2.95,2.95,2.94,2.95, 8363
02/04/2020,01:53,2.96,2.96,2.96,2.96, 871
02/04/2020,01:55,2.96,2.96,2.96,2.96, 3389
02/04/2020,01:56,2.96,2.96,2.96,2.96, 2333
02/04/2020,01:59,2.95,2.95,2.94,2.94, 6802
02/04/2020,02:01,2.95,2.95,2.94,2.94, 853
02/04/2020,02:07,2.95,2.95,2.95,2.95, 300
02/04/2020,02:21,2.94,2.94,2.94,2.94, 172
02/04/2020,02:31,2.94,2.94,2.94,2.94, 135
02/04/2020,02:34,2.95,2.95,2.95,2.95, 25
02/04/2020,02:38,2.94,2.94,2.94,2.94, 146
02/04/2020,02:44,2.95,2.95,2.95,2.95, 983
02/04/2020,02:45,2.95,2.97,2.95,2.97, 12285
02/04/2020,02:45,2.96,2.97,2.96,2.97, 3990
02/04/2020,02:53,2.96,2.96,2.96,2.96, 1420
02/04/2020,02:55,2.96,2.96,2.96,2.96, 204
02/04/2020,02:56,2.97,2.98,2.97,2.98, 1993
02/04/2020,02:57,2.97,2.975,2.97,2.975, 3115
02/04/2020,02:59,2.97,2.97,2.97,2.97, 893
02/04/2020,03:00,2.97,2.98,2.97,2.98, 9796
02/04/2020,03:12,2.96,2.96,2.96,2.96, 5801
02/04/2020,03:30,2.95,2.95,2.95,2.95, 186
02/04/2020,03:39,2.95,2.95,2.95,2.95, 7864
02/04/2020,03:40,2.94,2.94,2.94,2.94, 277
02/04/2020,03:41,2.94,2.94,2.94,2.94, 16
02/04/2020,03:47,2.94,2.94,2.94,2.94, 936
02/04/2020,03:48,2.94,2.94,2.94,2.94, 190
02/04/2020,03:49,2.94,2.94,2.94,2.94, 467
02/04/2020,04:01,2.94,2.94,2.94,2.94, 269
02/04/2020,04:02,2.94,2.94,2.94,2.94, 2766
02/04/2020,04:03,2.93,2.93,2.93,2.93, 4000
02/04/2020,04:05,2.93,2.94,2.93,2.93, 10368
02/04/2020,04:08,2.93,2.93,2.93,2.93, 825
02/04/2020,04:12,2.93,2.93,2.93,2.93, 35
02/04/2020,04:15,2.92,2.92,2.91,2.91, 10300
02/04/2020,04:27,2.91,2.91,2.91,2.91, 181
02/04/2020,04:27,2.91,2.91,2.91,2.91, 171
02/04/2020,04:32,2.91,2.91,2.91,2.91, 98
02/04/2020,04:37,2.91,2.91,2.91,2.91, 2246
02/04/2020,04:43,2.91,2.92,2.91,2.92, 2262
02/04/2020,04:50,2.91,2.91,2.91,2.91, 3388
02/04/2020,04:55,2.9,2.9,2.9,2.9, 183
02/04/2020,04:58,2.905,2.91,2.905,2.91, 1893
02/04/2020,04:59,2.91,2.91,2.91,2.91, 2342
02/04/2020,05:00,2.91,2.91,2.91,2.91, 21
02/04/2020,05:00,2.91,2.91,2.91,2.91, 200
02/04/2020,05:02,2.92,2.92,2.92,2.92, 242
02/04/2020,05:12,2.91,2.91,2.91,2.91, 335
02/04/2020,05:16,2.91,2.91,2.91,2.91, 273
02/04/2020,05:18,2.91,2.91,2.9,2.9, 6529
02/04/2020,05:21,2.905,2.91,2.905,2.91, 3371
02/04/2020,05:22,2.91,2.91,2.91,2.91, 189
02/04/2020,05:24,2.91,2.91,2.91,2.91, 3494
02/04/2020,05:26,2.91,2.91,2.91,2.91, 1950
02/04/2020,05:26,2.91,2.91,2.91,2.91, 191
02/04/2020,05:34,2.91,2.91,2.91,2.91, 168
02/04/2020,05:38,2.915,2.92,2.915,2.92, 20
02/04/2020,05:44,2.91,2.91,2.91,2.91, 162
02/04/2020,05:47,2.91,2.91,2.91,2.91, 4900
02/04/2020,05:48,2.91,2.91,2.91,2.91, 5897
02/04/2020,05:50,2.9,2.9,2.9,2.9, 270
02/04/2020,05:52,2.91,2.91,2.91,2.91, 618
02/04/2020,05:59,2.9,2.9,2.9,2.9, 1569
02/04/2020,06:02,2.9,2.9,2.9,2.9, 210
02/04/2020,06:03,2.9,2.9,2.9,2.9, 135
02/04/2020,06:06,2.9,2.9,2.9,2.9, 1470
02/04/2020,06:07,2.905,2.905,2.905,2.905, 19
02/04/2020,06:09,2.9,2.9,2.9,2.9, 63
02/04/2020,06:10,2.9,2.9,2.9,2.9, 212
02/04/2020,06:13,2.9,2.9,2.9,2.9, 192
02/04/2020,06:15,2.9,2.9,2.9,2.9, 299
02/04/2020,06:16,2.9,2.9,2.9,2.9, 192
02/04/2020,06:17,2.91,2.91,2.91,2.91, 1718
02/04/2020,06:19,2.9,2.91,2.9,2.91, 7598
02/04/2020,06:20,2.91,2.91,2.9,2.9, 2989
02/04/2020,06:31,2.9,2.9,2.9,2.9, 30522
02/05/2020,00:28,2.85,2.86,2.84,2.84, 26681
02/05/2020,00:29,2.85,2.85,2.84,2.84, 3595
02/05/2020,00:30,2.84,2.84,2.82,2.82, 3793
02/05/2020,00:31,2.82,2.82,2.82,2.82, 233
02/05/2020,00:32,2.82,2.82,2.81,2.82, 3673
02/05/2020,00:33,2.82,2.82,2.81,2.82, 914
02/05/2020,00:34,2.81,2.83,2.81,2.83, 7614
02/05/2020,00:36,2.82,2.82,2.81,2.82, 19577
02/05/2020,00:37,2.83,2.84,2.83,2.84, 7760
02/05/2020,00:37,2.83,2.83,2.82,2.82, 4018
02/05/2020,00:46,2.82,2.83,2.82,2.83, 9055
02/05/2020,01:02,2.83,2.84,2.83,2.84, 6290
02/05/2020,01:05,2.84,2.84,2.84,2.84, 507
02/05/2020,01:08,2.84,2.84,2.84,2.84, 1116
02/05/2020,01:12,2.84,2.84,2.84,2.84, 2673
02/05/2020,01:13,2.85,2.85,2.85,2.85, 1303
02/05/2020,01:14,2.84,2.84,2.84,2.84, 2637
02/05/2020,01:23,2.84,2.86,2.84,2.86, 4941
02/05/2020,01:24,2.85,2.86,2.85,2.86, 4760
02/05/2020,01:27,2.85,2.85,2.85,2.85, 1311
02/05/2020,01:35,2.84,2.84,2.84,2.84, 2303
02/05/2020,01:35,2.84,2.86,2.84,2.86, 4456
02/05/2020,01:37,2.85,2.85,2.84,2.84, 2426
02/05/2020,01:39,2.85,2.86,2.85,2.86, 2800
02/05/2020,01:41,2.85,2.85,2.85,2.85, 441
02/05/2020,01:46,2.83,2.83,2.83,2.83, 1534
02/05/2020,01:53,2.84,2.84,2.84,2.84, 317
02/05/2020,02:22,2.845,2.855,2.845,2.855, 3570
02/05/2020,02:25,2.85,2.85,2.85,2.85, 1320
02/05/2020,02:43,2.845,2.85,2.845,2.85, 6048
02/05/2020,02:43,2.85,2.85,2.85,2.85, 306
02/05/2020,02:46,2.85,2.86,2.85,2.86, 527
02/05/2020,02:50,2.86,2.86,2.86,2.86, 177
02/05/2020,02:55,2.86,2.86,2.86,2.86, 799
02/05/2020,03:00,2.85,2.85,2.85,2.85, 129
02/05/2020,03:04,2.85,2.85,2.85,2.85, 668
02/05/2020,03:09,2.85,2.85,2.85,2.85, 146
02/05/2020,03:11,2.86,2.86,2.86,2.86, 672
02/05/2020,03:25,2.85,2.86,2.85,2.86, 258
02/05/2020,03:30,2.85,2.85,2.85,2.85, 141
02/05/2020,03:32,2.855,2.87,2.855,2.87, 1704
02/05/2020,03:35,2.87,2.87,2.87,2.87, 1812
02/05/2020,03:44,2.86,2.86,2.86,2.86, 2097
02/05/2020,03:46,2.855,2.87,2.855,2.855, 3240
02/05/2020,03:50,2.86,2.86,2.86,2.86, 1311
02/05/2020,03:53,2.86,2.86,2.86,2.86, 800
02/05/2020,03:59,2.86,2.86,2.855,2.86, 1211
02/05/2020,04:11,2.86,2.86,2.86,2.86, 782
02/05/2020,04:15,2.86,2.86,2.86,2.86, 163
02/05/2020,04:19,2.85,2.85,2.85,2.85, 911
02/05/2020,04:20,2.85,2.85,2.85,2.85, 2906
02/05/2020,04:25,2.85,2.85,2.85,2.85, 2571
02/05/2020,04:28,2.85,2.85,2.85,2.85, 263
02/05/2020,04:45,2.85,2.855,2.85,2.855, 846
02/05/2020,05:00,2.85,2.85,2.85,2.85, 269
02/05/2020,05:02,2.86,2.86,2.86,2.86, 292
02/05/2020,05:03,2.86,2.86,2.86,2.86, 100
02/05/2020,05:13,2.85,2.85,2.85,2.85, 166
02/05/2020,05:23,2.85,2.85,2.85,2.85, 169
02/05/2020,05:34,2.85,2.85,2.85,2.85, 200
02/05/2020,05:44,2.85,2.85,2.85,2.85, 197
02/05/2020,05:51,2.855,2.86,2.855,2.86, 1770
02/05/2020,06:01,2.85,2.86,2.85,2.86, 307
02/05/2020,06:08,2.855,2.86,2.855,2.86, 5419
02/05/2020,06:14,2.86,2.86,2.86,2.86, 18
02/05/2020,06:17,2.86,2.86,2.86,2.86, 54
02/05/2020,06:17,2.86,2.86,2.86,2.86, 119
02/05/2020,06:19,2.86,2.86,2.86,2.86, 155
02/05/2020,06:20,2.87,2.87,2.86,2.86, 10535
02/05/2020,06:20,2.86,2.86,2.86,2.86, 93
02/05/2020,06:31,2.88,2.88,2.88,2.88, 9204
02/06/2020,00:28,2.91,2.91,2.89,2.89, 9151
02/06/2020,00:29,2.89,2.89,2.89,2.89, 212
02/06/2020,00:30,2.89,2.89,2.88,2.88, 1660
02/06/2020,00:30,2.88,2.88,2.88,2.88, 1469
02/06/2020,00:33,2.87,2.87,2.84,2.84, 64721
02/06/2020,00:36,2.84,2.84,2.84,2.84, 155
02/06/2020,00:37,2.84,2.85,2.84,2.84, 5787
02/06/2020,00:38,2.84,2.84,2.84,2.84, 218
02/06/2020,00:39,2.84,2.84,2.84,2.84, 114
02/06/2020,00:40,2.84,2.84,2.84,2.84, 75
02/06/2020,00:41,2.84,2.84,2.84,2.84, 114
02/06/2020,00:42,2.84,2.84,2.84,2.84, 523
02/06/2020,00:43,2.84,2.84,2.84,2.84, 639
02/06/2020,00:44,2.84,2.84,2.84,2.84, 114
02/06/2020,00:45,2.84,2.845,2.84,2.84, 3512
02/06/2020,00:45,2.84,2.85,2.84,2.85, 1917
02/06/2020,00:49,2.84,2.84,2.84,2.84, 3269
02/06/2020,00:49,2.845,2.845,2.845,2.845, 3500
02/06/2020,00:52,2.85,2.85,2.85,2.85, 3868
02/06/2020,00:52,2.85,2.85,2.85,2.85, 99
02/06/2020,00:57,2.85,2.85,2.85,2.85, 800
02/06/2020,00:58,2.84,2.84,2.84,2.84, 6604
02/06/2020,01:01,2.84,2.84,2.84,2.84, 3233
02/06/2020,01:03,2.84,2.84,2.84,2.84, 3198
02/06/2020,01:10,2.83,2.83,2.83,2.83, 3855
02/06/2020,01:11,2.83,2.84,2.83,2.84, 20093
02/06/2020,01:17,2.83,2.835,2.83,2.83, 5586
02/06/2020,01:20,2.84,2.84,2.84,2.84, 1658
02/06/2020,01:24,2.85,2.85,2.85,2.85, 1835
02/06/2020,01:51,2.85,2.85,2.85,2.85, 25
02/06/2020,01:53,2.86,2.86,2.86,2.86, 500
02/06/2020,02:04,2.86,2.87,2.86,2.87, 1000
02/06/2020,02:04,2.87,2.87,2.87,2.87, 4914
02/06/2020,02:06,2.87,2.87,2.87,2.87, 1732
02/06/2020,02:19,2.86,2.86,2.86,2.86, 1439
02/06/2020,02:28,2.855,2.855,2.855,2.855, 7975
02/06/2020,02:31,2.86,2.86,2.86,2.86, 2000
02/06/2020,02:31,2.86,2.86,2.86,2.86, 700
02/06/2020,02:39,2.85,2.85,2.85,2.85, 2500
02/06/2020,02:43,2.86,2.86,2.86,2.86, 501
02/06/2020,02:47,2.86,2.86,2.86,2.86, 12249
02/06/2020,02:49,2.87,2.87,2.87,2.87, 600
02/06/2020,02:58,2.865,2.87,2.865,2.87, 5244
02/06/2020,03:05,2.87,2.87,2.87,2.87, 313
02/06/2020,03:12,2.87,2.87,2.87,2.87, 3813
02/06/2020,03:18,2.87,2.87,2.86,2.86, 2243
02/06/2020,03:29,2.87,2.87,2.87,2.87, 835
02/06/2020,03:42,2.87,2.87,2.86,2.86, 1800
02/06/2020,03:43,2.86,2.86,2.86,2.86, 600
02/06/2020,03:50,2.86,2.86,2.86,2.86, 93
02/06/2020,03:52,2.86,2.86,2.86,2.86, 28
02/06/2020,03:55,2.86,2.86,2.86,2.86, 16
02/06/2020,03:57,2.86,2.86,2.86,2.86, 17
02/06/2020,03:59,2.86,2.86,2.86,2.86, 14
02/06/2020,04:02,2.86,2.86,2.84,2.84, 11420
02/06/2020,04:05,2.85,2.85,2.85,2.85, 1126
02/06/2020,04:08,2.85,2.85,2.84,2.84, 9590
02/06/2020,04:19,2.85,2.85,2.85,2.85, 784
02/06/2020,04:21,2.85,2.85,2.84,2.85, 3061
02/06/2020,04:24,2.85,2.86,2.85,2.85, 21672
02/06/2020,04:32,2.855,2.855,2.855,2.855, 16
02/06/2020,04:39,2.855,2.855,2.855,2.855, 3
02/06/2020,04:46,2.85,2.85,2.85,2.85, 105
02/06/2020,04:47,2.855,2.855,2.855,2.855, 84
02/06/2020,04:49,2.86,2.86,2.86,2.86, 3616
02/06/2020,04:50,2.87,2.87,2.87,2.87, 1000
02/06/2020,05:07,2.87,2.87,2.86,2.86, 1623
02/06/2020,05:11,2.88,2.88,2.87,2.87, 5751
02/06/2020,05:27,2.87,2.87,2.87,2.87, 100
02/06/2020,05:29,2.88,2.88,2.88,2.88, 106
02/06/2020,05:36,2.875,2.88,2.875,2.88, 3183
02/06/2020,05:38,2.875,2.88,2.875,2.88, 120
02/06/2020,05:41,2.875,2.88,2.875,2.88, 1981
02/06/2020,05:45,2.88,2.88,2.87,2.88, 6865
02/06/2020,05:46,2.88,2.9,2.88,2.89, 17655
02/06/2020,05:47,2.89,2.89,2.89,2.89, 149
02/06/2020,05:51,2.885,2.885,2.88,2.88, 198
02/06/2020,05:53,2.885,2.885,2.885,2.885, 223
02/06/2020,06:01,2.88,2.88,2.88,2.88, 4755
02/06/2020,06:02,2.88,2.88,2.88,2.88, 13
02/06/2020,06:03,2.88,2.89,2.88,2.88, 3010
02/06/2020,06:04,2.88,2.88,2.88,2.88, 10
02/06/2020,06:05,2.88,2.88,2.88,2.88, 253
02/06/2020,06:08,2.88,2.88,2.87,2.87, 2593
02/06/2020,06:10,2.87,2.87,2.87,2.87, 138
02/06/2020,06:10,2.87,2.87,2.87,2.87, 1962
02/06/2020,06:13,2.875,2.88,2.87,2.87, 6439
02/06/2020,06:14,2.87,2.88,2.87,2.87, 7314
02/06/2020,06:15,2.87,2.88,2.87,2.87, 3573
02/06/2020,06:16,2.87,2.87,2.87,2.87, 2575
02/06/2020,06:19,2.875,2.875,2.87,2.87, 1593
02/06/2020,06:20,2.875,2.88,2.87,2.88, 159
02/06/2020,06:20,2.87,2.88,2.87,2.88, 1307
02/06/2020,06:31,2.86,2.86,2.86,2.86, 57589
02/07/2020,00:27,2.87,2.87,2.87,2.87, 5676
02/07/2020,00:29,2.89,2.89,2.89,2.89, 436
02/07/2020,00:34,2.885,2.885,2.885,2.885, 7000
02/07/2020,00:37,2.89,2.89,2.89,2.89, 1032
02/07/2020,00:44,2.885,2.885,2.88,2.88, 1181
02/07/2020,00:56,2.88,2.885,2.88,2.885, 867
02/07/2020,01:01,2.885,2.885,2.885,2.885, 7500
02/07/2020,01:02,2.885,2.89,2.885,2.89, 4000
02/07/2020,01:18,2.89,2.89,2.89,2.89, 2217
02/07/2020,01:22,2.88,2.88,2.88,2.88, 166
02/07/2020,01:35,2.88,2.88,2.88,2.88, 340
02/07/2020,01:37,2.88,2.88,2.87,2.87, 14114
02/07/2020,01:47,2.87,2.87,2.87,2.87, 8567
02/07/2020,01:48,2.86,2.86,2.855,2.855, 1187
02/07/2020,01:48,2.86,2.86,2.86,2.86, 220
02/07/2020,01:55,2.87,2.87,2.87,2.87, 3677
02/07/2020,01:59,2.88,2.88,2.88,2.88, 383
02/07/2020,02:00,2.88,2.88,2.88,2.88, 264
02/07/2020,02:06,2.885,2.89,2.885,2.89, 12239
02/07/2020,02:08,2.89,2.89,2.89,2.89, 4726
02/07/2020,02:14,2.9,2.9,2.9,2.9, 5000
02/07/2020,02:22,2.89,2.89,2.88,2.88, 6142
02/07/2020,02:27,2.88,2.88,2.87,2.87, 2369
02/07/2020,02:33,2.875,2.88,2.875,2.88, 1700
02/07/2020,02:42,2.88,2.88,2.87,2.87, 3346
02/07/2020,02:47,2.88,2.88,2.88,2.88, 694
02/07/2020,02:58,2.875,2.88,2.87,2.87, 3563
02/07/2020,03:01,2.875,2.875,2.875,2.875, 3291
02/07/2020,03:03,2.87,2.87,2.87,2.87, 3
02/07/2020,03:05,2.875,2.875,2.875,2.875, 3500
02/07/2020,03:08,2.87,2.87,2.87,2.87, 3
02/07/2020,03:08,2.875,2.875,2.875,2.875, 3163
02/07/2020,03:11,2.87,2.88,2.87,2.88, 1302
02/07/2020,03:14,2.88,2.88,2.88,2.88, 5708
02/07/2020,03:19,2.88,2.88,2.87,2.87, 510
02/07/2020,03:22,2.89,2.89,2.89,2.89, 5405
02/07/2020,03:29,2.89,2.89,2.89,2.89, 679
02/07/2020,03:33,2.885,2.885,2.885,2.885, 3500
02/07/2020,03:41,2.88,2.88,2.88,2.88, 680
02/07/2020,03:41,2.89,2.89,2.89,2.89, 1733
02/07/2020,03:48,2.89,2.89,2.89,2.89, 338
02/07/2020,03:53,2.88,2.88,2.88,2.88, 4
02/07/2020,04:00,2.88,2.88,2.88,2.88, 3
02/07/2020,04:02,2.88,2.88,2.87,2.87, 8003
02/07/2020,04:10,2.87,2.87,2.87,2.87, 5
02/07/2020,04:13,2.88,2.88,2.88,2.88, 4607
02/07/2020,04:14,2.875,2.88,2.875,2.88, 5169
02/07/2020,04:29,2.89,2.89,2.885,2.89, 3212
02/07/2020,04:30,2.89,2.9,2.89,2.89, 11374
02/07/2020,04:35,2.89,2.89,2.89,2.89, 2740
02/07/2020,04:38,2.89,2.89,2.89,2.89, 565
02/07/2020,04:43,2.88,2.88,2.88,2.88, 2
02/07/2020,04:44,2.88,2.88,2.88,2.88, 1
02/07/2020,04:46,2.88,2.88,2.88,2.88, 1
02/07/2020,04:48,2.88,2.88,2.88,2.88, 1
02/07/2020,04:50,2.88,2.88,2.88,2.88, 3007
02/07/2020,04:57,2.87,2.87,2.87,2.87, 4
02/07/2020,05:02,2.87,2.87,2.87,2.87, 1886
02/07/2020,05:04,2.87,2.87,2.86,2.86, 5777
02/07/2020,05:09,2.86,2.86,2.86,2.86, 6
02/07/2020,05:12,2.865,2.87,2.865,2.87, 51
02/07/2020,05:16,2.865,2.865,2.865,2.865, 1
02/07/2020,05:19,2.86,2.86,2.86,2.86, 4
02/07/2020,05:26,2.86,2.86,2.86,2.86, 4
02/07/2020,05:31,2.86,2.86,2.86,2.86, 3
02/07/2020,05:41,2.86,2.86,2.86,2.86, 6
02/07/2020,05:43,2.87,2.87,2.87,2.87, 76
02/07/2020,05:48,2.86,2.86,2.86,2.86, 4
02/07/2020,05:56,2.86,2.86,2.86,2.86, 6
02/07/2020,05:59,2.87,2.87,2.87,2.87, 304
02/07/2020,06:03,2.86,2.86,2.86,2.86, 5
02/07/2020,06:09,2.86,2.86,2.86,2.86, 5
02/07/2020,06:11,2.86,2.86,2.86,2.86, 8
02/07/2020,06:14,2.865,2.87,2.86,2.86, 919
02/07/2020,06:15,2.86,2.86,2.86,2.86, 10
02/07/2020,06:19,2.86,2.86,2.86,2.86, 4924
02/07/2020,06:20,2.87,2.87,2.86,2.86, 62
02/07/2020,06:31,2.87,2.87,2.87,2.87, 5240
02/10/2020,00:27,2.84,2.84,2.84,2.84, 49389
02/10/2020,00:28,2.84,2.84,2.81,2.81, 7608
02/10/2020,00:29,2.81,2.81,2.8,2.81, 9469
02/10/2020,00:30,2.82,2.83,2.82,2.83, 2868
02/10/2020,00:31,2.84,2.84,2.83,2.83, 5935
02/10/2020,00:32,2.84,2.84,2.83,2.83, 1689
02/10/2020,00:33,2.84,2.84,2.84,2.84, 6989
02/10/2020,00:35,2.84,2.84,2.83,2.83, 5428
02/10/2020,00:38,2.84,2.84,2.84,2.84, 5498
02/10/2020,00:39,2.84,2.84,2.84,2.84, 1000
02/10/2020,00:40,2.85,2.85,2.84,2.85, 26563
02/10/2020,00:41,2.85,2.85,2.85,2.85, 1210
02/10/2020,00:42,2.86,2.86,2.85,2.85, 5940
02/10/2020,00:47,2.85,2.85,2.84,2.84, 9646
02/10/2020,00:52,2.85,2.85,2.84,2.84, 2733
02/10/2020,00:56,2.85,2.85,2.84,2.84, 15930
02/10/2020,01:00,2.85,2.85,2.85,2.85, 111
02/10/2020,01:01,2.85,2.85,2.85,2.85, 1813
02/10/2020,01:04,2.85,2.85,2.85,2.85, 7602
02/10/2020,01:05,2.85,2.85,2.85,2.85, 5423
02/10/2020,01:19,2.85,2.85,2.85,2.85, 113
02/10/2020,01:20,2.855,2.86,2.85,2.85, 5313
02/10/2020,01:25,2.85,2.85,2.85,2.85, 1401
02/10/2020,01:34,2.86,2.86,2.85,2.85, 5807
02/10/2020,01:35,2.86,2.86,2.85,2.85, 13341
02/10/2020,01:50,2.86,2.86,2.85,2.85, 12712
02/10/2020,01:56,2.85,2.85,2.84,2.84, 9567
02/10/2020,01:57,2.84,2.85,2.84,2.84, 8076
02/10/2020,01:59,2.85,2.85,2.84,2.84, 280
02/10/2020,02:10,2.85,2.85,2.84,2.85, 2498
02/10/2020,02:13,2.85,2.85,2.84,2.84, 4139
02/10/2020,02:21,2.84,2.84,2.84,2.84, 307
02/10/2020,02:26,2.84,2.84,2.84,2.84, 2251
02/10/2020,02:28,2.84,2.84,2.84,2.84, 115
02/10/2020,02:30,2.85,2.85,2.85,2.85, 5860
02/10/2020,02:32,2.86,2.86,2.86,2.86, 94
02/10/2020,02:42,2.86,2.86,2.86,2.86, 14
02/10/2020,02:51,2.86,2.86,2.85,2.85, 13241
02/10/2020,02:54,2.86,2.86,2.86,2.86, 100
02/10/2020,02:56,2.86,2.86,2.86,2.86, 275
02/10/2020,03:00,2.855,2.855,2.855,2.855, 123
02/10/2020,03:05,2.855,2.855,2.855,2.855, 134
02/10/2020,03:08,2.855,2.87,2.855,2.86, 5664
02/10/2020,03:14,2.855,2.855,2.85,2.85, 1498
02/10/2020,03:15,2.85,2.85,2.84,2.84, 4803
02/10/2020,03:22,2.85,2.85,2.84,2.84, 2991
02/10/2020,03:23,2.85,2.85,2.84,2.84, 3614
02/10/2020,03:32,2.84,2.84,2.83,2.83, 4804
02/10/2020,03:33,2.84,2.84,2.83,2.84, 3913
02/10/2020,03:36,2.83,2.83,2.83,2.83, 700
02/10/2020,03:43,2.83,2.83,2.83,2.83, 107
02/10/2020,03:46,2.83,2.83,2.83,2.83, 2966
02/10/2020,03:48,2.83,2.83,2.83,2.83, 2450
02/10/2020,03:49,2.83,2.83,2.83,2.83, 40
02/10/2020,03:58,2.84,2.84,2.83,2.83, 1132
02/10/2020,04:01,2.84,2.84,2.83,2.83, 3218
02/10/2020,04:23,2.83,2.83,2.81,2.81, 29227
02/10/2020,04:25,2.81,2.81,2.81,2.81, 4208
02/10/2020,04:36,2.82,2.82,2.81,2.81, 4870
02/10/2020,04:39,2.82,2.82,2.82,2.82, 7011
02/10/2020,04:40,2.81,2.81,2.81,2.81, 3288
02/10/2020,04:45,2.82,2.82,2.8,2.8, 12776
02/10/2020,04:46,2.81,2.81,2.8,2.8, 9625
02/10/2020,04:50,2.81,2.81,2.81,2.81, 2543
02/10/2020,04:50,2.82,2.82,2.82,2.82, 5675
02/10/2020,04:56,2.83,2.83,2.82,2.82, 1408
02/10/2020,05:14,2.82,2.82,2.82,2.82, 139
02/10/2020,05:22,2.82,2.82,2.81,2.81, 6292
02/10/2020,05:32,2.82,2.82,2.82,2.82, 11812
02/10/2020,05:40,2.83,2.83,2.82,2.82, 15284
02/10/2020,05:45,2.83,2.83,2.82,2.82, 2556
02/10/2020,05:46,2.82,2.82,2.81,2.81, 13105
02/10/2020,05:47,2.81,2.81,2.81,2.81, 25
02/10/2020,05:48,2.82,2.82,2.81,2.81, 3542
02/10/2020,05:50,2.82,2.82,2.82,2.82, 5139
02/10/2020,05:58,2.83,2.83,2.82,2.82, 366
02/10/2020,06:00,2.82,2.82,2.82,2.82, 624
02/10/2020,06:01,2.82,2.82,2.82,2.82, 1056
02/10/2020,06:08,2.83,2.84,2.83,2.835, 5428
02/10/2020,06:12,2.84,2.85,2.84,2.845, 3125
02/10/2020,06:13,2.845,2.845,2.845,2.845, 12
02/10/2020,06:14,2.845,2.845,2.845,2.845, 13
02/10/2020,06:15,2.845,2.845,2.845,2.845, 5
02/10/2020,06:20,2.85,2.85,2.85,2.85, 153
02/10/2020,06:31,2.83,2.83,2.83,2.83, 70885
02/11/2020,00:27,2.85,2.85,2.85,2.85, 33345
02/11/2020,00:28,2.83,2.83,2.83,2.83, 1435
02/11/2020,00:33,2.85,2.85,2.84,2.84, 4570
02/11/2020,00:34,2.84,2.84,2.84,2.84, 2711
02/11/2020,00:34,2.84,2.85,2.84,2.84, 12414
02/11/2020,00:38,2.84,2.85,2.84,2.85, 3830
02/11/2020,00:39,2.85,2.85,2.85,2.85, 1713
02/11/2020,00:40,2.86,2.86,2.86,2.86, 3000
02/11/2020,00:42,2.87,2.87,2.87,2.87, 5414
02/11/2020,00:43,2.87,2.89,2.87,2.89, 14866
02/11/2020,00:44,2.89,2.89,2.89,2.89, 12828
02/11/2020,00:46,2.88,2.88,2.88,2.88, 11212
02/11/2020,00:47,2.87,2.87,2.86,2.87, 15171
02/11/2020,00:52,2.86,2.86,2.85,2.85, 3262
02/11/2020,00:54,2.84,2.84,2.83,2.83, 12179
02/11/2020,00:54,2.835,2.84,2.835,2.84, 5362
02/11/2020,00:57,2.85,2.85,2.84,2.84, 4622
02/11/2020,00:57,2.84,2.84,2.84,2.84, 761
02/11/2020,01:01,2.835,2.84,2.835,2.84, 11400
02/11/2020,01:01,2.84,2.84,2.84,2.84, 78
02/11/2020,01:06,2.83,2.83,2.825,2.825, 6727
02/11/2020,01:06,2.82,2.82,2.82,2.82, 971
02/11/2020,01:10,2.82,2.82,2.82,2.82, 1302
02/11/2020,01:11,2.82,2.82,2.82,2.82, 11602
02/11/2020,01:12,2.82,2.82,2.82,2.82, 6473
02/11/2020,01:13,2.82,2.82,2.82,2.82, 1492
02/11/2020,01:16,2.82,2.82,2.82,2.82, 3451
02/11/2020,01:19,2.82,2.82,2.82,2.82, 1550
02/11/2020,01:21,2.82,2.82,2.82,2.82, 1300
02/11/2020,01:25,2.81,2.81,2.81,2.81, 7734
02/11/2020,01:25,2.81,2.81,2.81,2.81, 1649
02/11/2020,01:29,2.82,2.83,2.82,2.83, 21024
02/11/2020,01:31,2.82,2.82,2.81,2.81, 1157
02/11/2020,01:36,2.81,2.81,2.81,2.81, 1141
02/11/2020,01:38,2.82,2.87,2.82,2.84, 26808
02/11/2020,01:48,2.82,2.82,2.82,2.82, 5204
02/11/2020,01:55,2.82,2.82,2.82,2.82, 5194
02/11/2020,01:58,2.82,2.82,2.82,2.82, 1513
02/11/2020,02:07,2.81,2.81,2.81,2.81, 1056
02/11/2020,02:11,2.81,2.81,2.81,2.81, 880
02/11/2020,02:12,2.81,2.81,2.81,2.81, 19521
02/11/2020,02:16,2.81,2.81,2.81,2.81, 1816
02/11/2020,02:18,2.82,2.82,2.82,2.82, 3185
02/11/2020,02:27,2.81,2.81,2.81,2.81, 2986
02/11/2020,02:31,2.81,2.81,2.81,2.81, 1556
02/11/2020,02:32,2.82,2.82,2.82,2.82, 5104
02/11/2020,02:40,2.82,2.82,2.82,2.82, 1597
02/11/2020,02:41,2.82,2.82,2.82,2.82, 107
02/11/2020,02:45,2.82,2.82,2.82,2.82, 107
02/11/2020,02:53,2.81,2.81,2.81,2.81, 1519
02/11/2020,02:56,2.82,2.82,2.82,2.82, 77
02/11/2020,02:59,2.815,2.82,2.815,2.82, 922
02/11/2020,03:02,2.81,2.82,2.81,2.82, 1534
02/11/2020,03:04,2.81,2.81,2.81,2.81, 942
02/11/2020,03:05,2.81,2.82,2.81,2.82, 3655
02/11/2020,03:11,2.81,2.81,2.81,2.81, 1257
02/11/2020,03:14,2.81,2.81,2.81,2.81, 1267
02/11/2020,03:16,2.81,2.81,2.81,2.81, 2019
02/11/2020,03:20,2.81,2.81,2.805,2.81, 10351
02/11/2020,03:21,2.81,2.81,2.8,2.8, 1604
02/11/2020,03:25,2.81,2.81,2.81,2.81, 2000
02/11/2020,03:25,2.8,2.8,2.8,2.8, 1590
02/11/2020,03:31,2.8,2.8,2.8,2.8, 670
02/11/2020,03:35,2.8,2.8,2.8,2.8, 285
02/11/2020,03:39,2.8,2.8,2.8,2.8, 17
02/11/2020,03:42,2.8,2.8,2.8,2.8, 2300
02/11/2020,03:45,2.8,2.8,2.8,2.8, 1119
02/11/2020,03:46,2.8,2.8,2.8,2.8, 879
02/11/2020,03:52,2.8,2.8,2.8,2.8, 835
02/11/2020,03:58,2.8,2.8,2.8,2.8, 14
02/11/2020,04:01,2.8,2.8,2.8,2.8, 5152
02/11/2020,04:04,2.8,2.8,2.79,2.79, 31327
02/11/2020,04:04,2.8,2.8,2.8,2.8, 2000
02/11/2020,04:06,2.8,2.8,2.8,2.8, 7000
02/11/2020,04:09,2.795,2.8,2.795,2.8, 9250
02/11/2020,04:11,2.8,2.8,2.8,2.8, 12100
02/11/2020,04:11,2.8,2.8,2.8,2.8, 5240
02/11/2020,04:26,2.79,2.79,2.78,2.78, 16620
02/11/2020,04:30,2.78,2.78,2.78,2.78, 996
02/11/2020,04:32,2.78,2.78,2.78,2.78, 721
02/11/2020,04:34,2.78,2.78,2.78,2.78, 1477
02/11/2020,04:37,2.78,2.78,2.78,2.78, 7795
02/11/2020,04:48,2.78,2.78,2.78,2.78, 1194
02/11/2020,04:51,2.78,2.78,2.78,2.78, 1674
02/11/2020,04:53,2.78,2.78,2.775,2.78, 4804
02/11/2020,04:56,2.78,2.78,2.78,2.78, 4327
02/11/2020,05:05,2.79,2.79,2.79,2.79, 500
02/11/2020,05:09,2.78,2.78,2.78,2.78, 6
02/11/2020,05:09,2.78,2.78,2.78,2.78, 3358
02/11/2020,05:11,2.78,2.78,2.78,2.78, 891
02/11/2020,05:14,2.78,2.78,2.78,2.78, 1314
02/11/2020,05:23,2.78,2.78,2.78,2.78, 12
02/11/2020,05:25,2.78,2.78,2.78,2.78, 577
02/11/2020,05:29,2.78,2.78,2.78,2.78, 899
02/11/2020,05:31,2.78,2.78,2.78,2.78, 8
02/11/2020,05:33,2.78,2.78,2.78,2.78, 1453
02/11/2020,05:37,2.78,2.78,2.78,2.78, 11330
02/11/2020,05:37,2.78,2.78,2.78,2.78, 684
02/11/2020,05:50,2.78,2.78,2.78,2.78, 778
02/11/2020,05:51,2.78,2.78,2.78,2.78, 2584
02/11/2020,05:54,2.78,2.78,2.78,2.78, 1736
02/11/2020,05:55,2.785,2.79,2.785,2.79, 294
02/11/2020,05:57,2.78,2.78,2.78,2.78, 5295
02/11/2020,06:00,2.78,2.78,2.78,2.78, 32
02/11/2020,06:04,2.78,2.78,2.78,2.78, 7736
02/11/2020,06:05,2.78,2.78,2.78,2.78, 553
02/11/2020,06:06,2.79,2.79,2.79,2.79, 685
02/11/2020,06:06,2.78,2.78,2.78,2.78, 3484
02/11/2020,06:08,2.79,2.79,2.79,2.79, 4340
02/11/2020,06:17,2.8,2.8,2.8,2.8, 7087
02/11/2020,06:19,2.79,2.79,2.79,2.79, 405
02/11/2020,06:20,2.8,2.81,2.8,2.805, 5977
02/11/2020,06:31,2.8,2.8,2.8,2.8, 19494
02/13/2020,00:28,2.81,2.82,2.81,2.82, 45090
02/13/2020,00:29,2.815,2.82,2.815,2.82, 9686
02/13/2020,00:30,2.83,2.85,2.83,2.84, 14504
02/13/2020,00:31,2.85,2.85,2.85,2.85, 4358
02/13/2020,00:33,2.85,2.86,2.85,2.85, 6417
02/13/2020,00:38,2.84,2.84,2.84,2.84, 7588
02/13/2020,00:39,2.84,2.84,2.84,2.84, 6282
02/13/2020,00:40,2.84,2.84,2.84,2.84, 2000
02/13/2020,00:45,2.83,2.83,2.83,2.83, 17244
02/13/2020,00:49,2.82,2.82,2.8,2.8, 44988
02/13/2020,00:50,2.8,2.8,2.79,2.79, 824
02/13/2020,00:51,2.79,2.8,2.79,2.8, 2995
02/13/2020,00:52,2.8,2.8,2.8,2.8, 7013
02/13/2020,00:52,2.81,2.81,2.81,2.81, 2614
02/13/2020,00:57,2.83,2.83,2.82,2.82, 5047
02/13/2020,00:58,2.82,2.82,2.82,2.82, 9959
02/13/2020,00:59,2.82,2.82,2.82,2.82, 2254
02/13/2020,01:12,2.83,2.83,2.83,2.83, 2897
02/13/2020,01:16,2.82,2.82,2.82,2.82, 12703
02/13/2020,01:17,2.82,2.82,2.82,2.82, 643
02/13/2020,01:18,2.82,2.82,2.82,2.82, 3428
02/13/2020,01:22,2.83,2.83,2.83,2.83, 1801
02/13/2020,01:23,2.84,2.85,2.84,2.85, 9043
02/13/2020,01:24,2.84,2.84,2.84,2.84, 1000
02/13/2020,01:30,2.85,2.85,2.85,2.85, 6307
02/13/2020,01:36,2.86,2.86,2.86,2.86, 5000
02/13/2020,01:37,2.87,2.87,2.87,2.87, 3183
02/13/2020,01:41,2.86,2.86,2.86,2.86, 2707
02/13/2020,01:42,2.87,2.87,2.87,2.87, 1500
02/13/2020,01:42,2.86,2.86,2.86,2.86, 300
02/13/2020,01:48,2.87,2.87,2.86,2.86, 1506
02/13/2020,01:50,2.86,2.86,2.86,2.86, 996
02/13/2020,01:51,2.87,2.87,2.86,2.86, 810
02/13/2020,01:57,2.865,2.88,2.86,2.87, 12074
02/13/2020,01:58,2.87,2.875,2.87,2.87, 6012
02/13/2020,01:59,2.87,2.89,2.87,2.88, 5895
02/13/2020,02:00,2.87,2.87,2.87,2.87, 930
02/13/2020,02:06,2.87,2.87,2.87,2.87, 1170
02/13/2020,02:10,2.87,2.87,2.87,2.87, 40
02/13/2020,02:12,2.87,2.875,2.87,2.875, 4175
02/13/2020,02:15,2.87,2.88,2.87,2.87, 4365
02/13/2020,02:20,2.88,2.88,2.87,2.87, 5856
02/13/2020,02:25,2.875,2.875,2.87,2.87, 163
02/13/2020,02:26,2.87,2.875,2.86,2.86, 5891
02/13/2020,02:29,2.86,2.86,2.86,2.86, 330
02/13/2020,02:32,2.855,2.86,2.855,2.86, 867
02/13/2020,02:41,2.85,2.855,2.85,2.85, 11929
02/13/2020,02:44,2.84,2.84,2.84,2.84, 184
02/13/2020,02:45,2.85,2.85,2.85,2.85, 108
02/13/2020,02:46,2.85,2.86,2.85,2.85, 7477
02/13/2020,02:47,2.85,2.85,2.85,2.85, 288
02/13/2020,02:50,2.85,2.85,2.85,2.85, 168
02/13/2020,02:51,2.85,2.85,2.85,2.85, 306
02/13/2020,02:52,2.85,2.85,2.85,2.85, 1907
02/13/2020,02:56,2.85,2.86,2.85,2.86, 2476
02/13/2020,02:59,2.86,2.86,2.86,2.86, 115
02/13/2020,03:00,2.85,2.85,2.85,2.85, 1189
02/13/2020,03:01,2.86,2.86,2.85,2.85, 2140
02/13/2020,03:05,2.86,2.86,2.86,2.86, 631
02/13/2020,03:09,2.86,2.86,2.86,2.86, 3531
02/13/2020,03:16,2.86,2.86,2.86,2.86, 4009
02/13/2020,03:18,2.87,2.88,2.87,2.88, 5217
02/13/2020,03:19,2.87,2.87,2.87,2.87, 338
02/13/2020,03:21,2.88,2.88,2.88,2.88, 269
02/13/2020,03:23,2.88,2.88,2.88,2.88, 263
02/13/2020,03:24,2.87,2.88,2.87,2.88, 4301
02/13/2020,03:28,2.87,2.87,2.87,2.87, 4
02/13/2020,03:30,2.87,2.875,2.86,2.86, 7511
02/13/2020,03:33,2.87,2.88,2.86,2.86, 14530
02/13/2020,03:42,2.865,2.865,2.865,2.865, 48
02/13/2020,03:46,2.865,2.87,2.86,2.86, 6870
02/13/2020,03:53,2.85,2.85,2.845,2.845, 4853
02/13/2020,03:54,2.84,2.84,2.84,2.84, 180
02/13/2020,03:55,2.845,2.85,2.845,2.85, 2481
02/13/2020,03:56,2.845,2.85,2.845,2.85, 3922
02/13/2020,03:58,2.85,2.86,2.85,2.86, 3601
02/13/2020,03:59,2.85,2.85,2.85,2.85, 4064
02/13/2020,04:10,2.84,2.84,2.83,2.83, 5189
02/13/2020,04:14,2.835,2.835,2.835,2.835, 1659
02/13/2020,04:15,2.835,2.84,2.835,2.84, 2892
02/13/2020,04:16,2.835,2.84,2.835,2.84, 10383
02/13/2020,04:30,2.845,2.85,2.845,2.85, 3000
02/13/2020,04:32,2.845,2.85,2.845,2.845, 5515
02/13/2020,04:33,2.845,2.845,2.845,2.845, 4986
02/13/2020,04:34,2.845,2.845,2.845,2.845, 14
02/13/2020,04:38,2.845,2.85,2.845,2.85, 2916
02/13/2020,04:40,2.845,2.85,2.845,2.85, 5270
02/13/2020,04:42,2.855,2.86,2.855,2.86, 5281
02/13/2020,04:50,2.855,2.855,2.855,2.855, 698
02/13/2020,04:52,2.85,2.85,2.85,2.85, 8135
02/13/2020,04:57,2.84,2.84,2.84,2.84, 170
02/13/2020,04:59,2.845,2.88,2.845,2.88, 11985
02/13/2020,05:03,2.855,2.855,2.855,2.855, 806
02/13/2020,05:06,2.85,2.86,2.85,2.855, 7885
02/13/2020,05:09,2.855,2.86,2.855,2.86, 2198
02/13/2020,05:11,2.865,2.865,2.865,2.865, 882
02/13/2020,05:14,2.865,2.865,2.865,2.865, 901
02/13/2020,05:18,2.86,2.86,2.855,2.86, 4800
02/13/2020,05:21,2.855,2.86,2.855,2.86, 7241
02/13/2020,05:21,2.86,2.86,2.86,2.86, 2489
02/13/2020,05:23,2.855,2.86,2.855,2.86, 4806
02/13/2020,05:27,2.86,2.86,2.86,2.86, 725
02/13/2020,05:33,2.86,2.86,2.86,2.86, 1067
02/13/2020,05:39,2.86,2.87,2.86,2.87, 1006
02/13/2020,05:40,2.85,2.85,2.85,2.85, 3651
02/13/2020,05:42,2.855,2.855,2.85,2.85, 2986
02/13/2020,05:43,2.85,2.85,2.85,2.85, 151
02/13/2020,05:46,2.855,2.86,2.855,2.86, 936
02/13/2020,05:51,2.855,2.855,2.855,2.855, 1213
02/13/2020,05:55,2.855,2.86,2.855,2.86, 1302
02/13/2020,05:59,2.855,2.855,2.855,2.855, 944
02/13/2020,06:03,2.855,2.86,2.855,2.855, 985
02/13/2020,06:04,2.855,2.87,2.85,2.865, 8655
02/13/2020,06:05,2.865,2.865,2.86,2.865, 46
02/13/2020,06:06,2.865,2.865,2.865,2.865, 1112
02/13/2020,06:10,2.865,2.865,2.865,2.865, 1459
02/13/2020,06:11,2.865,2.87,2.865,2.87, 1750
02/13/2020,06:14,2.87,2.87,2.865,2.865, 1390
02/13/2020,06:15,2.865,2.865,2.86,2.86, 112
02/13/2020,06:17,2.87,2.87,2.87,2.87, 1904
02/13/2020,06:19,2.86,2.87,2.86,2.87, 1373
02/13/2020,06:20,2.87,2.88,2.87,2.88, 678
02/13/2020,06:31,2.87,2.87,2.87,2.87, 9629
02/14/2020,00:27,2.86,2.86,2.86,2.86, 27725
02/14/2020,00:29,2.87,2.87,2.86,2.86, 2527
02/14/2020,00:30,2.865,2.865,2.86,2.86, 4990
02/14/2020,00:31,2.86,2.86,2.86,2.86, 9153
02/14/2020,00:33,2.86,2.87,2.86,2.87, 3612
02/14/2020,00:35,2.86,2.86,2.86,2.86, 1957
02/14/2020,00:44,2.85,2.85,2.84,2.84, 31298
02/14/2020,00:47,2.83,2.84,2.83,2.84, 7122
02/14/2020,00:52,2.84,2.84,2.84,2.84, 6957
02/14/2020,01:01,2.83,2.84,2.83,2.84, 13197
02/14/2020,01:02,2.83,2.83,2.83,2.83, 121
02/14/2020,01:06,2.84,2.84,2.84,2.84, 1042
02/14/2020,01:07,2.84,2.84,2.83,2.84, 3144
02/14/2020,01:08,2.84,2.84,2.84,2.84, 3504
02/14/2020,01:13,2.84,2.84,2.83,2.83, 4987
02/14/2020,01:14,2.84,2.85,2.84,2.84, 9888
02/14/2020,01:15,2.84,2.84,2.84,2.84, 816
02/14/2020,01:24,2.83,2.83,2.83,2.83, 2036
02/14/2020,01:26,2.83,2.83,2.83,2.83, 2075
02/14/2020,01:30,2.83,2.83,2.83,2.83, 1479
02/14/2020,01:32,2.83,2.83,2.83,2.83, 2255
02/14/2020,01:35,2.82,2.82,2.82,2.82, 698
02/14/2020,01:37,2.82,2.82,2.82,2.82, 4482
02/14/2020,01:39,2.82,2.82,2.82,2.82, 2260
02/14/2020,01:42,2.82,2.82,2.82,2.82, 1451
02/14/2020,01:45,2.82,2.83,2.82,2.83, 2879
02/14/2020,01:48,2.83,2.83,2.83,2.83, 1770
02/14/2020,01:51,2.82,2.82,2.82,2.82, 4819
02/14/2020,01:52,2.81,2.81,2.81,2.81, 1103
02/14/2020,01:56,2.81,2.81,2.81,2.81, 1354
02/14/2020,01:57,2.81,2.81,2.81,2.81, 1816
02/14/2020,02:01,2.81,2.82,2.81,2.82, 5932
02/14/2020,02:03,2.83,2.83,2.83,2.83, 7328
02/14/2020,02:09,2.82,2.82,2.82,2.82, 443
02/14/2020,02:10,2.825,2.825,2.82,2.82, 4671
02/14/2020,02:11,2.81,2.81,2.81,2.81, 952
02/14/2020,02:14,2.81,2.81,2.81,2.81, 818
02/14/2020,02:16,2.81,2.81,2.81,2.81, 1500
02/14/2020,02:18,2.81,2.81,2.81,2.81, 930
02/14/2020,02:22,2.81,2.81,2.8,2.8, 945
02/14/2020,02:25,2.81,2.81,2.81,2.81, 410
02/14/2020,02:29,2.81,2.81,2.81,2.81, 779
02/14/2020,02:31,2.8,2.8,2.8,2.8, 1038
02/14/2020,02:34,2.81,2.81,2.81,2.81, 2303
02/14/2020,02:35,2.815,2.82,2.815,2.82, 4545
02/14/2020,02:36,2.81,2.81,2.81,2.81, 957
02/14/2020,02:39,2.82,2.82,2.82,2.82, 2710
02/14/2020,02:40,2.82,2.82,2.82,2.82, 559
02/14/2020,02:41,2.82,2.82,2.82,2.82, 961
02/14/2020,02:48,2.81,2.81,2.81,2.81, 1557
02/14/2020,02:50,2.815,2.82,2.815,2.82, 3546
02/14/2020,02:54,2.81,2.81,2.81,2.81, 1610
02/14/2020,02:56,2.815,2.82,2.815,2.82, 7697
02/14/2020,02:58,2.825,2.83,2.825,2.83, 3000
02/14/2020,03:01,2.82,2.82,2.82,2.82, 1764
02/14/2020,03:08,2.82,2.82,2.82,2.82, 1232
02/14/2020,03:09,2.83,2.83,2.83,2.83, 6120
02/14/2020,03:16,2.84,2.84,2.84,2.84, 6000
02/14/2020,03:26,2.83,2.83,2.83,2.83, 1914
02/14/2020,03:27,2.83,2.83,2.83,2.83, 14169
02/14/2020,03:28,2.82,2.82,2.82,2.82, 12245
02/14/2020,03:33,2.81,2.81,2.81,2.81, 381
02/14/2020,03:35,2.81,2.81,2.81,2.81, 379
02/14/2020,03:39,2.815,2.82,2.815,2.82, 4779
02/14/2020,03:41,2.81,2.81,2.81,2.81, 1021
02/14/2020,03:48,2.81,2.81,2.81,2.81, 4292
02/14/2020,03:52,2.8,2.8,2.8,2.8, 932
02/14/2020,03:55,2.8,2.8,2.8,2.8, 732
02/14/2020,04:00,2.8,2.8,2.8,2.8, 1318
02/14/2020,04:05,2.8,2.8,2.8,2.8, 1061
02/14/2020,04:08,2.8,2.8,2.8,2.8, 1362
02/14/2020,04:11,2.8,2.8,2.8,2.8, 1091
02/14/2020,04:12,2.8,2.8,2.8,2.8, 1
02/14/2020,04:13,2.805,2.81,2.805,2.81, 13146
02/14/2020,04:18,2.805,2.805,2.805,2.805, 1600
02/14/2020,04:19,2.8,2.8,2.8,2.8, 1216
02/14/2020,04:20,2.8,2.8,2.8,2.8, 280
02/14/2020,04:21,2.805,2.81,2.8,2.8, 4302
02/14/2020,04:25,2.805,2.805,2.8,2.8, 2265
02/14/2020,04:29,2.805,2.81,2.805,2.81, 5000
02/14/2020,04:31,2.8,2.8,2.8,2.8, 1134
02/14/2020,04:32,2.8,2.8,2.8,2.8, 592
02/14/2020,04:34,2.8,2.8,2.8,2.8, 1195
02/14/2020,04:38,2.805,2.81,2.805,2.81, 2302
02/14/2020,04:40,2.8,2.8,2.8,2.8, 1168
02/14/2020,04:47,2.8,2.8,2.8,2.8, 984
02/14/2020,04:48,2.805,2.805,2.805,2.805, 1722
02/14/2020,04:51,2.8,2.8,2.8,2.8, 1025
02/14/2020,04:52,2.8,2.8,2.8,2.8, 1009
02/14/2020,04:57,2.81,2.81,2.81,2.81, 4847
02/14/2020,05:01,2.81,2.82,2.81,2.82, 4502
02/14/2020,05:03,2.815,2.82,2.815,2.82, 3500
02/14/2020,05:05,2.81,2.81,2.8,2.8, 18390
02/14/2020,05:10,2.8,2.81,2.8,2.81, 4379
02/14/2020,05:11,2.805,2.81,2.805,2.81, 5803
02/14/2020,05:16,2.815,2.815,2.81,2.81, 2859
02/14/2020,05:20,2.805,2.81,2.805,2.81, 20623
02/14/2020,05:27,2.81,2.81,2.81,2.81, 936
02/14/2020,05:31,2.81,2.81,2.81,2.81, 366
02/14/2020,05:32,2.815,2.82,2.815,2.82, 2439
02/14/2020,05:33,2.81,2.81,2.81,2.81, 1049
02/14/2020,05:34,2.81,2.81,2.81,2.81, 957
02/14/2020,05:37,2.81,2.81,2.81,2.81, 364
02/14/2020,05:39,2.81,2.81,2.81,2.81, 1170
02/14/2020,05:41,2.81,2.81,2.81,2.81, 1502
02/14/2020,05:42,2.81,2.81,2.81,2.81, 1376
02/14/2020,05:45,2.815,2.815,2.81,2.81, 5691
02/14/2020,05:46,2.81,2.81,2.81,2.81, 1092
02/14/2020,05:49,2.81,2.81,2.81,2.81, 359
02/14/2020,05:50,2.81,2.81,2.81,2.81, 808
02/14/2020,05:51,2.81,2.84,2.81,2.815, 15228
02/14/2020,05:52,2.815,2.815,2.815,2.815, 2012
02/14/2020,05:53,2.815,2.815,2.815,2.815, 9473
02/14/2020,05:54,2.815,2.815,2.815,2.815, 1550
02/14/2020,05:55,2.815,2.82,2.815,2.82, 3402
02/14/2020,05:57,2.81,2.81,2.81,2.81, 1119
02/14/2020,06:01,2.81,2.815,2.81,2.815, 2730
02/14/2020,06:02,2.815,2.815,2.815,2.815, 19
02/14/2020,06:03,2.815,2.815,2.815,2.815, 18
02/14/2020,06:04,2.815,2.815,2.81,2.815, 382
02/14/2020,06:05,2.815,2.815,2.81,2.815, 1085
02/14/2020,06:07,2.81,2.81,2.81,2.81, 356
02/14/2020,06:09,2.81,2.81,2.81,2.81, 1733
02/14/2020,06:10,2.815,2.815,2.81,2.81, 5629
02/14/2020,06:12,2.8,2.805,2.8,2.805, 411
02/14/2020,06:13,2.805,2.805,2.805,2.805, 11
02/14/2020,06:14,2.81,2.81,2.805,2.805, 8456
02/14/2020,06:15,2.805,2.805,2.8,2.8, 35113
02/14/2020,06:18,2.79,2.8,2.79,2.8, 5703
02/14/2020,06:19,2.79,2.79,2.79,2.79, 2356
02/14/2020,06:20,2.79,2.79,2.79,2.79, 1858
02/14/2020,06:20,2.79,2.79,2.79,2.79, 119
02/14/2020,06:31,2.79,2.79,2.79,2.79, 33652
02/17/2020,00:27,2.83,2.84,2.83,2.84, 10619
02/17/2020,00:31,2.85,2.86,2.85,2.86, 10026
02/17/2020,00:33,2.85,2.85,2.84,2.84, 16167
02/17/2020,00:36,2.84,2.84,2.84,2.84, 4315
02/17/2020,00:44,2.84,2.84,2.84,2.84, 824
02/17/2020,00:47,2.84,2.84,2.84,2.84, 2700
02/17/2020,00:58,2.83,2.83,2.825,2.825, 5104
02/17/2020,00:59,2.825,2.83,2.82,2.82, 1577
02/17/2020,01:00,2.825,2.825,2.82,2.82, 954
02/17/2020,01:04,2.82,2.83,2.82,2.83, 5293
02/17/2020,01:11,2.82,2.82,2.82,2.82, 2112
02/17/2020,01:22,2.82,2.82,2.82,2.82, 4681
02/17/2020,01:31,2.81,2.81,2.81,2.81, 1654
02/17/2020,01:35,2.82,2.82,2.82,2.82, 2560
02/17/2020,01:56,2.82,2.82,2.82,2.82, 1724
02/17/2020,01:57,2.83,2.83,2.83,2.83, 720
02/17/2020,02:04,2.82,2.82,2.82,2.82, 1321
02/17/2020,02:13,2.83,2.83,2.83,2.83, 7000
02/17/2020,02:18,2.83,2.83,2.83,2.83, 627
02/17/2020,02:23,2.83,2.84,2.83,2.84, 16037
02/17/2020,02:24,2.845,2.85,2.845,2.85, 5000
02/17/2020,02:31,2.84,2.84,2.84,2.84, 4785
02/17/2020,02:38,2.84,2.84,2.84,2.84, 227
02/17/2020,02:39,2.845,2.845,2.84,2.84, 8307
02/17/2020,02:41,2.835,2.84,2.835,2.84, 2655
02/17/2020,02:43,2.835,2.84,2.835,2.84, 3505
02/17/2020,02:48,2.84,2.84,2.835,2.84, 7706
02/17/2020,02:53,2.835,2.84,2.835,2.84, 4150
02/17/2020,02:54,2.835,2.84,2.835,2.835, 3818
02/17/2020,02:56,2.83,2.83,2.83,2.83, 1306
02/17/2020,03:26,2.83,2.83,2.83,2.83, 1658
02/17/2020,03:32,2.83,2.83,2.83,2.83, 11384
02/17/2020,03:37,2.83,2.83,2.83,2.83, 745
02/17/2020,03:48,2.83,2.83,2.83,2.83, 1427
02/17/2020,03:52,2.82,2.82,2.82,2.82, 1285
02/17/2020,03:54,2.83,2.83,2.83,2.83, 2000
02/17/2020,03:55,2.83,2.83,2.83,2.83, 4106
02/17/2020,03:56,2.83,2.83,2.83,2.83, 2573
02/17/2020,04:10,2.835,2.84,2.835,2.84, 1404
02/17/2020,04:12,2.84,2.84,2.84,2.84, 5404
02/17/2020,04:32,2.84,2.84,2.84,2.84, 8356
02/17/2020,04:33,2.83,2.83,2.83,2.83, 1644
02/17/2020,04:44,2.83,2.83,2.83,2.83, 1173
02/17/2020,04:49,2.835,2.84,2.835,2.84, 5310
02/17/2020,04:54,2.83,2.83,2.83,2.83, 574
02/17/2020,05:02,2.83,2.83,2.83,2.83, 4969
02/17/2020,05:13,2.82,2.83,2.82,2.83, 1698
02/17/2020,05:16,2.83,2.83,2.83,2.83, 4000
02/17/2020,05:38,2.82,2.82,2.82,2.82, 954
02/17/2020,05:38,2.82,2.82,2.82,2.82, 2994
02/17/2020,05:42,2.81,2.81,2.81,2.81, 1340
02/17/2020,05:51,2.81,2.81,2.81,2.81, 1391
02/17/2020,06:04,2.81,2.815,2.81,2.815, 1114
02/17/2020,06:05,2.815,2.815,2.815,2.815, 22
02/17/2020,06:09,2.82,2.82,2.82,2.82, 316
02/17/2020,06:14,2.81,2.815,2.81,2.815, 879
02/17/2020,06:15,2.815,2.815,2.815,2.815, 29
02/17/2020,06:18,2.81,2.81,2.81,2.81, 500
02/17/2020,06:19,2.81,2.82,2.81,2.82, 7700
02/17/2020,06:20,2.81,2.83,2.81,2.83, 218
02/17/2020,06:31,2.81,2.81,2.81,2.81, 2781
02/18/2020,00:29,2.84,2.84,2.84,2.84, 2697
02/18/2020,00:30,2.83,2.83,2.83,2.83, 4954
02/18/2020,00:31,2.82,2.82,2.82,2.82, 7968
02/18/2020,00:37,2.81,2.81,2.81,2.81, 2957
02/18/2020,00:38,2.83,2.83,2.83,2.83, 870
02/18/2020,00:52,2.83,2.83,2.82,2.82, 3200
02/18/2020,00:53,2.82,2.82,2.82,2.82, 140
02/18/2020,00:58,2.82,2.83,2.82,2.82, 16
02/18/2020,00:59,2.81,2.82,2.81,2.82, 7216
02/18/2020,01:01,2.82,2.82,2.82,2.82, 237
02/18/2020,01:19,2.81,2.81,2.81,2.81, 116
02/18/2020,01:20,2.81,2.81,2.81,2.81, 39
02/18/2020,01:23,2.81,2.81,2.81,2.81, 102
02/18/2020,01:24,2.8,2.8,2.8,2.8, 3000
02/18/2020,01:26,2.8,2.8,2.8,2.8, 14701
02/18/2020,01:27,2.8,2.8,2.8,2.8, 1976
02/18/2020,01:29,2.8,2.8,2.8,2.8, 180
02/18/2020,01:34,2.8,2.8,2.8,2.8, 4437
02/18/2020,01:34,2.8,2.8,2.8,2.8, 36
02/18/2020,01:39,2.8,2.8,2.79,2.79, 21585
02/18/2020,01:54,2.79,2.79,2.79,2.79, 6080
02/18/2020,01:55,2.8,2.8,2.8,2.8, 212
02/18/2020,02:09,2.8,2.8,2.8,2.8, 252
02/18/2020,02:22,2.79,2.79,2.79,2.79, 9404
02/18/2020,02:25,2.79,2.79,2.79,2.79, 3253
02/18/2020,02:29,2.79,2.79,2.79,2.79, 2833
02/18/2020,02:34,2.79,2.79,2.79,2.79, 440
02/18/2020,02:48,2.79,2.79,2.79,2.79, 4102
02/18/2020,02:49,2.8,2.8,2.8,2.8, 3828
02/18/2020,03:00,2.8,2.8,2.8,2.8, 1500
02/18/2020,03:02,2.8,2.8,2.8,2.8, 2372
02/18/2020,03:02,2.8,2.8,2.8,2.8, 2843
02/18/2020,03:21,2.8,2.8,2.8,2.8, 25
02/18/2020,03:24,2.795,2.795,2.795,2.795, 15830
02/18/2020,03:25,2.8,2.8,2.8,2.8, 34
02/18/2020,03:26,2.8,2.81,2.8,2.81, 8143
02/18/2020,03:30,2.81,2.81,2.8,2.8, 3050
02/18/2020,03:46,2.81,2.81,2.81,2.81, 33
02/18/2020,03:53,2.82,2.82,2.82,2.82, 51
02/18/2020,04:06,2.82,2.82,2.82,2.82, 36
02/18/2020,04:17,2.82,2.82,2.82,2.82, 80
02/18/2020,04:21,2.82,2.82,2.82,2.82, 1962
02/18/2020,04:26,2.82,2.82,2.82,2.82, 68
02/18/2020,04:29,2.82,2.82,2.82,2.82, 22
02/18/2020,04:37,2.81,2.81,2.81,2.81, 5000
02/18/2020,04:41,2.81,2.81,2.81,2.81, 5934
02/18/2020,04:43,2.8,2.8,2.8,2.8, 3318
02/18/2020,04:45,2.81,2.81,2.81,2.81, 215
02/18/2020,04:50,2.81,2.81,2.81,2.81, 139
02/18/2020,05:04,2.81,2.81,2.81,2.81, 29
02/18/2020,05:05,2.81,2.81,2.81,2.81, 2415
02/18/2020,05:09,2.8,2.8,2.8,2.8, 1199
02/18/2020,05:14,2.81,2.81,2.81,2.81, 36
02/18/2020,05:24,2.8,2.8,2.78,2.78, 17800
02/18/2020,05:55,2.8,2.8,2.8,2.8, 31
02/18/2020,06:02,2.8,2.8,2.795,2.795, 9
02/18/2020,06:03,2.795,2.795,2.795,2.795, 3
02/18/2020,06:04,2.795,2.795,2.795,2.795, 685
02/18/2020,06:05,2.795,2.795,2.795,2.795, 2
02/18/2020,06:07,2.8,2.8,2.8,2.8, 131
02/18/2020,06:08,2.8,2.8,2.8,2.8, 95
02/18/2020,06:09,2.8,2.8,2.8,2.8, 158
02/18/2020,06:10,2.8,2.8,2.8,2.8, 97
02/18/2020,06:11,2.8,2.8,2.795,2.795, 6598
02/18/2020,06:12,2.795,2.795,2.795,2.795, 6
02/18/2020,06:13,2.795,2.8,2.795,2.795, 38
02/18/2020,06:14,2.795,2.8,2.795,2.795, 106
02/18/2020,06:15,2.795,2.8,2.795,2.8, 279
02/18/2020,06:16,2.8,2.8,2.8,2.8, 142
02/18/2020,06:17,2.8,2.8,2.8,2.8, 211
02/18/2020,06:19,2.8,2.8,2.8,2.8, 137
02/18/2020,06:20,2.8,2.8,2.795,2.795, 497
02/18/2020,06:31,2.78,2.78,2.78,2.78, 3368
02/19/2020,00:28,2.85,2.9,2.85,2.87, 48004
02/19/2020,00:29,2.86,2.87,2.86,2.87, 4846
02/19/2020,00:31,2.87,2.88,2.87,2.88, 15732
02/19/2020,00:32,2.87,2.89,2.87,2.89, 3028
02/19/2020,00:33,2.88,2.89,2.88,2.89, 1286
02/19/2020,00:34,2.89,2.89,2.88,2.88, 7238
02/19/2020,00:35,2.87,2.87,2.87,2.87, 28
02/19/2020,00:36,2.88,2.88,2.88,2.88, 1704
02/19/2020,00:37,2.88,2.88,2.88,2.88, 1000
02/19/2020,00:38,2.88,2.89,2.88,2.89, 281
02/19/2020,00:39,2.89,2.89,2.89,2.89, 1715
02/19/2020,00:40,2.9,2.9,2.9,2.9, 3454
02/19/2020,00:41,2.9,2.9,2.89,2.9, 7113
02/19/2020,00:42,2.91,2.91,2.91,2.91, 3800
02/19/2020,00:44,2.91,2.91,2.91,2.91, 2031
02/19/2020,00:45,2.91,2.91,2.91,2.91, 1987
02/19/2020,00:46,2.9,2.9,2.88,2.9, 6926
02/19/2020,00:47,2.91,2.91,2.89,2.89, 29278
02/19/2020,00:48,2.91,2.91,2.91,2.91, 13
02/19/2020,00:50,2.9,2.9,2.89,2.89, 4286
02/19/2020,00:51,2.89,2.89,2.89,2.89, 493
02/19/2020,00:53,2.88,2.88,2.88,2.88, 3045
02/19/2020,00:54,2.87,2.87,2.87,2.87, 1123
02/19/2020,00:56,2.87,2.87,2.86,2.86, 4421
02/19/2020,00:57,2.87,2.88,2.87,2.88, 2040
02/19/2020,00:58,2.87,2.88,2.87,2.87, 4155
02/19/2020,00:59,2.87,2.87,2.87,2.87, 9751
02/19/2020,01:01,2.865,2.865,2.865,2.865, 2044
02/19/2020,01:02,2.865,2.865,2.86,2.86, 2903
02/19/2020,01:03,2.87,2.87,2.87,2.87, 1624
02/19/2020,01:04,2.86,2.86,2.86,2.86, 27
02/19/2020,01:07,2.86,2.86,2.86,2.86, 27
02/19/2020,01:08,2.87,2.87,2.87,2.87, 1172
02/19/2020,01:11,2.86,2.86,2.86,2.86, 27
02/19/2020,01:12,2.88,2.88,2.88,2.88, 6708
02/19/2020,01:12,2.88,2.88,2.88,2.88, 31
02/19/2020,01:15,2.88,2.88,2.88,2.88, 31
02/19/2020,01:18,2.88,2.88,2.88,2.88, 3
02/19/2020,01:19,2.88,2.88,2.88,2.88, 32
02/19/2020,01:23,2.88,2.88,2.88,2.88, 35
02/19/2020,01:23,2.88,2.88,2.88,2.88, 1003
02/19/2020,01:25,2.88,2.88,2.88,2.88, 6184
02/19/2020,01:26,2.88,2.88,2.88,2.88, 61
02/19/2020,01:28,2.88,2.88,2.88,2.88, 751
02/19/2020,01:31,2.885,2.885,2.88,2.88, 2249
02/19/2020,01:32,2.88,2.88,2.88,2.88, 7307
02/19/2020,01:33,2.88,2.88,2.88,2.88, 2070
02/19/2020,01:33,2.885,2.885,2.885,2.885, 26
02/19/2020,01:34,2.88,2.88,2.88,2.88, 3739
02/19/2020,01:37,2.875,2.875,2.875,2.875, 29
02/19/2020,01:40,2.875,2.875,2.875,2.875, 24
02/19/2020,01:41,2.88,2.88,2.88,2.88, 648
02/19/2020,01:44,2.875,2.875,2.875,2.875, 25
02/19/2020,01:45,2.88,2.88,2.88,2.88, 9983
02/19/2020,01:47,2.885,2.885,2.885,2.885, 27
02/19/2020,01:50,2.885,2.885,2.885,2.885, 30
02/19/2020,01:54,2.885,2.885,2.885,2.885, 23
02/19/2020,01:57,2.885,2.885,2.885,2.885, 3721
02/19/2020,01:59,2.885,2.885,2.885,2.885, 25
02/19/2020,02:03,2.885,2.885,2.885,2.885, 2024
02/19/2020,02:05,2.885,2.885,2.885,2.885, 2809
02/19/2020,02:07,2.885,2.885,2.885,2.885, 12026
02/19/2020,02:08,2.885,2.885,2.885,2.885, 1068
02/19/2020,02:10,2.885,2.885,2.885,2.885, 26
02/19/2020,02:15,2.885,2.885,2.885,2.885, 31
02/19/2020,02:19,2.88,2.88,2.88,2.88, 2080
02/19/2020,02:20,2.885,2.89,2.885,2.89, 4405
02/19/2020,02:22,2.9,2.9,2.895,2.895, 4750
02/19/2020,02:24,2.895,2.895,2.895,2.895, 24
02/19/2020,02:26,2.89,2.89,2.89,2.89, 368
02/19/2020,02:27,2.89,2.89,2.88,2.885, 5524
02/19/2020,02:28,2.88,2.885,2.88,2.885, 1926
02/19/2020,02:30,2.88,2.88,2.88,2.88, 2429
02/19/2020,02:31,2.88,2.88,2.88,2.88, 21119
02/19/2020,02:33,2.88,2.885,2.88,2.88, 4165
02/19/2020,02:35,2.885,2.885,2.885,2.885, 4100
02/19/2020,02:36,2.885,2.885,2.88,2.88, 9383
02/19/2020,02:39,2.885,2.885,2.885,2.885, 29
02/19/2020,02:42,2.885,2.89,2.885,2.89, 4479
02/19/2020,02:43,2.885,2.885,2.885,2.885, 22
02/19/2020,02:46,2.885,2.885,2.885,2.885, 32
02/19/2020,02:47,2.885,2.885,2.885,2.885, 340
02/19/2020,02:48,2.885,2.885,2.885,2.885, 2001
02/19/2020,02:52,2.885,2.885,2.885,2.885, 32
02/19/2020,02:59,2.88,2.88,2.88,2.88, 7616
02/19/2020,03:00,2.885,2.885,2.885,2.885, 25
02/19/2020,03:03,2.88,2.88,2.88,2.88, 8000
02/19/2020,03:05,2.885,2.885,2.885,2.885, 28
02/19/2020,03:06,2.885,2.885,2.885,2.885, 2934
02/19/2020,03:09,2.88,2.88,2.88,2.88, 6974
02/19/2020,03:10,2.88,2.88,2.88,2.88, 547
02/19/2020,03:11,2.885,2.885,2.88,2.88, 16363
02/19/2020,03:12,2.88,2.88,2.88,2.88, 5133
02/19/2020,03:16,2.885,2.885,2.885,2.885, 26
02/19/2020,03:17,2.885,2.885,2.88,2.88, 4002
02/19/2020,03:19,2.88,2.88,2.88,2.88, 1350
02/19/2020,03:19,2.88,2.88,2.88,2.88, 4297
02/19/2020,03:21,2.875,2.875,2.875,2.875, 29
02/19/2020,03:28,2.875,2.875,2.875,2.875, 27
02/19/2020,03:34,2.875,2.875,2.875,2.875, 25
02/19/2020,03:38,2.87,2.87,2.87,2.87, 6770
02/19/2020,03:41,2.865,2.865,2.865,2.865, 25
02/19/2020,03:46,2.865,2.865,2.865,2.865, 29
02/19/2020,03:52,2.87,2.87,2.87,2.87, 680
02/19/2020,03:53,2.865,2.865,2.865,2.865, 26
02/19/2020,04:02,2.865,2.87,2.865,2.87, 855
02/19/2020,04:05,2.87,2.87,2.87,2.87, 600
02/19/2020,04:08,2.87,2.87,2.865,2.865, 496
02/19/2020,04:09,2.86,2.86,2.86,2.86, 1591
02/19/2020,04:12,2.87,2.87,2.87,2.87, 580
02/19/2020,04:13,2.865,2.865,2.865,2.865, 23
02/19/2020,04:16,2.87,2.87,2.87,2.87, 513
02/19/2020,04:17,2.865,2.865,2.865,2.865, 23
02/19/2020,04:21,2.87,2.87,2.87,2.87, 7047
02/19/2020,04:22,2.875,2.875,2.875,2.875, 30
02/19/2020,04:24,2.875,2.875,2.87,2.87, 122
02/19/2020,04:27,2.875,2.88,2.875,2.88, 876
02/19/2020,04:31,2.875,2.875,2.875,2.875, 23
02/19/2020,04:36,2.88,2.88,2.875,2.875, 5029
02/19/2020,04:40,2.88,2.88,2.88,2.88, 1087
02/19/2020,04:41,2.88,2.88,2.875,2.875, 222
02/19/2020,04:45,2.875,2.875,2.875,2.875, 23
02/19/2020,04:49,2.875,2.88,2.875,2.88, 4729
02/19/2020,04:49,2.88,2.88,2.88,2.88, 93
02/19/2020,04:55,2.88,2.88,2.875,2.875, 458
02/19/2020,04:56,2.88,2.88,2.88,2.88, 320
02/19/2020,04:58,2.88,2.885,2.88,2.885, 7538
02/19/2020,04:59,2.885,2.885,2.88,2.88, 4337
02/19/2020,05:00,2.87,2.87,2.87,2.87, 1702
02/19/2020,05:01,2.875,2.875,2.875,2.875, 25
02/19/2020,05:02,2.88,2.88,2.88,2.88, 1919
02/19/2020,05:07,2.875,2.875,2.875,2.875, 22
02/19/2020,05:08,2.88,2.88,2.88,2.88, 1328
02/19/2020,05:12,2.88,2.88,2.88,2.88, 943
02/19/2020,05:13,2.875,2.875,2.875,2.875, 30
02/19/2020,05:15,2.88,2.88,2.88,2.88, 675
02/19/2020,05:18,2.88,2.88,2.88,2.88, 654
02/19/2020,05:20,2.88,2.88,2.88,2.88, 476
02/19/2020,05:21,2.875,2.875,2.875,2.875, 22
02/19/2020,05:23,2.875,2.875,2.87,2.87, 153
02/19/2020,05:24,2.88,2.88,2.88,2.88, 922
02/19/2020,05:28,2.875,2.875,2.875,2.875, 21
02/19/2020,05:29,2.87,2.875,2.87,2.87, 8227
02/19/2020,05:30,2.875,2.875,2.875,2.875, 100
02/19/2020,05:31,2.87,2.87,2.87,2.87, 1000
02/19/2020,05:32,2.87,2.87,2.87,2.87, 161
02/19/2020,05:33,2.865,2.865,2.865,2.865, 28
02/19/2020,05:35,2.86,2.86,2.86,2.86, 6035
02/19/2020,05:36,2.86,2.86,2.86,2.86, 3000
02/19/2020,05:38,2.865,2.865,2.865,2.865, 20
02/19/2020,05:40,2.86,2.86,2.86,2.86, 5000
02/19/2020,05:41,2.86,2.86,2.86,2.86, 5000
02/19/2020,05:42,2.86,2.865,2.86,2.86, 9031
02/19/2020,05:43,2.86,2.86,2.86,2.86, 3095
02/19/2020,05:44,2.86,2.86,2.86,2.86, 5140
02/19/2020,05:45,2.86,2.86,2.86,2.86, 7871
02/19/2020,05:46,2.85,2.86,2.85,2.85, 11026
02/19/2020,05:47,2.85,2.85,2.85,2.85, 5000
02/19/2020,05:48,2.855,2.855,2.85,2.85, 1879
02/19/2020,05:49,2.85,2.85,2.85,2.85, 3000
02/19/2020,05:50,2.85,2.85,2.85,2.85, 7000
02/19/2020,05:51,2.85,2.855,2.85,2.855, 5024
02/19/2020,05:52,2.85,2.85,2.85,2.85, 14767
02/19/2020,05:53,2.85,2.85,2.85,2.85, 2500
02/19/2020,05:53,2.85,2.85,2.85,2.85, 2500
02/19/2020,05:56,2.855,2.855,2.855,2.855, 32
02/19/2020,05:57,2.855,2.86,2.855,2.86, 747
02/19/2020,05:58,2.855,2.855,2.85,2.85, 10000
02/19/2020,05:59,2.86,2.86,2.86,2.86, 7336
02/19/2020,06:01,2.855,2.855,2.855,2.855, 29
02/19/2020,06:04,2.86,2.865,2.86,2.865, 5037
02/19/2020,06:05,2.865,2.87,2.865,2.87, 1083
02/19/2020,06:08,2.87,2.88,2.865,2.88, 12594
02/19/2020,06:09,2.885,2.885,2.885,2.885, 302
02/19/2020,06:10,2.885,2.885,2.885,2.885, 490
02/19/2020,06:11,2.885,2.885,2.885,2.885, 320
02/19/2020,06:12,2.885,2.885,2.885,2.885, 507
02/19/2020,06:13,2.885,2.885,2.885,2.885, 354
02/19/2020,06:14,2.885,2.885,2.885,2.885, 9
02/19/2020,06:15,2.885,2.885,2.88,2.885, 13913
02/19/2020,06:16,2.88,2.88,2.88,2.88, 5406
02/19/2020,06:17,2.875,2.875,2.875,2.875, 23
02/19/2020,06:19,2.88,2.88,2.88,2.88, 1132
02/19/2020,06:20,2.87,2.88,2.87,2.88, 236
02/19/2020,06:31,2.89,2.89,2.89,2.89, 49321
02/20/2020,00:27,2.91,2.91,2.91,2.91, 392
02/20/2020,00:28,2.9,2.91,2.9,2.91, 3981
02/20/2020,00:28,2.91,2.91,2.91,2.91, 6
02/20/2020,00:30,2.9,2.92,2.9,2.92, 25000
02/20/2020,00:32,2.91,2.91,2.91,2.91, 11752
02/20/2020,00:34,2.92,2.92,2.92,2.92, 1290
02/20/2020,00:35,2.93,2.94,2.93,2.94, 4785
02/20/2020,00:36,2.94,2.94,2.91,2.93, 15399
02/20/2020,00:37,2.94,2.95,2.94,2.95, 11517
02/20/2020,00:38,2.95,2.95,2.94,2.94, 11525
02/20/2020,00:39,2.94,2.96,2.94,2.95, 14760
02/20/2020,00:41,2.94,2.95,2.93,2.93, 5621
02/20/2020,00:43,2.94,2.94,2.94,2.94, 4500
02/20/2020,00:43,2.94,2.94,2.94,2.94, 169
02/20/2020,00:46,2.94,2.94,2.94,2.94, 150
02/20/2020,00:47,2.93,2.93,2.92,2.92, 7147
02/20/2020,00:47,2.92,2.92,2.92,2.92, 1200
02/20/2020,00:49,2.92,2.92,2.92,2.92, 165
02/20/2020,00:51,2.92,2.92,2.92,2.92, 1352
02/20/2020,00:53,2.92,2.93,2.92,2.93, 5780
02/20/2020,00:54,2.93,2.93,2.93,2.93, 2370
02/20/2020,00:56,2.93,2.94,2.93,2.94, 18687
02/20/2020,00:58,2.93,2.93,2.93,2.93, 12496
02/20/2020,00:58,2.925,2.925,2.925,2.925, 214
02/20/2020,01:01,2.925,2.925,2.925,2.925, 278
02/20/2020,01:02,2.925,2.925,2.925,2.925, 1330
02/20/2020,01:03,2.925,2.93,2.925,2.93, 106
02/20/2020,01:11,2.925,2.925,2.925,2.925, 740
02/20/2020,01:12,2.92,2.92,2.92,2.92, 944
02/20/2020,01:13,2.925,2.93,2.925,2.93, 3484
02/20/2020,01:16,2.925,2.925,2.925,2.925, 334
02/20/2020,01:18,2.92,2.92,2.92,2.92, 3532
02/20/2020,01:31,2.92,2.93,2.92,2.93, 13764
02/20/2020,01:33,2.92,2.92,2.88,2.915, 8964
02/20/2020,01:38,2.91,2.91,2.91,2.91, 1268
02/20/2020,01:39,2.9,2.9,2.9,2.9, 70
02/20/2020,01:43,2.9,2.91,2.9,2.91, 1689
02/20/2020,01:44,2.9,2.9,2.89,2.89, 7285
02/20/2020,01:46,2.9,2.9,2.89,2.89, 5495
02/20/2020,01:49,2.9,2.9,2.9,2.9, 92
02/20/2020,01:50,2.9,2.9,2.9,2.9, 1400
02/20/2020,01:52,2.9,2.9,2.9,2.9, 5312
02/20/2020,01:57,2.9,2.9,2.9,2.9, 566
02/20/2020,02:00,2.9,2.91,2.9,2.91, 1971
02/20/2020,02:04,2.91,2.91,2.91,2.91, 242
02/20/2020,02:05,2.91,2.91,2.9,2.9, 5802
02/20/2020,02:09,2.91,2.91,2.91,2.91, 5130
02/20/2020,02:19,2.91,2.91,2.91,2.91, 406
02/20/2020,02:20,2.9,2.9,2.9,2.9, 1014
02/20/2020,02:24,2.9,2.91,2.9,2.91, 6608
02/20/2020,02:27,2.9,2.9,2.9,2.9, 9302
02/20/2020,02:28,2.89,2.89,2.89,2.89, 111
02/20/2020,02:29,2.89,2.89,2.89,2.89, 4346
02/20/2020,02:33,2.9,2.9,2.9,2.9, 121
02/20/2020,02:39,2.91,2.91,2.91,2.91, 209
02/20/2020,02:42,2.91,2.91,2.91,2.91, 518
02/20/2020,02:48,2.91,2.91,2.89,2.89, 3505
02/20/2020,02:50,2.9,2.9,2.9,2.9, 4089
02/20/2020,02:55,2.89,2.9,2.88,2.89, 4099
02/20/2020,03:02,2.89,2.89,2.89,2.89, 10
02/20/2020,03:16,2.9,2.9,2.9,2.9, 262
02/20/2020,03:29,2.9,2.91,2.9,2.91, 18613
02/20/2020,03:41,2.91,2.92,2.91,2.92, 7176
02/20/2020,03:45,2.91,2.91,2.91,2.91, 10279
02/20/2020,03:46,2.9,2.9,2.9,2.9, 547
02/20/2020,03:50,2.91,2.91,2.91,2.91, 322
02/20/2020,03:57,2.91,2.91,2.91,2.91, 268
02/20/2020,04:04,2.91,2.91,2.91,2.91, 499
02/20/2020,04:09,2.91,2.92,2.91,2.92, 660
02/20/2020,04:12,2.92,2.92,2.92,2.92, 171
02/20/2020,04:14,2.91,2.91,2.91,2.91, 91
02/20/2020,04:20,2.92,2.92,2.92,2.92, 725
02/20/2020,04:22,2.91,2.92,2.91,2.91, 8104
02/20/2020,04:26,2.92,2.92,2.92,2.92, 1249
02/20/2020,04:32,2.92,2.92,2.92,2.92, 274
02/20/2020,04:37,2.92,2.92,2.92,2.92, 432
02/20/2020,04:47,2.91,2.92,2.91,2.92, 911
02/20/2020,04:48,2.92,2.92,2.92,2.92, 3587
02/20/2020,04:50,2.92,2.92,2.92,2.92, 220
02/20/2020,04:53,2.92,2.92,2.92,2.92, 13459
02/20/2020,04:54,2.93,2.93,2.93,2.93, 73
02/20/2020,04:57,2.93,2.93,2.93,2.93, 119
02/20/2020,05:14,2.93,2.93,2.93,2.93, 1653
02/20/2020,05:15,2.93,2.93,2.93,2.93, 99
02/20/2020,05:21,2.93,2.93,2.93,2.93, 217
02/20/2020,05:21,2.93,2.93,2.93,2.93, 4339
02/20/2020,05:29,2.94,2.945,2.94,2.945, 16470
02/20/2020,05:30,2.94,2.94,2.94,2.94, 1512
02/20/2020,05:33,2.94,2.96,2.94,2.945, 14205
02/20/2020,05:35,2.94,2.94,2.93,2.93, 9876
02/20/2020,05:38,2.94,2.94,2.94,2.94, 222
02/20/2020,05:43,2.94,2.94,2.94,2.94, 68
02/20/2020,05:48,2.93,2.94,2.93,2.94, 5343
02/20/2020,05:52,2.94,2.94,2.94,2.94, 45
02/20/2020,05:58,2.94,2.94,2.94,2.94, 2354
02/20/2020,06:01,2.94,2.94,2.935,2.935, 215
02/20/2020,06:02,2.935,2.935,2.935,2.935, 7
02/20/2020,06:03,2.935,2.935,2.935,2.935, 8
02/20/2020,06:04,2.935,2.935,2.93,2.93, 3821
02/20/2020,06:05,2.93,2.94,2.93,2.94, 201
02/20/2020,06:07,2.94,2.94,2.94,2.94, 2044
02/20/2020,06:08,2.94,2.945,2.94,2.945, 7108
02/20/2020,06:09,2.945,2.95,2.945,2.95, 3000
02/20/2020,06:11,2.945,2.955,2.945,2.955, 5549
02/20/2020,06:12,2.955,2.955,2.955,2.955, 161
02/20/2020,06:13,2.955,2.955,2.955,2.955, 13
02/20/2020,06:14,2.955,2.955,2.955,2.955, 219
02/20/2020,06:15,2.955,2.955,2.955,2.955, 6
02/20/2020,06:17,2.95,2.955,2.95,2.955, 883
02/20/2020,06:19,2.955,2.96,2.955,2.955, 5133
02/20/2020,06:20,2.955,2.96,2.95,2.955, 16916
02/20/2020,06:20,2.95,2.95,2.92,2.92, 20000
02/20/2020,06:32,2.93,2.93,2.93,2.93, 6010
02/21/2020,00:28,2.88,2.88,2.86,2.86, 58470
02/21/2020,00:29,2.85,2.85,2.84,2.84, 14818
02/21/2020,00:30,2.84,2.84,2.82,2.82, 12793
02/21/2020,00:31,2.82,2.83,2.79,2.83, 23360
02/21/2020,00:33,2.83,2.83,2.82,2.83, 14324
02/21/2020,00:34,2.84,2.84,2.82,2.82, 8620
02/21/2020,00:36,2.83,2.84,2.83,2.84, 2159
02/21/2020,00:37,2.85,2.85,2.82,2.82, 8286
02/21/2020,00:37,2.83,2.83,2.83,2.83, 21
02/21/2020,00:39,2.84,2.85,2.84,2.85, 4598
02/21/2020,00:41,2.87,2.88,2.86,2.86, 19129
02/21/2020,00:42,2.86,2.86,2.86,2.86, 22
02/21/2020,00:44,2.86,2.86,2.86,2.86, 4905
02/21/2020,00:45,2.86,2.86,2.86,2.86, 24
02/21/2020,00:46,2.87,2.89,2.87,2.88, 33442
02/21/2020,00:47,2.88,2.9,2.88,2.88, 5844
02/21/2020,00:48,2.88,2.88,2.86,2.86, 22918
02/21/2020,00:49,2.85,2.9,2.85,2.87, 11723
02/21/2020,00:51,2.86,2.86,2.86,2.86, 2833
02/21/2020,00:53,2.85,2.85,2.85,2.85, 21
02/21/2020,00:54,2.85,2.86,2.85,2.86, 5564
02/21/2020,00:56,2.86,2.86,2.86,2.86, 25
02/21/2020,00:57,2.86,2.86,2.86,2.86, 1704
02/21/2020,00:59,2.86,2.86,2.86,2.86, 25
02/21/2020,01:00,2.86,2.86,2.86,2.86, 3994
02/21/2020,01:02,2.86,2.86,2.86,2.86, 25
02/21/2020,01:05,2.86,2.86,2.86,2.86, 25
02/21/2020,01:09,2.865,2.865,2.86,2.86, 2979
02/21/2020,01:12,2.86,2.86,2.84,2.85, 10297
02/21/2020,01:13,2.85,2.85,2.85,2.85, 25
02/21/2020,01:16,2.85,2.85,2.85,2.85, 25
02/21/2020,01:20,2.85,2.85,2.85,2.85, 26
02/21/2020,01:24,2.85,2.85,2.85,2.85, 25
02/21/2020,01:25,2.86,2.87,2.84,2.84, 8691
02/21/2020,01:27,2.85,2.85,2.85,2.85, 2213
02/21/2020,01:29,2.85,2.86,2.85,2.86, 2745
02/21/2020,01:33,2.865,2.865,2.865,2.865, 348
02/21/2020,01:34,2.86,2.86,2.86,2.86, 26
02/21/2020,01:36,2.865,2.865,2.865,2.865, 354
02/21/2020,01:38,2.86,2.86,2.84,2.84, 49395
02/21/2020,01:40,2.83,2.83,2.83,2.83, 21
02/21/2020,01:46,2.83,2.83,2.83,2.83, 29
02/21/2020,01:47,2.835,2.85,2.835,2.84, 10936
02/21/2020,01:49,2.83,2.83,2.83,2.83, 21
02/21/2020,01:51,2.835,2.835,2.835,2.835, 118
02/21/2020,01:53,2.83,2.835,2.83,2.835, 1489
02/21/2020,01:55,2.835,2.835,2.835,2.835, 1848
02/21/2020,01:56,2.84,2.85,2.84,2.84, 2614
02/21/2020,02:00,2.845,2.845,2.845,2.845, 21
02/21/2020,02:01,2.85,2.85,2.85,2.85, 5318
02/21/2020,02:02,2.86,2.86,2.85,2.85, 8912
02/21/2020,02:03,2.85,2.85,2.85,2.85, 3000
02/21/2020,02:05,2.845,2.845,2.845,2.845, 25
02/21/2020,02:08,2.85,2.85,2.85,2.85, 2555
02/21/2020,02:10,2.845,2.845,2.845,2.845, 24
02/21/2020,02:12,2.85,2.86,2.85,2.85, 5702
02/21/2020,02:15,2.85,2.85,2.85,2.85, 1000
02/21/2020,02:16,2.85,2.85,2.85,2.85, 798
02/21/2020,02:17,2.845,2.845,2.845,2.845, 23
02/21/2020,02:18,2.85,2.85,2.85,2.85, 830
02/21/2020,02:19,2.85,2.85,2.85,2.85, 128
02/21/2020,02:20,2.85,2.85,2.85,2.85, 185
02/21/2020,02:21,2.85,2.85,2.85,2.85, 143
02/21/2020,02:22,2.85,2.85,2.84,2.84, 24
02/21/2020,02:23,2.84,2.84,2.84,2.84, 459
02/21/2020,02:24,2.85,2.88,2.85,2.85, 11780
02/21/2020,02:26,2.85,2.85,2.85,2.85, 289
02/21/2020,02:28,2.85,2.85,2.85,2.85, 2000
02/21/2020,02:29,2.85,2.85,2.84,2.845, 150
02/21/2020,02:30,2.845,2.845,2.845,2.845, 2000
02/21/2020,02:32,2.85,2.85,2.85,2.85, 3300
02/21/2020,02:34,2.85,2.85,2.85,2.85, 2000
02/21/2020,02:35,2.85,2.85,2.845,2.85, 7290
02/21/2020,02:36,2.85,2.85,2.85,2.85, 3695
02/21/2020,02:37,2.85,2.85,2.85,2.85, 14000
02/21/2020,02:41,2.84,2.84,2.84,2.84, 2300
02/21/2020,02:42,2.85,2.85,2.85,2.85, 18
02/21/2020,02:46,2.85,2.85,2.85,2.85, 18504
02/21/2020,02:47,2.85,2.86,2.85,2.85, 6465
02/21/2020,02:48,2.86,2.86,2.85,2.86, 5760
02/21/2020,02:49,2.86,2.86,2.86,2.86, 1612
02/21/2020,02:56,2.855,2.86,2.855,2.86, 556
02/21/2020,02:56,2.86,2.86,2.86,2.86, 6
02/21/2020,02:59,2.86,2.86,2.86,2.86, 46
02/21/2020,03:00,2.86,2.86,2.86,2.86, 148
02/21/2020,03:03,2.86,2.86,2.855,2.855, 121
02/21/2020,03:10,2.855,2.855,2.855,2.855, 21
02/21/2020,03:12,2.86,2.86,2.86,2.86, 289
02/21/2020,03:15,2.86,2.86,2.86,2.86, 3541
02/21/2020,03:15,2.86,2.86,2.86,2.86, 93
02/21/2020,03:18,2.855,2.86,2.855,2.86, 455
02/21/2020,03:22,2.86,2.86,2.86,2.86, 351
02/21/2020,03:23,2.86,2.86,2.86,2.86, 242
02/21/2020,03:24,2.855,2.855,2.855,2.855, 3509
02/21/2020,03:25,2.855,2.86,2.855,2.855, 22861
02/21/2020,03:26,2.855,2.87,2.855,2.86, 28227
02/21/2020,03:27,2.865,2.88,2.865,2.87, 27890
02/21/2020,03:29,2.87,2.87,2.86,2.86, 3857
02/21/2020,03:32,2.865,2.87,2.86,2.86, 2562
02/21/2020,03:34,2.865,2.87,2.865,2.87, 8645
02/21/2020,03:35,2.865,2.865,2.865,2.865, 2037
02/21/2020,03:36,2.865,2.87,2.865,2.87, 2869
02/21/2020,03:38,2.865,2.87,2.865,2.87, 5000
02/21/2020,03:40,2.86,2.87,2.86,2.87, 1964
02/21/2020,03:44,2.865,2.865,2.865,2.865, 1080
02/21/2020,03:45,2.865,2.865,2.865,2.865, 178
02/21/2020,03:47,2.86,2.86,2.86,2.86, 21
02/21/2020,03:52,2.86,2.86,2.86,2.86, 3000
02/21/2020,03:56,2.86,2.86,2.86,2.86, 21
02/21/2020,03:59,2.86,2.86,2.86,2.86, 12298
02/21/2020,04:05,2.855,2.855,2.855,2.855, 21
02/21/2020,04:11,2.855,2.855,2.855,2.855, 2000
02/21/2020,04:12,2.855,2.855,2.855,2.855, 21
02/21/2020,04:13,2.86,2.86,2.86,2.86, 2284
02/21/2020,04:15,2.86,2.86,2.86,2.86, 21
02/21/2020,04:22,2.86,2.86,2.86,2.86, 21
02/21/2020,04:23,2.865,2.865,2.865,2.865, 268
02/21/2020,04:26,2.865,2.865,2.865,2.865, 268
02/21/2020,04:27,2.86,2.86,2.86,2.86, 21
02/21/2020,04:29,2.865,2.865,2.865,2.865, 207
02/21/2020,04:31,2.865,2.865,2.865,2.865, 276
02/21/2020,04:33,2.86,2.86,2.86,2.86, 21
02/21/2020,04:34,2.865,2.865,2.865,2.865, 275
02/21/2020,04:37,2.865,2.865,2.865,2.865, 273
02/21/2020,04:39,2.86,2.86,2.86,2.86, 984
02/21/2020,04:39,2.86,2.86,2.86,2.86, 21
02/21/2020,04:41,2.865,2.865,2.865,2.865, 173
02/21/2020,04:42,2.865,2.865,2.865,2.865, 9682
02/21/2020,04:43,2.865,2.865,2.865,2.865, 245
02/21/2020,04:45,2.86,2.865,2.86,2.86, 321
02/21/2020,04:48,2.865,2.865,2.865,2.865, 277
02/21/2020,04:49,2.87,2.87,2.87,2.87, 341
02/21/2020,04:50,2.86,2.86,2.86,2.86, 21
02/21/2020,04:51,2.865,2.865,2.86,2.86, 302
02/21/2020,04:54,2.865,2.865,2.86,2.86, 262
02/21/2020,04:57,2.85,2.865,2.85,2.85, 9098
02/21/2020,04:58,2.85,2.85,2.85,2.85, 21
02/21/2020,05:00,2.85,2.85,2.85,2.85, 8575
02/21/2020,05:06,2.85,2.85,2.845,2.85, 3073
02/21/2020,05:11,2.86,2.86,2.86,2.86, 5079
02/21/2020,05:13,2.85,2.85,2.85,2.85, 25
02/21/2020,05:18,2.855,2.855,2.85,2.85, 1775
02/21/2020,05:20,2.85,2.85,2.85,2.85, 217
02/21/2020,05:21,2.85,2.85,2.85,2.85, 93
02/21/2020,05:22,2.85,2.85,2.85,2.85, 833
02/21/2020,05:28,2.85,2.85,2.85,2.85, 67
02/21/2020,05:31,2.85,2.85,2.85,2.85, 32
02/21/2020,05:35,2.85,2.85,2.85,2.85, 1001
02/21/2020,05:37,2.85,2.85,2.85,2.85, 21
02/21/2020,05:42,2.86,2.86,2.85,2.85, 1410
02/21/2020,05:44,2.86,2.87,2.85,2.85, 4912
02/21/2020,05:48,2.865,2.865,2.86,2.86, 310
02/21/2020,05:49,2.85,2.85,2.85,2.85, 21
02/21/2020,05:51,2.86,2.86,2.86,2.86, 2380
02/21/2020,05:54,2.85,2.85,2.85,2.85, 21
02/21/2020,06:00,2.85,2.85,2.85,2.85, 21
02/21/2020,06:02,2.86,2.86,2.85,2.85, 5247
02/21/2020,06:03,2.85,2.85,2.85,2.85, 1
02/21/2020,06:04,2.855,2.855,2.85,2.85, 5062
02/21/2020,06:04,2.855,2.855,2.85,2.85, 21722
02/21/2020,06:06,2.855,2.855,2.85,2.85, 36684
02/21/2020,06:07,2.85,2.85,2.85,2.85, 1841
02/21/2020,06:08,2.85,2.85,2.84,2.84, 3021
02/21/2020,06:11,2.84,2.84,2.84,2.84, 21
02/21/2020,06:11,2.84,2.84,2.84,2.84, 2
02/21/2020,06:14,2.84,2.84,2.84,2.84, 36
02/21/2020,06:15,2.85,2.85,2.84,2.84, 5901
02/21/2020,06:17,2.84,2.845,2.84,2.84, 11226
02/21/2020,06:19,2.84,2.85,2.84,2.85, 1358
02/21/2020,06:20,2.85,2.88,2.84,2.85, 67201
02/21/2020,06:31,2.85,2.85,2.85,2.85, 28335
02/24/2020,00:28,2.89,2.92,2.89,2.91, 47901
02/24/2020,00:29,2.91,2.91,2.91,2.91, 991
02/24/2020,00:30,2.92,2.92,2.92,2.92, 2072
02/24/2020,00:31,2.93,2.93,2.92,2.93, 16844
02/24/2020,00:32,2.93,2.94,2.93,2.93, 5693
02/24/2020,00:33,2.93,2.93,2.92,2.92, 8115
02/24/2020,00:34,2.92,2.93,2.92,2.92, 11131
02/24/2020,00:35,2.92,2.92,2.92,2.92, 20
02/24/2020,00:36,2.93,2.95,2.93,2.94, 47257
02/24/2020,00:37,2.94,2.94,2.94,2.94, 3586
02/24/2020,00:38,2.93,2.93,2.93,2.93, 19
02/24/2020,00:39,2.93,2.97,2.93,2.93, 13792
02/24/2020,00:41,2.93,2.93,2.92,2.92, 5019
02/24/2020,00:42,2.93,2.93,2.93,2.93, 1192
02/24/2020,00:43,2.93,2.93,2.93,2.93, 19
02/24/2020,00:45,2.94,2.95,2.94,2.95, 15383
02/24/2020,00:46,2.94,2.95,2.94,2.95, 9401
02/24/2020,00:48,2.95,2.95,2.94,2.94, 16897
02/24/2020,00:49,2.94,2.96,2.94,2.96, 43348
02/24/2020,00:50,2.95,2.98,2.95,2.98, 18262
02/24/2020,00:51,2.97,2.98,2.97,2.98, 8968
02/24/2020,00:52,2.99,2.99,2.99,2.99, 3934
02/24/2020,00:53,2.99,2.99,2.98,2.98, 6532
02/24/2020,00:54,2.99,2.99,2.98,2.98, 339
02/24/2020,00:55,2.98,2.98,2.98,2.98, 1283
02/24/2020,00:56,2.97,2.97,2.97,2.97, 4863
02/24/2020,00:57,2.97,2.97,2.97,2.97, 3419
02/24/2020,00:58,2.97,2.97,2.97,2.97, 120
02/24/2020,00:59,2.97,2.97,2.97,2.97, 6797
02/24/2020,01:02,2.97,2.97,2.97,2.97, 19
02/24/2020,01:03,2.98,2.98,2.98,2.98, 1000
02/24/2020,01:04,2.98,2.98,2.98,2.98, 1000
02/24/2020,01:04,2.97,2.97,2.97,2.97, 19
02/24/2020,01:06,2.98,2.98,2.97,2.98, 21269
02/24/2020,01:08,2.98,2.98,2.97,2.98, 1176
02/24/2020,01:09,2.98,2.98,2.98,2.98, 3605
02/24/2020,01:10,2.99,2.99,2.99,2.99, 2583
02/24/2020,01:12,2.98,2.98,2.98,2.98, 4258
02/24/2020,01:14,2.98,2.98,2.98,2.98, 3207
02/24/2020,01:18,2.97,2.98,2.97,2.98, 1119
02/24/2020,01:19,2.99,2.99,2.99,2.99, 7698
02/24/2020,01:20,3,3,3,3, 450
02/24/2020,01:21,2.99,2.99,2.99,2.99, 2494
02/24/2020,01:22,2.98,2.99,2.98,2.99, 15141
02/24/2020,01:23,2.99,2.99,2.99,2.99, 2286
02/24/2020,01:24,2.99,2.99,2.99,2.99, 1022
02/24/2020,01:25,3,3,3,3, 12170
02/24/2020,01:30,3,3,3,3, 2277
02/24/2020,01:31,2.99,2.99,2.96,2.96, 11731
02/24/2020,01:32,2.97,2.97,2.97,2.97, 2603
02/24/2020,01:33,2.97,2.97,2.97,2.97, 3443
02/24/2020,01:34,2.97,2.97,2.97,2.97, 19
02/24/2020,01:36,2.97,2.97,2.96,2.96, 5716
02/24/2020,01:38,2.96,2.96,2.95,2.96, 8285
02/24/2020,01:40,2.95,2.95,2.95,2.95, 11267
02/24/2020,01:43,2.95,2.95,2.95,2.95, 1019
02/24/2020,01:44,2.95,2.95,2.95,2.95, 1000
02/24/2020,01:46,2.95,2.95,2.9,2.95, 22690
02/24/2020,01:47,2.94,2.94,2.94,2.94, 19
02/24/2020,01:49,2.95,2.95,2.95,2.95, 3798
02/24/2020,01:50,2.95,2.95,2.95,2.95, 19
02/24/2020,01:51,2.96,2.96,2.96,2.96, 7558
02/24/2020,01:52,2.95,2.95,2.95,2.95, 650
02/24/2020,01:54,2.95,2.95,2.95,2.95, 2019
02/24/2020,01:58,2.95,2.96,2.95,2.96, 1032
02/24/2020,02:00,2.96,2.96,2.96,2.96, 1300
02/24/2020,02:01,2.96,2.96,2.95,2.96, 5308
02/24/2020,02:01,2.96,2.96,2.96,2.96, 4904
02/24/2020,02:03,2.96,2.96,2.96,2.96, 5261
02/24/2020,02:04,2.95,2.96,2.95,2.96, 18850
02/24/2020,02:06,2.95,2.95,2.95,2.95, 19
02/24/2020,02:11,2.94,2.94,2.94,2.94, 24
02/24/2020,02:12,2.95,2.95,2.95,2.95, 2557
02/24/2020,02:15,2.96,2.96,2.96,2.96, 9877
02/24/2020,02:18,2.96,2.96,2.96,2.96, 1100
02/24/2020,02:20,2.96,2.96,2.96,2.96, 21
02/24/2020,02:22,2.96,2.96,2.96,2.96, 7536
02/24/2020,02:23,2.96,2.96,2.96,2.96, 240
02/24/2020,02:24,2.96,2.96,2.96,2.96, 20
02/24/2020,02:27,2.96,2.96,2.96,2.96, 974
02/24/2020,02:28,2.96,2.96,2.96,2.96, 20
02/24/2020,02:34,2.96,2.96,2.96,2.96, 20
02/24/2020,02:37,2.965,2.97,2.965,2.97, 15593
02/24/2020,02:41,2.96,2.96,2.96,2.96, 19
02/24/2020,02:44,2.96,2.96,2.96,2.96, 19
02/24/2020,02:47,2.96,2.96,2.96,2.96, 19
02/24/2020,02:48,2.97,2.97,2.97,2.97, 4255
02/24/2020,02:49,2.97,2.97,2.97,2.97, 125
02/24/2020,02:53,2.96,2.96,2.96,2.96, 19
02/24/2020,03:00,2.96,2.96,2.96,2.96, 19
02/24/2020,03:01,2.965,2.97,2.965,2.97, 2905
02/24/2020,03:04,2.97,2.97,2.97,2.97, 17379
02/24/2020,03:05,2.98,2.98,2.98,2.98, 25
02/24/2020,03:06,2.97,2.97,2.97,2.97, 1879
02/24/2020,03:10,2.97,2.97,2.97,2.97, 20
02/24/2020,03:13,2.97,2.97,2.97,2.97, 5489
02/24/2020,03:14,2.97,2.97,2.97,2.97, 527
02/24/2020,03:17,2.97,2.97,2.97,2.97, 673
02/24/2020,03:18,2.96,2.96,2.96,2.96, 19
02/24/2020,03:24,2.96,2.96,2.96,2.96, 19
02/24/2020,03:26,2.97,2.97,2.97,2.97, 3130
02/24/2020,03:29,2.97,2.97,2.97,2.97, 20
02/24/2020,03:34,2.97,2.97,2.97,2.97, 19
02/24/2020,03:38,2.975,2.975,2.97,2.97, 4615
02/24/2020,03:40,2.97,2.97,2.97,2.97, 3592
02/24/2020,03:41,2.965,2.965,2.96,2.96, 564
02/24/2020,03:43,2.96,2.96,2.96,2.96, 19
02/24/2020,03:45,2.96,2.96,2.96,2.96, 2560
02/24/2020,03:47,2.965,2.965,2.96,2.96, 3934
02/24/2020,03:48,2.96,2.96,2.96,2.96, 19
02/24/2020,03:50,2.97,2.97,2.97,2.97, 670
02/24/2020,03:56,2.97,2.97,2.96,2.96, 834
02/24/2020,04:01,2.97,2.97,2.97,2.97, 4515
02/24/2020,04:04,2.96,2.97,2.96,2.97, 1702
02/24/2020,04:06,2.97,2.97,2.97,2.97, 1121
02/24/2020,04:10,2.96,2.97,2.96,2.97, 369
02/24/2020,04:14,2.96,2.96,2.96,2.96, 19
02/24/2020,04:19,2.965,2.965,2.96,2.96, 8167
02/24/2020,04:20,2.95,2.95,2.95,2.95, 3949
02/24/2020,04:24,2.95,2.95,2.95,2.95, 19
02/24/2020,04:29,2.95,2.95,2.95,2.95, 19
02/24/2020,04:33,2.96,2.96,2.96,2.96, 1000
02/24/2020,04:34,2.95,2.95,2.95,2.95, 19
02/24/2020,04:35,2.96,2.96,2.96,2.96, 929
02/24/2020,04:39,2.95,2.95,2.95,2.95, 19
02/24/2020,04:40,2.96,2.96,2.96,2.96, 1337
02/24/2020,04:41,2.955,2.955,2.95,2.95, 4558
02/24/2020,04:42,2.95,2.95,2.94,2.94, 3706
02/24/2020,04:45,2.95,2.95,2.95,2.95, 28
02/24/2020,04:49,2.95,2.955,2.94,2.94, 6019
02/24/2020,04:55,2.94,2.94,2.94,2.94, 19
02/24/2020,04:58,2.945,2.945,2.94,2.94, 734
02/24/2020,05:01,2.94,2.94,2.94,2.94, 19
02/24/2020,05:04,2.95,2.95,2.95,2.95, 770
02/24/2020,05:05,2.95,2.95,2.95,2.95, 2023
02/24/2020,05:06,2.95,2.95,2.95,2.95, 20
02/24/2020,05:09,2.96,2.96,2.96,2.96, 377
02/24/2020,05:11,2.96,2.96,2.96,2.96, 250
02/24/2020,05:14,2.95,2.95,2.95,2.95, 19
02/24/2020,05:16,2.955,2.955,2.94,2.94, 4021
02/24/2020,05:19,2.95,2.95,2.95,2.95, 1800
02/24/2020,05:21,2.95,2.95,2.95,2.95, 7222
02/24/2020,05:22,2.955,2.955,2.95,2.95, 1723
02/24/2020,05:24,2.95,2.95,2.95,2.95, 422
02/24/2020,05:29,2.95,2.95,2.95,2.95, 603
02/24/2020,05:31,2.94,2.94,2.94,2.94, 19
02/24/2020,05:33,2.95,2.95,2.95,2.95, 3010
02/24/2020,05:35,2.95,2.95,2.95,2.95, 3000
02/24/2020,05:36,2.94,2.94,2.94,2.94, 19
02/24/2020,05:41,2.94,2.94,2.94,2.94, 19
02/24/2020,05:42,2.95,2.95,2.95,2.95, 3000
02/24/2020,05:44,2.95,2.95,2.95,2.95, 1984
02/24/2020,05:46,2.95,2.955,2.95,2.95, 4920
02/24/2020,05:47,2.955,2.955,2.95,2.95, 1655
02/24/2020,05:49,2.95,2.95,2.95,2.95, 1102
02/24/2020,05:51,2.96,2.96,2.96,2.96, 5589
02/24/2020,05:54,2.95,2.95,2.95,2.95, 19
02/24/2020,05:58,2.955,2.955,2.95,2.95, 419
02/24/2020,06:01,2.96,2.96,2.96,2.96, 17843
02/24/2020,06:02,2.965,2.965,2.96,2.96, 12022
02/24/2020,06:03,2.96,2.96,2.96,2.96, 1
02/24/2020,06:06,2.97,2.97,2.96,2.96, 2926
02/24/2020,06:07,2.965,2.965,2.96,2.96, 2763
02/24/2020,06:08,2.97,2.97,2.97,2.97, 331
02/24/2020,06:09,2.96,2.96,2.96,2.96, 22
02/24/2020,06:11,2.97,2.97,2.96,2.965, 4118
02/24/2020,06:12,2.96,2.965,2.955,2.96, 9064
02/24/2020,06:13,2.96,2.965,2.96,2.965, 3733
02/24/2020,06:14,2.965,2.97,2.965,2.97, 1874
02/24/2020,06:15,2.965,2.97,2.96,2.96, 2698
02/24/2020,06:17,2.96,2.96,2.96,2.96, 20
02/24/2020,06:18,2.97,2.97,2.96,2.96, 41
02/24/2020,06:19,2.97,2.97,2.96,2.96, 5180
02/24/2020,06:20,2.96,2.96,2.96,2.96, 54
02/24/2020,06:20,2.95,2.96,2.95,2.96, 69
02/24/2020,06:31,2.95,2.95,2.95,2.95, 29206
02/25/2020,00:27,2.98,2.98,2.98,2.98, 58616
02/25/2020,00:28,2.99,2.99,2.98,2.98, 11779
02/25/2020,00:29,2.98,2.99,2.97,2.99, 31258
02/25/2020,00:30,2.98,2.98,2.98,2.98, 6312
02/25/2020,00:31,2.97,3,2.97,2.99, 34549
02/25/2020,00:32,2.99,2.99,2.99,2.99, 20037
02/25/2020,00:33,3,3,3,3, 850
02/25/2020,00:34,2.98,2.98,2.98,2.98, 14629
02/25/2020,00:35,2.98,3,2.98,2.98, 18522
02/25/2020,00:36,2.98,2.98,2.98,2.98, 13339
02/25/2020,00:37,2.98,2.98,2.97,2.98, 21528
02/25/2020,00:38,2.99,2.99,2.98,2.98, 23752
02/25/2020,00:39,2.98,2.98,2.98,2.98, 41360
02/25/2020,00:41,2.97,2.97,2.97,2.97, 11275
02/25/2020,00:42,2.97,2.97,2.96,2.96, 8702
02/25/2020,00:43,2.95,2.95,2.93,2.93, 45732
02/25/2020,00:45,2.93,2.93,2.93,2.93, 1000
02/25/2020,00:46,2.93,2.94,2.93,2.93, 4707
02/25/2020,00:47,2.93,2.93,2.92,2.92, 26124
02/25/2020,00:48,2.92,2.92,2.92,2.92, 3306
02/25/2020,00:49,2.92,2.92,2.92,2.92, 350
02/25/2020,00:51,2.92,2.92,2.91,2.92, 4635
02/25/2020,00:53,2.93,2.93,2.93,2.93, 1003
02/25/2020,00:53,2.93,2.93,2.92,2.92, 3853
02/25/2020,00:55,2.93,2.93,2.93,2.93, 1258
02/25/2020,00:57,2.94,2.95,2.94,2.95, 2524
02/25/2020,00:58,2.93,2.93,2.93,2.93, 76
02/25/2020,01:02,2.93,2.93,2.93,2.93, 1841
02/25/2020,01:03,2.93,2.94,2.93,2.93, 7289
02/25/2020,01:08,2.93,2.93,2.92,2.92, 21909
02/25/2020,01:09,2.92,2.92,2.91,2.91, 1484
02/25/2020,01:10,2.91,2.91,2.9,2.9, 19349
02/25/2020,01:11,2.9,2.9,2.9,2.9, 11681
02/25/2020,01:12,2.89,2.9,2.89,2.9, 19763
02/25/2020,01:15,2.89,2.89,2.885,2.89, 17060
02/25/2020,01:15,2.88,2.88,2.88,2.88, 6235
02/25/2020,01:17,2.885,2.89,2.885,2.885, 7849
02/25/2020,01:19,2.88,2.88,2.88,2.88, 2200
02/25/2020,01:25,2.885,2.885,2.885,2.885, 2295
02/25/2020,01:26,2.885,2.89,2.885,2.89, 160
02/25/2020,01:30,2.88,2.88,2.87,2.87, 12076
02/25/2020,01:31,2.88,2.88,2.87,2.87, 817
02/25/2020,01:32,2.88,2.88,2.88,2.88, 2977
02/25/2020,01:33,2.88,2.88,2.88,2.88, 10
02/25/2020,01:33,2.87,2.87,2.87,2.87, 2983
02/25/2020,01:37,2.875,2.88,2.87,2.87, 8979
02/25/2020,01:38,2.875,2.88,2.87,2.87, 6180
02/25/2020,01:44,2.88,2.88,2.88,2.88, 4702
02/25/2020,01:45,2.88,2.88,2.87,2.87, 10591
02/25/2020,01:46,2.875,2.88,2.875,2.88, 4450
02/25/2020,01:47,2.875,2.88,2.875,2.88, 6147
02/25/2020,01:48,2.875,2.875,2.875,2.875, 1716
02/25/2020,01:50,2.875,2.88,2.875,2.88, 2695
02/25/2020,01:54,2.875,2.88,2.87,2.87, 3412
02/25/2020,01:57,2.87,2.87,2.87,2.87, 9155
02/25/2020,02:00,2.87,2.87,2.87,2.87, 9351
02/25/2020,02:03,2.87,2.87,2.87,2.87, 1816
02/25/2020,02:04,2.86,2.86,2.86,2.86, 7675
02/25/2020,02:05,2.87,2.87,2.87,2.87, 4285
02/25/2020,02:09,2.86,2.86,2.86,2.86, 1
02/25/2020,02:22,2.87,2.87,2.87,2.87, 4200
02/25/2020,02:26,2.87,2.87,2.87,2.87, 5569
02/25/2020,02:30,2.87,2.87,2.86,2.87, 14131
02/25/2020,02:31,2.87,2.87,2.87,2.87, 660
02/25/2020,02:39,2.87,2.9,2.87,2.87, 11910
02/25/2020,02:42,2.875,2.88,2.875,2.88, 10664
02/25/2020,02:42,2.88,2.88,2.87,2.87, 7828
02/25/2020,02:49,2.875,2.875,2.875,2.875, 120
02/25/2020,02:51,2.875,2.88,2.875,2.88, 4746
02/25/2020,02:53,2.89,2.89,2.88,2.88, 16608
02/25/2020,02:53,2.88,2.88,2.88,2.88, 1520
02/25/2020,03:03,2.875,2.88,2.875,2.88, 6899
02/25/2020,03:07,2.88,2.88,2.88,2.88, 7178
02/25/2020,03:18,2.88,2.88,2.88,2.88, 6541
02/25/2020,03:19,2.88,2.88,2.88,2.88, 284
02/25/2020,03:20,2.87,2.87,2.87,2.87, 7600
02/25/2020,03:34,2.88,2.88,2.88,2.88, 530
02/25/2020,03:39,2.88,2.88,2.88,2.88, 9582
02/25/2020,03:40,2.88,2.88,2.88,2.88, 3780
02/25/2020,03:50,2.89,2.89,2.89,2.89, 800
02/25/2020,04:01,2.88,2.88,2.88,2.88, 1200
02/25/2020,04:14,2.885,2.89,2.885,2.89, 1090
02/25/2020,04:16,2.89,2.89,2.89,2.89, 2835
02/25/2020,04:21,2.9,2.9,2.9,2.9, 2334
02/25/2020,04:22,2.9,2.9,2.9,2.9, 1551
02/25/2020,04:23,2.9,2.91,2.9,2.9, 3490
02/25/2020,04:25,2.9,2.9,2.9,2.9, 1608
02/25/2020,04:26,2.9,2.9,2.9,2.9, 1702
02/25/2020,04:29,2.9,2.9,2.9,2.9, 3265
02/25/2020,04:30,2.905,2.905,2.905,2.905, 938
02/25/2020,04:37,2.9,2.9,2.89,2.89, 9017
02/25/2020,04:59,2.89,2.89,2.89,2.89, 12696
02/25/2020,05:03,2.88,2.88,2.88,2.88, 7487
02/25/2020,05:07,2.87,2.87,2.86,2.86, 24000
02/25/2020,05:12,2.86,2.86,2.86,2.86, 19112
02/25/2020,05:14,2.87,2.87,2.87,2.87, 4630
02/25/2020,05:25,2.87,2.87,2.87,2.87, 1839
02/25/2020,05:30,2.86,2.86,2.86,2.86, 12749
02/25/2020,05:31,2.85,2.85,2.85,2.85, 3412
02/25/2020,05:31,2.85,2.85,2.85,2.85, 5294
02/25/2020,05:33,2.85,2.86,2.85,2.86, 2624
02/25/2020,05:34,2.86,2.86,2.86,2.86, 1806
02/25/2020,06:07,2.86,2.86,2.85,2.85, 1968
02/25/2020,06:08,2.85,2.85,2.85,2.85, 71
02/25/2020,06:09,2.85,2.86,2.85,2.85, 1828
02/25/2020,06:10,2.85,2.86,2.85,2.85, 3274
02/25/2020,06:15,2.85,2.85,2.84,2.85, 18250
02/25/2020,06:15,2.84,2.85,2.84,2.85, 3284
02/25/2020,06:16,2.84,2.84,2.84,2.84, 6060
02/25/2020,06:19,2.85,2.85,2.85,2.85, 2029
02/25/2020,06:20,2.85,2.86,2.85,2.85, 4978
02/25/2020,06:20,2.85,2.85,2.85,2.85, 138
02/25/2020,06:31,2.83,2.83,2.83,2.83, 27054
02/26/2020,00:27,2.81,2.81,2.8,2.8, 41877
02/26/2020,00:28,2.805,2.805,2.8,2.8, 34127
02/26/2020,00:29,2.8,2.8,2.8,2.8, 12572
02/26/2020,00:30,2.8,2.8,2.78,2.78, 15587
02/26/2020,00:31,2.78,2.78,2.77,2.77, 4039
02/26/2020,00:32,2.78,2.78,2.78,2.78, 3800
02/26/2020,00:33,2.78,2.78,2.78,2.78, 3611
02/26/2020,00:35,2.78,2.78,2.78,2.78, 5629
02/26/2020,00:38,2.78,2.78,2.78,2.78, 2838
02/26/2020,00:40,2.78,2.78,2.78,2.78, 5716
02/26/2020,00:44,2.775,2.775,2.765,2.77, 17466
02/26/2020,00:45,2.77,2.77,2.77,2.77, 3900
02/26/2020,00:46,2.77,2.77,2.77,2.77, 2206
02/26/2020,00:47,2.77,2.78,2.77,2.78, 2142
02/26/2020,00:51,2.78,2.78,2.78,2.78, 1288
02/26/2020,00:53,2.78,2.78,2.78,2.78, 550
02/26/2020,00:56,2.78,2.78,2.78,2.78, 367
02/26/2020,00:59,2.79,2.79,2.78,2.78, 6956
02/26/2020,01:01,2.78,2.79,2.78,2.78, 4196
02/26/2020,01:02,2.78,2.78,2.78,2.78, 2552
02/26/2020,01:03,2.78,2.78,2.78,2.78, 55
02/26/2020,01:05,2.79,2.79,2.79,2.79, 3744
02/26/2020,01:07,2.78,2.78,2.78,2.78, 749
02/26/2020,01:09,2.79,2.79,2.79,2.79, 3330
02/26/2020,01:10,2.78,2.78,2.78,2.78, 666
02/26/2020,01:14,2.78,2.78,2.78,2.78, 2217
02/26/2020,01:19,2.78,2.79,2.78,2.78, 5738
02/26/2020,01:21,2.78,2.78,2.78,2.78, 2842
02/26/2020,01:23,2.77,2.77,2.77,2.77, 11172
02/26/2020,01:24,2.765,2.765,2.765,2.765, 1863
02/26/2020,01:25,2.755,2.76,2.75,2.76, 34267
02/26/2020,01:26,2.75,2.75,2.75,2.75, 24314
02/26/2020,01:27,2.75,2.75,2.75,2.75, 1956
02/26/2020,01:28,2.75,2.75,2.75,2.75, 12003
02/26/2020,01:29,2.75,2.75,2.75,2.75, 7962
02/26/2020,01:30,2.74,2.74,2.74,2.74, 5335
02/26/2020,01:32,2.74,2.74,2.74,2.74, 12077
02/26/2020,01:33,2.735,2.74,2.735,2.74, 5387
02/26/2020,01:37,2.74,2.74,2.74,2.74, 1261
02/26/2020,01:43,2.75,2.75,2.75,2.75, 934
02/26/2020,01:44,2.74,2.74,2.74,2.74, 1800
02/26/2020,01:45,2.74,2.74,2.74,2.74, 7797
02/26/2020,01:46,2.74,2.74,2.74,2.74, 29
02/26/2020,01:53,2.74,2.74,2.74,2.74, 5027
02/26/2020,01:54,2.74,2.74,2.74,2.74, 2240
02/26/2020,01:59,2.73,2.73,2.72,2.73, 8835
02/26/2020,02:01,2.73,2.73,2.725,2.73, 9249
02/26/2020,02:04,2.725,2.725,2.725,2.725, 1200
02/26/2020,02:05,2.73,2.73,2.73,2.73, 1091
02/26/2020,02:10,2.73,2.73,2.73,2.73, 5649
02/26/2020,02:15,2.725,2.725,2.72,2.72, 14528
02/26/2020,02:18,2.715,2.72,2.715,2.72, 2600
02/26/2020,02:21,2.715,2.715,2.715,2.715, 1700
02/26/2020,02:22,2.715,2.715,2.71,2.71, 13720
02/26/2020,02:24,2.71,2.71,2.705,2.71, 13396
02/26/2020,02:27,2.71,2.71,2.705,2.71, 1352
02/26/2020,02:28,2.71,2.71,2.705,2.71, 2697
02/26/2020,02:30,2.705,2.705,2.705,2.705, 167
02/26/2020,02:30,2.71,2.715,2.705,2.715, 8074
02/26/2020,02:33,2.72,2.72,2.715,2.72, 4146
02/26/2020,02:37,2.71,2.71,2.71,2.71, 5131
02/26/2020,02:42,2.71,2.71,2.7,2.7, 10020
02/26/2020,02:44,2.7,2.7,2.7,2.7, 7931
02/26/2020,02:50,2.7,2.7,2.7,2.7, 15
02/26/2020,02:53,2.7,2.7,2.7,2.7, 268
02/26/2020,02:59,2.7,2.7,2.68,2.7, 20553
02/26/2020,03:00,2.7,2.7,2.7,2.7, 5205
02/26/2020,03:05,2.71,2.71,2.71,2.71, 2038
02/26/2020,03:09,2.7,2.7,2.7,2.7, 9998
02/26/2020,03:12,2.7,2.7,2.7,2.7, 2045
02/26/2020,03:13,2.705,2.71,2.705,2.71, 17820
02/26/2020,03:17,2.71,2.71,2.71,2.71, 5837
02/26/2020,03:20,2.71,2.71,2.71,2.71, 1343
02/26/2020,03:26,2.72,2.72,2.71,2.71, 23886
02/26/2020,03:26,2.71,2.71,2.71,2.71, 3105
02/26/2020,03:34,2.71,2.71,2.71,2.71, 1108
02/26/2020,03:37,2.72,2.72,2.72,2.72, 3789
02/26/2020,03:39,2.71,2.71,2.705,2.71, 23233
02/26/2020,03:41,2.71,2.71,2.71,2.71, 1288
02/26/2020,03:49,2.7,2.7,2.7,2.7, 894
02/26/2020,03:53,2.7,2.7,2.7,2.7, 6276
02/26/2020,03:53,2.69,2.69,2.69,2.69, 5218
02/26/2020,03:55,2.69,2.69,2.68,2.69, 14483
02/26/2020,04:23,2.7,2.7,2.7,2.7, 1858
02/26/2020,04:25,2.69,2.69,2.69,2.69, 5035
02/26/2020,04:26,2.69,2.69,2.69,2.69, 16274
02/26/2020,04:29,2.68,2.68,2.68,2.68, 769
02/26/2020,04:35,2.69,2.69,2.69,2.69, 6317
02/26/2020,04:36,2.69,2.69,2.69,2.69, 8404
02/26/2020,04:45,2.7,2.7,2.7,2.7, 400
02/26/2020,04:49,2.69,2.69,2.69,2.69, 1231
02/26/2020,05:04,2.69,2.7,2.69,2.7, 3343
02/26/2020,05:08,2.7,2.7,2.7,2.7, 853
02/26/2020,05:19,2.7,2.7,2.7,2.7, 3475
02/26/2020,05:20,2.695,2.695,2.695,2.695, 194
02/26/2020,05:22,2.695,2.695,2.69,2.69, 6971
02/26/2020,05:24,2.7,2.7,2.7,2.7, 10590
02/26/2020,05:41,2.7,2.7,2.7,2.7, 301
02/26/2020,05:46,2.7,2.7,2.7,2.7, 300
02/26/2020,05:49,2.7,2.7,2.7,2.7, 2880
02/26/2020,05:54,2.7,2.7,2.695,2.695, 333
02/26/2020,05:55,2.7,2.7,2.695,2.695, 4610
02/26/2020,05:58,2.7,2.7,2.695,2.695, 338
02/26/2020,06:01,2.7,2.7,2.7,2.7, 980
02/26/2020,06:02,2.7,2.7,2.695,2.695, 2260
02/26/2020,06:03,2.695,2.695,2.695,2.695, 18
02/26/2020,06:04,2.695,2.695,2.695,2.695, 17
02/26/2020,06:05,2.695,2.7,2.695,2.695, 309
02/26/2020,06:07,2.69,2.7,2.69,2.7, 13290
02/26/2020,06:12,2.695,2.695,2.695,2.695, 56
02/26/2020,06:13,2.695,2.695,2.69,2.69, 4104
02/26/2020,06:16,2.695,2.695,2.695,2.695, 5539
02/26/2020,06:17,2.695,2.7,2.695,2.7, 188
02/26/2020,06:18,2.7,2.7,2.7,2.7, 206
02/26/2020,06:19,2.7,2.7,2.7,2.7, 452
02/26/2020,06:20,2.7,2.7,2.69,2.69, 7
02/26/2020,06:31,2.71,2.71,2.71,2.71, 17114

