04/01/2020,06:01,13.271,13.735,13.271,13.735, 2
04/01/2020,06:46,13.271,13.271,13.271,13.271, 1
04/01/2020,06:46,13.735,13.735,13.735,13.735, 1
04/01/2020,06:54,13.28,13.28,13.28,13.28, 1
04/01/2020,06:56,13.735,13.735,13.735,13.735, 1
04/01/2020,07:46,13.28,13.28,13.28,13.28, 1
04/01/2020,07:47,13.735,13.735,13.735,13.735, 1
04/01/2020,07:57,13.273,13.735,13.273,13.735, 2
04/01/2020,08:01,13.273,13.273,13.273,13.273, 1
04/01/2020,08:02,13.735,13.735,13.735,13.735, 1
04/01/2020,08:06,13.273,13.273,13.273,13.273, 1
04/01/2020,08:06,13.735,13.735,13.735,13.735, 1
04/01/2020,08:19,13.76,13.76,13.76,13.76, 1
04/01/2020,08:31,13.273,13.76,13.273,13.76, 2
04/01/2020,08:39,13.273,13.273,13.273,13.273, 1
04/01/2020,08:41,13.76,13.76,13.76,13.76, 1
04/01/2020,08:59,13.309,13.309,13.309,13.309, 1
04/01/2020,09:00,13.76,13.76,13.76,13.76, 1
04/01/2020,09:01,13.309,13.309,13.309,13.309, 1
04/01/2020,09:02,13.76,13.76,13.76,13.76, 1
04/01/2020,09:06,13.309,13.309,13.309,13.309, 1
04/01/2020,09:07,13.76,13.76,13.76,13.76, 1
04/01/2020,09:31,13.309,13.309,13.309,13.309, 1
04/01/2020,09:32,13.76,13.76,13.76,13.76, 1
04/01/2020,10:01,13.308,13.308,13.308,13.308, 1
04/01/2020,10:01,13.76,13.76,13.76,13.76, 1
04/01/2020,10:31,13.308,13.308,13.308,13.308, 1
04/01/2020,10:33,13.76,13.76,13.76,13.76, 1
04/01/2020,11:01,13.308,13.308,13.308,13.308, 1
04/01/2020,11:03,13.76,13.76,13.307,13.307, 2
04/01/2020,11:05,13.76,13.76,13.76,13.76, 1
04/01/2020,12:01,13.307,13.307,13.307,13.307, 1
04/01/2020,12:01,13.76,13.76,13.76,13.76, 1
04/01/2020,12:05,13.308,13.308,13.308,13.308, 1
04/01/2020,12:06,13.76,13.76,13.76,13.76, 1
04/01/2020,12:21,13.775,13.775,13.775,13.775, 1
04/01/2020,13:01,13.308,13.308,13.308,13.308, 1
04/01/2020,13:02,13.76,13.76,13.76,13.76, 1
04/01/2020,13:07,13.307,13.307,13.307,13.307, 1
04/01/2020,13:09,13.76,13.76,13.76,13.76, 1
04/01/2020,13:26,13.307,13.307,13.307,13.307, 1
04/01/2020,13:27,13.76,13.76,13.76,13.76, 1
04/01/2020,13:31,13.307,13.307,13.307,13.307, 1
04/01/2020,13:31,13.76,13.76,13.76,13.76, 1
04/01/2020,13:39,13.503,13.503,13.503,13.503, 1
04/01/2020,13:41,13.76,13.76,13.76,13.76, 1
04/01/2020,14:06,13.307,13.307,13.307,13.307, 1
04/01/2020,14:08,13.76,13.76,13.76,13.76, 1
04/01/2020,14:09,13.306,13.306,13.306,13.306, 1
04/01/2020,14:10,13.76,13.76,13.76,13.76, 1
04/01/2020,14:31,13.306,13.306,13.306,13.306, 1
04/01/2020,14:32,13.76,13.76,13.76,13.76, 1
04/01/2020,15:01,13.306,13.306,13.306,13.306, 1
04/01/2020,15:02,13.76,13.76,13.76,13.76, 1
04/01/2020,15:11,13.307,13.307,13.307,13.307, 1
04/01/2020,15:14,13.76,13.76,13.76,13.76, 1
04/01/2020,15:31,13.307,13.76,13.307,13.76, 2
04/01/2020,15:55,14.07,14.07,13.76,13.76, 2
04/01/2020,16:01,13.307,13.307,13.307,13.307, 1
04/01/2020,16:03,13.76,13.76,13.76,13.76, 1
04/01/2020,16:14,13.308,13.308,13.308,13.308, 1
04/01/2020,16:15,13.76,13.76,13.76,13.76, 1
04/01/2020,16:21,13.503,13.503,13.503,13.503, 1
04/01/2020,16:22,13.76,13.76,13.76,13.76, 1
04/01/2020,16:38,13.465,13.465,13.465,13.465, 1
04/01/2020,16:39,13.76,13.76,13.76,13.76, 1
04/01/2020,16:44,14.08,14.08,14.08,14.08, 1
04/01/2020,16:47,13.76,13.76,13.76,13.76, 1
04/01/2020,16:52,14.08,14.08,14.08,14.08, 1
04/01/2020,16:54,13.76,13.76,13.76,13.76, 1
04/01/2020,17:01,13.308,13.308,13.308,13.308, 1
04/01/2020,17:01,13.76,13.76,13.76,13.76, 1
04/01/2020,17:16,14.08,14.08,14.08,14.08, 1
04/01/2020,17:18,13.76,13.76,13.76,13.76, 1
04/01/2020,17:56,13.308,13.308,13.308,13.308, 1
04/01/2020,17:57,13.76,13.76,13.76,13.76, 1
04/01/2020,18:01,13.308,13.308,13.308,13.308, 1
04/01/2020,18:02,13.76,14.08,13.76,14.08, 2
04/01/2020,18:05,13.76,13.76,13.76,13.76, 1
04/01/2020,18:15,13.506,13.76,13.506,13.76, 2
04/01/2020,18:17,14.239,14.239,13.76,13.76, 2
04/01/2020,18:19,13.269,13.76,13.269,13.76, 2
04/01/2020,18:51,13.269,13.269,13.269,13.269, 1
04/01/2020,18:51,13.76,13.76,13.76,13.76, 1
04/01/2020,18:56,13.62,13.76,13.269,13.76, 3
04/01/2020,18:57,14.08,14.08,14.08,14.08, 1
04/01/2020,18:58,13.76,13.76,13.76,13.76, 1
04/01/2020,19:01,13.269,13.76,13.269,13.76, 2
04/01/2020,19:20,13.309,13.76,13.309,13.76, 2
04/01/2020,19:35,13.526,13.526,13.526,13.526, 1
04/01/2020,19:37,13.76,13.76,13.76,13.76, 1
04/01/2020,19:48,14.08,14.08,14.08,14.08, 1
04/01/2020,19:50,13.76,13.76,13.76,13.76, 1
04/01/2020,19:55,13.505,13.505,13.505,13.505, 1
04/01/2020,19:57,13.76,13.76,13.76,13.76, 1
04/01/2020,20:01,13.309,13.309,13.309,13.309, 1
04/01/2020,20:02,13.76,13.76,13.76,13.76, 1
04/01/2020,20:12,14.08,14.08,14.08,14.08, 1
04/01/2020,20:14,13.76,13.76,13.76,13.76, 1
04/01/2020,20:34,13.4,13.4,13.4,13.4, 1
04/01/2020,20:36,13.76,13.76,13.76,13.76, 1
04/01/2020,20:51,14.08,14.08,14.08,14.08, 1
04/01/2020,20:53,13.76,13.76,13.76,13.76, 1
04/01/2020,21:01,13.309,13.309,13.309,13.309, 1
04/01/2020,21:03,13.76,13.76,13.76,13.76, 1
04/01/2020,21:25,13.31,13.76,13.31,13.76, 2
04/01/2020,21:34,14.08,14.08,14.08,14.08, 1
04/01/2020,21:34,13.76,13.76,13.76,13.76, 1
04/01/2020,21:52,14.08,14.08,14.08,14.08, 1
04/01/2020,21:54,13.76,13.76,13.76,13.76, 1
04/01/2020,22:01,13.31,13.31,13.31,13.31, 1
04/01/2020,22:01,13.76,13.76,13.76,13.76, 1
04/01/2020,22:16,13.4,13.4,13.4,13.4, 1
04/01/2020,22:18,13.382,13.76,13.382,13.76, 2
04/01/2020,22:27,13.31,13.31,12.978,12.978, 2
04/01/2020,22:31,12.978,12.978,12.978,12.978, 1
04/01/2020,22:56,13.299,13.299,13.299,13.299, 1
04/01/2020,22:57,13.369,13.369,13.369,13.369, 1
04/01/2020,23:31,13.313,13.313,13.313,13.313, 1
04/01/2020,23:31,13.76,13.76,13.76,13.76, 1
04/02/2020,06:01,13.312,13.312,13.312,13.312, 1
04/02/2020,06:03,13.76,13.76,13.76,13.76, 1
04/02/2020,06:44,13.312,13.312,13.312,13.312, 1
04/02/2020,06:46,13.76,13.76,13.76,13.76, 1
04/02/2020,07:01,13.312,13.312,13.312,13.312, 1
04/02/2020,07:01,13.76,13.76,13.76,13.76, 1
04/02/2020,07:46,13.312,13.312,13.312,13.312, 1
04/02/2020,07:47,13.76,13.76,13.76,13.76, 1
04/02/2020,08:01,13.62,13.62,13.312,13.312, 2
04/02/2020,08:02,13.76,13.76,13.76,13.76, 1
04/02/2020,08:06,13.312,13.312,13.312,13.312, 1
04/02/2020,08:07,13.76,13.76,13.76,13.76, 1
04/02/2020,08:27,14.023,14.023,14.023,14.023, 1
04/02/2020,08:29,13.6675,13.76,13.6675,13.76, 2
04/02/2020,08:31,13.312,13.312,13.312,13.312, 1
04/02/2020,08:31,13.76,13.76,13.76,13.76, 1
04/02/2020,08:48,13.313,13.313,13.313,13.313, 1
04/02/2020,08:51,13.76,13.76,13.76,13.76, 1
04/02/2020,09:01,13.313,13.313,13.313,13.313, 1
04/02/2020,09:03,13.76,13.76,13.76,13.76, 1
04/02/2020,09:06,13.313,13.313,13.313,13.313, 1
04/02/2020,09:08,13.76,13.76,13.76,13.76, 1
04/02/2020,09:31,13.313,13.313,13.313,13.313, 1
04/02/2020,09:32,13.76,13.76,13.76,13.76, 1
04/02/2020,09:51,13.312,13.312,13.312,13.312, 1
04/02/2020,09:52,13.76,13.76,13.76,13.76, 1
04/02/2020,09:55,14.164,14.164,14.164,14.164, 1
04/02/2020,09:57,13.76,13.76,13.76,13.76, 1
04/02/2020,10:01,13.312,13.312,13.312,13.312, 1
04/02/2020,10:02,13.76,13.76,13.76,13.76, 1
04/02/2020,10:31,13.312,13.312,13.312,13.312, 1
04/02/2020,10:31,13.76,13.76,13.76,13.76, 1
04/02/2020,10:43,13.775,13.775,13.775,13.775, 1
04/02/2020,10:53,13.311,13.311,13.311,13.311, 1
04/02/2020,10:53,13.76,13.76,13.76,13.76, 1
04/02/2020,11:01,13.62,13.76,13.62,13.76, 2
04/02/2020,11:55,13.311,13.311,13.311,13.311, 1
04/02/2020,12:55,13.76,13.76,13.76,13.76, 1
04/02/2020,13:39,13.382,13.382,13.382,13.382, 1
04/02/2020,13:39,12.875,12.875,12.875,12.875, 1
04/02/2020,13:44,12.838,12.838,12.838,12.838, 1
04/02/2020,13:59,12.799,12.799,12.799,12.799, 1
04/02/2020,15:01,12.628,12.628,12.628,12.628, 1
04/02/2020,16:04,12.69,12.69,12.69,12.69, 1
04/02/2020,16:39,12.584,12.584,12.584,12.584, 1
04/02/2020,16:46,12.69,12.69,12.69,12.69, 1
04/02/2020,18:08,12.459,12.459,12.459,12.459, 1
04/02/2020,22:17,12.779,12.779,12.779,12.779, 1
04/02/2020,22:17,13.1095,13.1095,13.1095,13.1095, 1
04/02/2020,22:31,12.779,12.779,12.779,12.779, 1
04/02/2020,22:31,13.1095,13.1095,13.1095,13.1095, 1
04/02/2020,22:56,12.779,12.779,12.779,12.779, 1
04/02/2020,22:56,13.1095,13.1095,13.1095,13.1095, 1
04/02/2020,23:01,13.099,13.099,13.099,13.099, 1
04/02/2020,23:03,13.4295,13.4295,13.4295,13.4295, 1
04/02/2020,23:09,13.382,13.439,13.382,13.439, 2
04/02/2020,23:10,13.419,13.76,13.419,13.76, 2
04/02/2020,23:19,13.408,13.408,13.408,13.408, 1
04/02/2020,23:19,13.408,13.408,13.408,13.408, 1
04/02/2020,23:25,13.497,13.497,13.497,13.497, 1
04/02/2020,23:26,13.76,13.76,13.76,13.76, 1
04/02/2020,23:31,13.408,13.408,13.408,13.408, 1
04/02/2020,23:33,13.408,13.408,13.408,13.408, 1
04/03/2020,06:35,13.296,13.76,13.296,13.76, 2
04/03/2020,06:46,13.296,13.296,13.296,13.296, 1
04/03/2020,06:47,13.76,13.76,13.76,13.76, 1
04/03/2020,07:01,13.296,13.296,13.296,13.296, 1
04/03/2020,07:01,13.76,13.76,13.76,13.76, 1
04/03/2020,07:36,13.296,13.296,13.296,13.296, 1
04/03/2020,07:38,13.76,13.76,13.76,13.76, 1
04/03/2020,07:46,13.296,13.296,13.296,13.296, 1
04/03/2020,07:47,13.76,13.76,13.76,13.76, 1
04/03/2020,08:01,13.296,13.76,13.296,13.76, 2
04/03/2020,08:06,13.296,13.296,13.296,13.296, 1
04/03/2020,08:07,13.76,13.76,13.76,13.76, 1
04/03/2020,08:31,13.296,13.296,13.296,13.296, 1
04/03/2020,08:31,13.76,13.76,13.76,13.76, 1
04/03/2020,08:38,13.296,13.296,13.296,13.296, 1
04/03/2020,08:39,13.76,13.76,13.76,13.76, 1
04/03/2020,08:55,13.296,13.296,13.296,13.296, 1
04/03/2020,08:56,13.76,13.76,13.76,13.76, 1
04/03/2020,09:01,13.296,13.76,13.296,13.76, 2
04/03/2020,09:06,13.296,13.296,13.296,13.296, 1
04/03/2020,09:06,13.76,13.76,13.76,13.76, 1
04/03/2020,09:31,13.296,13.76,13.296,13.76, 2
04/03/2020,09:35,13.296,13.76,13.296,13.76, 2
04/03/2020,09:38,13.296,13.296,13.296,13.296, 1
04/03/2020,09:38,13.76,13.76,13.296,13.296, 2
04/03/2020,09:41,13.76,13.76,13.291,13.76, 3
04/03/2020,10:01,13.291,13.76,13.291,13.76, 2
04/03/2020,10:31,13.291,13.291,13.291,13.291, 1
04/03/2020,10:32,13.76,13.76,13.76,13.76, 1
04/03/2020,10:42,13.295,13.295,13.295,13.295, 1
04/03/2020,10:44,13.76,13.76,13.76,13.76, 1
04/03/2020,10:51,13.88,13.88,13.88,13.88, 1
04/03/2020,11:01,13.295,13.295,13.295,13.295, 1
04/03/2020,11:01,13.88,13.88,13.88,13.88, 1
04/03/2020,11:45,13.401,13.401,13.401,13.401, 1
04/03/2020,11:46,13.88,13.88,13.88,13.88, 1
04/03/2020,12:01,13.401,13.401,13.401,13.401, 1
04/03/2020,12:02,13.88,13.88,13.88,13.88, 1
04/03/2020,12:06,13.401,13.401,13.401,13.401, 1
04/03/2020,12:07,13.88,13.88,13.88,13.88, 1
04/03/2020,12:47,13.407,13.88,13.407,13.88, 2
04/03/2020,13:01,13.407,13.407,13.407,13.407, 1
04/03/2020,13:02,13.88,13.88,13.88,13.88, 1
04/03/2020,13:14,13.533,13.533,13.533,13.533, 1
04/03/2020,13:14,13.88,13.88,13.88,13.88, 1
04/03/2020,13:26,13.407,13.407,13.407,13.407, 1
04/03/2020,13:26,13.88,13.88,13.88,13.88, 1
04/03/2020,13:31,13.407,13.407,13.407,13.407, 1
04/03/2020,13:31,13.88,13.88,13.88,13.88, 1
04/03/2020,13:49,13.407,13.407,13.407,13.407, 1
04/03/2020,13:51,13.88,13.88,13.88,13.88, 1
04/03/2020,14:06,13.407,13.407,13.407,13.407, 1
04/03/2020,14:07,13.88,13.88,13.88,13.88, 1
04/03/2020,14:31,13.407,13.407,13.407,13.407, 1
04/03/2020,14:32,13.88,13.88,13.88,13.88, 1
04/03/2020,14:51,13.526,13.526,13.526,13.526, 1
04/03/2020,14:52,13.526,13.526,13.526,13.526, 1
04/03/2020,15:01,13.526,13.526,13.526,13.526, 1
04/03/2020,15:02,13.526,13.526,13.526,13.526, 1
04/03/2020,15:31,13.526,13.526,13.526,13.526, 1
04/03/2020,15:31,13.526,13.526,13.526,13.526, 1
04/03/2020,15:53,13.405,13.405,13.405,13.405, 1
04/03/2020,15:55,13.88,13.88,13.88,13.88, 1
04/03/2020,15:58,14.104,14.104,14.104,14.104, 1
04/03/2020,15:59,13.88,13.88,13.88,13.88, 1
04/03/2020,16:01,13.405,13.405,13.405,13.405, 1
04/03/2020,16:02,13.88,13.88,13.88,13.88, 1
04/03/2020,16:09,14.104,14.104,14.104,14.104, 1
04/03/2020,16:10,13.88,13.88,13.88,13.88, 1
04/03/2020,16:46,13.405,13.405,13.405,13.405, 1
04/03/2020,16:47,13.88,13.88,13.88,13.88, 1
04/03/2020,16:56,13.406,13.406,13.406,13.406, 1
04/03/2020,16:57,13.88,13.88,13.88,13.88, 1
04/03/2020,17:01,13.406,13.406,13.406,13.406, 1
04/03/2020,17:02,13.88,13.88,13.88,13.88, 1
04/03/2020,17:18,13.81,13.88,13.81,13.88, 2
04/03/2020,17:52,14.104,14.104,13.88,13.88, 2
04/03/2020,17:56,13.406,13.88,13.406,13.88, 2
04/03/2020,17:58,13.385,13.385,13.385,13.385, 1
04/03/2020,17:58,13.88,13.88,13.88,13.88, 1
04/03/2020,18:01,13.385,13.88,13.385,13.88, 2
04/03/2020,18:06,14.104,14.104,13.88,13.88, 2
04/03/2020,18:16,14.201,14.201,14.201,14.201, 1
04/03/2020,18:18,13.88,13.88,13.88,13.88, 1
04/03/2020,18:30,14.104,14.104,14.104,14.104, 1
04/03/2020,18:30,13.88,13.88,13.88,13.88, 1
04/03/2020,18:45,14.25,14.25,13.88,13.88, 2
04/03/2020,18:51,13.385,13.385,13.385,13.385, 1
04/03/2020,18:51,13.603,13.603,13.603,13.603, 1
04/03/2020,18:52,13.88,13.88,13.88,13.88, 1
04/03/2020,19:00,13.314,13.314,13.314,13.314, 1
04/03/2020,19:01,13.88,13.88,13.88,13.88, 1
04/03/2020,19:02,13.275,13.275,13.275,13.275, 1
04/03/2020,19:04,13.88,13.88,13.88,13.88, 1
04/03/2020,20:01,13.314,13.314,13.314,13.314, 1
04/03/2020,20:01,13.88,13.88,13.88,13.88, 1
04/03/2020,20:02,13.407,13.407,13.407,13.407, 1
04/03/2020,20:03,13.88,13.88,13.88,13.88, 1
04/03/2020,20:08,14.104,14.104,14.104,14.104, 1
04/03/2020,20:10,13.88,13.88,13.88,13.88, 1
04/03/2020,21:01,13.407,13.407,13.407,13.407, 1
04/03/2020,21:01,13.88,13.88,13.88,13.88, 1
04/03/2020,21:04,13.401,13.401,13.401,13.401, 1
04/03/2020,21:06,13.88,13.88,13.88,13.88, 1
04/03/2020,21:16,14.104,14.104,14.104,14.104, 1
04/03/2020,21:17,13.88,13.88,13.88,13.88, 1
04/03/2020,22:01,13.401,13.401,13.401,13.401, 1
04/03/2020,22:03,13.88,13.88,13.88,13.88, 1
04/03/2020,22:06,13.405,13.405,13.405,13.405, 1
04/03/2020,22:07,13.88,13.88,13.88,13.88, 1
04/03/2020,22:31,13.405,13.405,13.405,13.405, 1
04/03/2020,22:32,13.88,13.88,13.88,13.88, 1
04/03/2020,22:56,13.405,13.405,13.405,13.405, 1
04/03/2020,22:58,13.88,13.88,13.88,13.88, 1
04/03/2020,23:05,14.104,14.104,14.104,14.104, 1
04/06/2020,08:49,13.88,13.88,13.88,13.88, 1
04/06/2020,09:01,13.248,13.248,13.248,13.248, 1
04/06/2020,09:03,13.564,13.564,13.564,13.564, 1
04/06/2020,09:06,13.248,13.248,13.248,13.248, 1
04/06/2020,09:08,13.564,13.564,13.564,13.564, 1
04/06/2020,09:11,13.248,13.248,13.248,13.248, 1
04/06/2020,09:13,13.564,13.564,13.564,13.564, 1
04/06/2020,09:19,13.406,13.406,13.406,13.406, 1
04/06/2020,09:20,13.406,13.406,13.406,13.406, 1
04/06/2020,09:31,13.406,13.406,13.406,13.406, 1
04/06/2020,09:32,13.406,13.406,13.406,13.406, 1
04/06/2020,10:01,13.406,13.406,13.406,13.406, 2
04/06/2020,10:10,13.406,13.406,13.406,13.406, 1
04/06/2020,10:21,13.212,13.212,13.212,13.212, 1
04/06/2020,10:23,13.546,13.546,13.546,13.546, 1
04/06/2020,10:31,13.212,13.212,13.212,13.212, 1
04/06/2020,10:32,13.546,13.546,13.546,13.546, 1
04/06/2020,11:01,13.212,13.212,13.212,13.212, 1
04/06/2020,11:23,13.245,13.245,13.245,13.245, 1
04/06/2020,12:25,12.857,12.857,12.857,12.857, 1
04/06/2020,13:32,13.382,13.382,13.382,13.382, 1
04/06/2020,13:32,13.053,13.053,13.053,13.053, 1
04/06/2020,14:06,12.848,12.848,12.848,12.848, 1
04/06/2020,14:24,12.709,12.709,12.709,12.709, 1
04/06/2020,14:30,12.602,12.602,12.602,12.602, 1
04/06/2020,18:21,14.85,14.85,14.85,14.85, 1
04/06/2020,18:23,14.7,14.7,14.7,14.7, 1
04/06/2020,18:26,14.901,14.901,14.901,14.901, 1
04/06/2020,18:28,14.7,14.7,14.7,14.7, 1
04/06/2020,18:32,14.901,14.901,14.901,14.901, 1
04/06/2020,18:32,14.7,14.7,14.7,14.7, 1
04/06/2020,20:28,14.901,14.901,14.901,14.901, 1
04/06/2020,20:29,14.7,14.7,14.7,14.7, 1
04/06/2020,22:09,14.901,14.901,14.901,14.901, 1
04/06/2020,22:10,14.7,14.7,14.7,14.7, 1
04/06/2020,22:44,14.23,14.7,14.23,14.7, 2
04/06/2020,22:47,14.3475,14.3475,14.3475,14.3475, 1
04/06/2020,22:47,14.255,14.255,14.255,14.255, 1
04/06/2020,22:49,14.7,14.7,14.7,14.7, 1
04/06/2020,22:56,14.3475,14.3475,14.3475,14.3475, 1
04/06/2020,22:56,14.7,14.7,14.7,14.7, 1
04/06/2020,22:59,14.317,14.317,14.317,14.317, 2
04/06/2020,23:01,14.3475,14.3475,14.3475,14.3475, 1
04/06/2020,23:04,14.7,14.7,14.7,14.7, 1
04/06/2020,23:31,14.3475,14.3475,14.3475,14.3475, 1
04/06/2020,23:33,14.7,14.7,14.7,14.7, 1
04/06/2020,23:46,14.3475,14.3475,14.3475,14.3475, 1
04/06/2020,23:47,14.7,14.7,14.7,14.7, 1
04/06/2020,23:49,14.025,14.025,14.025,14.025, 1
04/06/2020,23:50,14.3625,14.3625,14.3625,14.3625, 1
04/07/2020,06:01,14.195,14.195,14.195,14.195, 1
04/07/2020,06:02,14.7,14.7,14.194,14.194, 2
04/07/2020,06:04,14.7,14.7,14.7,14.7, 1
04/07/2020,06:28,14.7,14.7,14.7,14.7, 1
04/07/2020,06:46,14.194,14.194,14.194,14.194, 1
04/07/2020,06:48,14.7,14.7,14.7,14.7, 1
04/07/2020,07:01,14.194,14.194,14.194,14.194, 1
04/07/2020,07:02,14.7,14.7,14.7,14.7, 1
04/07/2020,07:05,14.195,14.7,14.195,14.7, 2
04/07/2020,07:46,14.195,14.7,14.195,14.7, 2
04/07/2020,08:01,14.195,14.195,14.195,14.195, 1
04/07/2020,08:03,14.7,14.7,14.7,14.7, 1
04/07/2020,08:06,14.195,14.195,14.195,14.195, 1
04/07/2020,08:08,14.7,14.7,14.7,14.7, 1
04/07/2020,08:31,14.195,14.195,14.195,14.195, 1
04/07/2020,08:32,14.7,14.7,14.7,14.7, 1
04/07/2020,08:34,14.64,14.64,14.64,14.64, 1
04/07/2020,08:34,14.195,14.7,14.195,14.7, 2
04/07/2020,09:01,14.195,14.7,14.195,14.7, 2
04/07/2020,09:06,14.195,14.7,14.195,14.7, 2
04/07/2020,09:09,14.197,14.197,14.197,14.197, 1
04/07/2020,09:13,14.7,14.7,14.7,14.7, 1
04/07/2020,09:16,14.7,14.7,14.7,14.7, 1
04/07/2020,09:31,14.197,14.197,14.197,14.197, 1
04/07/2020,09:33,14.7,14.7,14.7,14.7, 1
04/07/2020,09:33,14.7,14.7,14.7,14.7, 1
04/07/2020,10:01,14.197,14.197,14.197,14.197, 1
04/07/2020,10:02,14.7,14.7,14.7,14.7, 1
04/07/2020,10:11,14.197,14.197,14.197,14.197, 1
04/07/2020,10:11,14.7,14.7,14.7,14.7, 1
04/07/2020,10:14,15,15,15,15, 1
04/07/2020,10:31,14.7735,14.7735,14.7,14.7, 2
04/07/2020,11:01,14.197,14.197,14.197,14.197, 1
04/07/2020,11:02,14.7,14.7,14.7,14.7, 1
04/07/2020,11:13,14.197,14.197,14.197,14.197, 1
04/07/2020,11:14,14.7,14.7,14.7,14.7, 1
04/07/2020,12:06,14.197,14.197,14.197,14.197, 1
04/07/2020,12:08,14.7,14.7,14.7,14.7, 1
04/07/2020,12:15,14.197,14.197,14.197,14.197, 1
04/07/2020,12:15,14.7,14.7,14.7,14.7, 1
04/07/2020,13:01,14.197,14.197,14.197,14.197, 1
04/07/2020,13:01,14.7,14.7,14.7,14.7, 1
04/07/2020,13:24,14.478,14.7,14.478,14.7, 2
04/07/2020,13:26,14.197,14.7,14.197,14.7, 2
04/07/2020,13:31,14.197,14.7,14.197,14.7, 2
04/07/2020,14:06,14.197,14.197,14.197,14.197, 1
04/07/2020,14:07,14.7,14.7,14.7,14.7, 1
04/07/2020,14:14,14.479,14.479,14.479,14.479, 1
04/07/2020,14:15,14.7,14.7,14.7,14.7, 1
04/07/2020,14:20,14.156,14.156,14.156,14.156, 1
04/07/2020,14:22,14.7,14.7,14.7,14.7, 1
04/07/2020,15:07,14.156,14.156,14.156,14.156, 1
04/07/2020,15:08,14.7,14.7,14.7,14.7, 1
04/07/2020,15:22,14.197,14.197,14.197,14.197, 1
04/07/2020,15:22,14.7,14.7,14.7,14.7, 1
04/07/2020,15:31,14.197,14.197,14.197,14.197, 1
04/07/2020,15:32,14.7,14.7,14.7,14.7, 1
04/07/2020,16:01,14.197,14.197,14.197,14.197, 1
04/07/2020,16:01,14.7,14.7,14.7,14.7, 1
04/07/2020,16:24,14.199,14.199,14.199,14.199, 1
04/07/2020,16:25,14.7,14.7,14.7,14.7, 1
04/07/2020,16:46,14.199,14.199,14.199,14.199, 1
04/07/2020,16:47,14.7,14.7,14.7,14.7, 1
04/07/2020,17:02,14.7,14.7,14.7,14.7, 1
04/07/2020,17:23,14.39,14.39,14.39,14.39, 1
04/07/2020,17:24,14.7,14.7,14.7,14.7, 1
04/07/2020,17:26,14.194,14.194,14.194,14.194, 1
04/07/2020,17:28,14.7,14.7,14.7,14.7, 1
04/07/2020,17:56,14.194,14.194,14.194,14.194, 1
04/07/2020,17:58,14.7,14.7,14.7,14.7, 1
04/07/2020,18:01,14.194,14.194,14.194,14.194, 1
04/07/2020,18:02,14.7,14.7,14.7,14.7, 1
04/07/2020,18:05,14.7,14.7,14.7,14.7, 1
04/07/2020,18:28,14.123,14.123,14.123,14.123, 1
04/07/2020,18:29,14.445,14.7,14.445,14.7, 2
04/07/2020,18:36,14.7,14.7,14.7,14.7, 1
04/07/2020,18:51,14.123,14.7,14.123,14.7, 2
04/07/2020,18:56,14.123,14.7,14.123,14.7, 2
04/07/2020,19:01,14.123,14.7,14.123,14.7, 2
04/07/2020,19:30,14.023,14.023,14.023,14.023, 1
04/07/2020,19:31,14.3615,14.3615,14.3615,14.3615, 1
04/07/2020,20:01,14.023,14.023,14.023,14.023, 1
04/07/2020,20:01,14.3615,14.3615,14.3615,14.3615, 1
04/07/2020,20:33,13.984,14.342,13.984,14.342, 2
04/07/2020,21:01,13.984,13.984,13.984,13.984, 1
04/07/2020,21:01,14.342,14.342,14.342,14.342, 1
04/07/2020,21:35,13.988,13.988,13.988,13.988, 1
04/07/2020,21:36,14.344,14.344,14.344,14.344, 1
04/07/2020,22:01,13.988,13.988,13.988,13.988, 1
04/07/2020,22:01,14.344,14.344,14.344,14.344, 1
04/07/2020,22:27,13.988,14.344,13.988,14.344, 2
04/07/2020,22:37,13.946,14.375,13.946,14.375, 2
04/07/2020,22:38,14.7,14.7,14.7,14.7, 1
04/07/2020,22:42,14.354,14.354,14.354,14.354, 1
04/07/2020,22:43,14.7,14.7,14.7,14.7, 1
04/07/2020,22:56,14.323,14.323,14.323,14.323, 2
04/07/2020,23:01,14.323,14.323,14.323,14.323, 2
04/07/2020,23:01,14.323,14.323,14.323,14.323, 1
04/07/2020,23:03,14.323,14.323,14.323,14.323, 1
04/07/2020,23:31,14.323,14.323,14.323,14.323, 2
04/07/2020,23:39,14.3415,14.3415,14.3415,14.3415, 1
04/07/2020,23:40,14.7,14.7,14.7,14.7, 1
04/07/2020,23:56,14.3415,14.3415,14.3415,14.3415, 1
04/07/2020,23:56,14.7,14.7,14.7,14.7, 1
04/08/2020,06:46,14.338,14.338,14.338,14.338, 1
04/08/2020,06:46,14.7,14.7,14.7,14.7, 1
04/08/2020,06:54,14.3385,14.3385,14.3385,14.3385, 1
04/08/2020,06:55,14.7,14.7,14.7,14.7, 1
04/08/2020,07:01,14.3385,14.3385,14.3385,14.3385, 1
04/08/2020,07:01,14.7,14.7,14.7,14.7, 1
04/08/2020,07:46,14.3385,14.7,14.3385,14.7, 2
04/08/2020,07:57,14.339,14.7,14.339,14.7, 2
04/08/2020,08:01,14.339,14.339,14.339,14.339, 1
04/08/2020,08:02,14.7,14.7,14.7,14.7, 1
04/08/2020,08:06,14.339,14.339,14.339,14.339, 1
04/08/2020,08:07,14.7,14.7,14.7,14.7, 1
04/08/2020,08:31,14.339,14.7,14.339,14.7, 2
04/08/2020,08:59,14.338,14.338,14.338,14.338, 1
04/08/2020,09:00,14.7,14.7,14.7,14.7, 1
04/08/2020,09:01,14.338,14.338,14.338,14.338, 1
04/08/2020,09:02,14.7,14.7,14.7,14.7, 1
04/08/2020,09:06,14.338,14.338,14.338,14.338, 1
04/08/2020,09:07,14.7,14.7,14.7,14.7, 1
04/08/2020,09:25,14.338,14.7,14.338,14.7, 2
04/08/2020,09:31,14.338,14.338,14.338,14.338, 1
04/08/2020,09:31,14.7,14.7,14.7,14.7, 1
04/08/2020,10:01,14.338,14.338,14.338,14.338, 1
04/08/2020,10:02,14.7,14.7,14.7,14.7, 1
04/08/2020,10:15,14.376,14.376,14.376,14.376, 1
04/08/2020,10:31,14.351,14.351,14.351,14.351, 1
04/08/2020,10:32,14.7,14.7,14.7,14.7, 1
04/08/2020,11:01,14.338,14.7,14.338,14.7, 2
04/08/2020,12:01,14.338,14.338,14.338,14.338, 1
04/08/2020,12:01,14.7,14.7,14.7,14.7, 1
04/08/2020,12:05,14.3385,14.3385,14.3385,14.3385, 1
04/08/2020,12:06,14.7,14.7,14.7,14.7, 1
04/08/2020,13:01,14.3385,14.3385,14.3385,14.3385, 1
04/08/2020,13:01,14.7,14.7,14.7,14.7, 1
04/08/2020,13:08,14.338,14.7,14.338,14.7, 2
04/08/2020,13:26,14.338,14.338,14.338,14.338, 1
04/08/2020,13:27,14.7,14.7,14.7,14.7, 1
04/08/2020,13:31,14.338,14.338,14.338,14.338, 1
04/08/2020,13:31,14.7,14.7,14.7,14.7, 1
04/08/2020,14:02,14.369,14.369,14.369,14.369, 1
04/08/2020,14:03,14.7,14.7,14.7,14.7, 1
04/08/2020,14:06,14.338,14.7,14.338,14.7, 2
04/08/2020,14:09,14.3175,14.3175,14.3175,14.3175, 1
04/08/2020,14:11,14.3175,14.3175,14.3175,14.3175, 1
04/08/2020,14:31,14.3175,14.3175,14.3175,14.3175, 1
04/08/2020,15:01,14.3175,14.3175,14.3175,14.3175, 1
04/08/2020,15:01,14.3175,14.3175,14.3175,14.3175, 1
04/08/2020,15:11,14.3385,14.3385,14.3385,14.3385, 1
04/08/2020,15:13,14.7,14.7,14.7,14.7, 1
04/08/2020,15:31,14.3385,14.3385,14.3385,14.3385, 1
04/08/2020,16:01,14.3385,14.3385,14.3385,14.3385, 1
04/08/2020,16:01,14.7,14.7,14.7,14.7, 1
04/08/2020,16:14,14.3175,14.3175,14.3175,14.3175, 1
04/08/2020,16:15,14.3175,14.3175,14.3175,14.3175, 1
04/08/2020,16:46,14.3175,14.3175,14.3175,14.3175, 1
04/08/2020,16:47,14.3175,14.3175,14.3175,14.3175, 1
04/08/2020,16:59,14.368,14.368,14.368,14.368, 1
04/08/2020,16:59,14.7,14.7,14.7,14.7, 1
04/08/2020,17:01,14.3175,14.3175,14.3175,14.3175, 1
04/08/2020,17:01,14.3175,14.3175,14.3175,14.3175, 1
04/08/2020,17:16,14.3385,14.3385,14.3385,14.3385, 1
04/08/2020,17:17,14.7,14.7,14.7,14.7, 1
04/08/2020,17:56,14.3385,14.3385,14.3385,14.3385, 1
04/08/2020,17:57,14.7,14.7,14.7,14.7, 1
04/08/2020,18:01,14.3385,14.3385,14.3385,14.3385, 1
04/08/2020,18:01,14.7,14.7,14.7,14.7, 1
04/08/2020,18:18,14.338,14.338,14.338,14.338, 1
04/08/2020,18:19,14.7,14.7,14.7,14.7, 1
04/08/2020,18:51,14.338,14.7,14.338,14.7, 2
04/08/2020,18:55,14.338,14.338,14.338,14.338, 1
04/08/2020,18:56,14.7,14.7,14.7,14.7, 1
04/08/2020,19:20,14.338,14.338,14.338,14.338, 1
04/08/2020,19:22,14.7,14.7,14.7,14.7, 1
04/08/2020,20:01,14.338,14.7,14.338,14.7, 2
04/08/2020,20:23,14.012,14.356,14.012,14.356, 2
04/08/2020,21:01,14.012,14.356,14.012,14.356, 2
04/08/2020,21:25,14.105,14.105,14.105,14.105, 1
04/08/2020,21:26,14.7,14.7,14.7,14.7, 1
04/08/2020,21:50,14.428,14.428,14.428,14.428, 1
04/08/2020,21:50,14.7,14.7,14.7,14.7, 1
04/08/2020,22:01,14.105,14.105,14.105,14.105, 1
04/08/2020,22:02,14.7,14.7,14.7,14.7, 1
04/08/2020,22:27,14.105,14.7,14.105,14.168, 3
04/08/2020,22:28,14.7,14.7,14.7,14.7, 1
04/08/2020,22:31,14.168,14.168,14.168,14.168, 1
04/08/2020,22:31,14.7,14.7,14.7,14.7, 1
04/08/2020,22:56,14.168,14.7,14.168,14.7, 2
04/08/2020,23:01,14.168,14.168,14.168,14.168, 1
04/08/2020,23:03,14.7,14.7,14.7,14.7, 1
04/08/2020,23:06,14.168,14.168,14.168,14.168, 1
04/08/2020,23:07,14.7,14.7,14.7,14.7, 1
04/08/2020,23:29,14.202,14.202,14.202,14.202, 1
04/08/2020,23:29,14.7,14.7,14.7,14.7, 1
04/08/2020,23:31,14.202,14.202,14.202,14.202, 1
04/08/2020,23:32,14.7,14.7,14.7,14.7, 1
04/09/2020,06:01,14.191,14.191,14.191,14.191, 1
04/09/2020,06:01,14.7,14.7,14.7,14.7, 1
04/09/2020,06:44,14.19,14.19,14.19,14.19, 1
04/09/2020,06:46,14.7,14.7,14.19,14.19, 2
04/09/2020,06:47,14.7,14.7,14.7,14.7, 1
04/09/2020,07:01,14.19,14.19,14.19,14.19, 1
04/09/2020,07:01,14.7,14.7,14.7,14.7, 1
04/09/2020,07:46,14.19,14.7,14.19,14.7, 2
04/09/2020,07:46,14.19,14.19,14.19,14.19, 1
04/09/2020,07:47,14.7,14.7,14.7,14.7, 1
04/09/2020,08:01,14.19,14.19,14.19,14.19, 1
04/09/2020,08:01,14.7,14.7,14.7,14.7, 1
04/09/2020,08:06,14.19,14.19,14.19,14.19, 1
04/09/2020,08:08,14.7,14.7,14.7,14.7, 1
04/09/2020,08:31,14.19,14.7,14.19,14.7, 2
04/09/2020,08:36,14.19,14.19,14.19,14.19, 1
04/09/2020,08:37,14.7,14.7,14.7,14.7, 1
04/09/2020,08:49,14.189,14.7,14.189,14.7, 2
04/09/2020,09:06,14.189,14.7,14.189,14.7, 2
04/09/2020,09:31,14.189,14.7,14.189,14.7, 2
04/09/2020,09:51,14.191,14.191,14.191,14.191, 1
04/09/2020,09:52,14.7,14.7,14.7,14.7, 1
04/09/2020,10:01,14.191,14.7,14.191,14.7, 2
04/09/2020,10:16,15,15,15,15, 1
04/09/2020,10:31,14.7705,14.7705,14.7705,14.7705, 1
04/09/2020,10:31,14.7,14.7,14.7,14.7, 1
04/09/2020,10:53,14.189,14.7,14.189,14.7, 2
04/09/2020,11:01,14.189,14.189,14.189,14.189, 1
04/09/2020,11:02,14.7,14.7,14.7,14.7, 1
04/09/2020,11:55,14.189,14.189,14.189,14.189, 1
04/09/2020,12:57,13.841,13.841,13.841,13.841, 1
04/09/2020,13:39,13.811,13.811,13.811,13.811, 1
04/09/2020,13:59,14.018,14.018,14.018,14.018, 1
04/09/2020,21:57,16.567,16.567,16.395,16.395, 2
04/10/2020,10:59,16.69,16.69,16.69,16.69, 1
04/13/2020,09:51,16.69,16.69,16.69,16.69, 1
04/14/2020,08:35,16.395,16.395,16.395,16.395, 1
04/14/2020,08:51,15.978,16.395,15.978,16.395, 2
04/14/2020,08:53,15.978,16.395,15.978,16.395, 2
04/14/2020,09:01,15.978,16.395,15.978,16.395, 2
04/14/2020,09:06,15.978,16.395,15.978,16.395, 2
04/14/2020,09:07,15.978,15.978,15.978,15.978, 1
04/14/2020,09:08,16.395,16.395,16.395,16.395, 1
04/14/2020,09:09,15.893,15.893,15.893,15.893, 1
04/14/2020,09:10,16.395,16.395,16.395,16.395, 1
04/14/2020,09:31,15.893,16.395,15.893,16.395, 2
04/14/2020,09:59,16.69,16.69,16.69,16.69, 1
04/14/2020,10:01,16.4665,16.4665,16.395,16.395, 2
04/14/2020,10:11,15.892,15.892,15.892,15.892, 1
04/14/2020,10:12,16.395,16.395,16.395,16.395, 1
04/14/2020,10:31,15.892,16.395,15.892,16.395, 2
04/14/2020,10:37,16.526,16.526,16.526,16.526, 1
04/14/2020,11:01,15.892,16.526,15.892,16.526, 2
04/14/2020,11:13,15.983,15.983,15.983,15.983, 1
04/14/2020,11:14,16.526,16.526,16.526,16.526, 1
04/14/2020,12:01,15.983,16.526,15.983,16.526, 2
04/14/2020,12:06,15.983,16.526,15.983,16.526, 2
04/14/2020,12:15,15.991,15.991,15.991,15.991, 1
04/14/2020,12:17,16.526,16.526,16.526,16.526, 1
04/14/2020,13:01,15.991,16.526,15.991,16.526, 2
04/14/2020,13:26,15.99,15.99,15.99,15.99, 1
04/14/2020,13:26,16.526,16.526,16.526,16.526, 1
04/14/2020,13:31,15.99,16.526,15.99,16.526, 2
04/14/2020,14:06,15.99,16.526,15.99,16.526, 2
04/14/2020,14:19,15.99,15.99,15.99,15.99, 1
04/14/2020,14:20,16.526,16.526,16.526,16.526, 1
04/14/2020,14:24,16.615,16.615,16.615,16.615, 1
04/14/2020,14:25,16.526,16.526,16.526,16.526, 1
04/14/2020,14:31,15.99,15.99,15.99,15.99, 1
04/14/2020,14:32,16.526,16.526,16.526,16.526, 1
04/14/2020,14:36,16.567,16.567,16.567,16.567, 1
04/14/2020,14:37,16.526,16.526,16.526,16.526, 1
04/14/2020,14:43,16.567,16.567,16.567,16.567, 1
04/14/2020,14:44,16.526,16.526,16.526,16.526, 1
04/14/2020,14:48,16.261,16.261,16.261,16.261, 1
04/14/2020,14:49,16.526,16.526,16.526,16.526, 1
04/14/2020,15:01,15.99,15.99,15.99,15.99, 1
04/14/2020,15:02,16.526,16.526,16.526,16.526, 1
04/14/2020,15:22,15.993,15.993,15.993,15.993, 1
04/14/2020,15:23,16.526,16.526,16.526,16.526, 1
04/14/2020,15:31,16.526,16.526,16.526,16.526, 1
04/14/2020,15:36,16.567,16.567,16.526,16.526, 2
04/14/2020,15:58,16.567,16.567,16.526,16.526, 2
04/14/2020,16:01,15.993,15.993,15.993,15.993, 1
04/14/2020,16:02,16.526,16.526,16.526,16.526, 1
04/14/2020,16:24,15.996,16.526,15.996,16.526, 2
04/14/2020,16:46,15.996,16.526,15.996,16.526, 2
04/14/2020,16:54,16.265,16.265,16.265,16.265, 1
04/14/2020,16:55,16.526,16.526,16.526,16.526, 1
04/14/2020,16:57,16.241,16.241,16.241,16.241, 1
04/14/2020,16:57,16.526,16.526,16.526,16.526, 1
04/14/2020,17:01,15.996,15.996,15.996,15.996, 1
04/14/2020,17:02,16.526,16.526,16.526,16.526, 1
04/14/2020,17:22,16.241,16.241,16.241,16.241, 1
04/14/2020,17:27,16.526,16.526,16.526,16.526, 1
04/14/2020,17:56,15.95,16.526,15.95,16.526, 2
04/14/2020,18:01,15.95,16.526,15.95,16.526, 2
04/14/2020,18:16,17.122,17.122,17.122,17.122, 1
04/14/2020,18:17,17,17,17,17, 1
04/14/2020,18:18,16.526,16.526,16.526,16.526, 1
04/14/2020,18:25,16.567,16.567,16.526,16.526, 2
04/14/2020,18:28,16.011,16.011,16.011,16.011, 1
04/14/2020,18:29,16.567,16.567,16.526,16.526, 2
04/14/2020,18:51,16.011,16.011,16.011,16.011, 1
04/14/2020,18:52,16.526,16.526,16.526,16.526, 1
04/14/2020,19:01,16.011,16.011,16.011,16.011, 1
04/14/2020,19:02,16.526,16.526,16.011,16.011, 2
04/14/2020,19:04,16.526,16.526,16.526,16.526, 1
04/14/2020,19:29,16.567,16.567,16.526,16.526, 2
04/14/2020,19:30,16.051,16.526,16.051,16.526, 2
04/14/2020,19:43,16.27,16.27,16.27,16.27, 1
04/14/2020,19:45,16.526,16.526,16.526,16.526, 1
04/14/2020,20:01,16.051,16.526,16.051,16.526, 2
04/14/2020,20:33,16.05,16.526,16.05,16.526, 2
04/14/2020,20:34,16.293,16.567,16.293,16.567, 2
04/14/2020,20:35,16.526,16.526,16.526,16.526, 1
04/14/2020,21:01,16.05,16.526,16.05,16.526, 2
04/14/2020,21:19,16.292,16.526,16.292,16.526, 2
04/14/2020,21:35,16.005,16.526,16.005,16.526, 2
04/14/2020,22:01,16.005,16.005,16.005,16.005, 1
04/14/2020,22:03,16.526,16.526,16.526,16.526, 1
04/14/2020,22:26,16.005,16.526,16.005,16.526, 2
04/14/2020,22:31,16.005,16.005,16.005,16.005, 1
04/14/2020,22:32,16.526,16.526,16.526,16.526, 1
04/14/2020,22:33,16.567,16.567,16.567,16.567, 1
04/14/2020,22:34,16.526,16.526,16.526,16.526, 1
04/14/2020,22:37,16.053,16.053,16.053,16.053, 1
04/14/2020,22:37,16.526,16.526,16.526,16.526, 1
04/14/2020,23:01,16.053,16.053,16.053,16.053, 1
04/14/2020,23:02,16.526,16.526,16.526,16.526, 1
04/14/2020,23:31,16.053,16.053,16.053,16.053, 1
04/14/2020,23:32,16.526,16.526,16.526,16.526, 1
04/14/2020,23:39,16.054,16.054,16.054,16.054, 1
04/14/2020,23:39,16.526,16.526,16.526,16.526, 1
04/14/2020,23:56,16.054,16.054,16.054,16.054, 1
04/14/2020,23:56,16.526,16.526,16.526,16.526, 1
04/15/2020,06:01,16.054,16.054,16.054,16.054, 1
04/15/2020,06:02,16.526,16.526,16.526,16.526, 1
04/15/2020,06:46,16.054,16.054,16.054,16.054, 1
04/15/2020,06:46,16.526,16.526,16.526,16.526, 1
04/15/2020,06:55,16.053,16.526,16.053,16.526, 2
04/15/2020,07:01,16.053,16.053,16.053,16.053, 1
04/15/2020,07:02,16.526,16.526,16.526,16.526, 1
04/15/2020,07:46,16.053,16.526,16.053,16.526, 2
04/15/2020,08:01,16.053,16.053,16.053,16.053, 1
04/15/2020,08:02,16.526,16.526,16.526,16.526, 1
04/15/2020,08:06,16.053,16.053,16.053,16.053, 1
04/15/2020,08:07,16.526,16.526,16.526,16.526, 1
04/15/2020,08:31,16.053,16.053,16.053,16.053, 1
04/15/2020,08:32,16.526,16.526,16.526,16.526, 1
04/15/2020,09:01,16.053,16.526,16.053,16.526, 2
04/15/2020,09:03,16.053,16.053,16.053,16.053, 1
04/15/2020,09:03,16.526,16.526,16.526,16.526, 1
04/15/2020,09:06,16.053,16.526,16.053,16.526, 2
04/15/2020,09:31,16.053,16.053,16.053,16.053, 1
04/15/2020,09:31,16.526,16.526,16.526,16.526, 1
04/15/2020,09:51,16.876,16.876,16.876,16.876, 1
04/15/2020,10:01,16.639,16.639,16.639,16.639, 1
04/15/2020,10:31,16.676,16.676,16.676,16.676, 1
04/15/2020,11:03,16.8725,16.8725,16.8725,16.8725, 1
04/15/2020,11:03,17.3,17.3,17.3,17.3, 1
04/15/2020,12:01,16.8725,17.3,16.8725,17.3, 2
04/15/2020,12:05,16.503,16.503,16.503,16.503, 1
04/15/2020,12:06,16.9015,16.9015,16.503,16.503, 2
04/15/2020,12:07,16.9015,16.9015,16.9015,16.9015, 1
04/15/2020,13:01,16.503,16.9015,16.503,16.9015, 2
04/15/2020,13:07,16.509,16.509,16.509,16.509, 1
04/15/2020,13:08,16.9045,16.9045,16.9045,16.9045, 1
04/15/2020,13:26,16.509,16.509,16.509,16.509, 1
04/15/2020,13:27,16.9045,16.9045,16.9045,16.9045, 1
04/15/2020,13:31,16.509,16.509,16.509,16.509, 1
04/15/2020,13:31,16.9045,16.9045,16.9045,16.9045, 1
04/15/2020,14:06,16.509,16.509,16.509,16.509, 1
04/15/2020,14:06,16.9045,16.9045,16.9045,16.9045, 1
04/15/2020,14:09,16.506,16.506,16.506,16.506, 1
04/15/2020,14:10,16.903,16.903,16.903,16.903, 1
04/15/2020,14:31,16.506,16.903,16.506,16.903, 2
04/15/2020,15:01,16.506,16.903,16.506,16.903, 2
04/15/2020,15:08,17,17,17,17, 1
04/15/2020,15:09,17.3,17.3,17.3,17.3, 1
04/15/2020,15:12,16.502,16.901,16.502,16.901, 2
04/15/2020,15:12,16.836,16.836,16.836,16.836, 1
04/15/2020,15:14,17.3,17.3,17.3,17.3, 1
04/15/2020,15:19,17.3,17.3,17.3,17.3, 1
04/15/2020,15:31,16.901,16.901,16.901,16.901, 1
04/15/2020,15:52,16.836,16.836,16.836,16.836, 1
04/15/2020,15:53,17.3,17.3,17.3,17.3, 1
04/15/2020,16:01,16.502,16.901,16.502,16.901, 2
04/15/2020,16:14,16.513,16.513,16.513,16.513, 1
04/15/2020,16:15,17.3,17.3,17.3,17.3, 1
04/15/2020,16:46,16.513,17.3,16.513,17.3, 2
04/15/2020,17:01,16.513,17.3,16.513,17.3, 2
04/15/2020,17:12,16.836,17.3,16.836,17.3, 2
04/15/2020,17:16,16.494,16.897,16.494,16.897, 2
04/15/2020,17:26,16.974,17.3,16.974,17.3, 2
04/15/2020,17:52,16.965,16.965,16.965,16.965, 1
04/15/2020,17:53,17.3,17.3,17.3,17.3, 1
04/15/2020,18:01,16.494,16.494,16.494,16.494, 1
04/15/2020,18:01,16.897,16.897,16.897,16.897, 1
04/15/2020,18:11,16.981,17.3,16.981,17.3, 2
04/15/2020,18:12,16.965,16.965,16.965,16.965, 1
04/15/2020,18:13,17.3,17.3,17.3,17.3, 1
04/15/2020,18:24,16.836,16.836,16.836,16.836, 1
04/15/2020,18:25,17.3,17.3,17.3,17.3, 1
04/15/2020,18:46,16.836,16.836,16.836,16.836, 1
04/15/2020,18:46,17.3,17.3,17.3,17.3, 1
04/15/2020,18:50,16.964,16.964,16.836,16.836, 2
04/15/2020,18:51,16.426,16.426,16.426,16.426, 1
04/15/2020,18:55,16.426,16.426,16.426,16.426, 1
04/15/2020,19:01,16.426,16.426,16.426,16.426, 1
04/15/2020,19:21,16.497,16.8985,16.497,16.8985, 2
04/15/2020,19:49,16.836,17.3,16.836,17.3, 2
04/15/2020,20:01,16.497,16.497,16.497,16.497, 1
04/15/2020,20:03,16.8985,16.8985,16.8985,16.8985, 1
04/15/2020,20:22,16.501,16.501,16.501,16.501, 1
04/15/2020,20:23,16.9005,16.9005,16.9005,16.9005, 1
04/15/2020,21:01,16.501,16.501,16.501,16.501, 1
04/15/2020,21:02,16.9005,16.9005,16.9005,16.9005, 1
04/15/2020,21:16,17.05,17.05,17.05,17.05, 1
04/15/2020,21:16,16.836,16.836,16.836,16.836, 1
04/15/2020,21:17,17.3,17.3,17.3,17.3, 1
04/15/2020,21:25,16.511,16.9055,16.511,16.9055, 2
04/15/2020,21:52,16.836,16.836,16.836,16.836, 1
04/15/2020,21:53,16.995,17.3,16.995,17.3, 2
04/15/2020,22:01,16.511,16.9055,16.511,16.9055, 2
04/15/2020,22:26,16.511,16.511,16.511,16.511, 1
04/15/2020,22:27,16.523,16.523,16.523,16.523, 1
04/15/2020,22:27,17.3,17.3,17.3,17.3, 1
04/15/2020,22:31,16.523,16.523,16.523,16.523, 1
04/15/2020,22:32,17.3,17.3,17.3,17.3, 1
04/15/2020,22:56,16.523,16.523,16.523,16.523, 1
04/15/2020,22:56,17.3,17.3,17.3,17.3, 1
04/15/2020,23:01,16.523,16.523,16.523,16.523, 1
04/15/2020,23:01,17.3,17.3,17.3,17.3, 1
04/15/2020,23:03,16.98,16.98,16.98,16.98, 1
04/15/2020,23:04,17.3,17.3,17.3,17.3, 1
04/15/2020,23:06,16.523,16.523,16.523,16.523, 1
04/15/2020,23:06,17.3,17.3,17.3,17.3, 1
04/15/2020,23:29,16.573,17.3,16.573,17.3, 2
04/15/2020,23:31,16.573,16.573,16.573,16.573, 1
04/15/2020,23:32,17.3,17.3,17.3,17.3, 1
04/15/2020,23:53,16.836,16.836,16.836,16.836, 1
04/15/2020,23:54,17.3,17.3,17.3,17.3, 1
04/16/2020,06:01,16.488,16.488,16.488,16.488, 1
04/16/2020,06:03,16.894,16.894,16.894,16.894, 1
04/16/2020,06:44,16.434,16.434,16.434,16.434, 1
04/16/2020,07:01,16.434,16.434,16.434,16.434, 1
04/16/2020,07:46,16.434,16.434,16.434,16.434, 1
04/16/2020,07:46,16.488,16.894,16.488,16.894, 2
04/16/2020,08:01,16.488,16.488,16.488,16.488, 1
04/16/2020,08:01,16.894,16.894,16.894,16.894, 1
04/16/2020,08:06,16.488,16.894,16.488,16.894, 2
04/16/2020,08:31,16.488,16.488,16.488,16.488, 1
04/16/2020,08:32,16.894,16.894,16.894,16.894, 1
04/16/2020,09:01,16.488,16.488,16.488,16.488, 1
04/16/2020,09:01,16.894,16.894,16.894,16.894, 1
04/16/2020,09:06,16.488,16.488,16.488,16.488, 1
04/16/2020,09:06,16.894,16.894,16.894,16.894, 1
04/16/2020,09:32,16.894,16.894,16.894,16.894, 1
04/16/2020,09:56,16.834,16.834,16.834,16.834, 1
04/16/2020,10:01,16.488,16.488,16.488,16.488, 1
04/16/2020,10:02,16.894,16.894,16.894,16.894, 1
04/16/2020,10:31,16.488,16.894,16.488,16.894, 2
04/16/2020,11:01,16.435,16.435,16.435,16.435, 1
04/16/2020,11:55,16.434,16.434,16.434,16.434, 1
04/16/2020,12:01,16.434,16.434,16.434,16.434, 1
04/16/2020,12:57,16.436,16.436,16.436,16.436, 1
04/16/2020,13:01,16.436,16.436,16.436,16.436, 1
04/16/2020,13:26,16.436,16.436,16.436,16.436, 1
04/16/2020,13:31,16.436,16.436,16.436,16.436, 1
04/16/2020,13:31,16.995,17.3,16.995,17.3, 2
04/16/2020,13:41,16.993,16.993,16.993,16.993, 1
04/16/2020,13:42,17.3,17.3,17.3,17.3, 1
04/16/2020,13:59,16.518,17.3,16.518,17.3, 2
04/16/2020,14:01,16.518,16.518,16.518,16.518, 1
04/16/2020,14:01,17.3,17.3,17.3,17.3, 1
04/16/2020,14:31,16.518,17.3,16.518,17.3, 2
04/16/2020,15:01,16.518,16.518,16.518,16.518, 1
04/16/2020,15:03,16.521,17.3,16.521,17.3, 2
04/16/2020,15:07,17.337,17.337,17.3,17.3, 2
04/16/2020,15:14,17.337,17.337,17.337,17.337, 1
04/16/2020,15:15,17.3,17.3,17.3,17.3, 1
04/16/2020,15:31,16.521,16.521,16.521,16.521, 1
04/16/2020,15:43,17.05,17.05,17.05,17.05, 1
04/16/2020,15:44,17.3,17.3,17.3,17.3, 1
04/16/2020,16:04,16.521,16.521,16.521,16.521, 1
04/16/2020,16:04,17.3,17.3,17.3,17.3, 1
04/16/2020,16:38,17.337,17.337,17.337,17.337, 1
04/16/2020,16:39,17.3,17.3,17.3,17.3, 1
04/16/2020,16:46,16.521,16.521,16.521,16.521, 1
04/16/2020,16:48,17.3,17.3,17.3,17.3, 1
04/16/2020,17:01,16.521,16.929,16.521,16.929, 2
04/16/2020,17:02,17.3,17.3,17.3,17.3, 1
04/16/2020,17:06,17.25,17.25,16.492,16.492, 2
04/16/2020,17:06,16.896,16.896,16.896,16.896, 1
04/16/2020,17:32,16.983,16.983,16.983,16.983, 1
04/16/2020,17:34,17.3,17.3,17.3,17.3, 1
04/16/2020,17:36,17.337,17.337,17.3,17.3, 2
04/16/2020,17:56,16.492,16.492,16.492,16.492, 1
04/16/2020,17:57,16.896,16.896,16.896,16.896, 1
04/16/2020,18:01,16.492,16.492,16.492,16.492, 1
04/16/2020,18:02,16.896,16.896,16.896,16.896, 1
04/16/2020,18:07,17.004,17.004,17.004,17.004, 1
04/16/2020,18:08,16.504,16.504,16.504,16.504, 1
04/16/2020,18:09,16.902,16.902,16.902,16.902, 1
04/16/2020,18:16,17.171,17.171,17.171,17.171, 1
04/16/2020,18:17,17.3,17.3,17.3,17.3, 1
04/16/2020,18:44,17.337,17.337,17.337,17.337, 1
04/16/2020,18:45,17.3,17.3,17.3,17.3, 1
04/16/2020,18:51,16.504,16.504,16.504,16.504, 1
04/16/2020,18:51,16.902,16.902,16.902,16.902, 1
04/16/2020,18:57,16.504,16.902,16.504,16.902, 2
04/16/2020,19:01,16.504,16.902,16.504,16.902, 2
04/16/2020,19:11,16.603,17.3,16.603,17.3, 2
04/16/2020,19:36,17.337,17.337,17.337,17.337, 1
04/16/2020,19:37,17.3,17.3,17.3,17.3, 1
04/16/2020,19:40,17.337,17.337,17.3,17.3, 2
04/16/2020,20:01,16.603,16.603,16.603,16.603, 1
04/16/2020,20:01,17.3,17.3,17.3,17.3, 1
04/16/2020,20:04,17.2,17.25,17.2,17.25, 2
04/16/2020,20:06,17.3,17.3,17.3,17.3, 1
04/16/2020,20:13,16.675,17.3,16.675,17.3, 2
04/16/2020,21:01,16.675,17.3,16.675,17.3, 2
04/16/2020,21:07,17.337,17.337,17.337,17.337, 1
04/16/2020,21:08,17.3,17.3,17.3,17.3, 1
04/16/2020,21:15,16.634,17.3,16.634,17.3, 2
04/16/2020,22:01,16.634,17.3,16.634,17.3, 2
04/16/2020,22:17,16.635,17.3,16.635,17.3, 2
04/16/2020,22:31,16.635,16.635,16.635,16.635, 1
04/16/2020,22:31,17.3,17.3,17.3,17.3, 1
04/16/2020,22:36,17.07,17.07,17.07,17.07, 1
04/16/2020,22:37,17.3,17.3,17.3,17.3, 1
04/16/2020,22:46,16.917,17.3,16.917,17.3, 2
04/16/2020,23:01,16.635,16.635,16.635,16.635, 1
04/16/2020,23:02,17.3,17.3,17.3,17.3, 1
04/16/2020,23:19,16.677,17.3,16.677,17.3, 2
04/16/2020,23:31,16.677,16.677,16.677,16.677, 1
04/16/2020,23:32,17.3,17.3,17.3,17.3, 1
04/17/2020,06:01,16.671,16.671,16.671,16.671, 1
04/17/2020,06:03,17.3,17.3,17.3,17.3, 1
04/17/2020,06:34,16.671,16.671,16.671,16.671, 1
04/17/2020,06:34,17.3,17.3,17.3,17.3, 1
04/17/2020,06:46,16.671,16.671,16.671,16.671, 1
04/17/2020,06:46,17.3,17.3,17.3,17.3, 1
04/17/2020,07:01,16.671,16.671,16.671,16.671, 1
04/17/2020,07:01,17.3,17.3,17.3,17.3, 1
04/17/2020,07:36,16.671,16.671,16.671,16.671, 1
04/17/2020,07:38,17.3,17.3,17.3,17.3, 1
04/17/2020,07:46,16.671,16.671,16.671,16.671, 1
04/17/2020,07:47,17.3,17.3,17.3,17.3, 1
04/17/2020,08:01,16.671,16.671,16.671,16.671, 1
04/17/2020,08:02,17.3,17.3,17.3,17.3, 1
04/17/2020,08:06,16.671,16.671,16.671,16.671, 1
04/17/2020,08:07,17.3,17.3,17.3,17.3, 1
04/17/2020,08:31,16.671,16.671,16.671,16.671, 1
04/17/2020,08:31,17.3,17.3,17.3,17.3, 1
04/17/2020,08:55,16.67,16.67,16.67,16.67, 1
04/17/2020,08:58,17.3,17.3,17.3,17.3, 1
04/17/2020,09:01,16.67,16.67,16.67,16.67, 1
04/17/2020,09:03,17.3,17.3,17.3,17.3, 1
04/17/2020,09:06,16.67,16.67,16.67,16.67, 1
04/17/2020,09:07,17.3,17.3,17.3,17.3, 1
04/17/2020,09:31,16.67,16.67,16.67,16.67, 1
04/17/2020,09:32,17.3,17.3,17.3,17.3, 1
04/17/2020,09:40,16.672,16.672,16.672,16.672, 1
04/17/2020,09:41,17.3,17.3,17.3,17.3, 1
04/17/2020,09:56,17.5,17.5,17.5,17.5, 1
04/17/2020,10:01,17.261,17.261,17.261,17.261, 1
04/17/2020,10:01,17.3,17.3,17.3,17.3, 1
04/17/2020,10:30,17.45,17.45,17.45,17.45, 1
04/17/2020,10:31,16.672,16.672,16.672,16.672, 1
04/17/2020,10:32,17.45,17.45,17.45,17.45, 1
04/17/2020,10:43,16.746,16.746,16.746,16.746, 1
04/17/2020,10:44,17.45,17.45,17.45,17.45, 1
04/17/2020,11:01,16.746,16.746,16.746,16.746, 1
04/17/2020,11:01,17.45,17.45,17.45,17.45, 1
04/17/2020,11:45,16.748,16.748,16.748,16.748, 1
04/17/2020,11:45,17.45,17.45,17.45,17.45, 1
04/17/2020,12:01,16.748,16.748,16.748,16.748, 1
04/17/2020,12:02,17.45,17.45,17.45,17.45, 1
04/17/2020,12:06,16.748,16.748,16.748,16.748, 1
04/17/2020,12:07,17.45,17.45,17.45,17.45, 1
04/17/2020,12:47,16.748,17.45,16.748,17.45, 2
04/17/2020,13:01,16.748,17.45,16.748,17.45, 2
04/17/2020,13:06,17.192,17.45,17.176,17.176, 3
04/17/2020,13:07,17.45,17.45,17.45,17.45, 1
04/17/2020,13:26,16.748,16.748,16.748,16.748, 1
04/17/2020,13:27,17.45,17.45,17.45,17.45, 1
04/17/2020,13:31,16.748,16.748,16.748,16.748, 1
04/17/2020,13:32,17.45,17.45,17.45,17.45, 1
04/17/2020,13:38,17.198,17.198,17.198,17.198, 1
04/17/2020,13:39,17.45,17.45,17.45,17.45, 1
04/17/2020,13:49,17.181,17.45,17.181,17.45, 2
04/17/2020,14:00,17.181,17.45,17.181,17.45, 2
04/17/2020,14:06,16.692,16.692,16.692,16.692, 1
04/17/2020,14:06,17.207,17.207,17.207,17.207, 1
04/17/2020,14:07,17.45,17.45,17.45,17.45, 1
04/17/2020,14:31,16.692,16.692,16.692,16.692, 1
04/17/2020,14:33,17.45,17.45,17.45,17.45, 1
04/17/2020,14:43,17.337,17.337,17.337,17.337, 1
04/17/2020,14:44,17.45,17.45,17.45,17.45, 1
04/17/2020,14:50,17.337,17.337,17.337,17.337, 1
04/17/2020,14:51,16.684,16.684,16.684,16.684, 1
04/17/2020,14:52,17.45,17.45,17.45,17.45, 1
04/17/2020,15:01,16.684,16.684,16.684,16.684, 1
04/17/2020,15:02,17.45,17.45,17.45,17.45, 1
04/17/2020,15:31,17.45,17.45,17.337,17.337, 2
04/17/2020,15:33,17.45,17.45,17.45,17.45, 1
04/17/2020,15:53,16.742,16.742,16.742,16.742, 1
04/17/2020,15:54,17.45,17.45,17.45,17.45, 1
04/17/2020,16:01,16.742,16.742,16.742,16.742, 1
04/17/2020,16:02,17.45,17.45,17.45,17.45, 1
04/17/2020,16:46,17.45,17.45,17.45,17.45, 1
04/17/2020,17:01,16.743,16.743,16.743,16.743, 1
04/17/2020,17:03,17.45,17.45,17.45,17.45, 1
04/17/2020,17:15,17.337,17.337,17.337,17.337, 1
04/17/2020,17:16,17.45,17.45,17.45,17.45, 1
04/17/2020,17:40,17.337,17.337,17.337,17.337, 1
04/17/2020,17:41,17.45,17.45,17.45,17.45, 1
04/17/2020,17:56,16.743,16.743,16.743,16.743, 1
04/17/2020,17:56,17.45,17.45,17.45,17.45, 1
04/17/2020,17:58,16.744,16.744,16.744,16.744, 1
04/17/2020,17:58,17.45,17.45,17.45,17.45, 1
04/17/2020,18:01,16.744,16.744,16.744,16.744, 1
04/17/2020,18:01,17.45,17.45,17.45,17.45, 1
04/17/2020,18:03,17.337,17.45,17.337,17.45, 2
04/17/2020,18:16,17.629,17.629,17.629,17.629, 1
04/17/2020,18:16,17.45,17.45,17.45,17.45, 1
04/17/2020,18:47,17.3,17.45,17.3,17.45, 2
04/17/2020,18:51,16.744,16.744,16.744,16.744, 1
04/17/2020,18:51,17.45,17.45,17.45,17.45, 1
04/17/2020,18:52,16.744,16.744,16.744,16.744, 1
04/17/2020,18:53,17.45,17.45,17.45,17.45, 1
04/17/2020,18:55,17.337,17.337,17.337,17.337, 1
04/17/2020,18:55,17.45,17.45,17.45,17.45, 1
04/17/2020,19:01,16.756,17.45,16.756,16.756, 3
04/17/2020,19:01,17.45,17.45,17.45,17.45, 1
04/17/2020,19:17,17.204,17.204,17.204,17.204, 1
04/17/2020,19:18,17.45,17.45,17.45,17.45, 1
04/17/2020,19:19,17.337,17.337,17.337,17.337, 1
04/17/2020,19:21,17.45,17.45,17.45,17.45, 1
04/17/2020,20:01,16.756,16.756,16.756,16.756, 1
04/17/2020,20:02,17.337,17.45,17.337,17.45, 2
04/17/2020,20:02,16.779,17.45,16.779,17.45, 2
04/17/2020,20:09,17.224,17.224,17.224,17.224, 1
04/17/2020,20:11,17.45,17.45,17.45,17.45, 1
04/17/2020,20:14,17.208,17.45,17.208,17.45, 2
04/17/2020,20:42,17.225,17.225,17.225,17.225, 1
04/17/2020,20:43,17.45,17.45,17.45,17.45, 1
04/17/2020,21:01,16.779,16.779,16.779,16.779, 1
04/17/2020,21:02,17.45,17.45,17.45,17.45, 1
04/17/2020,21:18,17.337,17.337,17.337,17.337, 1
04/17/2020,21:18,17.45,17.45,17.45,17.45, 1
04/17/2020,22:01,16.779,16.779,16.779,16.779, 1
04/17/2020,22:02,17.45,17.45,17.45,17.45, 1
04/17/2020,22:06,16.779,17.45,16.779,17.45, 2
04/17/2020,22:31,16.779,16.779,16.779,16.779, 1
04/17/2020,22:32,17.45,17.45,17.45,17.45, 1
04/17/2020,22:56,16.779,17.45,16.779,17.45, 2
04/18/2020,14:35,17.45,17.45,17.45,17.45, 1
04/18/2020,15:12,17.45,17.45,17.45,17.45, 1
04/18/2020,15:22,17.45,17.45,17.45,17.45, 1

