02/03/2020,15:31,8.53,8.58,8.53,8.58, 542
02/03/2020,15:38,8.557,8.557,8.557,8.557, 600
02/03/2020,15:53,8.59,8.59,8.59,8.59, 1000
02/03/2020,16:02,8.6,8.65,8.583,8.583, 7392
02/03/2020,16:02,8.65,8.65,8.65,8.65, 1676
02/03/2020,16:09,8.64,8.64,8.63,8.63, 2300
02/03/2020,16:14,8.65,8.65,8.65,8.65, 500
02/03/2020,16:18,8.65,8.65,8.65,8.65, 400
02/03/2020,16:18,8.65,8.65,8.645,8.645, 1000
02/03/2020,16:21,8.65,8.65,8.65,8.65, 400
02/03/2020,16:23,8.65,8.65,8.65,8.65, 600
02/03/2020,16:24,8.65,8.65,8.65,8.65, 100
02/03/2020,16:26,8.65,8.65,8.65,8.65, 200
02/03/2020,16:30,8.65,8.65,8.65,8.65, 200
02/03/2020,16:31,8.65,8.65,8.65,8.65, 252
02/03/2020,16:32,8.65,8.65,8.65,8.65, 700
02/03/2020,16:32,8.65,8.65,8.65,8.65, 200
02/03/2020,16:35,8.65,8.65,8.64,8.64, 3000
02/03/2020,16:48,8.648,8.648,8.648,8.648, 140
02/03/2020,16:51,8.65,8.65,8.65,8.65, 216
02/03/2020,16:53,8.65,8.65,8.65,8.65, 100
02/03/2020,17:10,8.66,8.66,8.66,8.66, 200
02/03/2020,17:14,8.674,8.674,8.674,8.674, 200
02/03/2020,17:23,8.67,8.67,8.67,8.67, 471
02/03/2020,17:27,8.68,8.68,8.68,8.68, 300
02/03/2020,17:27,8.68,8.68,8.68,8.68, 300
02/03/2020,17:51,8.7,8.7,8.7,8.7, 100
02/03/2020,17:59,8.7,8.7,8.7,8.7, 270
02/03/2020,18:00,8.7,8.73,8.68,8.73, 1000
02/03/2020,18:01,8.775,8.78,8.73,8.74, 7180
02/03/2020,18:02,8.764,8.764,8.73,8.73, 1600
02/03/2020,18:03,8.78,8.845,8.76,8.845, 8300
02/03/2020,18:04,8.845,8.845,8.845,8.845, 100
02/03/2020,18:06,8.845,8.845,8.845,8.845, 100
02/03/2020,18:06,8.88,8.9,8.81,8.81, 8343
02/03/2020,18:09,8.867,8.9,8.867,8.9, 600
02/03/2020,18:10,8.9,9,8.9,8.986, 10530
02/03/2020,18:11,9.06,9.074,9.06,9.074, 600
02/03/2020,18:12,9.1,9.12,9.1,9.12, 500
02/03/2020,18:13,9.1,9.1,9.1,9.1, 700
02/03/2020,18:16,9.106,9.106,9.106,9.106, 2500
02/03/2020,18:17,9.15,9.2,9.106,9.2, 3399
02/03/2020,18:18,9.22,9.24,9.22,9.24, 1600
02/03/2020,18:19,9.25,9.27,9.25,9.27, 700
02/03/2020,18:20,9.275,9.29,9.275,9.29, 1400
02/03/2020,18:22,9.304,9.39,9.3,9.39, 2280
02/03/2020,18:22,9.25,9.28,9.25,9.28, 548
02/03/2020,18:24,9.26,9.26,9.02,9.02, 6026
02/03/2020,18:25,9.05,9.15,9.05,9.08, 4206
02/03/2020,18:35,9.07,9.115,9.05,9.115, 4100
02/03/2020,18:38,9.06,9.06,9.053,9.053, 700
02/03/2020,18:45,9.061,9.061,9.05,9.061, 1000
02/03/2020,18:46,9.05,9.05,9.01,9.01, 1003
02/03/2020,18:47,9.01,9.01,9.01,9.01, 1000
02/03/2020,19:11,9.035,9.035,9.035,9.035, 400
02/03/2020,19:13,9.025,9.025,8.92,9.01, 3428
02/03/2020,19:14,8.92,8.93,8.64,8.64, 5155
02/03/2020,19:23,8.87,8.87,8.87,8.87, 100
02/03/2020,19:24,8.87,8.87,8.87,8.87, 100
02/03/2020,19:29,8.85,8.86,8.765,8.765, 818
02/03/2020,19:30,8.86,8.89,8.86,8.89, 1100
02/03/2020,19:31,8.9,8.9,8.884,8.884, 3579
02/03/2020,19:34,8.9,8.9,8.9,8.9, 1388
02/03/2020,19:35,8.91,8.91,8.91,8.91, 100
02/03/2020,19:36,8.91,8.91,8.89,8.89, 4407
02/03/2020,19:37,8.87,8.87,8.87,8.87, 200
02/03/2020,19:55,8.84,8.84,8.84,8.84, 100
02/03/2020,19:55,8.8,8.81,8.8,8.8, 1800
02/03/2020,20:18,8.78,8.78,8.78,8.78, 100
02/03/2020,20:33,8.747,8.747,8.747,8.747, 5000
02/03/2020,20:37,8.7,8.7,8.7,8.7, 140
02/03/2020,20:38,8.75,8.75,8.75,8.75, 100
02/03/2020,20:40,8.75,8.75,8.747,8.747, 10000
02/03/2020,20:40,8.75,8.75,8.75,8.75, 100
02/03/2020,20:42,8.75,8.75,8.75,8.75, 200
02/03/2020,20:45,8.7,8.7,8.7,8.7, 160
02/03/2020,20:50,8.75,8.75,8.75,8.75, 816
02/03/2020,20:57,8.71,8.714,8.71,8.71, 906
02/03/2020,21:09,8.75,8.75,8.75,8.75, 400
02/03/2020,21:10,8.749,8.75,8.749,8.75, 2580
02/03/2020,21:20,8.8,8.825,8.75,8.75, 3400
02/03/2020,21:32,8.722,8.722,8.722,8.722, 100
02/03/2020,21:33,8.75,8.75,8.75,8.75, 100
02/03/2020,21:39,8.75,8.75,8.75,8.75, 1567
02/03/2020,21:41,8.75,8.76,8.75,8.76, 1100
02/03/2020,21:45,8.76,8.76,8.76,8.76, 100
02/03/2020,21:51,8.72,8.74,8.72,8.74, 4200
02/03/2020,21:53,8.76,8.76,8.76,8.76, 100
02/03/2020,21:55,8.75,8.8,8.75,8.8, 8828
02/03/2020,21:55,8.84,8.85,8.84,8.85, 539
02/03/2020,21:57,8.85,8.9,8.85,8.875, 6800
02/03/2020,21:58,8.896,8.9,8.88,8.9, 4380
02/03/2020,21:59,8.9,8.9,8.9,8.9, 300
02/03/2020,22:00,8.9,8.9,8.9,8.9, 695
02/03/2020,22:01,8.895,8.9,8.83,8.83, 1825
02/04/2020,15:31,9.08,9.08,9.08,9.08, 2495
02/04/2020,15:33,9.1,9.1,9.05,9.05, 350
02/04/2020,15:37,9.043,9.043,9.043,9.043, 500
02/04/2020,15:42,9.04,9.04,9.04,9.04, 120
02/04/2020,15:46,9.05,9.05,9.05,9.05, 100
02/04/2020,15:52,9.05,9.05,9.03,9.05, 7400
02/04/2020,15:53,9.07,9.07,9,9, 5051
02/04/2020,15:53,9.05,9.05,9.05,9.05, 100
02/04/2020,15:55,9.05,9.06,9.04,9.04, 3200
02/04/2020,15:58,9.05,9.05,9.05,9.05, 600
02/04/2020,15:59,9.05,9.05,9.05,9.05, 800
02/04/2020,16:00,9.05,9.05,9.05,9.05, 100
02/04/2020,16:02,9.04,9.04,9.03,9.04, 2000
02/04/2020,16:17,9.03,9.03,9.03,9.03, 100
02/04/2020,16:19,9.05,9.05,9.05,9.05, 100
02/04/2020,16:24,9.022,9.05,9.022,9.05, 850
02/04/2020,16:26,9.05,9.05,9.05,9.05, 200
02/04/2020,16:28,9.05,9.05,9.05,9.05, 3300
02/04/2020,16:29,9.05,9.05,9.05,9.05, 238
02/04/2020,16:30,9.05,9.05,9.05,9.05, 200
02/04/2020,16:31,9.05,9.05,9.047,9.05, 400
02/04/2020,16:32,9.06,9.06,9.049,9.06, 622
02/04/2020,16:33,9.06,9.09,9.06,9.09, 3276
02/04/2020,16:34,9.09,9.09,9.09,9.09, 100
02/04/2020,16:36,9.09,9.09,9.09,9.09, 150
02/04/2020,16:37,9.09,9.1,9.09,9.09, 10725
02/04/2020,16:38,9.1,9.1,9.1,9.1, 3467
02/04/2020,16:39,9.15,9.15,9.12,9.15, 1700
02/04/2020,16:43,9.15,9.21,9.13,9.21, 16998
02/04/2020,16:44,9.22,9.22,9.219,9.22, 2500
02/04/2020,16:45,9.25,9.25,9.21,9.21, 1100
02/04/2020,16:46,9.241,9.241,9.2,9.2, 6170
02/04/2020,16:47,9.236,9.25,9.19,9.25, 10150
02/04/2020,16:49,9.25,9.25,9.25,9.25, 100
02/04/2020,16:52,9.2,9.236,9.19,9.19, 2800
02/04/2020,16:53,9.19,9.19,9.1,9.1, 2397
02/04/2020,16:55,9.074,9.074,9.074,9.074, 400
02/04/2020,16:59,9.08,9.08,9.08,9.08, 200
02/04/2020,17:08,9.08,9.08,9.08,9.08, 100
02/04/2020,17:20,9.1,9.1,9.1,9.1, 312
02/04/2020,17:26,9.099,9.099,9.099,9.099, 250
02/04/2020,17:27,9.1,9.1,9.099,9.099, 580
02/04/2020,17:28,9.089,9.1,9.089,9.1, 500
02/04/2020,17:30,9.09,9.09,9.08,9.08, 1450
02/04/2020,17:30,9.08,9.09,9.07,9.07, 1800
02/04/2020,17:31,9.05,9.05,9.05,9.05, 100
02/04/2020,17:36,9.055,9.06,9.03,9.03, 2300
02/04/2020,17:38,9.03,9.03,9.03,9.03, 659
02/04/2020,17:42,9.045,9.045,9.045,9.045, 100
02/04/2020,17:44,9.062,9.062,9.062,9.062, 800
02/04/2020,17:49,9.034,9.04,9.034,9.04, 400
02/04/2020,17:51,9.07,9.07,9.07,9.07, 100
02/04/2020,17:52,9.05,9.05,9.03,9.03, 500
02/04/2020,17:54,9.05,9.05,9.05,9.05, 100
02/04/2020,17:54,9.055,9.055,9.055,9.055, 200
02/04/2020,17:58,9.063,9.063,9.037,9.037, 799
02/04/2020,18:05,9.02,9.02,9.02,9.02, 100
02/04/2020,18:07,9.03,9.03,9.03,9.03, 100
02/04/2020,18:09,9,9,9,9, 300
02/04/2020,18:18,9.025,9.03,9.025,9.03, 800
02/04/2020,18:19,9.03,9.03,9.03,9.03, 200
02/04/2020,18:23,9.01,9.01,9.01,9.01, 295
02/04/2020,18:24,9.01,9.01,9.01,9.01, 100
02/04/2020,18:28,9.025,9.025,9,9, 703
02/04/2020,18:31,9.01,9.03,9.01,9.03, 200
02/04/2020,18:31,9.01,9.01,9.01,9.01, 100
02/04/2020,18:33,9.015,9.015,9.015,9.015, 200
02/04/2020,18:37,9.003,9.003,8.98,8.98, 1000
02/04/2020,18:41,9.02,9.02,9.02,9.02, 100
02/04/2020,18:49,9.028,9.06,9,9.035, 6679
02/04/2020,18:50,9.031,9.031,9.031,9.031, 500
02/04/2020,18:52,9.06,9.06,9.06,9.06, 400
02/04/2020,19:01,9.06,9.06,9.06,9.06, 100
02/04/2020,19:05,9.02,9.045,9,9, 5200
02/04/2020,19:06,9.06,9.06,9.06,9.06, 200
02/04/2020,19:27,9.05,9.05,9.05,9.05, 192
02/04/2020,19:30,9.06,9.06,9.05,9.05, 800
02/04/2020,19:35,9.04,9.06,9.04,9.06, 300
02/04/2020,19:38,9.044,9.044,9.04,9.042, 443
02/04/2020,19:41,9.045,9.045,9.045,9.045, 175
02/04/2020,19:44,9.06,9.06,9.06,9.06, 100
02/04/2020,19:48,9.04,9.055,9.04,9.04, 5500
02/04/2020,19:56,9.055,9.055,9.055,9.055, 486
02/04/2020,20:05,9.07,9.07,9.07,9.07, 132
02/04/2020,20:08,9.07,9.07,9.07,9.07, 200
02/04/2020,20:15,9.07,9.07,9.07,9.07, 100
02/04/2020,20:16,9.06,9.06,9.06,9.06, 100
02/04/2020,20:22,9.07,9.07,9.064,9.064, 2500
02/04/2020,20:23,9.06,9.06,9,9, 2500
02/04/2020,20:29,8.997,8.997,8.997,8.997, 140
02/04/2020,20:30,9,9,9,9, 1885
02/04/2020,20:31,8.997,9,8.995,9, 500
02/04/2020,20:36,9,9,9,9, 400
02/04/2020,20:42,8.99,8.99,8.99,8.99, 100
02/04/2020,20:46,8.99,8.99,8.95,8.95, 1104
02/04/2020,20:48,8.95,8.975,8.95,8.975, 700
02/04/2020,20:51,8.955,8.955,8.955,8.955, 300
02/04/2020,20:56,8.927,8.927,8.927,8.927, 133
02/04/2020,21:03,8.945,8.945,8.945,8.945, 100
02/04/2020,21:06,8.98,8.98,8.98,8.98, 100
02/04/2020,21:06,8.95,8.95,8.95,8.95, 100
02/04/2020,21:10,8.95,8.95,8.95,8.95, 400
02/04/2020,21:11,8.95,8.95,8.95,8.95, 800
02/04/2020,21:11,8.95,8.95,8.95,8.95, 200
02/04/2020,21:13,8.99,8.99,8.99,8.99, 100
02/04/2020,21:14,8.955,8.955,8.955,8.955, 406
02/04/2020,21:14,8.95,8.95,8.95,8.95, 100
02/04/2020,21:16,8.95,8.96,8.95,8.95, 500
02/04/2020,21:20,8.99,8.99,8.965,8.965, 500
02/04/2020,21:22,8.97,8.972,8.97,8.972, 400
02/04/2020,21:28,8.98,8.98,8.98,8.98, 100
02/04/2020,21:29,8.975,8.975,8.975,8.975, 100
02/04/2020,21:30,8.974,9,8.974,9, 8498
02/04/2020,21:32,8.975,8.975,8.975,8.975, 600
02/04/2020,21:33,9,9,8.987,9, 3898
02/04/2020,21:33,9,9,9,9, 1500
02/04/2020,21:37,9,9,9,9, 100
02/04/2020,21:40,9,9,9,9, 860
02/04/2020,21:51,8.99,8.99,8.98,8.98, 400
02/04/2020,21:54,8.99,8.99,8.99,8.99, 657
02/04/2020,21:56,8.99,9,8.99,9, 200
02/04/2020,22:00,9,9,9,9, 478
02/04/2020,22:00,9,9,9,9, 385
02/05/2020,15:31,9,9.02,8.87,9.02, 1729
02/05/2020,15:33,9,9.01,8.955,9.01, 2950
02/05/2020,15:35,8.952,9.01,8.952,9.01, 5839
02/05/2020,15:36,9.01,9.01,9.01,9.01, 750
02/05/2020,15:56,8.97,8.982,8.97,8.982, 300
02/05/2020,15:57,8.983,8.983,8.983,8.983, 100
02/05/2020,16:04,8.97,8.98,8.95,8.98, 2804
02/05/2020,16:05,8.985,9,8.985,9, 501
02/05/2020,16:14,9,9,9,9, 300
02/05/2020,16:34,9,9,9,9, 100
02/05/2020,16:46,9,9,9,9, 100
02/05/2020,16:56,9,9,9,9, 53183
02/05/2020,16:57,9,9,9,9, 100
02/05/2020,16:57,9,9,9,9, 100
02/05/2020,17:05,9,9,9,9, 100
02/05/2020,17:06,9,9,9,9, 900
02/05/2020,17:11,8.995,8.995,8.995,8.995, 400
02/05/2020,17:17,8.995,9,8.995,9, 1100
02/05/2020,17:17,9,9,9,9, 1000
02/05/2020,17:19,9,9,9,9, 100
02/05/2020,17:21,8.995,9,8.995,9, 1047
02/05/2020,17:21,9,9,9,9, 100
02/05/2020,17:25,8.995,9,8.99,9, 2300
02/05/2020,17:26,8.995,8.995,8.995,8.995, 100
02/05/2020,17:27,8.993,9,8.993,8.993, 850
02/05/2020,17:31,9,9,9,9, 100
02/05/2020,17:31,8.994,8.994,8.994,8.994, 200
02/05/2020,17:33,8.997,8.997,8.997,8.997, 300
02/05/2020,17:33,8.997,8.997,8.997,8.997, 1111
02/05/2020,17:35,9,9,9,9, 100
02/05/2020,17:37,9,9,9,9, 100
02/05/2020,17:39,9,9,9,9, 100
02/05/2020,17:41,8.995,8.995,8.995,8.995, 100
02/05/2020,17:48,9,9,9,9, 100
02/05/2020,17:48,8.995,8.995,8.995,8.995, 200
02/05/2020,17:50,9,9.01,9,9.01, 5186
02/05/2020,17:51,9.01,9.01,9.01,9.01, 1000
02/05/2020,17:52,9.01,9.01,9.01,9.01, 100
02/05/2020,17:56,9.01,9.01,9.01,9.01, 100
02/05/2020,17:58,9.005,9.01,9.005,9.01, 600
02/05/2020,18:01,9.02,9.03,9.02,9.03, 8886
02/05/2020,18:03,9.024,9.024,9.024,9.024, 400
02/05/2020,18:14,9.04,9.05,9.04,9.05, 200
02/05/2020,18:16,9.05,9.05,9.042,9.042, 380
02/05/2020,18:16,9.05,9.05,9.05,9.05, 200
02/05/2020,18:18,9.05,9.05,9.05,9.05, 2417
02/05/2020,18:21,9.08,9.08,9.08,9.08, 100
02/05/2020,18:22,9.04,9.08,9.04,9.08, 350
02/05/2020,18:23,9.06,9.06,9.06,9.06, 285
02/05/2020,18:29,9.08,9.08,9.08,9.08, 100
02/05/2020,18:30,9.08,9.1,9.08,9.1, 1500
02/05/2020,18:31,9.155,9.155,9.155,9.155, 100
02/05/2020,18:34,9.155,9.155,9.155,9.155, 700
02/05/2020,18:35,9.12,9.13,9.1,9.1, 10335
02/05/2020,18:36,9.1,9.1,9.1,9.1, 1253
02/05/2020,18:38,9.1,9.1,9.1,9.1, 100
02/05/2020,18:42,9.1,9.1,9.1,9.1, 1647
02/05/2020,18:42,9.15,9.15,9.15,9.15, 100
02/05/2020,18:46,9.15,9.15,9.15,9.15, 100
02/05/2020,18:50,9.15,9.15,9.15,9.15, 100
02/05/2020,18:51,9.15,9.2,9.14,9.198, 8043
02/05/2020,18:52,9.22,9.22,9.22,9.22, 3850
02/05/2020,18:52,9.175,9.175,9.175,9.175, 1500
02/05/2020,18:56,9.21,9.22,9.2,9.22, 10290
02/05/2020,18:57,9.215,9.22,9.21,9.214, 800
02/05/2020,18:58,9.2,9.208,9.2,9.2, 2626
02/05/2020,18:58,9.18,9.19,9.18,9.19, 300
02/05/2020,19:06,9.14,9.17,9.12,9.13, 5400
02/05/2020,19:16,9.13,9.13,9.13,9.13, 500
02/05/2020,19:21,9.165,9.165,9.165,9.165, 980
02/05/2020,19:22,9.196,9.2,9.175,9.2, 9392
02/05/2020,19:24,9.16,9.175,9.154,9.16, 1100
02/05/2020,19:27,9.16,9.16,9.15,9.15, 700
02/05/2020,19:28,9.14,9.15,9.14,9.15, 300
02/05/2020,19:30,9.14,9.14,9.14,9.14, 100
02/05/2020,19:30,9.14,9.15,9.14,9.15, 200
02/05/2020,19:40,9.19,9.19,9.19,9.19, 100
02/05/2020,19:45,9.19,9.194,9.187,9.194, 1300
02/05/2020,19:49,9.19,9.19,9.19,9.19, 100
02/05/2020,19:51,9.19,9.2,9.19,9.19, 500
02/05/2020,19:52,9.19,9.19,9.19,9.19, 1234
02/05/2020,19:54,9.197,9.2,9.18,9.2, 3673
02/05/2020,19:55,9.185,9.2,9.185,9.2, 2442
02/05/2020,19:56,9.2,9.22,9.2,9.214, 950
02/05/2020,19:58,9.214,9.22,9.14,9.14, 6336
02/05/2020,20:04,9.2,9.2,9.2,9.2, 100
02/05/2020,20:11,9.2,9.2,9.2,9.2, 100
02/05/2020,20:17,9.16,9.16,9.13,9.13, 600
02/05/2020,20:20,9.16,9.16,9.16,9.16, 100
02/05/2020,20:23,9.16,9.16,9.16,9.16, 100
02/05/2020,20:25,9.16,9.16,9.16,9.16, 100
02/05/2020,20:28,9.16,9.16,9.16,9.16, 100
02/05/2020,20:30,9.16,9.16,9.16,9.16, 100
02/05/2020,20:32,9.16,9.16,9.15,9.15, 600
02/05/2020,20:32,9.16,9.16,9.16,9.16, 200
02/05/2020,20:34,9.16,9.16,9.16,9.16, 100
02/05/2020,20:36,9.16,9.18,9.14,9.14, 9877
02/05/2020,20:48,9.14,9.14,9.14,9.14, 100
02/05/2020,20:49,9.19,9.19,9.16,9.16, 200
02/05/2020,20:50,9.165,9.165,9.16,9.16, 1584
02/05/2020,20:53,9.2,9.2,9.2,9.2, 100
02/05/2020,21:00,9.2,9.2,9.2,9.2, 100
02/05/2020,21:06,9.2,9.2,9.2,9.2, 100
02/05/2020,21:10,9.16,9.16,9.16,9.16, 100
02/05/2020,21:12,9.2,9.2,9.2,9.2, 100
02/05/2020,21:15,9.2,9.2,9.2,9.2, 100
02/05/2020,21:15,9.2,9.2,9.188,9.188, 600
02/05/2020,21:18,9.2,9.2,9.2,9.2, 100
02/05/2020,21:24,9.2,9.2,9.2,9.2, 100
02/05/2020,21:34,9.2,9.2,9.2,9.2, 100
02/05/2020,21:37,9.18,9.2,9.18,9.2, 300
02/05/2020,21:38,9.2,9.2,9.2,9.2, 500
02/05/2020,21:38,9.2,9.2,9.18,9.18, 300
02/05/2020,21:40,9.2,9.2,9.2,9.2, 100
02/05/2020,21:42,9.2,9.2,9.2,9.2, 2450
02/05/2020,21:44,9.197,9.22,9.197,9.22, 1000
02/05/2020,21:50,9.205,9.205,9.19,9.19, 400
02/05/2020,21:51,9.194,9.205,9.19,9.205, 985
02/05/2020,21:52,9.205,9.205,9.193,9.205, 750
02/05/2020,21:52,9.19,9.19,9.19,9.19, 100
02/05/2020,21:54,9.18,9.21,9.18,9.18, 2294
02/05/2020,22:00,9.21,9.21,9.21,9.21, 200
02/05/2020,22:01,9.22,9.22,9.17,9.22, 1100
02/06/2020,15:31,9.25,9.25,9.25,9.25, 211
02/06/2020,15:31,9.25,9.25,9.25,9.25, 200
02/06/2020,15:34,9.248,9.25,9.17,9.17, 11894
02/06/2020,15:34,9.2,9.2,9.2,9.2, 300
02/06/2020,15:38,9.2,9.2,9.19,9.19, 300
02/06/2020,15:38,9.2,9.2,9.2,9.2, 200
02/06/2020,15:40,9.2,9.2,9.2,9.2, 100
02/06/2020,15:42,9.18,9.2,9.18,9.2, 2449
02/06/2020,15:42,9.25,9.25,9.25,9.25, 100
02/06/2020,15:44,9.161,9.26,9.161,9.26, 800
02/06/2020,15:44,9.2,9.2,9.2,9.2, 300
02/06/2020,15:46,9.2,9.2,9.2,9.2, 100
02/06/2020,15:48,9.2,9.2,9.2,9.2, 100
02/06/2020,15:49,9.2,9.255,9.2,9.255, 1700
02/06/2020,15:50,9.28,9.28,9.28,9.28, 100
02/06/2020,15:51,9.21,9.213,9.21,9.213, 1200
02/06/2020,15:52,9.23,9.23,9.23,9.23, 100
02/06/2020,15:53,9.21,9.21,9.21,9.21, 700
02/06/2020,15:53,9.17,9.17,9.17,9.17, 700
02/06/2020,15:58,9.2,9.2,9.2,9.2, 1200
02/06/2020,16:02,9.23,9.23,9.23,9.23, 2700
02/06/2020,16:07,9.255,9.29,9.255,9.29, 2100
02/06/2020,16:08,9.3,9.3,9.28,9.28, 300
02/06/2020,16:09,9.3,9.3,9.3,9.3, 1100
02/06/2020,16:09,9.3,9.3,9.3,9.3, 400
02/06/2020,16:11,9.3,9.38,9.293,9.351, 16390
02/06/2020,16:11,9.38,9.39,9.38,9.39, 5300
02/06/2020,16:13,9.425,9.442,9.425,9.442, 650
02/06/2020,16:14,9.425,9.425,9.425,9.425, 161
02/06/2020,16:14,9.425,9.45,9.39,9.45, 1800
02/06/2020,16:15,9.441,9.441,9.441,9.441, 350
02/06/2020,16:17,9.46,9.47,9.457,9.47, 7100
02/06/2020,16:17,9.49,9.49,9.47,9.47, 400
02/06/2020,16:20,9.468,9.468,9.468,9.468, 2000
02/06/2020,16:21,9.45,9.48,9.45,9.45, 2113
02/06/2020,16:22,9.48,9.49,9.42,9.49, 5187
02/06/2020,16:22,9.51,9.51,9.51,9.51, 200
02/06/2020,16:25,9.51,9.522,9.5,9.5, 12800
02/06/2020,16:28,9.5,9.5,9.485,9.485, 4490
02/06/2020,16:28,9.47,9.47,9.47,9.47, 500
02/06/2020,16:30,9.47,9.47,9.47,9.47, 400
02/06/2020,16:30,9.426,9.426,9.426,9.426, 247
02/06/2020,16:36,9.425,9.425,9.395,9.4, 2152
02/06/2020,16:36,9.428,9.428,9.428,9.428, 200
02/06/2020,16:38,9.41,9.41,9.407,9.407, 540
02/06/2020,16:40,9.4,9.4,9.38,9.38, 1450
02/06/2020,16:43,9.39,9.39,9.38,9.38, 200
02/06/2020,16:46,9.4,9.4,9.4,9.4, 1700
02/06/2020,16:52,9.42,9.42,9.42,9.42, 100
02/06/2020,16:58,9.4,9.4,9.4,9.4, 600
02/06/2020,16:59,9.4,9.4,9.395,9.395, 1350
02/06/2020,16:59,9.395,9.395,9.395,9.395, 650
02/06/2020,17:01,9.397,9.397,9.397,9.397, 100
02/06/2020,17:03,9.4,9.4,9.4,9.4, 1800
02/06/2020,17:03,9.42,9.42,9.42,9.42, 100
02/06/2020,17:08,9.42,9.42,9.42,9.42, 100
02/06/2020,17:09,9.42,9.42,9.42,9.42, 1100
02/06/2020,17:12,9.42,9.42,9.42,9.42, 100
02/06/2020,17:15,9.42,9.42,9.42,9.42, 200
02/06/2020,17:18,9.424,9.424,9.424,9.424, 211
02/06/2020,17:22,9.45,9.45,9.447,9.447, 350
02/06/2020,17:23,9.446,9.446,9.446,9.446, 260
02/06/2020,17:25,9.45,9.45,9.45,9.45, 200
02/06/2020,17:26,9.45,9.45,9.45,9.45, 1700
02/06/2020,17:26,9.45,9.45,9.45,9.45, 100
02/06/2020,17:29,9.47,9.47,9.47,9.47, 600
02/06/2020,17:30,9.47,9.47,9.47,9.47, 300
02/06/2020,17:31,9.47,9.47,9.47,9.47, 200
02/06/2020,17:36,9.47,9.47,9.47,9.47, 200
02/06/2020,17:40,9.47,9.47,9.47,9.47, 1300
02/06/2020,17:41,9.47,9.47,9.47,9.47, 200
02/06/2020,17:44,9.47,9.47,9.47,9.47, 200
02/06/2020,17:45,9.47,9.47,9.46,9.46, 1700
02/06/2020,17:47,9.46,9.47,9.45,9.46, 2700
02/06/2020,17:50,9.46,9.46,9.46,9.46, 100
02/06/2020,17:52,9.46,9.46,9.46,9.46, 200
02/06/2020,17:54,9.46,9.46,9.46,9.46, 700
02/06/2020,17:57,9.45,9.46,9.45,9.46, 500
02/06/2020,18:02,9.47,9.47,9.46,9.47, 2192
02/06/2020,18:04,9.47,9.47,9.47,9.47, 100
02/06/2020,18:07,9.47,9.47,9.47,9.47, 100
02/06/2020,18:11,9.47,9.47,9.47,9.47, 1600
02/06/2020,18:11,9.47,9.47,9.47,9.47, 100
02/06/2020,18:12,9.47,9.47,9.465,9.47, 300
02/06/2020,18:17,9.47,9.47,9.47,9.47, 100
02/06/2020,18:17,9.47,9.47,9.46,9.47, 2200
02/06/2020,18:19,9.465,9.47,9.46,9.47, 1200
02/06/2020,18:23,9.46,9.46,9.46,9.46, 100
02/06/2020,18:23,9.47,9.47,9.46,9.46, 1300
02/06/2020,18:29,9.44,9.45,9.44,9.44, 800
02/06/2020,18:30,9.45,9.46,9.44,9.455, 700
02/06/2020,18:31,9.46,9.46,9.455,9.455, 2414
02/06/2020,18:35,9.455,9.455,9.455,9.455, 100
02/06/2020,18:38,9.46,9.5,9.46,9.5, 2000
02/06/2020,18:41,9.5,9.5,9.47,9.47, 700
02/06/2020,18:43,9.47,9.485,9.47,9.485, 350
02/06/2020,18:45,9.5,9.5,9.5,9.5, 100
02/06/2020,18:45,9.5,9.5,9.5,9.5, 100
02/06/2020,18:47,9.5,9.53,9.5,9.53, 14385
02/06/2020,18:49,9.55,9.55,9.55,9.55, 6400
02/06/2020,18:50,9.59,9.59,9.561,9.562, 600
02/06/2020,18:51,9.564,9.575,9.56,9.56, 1800
02/06/2020,18:51,9.564,9.564,9.56,9.56, 500
02/06/2020,18:52,9.56,9.56,9.56,9.56, 500
02/06/2020,18:53,9.56,9.56,9.55,9.55, 900
02/06/2020,18:58,9.54,9.54,9.54,9.54, 100
02/06/2020,19:01,9.54,9.54,9.54,9.54, 100
02/06/2020,19:03,9.56,9.56,9.56,9.56, 100
02/06/2020,19:06,9.56,9.56,9.56,9.56, 300
02/06/2020,19:06,9.56,9.56,9.56,9.56, 1045
02/06/2020,19:08,9.59,9.59,9.59,9.59, 100
02/06/2020,19:11,9.59,9.59,9.59,9.59, 614
02/06/2020,19:14,9.59,9.6,9.59,9.6, 6693
02/06/2020,19:15,9.6,9.6,9.59,9.594, 5107
02/06/2020,19:16,9.59,9.6,9.59,9.6, 1500
02/06/2020,19:17,9.59,9.6,9.59,9.6, 1000
02/06/2020,19:17,9.59,9.594,9.59,9.59, 1100
02/06/2020,19:19,9.615,9.615,9.59,9.59, 686
02/06/2020,19:19,9.61,9.61,9.61,9.61, 100
02/06/2020,19:22,9.595,9.595,9.59,9.59, 2100
02/06/2020,19:22,9.57,9.57,9.57,9.57, 500
02/06/2020,19:24,9.57,9.59,9.57,9.584, 3100
02/06/2020,19:24,9.58,9.58,9.55,9.55, 843
02/06/2020,19:27,9.59,9.59,9.59,9.59, 100
02/06/2020,19:28,9.56,9.56,9.56,9.56, 1000
02/06/2020,19:29,9.535,9.55,9.535,9.55, 1000
02/06/2020,19:29,9.535,9.535,9.52,9.52, 300
02/06/2020,19:30,9.52,9.52,9.48,9.48, 700
02/06/2020,19:34,9.54,9.54,9.54,9.54, 100
02/06/2020,19:37,9.54,9.54,9.52,9.52, 600
02/06/2020,19:37,9.49,9.54,9.49,9.54, 1400
02/06/2020,19:41,9.54,9.54,9.54,9.54, 100
02/06/2020,19:43,9.54,9.54,9.54,9.54, 200
02/06/2020,19:44,9.55,9.55,9.55,9.55, 100
02/06/2020,19:44,9.535,9.535,9.52,9.53, 1200
02/06/2020,19:47,9.535,9.535,9.52,9.535, 1000
02/06/2020,19:47,9.52,9.535,9.49,9.51, 1200
02/06/2020,19:52,9.54,9.55,9.525,9.55, 1404
02/06/2020,19:52,9.549,9.55,9.549,9.55, 824
02/06/2020,19:55,9.59,9.595,9.59,9.59, 2307
02/06/2020,19:55,9.59,9.59,9.59,9.59, 300
02/06/2020,19:56,9.6,9.6,9.6,9.6, 1100
02/06/2020,19:57,9.56,9.58,9.56,9.58, 1000
02/06/2020,19:59,9.58,9.6,9.56,9.6, 1724
02/06/2020,20:00,9.62,9.62,9.57,9.595, 1400
02/06/2020,20:01,9.585,9.585,9.574,9.574, 500
02/06/2020,20:02,9.585,9.585,9.57,9.57, 1100
02/06/2020,20:02,9.55,9.55,9.55,9.55, 100
02/06/2020,20:05,9.65,9.65,9.58,9.58, 2500
02/06/2020,20:06,9.583,9.59,9.58,9.59, 1405
02/06/2020,20:06,9.583,9.59,9.55,9.55, 1300
02/06/2020,20:09,9.58,9.58,9.56,9.56, 400
02/06/2020,20:12,9.573,9.58,9.57,9.58, 700
02/06/2020,20:12,9.6,9.6,9.6,9.6, 100
02/06/2020,20:15,9.605,9.605,9.605,9.605, 100
02/06/2020,20:16,9.63,9.63,9.62,9.62, 400
02/06/2020,20:16,9.63,9.63,9.58,9.58, 500
02/06/2020,20:20,9.63,9.63,9.63,9.63, 100
02/06/2020,20:25,9.59,9.65,9.59,9.65, 620
02/06/2020,20:25,9.65,9.65,9.65,9.65, 200
02/06/2020,20:27,9.65,9.65,9.65,9.65, 100
02/06/2020,20:30,9.65,9.65,9.65,9.65, 9500
02/06/2020,20:30,9.65,9.694,9.65,9.694, 1600
02/06/2020,20:31,9.7,9.7,9.7,9.7, 100
02/06/2020,20:34,9.7,9.7,9.7,9.7, 300
02/06/2020,20:35,9.7,9.7,9.7,9.7, 100
02/06/2020,20:38,9.7,9.7,9.7,9.7, 100
02/06/2020,20:40,9.7,9.7,9.7,9.7, 100
02/06/2020,20:43,9.7,9.7,9.7,9.7, 300
02/06/2020,20:44,9.7,9.7,9.7,9.7, 4298
02/06/2020,20:46,9.75,9.75,9.75,9.75, 100
02/06/2020,20:48,9.75,9.75,9.75,9.75, 100
02/06/2020,20:48,9.736,9.736,9.736,9.736, 105
02/06/2020,20:51,9.75,9.75,9.75,9.75, 500
02/06/2020,20:52,9.72,9.77,9.72,9.77, 4798
02/06/2020,20:53,9.77,9.78,9.76,9.78, 1001
02/06/2020,20:53,9.76,9.76,9.76,9.76, 200
02/06/2020,20:56,9.72,9.73,9.72,9.72, 1102
02/06/2020,21:01,9.78,9.78,9.723,9.73, 600
02/06/2020,21:01,9.72,9.724,9.7,9.71, 1301
02/06/2020,21:04,9.74,9.74,9.74,9.74, 500
02/06/2020,21:08,9.745,9.745,9.71,9.745, 900
02/06/2020,21:16,9.78,9.8,9.78,9.8, 283
02/06/2020,21:20,9.767,9.79,9.764,9.764, 815
02/06/2020,21:20,9.8,9.8,9.8,9.8, 100
02/06/2020,21:21,9.76,9.76,9.721,9.721, 750
02/06/2020,21:23,9.79,9.79,9.79,9.79, 100
02/06/2020,21:25,9.8,9.8,9.8,9.8, 100
02/06/2020,21:28,9.8,9.8,9.769,9.769, 370
02/06/2020,21:30,9.792,9.8,9.792,9.8, 300
02/06/2020,21:32,9.8,9.8,9.8,9.8, 2496
02/06/2020,21:33,9.8,9.8,9.8,9.8, 408
02/06/2020,21:34,9.835,9.835,9.835,9.835, 1000
02/06/2020,21:34,9.85,9.85,9.835,9.835, 1992
02/06/2020,21:36,9.85,9.85,9.85,9.85, 100
02/06/2020,21:36,9.85,9.85,9.85,9.85, 3292
02/06/2020,21:38,9.85,9.85,9.85,9.85, 100
02/06/2020,21:39,9.85,9.875,9.85,9.875, 2573
02/06/2020,21:41,9.9,9.9,9.83,9.83, 1923
02/06/2020,21:42,9.82,9.82,9.82,9.82, 500
02/06/2020,21:43,9.821,9.821,9.821,9.821, 500
02/06/2020,21:44,9.839,9.839,9.839,9.839, 120
02/06/2020,21:46,9.89,9.89,9.875,9.875, 200
02/06/2020,21:48,9.89,9.9,9.89,9.9, 600
02/06/2020,21:49,9.9,9.9,9.899,9.899, 200
02/06/2020,21:51,9.86,9.86,9.86,9.86, 500
02/06/2020,21:52,9.9,9.91,9.9,9.91, 200
02/06/2020,21:53,9.89,9.89,9.86,9.867, 800
02/06/2020,21:53,9.89,9.9,9.89,9.9, 396
02/06/2020,21:55,9.9,9.9,9.9,9.9, 600
02/06/2020,21:56,9.9,9.9,9.9,9.9, 496
02/06/2020,21:57,9.9,9.9,9.9,9.9, 300
02/06/2020,21:57,9.9,9.9,9.9,9.9, 646
02/06/2020,21:59,9.891,9.9,9.891,9.9, 331
02/06/2020,22:00,9.9,9.9,9.9,9.9, 500
02/06/2020,22:01,9.9,9.9,9.89,9.9, 888
02/07/2020,15:31,9.78,9.78,9.501,9.501, 1817
02/07/2020,15:33,9.56,9.642,9.56,9.642, 1000
02/07/2020,15:36,9.623,9.623,9.598,9.598, 4000
02/07/2020,15:37,9.623,9.766,9.623,9.766, 2200
02/07/2020,15:50,9.77,9.77,9.77,9.77, 207
02/07/2020,15:58,9.76,9.76,9.76,9.76, 100
02/07/2020,16:00,9.77,9.77,9.77,9.77, 100
02/07/2020,16:01,9.67,9.67,9.67,9.67, 300
02/07/2020,16:03,9.565,9.565,9.565,9.565, 350
02/07/2020,16:10,9.78,9.78,9.78,9.78, 100
02/07/2020,16:11,9.62,9.62,9.62,9.62, 602
02/07/2020,16:12,9.62,9.62,9.59,9.62, 2198
02/07/2020,16:12,9.605,9.605,9.605,9.605, 100
02/07/2020,16:15,9.6,9.605,9.6,9.605, 800
02/07/2020,16:16,9.62,9.62,9.6,9.6, 300
02/07/2020,16:21,9.61,9.61,9.61,9.61, 350
02/07/2020,16:23,9.62,9.62,9.61,9.61, 200
02/07/2020,16:26,9.61,9.61,9.61,9.61, 100
02/07/2020,16:26,9.62,9.62,9.62,9.62, 100
02/07/2020,16:29,9.62,9.62,9.61,9.62, 4701
02/07/2020,16:32,9.7,9.706,9.7,9.706, 800
02/07/2020,16:37,9.72,9.72,9.72,9.72, 100
02/07/2020,16:39,9.705,9.705,9.705,9.705, 100
02/07/2020,16:40,9.67,9.67,9.67,9.67, 1200
02/07/2020,16:40,9.72,9.72,9.72,9.72, 100
02/07/2020,16:49,9.735,9.735,9.735,9.735, 400
02/07/2020,16:50,9.77,9.805,9.77,9.77, 500
02/07/2020,16:52,9.8,9.82,9.8,9.82, 400
02/07/2020,16:52,9.8,9.82,9.8,9.82, 300
02/07/2020,16:56,9.86,9.86,9.86,9.86, 100
02/07/2020,16:57,9.834,9.86,9.834,9.86, 500
02/07/2020,16:57,9.86,9.86,9.85,9.85, 300
02/07/2020,17:01,9.85,9.86,9.85,9.86, 200
02/07/2020,17:08,9.86,9.86,9.86,9.86, 200
02/07/2020,17:10,9.86,9.89,9.86,9.89, 300
02/07/2020,17:14,9.9,9.941,9.88,9.941, 1100
02/07/2020,17:19,9.91,9.92,9.91,9.92, 300
02/07/2020,17:23,9.939,9.939,9.939,9.939, 100
02/07/2020,17:30,9.96,9.96,9.92,9.92, 600
02/07/2020,17:33,9.92,9.92,9.87,9.87, 600
02/07/2020,17:34,9.87,9.92,9.87,9.92, 200
02/07/2020,17:37,9.92,9.92,9.92,9.92, 100
02/07/2020,17:37,9.92,9.92,9.92,9.92, 100
02/07/2020,17:38,9.87,9.87,9.87,9.87, 100
02/07/2020,17:40,9.87,9.87,9.87,9.87, 400
02/07/2020,17:43,9.84,9.84,9.84,9.84, 100
02/07/2020,17:45,9.88,9.88,9.87,9.879, 1100
02/07/2020,17:49,9.88,9.88,9.87,9.87, 300
02/07/2020,17:50,9.85,9.86,9.85,9.86, 300
02/07/2020,17:53,9.898,9.898,9.86,9.86, 200
02/07/2020,17:53,9.86,9.86,9.86,9.86, 100
02/07/2020,17:55,9.86,9.86,9.86,9.86, 400
02/07/2020,17:55,9.85,9.85,9.85,9.85, 100
02/07/2020,17:57,9.89,9.89,9.86,9.86, 200
02/07/2020,17:58,9.83,9.83,9.83,9.83, 100
02/07/2020,18:09,9.85,9.85,9.83,9.83, 200
02/07/2020,18:10,9.81,9.83,9.8,9.8, 800
02/07/2020,18:13,9.78,9.78,9.7,9.7, 1663
02/07/2020,18:13,9.7,9.78,9.7,9.7, 1000
02/07/2020,18:20,9.75,9.805,9.75,9.805, 300
02/07/2020,18:28,9.76,9.79,9.7,9.7, 1100
02/07/2020,18:33,9.78,9.78,9.78,9.78, 100
02/07/2020,18:38,9.785,9.785,9.785,9.785, 100
02/07/2020,18:45,9.74,9.74,9.7,9.71, 2600
02/07/2020,19:01,9.67,9.67,9.66,9.66, 300
02/07/2020,19:13,9.615,9.615,9.615,9.615, 200
02/07/2020,19:37,9.7,9.7,9.7,9.7, 100
02/07/2020,19:44,9.7,9.7,9.7,9.7, 100
02/07/2020,20:04,9.72,9.72,9.72,9.72, 100
02/07/2020,20:06,9.7,9.7,9.7,9.7, 100
02/07/2020,20:19,9.7,9.7,9.7,9.7, 100
02/07/2020,20:20,9.7,9.7,9.69,9.7, 700
02/07/2020,20:24,9.695,9.695,9.695,9.695, 350
02/07/2020,20:27,9.7,9.7,9.7,9.7, 100
02/07/2020,20:35,9.7,9.7,9.7,9.7, 100
02/07/2020,20:38,9.72,9.73,9.72,9.73, 400
02/07/2020,20:40,9.71,9.71,9.71,9.71, 900
02/07/2020,20:40,9.71,9.71,9.71,9.71, 200
02/07/2020,20:44,9.71,9.73,9.67,9.67, 1656
02/07/2020,20:46,9.63,9.655,9.55,9.562, 2846
02/07/2020,20:49,9.56,9.56,9.46,9.519, 4500
02/07/2020,20:51,9.46,9.46,9.46,9.46, 100
02/07/2020,20:52,9.467,9.53,9.39,9.4, 2300
02/07/2020,20:57,9.38,9.38,9.38,9.38, 100
02/07/2020,20:57,9.393,9.393,9.393,9.393, 450
02/07/2020,21:02,9.4,9.4,9.385,9.4, 11000
02/07/2020,21:02,9.4,9.4,9.4,9.4, 5000
02/07/2020,21:03,9.4,9.4,9.4,9.4, 7546
02/07/2020,21:05,9.5,9.5,9.5,9.5, 700
02/07/2020,21:05,9.5,9.5,9.49,9.499, 300
02/07/2020,21:08,9.6,9.64,9.6,9.64, 800
02/07/2020,21:08,9.655,9.655,9.655,9.655, 1500
02/07/2020,21:12,9.635,9.635,9.63,9.63, 200
02/07/2020,21:22,9.76,9.76,9.72,9.72, 300
02/07/2020,21:30,9.75,9.75,9.75,9.75, 100
02/07/2020,21:35,9.77,9.77,9.77,9.77, 100
02/07/2020,21:42,9.61,9.73,9.61,9.73, 790
02/07/2020,21:45,9.705,9.705,9.705,9.705, 500
02/07/2020,21:45,9.73,9.73,9.73,9.73, 100
02/07/2020,21:48,9.75,9.77,9.6,9.61, 2100
02/07/2020,21:51,9.7,9.7,9.7,9.7, 100
02/07/2020,21:54,9.75,9.75,9.75,9.75, 100
02/07/2020,21:55,9.75,9.78,9.75,9.78, 5300
02/07/2020,21:56,9.78,9.78,9.78,9.78, 100
02/07/2020,21:57,9.78,9.78,9.78,9.78, 100
02/07/2020,22:00,9.77,9.77,9.77,9.77, 305
02/07/2020,22:01,9.77,9.77,9.75,9.75, 1632
02/10/2020,15:32,9.97,9.97,9.78,9.799, 3300
02/10/2020,15:37,9.87,9.87,9.87,9.87, 300
02/10/2020,15:38,9.89,9.89,9.89,9.89, 100
02/10/2020,15:43,9.79,9.8,9.79,9.79, 300
02/10/2020,15:46,9.96,9.96,9.96,9.96, 300
02/10/2020,15:52,9.96,9.96,9.96,9.96, 100
02/10/2020,15:55,9.844,9.844,9.78,9.79, 1250
02/10/2020,15:56,9.89,9.89,9.88,9.89, 300
02/10/2020,16:01,9.87,9.87,9.87,9.87, 100
02/10/2020,16:02,9.957,9.957,9.957,9.957, 100
02/10/2020,16:10,9.96,9.96,9.94,9.94, 300
02/10/2020,16:12,9.96,9.96,9.96,9.96, 100
02/10/2020,16:14,9.86,9.86,9.86,9.86, 100
02/10/2020,16:15,9.82,9.82,9.82,9.82, 100
02/10/2020,16:16,9.9,9.9,9.9,9.9, 100
02/10/2020,16:23,9.9,9.9,9.9,9.9, 100
02/10/2020,16:26,9.83,9.83,9.83,9.83, 100
02/10/2020,16:28,9.87,9.9,9.87,9.9, 300
02/10/2020,16:29,9.9,9.94,9.9,9.94, 1620
02/10/2020,16:32,9.96,9.98,9.96,9.96, 600
02/10/2020,16:33,9.947,9.947,9.947,9.947, 200
02/10/2020,16:34,9.954,9.98,9.954,9.98, 200
02/10/2020,16:38,9.97,9.97,9.97,9.97, 100
02/10/2020,16:39,9.98,9.98,9.98,9.98, 100
02/10/2020,16:40,9.97,9.97,9.92,9.92, 662
02/10/2020,16:45,9.93,9.93,9.93,9.93, 600
02/10/2020,16:50,9.98,9.98,9.98,9.98, 100
02/10/2020,16:56,9.98,9.98,9.98,9.98, 700
02/10/2020,16:59,9.98,10,9.98,10, 14809
02/10/2020,17:00,10.05,10.05,10.05,10.05, 8100
02/10/2020,17:01,10.05,10.1,10.05,10.09, 1000
02/10/2020,17:02,10.046,10.046,10.046,10.046, 300
02/10/2020,17:04,10.07,10.08,10.07,10.08, 659
02/10/2020,17:05,10.07,10.085,10.04,10.045, 4241
02/10/2020,17:05,10.014,10.02,10.01,10.02, 700
02/10/2020,17:07,10.081,10.081,10.03,10.03, 800
02/10/2020,17:07,10.02,10.02,10,10.01, 1600
02/10/2020,17:09,10.01,10.01,10,10.01, 2600
02/10/2020,17:11,10.06,10.1,10.01,10.055, 6800
02/10/2020,17:12,10.055,10.055,10.055,10.055, 250
02/10/2020,17:13,10.085,10.09,10.08,10.08, 300
02/10/2020,17:15,10.03,10.03,10.03,10.03, 100
02/10/2020,17:16,10.03,10.04,10.03,10.03, 1900
02/10/2020,17:22,10.03,10.03,10.03,10.03, 256
02/10/2020,17:24,10.01,10.01,10,10.01, 2600
02/10/2020,17:25,10,10,10,10, 100
02/10/2020,17:26,9.97,9.97,9.95,9.95, 1100
02/10/2020,17:29,9.93,9.95,9.93,9.95, 500
02/10/2020,17:35,9.945,9.96,9.945,9.96, 700
02/10/2020,17:35,9.95,9.95,9.95,9.95, 800
02/10/2020,17:40,9.93,9.93,9.92,9.92, 600
02/10/2020,17:40,9.92,9.92,9.92,9.92, 100
02/10/2020,17:43,9.89,9.94,9.81,9.81, 12873
02/10/2020,17:45,9.87,9.93,9.87,9.929, 5300
02/10/2020,17:55,9.93,9.93,9.82,9.82, 200
02/10/2020,17:56,9.93,9.93,9.93,9.93, 100
02/10/2020,18:17,9.92,9.92,9.92,9.92, 100
02/10/2020,18:21,9.92,9.95,9.92,9.93, 900
02/10/2020,18:26,9.95,9.95,9.95,9.95, 100
02/10/2020,18:34,9.95,9.95,9.95,9.95, 9600
02/10/2020,18:38,9.95,9.95,9.95,9.95, 100
02/10/2020,18:40,9.96,9.96,9.96,9.96, 200
02/10/2020,18:42,9.96,9.97,9.96,9.97, 1000
02/10/2020,18:44,9.97,9.97,9.95,9.95, 500
02/10/2020,18:57,9.96,9.96,9.96,9.96, 200
02/10/2020,19:04,9.97,9.97,9.97,9.97, 100
02/10/2020,19:05,9.97,9.98,9.97,9.98, 6950
02/10/2020,19:06,10,10,9.986,9.986, 9800
02/10/2020,19:07,10.04,10.04,10.04,10.04, 300
02/10/2020,19:12,10.05,10.05,10.024,10.024, 3200
02/10/2020,19:14,10.05,10.05,10.02,10.035, 1600
02/10/2020,19:17,10.02,10.02,10.02,10.02, 120
02/10/2020,19:18,10.02,10.025,10.02,10.025, 1100
02/10/2020,19:20,10.04,10.04,10.04,10.04, 380
02/10/2020,19:28,10,10,10,10, 200
02/10/2020,19:36,10.015,10.015,10.015,10.015, 100
02/10/2020,19:38,10.04,10.05,10.04,10.05, 900
02/10/2020,19:43,10.02,10.02,10.02,10.02, 150
02/10/2020,19:48,10.05,10.05,10.035,10.05, 900
02/10/2020,19:51,10.03,10.034,10.03,10.03, 600
02/10/2020,19:51,10.03,10.03,10.03,10.03, 400
02/10/2020,20:00,10.01,10.01,10.01,10.01, 100
02/10/2020,20:01,10.01,10.01,10.01,10.01, 100
02/10/2020,20:04,10.03,10.03,10.03,10.03, 100
02/10/2020,20:07,10.05,10.05,10.05,10.05, 1163
02/10/2020,20:09,10.02,10.02,10.02,10.02, 100
02/10/2020,20:14,10.05,10.05,10.05,10.05, 800
02/10/2020,20:18,10.024,10.024,10.02,10.021, 500
02/10/2020,20:19,10.05,10.05,10.05,10.05, 100
02/10/2020,20:20,10.05,10.05,10.05,10.05, 5000
02/10/2020,20:21,10.05,10.07,10.05,10.07, 500
02/10/2020,20:22,10.07,10.07,10.06,10.064, 700
02/10/2020,20:23,10.06,10.064,10.06,10.06, 600
02/10/2020,20:24,10.065,10.065,10.065,10.065, 100
02/10/2020,20:25,10.06,10.07,10.04,10.07, 508
02/10/2020,20:26,10.044,10.044,10.04,10.04, 300
02/10/2020,20:27,10.07,10.07,10.07,10.07, 600
02/10/2020,20:30,10.07,10.07,10.05,10.05, 2000
02/10/2020,20:32,10.07,10.07,10.07,10.07, 100
02/10/2020,20:43,10.07,10.07,10.07,10.07, 700
02/10/2020,20:57,10.07,10.07,10.06,10.07, 2301
02/10/2020,20:58,10.07,10.073,10.07,10.071, 500
02/10/2020,20:59,10.07,10.071,10.07,10.07, 1200
02/10/2020,21:00,10.07,10.07,10.07,10.07, 150
02/10/2020,21:02,10.05,10.05,10.05,10.05, 500
02/10/2020,21:04,10.03,10.03,10.03,10.03, 100
02/10/2020,21:12,10.03,10.03,10.03,10.03, 900
02/10/2020,21:16,10.041,10.041,10.041,10.041, 300
02/10/2020,21:17,10,10,10,10, 300
02/10/2020,21:18,10,10,9.995,9.995, 200
02/10/2020,21:19,10.006,10.006,10.006,10.006, 122
02/10/2020,21:21,9.995,9.995,9.995,9.995, 100
02/10/2020,21:37,10,10,10,10, 500
02/10/2020,21:42,9.96,9.96,9.96,9.96, 100
02/10/2020,21:45,9.92,9.97,9.92,9.97, 400
02/10/2020,21:49,9.99,9.99,9.99,9.99, 397
02/10/2020,21:52,10,10,10,10, 300
02/10/2020,21:54,10,10,10,10, 300
02/10/2020,21:55,10,10,9.985,9.985, 300
02/10/2020,21:56,10,10,10,10, 400
02/10/2020,21:57,10,10,9.98,9.98, 600
02/10/2020,21:58,9.98,9.98,9.98,9.98, 100
02/10/2020,21:59,10,10,9.98,9.98, 600
02/10/2020,22:00,10,10,10,10, 627
02/10/2020,22:01,10,10,9.985,10, 1893
02/11/2020,15:31,10.39,10.39,10.15,10.15, 12034
02/11/2020,15:33,10.39,10.4,10.37,10.39, 5000
02/11/2020,15:36,10.358,10.6,10.358,10.539, 7000
02/11/2020,15:37,10.535,10.79,10.535,10.79, 1159
02/11/2020,15:39,10.63,10.735,10.63,10.735, 900
02/11/2020,15:40,10.788,10.788,10.788,10.788, 250
02/11/2020,15:41,10.83,10.874,10.804,10.874, 2400
02/11/2020,15:41,10.63,10.63,10.63,10.63, 400
02/11/2020,15:45,10.84,10.84,10.735,10.745, 600
02/11/2020,15:47,10.78,10.84,10.771,10.84, 525
02/11/2020,15:48,10.81,10.81,10.81,10.81, 170
02/11/2020,15:50,10.84,10.84,10.84,10.84, 100
02/11/2020,15:51,10.84,10.84,10.84,10.84, 300
02/11/2020,15:53,10.95,10.95,10.865,10.865, 1500
02/11/2020,15:53,10.94,10.94,10.94,10.94, 100
02/11/2020,15:55,10.895,10.95,10.895,10.95, 4600
02/11/2020,15:56,11.08,11.08,11.08,11.08, 100
02/11/2020,15:57,11.01,11.05,10.86,10.91, 5515
02/11/2020,15:59,10.88,10.885,10.88,10.885, 400
02/11/2020,15:59,10.88,10.89,10.88,10.89, 400
02/11/2020,16:01,10.95,10.95,10.95,10.95, 650
02/11/2020,16:01,10.95,10.95,10.95,10.95, 274
02/11/2020,16:03,10.905,10.905,10.905,10.905, 100
02/11/2020,16:04,10.905,10.95,10.87,10.87, 2300
02/11/2020,16:05,10.905,10.95,10.905,10.95, 2200
02/11/2020,16:07,10.86,10.86,10.86,10.86, 150
02/11/2020,16:08,10.864,10.864,10.864,10.864, 750
02/11/2020,16:10,10.905,10.905,10.9,10.9, 400
02/11/2020,16:11,10.92,10.938,10.92,10.938, 3150
02/11/2020,16:15,10.92,10.92,10.905,10.905, 825
02/11/2020,16:16,10.905,10.905,10.88,10.88, 2000
02/11/2020,16:17,10.879,10.879,10.879,10.879, 500
02/11/2020,16:18,10.859,10.859,10.859,10.859, 1500
02/11/2020,16:25,10.88,10.88,10.88,10.88, 100
02/11/2020,16:28,10.89,10.89,10.85,10.85, 2400
02/11/2020,16:29,10.85,10.862,10.75,10.797, 2725
02/11/2020,16:35,10.79,10.79,10.79,10.79, 150
02/11/2020,16:37,10.868,10.868,10.868,10.868, 500
02/11/2020,16:40,10.87,10.87,10.81,10.81, 500
02/11/2020,16:43,10.85,10.85,10.85,10.85, 399
02/11/2020,16:45,10.867,10.87,10.867,10.87, 965
02/11/2020,16:46,10.88,10.905,10.88,10.905, 3500
02/11/2020,16:47,10.926,10.926,10.926,10.926, 250
02/11/2020,16:48,10.95,11,10.915,10.969, 6313
02/11/2020,16:51,10.96,11,10.96,10.97, 2200
02/11/2020,16:53,10.96,10.96,10.96,10.96, 1100
02/11/2020,16:53,10.94,10.94,10.94,10.94, 100
02/11/2020,16:55,10.93,10.94,10.93,10.93, 428
02/11/2020,16:57,10.93,10.93,10.93,10.93, 100
02/11/2020,16:59,10.94,10.94,10.94,10.94, 100
02/11/2020,17:06,10.99,11,10.953,11, 4894
02/11/2020,17:09,11.04,11.04,11.04,11.04, 100
02/11/2020,17:14,11.025,11.025,11.025,11.025, 450
02/11/2020,17:15,11.05,11.05,11.05,11.05, 3200
02/11/2020,17:16,11.05,11.05,11.041,11.041, 1100
02/11/2020,17:17,11.035,11.06,11.035,11.047, 3635
02/11/2020,17:18,11.05,11.1,11.05,11.1, 3800
02/11/2020,17:19,11.14,11.14,11.12,11.12, 500
02/11/2020,17:20,11.095,11.112,11.095,11.112, 5229
02/11/2020,17:21,11.13,11.13,11.1,11.1, 225
02/11/2020,17:22,11.122,11.122,11.122,11.122, 500
02/11/2020,17:22,11.14,11.15,11.14,11.15, 2100
02/11/2020,17:24,11.15,11.193,11.15,11.16, 4978
02/11/2020,17:25,11.2,11.2,11.16,11.16, 900
02/11/2020,17:26,11.14,11.14,11.118,11.118, 700
02/11/2020,17:27,11.15,11.15,11.081,11.081, 374
02/11/2020,17:28,11.105,11.105,10.95,10.95, 1140
02/11/2020,17:28,11.053,11.053,11.053,11.053, 300
02/11/2020,17:30,11.13,11.13,11.13,11.13, 500
02/11/2020,17:31,11.12,11.141,11.12,11.13, 1950
02/11/2020,17:32,11.121,11.121,11.121,11.121, 400
02/11/2020,17:33,11.15,11.177,11.15,11.177, 200
02/11/2020,17:35,11.22,11.22,11.22,11.22, 100
02/11/2020,17:36,11.14,11.24,11.14,11.24, 1500
02/11/2020,17:38,11.2,11.2,11.2,11.2, 500
02/11/2020,17:40,11.191,11.215,11.19,11.19, 1200
02/11/2020,17:41,11.19,11.205,11.15,11.205, 1100
02/11/2020,17:43,11.18,11.185,11.15,11.15, 1050
02/11/2020,17:43,11.12,11.132,11.12,11.132, 400
02/11/2020,17:45,11.15,11.15,11.12,11.128, 700
02/11/2020,17:46,11.136,11.136,11.11,11.11, 1560
02/11/2020,17:47,11.135,11.135,11.1,11.1, 900
02/11/2020,17:50,11.14,11.14,11.14,11.14, 100
02/11/2020,17:55,11.1,11.1,11.1,11.1, 100
02/11/2020,17:55,11.11,11.118,11.11,11.118, 300
02/11/2020,18:00,11.11,11.11,11.11,11.11, 400
02/11/2020,18:04,11.1,11.1,11.05,11.09, 400
02/11/2020,18:07,11.069,11.09,11.069,11.09, 598
02/11/2020,18:09,11.04,11.04,11.04,11.04, 100
02/11/2020,18:10,11.02,11.05,10.98,11.05, 12271
02/11/2020,18:11,11.13,11.13,11.13,11.13, 100
02/11/2020,18:13,11.072,11.09,11.072,11.09, 700
02/11/2020,18:31,11.102,11.102,11.102,11.102, 400
02/11/2020,18:35,11.135,11.135,11.135,11.135, 100
02/11/2020,18:37,11.14,11.14,11.14,11.14, 100
02/11/2020,18:40,11.12,11.12,11.12,11.12, 1500
02/11/2020,18:45,11.1,11.1,11.1,11.1, 100
02/11/2020,18:51,11.12,11.12,11.12,11.12, 179
02/11/2020,18:58,11.14,11.14,11.14,11.14, 200
02/11/2020,18:58,11.14,11.14,11.125,11.125, 400
02/11/2020,18:59,11.125,11.125,11.125,11.125, 100
02/11/2020,19:03,11.125,11.125,11.125,11.125, 100
02/11/2020,19:04,11.121,11.121,11.11,11.11, 400
02/11/2020,19:05,11.12,11.12,11.12,11.12, 600
02/11/2020,19:11,11.11,11.11,11.11,11.11, 300
02/11/2020,19:12,11.115,11.13,11.09,11.13, 1200
02/11/2020,19:16,11.13,11.13,11.13,11.13, 400
02/11/2020,19:22,11.115,11.115,11.115,11.115, 200
02/11/2020,19:24,11.1,11.1,11.1,11.1, 700
02/11/2020,19:26,11.032,11.032,11.032,11.032, 200
02/11/2020,19:28,11.11,11.11,11.11,11.11, 100
02/11/2020,19:36,11.12,11.12,11.12,11.12, 100
02/11/2020,19:40,11.084,11.084,11.084,11.084, 200
02/11/2020,19:44,11.06,11.06,11.06,11.06, 300
02/11/2020,19:45,11.06,11.06,11.06,11.06, 500
02/11/2020,19:50,11.02,11.02,11.02,11.02, 300
02/11/2020,19:52,11,11,10.98,10.98, 1014
02/11/2020,20:00,10.96,10.96,10.96,10.96, 600
02/11/2020,20:04,10.976,10.976,10.976,10.976, 100
02/11/2020,20:06,10.986,10.986,10.986,10.986, 100
02/11/2020,20:09,10.97,10.97,10.97,10.97, 100
02/11/2020,20:10,10.97,10.97,10.97,10.97, 100
02/11/2020,20:16,10.97,10.97,10.97,10.97, 300
02/11/2020,20:27,10.98,10.98,10.965,10.965, 800
02/11/2020,20:35,10.98,10.98,10.965,10.965, 200
02/11/2020,20:39,10.95,10.98,10.95,10.98, 400
02/11/2020,20:44,10.98,10.98,10.95,10.98, 1200
02/11/2020,20:49,10.965,10.965,10.965,10.965, 100
02/11/2020,20:53,10.98,10.98,10.98,10.98, 600
02/11/2020,20:54,10.98,10.98,10.965,10.965, 700
02/11/2020,20:57,10.98,10.98,10.98,10.98, 100
02/11/2020,20:59,11,11,11,11, 100
02/11/2020,21:08,10.974,10.974,10.974,10.974, 250
02/11/2020,21:09,10.97,10.97,10.97,10.97, 100
02/11/2020,21:16,10.985,10.985,10.985,10.985, 100
02/11/2020,21:20,10.98,11,10.98,11, 6250
02/11/2020,21:21,10.95,11,10.95,10.99, 800
02/11/2020,21:26,10.95,10.958,10.94,10.958, 400
02/11/2020,21:29,10.94,10.94,10.94,10.94, 100
02/11/2020,21:30,10.973,10.99,10.973,10.99, 1323
02/11/2020,21:34,10.98,10.98,10.98,10.98, 100
02/11/2020,21:34,10.97,10.97,10.97,10.97, 100
02/11/2020,21:36,10.97,10.98,10.96,10.98, 4200
02/11/2020,21:38,10.98,10.98,10.98,10.98, 100
02/11/2020,21:39,10.98,11,10.97,11, 11697
02/11/2020,21:42,10.98,10.99,10.98,10.99, 300
02/11/2020,21:44,10.99,10.99,10.99,10.99, 100
02/11/2020,21:46,10.98,10.98,10.98,10.98, 100
02/11/2020,21:51,11,11.05,10.995,11.05, 8104
02/11/2020,21:52,11.04,11.05,11.03,11.037, 1391
02/11/2020,21:53,11.041,11.041,11.04,11.04, 1800
02/11/2020,21:54,11.036,11.04,11.036,11.04, 2000
02/11/2020,21:55,11.036,11.065,11.036,11.065, 26588
02/11/2020,21:56,11.04,11.05,11.04,11.05, 3900
02/11/2020,21:56,11.04,11.04,11.04,11.04, 268
02/11/2020,21:58,11.075,11.075,11.075,11.075, 1145
02/11/2020,21:59,11.075,11.075,11.05,11.05, 10630
02/11/2020,22:00,11.05,11.075,11.05,11.06, 12052
02/11/2020,22:01,11.04,11.05,11.04,11.05, 2307
02/12/2020,15:31,11.01,11.01,11.01,11.01, 1271
02/12/2020,15:33,11.018,11.098,11.018,11.095, 2300
02/12/2020,15:38,11.09,11.09,11.055,11.055, 200
02/12/2020,15:42,11.025,11.03,10.97,11.005, 16523
02/12/2020,15:43,11.05,11.05,11.025,11.025, 1000
02/12/2020,15:48,11.04,11.04,11.04,11.04, 100
02/12/2020,15:55,11.01,11.01,11.01,11.01, 100
02/12/2020,16:01,11.014,11.014,11.014,11.014, 1000
02/12/2020,16:02,11,11,10.88,10.95, 1558
02/12/2020,16:03,10.93,10.98,10.93,10.98, 300
02/12/2020,16:04,10.88,10.88,10.88,10.88, 100
02/12/2020,16:07,10.93,10.93,10.84,10.84, 1100
02/12/2020,16:10,10.911,10.95,10.911,10.95, 3999
02/12/2020,16:14,11,11,11,11, 100
02/12/2020,16:19,10.99,10.99,10.99,10.99, 100
02/12/2020,16:23,11.02,11.02,11.02,11.02, 100
02/12/2020,16:26,11,11.04,11,11, 400
02/12/2020,16:28,10.96,10.96,10.96,10.96, 100
02/12/2020,16:29,10.96,10.96,10.95,10.95, 1780
02/12/2020,16:33,10.97,10.97,10.97,10.97, 100
02/12/2020,16:36,10.945,10.945,10.945,10.945, 1020
02/12/2020,16:44,10.96,10.96,10.96,10.96, 100
02/12/2020,16:45,10.941,10.941,10.941,10.941, 100
02/12/2020,16:46,10.96,10.96,10.96,10.96, 100
02/12/2020,16:56,10.96,10.96,10.96,10.96, 100
02/12/2020,17:00,10.96,10.96,10.945,10.945, 200
02/12/2020,17:01,10.945,10.96,10.945,10.954, 750
02/12/2020,17:02,10.96,11,10.957,10.957, 800
02/12/2020,17:03,10.975,10.975,10.975,10.975, 100
02/12/2020,17:04,10.955,10.955,10.955,10.955, 157
02/12/2020,17:12,10.97,10.97,10.97,10.97, 100
02/12/2020,17:21,10.98,10.98,10.965,10.965, 300
02/12/2020,17:29,10.98,10.98,10.98,10.98, 100
02/12/2020,17:35,11.02,11.02,11.02,11.02, 100
02/12/2020,17:36,10.995,11,10.985,10.985, 700
02/12/2020,17:40,10.97,10.97,10.914,10.914, 295
02/12/2020,17:45,10.924,10.924,10.89,10.89, 2250
02/12/2020,17:48,10.95,10.95,10.95,10.95, 100
02/12/2020,17:49,10.95,10.95,10.95,10.95, 100
02/12/2020,18:03,10.94,10.94,10.94,10.94, 100
02/12/2020,18:08,10.9,10.92,10.895,10.92, 555
02/12/2020,18:09,10.895,10.895,10.895,10.895, 100
02/12/2020,18:19,10.895,10.895,10.895,10.895, 100
02/12/2020,18:26,10.93,10.93,10.93,10.93, 600
02/12/2020,18:32,10.93,10.93,10.93,10.93, 400
02/12/2020,18:33,10.93,10.93,10.93,10.93, 100
02/12/2020,18:36,10.95,10.95,10.95,10.95, 100
02/12/2020,18:38,10.93,10.93,10.91,10.91, 1160
02/12/2020,18:52,10.96,10.96,10.96,10.96, 100
02/12/2020,18:55,10.958,10.958,10.958,10.958, 400
02/12/2020,18:59,10.93,10.94,10.92,10.94, 369
02/12/2020,19:09,10.9,10.9,10.9,10.9, 200
02/12/2020,19:10,10.89,10.9,10.885,10.885, 300
02/12/2020,19:14,10.885,10.9,10.885,10.9, 200
02/12/2020,19:21,10.9,10.91,10.9,10.91, 288
02/12/2020,19:24,10.92,10.92,10.92,10.92, 1100
02/12/2020,19:25,10.92,10.92,10.92,10.92, 100
02/12/2020,19:29,10.945,10.945,10.945,10.945, 100
02/12/2020,19:37,10.93,10.95,10.91,10.95, 3600
02/12/2020,19:39,10.934,10.97,10.925,10.97, 2400
02/12/2020,19:40,10.945,10.97,10.93,10.93, 1588
02/12/2020,19:40,10.93,10.93,10.93,10.93, 100
02/12/2020,19:43,10.99,10.99,10.99,10.99, 200
02/12/2020,19:46,10.98,10.98,10.965,10.965, 400
02/12/2020,19:51,10.99,10.99,10.99,10.99, 100
02/12/2020,19:55,10.98,10.98,10.98,10.98, 100
02/12/2020,19:59,11,11,11,11, 100
02/12/2020,20:04,10.975,11,10.975,11, 19600
02/12/2020,20:06,11.03,11.03,11.03,11.03, 100
02/12/2020,20:10,11.03,11.03,11.03,11.03, 600
02/12/2020,20:11,11.06,11.08,11.06,11.08, 200
02/12/2020,20:13,11.055,11.055,11.055,11.055, 100
02/12/2020,20:17,11.04,11.052,11.03,11.03, 1181
02/12/2020,20:22,11.06,11.06,11.06,11.06, 100
02/12/2020,20:23,11.08,11.08,11.08,11.08, 200
02/12/2020,20:24,11.054,11.054,11.054,11.054, 300
02/12/2020,20:28,11.055,11.08,11.055,11.07, 27100
02/12/2020,20:29,11.065,11.075,11.05,11.075, 629
02/12/2020,20:31,11.06,11.06,11.06,11.06, 3100
02/12/2020,20:35,11.065,11.065,11.05,11.05, 300
02/12/2020,20:37,11.065,11.065,11.065,11.065, 100
02/12/2020,20:42,11.065,11.07,11.065,11.07, 2100
02/12/2020,20:44,11.065,11.065,11.065,11.065, 20000
02/12/2020,20:45,11.065,11.065,11.065,11.065, 1200
02/12/2020,20:47,11.06,11.063,11.05,11.061, 2299
02/12/2020,20:48,11.05,11.056,11.05,11.056, 1600
02/12/2020,20:49,11.05,11.05,11.05,11.05, 4725
02/12/2020,20:50,11.05,11.05,11.05,11.05, 1100
02/12/2020,20:52,11.08,11.09,11.08,11.09, 6500
02/12/2020,20:53,11.05,11.06,11.05,11.05, 1800
02/12/2020,20:54,11.05,11.05,11.05,11.05, 2000
02/12/2020,20:58,11.08,11.09,11.08,11.09, 400
02/12/2020,21:01,11.085,11.1,11.085,11.1, 600
02/12/2020,21:04,11.1,11.1,11.1,11.1, 200
02/12/2020,21:10,11.1,11.1,11.1,11.1, 100
02/12/2020,21:11,11.1,11.1,11.085,11.085, 300
02/12/2020,21:12,11.1,11.14,11.1,11.139, 811
02/12/2020,21:16,11.15,11.15,11.15,11.15, 202
02/12/2020,21:18,11.146,11.146,11.146,11.146, 100
02/12/2020,21:23,11.15,11.15,11.14,11.14, 400
02/12/2020,21:25,11.13,11.15,11.13,11.15, 1235
02/12/2020,21:28,11.15,11.15,11.15,11.15, 158
02/12/2020,21:29,11.15,11.19,11.15,11.19, 300
02/12/2020,21:30,11.14,11.14,11.12,11.12, 2479
02/12/2020,21:31,11.12,11.12,11.12,11.12, 200
02/12/2020,21:32,11.121,11.121,11.11,11.11, 520
02/12/2020,21:33,11.12,11.12,11.12,11.12, 300
02/12/2020,21:41,11.15,11.15,11.142,11.142, 2654
02/12/2020,21:43,11.15,11.15,11.125,11.126, 700
02/12/2020,21:45,11.15,11.15,11.14,11.15, 366
02/12/2020,21:47,11.13,11.135,11.13,11.135, 400
02/12/2020,21:49,11.11,11.11,11.11,11.11, 200
02/12/2020,21:50,11.12,11.12,11.11,11.11, 235
02/12/2020,21:52,11.11,11.12,11.11,11.11, 500
02/12/2020,21:53,11.11,11.15,11.11,11.15, 2300
02/12/2020,21:54,11.15,11.15,11.11,11.15, 1300
02/12/2020,21:55,11.15,11.15,11.13,11.15, 900
02/12/2020,21:56,11.12,11.18,11.12,11.18, 3241
02/12/2020,21:57,11.2,11.23,11.18,11.23, 5600
02/12/2020,21:58,11.23,11.25,11.23,11.25, 700
02/12/2020,21:59,11.25,11.27,11.25,11.25, 1524
02/12/2020,22:00,11.27,11.3,11.27,11.3, 6091
02/12/2020,22:01,11.3,11.3,11.28,11.28, 826
02/13/2020,15:36,11.24,11.24,11.24,11.24, 100
02/13/2020,15:37,11.23,11.25,11.11,11.11, 1820
02/13/2020,15:40,11.25,11.25,11.25,11.25, 100
02/13/2020,15:44,11.208,11.208,11.208,11.208, 100
02/13/2020,15:47,11.25,11.25,11.25,11.25, 1793
02/13/2020,15:53,11.26,11.28,11.26,11.28, 376
02/13/2020,15:58,11.26,11.26,11.25,11.25, 1019
02/13/2020,16:00,11.2,11.2,11.2,11.2, 200
02/13/2020,16:02,11.17,11.17,11.17,11.17, 500
02/13/2020,16:07,11.173,11.173,11.173,11.173, 100
02/13/2020,16:14,11.2,11.2,11.2,11.2, 800
02/13/2020,16:22,11.187,11.187,11.187,11.187, 1000
02/13/2020,16:23,11.2,11.2,11.2,11.2, 200
02/13/2020,16:30,11.16,11.16,11.16,11.16, 100
02/13/2020,16:31,11.16,11.16,11.13,11.15, 1088
02/13/2020,16:32,11.13,11.13,11.09,11.09, 3530
02/13/2020,16:34,11.09,11.1,11.09,11.1, 1470
02/13/2020,16:38,11.09,11.12,11.09,11.12, 1000
02/13/2020,16:58,11.11,11.12,11.11,11.12, 330
02/13/2020,17:12,11.12,11.12,11.08,11.08, 898
02/13/2020,17:14,11.095,11.095,11.095,11.095, 100
02/13/2020,17:26,11.13,11.13,11.12,11.12, 200
02/13/2020,17:27,11.07,11.07,11.01,11.02, 1745
02/13/2020,17:29,11,11.04,11,11, 3495
02/13/2020,17:33,11.003,11.02,11,11.02, 1900
02/13/2020,17:43,11.05,11.05,11.05,11.05, 100
02/13/2020,17:59,11,11.1,11,11.1, 4739
02/13/2020,18:03,11.09,11.09,11.09,11.09, 100
02/13/2020,18:22,11.09,11.09,11.09,11.09, 200
02/13/2020,18:24,11.03,11.03,11.03,11.03, 100
02/13/2020,18:29,11.036,11.09,11.036,11.09, 1200
02/13/2020,18:35,11.06,11.06,11.06,11.06, 100
02/13/2020,18:38,11.033,11.08,11.03,11.08, 700
02/13/2020,18:39,11.09,11.09,11.09,11.09, 100
02/13/2020,18:40,11.09,11.09,11.09,11.09, 100
02/13/2020,18:43,11.1,11.12,11.06,11.06, 2800
02/13/2020,18:51,11.05,11.05,11.05,11.05, 100
02/13/2020,19:19,11.05,11.06,11.045,11.045, 10544
02/13/2020,19:20,11.045,11.045,11.045,11.045, 100
02/13/2020,19:24,11.05,11.06,11.05,11.06, 500
02/13/2020,19:24,11.08,11.08,11.08,11.08, 100
02/13/2020,19:26,11.085,11.1,11.085,11.085, 1200
02/13/2020,19:32,11.11,11.11,11.11,11.11, 300
02/13/2020,19:34,11.095,11.095,11.09,11.09, 400
02/13/2020,19:46,11.09,11.09,11.09,11.09, 100
02/13/2020,19:52,11.09,11.09,11.09,11.09, 100
02/13/2020,19:53,11.07,11.09,11.07,11.09, 300
02/13/2020,20:05,11.09,11.09,11.08,11.08, 245
02/13/2020,20:06,11.075,11.075,11.075,11.075, 400
02/13/2020,20:09,11.06,11.06,11.06,11.06, 100
02/13/2020,20:31,11.07,11.07,11.07,11.07, 200
02/13/2020,20:40,11.07,11.071,11.06,11.071, 590
02/13/2020,20:41,11.06,11.07,11.06,11.07, 600
02/13/2020,20:42,11.05,11.05,11.05,11.05, 100
02/13/2020,20:51,11.05,11.05,11.05,11.05, 100
02/13/2020,20:56,11.065,11.08,11.065,11.08, 200
02/13/2020,21:12,11.08,11.08,11.08,11.08, 273
02/13/2020,21:14,11.05,11.05,11.05,11.05, 100
02/13/2020,21:16,11.08,11.08,11.08,11.08, 100
02/13/2020,21:19,11.05,11.06,11.03,11.04, 1307
02/13/2020,21:21,11,11.017,11,11.017, 850
02/13/2020,21:28,11.03,11.03,11.03,11.03, 100
02/13/2020,21:29,11.03,11.03,11.03,11.03, 100
02/13/2020,21:31,11.03,11.03,11.03,11.03, 100
02/13/2020,21:32,11.02,11.02,11.02,11.02, 100
02/13/2020,21:33,11.015,11.015,11.015,11.015, 100
02/13/2020,21:34,11.015,11.015,11.015,11.015, 100
02/13/2020,21:35,11.015,11.015,11.015,11.015, 100
02/13/2020,21:36,11.015,11.015,11.015,11.015, 100
02/13/2020,21:37,11.015,11.015,11.015,11.015, 100
02/13/2020,21:38,11.015,11.015,11.015,11.015, 100
02/13/2020,21:39,11.03,11.03,11.015,11.015, 200
02/13/2020,21:41,11,11,10.99,10.99, 900
02/13/2020,21:42,10.93,10.98,10.92,10.92, 1560
02/13/2020,21:43,10.95,10.96,10.95,10.96, 300
02/13/2020,21:44,10.95,10.95,10.95,10.95, 200
02/13/2020,21:45,10.96,10.96,10.95,10.95, 600
02/13/2020,21:46,10.96,10.96,10.96,10.96, 100
02/13/2020,21:47,10.96,10.96,10.96,10.96, 100
02/13/2020,21:48,10.96,10.96,10.96,10.96, 100
02/13/2020,21:49,10.94,10.95,10.92,10.95, 1400
02/13/2020,21:50,10.95,10.95,10.95,10.95, 100
02/13/2020,21:51,10.96,10.96,10.96,10.96, 100
02/13/2020,21:52,10.96,10.965,10.96,10.965, 200
02/13/2020,21:53,10.98,10.99,10.98,10.99, 300
02/13/2020,21:54,10.985,10.99,10.96,10.99, 1300
02/13/2020,21:55,10.99,10.99,10.99,10.99, 200
02/13/2020,21:56,10.985,11.02,10.985,11.02, 566
02/13/2020,21:57,11.02,11.02,11.02,11.02, 400
02/13/2020,21:58,11.02,11.03,11.02,11.03, 300
02/13/2020,21:59,11.03,11.05,11.02,11.02, 1900
02/13/2020,22:00,11.03,11.03,11,11.03, 1693
02/13/2020,22:01,11,11,11,11, 247
02/14/2020,15:31,11.09,11.09,11.09,11.09, 351
02/14/2020,15:35,11.09,11.1,11.09,11.1, 200
02/14/2020,15:56,11.1,11.1,10.87,11.08, 4400
02/14/2020,16:00,11,11,11,11, 100
02/14/2020,16:11,11,11,11,11, 100
02/14/2020,16:13,10.995,10.995,10.92,10.92, 300
02/14/2020,16:14,10.94,10.95,10.94,10.94, 612
02/14/2020,16:17,10.95,10.95,10.95,10.95, 100
02/14/2020,16:21,10.929,10.929,10.929,10.929, 125
02/14/2020,16:23,10.99,10.99,10.99,10.99, 100
02/14/2020,16:35,10.98,10.98,10.98,10.98, 100
02/14/2020,16:49,10.99,10.99,10.99,10.99, 100
02/14/2020,17:01,11,11.095,10.95,11.095, 3440
02/14/2020,17:04,11.03,11.03,11.03,11.03, 100
02/14/2020,17:09,11,11,11,11, 100
02/14/2020,17:23,11.05,11.05,11.05,11.05, 230
02/14/2020,17:31,11,11.026,11,11.01, 1700
02/14/2020,17:32,10.99,11,10.99,11, 300
02/14/2020,17:34,11.04,11.04,11,11, 400
02/14/2020,17:35,11.013,11.013,11.013,11.013, 500
02/14/2020,17:35,11.015,11.015,11,11, 400
02/14/2020,17:37,11.015,11.015,11.015,11.015, 100
02/14/2020,17:39,11.02,11.02,11.02,11.02, 100
02/14/2020,17:40,11,11.04,10.94,11.01, 10118
02/14/2020,17:46,11,11,11,11, 3702
02/14/2020,17:50,11.015,11.015,11.015,11.015, 800
02/14/2020,17:55,11.025,11.09,11.025,11.061, 4204
02/14/2020,18:01,11.07,11.07,11.07,11.07, 480
02/14/2020,18:03,11.1,11.1,11.1,11.1, 100
02/14/2020,18:03,11.074,11.074,11.074,11.074, 200
02/14/2020,18:09,11.07,11.07,11.07,11.07, 100
02/14/2020,18:10,11.065,11.065,11.065,11.065, 100
02/14/2020,18:12,11.065,11.07,11.065,11.07, 500
02/14/2020,18:14,11.07,11.07,11.07,11.07, 200
02/14/2020,18:18,11.07,11.07,11.07,11.07, 100
02/14/2020,18:25,11.07,11.07,11.07,11.07, 200
02/14/2020,18:26,11.07,11.07,11.07,11.07, 100
02/14/2020,18:27,11.06,11.06,11.06,11.06, 200
02/14/2020,18:30,11.07,11.07,11.07,11.07, 100
02/14/2020,18:31,11.07,11.07,11.07,11.07, 1000
02/14/2020,18:33,11.06,11.06,11.06,11.06, 300
02/14/2020,18:43,11.05,11.05,11.02,11.02, 500
02/14/2020,18:51,11.05,11.05,11.05,11.05, 120
02/14/2020,18:53,11.035,11.035,11.035,11.035, 100
02/14/2020,18:54,11.05,11.05,11.05,11.05, 100
02/14/2020,18:56,11.05,11.05,11.05,11.05, 100
02/14/2020,19:01,11.035,11.035,11.035,11.035, 100
02/14/2020,19:03,11.041,11.041,11.041,11.041, 1000
02/14/2020,19:04,11.03,11.03,11.03,11.03, 100
02/14/2020,19:05,11.03,11.03,10.99,10.99, 800
02/14/2020,19:06,11.02,11.02,11.02,11.02, 100
02/14/2020,19:16,10.99,11.02,10.99,11, 3280
02/14/2020,19:18,11,11,11,11, 1150
02/14/2020,19:20,11.01,11.02,10.98,11, 1100
02/14/2020,19:21,11,11,11,11, 451
02/14/2020,19:23,11.007,11.007,11,11, 400
02/14/2020,19:24,11,11,10.996,11, 2000
02/14/2020,19:28,11,11,11,11, 200
02/14/2020,19:31,10.993,10.993,10.993,10.993, 100
02/14/2020,19:34,10.99,10.99,10.99,10.99, 200
02/14/2020,19:45,10.972,11.025,10.972,11, 4322
02/14/2020,20:00,11.03,11.03,11.03,11.03, 100
02/14/2020,20:17,11.02,11.02,11.02,11.02, 500
02/14/2020,20:29,11.025,11.025,11.025,11.025, 500
02/14/2020,20:35,11.04,11.04,11.04,11.04, 100
02/14/2020,20:38,11.04,11.04,11.04,11.04, 100
02/14/2020,20:40,11.014,11.014,11.014,11.014, 800
02/14/2020,20:44,11.04,11.04,11.04,11.04, 100
02/14/2020,20:50,11.025,11.025,11.025,11.025, 100
02/14/2020,21:06,11.05,11.05,11.05,11.05, 100
02/14/2020,21:07,11.03,11.03,11.03,11.03, 100
02/14/2020,21:09,11.03,11.05,11.03,11.05, 1483
02/14/2020,21:14,11.03,11.03,11.03,11.03, 100
02/14/2020,21:18,11.03,11.03,11.03,11.03, 500
02/14/2020,21:26,11.02,11.024,11.02,11.02, 600
02/14/2020,21:29,11.04,11.04,11.04,11.04, 100
02/14/2020,21:33,11.04,11.04,11.04,11.04, 100
02/14/2020,21:35,11.04,11.04,11.025,11.025, 300
02/14/2020,21:36,11.04,11.04,11.04,11.04, 200
02/14/2020,21:37,11.04,11.04,11.04,11.04, 100
02/14/2020,21:38,11.05,11.05,11.05,11.05, 100
02/14/2020,21:41,11.04,11.04,11.04,11.04, 100
02/14/2020,21:46,11.03,11.03,11.03,11.03, 100
02/14/2020,21:52,11.05,11.05,11.03,11.05, 400
02/14/2020,21:57,11.03,11.03,11.03,11.03, 100
02/14/2020,21:58,11.03,11.03,11.01,11.01, 300
02/14/2020,21:59,11,11.02,11,11, 1073
02/14/2020,22:00,11,11,10.99,11, 1067
02/14/2020,22:01,11.01,11.01,11.01,11.01, 332
02/18/2020,15:31,11,11,11,11, 440
02/18/2020,15:32,11,11.05,10.973,11.05, 2010
02/18/2020,15:33,11.03,11.03,11,11.02, 3490
02/18/2020,15:34,11.03,11.03,11.03,11.03, 200
02/18/2020,15:35,11.03,11.03,11.03,11.03, 200
02/18/2020,15:36,11.02,11.02,11.02,11.02, 100
02/18/2020,15:37,11.03,11.03,11.03,11.03, 200
02/18/2020,15:38,11.03,11.03,11,11, 200
02/18/2020,15:39,11,11,11,11, 300
02/18/2020,15:40,11,11,11,11, 500
02/18/2020,15:41,11,11,11,11, 300
02/18/2020,15:42,11,11,11,11, 200
02/18/2020,15:43,11,11,11,11, 200
02/18/2020,15:44,11,11,11,11, 200
02/18/2020,15:45,11,11,11,11, 200
02/18/2020,15:46,11,11,11,11, 100
02/18/2020,15:47,10.98,10.98,10.98,10.98, 200
02/18/2020,15:48,10.98,10.98,10.98,10.98, 200
02/18/2020,15:49,10.98,10.98,10.98,10.98, 100
02/18/2020,15:50,10.98,10.98,10.98,10.98, 100
02/18/2020,15:51,10.98,10.99,10.98,10.99, 200
02/18/2020,15:52,11,11,11,11, 100
02/18/2020,15:53,11,11,11,11, 100
02/18/2020,15:54,10.99,10.99,10.99,10.99, 100
02/18/2020,15:55,11,11.02,10.999,11.02, 2452
02/18/2020,15:56,11.02,11.1,11.02,11.1, 8093
02/18/2020,15:57,11.1,11.1,11.1,11.1, 200
02/18/2020,15:58,11.07,11.1,11.03,11.1, 3674
02/18/2020,15:59,11.1,11.1,11.1,11.1, 100
02/18/2020,16:00,11.1,11.1,11.1,11.1, 300
02/18/2020,16:01,11.1,11.1,11.1,11.1, 400
02/18/2020,16:03,11.1,11.1,11.1,11.1, 100
02/18/2020,16:17,11.055,11.088,11.055,11.088, 550
02/18/2020,16:18,11.055,11.055,11.055,11.055, 100
02/18/2020,16:26,11.065,11.1,11.065,11.065, 3141
02/18/2020,16:34,11.045,11.045,11.045,11.045, 100
02/18/2020,16:36,11.045,11.045,11.03,11.03, 1100
02/18/2020,16:45,11.01,11.01,11,11, 600
02/18/2020,16:50,11.05,11.05,11.05,11.05, 100
02/18/2020,16:54,11.02,11.02,11,11, 300
02/18/2020,17:01,11,11,11,11, 100
02/18/2020,17:07,11,11,11,11, 200
02/18/2020,17:08,10.99,11,10.99,11, 200
02/18/2020,17:08,10.99,10.99,10.99,10.99, 500
02/18/2020,17:12,10.96,10.96,10.96,10.96, 200
02/18/2020,17:20,11.02,11.02,11.02,11.02, 263
02/18/2020,17:23,10.96,10.96,10.96,10.96, 600
02/18/2020,17:26,11.02,11.02,11.02,11.02, 100
02/18/2020,17:36,10.98,10.98,10.98,10.98, 100
02/18/2020,17:40,10.95,10.96,10.95,10.96, 800
02/18/2020,17:50,11,11,10.965,10.965, 1100
02/18/2020,18:00,10.99,10.99,10.99,10.99, 100
02/18/2020,18:36,11,11,11,11, 200
02/18/2020,18:37,11,11,11,11, 100
02/18/2020,19:07,11,11,10.92,10.92, 900
02/18/2020,19:27,10.931,10.965,10.931,10.965, 600
02/18/2020,19:48,11,11.03,10.97,11, 4000
02/18/2020,19:54,11,11,11,11, 3550
02/18/2020,19:58,11,11,11,11, 1400
02/18/2020,20:19,11,11,10.99,10.99, 1285
02/18/2020,20:20,10.99,10.99,10.99,10.99, 300
02/18/2020,20:24,11,11,11,11, 100
02/18/2020,20:28,11.03,11.03,11.03,11.03, 100
02/18/2020,20:30,11,11,11,11, 100
02/18/2020,20:40,11,11,11,11, 200
02/18/2020,20:51,11,11,11,11, 100
02/18/2020,20:56,11,11,11,11, 100
02/18/2020,20:57,11,11,11,11, 100
02/18/2020,20:58,11.035,11.04,11,11.035, 400
02/18/2020,20:59,11,11.04,10.98,11.04, 700
02/18/2020,21:00,11.04,11.04,11,11.04, 500
02/18/2020,21:01,11,11.05,11,11.05, 722
02/18/2020,21:02,11.05,11.07,11.04,11.04, 900
02/18/2020,21:04,11.05,11.05,11.05,11.05, 100
02/18/2020,21:23,11.1,11.1,11.09,11.09, 200
02/18/2020,21:24,11.06,11.06,11.06,11.06, 200
02/18/2020,21:29,11.1,11.1,11.1,11.1, 100
02/18/2020,21:32,11.075,11.09,11.02,11.09, 2853
02/18/2020,21:36,11.09,11.09,11.09,11.09, 100
02/18/2020,21:41,11.08,11.09,11.08,11.09, 300
02/18/2020,21:43,11.06,11.09,11.05,11.05, 5700
02/18/2020,21:45,11.07,11.07,11.07,11.07, 100
02/18/2020,21:48,11.08,11.08,11.08,11.08, 100
02/18/2020,21:52,11.07,11.07,11.06,11.06, 400
02/18/2020,21:53,11.075,11.08,11.075,11.075, 1072
02/18/2020,21:54,11.075,11.09,11.075,11.09, 1728
02/18/2020,21:56,11.09,11.09,11.09,11.09, 100
02/18/2020,21:57,11.081,11.09,11.081,11.09, 500
02/18/2020,21:59,11.1,11.1,11.1,11.1, 100
02/18/2020,22:00,11.085,11.1,11.085,11.1, 366
02/18/2020,22:01,11.1,11.1,11.08,11.1, 655
02/19/2020,15:31,11.09,11.09,11.09,11.09, 270
02/19/2020,15:39,11.139,11.19,11.139,11.19, 3600
02/19/2020,15:47,11.19,11.19,11.19,11.19, 300
02/19/2020,15:49,11.11,11.19,11.1,11.19, 5800
02/19/2020,15:52,11.19,11.19,11.19,11.19, 100
02/19/2020,15:55,11.19,11.19,11.19,11.19, 100
02/19/2020,15:57,11.17,11.18,11.145,11.15, 1200
02/19/2020,16:04,11.14,11.15,11.14,11.15, 200
02/19/2020,16:17,11.14,11.14,11.14,11.14, 100
02/19/2020,16:25,11.15,11.15,11.15,11.15, 1010
02/19/2020,16:29,11.14,11.15,11.14,11.15, 1797
02/19/2020,16:31,11.148,11.148,11.148,11.148, 100
02/19/2020,16:32,11.145,11.15,11.144,11.15, 600
02/19/2020,16:33,11.15,11.15,11.15,11.15, 100
02/19/2020,16:34,11.15,11.2,11.14,11.2, 13200
02/19/2020,16:37,11.19,11.2,11.19,11.2, 200
02/19/2020,16:38,11.2,11.2,11.2,11.2, 2645
02/19/2020,16:40,11.25,11.25,11.25,11.25, 200
02/19/2020,16:41,11.25,11.25,11.25,11.25, 100
02/19/2020,16:43,11.26,11.26,11.26,11.26, 100
02/19/2020,16:44,11.26,11.3,11.222,11.222, 3800
02/19/2020,16:47,11.3,11.3,11.3,11.3, 100
02/19/2020,16:48,11.3,11.3,11.3,11.3, 400
02/19/2020,16:49,11.3,11.3,11.3,11.3, 100
02/19/2020,16:51,11.3,11.3,11.3,11.3, 400
02/19/2020,16:53,11.3,11.3,11.3,11.3, 100
02/19/2020,16:55,11.35,11.35,11.35,11.35, 100
02/19/2020,16:56,11.35,11.35,11.35,11.35, 1500
02/19/2020,17:00,11.34,11.34,11.34,11.34, 1000
02/19/2020,17:03,11.35,11.35,11.35,11.35, 100
02/19/2020,17:04,11.35,11.35,11.33,11.33, 900
02/19/2020,17:06,11.35,11.35,11.35,11.35, 200
02/19/2020,17:08,11.35,11.38,11.35,11.38, 1969
02/19/2020,17:08,11.36,11.36,11.36,11.36, 100
02/19/2020,17:11,11.43,11.43,11.43,11.43, 100
02/19/2020,17:14,11.41,11.435,11.41,11.435, 1100
02/19/2020,17:16,11.435,11.435,11.435,11.435, 100
02/19/2020,17:18,11.44,11.44,11.44,11.44, 100
02/19/2020,17:19,11.41,11.41,11.41,11.41, 100
02/19/2020,17:21,11.45,11.45,11.435,11.435, 6226
02/19/2020,17:22,11.41,11.454,11.41,11.454, 5148
02/19/2020,17:24,11.485,11.485,11.475,11.48, 900
02/19/2020,17:26,11.464,11.495,11.43,11.495, 1100
02/19/2020,17:28,11.485,11.485,11.485,11.485, 100
02/19/2020,17:29,11.485,11.485,11.485,11.485, 300
02/19/2020,17:32,11.485,11.485,11.485,11.485, 100
02/19/2020,17:34,11.485,11.485,11.485,11.485, 100
02/19/2020,17:37,11.485,11.485,11.485,11.485, 100
02/19/2020,17:38,11.485,11.485,11.485,11.485, 100
02/19/2020,17:39,11.485,11.485,11.43,11.43, 1700
02/19/2020,17:39,11.41,11.41,11.4,11.4, 693
02/19/2020,17:41,11.46,11.46,11.46,11.46, 100
02/19/2020,17:42,11.44,11.44,11.44,11.44, 200
02/19/2020,17:44,11.445,11.445,11.4,11.44, 1900
02/19/2020,17:45,11.405,11.41,11.4,11.4, 4000
02/19/2020,17:46,11.44,11.44,11.44,11.44, 200
02/19/2020,17:47,11.42,11.44,11.42,11.44, 900
02/19/2020,17:48,11.44,11.44,11.41,11.41, 200
02/19/2020,17:50,11.45,11.45,11.45,11.45, 100
02/19/2020,17:53,11.41,11.45,11.41,11.45, 400
02/19/2020,17:55,11.45,11.48,11.431,11.431, 2195
02/19/2020,17:57,11.49,11.49,11.49,11.49, 100
02/19/2020,17:58,11.467,11.467,11.467,11.467, 500
02/19/2020,17:58,11.49,11.49,11.49,11.49, 100
02/19/2020,18:01,11.51,11.51,11.51,11.51, 200
02/19/2020,18:02,11.47,11.51,11.45,11.51, 1048
02/19/2020,18:05,11.5,11.5,11.48,11.48, 200
02/19/2020,18:06,11.483,11.51,11.48,11.48, 461
02/19/2020,18:11,11.51,11.51,11.51,11.51, 200
02/19/2020,18:12,11.51,11.51,11.49,11.49, 2586
02/19/2020,18:12,11.49,11.49,11.49,11.49, 100
02/19/2020,18:14,11.482,11.52,11.482,11.5, 2100
02/19/2020,18:15,11.54,11.54,11.48,11.48, 300
02/19/2020,18:19,11.506,11.51,11.506,11.51, 800
02/19/2020,18:20,11.55,11.56,11.49,11.55, 11400
02/19/2020,18:21,11.62,11.65,11.61,11.65, 8700
02/19/2020,18:22,11.653,11.654,11.65,11.65, 1457
02/19/2020,18:23,11.659,11.659,11.57,11.627, 2816
02/19/2020,18:24,11.595,11.595,11.51,11.51, 1250
02/19/2020,18:25,11.56,11.56,11.56,11.56, 400
02/19/2020,18:28,11.555,11.555,11.52,11.55, 1500
02/19/2020,18:29,11.54,11.54,11.54,11.54, 700
02/19/2020,18:31,11.59,11.59,11.59,11.59, 100
02/19/2020,18:34,11.55,11.565,11.55,11.565, 800
02/19/2020,18:38,11.565,11.565,11.556,11.556, 800
02/19/2020,18:38,11.53,11.565,11.53,11.565, 700
02/19/2020,18:40,11.55,11.55,11.53,11.55, 10600
02/19/2020,18:41,11.54,11.54,11.54,11.54, 700
02/19/2020,18:50,11.54,11.54,11.54,11.54, 500
02/19/2020,18:50,11.54,11.54,11.54,11.54, 1500
02/19/2020,18:51,11.54,11.54,11.54,11.54, 585
02/19/2020,18:53,11.521,11.521,11.521,11.521, 500
02/19/2020,18:55,11.52,11.52,11.52,11.52, 200
02/19/2020,18:56,11.52,11.52,11.52,11.52, 200
02/19/2020,18:58,11.51,11.52,11.51,11.52, 300
02/19/2020,19:00,11.51,11.52,11.51,11.52, 200
02/19/2020,19:01,11.52,11.52,11.52,11.52, 700
02/19/2020,19:04,11.51,11.51,11.51,11.51, 400
02/19/2020,19:09,11.517,11.517,11.5,11.51, 1600
02/19/2020,19:10,11.485,11.485,11.485,11.485, 200
02/19/2020,19:20,11.52,11.52,11.52,11.52, 200
02/19/2020,19:32,11.56,11.6,11.56,11.6, 2873
02/19/2020,19:35,11.66,11.66,11.639,11.639, 350
02/19/2020,19:37,11.614,11.668,11.614,11.668, 1000
02/19/2020,19:38,11.61,11.61,11.6,11.6, 900
02/19/2020,19:40,11.603,11.625,11.6,11.625, 600
02/19/2020,19:41,11.65,11.65,11.6,11.625, 700
02/19/2020,19:46,11.65,11.65,11.629,11.629, 500
02/19/2020,19:47,11.603,11.625,11.6,11.6, 600
02/19/2020,19:55,11.65,11.65,11.65,11.65, 100
02/19/2020,19:56,11.6,11.625,11.6,11.6, 5000
02/19/2020,20:06,11.65,11.65,11.65,11.65, 200
02/19/2020,20:07,11.635,11.635,11.6,11.6, 2100
02/19/2020,20:10,11.61,11.61,11.6,11.61, 600
02/19/2020,20:11,11.62,11.62,11.62,11.62, 500
02/19/2020,20:12,11.62,11.62,11.62,11.62, 5000
02/19/2020,20:15,11.62,11.62,11.62,11.62, 500
02/19/2020,20:17,11.625,11.625,11.61,11.625, 700
02/19/2020,20:18,11.61,11.625,11.6,11.625, 4145
02/19/2020,20:19,11.64,11.64,11.64,11.64, 200
02/19/2020,20:20,11.65,11.65,11.65,11.65, 1456
02/19/2020,20:21,11.65,11.65,11.65,11.65, 500
02/19/2020,20:22,11.635,11.635,11.635,11.635, 200
02/19/2020,20:30,11.643,11.65,11.635,11.65, 3200
02/19/2020,20:31,11.65,11.65,11.65,11.65, 100
02/19/2020,20:31,11.65,11.65,11.635,11.635, 300
02/19/2020,20:34,11.65,11.72,11.64,11.67, 2984
02/19/2020,20:35,11.68,11.75,11.68,11.75, 6560
02/19/2020,20:36,11.73,11.747,11.69,11.69, 1764
02/19/2020,20:37,11.71,11.75,11.7,11.75, 1050
02/19/2020,20:39,11.715,11.715,11.68,11.715, 750
02/19/2020,20:41,11.688,11.76,11.688,11.76, 550
02/19/2020,20:43,11.72,11.78,11.72,11.78, 2200
02/19/2020,20:45,11.73,11.73,11.68,11.7, 4092
02/19/2020,20:46,11.7,11.7,11.7,11.7, 100
02/19/2020,20:56,11.7,11.72,11.7,11.72, 500
02/19/2020,20:58,11.716,11.716,11.716,11.716, 150
02/19/2020,20:59,11.7,11.72,11.7,11.72, 7077
02/19/2020,21:01,11.75,11.75,11.75,11.75, 1200
02/19/2020,21:02,11.78,11.86,11.77,11.85, 22735
02/19/2020,21:04,11.86,11.88,11.86,11.88, 200
02/19/2020,21:09,11.854,11.88,11.851,11.88, 1100
02/19/2020,21:10,11.865,11.89,11.82,11.89, 3484
02/19/2020,21:11,11.81,11.82,11.78,11.81, 900
02/19/2020,21:12,11.789,11.789,11.789,11.789, 200
02/19/2020,21:14,11.77,11.77,11.75,11.75, 300
02/19/2020,21:15,11.7,11.7,11.7,11.7, 300
02/19/2020,21:23,11.7,11.7,11.63,11.69, 3600
02/19/2020,21:23,11.677,11.677,11.673,11.673, 1200
02/19/2020,21:26,11.69,11.72,11.69,11.72, 501
02/19/2020,21:27,11.72,11.72,11.72,11.72, 600
02/19/2020,21:37,11.738,11.74,11.73,11.74, 600
02/19/2020,21:38,11.74,11.74,11.74,11.74, 100
02/19/2020,21:39,11.74,11.74,11.74,11.74, 200
02/19/2020,21:43,11.725,11.725,11.725,11.725, 368
02/19/2020,21:45,11.74,11.74,11.725,11.74, 500
02/19/2020,21:46,11.74,11.74,11.74,11.74, 400
02/19/2020,21:47,11.72,11.725,11.7,11.7, 1900
02/19/2020,21:48,11.69,11.695,11.69,11.695, 600
02/19/2020,21:49,11.71,11.74,11.71,11.74, 1400
02/19/2020,21:50,11.75,11.75,11.75,11.75, 100
02/19/2020,21:51,11.74,11.75,11.74,11.75, 702
02/19/2020,21:52,11.71,11.73,11.71,11.71, 2500
02/19/2020,21:53,11.71,11.75,11.71,11.75, 3400
02/19/2020,21:54,11.738,11.75,11.738,11.75, 1460
02/19/2020,21:56,11.75,11.75,11.72,11.72, 2500
02/19/2020,21:57,11.72,11.75,11.71,11.75, 4100
02/19/2020,21:58,11.75,11.75,11.75,11.75, 800
02/19/2020,21:59,11.75,11.75,11.75,11.75, 1600
02/19/2020,22:00,11.75,11.75,11.74,11.75, 2430
02/19/2020,22:01,11.75,11.75,11.75,11.75, 847
02/20/2020,15:31,11.79,11.79,11.79,11.79, 260
02/20/2020,15:32,11.83,11.83,11.83,11.83, 200
02/20/2020,15:33,11.818,11.83,11.818,11.83, 340
02/20/2020,15:34,11.82,11.82,11.82,11.82, 100
02/20/2020,15:36,11.816,11.83,11.81,11.818, 2916
02/20/2020,15:36,11.8,11.8,11.8,11.8, 632
02/20/2020,15:38,11.76,11.8,11.75,11.8, 600
02/20/2020,15:42,11.79,11.79,11.79,11.79, 100
02/20/2020,15:46,11.788,11.8,11.783,11.783, 1050
02/20/2020,15:50,11.78,11.78,11.78,11.78, 200
02/20/2020,15:51,11.781,11.781,11.781,11.781, 750
02/20/2020,15:53,11.76,11.76,11.75,11.75, 1981
02/20/2020,15:53,11.75,11.75,11.75,11.75, 500
02/20/2020,15:56,11.765,11.765,11.765,11.765, 300
02/20/2020,15:57,11.769,11.769,11.76,11.76, 300
02/20/2020,16:08,11.75,11.75,11.75,11.75, 1999
02/20/2020,16:09,11.75,11.75,11.75,11.75, 100
02/20/2020,16:12,11.765,11.765,11.765,11.765, 100
02/20/2020,16:13,11.76,11.76,11.76,11.76, 250
02/20/2020,16:14,11.76,11.76,11.69,11.69, 3965
02/20/2020,16:18,11.77,11.77,11.77,11.77, 100
02/20/2020,16:23,11.705,11.705,11.68,11.68, 500
02/20/2020,16:24,11.632,11.74,11.632,11.73, 550
02/20/2020,16:31,11.64,11.67,11.64,11.67, 300
02/20/2020,16:32,11.67,11.7,11.67,11.7, 1988
02/20/2020,16:35,11.73,11.73,11.7,11.7, 700
02/20/2020,16:37,11.703,11.703,11.703,11.703, 511
02/20/2020,16:40,11.7,11.7,11.7,11.7, 1411
02/20/2020,16:41,11.685,11.685,11.685,11.685, 100
02/20/2020,16:47,11.7,11.71,11.7,11.71, 1885
02/20/2020,16:48,11.75,11.75,11.75,11.75, 100
02/20/2020,16:57,11.75,11.75,11.75,11.75, 300
02/20/2020,16:59,11.79,11.8,11.765,11.765, 300
02/20/2020,17:11,11.765,11.765,11.765,11.765, 100
02/20/2020,17:16,11.76,11.76,11.76,11.76, 100
02/20/2020,17:17,11.78,11.78,11.78,11.78, 100
02/20/2020,17:19,11.775,11.775,11.75,11.75, 1073
02/20/2020,17:20,11.74,11.751,11.73,11.73, 1943
02/20/2020,17:22,11.73,11.73,11.73,11.73, 100
02/20/2020,17:24,11.68,11.68,11.66,11.66, 665
02/20/2020,17:26,11.62,11.63,11.62,11.63, 400
02/20/2020,17:28,11.61,11.61,11.61,11.61, 100
02/20/2020,17:29,11.57,11.57,11.57,11.57, 175
02/20/2020,17:30,11.62,11.62,11.62,11.62, 1000
02/20/2020,17:31,11.56,11.56,11.56,11.56, 148
02/20/2020,17:33,11.52,11.52,11.52,11.52, 200
02/20/2020,17:36,11.61,11.62,11.61,11.62, 1271
02/20/2020,17:41,11.542,11.542,11.542,11.542, 125
02/20/2020,17:47,11.62,11.64,11.62,11.63, 1477
02/20/2020,17:52,11.74,11.74,11.74,11.74, 100
02/20/2020,18:05,11.73,11.73,11.73,11.73, 100
02/20/2020,18:11,11.68,11.68,11.68,11.68, 250
02/20/2020,18:14,11.67,11.67,11.67,11.67, 100
02/20/2020,18:23,11.7,11.7,11.7,11.7, 100
02/20/2020,18:28,11.66,11.66,11.66,11.66, 383
02/20/2020,18:31,11.679,11.679,11.679,11.679, 1000
02/20/2020,18:31,11.7,11.71,11.7,11.71, 200
02/20/2020,18:35,11.72,11.72,11.72,11.72, 200
02/20/2020,18:40,11.7,11.7,11.65,11.66, 2264
02/20/2020,18:45,11.64,11.64,11.64,11.64, 100
02/20/2020,18:54,11.64,11.64,11.64,11.64, 300
02/20/2020,18:57,11.68,11.68,11.68,11.68, 100
02/20/2020,19:12,11.68,11.68,11.68,11.68, 100
02/20/2020,19:15,11.69,11.69,11.69,11.69, 200
02/20/2020,19:15,11.708,11.708,11.708,11.708, 250
02/20/2020,19:17,11.685,11.685,11.685,11.685, 500
02/20/2020,19:19,11.66,11.66,11.66,11.66, 100
02/20/2020,19:20,11.71,11.71,11.71,11.71, 100
02/20/2020,19:33,11.7,11.7,11.7,11.7, 300
02/20/2020,19:42,11.73,11.73,11.73,11.73, 100
02/20/2020,19:46,11.737,11.737,11.737,11.737, 2400
02/20/2020,19:48,11.73,11.73,11.72,11.72, 252
02/20/2020,19:52,11.72,11.72,11.72,11.72, 100
02/20/2020,19:57,11.74,11.74,11.74,11.74, 100
02/20/2020,20:08,11.728,11.728,11.728,11.728, 100
02/20/2020,20:13,11.74,11.75,11.73,11.73, 1158
02/20/2020,20:14,11.73,11.73,11.73,11.73, 100
02/20/2020,20:15,11.73,11.73,11.73,11.73, 259
02/20/2020,20:24,11.73,11.73,11.73,11.73, 100
02/20/2020,20:33,11.74,11.83,11.73,11.73, 6467
02/20/2020,20:47,11.78,11.78,11.76,11.76, 300
02/20/2020,20:48,11.78,11.78,11.78,11.78, 100
02/20/2020,20:54,11.76,11.76,11.76,11.76, 1300
02/20/2020,21:03,11.79,11.79,11.79,11.79, 100
02/20/2020,21:11,11.76,11.76,11.62,11.63, 12700
02/20/2020,21:12,11.67,11.67,11.67,11.67, 200
02/20/2020,21:13,11.68,11.68,11.64,11.64, 200
02/20/2020,21:20,11.72,11.72,11.72,11.72, 100
02/20/2020,21:22,11.705,11.705,11.705,11.705, 500
02/20/2020,21:28,11.719,11.76,11.719,11.76, 800
02/20/2020,21:34,11.78,11.78,11.78,11.78, 100
02/20/2020,21:34,11.76,11.76,11.76,11.76, 100
02/20/2020,21:39,11.76,11.76,11.76,11.76, 457
02/20/2020,21:48,11.76,11.76,11.76,11.76, 100
02/20/2020,21:49,11.775,11.775,11.775,11.775, 100
02/20/2020,21:52,11.76,11.77,11.75,11.77, 810
02/20/2020,21:56,11.77,11.77,11.77,11.77, 100
02/20/2020,21:57,11.77,11.77,11.75,11.75, 200
02/20/2020,21:57,11.75,11.75,11.75,11.75, 200
02/20/2020,21:59,11.768,11.768,11.768,11.768, 100
02/20/2020,22:00,11.75,11.75,11.72,11.73, 555
02/20/2020,22:01,11.73,11.75,11.72,11.75, 555
02/21/2020,15:31,11.75,11.75,11.75,11.75, 284
02/21/2020,15:34,11.736,11.736,11.736,11.736, 100
02/21/2020,15:54,11.7,11.7,11.7,11.7, 100
02/21/2020,16:06,11.625,11.625,11.625,11.625, 100
02/21/2020,16:12,11.57,11.635,11.565,11.635, 600
02/21/2020,16:14,11.664,11.664,11.664,11.664, 350
02/21/2020,16:23,11.66,11.66,11.63,11.63, 500
02/21/2020,16:25,11.595,11.595,11.595,11.595, 100
02/21/2020,16:40,11.555,11.555,11.555,11.555, 200
02/21/2020,16:42,11.52,11.52,11.52,11.52, 100
02/21/2020,16:45,11.56,11.56,11.56,11.56, 500
02/21/2020,16:46,11.56,11.56,11.56,11.56, 100
02/21/2020,16:47,11.56,11.565,11.56,11.565, 300
02/21/2020,16:50,11.51,11.55,11.51,11.55, 200
02/21/2020,16:51,11.5,11.5,11.45,11.465, 1087
02/21/2020,16:57,11.39,11.41,11.33,11.41, 690
02/21/2020,17:05,11.37,11.37,11.37,11.37, 1692
02/21/2020,17:07,11.45,11.46,11.45,11.46, 200
02/21/2020,17:08,11.395,11.395,11.395,11.395, 100
02/21/2020,17:09,11.435,11.47,11.435,11.47, 200
02/21/2020,17:12,11.435,11.435,11.435,11.435, 200
02/21/2020,17:13,11.435,11.435,11.435,11.435, 100
02/21/2020,17:17,11.47,11.5,11.47,11.5, 2378
02/21/2020,17:19,11.55,11.55,11.55,11.55, 100
02/21/2020,17:25,11.55,11.55,11.55,11.55, 100
02/21/2020,17:26,11.55,11.56,11.55,11.56, 949
02/21/2020,17:27,11.56,11.6,11.56,11.57, 3615
02/21/2020,17:28,11.6,11.6,11.57,11.57, 500
02/21/2020,17:29,11.57,11.6,11.57,11.6, 200
02/21/2020,17:32,11.575,11.575,11.575,11.575, 100
02/21/2020,17:34,11.61,11.61,11.61,11.61, 500
02/21/2020,17:36,11.563,11.563,11.563,11.563, 800
02/21/2020,17:37,11.61,11.61,11.61,11.61, 100
02/21/2020,17:45,11.58,11.58,11.58,11.58, 100
02/21/2020,17:58,11.61,11.61,11.61,11.61, 100
02/21/2020,18:14,11.615,11.615,11.615,11.615, 100
02/21/2020,18:16,11.615,11.615,11.615,11.615, 100
02/21/2020,18:18,11.615,11.615,11.615,11.615, 200
02/21/2020,18:19,11.59,11.59,11.59,11.59, 272
02/21/2020,18:24,11.615,11.64,11.615,11.64, 300
02/21/2020,18:40,11.6,11.6,11.6,11.6, 100
02/21/2020,18:42,11.6,11.6,11.53,11.53, 2622
02/21/2020,18:43,11.58,11.59,11.58,11.59, 200
02/21/2020,18:47,11.54,11.54,11.54,11.54, 100
02/21/2020,18:51,11.46,11.46,11.46,11.46, 100
02/21/2020,18:54,11.42,11.42,11.37,11.37, 849
02/21/2020,18:54,11.36,11.36,11.36,11.36, 100
02/21/2020,18:59,11.4,11.4,11.385,11.385, 300
02/21/2020,18:59,11.385,11.385,11.385,11.385, 200
02/21/2020,19:02,11.44,11.44,11.4,11.4, 900
02/21/2020,19:05,11.38,11.44,11.32,11.32, 5355
02/21/2020,19:06,11.25,11.31,11.25,11.31, 200
02/21/2020,19:08,11.26,11.26,11.26,11.26, 300
02/21/2020,19:11,11.2,11.2,11.09,11.2, 2000
02/21/2020,19:12,11.21,11.255,11.2,11.255, 900
02/21/2020,19:13,11.31,11.31,11.3,11.3, 200
02/21/2020,19:16,11.3,11.3,11.3,11.3, 100
02/21/2020,19:16,11.31,11.31,11.31,11.31, 100
02/21/2020,19:19,11.275,11.275,11.275,11.275, 100
02/21/2020,19:21,11.31,11.31,11.31,11.31, 100
02/21/2020,19:28,11.3,11.35,11.3,11.35, 1600
02/21/2020,19:29,11.34,11.36,11.34,11.36, 1412
02/21/2020,19:30,11.35,11.35,11.32,11.35, 1000
02/21/2020,19:32,11.35,11.35,11.32,11.34, 2303
02/21/2020,19:38,11.315,11.35,11.315,11.35, 558
02/21/2020,19:42,11.319,11.319,11.319,11.319, 500
02/21/2020,19:47,11.35,11.35,11.35,11.35, 100
02/21/2020,19:49,11.305,11.34,11.305,11.305, 1958
02/21/2020,19:51,11.305,11.305,11.27,11.27, 1800
02/21/2020,19:53,11.34,11.34,11.33,11.33, 200
02/21/2020,19:56,11.315,11.315,11.3,11.3, 300
02/21/2020,19:58,11.33,11.33,11.32,11.32, 200
02/21/2020,20:00,11.31,11.31,11.31,11.31, 300
02/21/2020,20:01,11.29,11.29,11.29,11.29, 100
02/21/2020,20:02,11.31,11.33,11.31,11.33, 295
02/21/2020,20:04,11.34,11.34,11.34,11.34, 500
02/21/2020,20:07,11.37,11.37,11.37,11.37, 200
02/21/2020,20:08,11.37,11.37,11.37,11.37, 300
02/21/2020,20:11,11.355,11.355,11.355,11.355, 100
02/21/2020,20:12,11.37,11.37,11.37,11.37, 300
02/21/2020,20:15,11.37,11.38,11.37,11.38, 700
02/21/2020,20:16,11.38,11.38,11.38,11.38, 1200
02/21/2020,20:19,11.405,11.405,11.37,11.395, 1300
02/21/2020,20:20,11.37,11.37,11.37,11.37, 100
02/21/2020,20:26,11.37,11.38,11.34,11.34, 1200
02/21/2020,20:30,11.35,11.36,11.34,11.34, 500
02/21/2020,20:34,11.33,11.33,11.33,11.33, 911
02/21/2020,20:39,11.315,11.315,11.29,11.29, 500
02/21/2020,20:41,11.34,11.35,11.34,11.34, 400
02/21/2020,20:43,11.33,11.36,11.33,11.36, 499
02/21/2020,20:45,11.36,11.36,11.36,11.36, 200
02/21/2020,20:47,11.38,11.38,11.38,11.38, 600
02/21/2020,20:49,11.38,11.38,11.38,11.38, 200
02/21/2020,20:50,11.38,11.38,11.38,11.38, 100
02/21/2020,20:51,11.38,11.38,11.38,11.38, 100
02/21/2020,20:51,11.38,11.38,11.38,11.38, 100
02/21/2020,20:53,11.38,11.38,11.38,11.38, 200
02/21/2020,20:54,11.38,11.38,11.38,11.38, 100
02/21/2020,20:55,11.38,11.38,11.38,11.38, 100
02/21/2020,20:56,11.38,11.38,11.38,11.38, 100
02/21/2020,20:57,11.38,11.38,11.38,11.38, 100
02/21/2020,20:58,11.38,11.38,11.38,11.38, 400
02/21/2020,20:59,11.38,11.38,11.38,11.38, 100
02/21/2020,21:00,11.36,11.365,11.36,11.365, 600
02/21/2020,21:01,11.35,11.36,11.3,11.3, 2600
02/21/2020,21:16,11.3,11.3,11.3,11.3, 200
02/21/2020,21:20,11.25,11.25,11.25,11.25, 100
02/21/2020,21:21,11.3,11.3,11.3,11.3, 200
02/21/2020,21:25,11.3,11.3,11.3,11.3, 100
02/21/2020,21:27,11.26,11.3,11.26,11.3, 200
02/21/2020,21:30,11.275,11.275,11.275,11.275, 100
02/21/2020,21:36,11.29,11.29,11.29,11.29, 100
02/21/2020,21:40,11.25,11.25,11.25,11.25, 1061
02/21/2020,21:41,11.22,11.22,11.22,11.22, 100
02/21/2020,21:43,11.25,11.25,11.2,11.2, 600
02/21/2020,21:44,11.17,11.17,11.11,11.11, 900
02/21/2020,21:44,11.11,11.11,11.11,11.11, 100
02/21/2020,21:46,11.13,11.13,11.13,11.13, 200
02/21/2020,21:48,11.13,11.15,11.13,11.135, 600
02/21/2020,21:48,11.12,11.12,11.12,11.12, 100
02/21/2020,21:51,11.135,11.17,11.135,11.146, 2700
02/21/2020,21:52,11.169,11.2,11.16,11.2, 2314
02/21/2020,21:52,11.2,11.2,11.2,11.2, 300
02/21/2020,21:54,11.21,11.25,11.21,11.24, 700
02/21/2020,21:55,11.2,11.26,11.2,11.26, 500
02/21/2020,21:56,11.25,11.28,11.25,11.28, 500
02/21/2020,21:57,11.28,11.28,11.263,11.263, 499
02/21/2020,21:58,11.28,11.28,11.28,11.28, 449
02/21/2020,21:59,11.28,11.28,11.28,11.28, 650
02/21/2020,21:59,11.28,11.3,11.28,11.3, 838
02/21/2020,22:01,11.3,11.31,11.28,11.28, 1561
02/24/2020,15:31,10.63,10.67,10.63,10.63, 3690
02/24/2020,15:32,10.697,10.769,10.697,10.7, 835
02/24/2020,15:33,10.746,10.746,10.746,10.746, 200
02/24/2020,15:34,10.63,10.63,10.63,10.63, 100
02/24/2020,15:35,10.94,10.94,10.94,10.94, 100
02/24/2020,15:36,10.94,10.94,10.94,10.94, 1000
02/24/2020,15:45,10.98,10.98,10.94,10.98, 1321
02/24/2020,15:48,10.85,10.98,10.85,10.98, 200
02/24/2020,15:53,10.99,10.99,10.99,10.99, 100
02/24/2020,15:55,10.985,10.995,10.89,10.995, 1950
02/24/2020,16:02,11.05,11.05,11.05,11.05, 100
02/24/2020,16:06,11.07,11.07,11.04,11.06, 400
02/24/2020,16:13,11.09,11.09,11.09,11.09, 100
02/24/2020,16:16,11.08,11.08,11.08,11.08, 100
02/24/2020,16:25,11.09,11.09,11.09,11.09, 100
02/24/2020,16:26,11.09,11.09,11.09,11.09, 1000
02/24/2020,16:27,11.073,11.073,11.073,11.073, 250
02/24/2020,16:28,11.09,11.09,11.05,11.05, 400
02/24/2020,16:29,11.09,11.09,11.09,11.09, 100
02/24/2020,16:33,11.09,11.09,11.09,11.09, 100
02/24/2020,16:34,11.1,11.1,11.03,11.088, 500
02/24/2020,16:35,11.1,11.1,11.1,11.1, 100
02/24/2020,16:37,11.06,11.06,11.06,11.06, 150
02/24/2020,16:38,11.06,11.06,11.05,11.05, 300
02/24/2020,16:39,11.09,11.12,11.09,11.12, 300
02/24/2020,16:40,11.1,11.1,11.05,11.05, 310
02/24/2020,16:42,11.078,11.078,11.078,11.078, 1000
02/24/2020,16:46,11.09,11.1,11.09,11.1, 200
02/24/2020,16:46,11.075,11.075,11.075,11.075, 400
02/24/2020,16:48,11.09,11.09,11.09,11.09, 100
02/24/2020,16:49,11.1,11.1,11.1,11.1, 3295
02/24/2020,16:53,11.135,11.17,11.135,11.17, 490
02/24/2020,16:53,11.166,11.166,11.166,11.166, 150
02/24/2020,16:55,11.169,11.169,11.169,11.169, 500
02/24/2020,16:56,11.175,11.175,11.175,11.175, 400
02/24/2020,16:58,11.169,11.169,11.169,11.169, 600
02/24/2020,17:00,11.185,11.185,11.185,11.185, 700
02/24/2020,17:01,11.185,11.185,11.185,11.185, 200
02/24/2020,17:02,11.14,11.185,11.14,11.185, 300
02/24/2020,17:04,11.175,11.175,11.131,11.131, 600
02/24/2020,17:08,11.13,11.13,11.13,11.13, 1000
02/24/2020,17:12,11.08,11.08,11.04,11.04, 371
02/24/2020,17:16,11.1,11.1,11.1,11.1, 300
02/24/2020,17:25,11.06,11.06,11.06,11.06, 300
02/24/2020,17:27,11.105,11.105,11.105,11.105, 100
02/24/2020,17:30,11.11,11.11,11.11,11.11, 100
02/24/2020,17:32,11.11,11.11,11.11,11.11, 100
02/24/2020,17:38,11.09,11.115,11.09,11.115, 600
02/24/2020,17:50,11.1,11.1,11.1,11.1, 100
02/24/2020,17:55,11.06,11.06,11.02,11.02, 500
02/24/2020,17:56,11.05,11.05,11.05,11.05, 300
02/24/2020,18:02,11.02,11.02,10.98,10.98, 600
02/24/2020,18:03,11.005,11.005,10.93,10.967, 1050
02/24/2020,18:05,10.93,10.944,10.89,10.944, 600
02/24/2020,18:07,10.87,10.924,10.87,10.924, 200
02/24/2020,18:09,10.86,10.86,10.86,10.86, 150
02/24/2020,18:13,10.9,10.9,10.9,10.9, 300
02/24/2020,18:19,10.905,10.905,10.904,10.904, 261
02/24/2020,18:33,10.91,10.91,10.91,10.91, 150
02/24/2020,18:34,10.93,10.94,10.93,10.94, 1900
02/24/2020,18:36,11,11,11,11, 100
02/24/2020,18:38,11.04,11.04,11.04,11.04, 100
02/24/2020,18:42,11.04,11.04,11.04,11.04, 300
02/24/2020,18:45,11.07,11.07,11.07,11.07, 100
02/24/2020,18:53,11.04,11.04,11.04,11.04, 400
02/24/2020,18:54,11.1,11.1,11.1,11.1, 100
02/24/2020,18:57,11.1,11.1,11.1,11.1, 100
02/24/2020,19:00,11.09,11.09,11.09,11.09, 100
02/24/2020,19:14,11.06,11.06,10.99,10.99, 3310
02/24/2020,19:26,10.99,11,10.99,11, 1590
02/24/2020,19:46,11,11,10.995,10.995, 796
02/24/2020,19:48,11,11,11,11, 400
02/24/2020,19:49,11.01,11.07,11.01,11.07, 200
02/24/2020,19:52,11.1,11.1,11.1,11.1, 100
02/24/2020,19:53,11.065,11.065,11.065,11.065, 100
02/24/2020,19:55,11.1,11.1,11.1,11.1, 100
02/24/2020,19:56,11.1,11.1,11.1,11.1, 1800
02/24/2020,19:58,11.09,11.09,11.09,11.09, 100
02/24/2020,20:18,11.13,11.13,11.13,11.13, 100
02/24/2020,20:19,11.1,11.1,11.1,11.1, 300
02/24/2020,20:24,11.037,11.037,11.037,11.037, 450
02/24/2020,20:25,11.055,11.055,11.055,11.055, 100
02/24/2020,20:31,11.08,11.08,11.08,11.08, 100
02/24/2020,20:33,11.055,11.057,11.03,11.048, 2400
02/24/2020,20:37,10.955,10.955,10.87,10.883, 5100
02/24/2020,20:40,10.96,10.97,10.96,10.97, 200
02/24/2020,20:41,10.87,10.87,10.81,10.81, 9200
02/24/2020,21:00,10.93,10.93,10.93,10.93, 100
02/24/2020,21:02,10.96,10.96,10.96,10.96, 100
02/24/2020,21:06,10.98,10.98,10.98,10.98, 100
02/24/2020,21:12,10.96,10.96,10.96,10.96, 636
02/24/2020,21:14,10.96,10.98,10.96,10.98, 200
02/24/2020,21:15,10.96,10.96,10.96,10.96, 100
02/24/2020,21:30,10.99,10.99,10.99,10.99, 100
02/24/2020,21:32,11,11,11,11, 200
02/24/2020,21:38,10.99,10.99,10.99,10.99, 100
02/24/2020,21:39,10.99,10.99,10.99,10.99, 100
02/24/2020,21:42,11,11,10.98,10.98, 200
02/24/2020,21:44,10.98,10.98,10.98,10.98, 200
02/24/2020,21:46,10.98,10.98,10.98,10.98, 100
02/24/2020,21:47,11,11,11,11, 200
02/24/2020,21:53,11,11,11,11, 200
02/24/2020,21:54,11,11,11,11, 500
02/24/2020,21:56,10.96,10.98,10.96,10.975, 500
02/24/2020,21:58,10.98,10.98,10.98,10.98, 100
02/24/2020,21:59,10.98,10.98,10.96,10.96, 283
02/24/2020,22:00,10.99,10.99,10.99,10.99, 271
02/24/2020,22:00,10.99,10.99,10.99,10.99, 100
02/24/2020,22:01,10.93,10.93,10.93,10.93, 188
02/25/2020,15:32,10.985,10.985,10.985,10.985, 410
02/25/2020,15:35,10.99,10.99,10.99,10.99, 100
02/25/2020,15:37,10.985,10.99,10.985,10.99, 500
02/25/2020,15:38,10.99,10.99,10.99,10.99, 100
02/25/2020,15:42,10.98,10.98,10.98,10.98, 1100
02/25/2020,15:45,10.98,10.993,10.98,10.98, 1100
02/25/2020,15:48,10.945,10.945,10.945,10.945, 100
02/25/2020,15:48,10.9,10.9,10.9,10.9, 100
02/25/2020,15:51,10.94,10.94,10.9,10.9, 608
02/25/2020,15:55,10.935,10.935,10.935,10.935, 150
02/25/2020,15:59,10.985,10.985,10.985,10.985, 100
02/25/2020,16:09,10.99,10.99,10.99,10.99, 100
02/25/2020,16:14,10.99,10.99,10.99,10.99, 100
02/25/2020,16:20,10.95,10.953,10.94,10.953, 2570
02/25/2020,16:24,10.99,10.99,10.99,10.99, 100
02/25/2020,16:28,10.99,10.99,10.99,10.99, 100
02/25/2020,16:36,10.991,10.991,10.991,10.991, 100
02/25/2020,16:37,10.99,10.991,10.99,10.99, 700
02/25/2020,16:38,10.99,10.99,10.99,10.99, 100
02/25/2020,16:42,10.98,10.99,10.98,10.98, 1200
02/25/2020,16:46,10.94,10.94,10.94,10.94, 100
02/25/2020,16:49,10.956,10.956,10.956,10.956, 190
02/25/2020,16:52,10.93,10.93,10.93,10.93, 200
02/25/2020,16:53,10.93,10.93,10.93,10.93, 200
02/25/2020,17:14,10.775,10.775,10.775,10.775, 100
02/25/2020,17:17,10.67,10.67,10.67,10.67, 150
02/25/2020,17:18,10.735,10.735,10.735,10.735, 100
02/25/2020,17:21,10.65,10.65,10.65,10.65, 100
02/25/2020,17:25,10.714,10.714,10.714,10.714, 750
02/25/2020,17:27,10.795,10.795,10.795,10.795, 190
02/25/2020,17:29,10.79,10.79,10.653,10.653, 1582
02/25/2020,17:30,10.762,10.762,10.762,10.762, 300
02/25/2020,17:53,10.69,10.69,10.69,10.69, 253
02/25/2020,18:10,10.745,10.745,10.745,10.745, 129
02/25/2020,18:27,10.72,10.72,10.72,10.72, 100
02/25/2020,18:30,10.73,10.73,10.73,10.73, 100
02/25/2020,18:34,10.68,10.705,10.67,10.705, 400
02/25/2020,18:38,10.66,10.66,10.66,10.66, 200
02/25/2020,18:43,10.65,10.65,10.65,10.65, 500
02/25/2020,18:48,10.62,10.62,10.61,10.62, 700
02/25/2020,18:49,10.64,10.64,10.49,10.49, 1200
02/25/2020,18:49,10.475,10.475,10.475,10.475, 100
02/25/2020,19:00,10.5,10.52,10.41,10.462, 2000
02/25/2020,19:03,10.31,10.32,10.31,10.31, 991
02/25/2020,19:05,10.206,10.206,10.206,10.206, 100
02/25/2020,19:11,10.136,10.136,10.136,10.136, 273
02/25/2020,19:12,10.33,10.34,10.305,10.34, 300
02/25/2020,19:14,9.99,10.1,9.98,10.1, 7143
02/25/2020,19:17,10.076,10.076,10.076,10.076, 200
02/25/2020,19:20,10.1,10.1,10.1,10.1, 200
02/25/2020,19:25,10.1,10.1,10.1,10.1, 1000
02/25/2020,19:36,10.325,10.325,10.325,10.325, 100
02/25/2020,19:53,10.184,10.184,10.184,10.184, 510
02/25/2020,19:54,10.32,10.32,10.32,10.32, 100
02/25/2020,19:55,10.26,10.37,10.26,10.285, 300
02/25/2020,19:58,10.32,10.32,10.26,10.26, 300
02/25/2020,19:59,10.25,10.25,10.25,10.25, 100
02/25/2020,20:00,10.25,10.25,10.25,10.25, 100
02/25/2020,20:01,10.25,10.25,10.25,10.25, 300
02/25/2020,20:03,10.27,10.27,10.26,10.26, 200
02/25/2020,20:13,10.24,10.27,10.22,10.27, 900
02/25/2020,20:15,10.25,10.25,10.25,10.25, 100
02/25/2020,20:17,10.25,10.25,10.25,10.25, 100
02/25/2020,20:20,10.26,10.348,10.26,10.28, 2300
02/25/2020,20:29,10.31,10.31,10.31,10.31, 200
02/25/2020,20:33,10.396,10.396,10.396,10.396, 500
02/25/2020,20:35,10.31,10.33,10.31,10.32, 900
02/25/2020,20:41,10.336,10.4,10.31,10.34, 1500
02/25/2020,20:42,10.375,10.375,10.375,10.375, 100
02/25/2020,20:48,10.39,10.39,10.39,10.39, 200
02/25/2020,20:48,10.39,10.39,10.39,10.39, 100
02/25/2020,20:50,10.4,10.4,10.39,10.39, 200
02/25/2020,21:03,10.375,10.375,10.36,10.375, 600
02/25/2020,21:04,10.375,10.375,10.375,10.375, 100
02/25/2020,21:05,10.375,10.375,10.375,10.375, 1000
02/25/2020,21:07,10.37,10.37,10.355,10.37, 700
02/25/2020,21:08,10.37,10.37,10.36,10.36, 7340
02/25/2020,21:19,10.415,10.415,10.415,10.415, 100
02/25/2020,21:21,10.48,10.48,10.48,10.48, 900
02/25/2020,21:22,10.455,10.455,10.455,10.455, 100
02/25/2020,21:27,10.48,10.48,10.48,10.48, 100
02/25/2020,21:28,10.5,10.5,10.5,10.5, 100
02/25/2020,21:30,10.475,10.475,10.45,10.45, 200
02/25/2020,21:37,10.45,10.47,10.45,10.45, 300
02/25/2020,21:39,10.485,10.485,10.485,10.485, 605
02/25/2020,21:49,10.5,10.5,10.485,10.485, 1600
02/25/2020,21:51,10.48,10.5,10.48,10.5, 200
02/25/2020,21:54,10.48,10.5,10.48,10.5, 1200
02/25/2020,21:55,10.49,10.49,10.49,10.49, 100
02/25/2020,21:58,10.47,10.47,10.47,10.47, 118
02/25/2020,21:58,10.48,10.48,10.48,10.48, 100
02/25/2020,22:00,10.49,10.5,10.48,10.5, 1105
02/25/2020,22:01,10.5,10.51,10.46,10.46, 712
02/26/2020,15:31,10.63,10.63,10.63,10.63, 1876
02/26/2020,15:41,10.515,10.515,10.515,10.515, 100
02/26/2020,15:46,10.515,10.515,10.49,10.49, 200
02/26/2020,15:48,10.57,10.57,10.57,10.57, 100
02/26/2020,15:51,10.58,10.58,10.58,10.58, 100
02/26/2020,15:53,10.51,10.58,10.48,10.545, 700
02/26/2020,15:55,10.51,10.51,10.51,10.51, 990
02/26/2020,16:19,10.48,10.48,10.48,10.48, 100
02/26/2020,16:25,10.45,10.459,10.33,10.33, 3200
02/26/2020,16:57,10.46,10.46,10.46,10.46, 100
02/26/2020,17:14,10.46,10.46,10.37,10.37, 200
02/26/2020,17:17,10.36,10.405,10.2,10.21, 9223
02/26/2020,17:20,10.39,10.39,10.39,10.39, 100
02/26/2020,17:23,10.44,10.44,10.44,10.44, 100
02/26/2020,17:25,10.388,10.388,10.388,10.388, 500
02/26/2020,17:27,10.387,10.387,10.387,10.387, 500
02/26/2020,17:31,10.38,10.38,10.38,10.38, 100
02/26/2020,17:35,10.43,10.43,10.43,10.43, 100
02/26/2020,17:38,10.33,10.33,10.33,10.33, 124
02/26/2020,17:40,10.385,10.385,10.385,10.385, 150
02/26/2020,17:52,10.43,10.43,10.43,10.43, 100
02/26/2020,18:01,10.37,10.39,10.37,10.375, 1000
02/26/2020,18:06,10.31,10.31,10.31,10.31, 100
02/26/2020,18:26,10.31,10.31,10.31,10.31, 100
02/26/2020,18:31,10.31,10.31,10.31,10.31, 100
02/26/2020,18:40,10.31,10.35,10.27,10.29, 3597
02/26/2020,18:53,10.36,10.36,10.36,10.36, 100
02/26/2020,18:59,10.346,10.346,10.346,10.346, 100
02/26/2020,19:02,10.43,10.44,10.43,10.44, 200
02/26/2020,19:15,10.39,10.39,10.39,10.39, 100
02/26/2020,19:17,10.47,10.47,10.47,10.47, 100
02/26/2020,19:33,10.41,10.445,10.41,10.445, 200
02/26/2020,19:33,10.41,10.445,10.41,10.445, 200
02/26/2020,19:39,10.41,10.414,10.41,10.414, 700
02/26/2020,19:42,10.4,10.4,10.4,10.4, 400
02/26/2020,19:48,10.43,10.43,10.43,10.43, 100
02/26/2020,19:54,10.395,10.395,10.395,10.395, 150
02/26/2020,19:55,10.43,10.43,10.43,10.43, 100
02/26/2020,20:03,10.44,10.44,10.44,10.44, 100
02/26/2020,20:15,10.44,10.48,10.39,10.39, 1060
02/26/2020,20:18,10.393,10.4,10.32,10.32, 900
02/26/2020,20:18,10.38,10.38,10.38,10.38, 100
02/28/2020,15:38,10.311,10.311,10.25,10.25, 1570
02/28/2020,15:41,10.385,10.5,10.385,10.5, 1200
02/28/2020,15:42,10.52,10.52,10.52,10.52, 100
02/28/2020,15:44,10.417,10.417,10.32,10.32, 1100
02/28/2020,15:47,10.405,10.405,10.405,10.405, 400
02/28/2020,15:49,10.31,10.5,10.31,10.31, 1500
02/28/2020,15:51,10.457,10.52,10.415,10.52, 1300
02/28/2020,15:51,10.52,10.52,10.52,10.52, 100
02/28/2020,15:51,10.52,10.52,10.52,10.52, 200
02/28/2020,15:54,10.33,10.41,10.33,10.41, 200
02/28/2020,15:58,10.41,10.41,10.31,10.41, 600
02/28/2020,15:59,10.31,10.34,10.31,10.34, 2100
02/28/2020,16:05,10.25,10.25,10.25,10.25, 170
02/28/2020,16:07,10.335,10.34,10.285,10.285, 800
02/28/2020,16:08,10.5,10.5,10.49,10.49, 3300
02/28/2020,16:08,10.5,10.5,10.5,10.5, 100
02/28/2020,16:12,10.54,10.55,10.54,10.55, 590
02/28/2020,16:13,10.55,10.55,10.55,10.55, 100
02/28/2020,16:14,10.42,10.42,10.42,10.42, 500
02/28/2020,16:19,10.55,10.55,10.5,10.5, 200
02/28/2020,16:21,10.45,10.45,10.45,10.45, 1075
02/28/2020,16:21,10.55,10.55,10.472,10.472, 600
02/28/2020,16:22,10.54,10.54,10.54,10.54, 200
02/28/2020,16:23,10.54,10.55,10.54,10.55, 800
02/28/2020,16:25,10.595,10.595,10.595,10.595, 100
02/28/2020,16:27,10.65,10.65,10.6,10.65, 1400
02/28/2020,16:27,10.65,10.75,10.65,10.75, 800
02/28/2020,16:28,10.75,10.8,10.75,10.8, 300
02/28/2020,16:30,10.75,10.75,10.75,10.75, 100
02/28/2020,16:33,10.78,10.78,10.78,10.78, 100
02/28/2020,16:36,10.75,10.75,10.75,10.75, 100
02/28/2020,16:37,10.75,10.75,10.75,10.75, 600
02/28/2020,16:38,10.71,10.75,10.71,10.75, 200
02/28/2020,16:38,10.75,10.75,10.64,10.7, 3650
02/28/2020,16:40,10.69,10.7,10.69,10.7, 641
02/28/2020,16:41,10.595,10.595,10.595,10.595, 100
02/28/2020,16:44,10.65,10.65,10.64,10.65, 500
02/28/2020,16:46,10.65,10.65,10.5,10.65, 2300
02/28/2020,16:47,10.65,10.65,10.587,10.587, 750
02/28/2020,16:50,10.57,10.65,10.57,10.65, 400
02/28/2020,16:51,10.65,10.65,10.64,10.64, 800
02/28/2020,16:52,10.64,10.64,10.64,10.64, 300
02/28/2020,16:54,10.64,10.64,10.64,10.64, 300
02/28/2020,16:54,10.64,10.65,10.64,10.65, 1240
02/28/2020,16:56,10.595,10.64,10.59,10.64, 800
02/28/2020,16:57,10.6,10.6,10.585,10.585, 800
02/28/2020,17:01,10.58,10.58,10.56,10.58, 600
02/28/2020,17:01,10.57,10.57,10.57,10.57, 100
02/28/2020,17:04,10.57,10.57,10.57,10.57, 200
02/28/2020,17:05,10.58,10.6,10.58,10.59, 955
02/28/2020,17:07,10.6,10.62,10.58,10.605, 1400
02/28/2020,17:08,10.58,10.58,10.574,10.574, 978
02/28/2020,17:10,10.58,10.58,10.58,10.58, 100
02/28/2020,17:15,10.6,10.6,10.6,10.6, 300
02/28/2020,17:16,10.6,10.65,10.6,10.65, 1600
02/28/2020,17:17,10.65,10.71,10.59,10.649, 1300
02/28/2020,17:19,10.71,10.71,10.67,10.71, 700
02/28/2020,17:20,10.72,10.75,10.68,10.75, 1598
02/28/2020,17:22,10.75,10.75,10.75,10.75, 100
02/28/2020,17:23,10.74,10.75,10.74,10.75, 3200
02/28/2020,17:25,10.814,10.814,10.76,10.76, 400
02/28/2020,17:31,10.84,10.84,10.83,10.83, 200
02/28/2020,17:34,10.806,10.84,10.806,10.84, 377
02/28/2020,17:37,10.84,10.86,10.8,10.86, 4300
02/28/2020,17:37,10.85,10.85,10.85,10.85, 500
02/28/2020,17:38,10.842,10.93,10.835,10.908, 4400
02/28/2020,17:53,10.95,10.95,10.95,10.95, 100
02/28/2020,17:56,10.88,10.94,10.88,10.94, 300
02/28/2020,17:57,10.94,10.94,10.94,10.94, 100
02/28/2020,18:02,10.94,10.95,10.93,10.95, 3936
02/28/2020,18:03,10.95,10.95,10.922,10.922, 200
02/28/2020,18:04,10.95,10.95,10.95,10.95, 100
02/28/2020,18:07,10.9,10.9,10.9,10.9, 100
02/28/2020,18:07,10.91,10.91,10.91,10.91, 500
02/28/2020,18:11,10.92,10.92,10.9,10.9, 500
02/28/2020,18:12,10.915,10.915,10.91,10.91, 200
02/28/2020,18:19,10.93,10.94,10.92,10.924, 1190
02/28/2020,18:20,10.9,10.92,10.9,10.92, 200
02/28/2020,18:29,10.86,10.86,10.86,10.86, 1000
02/28/2020,18:31,10.87,10.87,10.77,10.77, 2800
02/28/2020,18:35,10.8,10.81,10.8,10.81, 200
02/28/2020,18:42,10.769,10.84,10.691,10.84, 4844
02/28/2020,18:43,10.84,10.85,10.84,10.85, 1000
02/28/2020,18:53,10.75,10.75,10.74,10.74, 600
02/28/2020,19:06,10.705,10.705,10.68,10.685, 1418
02/28/2020,19:14,10.705,10.705,10.705,10.705, 100
02/28/2020,19:17,10.68,10.68,10.68,10.68, 300
02/28/2020,19:21,10.641,10.641,10.641,10.641, 100
02/28/2020,19:25,10.6,10.6,10.6,10.6, 100
02/28/2020,19:26,10.63,10.63,10.63,10.63, 150
02/28/2020,19:29,10.68,10.68,10.68,10.68, 100
02/28/2020,19:33,10.6,10.6,10.6,10.6, 100
02/28/2020,19:40,10.64,10.64,10.64,10.64, 100
02/28/2020,19:41,10.6,10.6,10.6,10.6, 100
02/28/2020,19:45,10.67,10.67,10.67,10.67, 100
02/28/2020,19:49,10.6,10.6,10.585,10.585, 200
02/28/2020,19:50,10.53,10.53,10.53,10.53, 100
02/28/2020,19:52,10.51,10.51,10.51,10.51, 100
02/28/2020,19:59,10.51,10.51,10.51,10.51, 100
02/28/2020,20:02,10.51,10.51,10.5,10.5, 700
02/28/2020,20:04,10.5,10.51,10.5,10.51, 400
02/28/2020,20:05,10.51,10.51,10.51,10.51, 100
02/28/2020,20:07,10.5,10.5,10.5,10.5, 300
02/28/2020,20:08,10.5,10.5,10.5,10.5, 2118
02/28/2020,20:12,10.5,10.5,10.5,10.5, 100
02/28/2020,20:19,10.5,10.5,10.5,10.5, 100
02/28/2020,20:19,10.5,10.5,10.5,10.5, 100
02/28/2020,20:21,10.505,10.51,10.505,10.51, 200
02/28/2020,20:23,10.5,10.503,10.5,10.5, 1611
02/28/2020,20:29,10.505,10.51,10.5,10.5, 3410
02/28/2020,20:29,10.525,10.525,10.525,10.525, 100
02/28/2020,20:38,10.51,10.61,10.5,10.555, 4200
02/28/2020,20:40,10.52,10.52,10.5,10.5, 900
02/28/2020,20:42,10.6,10.6,10.6,10.6, 100
02/28/2020,20:47,10.51,10.51,10.51,10.51, 100
02/28/2020,20:48,10.561,10.561,10.561,10.561, 100
02/28/2020,20:56,10.51,10.51,10.51,10.51, 100
02/28/2020,20:58,10.5,10.5,10.5,10.5, 100
02/28/2020,21:02,10.5,10.5,10.5,10.5, 100
02/28/2020,21:06,10.5,10.5,10.5,10.5, 100
02/28/2020,21:10,10.525,10.525,10.525,10.525, 100
02/28/2020,21:12,10.5,10.5,10.5,10.5, 740
02/28/2020,21:14,10.5,10.5,10.5,10.5, 100
02/28/2020,21:18,10.5,10.5,10.5,10.5, 1500
02/28/2020,21:20,10.5,10.5,10.5,10.5, 1000
02/28/2020,21:21,10.5,10.5,10.5,10.5, 100
02/28/2020,21:22,10.5,10.5,10.5,10.5, 1880
02/28/2020,21:26,10.45,10.475,10.45,10.475, 200
02/28/2020,21:28,10.45,10.5,10.45,10.5, 355
02/28/2020,21:30,10.49,10.49,10.45,10.475, 4000
02/28/2020,21:31,10.49,10.49,10.46,10.46, 200
02/28/2020,21:32,10.45,10.52,10.45,10.52, 5615
02/28/2020,21:39,10.5,10.5,10.5,10.5, 100
02/28/2020,21:40,10.5,10.52,10.5,10.52, 1150
02/28/2020,21:41,10.49,10.49,10.49,10.49, 100
02/28/2020,21:42,10.52,10.52,10.52,10.52, 460
02/28/2020,21:50,10.495,10.5,10.495,10.5, 400
02/28/2020,21:51,10.52,10.52,10.495,10.495, 300
02/28/2020,21:51,10.52,10.52,10.52,10.52, 100
02/28/2020,21:52,10.495,10.495,10.495,10.495, 100
02/28/2020,21:53,10.52,10.52,10.52,10.52, 100
02/28/2020,21:55,10.51,10.51,10.51,10.51, 100
02/28/2020,21:55,10.5,10.5,10.485,10.485, 500
02/28/2020,21:57,10.52,10.57,10.52,10.57, 200
02/28/2020,21:59,10.51,10.535,10.51,10.535, 1100
02/28/2020,22:01,10.535,10.67,10.53,10.6, 5309

