04/01/2020,01:20,.12,.12,.12,.12, 10000
04/01/2020,02:08,.13,.13,.13,.13, 20507
04/01/2020,02:16,.13,.13,.13,.13, 1286
04/01/2020,02:34,.13,.13,.13,.13, 145000
04/01/2020,02:45,.13,.13,.13,.13, 152000
04/01/2020,03:00,.13,.13,.13,.13, 7692
04/01/2020,03:39,.125,.125,.125,.125, 15000
04/01/2020,04:02,.127,.127,.127,.127, 2940
04/01/2020,04:22,.125,.125,.125,.125, 35000
04/01/2020,06:04,.125,.125,.125,.125, 10149
04/02/2020,03:17,.12,.12,.115,.115, 43478
04/02/2020,03:43,.115,.115,.115,.115, 41000
04/02/2020,04:00,.115,.115,.115,.115, 7692
04/02/2020,04:38,.12,.12,.12,.12, 8333
04/03/2020,03:39,.125,.125,.125,.125, 4851
04/03/2020,04:08,.125,.125,.125,.125, 4766
04/03/2020,04:52,.125,.125,.125,.125, 6160
04/03/2020,06:48,.127,.127,.127,.127, 5
04/03/2020,07:16,.125,.125,.125,.125, 223
04/06/2020,03:20,.12,.12,.12,.12, 5500
04/07/2020,02:21,.125,.125,.125,.125, 16604
04/07/2020,03:00,.125,.125,.125,.125, 192000
04/07/2020,04:04,.125,.125,.125,.125, 1869
04/07/2020,04:10,.125,.125,.125,.125, 10000
04/07/2020,04:18,.125,.125,.125,.125, 53747
04/07/2020,05:27,.13,.13,.13,.13, 23076
04/07/2020,06:48,.13,.13,.13,.13, 11253
04/08/2020,04:15,.12,.12,.12,.12, 9582
04/08/2020,05:37,.125,.125,.12,.12, 151741
04/08/2020,06:39,.12,.12,.12,.12, 2881
04/08/2020,07:20,.12,.12,.12,.12, 13336
04/08/2020,07:32,.12,.12,.12,.12, 1744
04/08/2020,08:09,.12,.12,.12,.12, 12750
04/09/2020,03:56,.12,.12,.12,.12, 4200
04/09/2020,04:25,.12,.12,.12,.12, 2800
04/09/2020,06:43,.13,.13,.13,.13, 208138
04/09/2020,07:50,.13,.13,.13,.13, 2538
04/09/2020,07:52,.13,.13,.13,.13, 1690
04/09/2020,08:08,.125,.125,.125,.125, 110
04/09/2020,08:31,.13,.13,.13,.13, 6844
04/14/2020,02:21,.13,.13,.13,.13, 10000
04/14/2020,04:06,.12,.12,.12,.12, 37200
04/14/2020,04:10,.115,.115,.115,.115, 50935
04/14/2020,04:13,.11,.11,.11,.11, 43326
04/14/2020,05:03,.13,.135,.13,.135, 7400
04/14/2020,07:14,.135,.135,.135,.135, 1663
04/14/2020,08:19,.13,.13,.13,.13, 8587
04/14/2020,08:31,.135,.135,.135,.135, 2512
04/16/2020,04:29,.125,.125,.125,.125, 39805
04/16/2020,05:29,.125,.125,.125,.125, 8000
04/16/2020,05:49,.125,.125,.125,.125, 9500
04/16/2020,05:53,.12,.12,.12,.12, 20000
04/16/2020,07:23,.12,.12,.12,.12, 66000
04/17/2020,02:36,.135,.135,.135,.135, 31050
04/17/2020,03:18,.135,.135,.135,.135, 10000
04/17/2020,04:03,.135,.135,.135,.135, 14814
04/17/2020,04:55,.14,.14,.14,.14, 30000
04/17/2020,06:46,.14,.14,.14,.14, 28064
04/17/2020,06:50,.14,.14,.14,.14, 6431
04/17/2020,06:51,.14,.14,.125,.125, 44283
04/17/2020,07:05,.135,.135,.135,.135, 6060
04/17/2020,07:13,.14,.14,.14,.14, 30977
04/17/2020,07:38,.125,.125,.12,.12, 195000

