04/07/2020,09:05,1706.98,1706.98,1706.98,1706.98, 1
04/07/2020,10:14,1706.99,1706.99,1706.99,1706.99, 1
04/08/2020,10:15,1706.99,1706.99,1706.99,1706.99, 1
04/09/2020,10:16,1706.99,1706.99,1706.99,1706.99, 1
04/10/2020,10:59,1706.99,1706.99,1706.99,1706.99, 1
04/13/2020,09:51,1707,1707,1707,1707, 1
04/14/2020,09:59,1706.95,1706.95,1706.95,1706.95, 1
04/15/2020,09:51,1714.92,1714.92,1714.92,1714.92, 1
04/16/2020,09:56,1714.92,1714.92,1714.92,1714.92, 1
04/17/2020,09:56,1714.92,1714.92,1714.92,1714.92, 1

