03/02/2020,04:55,1.135,1.135,1.135,1.135, 10183
03/02/2020,06:10,1.135,1.135,1.135,1.135, 416
03/03/2020,00:21,1.16,1.16,1.16,1.16, 1000
03/03/2020,02:31,1.14,1.14,1.14,1.14, 925
03/04/2020,00:20,1.14,1.14,1.14,1.14, 9075
03/04/2020,00:26,1.135,1.135,1.13,1.13, 20925
03/05/2020,04:17,1.13,1.13,1.13,1.13, 618
03/06/2020,00:20,1.14,1.14,1.14,1.14, 25859
03/06/2020,01:06,1.14,1.14,1.14,1.14, 500
03/06/2020,01:27,1.14,1.14,1.14,1.14, 18641
03/06/2020,03:28,1.14,1.14,1.14,1.14, 6000
03/06/2020,03:42,1.15,1.15,1.15,1.15, 116
03/06/2020,06:31,1.15,1.15,1.15,1.15, 359
03/10/2020,00:56,1.12,1.12,1.12,1.12, 800
03/10/2020,01:09,1.12,1.12,1.12,1.12, 9200
03/10/2020,02:40,1.1,1.1,1.1,1.1, 415
03/10/2020,04:45,1.07,1.07,1.07,1.07, 262
03/10/2020,05:28,1.06,1.08,1.06,1.08, 1682
03/10/2020,06:15,1.115,1.115,1.115,1.115, 516
03/10/2020,06:17,1.115,1.115,1.115,1.115, 101
03/10/2020,06:31,1.115,1.115,1.115,1.115, 12
03/11/2020,00:57,1.11,1.11,1.11,1.11, 500
03/11/2020,02:33,1.11,1.11,1.11,1.11, 190
03/11/2020,03:39,1.11,1.11,1.11,1.11, 62
03/11/2020,06:31,1.1,1.1,1.1,1.1, 8197
03/12/2020,01:02,1.045,1.045,1.045,1.045, 4480
03/12/2020,01:37,1.045,1.045,1.045,1.045, 520
03/12/2020,03:28,1.035,1.035,1.035,1.035, 5305
03/12/2020,03:28,1.035,1.035,1.035,1.035, 1800
03/13/2020,00:27,.985,.985,.985,.985, 3828
03/13/2020,00:35,.96,.96,.95,.95, 15000
03/13/2020,01:12,.925,.925,.925,.925, 7900
03/13/2020,01:15,.93,.93,.93,.93, 2509
03/13/2020,01:35,.93,.945,.925,.945, 13292
03/13/2020,03:00,.93,.93,.925,.925, 92370
03/13/2020,03:40,.9,.9,.9,.9, 2500
03/13/2020,03:42,.9,.9,.9,.9, 97500
03/13/2020,04:24,.9,.9,.9,.9, 1000
03/13/2020,05:21,.9,.9,.9,.9, 9130
03/13/2020,05:31,.91,.91,.91,.91, 840
03/16/2020,00:21,.91,.91,.91,.91, 5025
03/16/2020,00:58,.91,.91,.9,.9, 70757
03/16/2020,01:03,.895,.9,.895,.9, 37729
03/16/2020,02:23,.905,.905,.9,.9, 34385
03/16/2020,02:30,.9,.9,.9,.9, 64267
03/16/2020,04:00,.905,.905,.905,.905, 1500
03/18/2020,01:18,.91,.91,.9,.9, 3113
03/18/2020,03:37,.9,.9,.9,.9, 23605
03/18/2020,05:01,.9,.9,.9,.9, 697
03/18/2020,06:06,.9,.9,.9,.9, 34
03/18/2020,06:20,.9,.9,.9,.9, 911
03/18/2020,06:31,.9,.9,.9,.9, 137
03/19/2020,01:07,.895,.9,.895,.9, 12500
03/19/2020,01:53,.895,.895,.895,.895, 617
03/19/2020,03:14,.835,.835,.835,.835, 3605
03/19/2020,03:28,.82,.82,.8,.8, 4220
03/19/2020,04:21,.83,.83,.83,.83, 714
03/19/2020,04:57,.83,.85,.83,.85, 803
03/20/2020,01:46,.9,.9,.9,.9, 3896
03/20/2020,04:56,.9,.9,.89,.89, 26262
03/20/2020,05:26,.895,.895,.895,.895, 999
03/20/2020,05:30,.895,.895,.895,.895, 820
03/20/2020,05:32,.895,.895,.895,.895, 121
03/20/2020,05:39,.9,.9,.9,.9, 7064
03/23/2020,00:37,.84,.84,.84,.84, 17694
03/23/2020,04:23,.84,.84,.84,.84, 11455
03/23/2020,04:52,.84,.84,.84,.84, 3787
03/23/2020,05:14,.84,.84,.84,.84, 15747
03/24/2020,05:08,.9,.9,.9,.9, 50000
03/24/2020,05:37,.875,.875,.87,.87, 11366
03/25/2020,04:12,.885,.885,.885,.885, 3000
03/25/2020,06:31,.88,.88,.88,.88, 444
03/26/2020,06:17,.885,.885,.885,.885, 4
03/27/2020,00:21,.885,.885,.885,.885, 1450
03/27/2020,01:49,.89,.89,.89,.89, 1000
03/27/2020,04:17,.89,.89,.89,.89, 2500
03/27/2020,05:41,.89,.89,.89,.89, 6807
03/27/2020,06:31,.89,.89,.89,.89, 1366
03/30/2020,01:20,.95,.95,.95,.95, 2500
03/30/2020,07:19,.94,.94,.94,.94, 25
03/31/2020,07:16,.9,.9,.9,.9, 62

