02/03/2020,15:31,83.51,83.51,83.51,83.51, 1454
02/03/2020,15:52,83.83,83.83,83.83,83.83, 100
02/03/2020,16:03,84.2,84.2,84.2,84.2, 100
02/03/2020,16:18,84.48,84.48,84.48,84.48, 100
02/03/2020,16:21,84.59,84.59,84.55,84.55, 364
02/03/2020,16:31,84.61,84.61,84.61,84.61, 100
02/03/2020,16:35,84.59,84.59,84.59,84.59, 100
02/03/2020,16:36,84.56,84.56,84.56,84.56, 100
02/03/2020,16:42,84.56,84.56,84.56,84.56, 300
02/03/2020,16:45,84.43,84.43,84.43,84.43, 100
02/03/2020,17:01,84.28,84.28,84.28,84.28, 128
02/03/2020,17:06,84.35,84.36,84.01,84.01, 3128
02/03/2020,17:07,84.33,84.35,84.33,84.35, 200
02/03/2020,17:07,84.32,84.32,84.32,84.32, 500
02/03/2020,17:22,84.21,84.21,84.01,84.01, 1100
02/03/2020,17:36,84.31,84.31,84.31,84.31, 300
02/03/2020,18:00,84.29,84.29,84.15,84.15, 1300
02/03/2020,18:35,84.28,84.28,84.28,84.28, 205
02/03/2020,18:35,84.31,84.31,84.31,84.31, 207
02/03/2020,18:43,84.27,84.27,84.27,84.27, 100
02/03/2020,19:14,84.27,84.27,84.27,84.27, 100
02/03/2020,19:16,84.27,84.28,84.27,84.27, 622
02/03/2020,19:22,84.18,84.19,84.18,84.19, 417
02/03/2020,19:23,84.2,84.2,84.18,84.18, 200
02/03/2020,19:33,84.18,84.18,84.18,84.18, 100
02/03/2020,19:42,84.41,84.41,84.41,84.41, 298
02/03/2020,20:03,84.02,84.03,84.02,84.03, 300
02/03/2020,20:14,83.97,83.97,83.97,83.97, 200
02/03/2020,20:39,84.05,84.05,84.05,84.05, 100
02/03/2020,20:51,84.04,84.04,84.04,84.04, 100
02/03/2020,20:52,84.06,84.06,84.06,84.06, 100
02/03/2020,20:56,84.31,84.31,84.31,84.31, 200
02/03/2020,21:13,84.32,84.32,84.32,84.32, 100
02/03/2020,21:22,84.44,84.44,84.44,84.44, 100
02/03/2020,21:25,84.51,84.51,84.51,84.51, 200
02/03/2020,21:34,84.47,84.47,84.47,84.47, 200
02/03/2020,21:39,84.37,84.37,84.37,84.37, 200
02/03/2020,21:41,84.37,84.42,84.31,84.32, 800
02/03/2020,21:43,84.13,84.13,84.11,84.12, 300
02/03/2020,21:44,84.05,84.05,84.05,84.05, 100
02/03/2020,21:45,84.14,84.14,84.14,84.14, 300
02/03/2020,21:48,84.17,84.17,84.06,84.06, 200
02/03/2020,21:49,83.85,83.85,83.85,83.85, 100
02/03/2020,21:55,84.03,84.03,83.99,83.99, 200
02/03/2020,21:56,84.05,84.29,84.05,84.29, 500
02/03/2020,21:57,84.6,84.6,84.49,84.6, 300
02/03/2020,21:57,84.07,84.07,84.07,84.07, 100
02/03/2020,21:58,84.59,84.7,84.59,84.7, 208
02/03/2020,22:00,84.49,84.51,84.49,84.51, 200
02/03/2020,22:01,84.53,84.53,84.44,84.44, 4747
02/04/2020,15:32,85.07,85.07,85.07,85.07, 100
02/04/2020,15:52,85.03,85.03,85.03,85.03, 100
02/04/2020,15:56,84.58,84.62,84.58,84.62, 800
02/04/2020,15:56,84.55,84.55,84.55,84.55, 200
02/04/2020,16:07,84.33,84.33,84.33,84.33, 100
02/04/2020,16:28,84.58,84.58,84.57,84.57, 300
02/04/2020,16:34,84.43,84.44,84.36,84.36, 309
02/04/2020,16:35,84.38,84.38,84.38,84.38, 100
02/04/2020,16:43,84.4,84.4,84.4,84.4, 100
02/04/2020,16:44,84.6,84.6,84.6,84.6, 200
02/04/2020,16:53,84.7,84.7,84.7,84.7, 100
02/04/2020,16:56,84.7,84.7,84.7,84.7, 200
02/04/2020,17:20,84.41,84.41,84.19,84.19, 900
02/04/2020,17:21,84.3,84.32,83.98,83.98, 2438
02/04/2020,17:22,84.12,84.34,83.99,84.23, 3141
02/04/2020,17:24,84.43,84.43,84.43,84.43, 100
02/04/2020,17:25,84.43,84.43,84.35,84.35, 201
02/04/2020,17:26,84.29,84.29,84.29,84.29, 410
02/04/2020,17:27,84.31,84.31,84.25,84.25, 1731
02/04/2020,17:28,84.25,84.26,84.15,84.25, 1692
02/04/2020,17:29,84.27,84.27,84.27,84.27, 2325
02/04/2020,17:30,84.27,84.27,84.27,84.27, 643
02/04/2020,17:42,84.35,84.35,84.35,84.35, 100
02/04/2020,17:44,84.26,84.26,84.26,84.26, 100
02/04/2020,17:46,84.26,84.29,84.26,84.29, 590
02/04/2020,17:47,84.31,84.31,84.31,84.31, 100
02/04/2020,17:48,84.33,84.33,84.31,84.33, 300
02/04/2020,17:52,84.28,84.28,84.28,84.28, 200
02/04/2020,17:56,84.28,84.28,84.17,84.17, 200
02/04/2020,18:10,84.33,84.33,84.27,84.27, 300
02/04/2020,18:12,84.33,84.33,84.33,84.33, 300
02/04/2020,18:15,84.37,84.37,84.37,84.37, 100
02/04/2020,18:16,84.35,84.35,84.35,84.35, 200
02/04/2020,18:32,84.36,84.36,84.36,84.36, 100
02/04/2020,18:50,84.37,84.39,84.32,84.36, 1400
02/04/2020,18:58,84.38,84.39,84.35,84.36, 900
02/04/2020,18:59,84.36,84.36,84.36,84.36, 100
02/04/2020,19:14,84.35,84.35,84.35,84.35, 500
02/04/2020,19:18,84.35,84.35,84.35,84.35, 100
02/04/2020,19:28,84.46,84.46,84.46,84.46, 152
02/04/2020,19:33,84.35,84.35,84.35,84.35, 293
02/04/2020,19:37,84.34,84.34,84.34,84.34, 100
02/04/2020,19:44,84.37,84.45,84.37,84.45, 643
02/04/2020,19:49,84.36,84.36,84.36,84.36, 462
02/04/2020,19:51,84.2,84.2,84.2,84.2, 200
02/04/2020,19:53,84.2,84.27,84.2,84.2, 976
02/04/2020,20:00,84.27,84.36,84.27,84.31, 500
02/04/2020,20:17,84.3,84.3,84.3,84.3, 100
02/04/2020,20:20,84.26,84.26,84.26,84.26, 100
02/04/2020,20:30,84.26,84.26,84.26,84.26, 100
02/04/2020,20:32,84.32,84.32,84.32,84.32, 100
02/04/2020,20:35,84.27,84.27,84.27,84.27, 100
02/04/2020,20:38,84.31,84.31,84.31,84.31, 100
02/04/2020,20:42,84.26,84.26,84.26,84.26, 454
02/04/2020,20:45,84.34,84.35,84.34,84.35, 375
02/04/2020,21:03,84.29,84.29,84.29,84.29, 200
02/04/2020,21:10,84.3,84.3,84.3,84.3, 300
02/04/2020,21:24,84.32,84.32,84.32,84.32, 200
02/04/2020,21:25,84.3,84.3,84.3,84.3, 400
02/04/2020,21:25,84.3,84.3,84.3,84.3, 100
02/04/2020,21:27,84.3,84.3,84.3,84.3, 100
02/04/2020,21:31,84.33,84.43,84.3,84.43, 700
02/04/2020,21:33,84.37,84.39,84.37,84.39, 400
02/04/2020,21:34,84.39,84.39,84.39,84.39, 318
02/04/2020,21:38,84.35,84.35,84.35,84.35, 100
02/04/2020,21:39,84.35,84.35,84.35,84.35, 300
02/04/2020,21:47,84.17,84.17,84.17,84.17, 100
02/04/2020,21:54,84.21,84.3,84.21,84.24, 800
02/04/2020,21:54,84.24,84.24,84.24,84.24, 100
02/04/2020,21:59,84.25,84.25,84.18,84.19, 900
02/04/2020,22:00,84.23,84.23,84.14,84.14, 200
02/04/2020,22:01,84.14,84.3,84.14,84.3, 1876
02/05/2020,15:38,84.93,85,84.93,85, 200
02/05/2020,15:38,85.06,85.06,85.06,85.06, 100
02/05/2020,15:39,85.37,85.37,85.37,85.37, 100
02/05/2020,16:18,85.24,85.24,85.11,85.11, 300
02/05/2020,16:20,85.15,85.18,85.13,85.18, 500
02/05/2020,16:21,85.12,85.12,85.12,85.12, 100
02/05/2020,16:29,85.26,85.26,85.26,85.26, 100
02/05/2020,16:30,85.1,85.1,85.1,85.1, 100
02/05/2020,16:34,85.38,85.38,85.38,85.38, 100
02/05/2020,16:36,85.23,85.23,85.23,85.23, 200
02/05/2020,16:40,85.17,85.17,85.17,85.17, 100
02/05/2020,16:46,85.23,85.23,85.23,85.23, 200
02/05/2020,16:51,85.33,85.33,85.27,85.27, 200
02/05/2020,17:12,85.48,85.48,85.48,85.48, 100
02/05/2020,17:14,85.53,85.7,85.39,85.47, 500
02/05/2020,17:18,85.55,85.55,85.55,85.55, 100
02/05/2020,17:21,85.47,85.56,85.47,85.56, 300
02/05/2020,17:21,85.59,85.59,85.59,85.59, 100
02/05/2020,17:30,85.59,85.59,85.59,85.59, 200
02/05/2020,17:30,85.59,85.59,85.59,85.59, 100
02/05/2020,17:43,85.47,85.47,85.45,85.45, 300
02/05/2020,17:51,85.42,85.42,85.42,85.42, 100
02/05/2020,18:02,85.56,85.56,85.56,85.56, 100
02/05/2020,18:34,85.53,85.53,85.53,85.53, 100
02/05/2020,18:55,85.64,85.64,85.54,85.54, 300
02/05/2020,19:03,85.63,85.64,85.63,85.64, 200
02/05/2020,19:06,85.65,85.65,85.65,85.65, 100
02/05/2020,19:20,85.72,85.72,85.72,85.72, 100
02/05/2020,19:22,85.75,85.75,85.6,85.64, 400
02/05/2020,19:24,85.78,85.78,85.78,85.78, 100
02/05/2020,19:32,85.67,85.67,85.67,85.67, 100
02/05/2020,19:38,85.66,85.66,85.65,85.65, 500
02/05/2020,19:42,85.65,85.73,85.64,85.73, 300
02/05/2020,19:42,85.6,85.6,85.6,85.6, 100
02/05/2020,19:45,85.56,85.78,85.56,85.78, 300
02/05/2020,19:51,85.64,85.64,85.64,85.64, 400
02/05/2020,19:56,85.65,85.78,85.65,85.66, 800
02/05/2020,20:04,85.74,85.74,85.74,85.74, 100
02/05/2020,20:12,85.73,85.73,85.73,85.73, 100
02/05/2020,20:15,85.69,85.75,85.69,85.75, 600
02/05/2020,20:17,85.77,85.77,85.77,85.77, 100
02/05/2020,20:19,85.83,85.83,85.83,85.83, 100
02/05/2020,20:23,85.91,85.91,85.86,85.86, 300
02/05/2020,20:24,85.9,85.9,85.9,85.9, 200
02/05/2020,20:36,85.93,85.93,85.93,85.93, 100
02/05/2020,20:37,85.94,85.94,85.94,85.94, 100
02/05/2020,20:38,85.94,86.01,85.91,86.01, 400
02/05/2020,20:39,86.01,86.01,85.97,85.97, 200
02/05/2020,20:43,85.98,85.98,85.95,85.95, 200
02/05/2020,20:55,85.92,85.95,85.92,85.95, 200
02/05/2020,20:57,85.98,85.98,85.97,85.97, 200
02/05/2020,21:07,86.15,86.15,86.15,86.15, 100
02/05/2020,21:09,86.03,86.03,86.03,86.03, 100
02/05/2020,21:17,86.05,86.05,85.95,85.98, 500
02/05/2020,21:20,85.89,85.89,85.89,85.89, 100
02/05/2020,21:23,85.87,85.95,85.87,85.89, 400
02/05/2020,21:27,85.9,85.9,85.9,85.9, 200
02/05/2020,21:31,85.9,85.9,85.89,85.89, 300
02/05/2020,21:34,85.78,85.78,85.78,85.78, 100
02/05/2020,21:37,85.72,85.76,85.72,85.76, 605
02/05/2020,21:37,85.73,85.73,85.73,85.73, 100
02/05/2020,21:39,85.74,85.74,85.71,85.74, 300
02/05/2020,21:41,85.66,85.66,85.57,85.57, 200
02/05/2020,21:42,85.78,85.78,85.78,85.78, 100
02/05/2020,21:43,85.72,85.72,85.72,85.72, 100
02/05/2020,21:44,85.73,85.73,85.73,85.73, 100
02/05/2020,21:46,85.73,85.73,85.44,85.48, 1500
02/05/2020,21:47,85.39,85.42,85.39,85.42, 400
02/05/2020,21:48,85.32,85.32,84.9,84.9, 900
02/05/2020,21:49,85.05,85.05,85.01,85.01, 989
02/05/2020,21:52,84.82,84.82,84.82,84.82, 300
02/05/2020,21:53,85.16,85.16,84.79,84.79, 600
02/05/2020,21:54,85.1,85.18,85.07,85.09, 900
02/05/2020,21:56,85.09,85.29,85.09,85.09, 600
02/05/2020,21:56,85.26,85.64,85.26,85.43, 2200
02/05/2020,21:58,85.61,85.67,85.26,85.26, 300
02/05/2020,21:59,85.67,85.67,85.42,85.56, 400
02/05/2020,22:00,85.37,85.46,85.3,85.46, 300
02/05/2020,22:01,85.59,85.59,85.03,85.03, 4449
02/06/2020,15:32,85.78,85.78,85.78,85.78, 100
02/06/2020,15:47,85.62,85.62,85.62,85.62, 100
02/06/2020,15:59,85.4,85.41,85.39,85.41, 700
02/06/2020,16:02,85.77,85.77,85.77,85.77, 100
02/06/2020,16:06,85.77,85.77,85.77,85.77, 100
02/06/2020,16:10,85.84,85.84,85.73,85.73, 200
02/06/2020,16:15,85.93,85.93,85.93,85.93, 100
02/06/2020,16:16,85.74,85.74,85.72,85.72, 499
02/06/2020,16:20,85.7,85.7,85.7,85.7, 100
02/06/2020,16:23,85.53,85.53,85.52,85.52, 200
02/06/2020,16:23,85.6,85.6,85.6,85.6, 200
02/06/2020,16:27,85.65,85.65,85.55,85.55, 300
02/06/2020,16:37,85.64,85.64,85.64,85.64, 200
02/06/2020,16:41,85.61,85.61,85.61,85.61, 100
02/06/2020,16:48,85.61,85.61,85.61,85.61, 200
02/06/2020,16:54,85.58,85.58,85.49,85.49, 300
02/06/2020,16:58,85.38,85.38,85.38,85.38, 100
02/06/2020,17:00,85.36,85.36,85.36,85.36, 126
02/06/2020,17:00,85.4,85.4,85.4,85.4, 100
02/06/2020,17:04,85.46,85.46,85.46,85.46, 117
02/06/2020,17:14,85.47,85.47,85.47,85.47, 200
02/06/2020,17:15,85.59,85.59,85.59,85.59, 100
02/06/2020,17:25,85.48,85.48,85.48,85.48, 200
02/06/2020,17:45,85.68,85.68,85.68,85.68, 100
02/06/2020,18:17,85.55,85.55,85.55,85.55, 100
02/06/2020,18:21,85.86,85.86,85.86,85.86, 100
02/06/2020,18:26,85.56,85.56,85.56,85.56, 100
02/06/2020,18:33,85.51,85.51,85.51,85.51, 100
02/06/2020,18:53,85.63,85.63,85.63,85.63, 100
02/06/2020,18:57,85.49,85.49,85.49,85.49, 100
02/06/2020,19:14,85.34,85.34,85.34,85.34, 100
02/06/2020,19:15,85.55,85.55,85.34,85.34, 300
02/06/2020,19:19,85.46,85.55,85.35,85.53, 800
02/06/2020,19:19,85.4,85.4,85.36,85.36, 200
02/06/2020,19:30,85.48,85.48,85.4,85.4, 300
02/06/2020,19:36,85.33,85.33,85.32,85.33, 400
02/06/2020,19:47,85.36,85.36,85.36,85.36, 100
02/06/2020,19:47,85.3,85.3,85.29,85.29, 200
02/06/2020,19:50,85.36,85.36,85.36,85.36, 200
02/06/2020,19:53,85.3,85.39,85.28,85.39, 300
02/06/2020,20:00,85.29,85.29,85.25,85.25, 200
02/06/2020,20:07,85.32,85.32,85.32,85.32, 100
02/06/2020,20:17,85.22,85.25,85.22,85.25, 300
02/06/2020,20:21,85.21,85.21,85.21,85.21, 100
02/06/2020,20:31,84.99,84.99,84.99,84.99, 100
02/06/2020,20:32,85.28,85.28,85.28,85.28, 100
02/06/2020,20:38,85.12,85.24,85.12,85.13, 500
02/06/2020,20:42,85.24,85.24,85.24,85.24, 100
02/06/2020,20:42,85.16,85.16,85.16,85.16, 100
02/06/2020,20:44,85.12,85.12,85.12,85.12, 100
02/06/2020,20:45,85.04,85.04,85.04,85.04, 100
02/06/2020,20:48,84.88,84.88,84.88,84.88, 100
02/06/2020,21:01,85.05,85.05,84.75,84.75, 200
02/06/2020,21:05,85.02,85.02,85.02,85.02, 100
02/06/2020,21:07,84.96,85.06,84.96,85.06, 522
02/06/2020,21:12,85.25,85.25,85.25,85.25, 100
02/06/2020,21:17,85.2,85.2,85.2,85.2, 100
02/06/2020,21:21,84.89,84.89,84.89,84.89, 100
02/06/2020,21:23,85.06,85.06,85.06,85.06, 100
02/06/2020,21:28,85.1,85.1,85.1,85.1, 100
02/06/2020,21:31,84.99,84.99,84.99,84.99, 100
02/06/2020,21:33,85.25,85.25,85.25,85.25, 100
02/06/2020,21:44,85.41,85.53,85.14,85.14, 300
02/06/2020,21:50,85.39,85.39,85.39,85.39, 100
02/06/2020,21:50,85.4,85.47,85.29,85.29, 1500
02/06/2020,21:53,85.2,85.56,85.2,85.56, 300
02/06/2020,21:54,85.46,85.58,85.35,85.58, 700
02/06/2020,21:56,85.49,85.55,85.43,85.55, 300
02/06/2020,22:00,85.44,85.51,85.24,85.24, 800
02/06/2020,22:01,85.45,85.52,85.26,85.47, 6780
02/07/2020,15:31,85.3,85.3,85.3,85.3, 125
02/07/2020,15:48,85.47,85.47,85.47,85.47, 100
02/07/2020,16:02,85.11,85.11,85.11,85.11, 100
02/07/2020,16:07,85.16,85.16,85.16,85.16, 100
02/07/2020,16:10,85.23,85.23,85.22,85.22, 200
02/07/2020,16:15,85.49,85.49,85.48,85.48, 200
02/07/2020,16:19,85.22,85.23,85.22,85.23, 200
02/07/2020,16:21,85.24,85.26,85.24,85.26, 400
02/07/2020,16:28,84.92,85.22,84.92,85.22, 200
02/07/2020,16:37,85.26,85.26,85.26,85.26, 100
02/07/2020,16:40,85.26,85.26,85.26,85.26, 141
02/07/2020,16:57,85.03,85.03,85.03,85.03, 100
02/07/2020,17:09,84.79,84.79,84.56,84.56, 200
02/07/2020,17:16,84.76,84.76,84.76,84.76, 100
02/07/2020,17:16,84.54,84.54,84.54,84.54, 100
02/07/2020,17:35,84.75,84.75,84.75,84.75, 200
02/07/2020,17:51,84.78,84.8,84.69,84.8, 500
02/07/2020,17:58,84.77,84.8,84.71,84.71, 500
02/07/2020,18:00,84.52,84.52,84.52,84.52, 100
02/07/2020,18:13,84.64,84.64,84.64,84.64, 200
02/07/2020,18:15,84.68,84.68,84.68,84.68, 100
02/07/2020,18:16,84.64,84.64,84.64,84.64, 100
02/07/2020,18:22,84.48,84.48,84.48,84.48, 100
02/07/2020,18:43,84.57,84.83,84.53,84.53, 400
02/07/2020,18:45,84.72,84.72,84.72,84.72, 600
02/07/2020,18:47,84.58,84.58,84.58,84.58, 100
02/07/2020,18:51,84.72,84.72,84.72,84.72, 100
02/07/2020,19:10,84.72,84.72,84.72,84.72, 100
02/07/2020,19:15,84.71,84.71,84.71,84.71, 200
02/07/2020,19:17,84.54,84.54,84.54,84.54, 100
02/07/2020,19:18,84.44,84.44,84.44,84.44, 100
02/07/2020,19:24,84.41,84.41,84.41,84.41, 100
02/07/2020,19:26,84.38,84.38,84.33,84.34, 800
02/07/2020,19:30,84.28,84.28,84.28,84.28, 100
02/07/2020,19:31,84.53,84.57,84.53,84.57, 400
02/07/2020,19:36,84.18,84.18,84.18,84.18, 100
02/07/2020,19:54,84.13,84.13,84.13,84.13, 100
02/07/2020,20:02,84.21,84.21,84.06,84.06, 900
02/07/2020,20:03,84.04,84.2,83.6,83.6, 1800
02/07/2020,20:03,83.71,83.72,83.71,83.71, 300
02/07/2020,20:07,83.72,83.72,83.72,83.72, 100
02/07/2020,20:10,83.71,83.71,83.61,83.61, 800
02/07/2020,20:12,83.71,83.71,83.41,83.66, 800
02/07/2020,20:12,83.66,83.66,83.66,83.66, 200
02/07/2020,20:13,83.94,83.94,83.62,83.62, 200
02/07/2020,20:14,83.62,83.65,83.3,83.3, 600
02/07/2020,20:17,83.53,83.79,83.53,83.79, 5175
02/07/2020,20:17,83.7,83.7,83.7,83.7, 100
02/07/2020,20:21,83.53,83.53,83.53,83.53, 100
02/07/2020,20:24,83.86,83.86,83.78,83.78, 200
02/07/2020,20:25,83.65,83.65,83.65,83.65, 100
02/07/2020,20:36,83.79,83.79,83.79,83.79, 100
02/07/2020,20:39,83.72,83.72,83.72,83.72, 100
02/07/2020,20:41,83.72,83.72,83.72,83.72, 100
02/07/2020,20:43,83.6,83.6,83.6,83.6, 200
02/07/2020,20:54,83.66,83.66,83.66,83.66, 100
02/07/2020,20:58,83.67,83.67,83.67,83.67, 137
02/07/2020,21:02,83.45,83.63,83.02,83.21, 3645
02/07/2020,21:14,83.26,83.26,83.26,83.26, 100
02/07/2020,21:17,83.6,83.71,83.25,83.33, 900
02/07/2020,21:22,83.57,83.57,83.57,83.57, 100
02/07/2020,21:29,83.71,83.78,83.36,83.36, 800
02/07/2020,21:31,83.59,83.6,83.59,83.6, 500
02/07/2020,21:35,83.58,83.76,83.48,83.65, 800
02/07/2020,21:36,83.66,83.66,83.65,83.65, 500
02/07/2020,21:36,83.74,83.74,83.5,83.51, 800
02/07/2020,21:37,83.67,83.67,83.67,83.67, 100
02/07/2020,21:39,83.63,83.63,83.63,83.63, 100
02/07/2020,21:40,83.62,83.62,83.62,83.62, 100
02/07/2020,21:41,83.55,83.62,83.55,83.62, 200
02/07/2020,21:42,83.65,83.65,83.65,83.65, 100
02/07/2020,21:43,83.64,83.64,83.64,83.64, 100
02/07/2020,21:44,83.63,83.63,83.63,83.63, 500
02/07/2020,21:45,83.55,83.61,83.51,83.51, 400
02/07/2020,21:46,83.39,83.53,83.36,83.52, 800
02/07/2020,21:48,83.41,83.47,83.41,83.42, 300
02/07/2020,21:49,83.49,83.49,83.49,83.49, 200
02/07/2020,21:50,83.5,83.54,83.49,83.49, 998
02/07/2020,21:51,83.58,83.86,83.52,83.57, 900
02/07/2020,21:51,83.59,83.59,83.54,83.55, 300
02/07/2020,21:52,83.52,83.52,83.52,83.52, 100
02/07/2020,21:54,83.62,83.63,83.58,83.58, 400
02/07/2020,21:55,83.54,83.93,83.54,83.7, 2920
02/07/2020,21:55,83.67,83.67,83.67,83.67, 100
02/07/2020,21:57,83.65,83.66,83.54,83.62, 700
02/07/2020,21:58,83.65,83.79,83.64,83.74, 1100
02/07/2020,21:58,83.84,83.84,83.63,83.73, 1000
02/07/2020,21:59,83.72,83.72,83.72,83.72, 100
02/07/2020,22:01,83.74,83.81,83.74,83.8, 2896
02/10/2020,15:38,84.33,84.33,84.33,84.33, 100
02/10/2020,15:43,84.03,84.03,84.03,84.03, 100
02/10/2020,16:18,84.07,84.07,84.07,84.07, 100
02/10/2020,16:24,83.83,83.83,83.83,83.83, 200
02/10/2020,16:35,83.85,83.85,83.78,83.78, 300
02/10/2020,16:35,83.87,83.87,83.87,83.87, 120
02/10/2020,16:43,84.11,84.11,84.02,84.02, 200
02/10/2020,16:44,83.88,84.01,83.88,84.01, 374
02/10/2020,16:45,83.64,83.85,83.64,83.85, 500
02/10/2020,17:10,84.24,84.24,84.24,84.24, 100
02/10/2020,17:22,83.98,83.98,83.98,83.98, 100
02/10/2020,17:57,83.66,83.66,83.66,83.66, 100
02/10/2020,17:59,83.48,83.48,83.48,83.48, 100
02/10/2020,18:04,83.5,83.5,83.5,83.5, 100
02/10/2020,18:24,83.66,83.95,83.66,83.95, 300
02/10/2020,18:25,83.95,83.97,83.75,83.75, 700
02/10/2020,18:46,83.87,83.87,83.82,83.82, 200
02/10/2020,18:50,83.83,83.83,83.83,83.83, 100
02/10/2020,19:12,83.96,83.96,83.96,83.96, 100
02/10/2020,19:41,83.89,83.89,83.89,83.89, 100
02/10/2020,19:44,83.72,83.72,83.72,83.72, 140
02/10/2020,19:44,83.71,83.71,83.62,83.62, 300
02/10/2020,20:17,83.61,83.65,83.6,83.6, 400
02/10/2020,20:42,83.44,83.45,83.43,83.43, 300
02/10/2020,20:52,83.47,83.47,83.47,83.47, 100
02/10/2020,20:54,83.37,83.37,83.34,83.34, 200
02/10/2020,21:08,83.46,83.55,83.45,83.55, 600
02/10/2020,21:19,83.4,83.4,83.4,83.4, 100
02/10/2020,21:36,83.4,83.47,83.4,83.47, 600
02/10/2020,21:36,83.46,83.46,83.46,83.46, 100
02/10/2020,21:39,83.7,83.7,83.65,83.65, 200
02/10/2020,21:39,83.54,83.54,83.54,83.54, 100
02/10/2020,21:45,83.7,83.7,83.7,83.7, 100
02/10/2020,21:48,83.65,83.65,83.48,83.48, 200
02/10/2020,21:49,83.63,83.72,83.52,83.53, 700
02/10/2020,21:50,83.65,83.65,83.65,83.65, 100
02/10/2020,21:50,83.59,83.67,83.42,83.42, 300
02/10/2020,21:52,83.65,83.65,83.55,83.55, 300
02/10/2020,21:55,83.55,83.55,83.55,83.55, 100
02/10/2020,21:58,83.53,83.54,83.51,83.54, 300
02/10/2020,21:59,83.53,83.71,83.53,83.56, 300
02/10/2020,22:00,83.68,83.68,83.53,83.53, 200
02/10/2020,22:01,83.5,83.5,83.5,83.5, 2812
02/11/2020,15:31,83.5,83.5,83.5,83.5, 306
02/11/2020,15:32,83.49,83.5,83.49,83.5, 200
02/11/2020,15:34,83.5,83.5,83.5,83.5, 140
02/11/2020,15:42,83.55,83.55,83.55,83.55, 101
02/11/2020,15:44,83.56,83.56,83.56,83.56, 100
02/11/2020,15:47,83.46,83.46,83.46,83.46, 200
02/11/2020,15:50,83.6,83.77,83.54,83.56, 1200
02/11/2020,15:51,83.88,83.88,83.88,83.88, 100
02/11/2020,15:55,83.56,83.56,83.54,83.54, 200
02/11/2020,15:57,83.77,83.77,83.77,83.77, 100
02/11/2020,15:59,83.6,83.77,83.57,83.77, 400
02/11/2020,15:59,83.58,83.58,83.58,83.58, 400
02/11/2020,16:03,83.54,83.54,83.54,83.54, 100
02/11/2020,16:29,83.77,83.77,83.55,83.55, 200
02/11/2020,16:32,83.75,83.75,83.75,83.75, 200
02/11/2020,16:33,83.54,83.54,83.54,83.54, 100
02/11/2020,16:34,83.52,83.52,83.43,83.51, 300
02/11/2020,16:45,83.49,83.49,83.49,83.49, 100
02/11/2020,16:54,83.38,83.38,83.38,83.38, 100
02/11/2020,17:15,83.3,83.3,83.3,83.3, 400
02/11/2020,17:24,83.23,83.23,83.23,83.23, 109
02/11/2020,17:32,83.14,83.14,83.14,83.14, 100
02/11/2020,17:56,83.29,83.31,83.29,83.31, 200
02/11/2020,18:04,83.3,83.3,83.3,83.3, 200
02/11/2020,18:08,83.3,83.3,83.3,83.3, 300
02/11/2020,18:17,83.38,83.38,83.38,83.38, 200
02/11/2020,18:18,83.23,83.26,83.23,83.26, 200
02/11/2020,18:22,83.4,83.4,83.26,83.26, 841
02/11/2020,18:32,83.47,83.47,83.47,83.47, 101
02/11/2020,18:33,83.44,83.44,83.44,83.44, 100
02/11/2020,18:38,83.41,83.45,83.41,83.45, 300
02/11/2020,18:41,83.38,83.38,83.38,83.38, 100
02/11/2020,18:51,83.33,83.37,83.31,83.37, 400
02/11/2020,18:53,83.36,83.36,83.21,83.21, 200
02/11/2020,18:59,83.28,83.29,83.28,83.29, 200
02/11/2020,19:00,83.36,83.36,83.29,83.29, 800
02/11/2020,19:08,83.23,83.23,83.23,83.23, 100
02/11/2020,19:17,83.24,83.24,83.24,83.24, 200
02/11/2020,19:19,83.33,83.33,83.3,83.3, 200
02/11/2020,19:23,83.21,83.25,83.2,83.2, 300
02/11/2020,19:28,83.17,83.17,83.17,83.17, 100
02/11/2020,19:35,83.24,83.25,83.24,83.25, 500
02/11/2020,19:36,83.25,83.25,83.25,83.25, 200
02/11/2020,19:46,83.32,83.32,83.32,83.32, 100
02/11/2020,19:57,83.39,83.39,83.39,83.39, 100
02/11/2020,20:32,83.32,83.44,83.32,83.44, 300
02/11/2020,20:38,83.54,83.54,83.54,83.54, 100
02/11/2020,20:42,83.55,83.55,83.55,83.55, 100
02/11/2020,20:50,83.51,83.51,83.51,83.51, 100
02/11/2020,20:51,83.6,83.6,83.6,83.6, 100
02/11/2020,20:52,83.51,83.51,83.51,83.51, 100
02/11/2020,20:56,83.43,83.43,83.43,83.43, 100
02/11/2020,21:01,83.56,83.56,83.56,83.56, 100
02/11/2020,21:08,83.58,83.58,83.58,83.58, 100
02/11/2020,21:09,83.43,83.43,83.43,83.43, 100
02/11/2020,21:13,83.58,83.58,83.58,83.58, 100
02/11/2020,21:16,83.51,83.6,83.51,83.59, 1341
02/11/2020,21:18,83.47,83.47,83.47,83.47, 100
02/11/2020,21:21,83.6,83.6,83.6,83.6, 100
02/11/2020,21:31,83.54,83.54,83.5,83.54, 1300
02/11/2020,21:33,83.48,83.58,83.38,83.54, 1000
02/11/2020,21:40,83.48,83.48,83.48,83.48, 100
02/11/2020,21:41,83.48,83.48,83.48,83.48, 200
02/11/2020,21:42,83.56,83.56,83.56,83.56, 200
02/11/2020,21:50,83.4,83.56,83.38,83.56, 900
02/11/2020,21:55,83.26,83.26,83.26,83.26, 100
02/11/2020,21:57,83.21,83.46,83.21,83.46, 275
02/11/2020,21:58,83.22,83.43,83.22,83.43, 200
02/11/2020,21:59,83.32,83.47,83.32,83.46, 424
02/11/2020,22:00,83.33,83.39,83.31,83.31, 2300
02/11/2020,22:01,83.31,83.31,83.17,83.17, 2713
02/12/2020,15:31,83.51,83.99,83.51,83.99, 1026
02/12/2020,15:42,83.62,83.62,83.62,83.62, 100
02/12/2020,15:45,83.92,83.92,83.92,83.92, 100
02/12/2020,15:47,83.66,83.67,83.66,83.67, 200
02/12/2020,15:48,83.55,83.55,83.55,83.55, 100
02/12/2020,15:49,83.52,83.54,83.43,83.43, 1000
02/12/2020,15:50,83.41,83.41,83.41,83.41, 100
02/12/2020,15:51,83.26,83.26,83.2,83.2, 600
02/12/2020,15:52,83.06,83.06,82.72,82.89, 1300
02/12/2020,15:53,82.86,82.86,82.61,82.61, 1300
02/12/2020,15:55,82.58,83.09,82.58,82.59, 900
02/12/2020,15:56,82.62,82.62,82.17,82.17, 500
02/12/2020,15:57,82.17,82.17,82.1,82.13, 1600
02/12/2020,15:58,82.12,82.59,82.07,82.07, 1059
02/12/2020,16:00,82.11,82.15,82.07,82.07, 2246
02/12/2020,16:01,82.06,82.07,82.06,82.07, 1382
02/12/2020,16:02,82.06,82.06,82.06,82.06, 100
02/12/2020,16:04,81.98,82.65,81.98,82.28, 2852
02/12/2020,16:06,82.46,82.46,82.46,82.46, 100
02/12/2020,16:07,82.56,82.56,82.56,82.56, 444
02/12/2020,16:24,82.59,82.6,82.59,82.6, 200
02/12/2020,16:30,82.86,82.86,82.86,82.86, 100
02/12/2020,16:36,82.9,82.92,82.9,82.92, 200
02/12/2020,16:42,82.9,82.92,82.9,82.92, 200
02/12/2020,16:44,82.92,82.93,82.92,82.93, 200
02/12/2020,17:20,82.78,82.78,82.78,82.78, 100
02/12/2020,17:26,82.69,82.69,82.69,82.69, 1249
02/12/2020,17:27,82.69,82.69,82.69,82.69, 200
02/12/2020,17:31,82.92,82.92,82.92,82.92, 100
02/12/2020,17:45,82.9,82.9,82.9,82.9, 100
02/12/2020,17:50,82.98,82.98,82.98,82.98, 100
02/12/2020,17:54,83.04,83.04,83.04,83.04, 100
02/12/2020,17:56,83.06,83.06,83.06,83.06, 222
02/12/2020,18:04,83.06,83.06,83.06,83.06, 100
02/12/2020,18:11,83.3,83.3,83.3,83.3, 100
02/12/2020,18:21,83.28,83.28,83.28,83.28, 100
02/12/2020,18:33,83.32,83.32,83.32,83.32, 100
02/12/2020,18:36,83.35,83.35,83.35,83.35, 100
02/12/2020,18:37,83.42,83.42,83.42,83.42, 100
02/12/2020,18:39,83.37,83.37,83.37,83.37, 100
02/12/2020,19:08,83.65,83.65,83.65,83.65, 300
02/12/2020,19:20,83.52,83.52,83.52,83.52, 100
02/12/2020,19:25,83.52,83.52,83.52,83.52, 100
02/12/2020,19:26,83.55,83.55,83.54,83.54, 200
02/12/2020,19:27,83.41,83.41,83.41,83.41, 100
02/12/2020,19:34,83.5,83.5,83.5,83.5, 100
02/12/2020,19:41,83.7,83.7,83.7,83.7, 100
02/12/2020,19:43,83.65,83.65,83.51,83.51, 600
02/12/2020,20:30,83.45,83.45,83.45,83.45, 100
02/12/2020,20:44,83.56,83.56,83.56,83.56, 131
02/12/2020,20:47,83.55,83.55,83.55,83.55, 100
02/12/2020,20:48,83.43,83.43,83.13,83.13, 200
02/12/2020,21:12,83.45,83.45,83.45,83.45, 100
02/12/2020,21:36,83.43,83.43,83.43,83.43, 490
02/12/2020,21:46,83.41,83.41,83.41,83.41, 177
02/12/2020,21:50,83.45,83.66,83.29,83.53, 5415
02/12/2020,21:51,83.54,83.57,83.54,83.57, 300
02/12/2020,21:52,83.53,83.53,83.53,83.53, 495
02/12/2020,21:54,83.56,83.65,83.49,83.49, 1206
02/12/2020,21:56,83.58,83.58,83.58,83.58, 100
02/12/2020,21:58,83.42,83.5,83.42,83.5, 200
02/12/2020,21:59,83.34,83.34,83.34,83.34, 100
02/12/2020,22:00,83.34,83.34,83.25,83.25, 283
02/12/2020,22:01,83.63,83.63,83.63,83.63, 4287
02/13/2020,15:31,83.44,83.44,83.44,83.44, 270
02/13/2020,15:42,83.38,83.38,83.38,83.38, 100
02/13/2020,15:46,83.77,83.77,83.77,83.77, 100
02/13/2020,15:47,83.77,83.77,83.77,83.77, 100
02/13/2020,16:07,83.77,83.77,83.77,83.77, 129
02/13/2020,16:11,83.76,83.91,83.76,83.91, 461
02/13/2020,16:17,83.87,84.04,83.85,83.85, 400
02/13/2020,16:21,83.9,83.9,83.8,83.8, 200
02/13/2020,16:24,83.8,83.8,83.74,83.74, 200
02/13/2020,16:29,83.7,83.75,83.7,83.75, 200
02/13/2020,16:45,83.66,83.66,83.66,83.66, 100
02/13/2020,16:47,83.68,83.7,83.68,83.7, 200
02/13/2020,16:53,83.93,83.93,83.93,83.93, 100
02/13/2020,17:04,83.98,83.98,83.98,83.98, 100
02/13/2020,17:08,83.98,83.98,83.97,83.97, 300
02/13/2020,17:31,83.83,83.83,83.83,83.83, 100
02/13/2020,17:44,83.77,83.77,83.77,83.77, 100
02/13/2020,17:51,83.75,83.8,83.75,83.8, 300
02/13/2020,17:52,83.82,83.82,83.82,83.82, 100
02/13/2020,17:53,83.92,83.95,83.92,83.95, 200
02/13/2020,18:01,83.86,83.86,83.86,83.86, 100
02/13/2020,18:02,83.86,83.86,83.86,83.86, 100
02/13/2020,18:12,84.01,84.01,84,84, 220
02/13/2020,18:29,83.93,83.93,83.93,83.93, 100
02/13/2020,18:32,83.93,83.93,83.93,83.93, 100
02/13/2020,18:42,83.78,83.78,83.78,83.78, 100
02/13/2020,19:00,83.61,83.61,83.61,83.61, 100
02/13/2020,19:10,83.73,83.73,83.73,83.73, 100
02/13/2020,19:20,83.78,83.78,83.55,83.55, 400
02/13/2020,19:21,83.7,83.7,83.7,83.7, 100
02/13/2020,19:29,83.74,83.74,83.74,83.74, 100
02/13/2020,19:37,83.51,83.52,83.48,83.52, 300
02/13/2020,20:08,83.55,83.55,83.55,83.55, 100
02/13/2020,20:27,83.6,83.6,83.6,83.6, 100
02/13/2020,20:28,83.59,83.64,83.58,83.62, 800
02/13/2020,20:38,83.67,83.67,83.67,83.67, 100
02/13/2020,20:40,83.54,83.55,83.48,83.5, 800
02/13/2020,20:41,83.45,83.5,83.27,83.5, 700
02/13/2020,20:51,83.53,83.53,83.53,83.53, 100
02/13/2020,20:53,83.61,83.61,83.61,83.61, 100
02/13/2020,20:56,83.53,83.53,83.53,83.53, 100
02/13/2020,21:14,83.54,83.54,83.54,83.54, 100
02/13/2020,21:23,83.49,83.49,83.49,83.49, 290
02/13/2020,21:39,83.3,83.3,83.3,83.3, 100
02/13/2020,21:50,83.06,83.19,83.06,83.19, 200
02/13/2020,21:52,83.09,83.09,83.09,83.09, 410
02/13/2020,21:54,83.1,83.1,83.1,83.1, 300
02/13/2020,21:55,83.14,83.14,82.98,82.98, 200
02/13/2020,21:58,83.39,83.39,83.03,83.03, 200
02/13/2020,21:59,82.98,83.38,82.98,83.38, 398
02/13/2020,22:01,83.07,83.07,83.07,83.07, 2416
02/14/2020,15:31,83.19,83.19,83.19,83.19, 271
02/14/2020,15:36,83.5,83.5,83.5,83.5, 100
02/14/2020,15:36,83.34,83.34,83.34,83.34, 400
02/14/2020,15:47,83.22,83.22,83.22,83.22, 200
02/14/2020,15:47,83.54,83.54,83.54,83.54, 100
02/14/2020,16:04,83.19,83.19,83.16,83.16, 200
02/14/2020,16:05,83.02,83.17,83,83, 584
02/14/2020,16:09,82.93,82.94,82.78,82.78, 600
02/14/2020,16:17,82.96,82.96,82.96,82.96, 100
02/14/2020,16:36,83.06,83.06,83.06,83.06, 100
02/14/2020,16:53,83.05,83.05,83.05,83.05, 161
02/14/2020,16:54,83.14,83.14,83.1,83.1, 200
02/14/2020,16:59,83.22,83.22,83.22,83.22, 150
02/14/2020,17:22,83.16,83.16,83.16,83.16, 100
02/14/2020,17:35,83.11,83.11,83.11,83.11, 116
02/14/2020,17:37,83.14,83.14,83.14,83.14, 100
02/14/2020,17:46,83.01,83.1,83,83.1, 300
02/14/2020,17:54,83.02,83.02,83.02,83.02, 100
02/14/2020,17:56,82.99,82.99,82.7,82.7, 200
02/14/2020,18:00,82.99,82.99,82.99,82.99, 100
02/14/2020,18:03,82.75,82.76,82.75,82.76, 200
02/14/2020,18:13,82.8,82.8,82.8,82.8, 100
02/14/2020,18:53,82.77,82.77,82.77,82.77, 100
02/14/2020,19:01,82.79,82.79,82.79,82.79, 100
02/14/2020,19:34,82.62,82.62,82.62,82.62, 100
02/14/2020,19:35,82.63,82.63,82.63,82.63, 100
02/14/2020,19:37,82.57,82.57,82.5,82.5, 400
02/14/2020,19:38,82.6,82.63,82.55,82.63, 800
02/14/2020,19:40,82.47,82.47,82.47,82.47, 100
02/14/2020,19:52,82.43,82.43,82.43,82.43, 200
02/14/2020,19:55,82.59,82.59,82.59,82.59, 100
02/14/2020,19:58,82.48,82.48,82.48,82.48, 100
02/14/2020,19:58,82.4,82.48,82.4,82.48, 400
02/14/2020,20:00,82.37,82.37,82.37,82.37, 100
02/14/2020,20:02,82.25,82.25,82.25,82.25, 100
02/14/2020,20:07,82.25,82.26,82.25,82.26, 500
02/14/2020,20:08,82.34,82.34,82.34,82.34, 100
02/14/2020,20:11,82.35,82.35,82.27,82.35, 700
02/14/2020,20:17,82.27,82.31,82.26,82.26, 400
02/14/2020,20:29,82.21,82.21,82.21,82.21, 100
02/14/2020,20:31,82.28,82.28,82.28,82.28, 100
02/14/2020,20:39,82.47,82.47,82.38,82.38, 200
02/14/2020,20:41,82.31,82.31,82.31,82.31, 100
02/14/2020,20:45,82.31,82.31,82.31,82.31, 100
02/14/2020,20:51,82.44,82.48,82.31,82.31, 2011
02/14/2020,20:55,82.33,82.44,82.33,82.44, 200
02/14/2020,20:56,82.36,82.36,82.3,82.3, 501
02/14/2020,21:14,82.42,82.42,82.42,82.42, 100
02/14/2020,21:16,82.45,82.45,82.45,82.45, 200
02/14/2020,21:16,82.48,82.75,82.48,82.75, 244
02/14/2020,21:23,82.68,82.68,82.68,82.68, 100
02/14/2020,21:41,82.81,82.81,82.81,82.81, 100
02/14/2020,21:46,82.87,82.87,82.87,82.87, 100
02/14/2020,21:48,82.91,82.92,82.91,82.92, 200
02/14/2020,21:49,83.15,83.15,82.74,82.74, 200
02/14/2020,21:50,83,83,83,83, 143
02/14/2020,21:51,82.71,83.01,82.71,83.01, 500
02/14/2020,21:52,82.99,82.99,82.99,82.99, 139
02/14/2020,21:54,82.9,82.9,82.9,82.9, 100
02/14/2020,21:55,83.02,83.02,83.02,83.02, 100
02/14/2020,21:56,83.16,83.16,83.16,83.16, 245
02/14/2020,21:57,83.03,83.21,83.03,83.21, 375
02/14/2020,21:58,83.15,83.19,83.15,83.19, 250
02/14/2020,21:59,83.17,83.17,83.17,83.17, 100
02/14/2020,22:00,83.17,83.21,83.16,83.21, 1000
02/14/2020,22:01,83.24,83.3,82.81,82.81, 3160
02/18/2020,15:42,83.27,83.27,83.27,83.27, 100
02/18/2020,15:48,82.28,82.28,82.28,82.28, 300
02/18/2020,15:49,82.87,82.87,82.58,82.58, 300
02/18/2020,16:15,83.29,83.29,83.29,83.29, 100
02/18/2020,16:23,82.92,82.92,82.92,82.92, 100
02/18/2020,16:29,82.38,82.38,82.38,82.38, 114
02/18/2020,16:32,82.82,82.91,82.82,82.83, 300
02/18/2020,16:34,82.88,83.25,82.88,83.25, 200
02/18/2020,16:46,83.03,83.03,83,83, 200
02/18/2020,16:51,82.91,82.91,82.81,82.81, 200
02/18/2020,17:05,82.91,82.91,82.77,82.77, 204
02/18/2020,17:11,82.68,82.68,82.68,82.68, 100
02/18/2020,17:13,82.79,82.79,82.79,82.79, 100
02/18/2020,17:16,82.85,82.85,82.85,82.85, 300
02/18/2020,17:17,82.68,82.68,82.68,82.68, 100
02/18/2020,17:18,82.66,82.66,82.66,82.66, 100
02/18/2020,17:20,82.41,82.41,82.41,82.41, 100
02/18/2020,17:23,82.8,82.8,82.41,82.41, 300
02/18/2020,17:25,82.52,82.52,82.52,82.52, 100
02/18/2020,17:28,82.8,82.8,82.8,82.8, 200
02/18/2020,17:34,82.8,82.8,82.8,82.8, 250
02/18/2020,17:48,82.6,82.6,82.6,82.6, 100
02/18/2020,18:14,82.42,82.42,82.42,82.42, 200
02/18/2020,18:48,82.52,82.52,82.4,82.4, 200
02/18/2020,18:51,82.31,82.31,82.31,82.31, 250
02/18/2020,18:56,82.36,82.36,82.36,82.36, 100
02/18/2020,19:09,82.63,82.63,82.63,82.63, 100
02/18/2020,19:31,82.55,82.55,82.55,82.55, 100
02/18/2020,19:33,82.55,82.65,82.55,82.65, 200
02/18/2020,19:45,82.73,82.73,82.73,82.73, 267
02/18/2020,19:48,82.92,82.92,82.92,82.92, 111
02/18/2020,19:53,83.12,83.12,83.12,83.12, 101
02/18/2020,20:03,82.98,83.03,82.88,82.88, 500
02/18/2020,20:04,83.08,83.08,83.08,83.08, 200
02/18/2020,20:07,83.02,83.02,83.01,83.01, 200
02/18/2020,20:33,82.8,82.8,82.8,82.8, 100
02/18/2020,20:43,82.91,82.91,82.91,82.91, 100
02/18/2020,20:49,82.84,82.84,82.84,82.84, 100
02/18/2020,20:57,83.04,83.04,83.04,83.04, 100
02/18/2020,21:13,83.09,83.09,83.09,83.09, 100
02/18/2020,21:35,82.98,82.98,82.8,82.8, 200
02/18/2020,21:39,82.83,82.83,82.83,82.83, 100
02/18/2020,21:42,82.92,82.92,82.67,82.67, 300
02/18/2020,21:43,82.66,82.66,82.66,82.66, 200
02/18/2020,21:46,82.52,82.8,82.52,82.8, 386
02/18/2020,21:47,82.44,82.44,82.44,82.44, 100
02/18/2020,21:48,82.7,82.7,82.7,82.7, 100
02/18/2020,21:53,82.8,82.95,82.75,82.88, 940
02/18/2020,21:54,82.78,82.87,82.78,82.87, 200
02/18/2020,21:57,82.71,82.71,82.68,82.68, 300
02/18/2020,21:58,82.71,82.84,82.71,82.84, 200
02/18/2020,21:59,82.81,82.93,82.81,82.93, 321
02/18/2020,22:00,82.94,82.94,82.92,82.92, 300
02/18/2020,22:01,82.83,83.03,82.75,82.75, 3233
02/19/2020,15:52,82.83,82.86,82.83,82.86, 200
02/19/2020,15:53,82.86,82.86,82.86,82.86, 100
02/19/2020,15:58,82.86,82.86,82.86,82.86, 100
02/19/2020,16:07,83.08,83.08,82.85,83, 400
02/19/2020,16:07,82.64,82.7,82.64,82.7, 444
02/19/2020,16:09,82.8,82.8,82.8,82.8, 100
02/19/2020,16:10,82.8,82.83,82.8,82.83, 200
02/19/2020,16:12,82.89,83.22,82.89,83.22, 364
02/19/2020,16:13,83.39,83.68,83.12,83.35, 900
02/19/2020,16:16,83.44,83.52,83.35,83.35, 897
02/19/2020,16:19,83.46,83.46,83.46,83.46, 100
02/19/2020,16:23,83.4,83.45,83.4,83.45, 500
02/19/2020,16:23,83.58,83.68,83.58,83.68, 300
02/19/2020,16:25,83.74,83.74,83.74,83.74, 100
02/19/2020,16:26,83.89,83.9,83.89,83.9, 200
02/19/2020,16:26,83.97,83.97,83.79,83.79, 300
02/19/2020,16:28,83.6,83.6,83.46,83.46, 225
02/19/2020,16:33,83.84,83.86,83.84,83.86, 200
02/19/2020,16:40,83.74,83.74,83.57,83.57, 200
02/19/2020,16:49,83.74,83.74,83.74,83.74, 100
02/19/2020,16:51,83.7,83.7,83.7,83.7, 200
02/19/2020,16:53,83.58,83.59,83.58,83.59, 200
02/19/2020,16:54,83.49,83.7,83.49,83.5, 400
02/19/2020,16:56,83.61,83.69,83.46,83.46, 600
02/19/2020,17:36,83.89,83.91,83.89,83.91, 400
02/19/2020,17:37,83.72,83.72,83.72,83.72, 100
02/19/2020,17:43,83.82,83.84,83.82,83.84, 200
02/19/2020,17:50,83.74,83.74,83.74,83.74, 100
02/19/2020,17:52,83.89,83.89,83.89,83.89, 100
02/19/2020,17:58,83.83,83.83,83.83,83.83, 100
02/19/2020,18:02,83.8,83.8,83.8,83.8, 100
02/19/2020,18:06,83.76,83.76,83.73,83.74, 300
02/19/2020,18:08,83.87,83.87,83.68,83.68, 200
02/19/2020,18:11,83.67,83.67,83.67,83.67, 100
02/19/2020,18:12,83.62,83.73,83.62,83.73, 300
02/19/2020,18:38,83.52,83.52,83.52,83.52, 100
02/19/2020,18:47,83.77,83.8,83.77,83.8, 300
02/19/2020,18:49,83.81,83.81,83.81,83.81, 100
02/19/2020,19:01,83.73,83.73,83.73,83.73, 100
02/19/2020,19:05,83.73,83.92,83.64,83.64, 700
02/19/2020,19:08,83.86,83.86,83.86,83.86, 200
02/19/2020,19:11,83.73,83.73,83.71,83.71, 500
02/19/2020,19:22,83.64,83.7,83.62,83.7, 500
02/19/2020,19:41,83.62,83.62,83.62,83.62, 100
02/19/2020,19:46,83.64,83.64,83.64,83.64, 100
02/19/2020,19:54,83.44,83.44,83.44,83.44, 100
02/19/2020,20:09,83.65,83.65,83.65,83.65, 100
02/19/2020,20:12,83.68,83.68,83.68,83.68, 300
02/19/2020,20:15,83.59,83.6,83.59,83.6, 300
02/19/2020,20:16,83.59,83.59,83.59,83.59, 100
02/19/2020,20:21,83.71,83.71,83.71,83.71, 100
02/19/2020,20:36,83.66,83.66,83.66,83.66, 100
02/19/2020,20:41,83.68,83.68,83.68,83.68, 100
02/19/2020,20:42,83.68,83.68,83.68,83.68, 200
02/19/2020,20:46,83.5,83.58,83.5,83.58, 500
02/19/2020,20:47,83.48,83.48,83.48,83.48, 100
02/19/2020,20:49,83.71,83.71,83.71,83.71, 100
02/19/2020,21:09,83.67,83.67,83.67,83.67, 100
02/19/2020,21:11,83.7,83.7,83.7,83.7, 200
02/19/2020,21:13,83.73,83.73,83.73,83.73, 100
02/19/2020,21:14,83.86,83.86,83.86,83.86, 100
02/19/2020,21:25,83.65,83.65,83.65,83.65, 100
02/19/2020,21:30,83.73,83.73,83.73,83.73, 100
02/19/2020,21:31,83.74,83.91,83.74,83.91, 400
02/19/2020,21:33,83.87,83.87,83.87,83.87, 100
02/19/2020,21:38,83.86,83.86,83.86,83.86, 100
02/19/2020,21:40,83.71,83.71,83.71,83.71, 159
02/19/2020,21:41,83.87,83.87,83.85,83.85, 200
02/19/2020,21:42,83.87,83.87,83.8,83.8, 229
02/19/2020,21:44,83.78,83.78,83.78,83.78, 113
02/19/2020,21:46,83.93,83.93,83.8,83.8, 307
02/19/2020,21:48,83.89,83.92,83.89,83.92, 200
02/19/2020,21:49,83.92,83.93,83.82,83.89, 551
02/19/2020,21:50,83.94,83.94,83.94,83.94, 100
02/19/2020,21:51,83.84,83.84,83.84,83.84, 200
02/19/2020,21:51,83.84,83.84,83.75,83.82, 600
02/19/2020,21:53,83.47,83.62,83.35,83.35, 392
02/19/2020,21:54,83.24,83.24,83.23,83.23, 230
02/19/2020,21:56,83.34,83.54,83.33,83.54, 767
02/19/2020,21:57,83.54,83.56,83.54,83.56, 557
02/19/2020,21:58,83.53,83.68,83.39,83.39, 485
02/19/2020,21:59,83.35,83.35,83.35,83.35, 100
02/19/2020,22:00,83.45,83.79,83.26,83.79, 667
02/19/2020,22:01,83.37,83.83,83.37,83.83, 2375
02/20/2020,15:31,83.63,83.63,82.18,82.18, 258
02/20/2020,15:37,83.81,83.91,83.81,83.91, 300
02/20/2020,15:48,83.71,83.71,83.6,83.6, 700
02/20/2020,15:49,83.5,83.5,83.5,83.5, 100
02/20/2020,15:50,83.4,83.4,83.4,83.4, 200
02/20/2020,15:52,83.33,83.33,83.22,83.22, 300
02/20/2020,15:53,83.2,83.2,83.15,83.15, 200
02/20/2020,15:53,83.06,83.06,83.06,83.06, 200
02/20/2020,16:00,82.99,82.99,82.99,82.99, 100
02/20/2020,16:01,83.1,83.1,83.1,83.1, 200
02/20/2020,16:03,83.2,83.2,83.2,83.2, 100
02/20/2020,16:04,83.31,83.31,83.31,83.31, 100
02/20/2020,16:07,83.29,83.29,83.29,83.29, 200
02/20/2020,16:07,83.29,83.29,83.29,83.29, 100
02/20/2020,16:24,83.34,83.34,83.34,83.34, 300
02/20/2020,17:00,82.88,83.03,82.88,83.03, 500
02/20/2020,17:16,83.01,83.01,83.01,83.01, 100
02/20/2020,17:32,82.54,82.54,82.54,82.54, 100
02/20/2020,17:39,82.48,82.48,82.48,82.48, 100
02/20/2020,17:49,82.12,82.12,82.07,82.07, 400
02/20/2020,17:50,82.06,82.06,82.06,82.06, 100
02/20/2020,17:51,81.9,81.97,81.84,81.96, 400
02/20/2020,17:51,81.95,81.96,81.95,81.96, 500
02/20/2020,17:53,82.2,82.2,82.2,82.2, 400
02/20/2020,17:54,82.4,82.4,82.4,82.4, 100
02/20/2020,18:01,82.25,82.25,82.25,82.25, 100
02/20/2020,18:03,82.43,82.43,82.43,82.43, 110
02/20/2020,18:13,82.5,82.5,82.5,82.5, 200
02/20/2020,18:32,82.46,82.46,82.46,82.46, 100
02/20/2020,18:35,82.35,82.35,82.35,82.35, 100
02/20/2020,18:39,82.4,82.4,82.39,82.39, 200
02/20/2020,19:32,82.78,82.78,82.78,82.78, 100
02/20/2020,19:35,82.87,82.87,82.87,82.87, 128
02/20/2020,19:44,82.78,82.78,82.78,82.78, 402
02/20/2020,19:50,82.67,82.67,82.67,82.67, 100
02/20/2020,19:53,82.92,82.92,82.92,82.92, 100
02/20/2020,19:56,82.8,82.8,82.8,82.8, 100
02/20/2020,20:01,82.78,82.78,82.78,82.78, 100
02/20/2020,20:03,82.66,82.66,82.66,82.66, 100
02/20/2020,20:06,82.66,82.66,82.66,82.66, 100
02/20/2020,20:12,82.48,82.48,82.48,82.48, 100
02/20/2020,20:28,82.65,82.65,82.65,82.65, 100
02/20/2020,20:31,82.57,82.57,82.57,82.57, 100
02/20/2020,20:33,82.66,82.74,82.66,82.74, 200
02/20/2020,20:36,82.76,82.76,82.76,82.76, 100
02/20/2020,20:39,83.09,83.09,83.09,83.09, 500
02/20/2020,21:01,82.8,82.8,82.8,82.8, 100
02/20/2020,21:08,82.79,82.93,82.79,82.93, 200
02/20/2020,21:11,83.04,83.04,82.78,82.78, 300
02/20/2020,21:11,82.47,82.47,82.47,82.47, 100
02/20/2020,21:15,82.47,82.47,82.47,82.47, 100
02/20/2020,21:20,82.42,82.42,82.42,82.42, 100
02/20/2020,21:23,82.98,82.98,82.98,82.98, 100
02/20/2020,21:36,82.83,82.83,82.8,82.8, 200
02/20/2020,21:41,82.63,82.63,82.63,82.63, 100
02/20/2020,21:46,82.88,82.88,82.88,82.88, 150
02/20/2020,21:47,82.96,83.04,82.8,83.03, 600
02/20/2020,21:48,83.01,83.01,83.01,83.01, 100
02/20/2020,21:50,82.92,82.93,82.86,82.93, 824
02/20/2020,21:52,83.08,83.08,83.08,83.08, 100
02/20/2020,21:53,83.12,83.12,83.12,83.12, 100
02/20/2020,21:54,83.17,83.17,83.12,83.12, 600
02/20/2020,21:56,83.13,83.24,83.13,83.24, 500
02/20/2020,22:01,83.25,83.35,83.08,83.08, 3240
02/21/2020,15:34,83.81,83.81,83.81,83.81, 100
02/21/2020,15:44,83.6,83.6,83.6,83.6, 100
02/21/2020,15:55,83.53,83.53,83.53,83.53, 100
02/21/2020,16:19,82.73,83.47,82.73,83.47, 200
02/21/2020,16:21,82.74,82.74,82.74,82.74, 100
02/21/2020,16:24,82.73,82.73,82.73,82.73, 100
02/21/2020,16:26,82.95,83.23,82.85,82.85, 600
02/21/2020,16:27,82.72,82.72,82.72,82.72, 100
02/21/2020,16:29,82.72,82.72,82.72,82.72, 100
02/21/2020,16:31,82.72,82.72,82.72,82.72, 100
02/21/2020,16:34,82.68,82.68,82.68,82.68, 100
02/21/2020,16:37,82.76,82.76,82.76,82.76, 100
02/21/2020,16:47,82.83,82.89,82.83,82.85, 900
02/21/2020,16:49,83.18,83.18,83.18,83.18, 100
02/21/2020,16:50,83.18,83.18,83.14,83.18, 700
02/21/2020,16:56,83.5,83.5,83.5,83.5, 100
02/21/2020,17:01,83.47,83.47,82.94,82.94, 707
02/21/2020,17:02,83.08,83.16,83.08,83.1, 500
02/21/2020,17:12,83.23,83.23,83.23,83.23, 100
02/21/2020,17:22,83.17,83.17,83.17,83.17, 100
02/21/2020,17:36,83.57,83.57,83.57,83.57, 100
02/21/2020,17:36,83.5,83.5,83.5,83.5, 100
02/21/2020,17:46,83.54,83.65,83.54,83.54, 400
02/21/2020,17:46,83.49,83.5,83.49,83.5, 200
02/21/2020,17:48,83.69,83.69,83.69,83.69, 200
02/21/2020,17:50,83.76,83.76,83.76,83.76, 200
02/21/2020,18:03,83.83,83.83,83.83,83.83, 100
02/21/2020,18:05,83.87,83.87,83.87,83.87, 100
02/21/2020,18:06,83.88,83.88,83.88,83.88, 100
02/21/2020,18:08,83.83,83.9,83.73,83.73, 1185
02/21/2020,18:30,83.47,83.47,83.47,83.47, 100
02/21/2020,18:39,83.78,83.78,83.78,83.78, 200
02/21/2020,18:40,83.87,83.87,83.87,83.87, 100
02/21/2020,18:41,83.88,83.91,83.88,83.91, 400
02/21/2020,18:42,83.68,83.97,83.68,83.97, 200
02/21/2020,18:43,83.88,83.88,83.88,83.88, 150
02/21/2020,18:45,83.99,83.99,83.99,83.99, 100
02/21/2020,18:46,84.08,84.08,84.08,84.08, 200
02/21/2020,19:04,84.27,84.27,84.27,84.27, 100
02/21/2020,19:05,84.29,84.6,84.26,84.5, 700
02/21/2020,19:10,84.43,84.43,84.43,84.43, 100
02/21/2020,19:16,84.27,84.27,84.25,84.25, 292
02/21/2020,19:24,83.96,83.96,83.96,83.96, 100
02/21/2020,19:27,84.09,84.3,84.09,84.3, 500
02/21/2020,19:35,84.22,84.22,84.22,84.22, 100
02/21/2020,19:40,84.1,84.11,84.1,84.11, 400
02/21/2020,19:47,84.3,84.3,84.3,84.3, 200
02/21/2020,19:57,84.39,84.39,84.39,84.39, 100
02/21/2020,20:01,84.41,84.41,84.41,84.41, 100
02/21/2020,20:02,84.38,84.38,84.38,84.38, 100
02/21/2020,20:06,84.58,84.58,84.43,84.53, 854
02/21/2020,20:06,84.41,84.41,84.41,84.41, 125
02/21/2020,20:22,84.54,84.54,84.54,84.54, 100
02/21/2020,20:26,84.26,84.55,84.26,84.55, 200
02/21/2020,20:29,84.27,84.27,84.27,84.27, 100
02/21/2020,20:34,84.29,84.29,84.29,84.29, 100
02/21/2020,20:36,84.5,84.5,84.27,84.3, 500
02/21/2020,20:43,84.3,84.42,84.27,84.42, 500
02/21/2020,21:00,84.46,84.46,84.03,84.03, 300
02/21/2020,21:06,84,84,84,84, 100
02/21/2020,21:08,84.18,84.18,84.18,84.18, 100
02/21/2020,21:10,84.18,84.18,84.18,84.18, 100
02/21/2020,21:16,83.97,84.23,83.97,84.23, 700
02/21/2020,21:20,84.35,84.35,84.35,84.35, 100
02/21/2020,21:21,84.37,84.37,84.37,84.37, 100
02/21/2020,21:22,84.34,84.34,84.34,84.34, 100
02/21/2020,21:24,84.37,84.37,84.31,84.31, 349
02/21/2020,21:25,84.31,84.31,84.31,84.31, 200
02/21/2020,21:25,84.32,84.52,84.32,84.52, 200
02/21/2020,21:33,84.52,84.52,84.41,84.41, 200
02/21/2020,21:35,84.55,84.55,84.55,84.55, 200
02/21/2020,21:36,84.54,84.63,84.49,84.63, 400
02/21/2020,21:39,84.67,84.69,84.67,84.69, 300
02/21/2020,21:44,84.84,84.88,84.75,84.87, 500
02/21/2020,21:47,84.64,84.76,84.59,84.59, 1200
02/21/2020,21:48,84.5,84.5,84.46,84.46, 200
02/21/2020,21:49,84.58,84.58,84.58,84.58, 100
02/21/2020,21:50,84.38,84.39,84.31,84.34, 1500
02/21/2020,21:51,84.01,84.01,84.01,84.01, 100
02/21/2020,21:52,83.66,83.66,83.66,83.66, 100
02/21/2020,21:54,83.7,83.7,83.67,83.67, 400
02/21/2020,21:55,84.06,84.06,83.47,83.47, 1932
02/21/2020,21:56,83.74,83.74,83.45,83.45, 200
02/21/2020,21:57,83.74,84.03,83.74,84.03, 451
02/21/2020,21:58,83.44,83.9,83.44,83.9, 800
02/21/2020,21:59,83.66,83.86,83.66,83.86, 200
02/21/2020,22:00,83.86,83.86,83.67,83.86, 600
02/21/2020,22:01,83.67,83.68,83.66,83.66, 2358
02/24/2020,15:31,82.47,82.47,82.47,82.47, 469
02/24/2020,15:36,83,83,83,83, 153
02/24/2020,16:06,82.62,82.62,82.62,82.62, 100
02/24/2020,16:26,82.58,83.07,82.58,83.07, 200
02/24/2020,16:31,82.84,83.1,82.84,83.1, 1000
02/24/2020,16:31,83.13,83.13,83.13,83.13, 100
02/24/2020,16:33,83.12,83.12,83.12,83.12, 100
02/24/2020,16:38,83.12,83.12,83.12,83.12, 100
02/24/2020,16:41,83.13,83.13,83.13,83.13, 100
02/24/2020,16:45,83.12,83.12,83.12,83.12, 100
02/24/2020,16:45,83.12,83.12,83.12,83.12, 200
02/24/2020,16:48,82.96,82.96,82.96,82.96, 100
02/24/2020,16:49,83.07,83.14,82.89,83.14, 1761
02/24/2020,16:55,83.1,83.1,83.1,83.1, 300
02/24/2020,16:58,82.99,82.99,82.99,82.99, 100
02/24/2020,17:00,83.19,83.19,82.98,82.98, 200
02/24/2020,17:03,82.62,82.62,82.62,82.62, 100
02/24/2020,17:07,82.52,82.54,82.52,82.54, 200
02/24/2020,17:12,82.52,82.52,82.52,82.52, 100
02/24/2020,17:26,82.74,82.74,82.74,82.74, 200
02/24/2020,17:27,82.66,82.66,82.5,82.5, 300
02/24/2020,17:27,82.44,82.44,82.44,82.44, 200
02/24/2020,17:29,82.54,82.54,82.54,82.54, 230
02/24/2020,17:31,82.32,82.32,82.3,82.3, 200
02/24/2020,17:39,82.3,82.3,82.3,82.3, 100
02/24/2020,17:57,82.11,82.32,82.1,82.1, 400
02/24/2020,18:33,82.09,82.09,81.91,81.91, 700
02/24/2020,18:46,81.52,81.52,81.52,81.52, 100
02/24/2020,18:57,81.66,81.66,81.66,81.66, 100
02/24/2020,19:06,81.57,81.57,81.57,81.57, 102
02/24/2020,19:06,81.49,81.49,81.49,81.49, 100
02/24/2020,19:08,81.44,81.44,81.44,81.44, 100
02/24/2020,19:09,81.26,81.41,81.26,81.41, 200
02/24/2020,19:11,81.57,81.57,81.32,81.32, 200
02/24/2020,19:21,81.3,81.3,81.3,81.3, 100
02/24/2020,19:27,81.3,81.3,81.3,81.3, 100
02/24/2020,19:29,81.21,81.21,81.21,81.21, 100
02/24/2020,19:36,80.77,80.77,80.77,80.77, 100
02/24/2020,19:38,81.12,81.3,80.89,81.3, 1198
02/24/2020,19:40,81.46,81.52,81.19,81.32, 600
02/24/2020,19:41,80.93,80.93,80.93,80.93, 100
02/24/2020,19:42,80.94,81.02,80.94,81.02, 200
02/24/2020,19:44,81.02,81.02,80.86,80.9, 600
02/24/2020,19:45,80.9,80.9,80.54,80.74, 1100
02/24/2020,19:46,80.4,80.77,80.38,80.67, 500
02/24/2020,19:47,80.42,80.42,80.42,80.42, 200
02/24/2020,19:49,80.7,80.7,80.55,80.55, 300
02/24/2020,19:50,80.55,80.68,80.4,80.4, 400
02/24/2020,19:51,80.55,80.55,80.55,80.55, 200
02/24/2020,19:52,80.62,80.62,80.4,80.4, 229
02/24/2020,19:53,80.4,80.4,80.4,80.4, 300
02/24/2020,19:54,80.43,80.43,80.43,80.43, 100
02/24/2020,19:55,80.38,80.38,80.38,80.38, 401
02/24/2020,19:55,80.38,80.38,80.38,80.38, 100
02/24/2020,19:58,80.32,80.32,80.32,80.32, 100
02/24/2020,19:59,80.29,80.29,80.29,80.29, 100
02/24/2020,20:00,80.48,80.48,80.33,80.33, 400
02/24/2020,20:05,80.23,80.24,80.23,80.24, 200
02/24/2020,20:13,80.36,80.36,80.28,80.28, 300
02/24/2020,20:17,80.35,80.36,80.28,80.35, 1500
02/24/2020,20:18,80.28,80.28,80.19,80.19, 600
02/24/2020,20:18,80.22,80.23,80.2,80.23, 500
02/24/2020,20:20,80.25,80.25,80.25,80.25, 100
02/24/2020,20:21,80.25,80.25,80.18,80.18, 200
02/24/2020,20:23,80.25,80.25,80.25,80.25, 100
02/24/2020,20:24,80.25,80.25,80.25,80.25, 100
02/24/2020,20:25,80.23,80.23,80.23,80.23, 100
02/24/2020,20:26,80.26,80.32,80.25,80.25, 900
02/24/2020,20:26,80.25,80.25,80.25,80.25, 100
02/24/2020,20:28,80.25,80.25,80.25,80.25, 200
02/24/2020,20:29,80.25,80.3,80.25,80.3, 200
02/24/2020,20:30,80.25,80.3,80.25,80.25, 400
02/24/2020,20:31,80.25,80.26,80.25,80.26, 200
02/24/2020,20:32,80.25,80.25,80.25,80.25, 200
02/24/2020,20:33,80.25,80.26,80.25,80.26, 200
02/24/2020,20:34,80.32,80.32,80.25,80.26, 500
02/24/2020,20:42,80.26,80.26,80.26,80.26, 200
02/24/2020,20:44,80.26,80.3,80.22,80.22, 500
02/24/2020,20:45,80.26,80.26,80.26,80.26, 200
02/24/2020,20:46,80.19,80.21,80.14,80.14, 1225
02/24/2020,20:47,80.1,80.1,79.86,79.86, 625
02/24/2020,20:51,79.96,79.96,79.96,79.96, 100
02/24/2020,20:55,79.95,79.96,79.95,79.96, 200
02/24/2020,20:56,79.95,80,79.92,79.99, 600
02/24/2020,20:57,79.87,79.87,79.87,79.87, 100
02/24/2020,21:01,79.86,79.86,79.86,79.86, 200
02/24/2020,21:13,79.73,79.73,79.72,79.72, 200
02/24/2020,21:18,79.56,79.68,79.56,79.6, 500
02/24/2020,21:19,79.56,79.56,79.56,79.56, 200
02/24/2020,21:20,79.56,79.56,79.56,79.56, 100
02/24/2020,21:21,79.56,79.57,79.56,79.57, 200
02/24/2020,21:22,79.58,79.58,79.58,79.58, 100
02/24/2020,21:23,79.59,79.67,79.59,79.61, 900
02/24/2020,21:24,79.66,79.66,79.5,79.5, 839
02/24/2020,21:25,79.53,79.53,79.53,79.53, 300
02/24/2020,21:26,79.44,79.53,79.38,79.44, 579
02/24/2020,21:28,79.38,79.44,79.38,79.38, 721
02/24/2020,21:31,79.5,79.5,79.5,79.5, 100
02/24/2020,21:36,79.37,79.44,79.36,79.36, 600
02/24/2020,21:37,79.24,79.24,79.24,79.24, 100
02/24/2020,21:42,79.04,79.12,78.88,79.12, 800
02/24/2020,21:45,79.07,79.07,79.07,79.07, 200
02/24/2020,21:46,79.07,79.07,79.05,79.05, 400
02/24/2020,21:48,79.07,79.29,79.06,79.07, 500
02/24/2020,21:49,79.07,79.07,79.07,79.07, 200
02/24/2020,21:51,79.07,79.07,79.07,79.07, 100
02/24/2020,21:52,79.07,79.07,78.92,78.92, 300
02/24/2020,21:54,78.92,78.92,78.92,78.92, 100
02/24/2020,21:55,79.07,79.07,79.07,79.07, 137
02/24/2020,21:57,78.99,78.99,78.99,78.99, 100
02/24/2020,21:58,78.99,78.99,78.99,78.99, 300
02/24/2020,21:59,78.9,79.07,78.9,79.07, 600
02/24/2020,22:00,79.05,79.05,78.91,78.91, 800
02/24/2020,22:01,78.79,78.79,78.79,78.79, 3284
02/25/2020,15:43,78.78,78.78,78.78,78.78, 100
02/25/2020,15:44,79.4,79.4,79.4,79.4, 100
02/25/2020,15:45,78.73,78.73,78.73,78.73, 100
02/25/2020,16:02,79,79,79,79, 100
02/25/2020,16:03,79,79,78.91,78.91, 531
02/25/2020,16:08,79.12,79.12,79.04,79.04, 200
02/25/2020,16:28,79.13,79.13,78.65,78.65, 400
02/25/2020,16:38,78.92,78.92,78.92,78.92, 100
02/25/2020,16:43,78.81,78.81,78.72,78.72, 300
02/25/2020,16:52,78.35,78.35,78.26,78.32, 300
02/25/2020,16:54,78.39,78.39,78.39,78.39, 100
02/25/2020,17:10,78.78,78.78,78.29,78.32, 700
02/25/2020,17:15,78.62,78.62,78.62,78.62, 200
02/25/2020,17:24,78.63,78.63,78.63,78.63, 100
02/25/2020,17:28,78.36,78.81,78.32,78.32, 400
02/25/2020,17:44,78.94,78.94,78.94,78.94, 100
02/25/2020,17:58,78.92,78.92,78.92,78.92, 100
02/25/2020,18:22,78.67,78.71,78.67,78.71, 306
02/25/2020,18:26,78.38,78.59,78.36,78.59, 300
02/25/2020,18:28,78.67,78.67,78.67,78.67, 100
02/25/2020,18:37,78.68,78.68,78.68,78.68, 100
02/25/2020,18:37,78.9,78.9,78.9,78.9, 100
02/25/2020,18:40,78.57,78.57,78.57,78.57, 100
02/25/2020,18:42,78.54,78.74,78.54,78.74, 300
02/25/2020,18:44,78.7,78.7,78.37,78.43, 300
02/25/2020,18:48,78.54,78.54,78.54,78.54, 100
02/25/2020,18:51,78.69,78.69,78.69,78.69, 100
02/25/2020,18:51,78.39,78.39,78.39,78.39, 200
02/25/2020,18:57,78.18,78.21,78.13,78.13, 400
02/25/2020,19:01,78.57,78.57,78.57,78.57, 200
02/25/2020,19:17,78.64,78.64,78.64,78.64, 100
02/25/2020,19:22,78.16,78.18,78.08,78.08, 400
02/25/2020,19:27,77.89,78.11,77.89,78.11, 300
02/25/2020,19:28,78.11,78.11,78.11,78.11, 100
02/25/2020,19:32,77.8,77.8,77.8,77.8, 100
02/25/2020,19:36,77.8,77.8,77.8,77.8, 400
02/25/2020,19:44,77.68,77.68,77.68,77.68, 100
02/25/2020,19:53,77.71,77.71,77.7,77.7, 400
02/25/2020,19:57,77.76,77.76,77.76,77.76, 200
02/25/2020,20:02,77.67,77.67,77.67,77.67, 100
02/25/2020,20:02,77.58,77.59,77.46,77.46, 300
02/25/2020,20:08,77.46,77.46,77.46,77.46, 100
02/25/2020,20:21,77.13,77.13,77.13,77.13, 100
02/25/2020,20:22,77.3,77.3,77.27,77.27, 400
02/25/2020,20:23,77.32,77.32,76.94,76.94, 300
02/25/2020,20:24,77.14,77.14,77.14,77.14, 100
02/25/2020,20:24,77.35,77.35,77.35,77.35, 200
02/25/2020,20:33,77.29,77.29,77.29,77.29, 100
02/25/2020,20:39,77.21,77.21,77.2,77.2, 200
02/25/2020,20:42,76.97,77.17,76.97,77.12, 400
02/25/2020,20:45,77.32,77.32,77.32,77.32, 100
02/25/2020,20:50,77.4,77.57,77.4,77.57, 300
02/25/2020,21:00,77.57,77.57,77.57,77.57, 100
02/25/2020,21:02,77.42,77.44,77.42,77.44, 200
02/25/2020,21:07,77.65,77.65,77.65,77.65, 100
02/25/2020,21:07,77.62,77.62,77.62,77.62, 100
02/25/2020,21:09,77.39,77.62,77.39,77.62, 300
02/25/2020,21:13,77.41,77.41,77.41,77.41, 100
02/25/2020,21:15,77.62,77.62,77.62,77.62, 100
02/25/2020,21:21,77.31,77.31,77.27,77.27, 700
02/25/2020,21:25,77.16,77.17,77.16,77.17, 300
02/25/2020,21:35,77.27,77.27,77.27,77.27, 100
02/25/2020,21:38,76.91,76.91,76.91,76.91, 100
02/25/2020,21:41,77.13,77.13,77.13,77.13, 465
02/25/2020,21:41,77.2,77.2,77.2,77.2, 200
02/25/2020,21:45,77.39,77.39,77.39,77.39, 112
02/25/2020,21:46,77.22,77.22,77.22,77.22, 100
02/25/2020,21:47,77.3,77.3,77.02,77.02, 600
02/25/2020,21:47,77.24,77.3,77.03,77.03, 1200
02/25/2020,21:49,77.45,77.45,77.45,77.45, 100
02/25/2020,21:50,77.33,77.45,77.04,77.05, 1000
02/25/2020,21:51,77.42,77.42,77.42,77.42, 100
02/25/2020,21:51,77.04,77.04,77.04,77.04, 100
02/25/2020,21:53,77.11,77.11,77.11,77.11, 100
02/25/2020,21:54,77.1,77.26,76.98,76.98, 629
02/25/2020,21:54,76.87,76.98,76.87,76.98, 637
02/25/2020,21:55,77.08,77.08,77.08,77.08, 100
02/25/2020,21:56,76.98,76.98,76.89,76.89, 221
02/25/2020,21:57,76.89,77.07,76.89,77.07, 360
02/25/2020,21:58,76.91,77.05,76.91,76.99, 400
02/25/2020,21:59,76.9,77.05,76.9,76.91, 300
02/25/2020,22:00,76.89,76.89,76.89,76.89, 200
02/25/2020,22:01,76.86,76.87,76.83,76.83, 4049
02/26/2020,15:46,77.08,77.08,77.05,77.08, 500
02/26/2020,15:48,77.25,77.49,77.14,77.14, 1800
02/26/2020,15:53,77.14,77.14,77.14,77.14, 100
02/26/2020,16:12,77.27,77.27,77.27,77.27, 100
02/26/2020,16:23,77.28,77.28,77.28,77.28, 130
02/26/2020,16:38,77.5,77.93,77.5,77.93, 441
02/26/2020,16:40,77.71,77.71,77.7,77.7, 574
02/26/2020,16:42,77.59,77.61,77.37,77.37, 800
02/26/2020,16:54,77.38,77.38,77.37,77.37, 1470
02/26/2020,17:22,77.48,77.48,77.48,77.48, 110
02/26/2020,17:25,77.54,77.54,77.54,77.54, 100
02/26/2020,17:28,77.53,77.53,77.53,77.53, 300
02/26/2020,17:49,77.21,77.21,77.21,77.21, 100
02/26/2020,17:56,77.18,77.18,77.03,77.03, 300
02/26/2020,18:03,76.98,76.98,76.98,76.98, 100
02/26/2020,18:04,76.88,76.88,76.82,76.82, 200
02/26/2020,18:07,76.83,76.84,76.83,76.84, 576
02/26/2020,18:15,77.01,77.01,77.01,77.01, 100
02/26/2020,18:21,76.99,76.99,76.99,76.99, 775
02/26/2020,18:25,77.05,77.05,77.05,77.05, 100
02/26/2020,18:27,77.04,77.04,77.04,77.04, 352
02/26/2020,18:28,77.11,77.11,77.11,77.11, 100
02/26/2020,18:32,77.03,77.03,77.03,77.03, 200
02/26/2020,18:34,77.12,77.12,77.12,77.12, 100
02/26/2020,18:35,76.96,76.96,76.96,76.96, 100
02/26/2020,18:37,77.2,77.2,77.2,77.2, 100
02/26/2020,18:43,77.15,77.19,77.14,77.14, 500
02/26/2020,18:49,77.13,77.13,77.12,77.12, 250
02/26/2020,19:02,77.33,77.33,77.33,77.33, 600
02/26/2020,19:06,76.95,76.95,76.95,76.95, 100
02/26/2020,19:08,76.85,76.85,76.85,76.85, 100
02/26/2020,19:14,76.73,76.73,76.73,76.73, 107
02/26/2020,19:22,76.82,76.82,76.82,76.82, 200
02/26/2020,19:38,76.7,76.7,76.67,76.67, 200
02/26/2020,19:56,76.72,76.72,76.72,76.72, 100
02/26/2020,19:57,76.59,76.71,76.59,76.71, 320
02/26/2020,20:02,76.47,76.47,76.47,76.47, 178
02/26/2020,20:03,76.69,76.69,76.69,76.69, 100
02/26/2020,20:03,76.71,76.71,76.66,76.66, 200
02/26/2020,20:10,76.89,76.89,76.89,76.89, 100
02/26/2020,20:14,76.69,76.69,76.69,76.69, 115
02/28/2020,15:31,77.11,77.11,77.11,77.11, 678
02/28/2020,15:33,77,77.19,77,77.19, 200
02/28/2020,15:37,77.41,77.45,77.41,77.45, 400
02/28/2020,15:47,77.1,77.1,77.1,77.1, 102
02/28/2020,15:52,76.92,76.92,76.73,76.92, 400
02/28/2020,15:54,76.74,76.74,76.74,76.74, 200
02/28/2020,16:02,76.36,76.36,76.36,76.36, 100
02/28/2020,16:06,76.5,78.09,76.46,77.96, 900
02/28/2020,16:09,77.72,77.72,77.72,77.72, 1951
02/28/2020,16:10,77.59,77.59,77.59,77.59, 100
02/28/2020,16:17,77.18,77.18,76.27,76.54, 300
02/28/2020,16:19,76.7,76.7,76.7,76.7, 100
02/28/2020,16:31,76.47,76.47,76.28,76.28, 200
02/28/2020,16:59,76.3,76.3,76.3,76.3, 100
02/28/2020,17:06,76.33,76.33,76.3,76.3, 600
02/28/2020,17:07,76.3,76.3,75.8,75.8, 200
02/28/2020,17:09,75.74,76.01,75.68,76.01, 316
02/28/2020,17:12,76.04,76.04,76.04,76.04, 549
02/28/2020,17:13,76.2,76.23,75.78,75.78, 1082
02/28/2020,17:15,75.81,75.83,75.81,75.83, 226
02/28/2020,17:16,75.91,75.91,75.91,75.91, 100
02/28/2020,17:18,76.01,76.01,76.01,76.01, 100
02/28/2020,17:26,75.58,75.75,75.58,75.75, 604
02/28/2020,17:28,75.67,75.67,75.67,75.67, 100
02/28/2020,17:32,75.29,75.29,75.29,75.29, 386
02/28/2020,17:39,75.29,75.29,75.29,75.29, 200
02/28/2020,17:42,75.06,75.06,75.06,75.06, 100
02/28/2020,17:45,75.02,75.02,75.02,75.02, 100
02/28/2020,17:48,75.01,75.01,75.01,75.01, 109
02/28/2020,17:54,75.88,75.88,75.88,75.88, 100
02/28/2020,17:59,75.51,75.51,75.51,75.51, 100
02/28/2020,18:20,75.62,75.62,75.62,75.62, 100
02/28/2020,18:24,75.94,75.94,75.94,75.94, 150
02/28/2020,18:26,75.43,75.89,75.42,75.42, 500
02/28/2020,18:32,75.89,75.89,75.89,75.89, 100
02/28/2020,18:40,75.38,75.38,75.38,75.38, 137
02/28/2020,18:52,75,75.05,74.71,75.05, 700
02/28/2020,18:55,75.3,75.3,75.3,75.3, 100
02/28/2020,19:16,75.3,75.3,75.11,75.15, 500
02/28/2020,19:19,75.11,75.11,75.11,75.11, 180
02/28/2020,19:30,74.79,75.04,74.79,75.04, 200
02/28/2020,19:33,74.7,74.7,74.7,74.7, 200
02/28/2020,19:35,74.6,74.6,74.6,74.6, 100
02/28/2020,19:46,74.58,74.58,74.58,74.58, 500
02/28/2020,19:46,74.57,74.57,74.57,74.57, 100
02/28/2020,19:51,74.51,74.51,74.51,74.51, 200
02/28/2020,19:56,74.65,74.65,74.65,74.65, 189
02/28/2020,20:00,74.38,74.38,74.38,74.38, 100
02/28/2020,20:01,74.29,74.29,74.07,74.07, 300
02/28/2020,20:04,74.33,74.33,74.16,74.16, 500
02/28/2020,20:06,74.15,74.15,74.15,74.15, 100
02/28/2020,20:10,72.89,73.18,72.89,73.18, 280
02/28/2020,20:11,73.7,73.7,73.7,73.7, 200
02/28/2020,20:12,73.7,73.7,73.7,73.7, 100
02/28/2020,20:15,73.77,73.97,73.77,73.97, 300
02/28/2020,20:18,73.73,73.86,73.73,73.77, 423
02/28/2020,20:19,73.79,73.89,73.68,73.68, 400
02/28/2020,20:20,74.26,74.26,74.26,74.26, 100
02/28/2020,20:21,74.24,74.24,74.24,74.24, 100
02/28/2020,20:28,74.02,74.02,74.02,74.02, 200
02/28/2020,20:32,74.21,74.21,74.21,74.21, 100
02/28/2020,20:42,74.34,74.34,74.33,74.33, 200
02/28/2020,20:44,74.64,74.64,74.64,74.64, 100
02/28/2020,20:49,74.57,74.57,74.57,74.57, 100
02/28/2020,20:50,74.94,74.94,74.94,74.94, 100
02/28/2020,20:52,75.01,75.01,74.76,74.76, 400
02/28/2020,20:53,75.08,75.08,75.08,75.08, 585
02/28/2020,20:57,74.44,74.44,74.44,74.44, 200
02/28/2020,21:02,74.81,74.86,74.81,74.86, 200
02/28/2020,21:04,74.54,74.54,74.54,74.54, 100
02/28/2020,21:06,74.42,74.42,74.42,74.42, 100
02/28/2020,21:09,74.43,74.43,74.43,74.43, 200
02/28/2020,21:10,74.41,74.41,74.21,74.21, 400
02/28/2020,21:11,74.19,74.19,74.19,74.19, 100
02/28/2020,21:20,74.35,74.35,74.35,74.35, 370
02/28/2020,21:21,74.43,74.43,74.27,74.27, 300
02/28/2020,21:22,74.28,74.31,74.28,74.31, 200
02/28/2020,21:23,74.15,74.15,74.15,74.15, 300
02/28/2020,21:24,74.15,74.15,74.15,74.15, 100
02/28/2020,21:26,74.05,74.27,74.04,74.22, 895
02/28/2020,21:27,74.04,74.04,73.98,73.98, 500
02/28/2020,21:29,73.82,73.82,73.82,73.82, 100
02/28/2020,21:31,73.96,73.96,73.96,73.96, 100
02/28/2020,21:32,73.96,73.96,73.96,73.96, 100
02/28/2020,21:34,73.82,73.82,73.77,73.8, 700
02/28/2020,21:35,73.62,73.8,73.62,73.8, 300
02/28/2020,21:36,73.77,73.77,73.77,73.77, 133
02/28/2020,21:37,73.76,73.87,73.76,73.77, 1309
02/28/2020,21:38,73.63,73.87,73.63,73.78, 806
02/28/2020,21:39,73.83,73.95,73.78,73.78, 526
02/28/2020,21:41,73.85,73.95,73.72,73.72, 1414
02/28/2020,21:42,73.67,73.81,73.67,73.81, 236
02/28/2020,21:44,73.8,73.8,73.57,73.73, 518
02/28/2020,21:45,73.75,73.75,73.75,73.75, 118
02/28/2020,21:46,73.6,73.81,73.6,73.81, 423
02/28/2020,21:47,73.71,73.99,73.71,73.8, 421
02/28/2020,21:48,73.76,73.96,73.76,73.96, 300
02/28/2020,21:50,73.93,74.11,73.87,74.03, 1100
02/28/2020,21:50,74.05,74.3,73.97,74.28, 2200
02/28/2020,21:52,74.47,74.54,74.23,74.34, 1000
02/28/2020,21:52,74.14,74.14,73.86,73.86, 400
02/28/2020,21:54,73.94,73.94,73.94,73.94, 100
02/28/2020,21:54,74.37,74.37,74.37,74.37, 354
02/28/2020,21:55,73.93,74.16,73.93,74.16, 400
02/28/2020,21:56,74.36,74.36,74.2,74.23, 511
02/28/2020,21:57,74.11,74.36,74.11,74.24, 2000
02/28/2020,21:58,74.35,74.37,74.35,74.35, 3143
02/28/2020,21:59,74.39,74.57,73.9,73.9, 3604
02/28/2020,22:00,73.91,74.26,73.84,73.84, 4959
02/28/2020,22:01,73.89,74,73.64,73.78, 3274

