01/02/2020,16:05,12.312,12.312,12.312,12.312, 1000
01/02/2020,16:21,12.36,12.36,12.36,12.36, 100
01/02/2020,18:24,12.42,12.42,12.42,12.42, 100
01/02/2020,19:59,13.17,13.17,13.17,13.17, 100
01/03/2020,16:20,14.48,14.48,14.48,14.48, 100
01/03/2020,16:20,13.735,13.74,13.73,13.74, 1000
01/03/2020,16:31,13.269,13.269,13.269,13.269, 145
01/03/2020,16:32,13.19,13.19,13.19,13.19, 100
01/03/2020,16:35,13.253,13.253,13.253,13.253, 600
01/03/2020,16:44,13.53,13.53,13.53,13.53, 100
01/03/2020,17:35,13.2,13.2,13.2,13.2, 100
01/03/2020,17:43,13.79,13.79,13.79,13.79, 100
01/03/2020,17:45,13.78,13.78,13.78,13.78, 100
01/03/2020,18:56,13.74,13.74,13.74,13.74, 100
01/03/2020,19:25,13.68,13.68,13.6,13.6, 200
01/06/2020,15:54,13.59,13.59,13.59,13.59, 1369
01/06/2020,16:10,14.05,14.05,14.05,14.05, 100
01/06/2020,17:27,13.691,13.691,13.691,13.691, 200
01/06/2020,17:37,13.92,14,13.92,14, 969
01/06/2020,20:43,13.7,13.7,13.7,13.7, 100
01/06/2020,20:43,13.75,13.75,13.75,13.75, 200
01/06/2020,20:45,13.59,13.59,13.59,13.59, 386
01/06/2020,20:55,13.9,13.9,13.85,13.85, 200
01/06/2020,21:00,13.68,13.68,13.68,13.68, 100
01/06/2020,21:14,13.869,13.869,13.869,13.869, 319
01/06/2020,21:18,13.973,13.973,13.66,13.66, 300
01/07/2020,15:51,13.75,13.75,13.75,13.75, 200
01/07/2020,16:03,13.75,13.75,13.75,13.75, 360
01/07/2020,17:06,13.75,13.75,13.75,13.75, 100
01/07/2020,17:09,13.747,14.25,13.747,14.25, 200
01/07/2020,19:06,13.568,13.568,13.568,13.568, 228
01/07/2020,19:36,13.899,13.899,13.899,13.899, 100
01/08/2020,20:03,13.526,13.526,13.526,13.526, 200
01/08/2020,20:34,13.47,13.47,12.83,12.83, 400
01/08/2020,20:55,13.37,13.37,13.37,13.37, 100
01/08/2020,21:26,13.251,13.251,13.251,13.251, 100
01/08/2020,21:41,13.683,13.683,13.683,13.683, 1000
01/09/2020,19:27,12.9,12.9,12.9,12.9, 200
01/09/2020,19:32,13.4,13.4,13.4,13.4, 100
01/09/2020,20:20,13.58,13.58,13.58,13.58, 100
01/10/2020,19:15,12.991,12.991,12.991,12.991, 182
01/10/2020,19:45,13.39,13.39,13.39,13.39, 100
01/13/2020,15:46,13,13,13,13, 500
01/13/2020,15:53,13,13,13,13, 100
01/13/2020,16:02,13.437,13.437,13.437,13.437, 100
01/14/2020,15:50,13.39,13.39,13.39,13.39, 100
01/14/2020,16:53,13.5,13.5,13.414,13.5, 701
01/14/2020,16:57,13.5,13.5,13.5,13.5, 539
01/15/2020,18:01,13.5,13.5,13.5,13.5, 200
01/15/2020,18:53,13.6,13.6,13.6,13.6, 100
01/15/2020,18:53,13.5,13.5,13.5,13.5, 2500
01/15/2020,18:54,13.53,13.53,13.53,13.53, 100
01/15/2020,18:55,13.54,13.54,13.54,13.54, 200
01/15/2020,18:58,13.5,13.5,13.5,13.5, 200
01/15/2020,19:06,13.51,13.51,13.51,13.51, 200
01/15/2020,19:06,13.51,13.51,13.51,13.51, 300
01/15/2020,19:08,13.5,13.5,13,13.5, 887
01/15/2020,20:25,12.925,13.1,12.925,13.1, 500
01/15/2020,20:27,13.4,13.4,13.3,13.35, 1100
01/15/2020,20:27,13.49,13.49,13.49,13.49, 200
01/15/2020,20:28,13.4,13.5,13.4,13.5, 1900
01/15/2020,22:00,13.18,13.18,13.18,13.18, 100
01/16/2020,15:36,13.05,13.05,13.03,13.03, 300
01/16/2020,16:13,13.02,13.02,12.97,13.02, 700
01/16/2020,16:46,13.14,13.25,13.14,13.25, 493
01/16/2020,16:47,13.25,13.25,13.25,13.25, 100
01/16/2020,17:03,13.3,13.3,13.3,13.3, 500
01/16/2020,17:05,13.3,13.3,13.3,13.3, 900
01/16/2020,17:06,13.4,13.4,13.4,13.4, 100
01/16/2020,18:05,13.45,13.45,13.45,13.45, 100
01/17/2020,15:46,13.45,13.46,13.45,13.46, 200
01/17/2020,15:48,13.311,13.311,13.311,13.311, 498
01/17/2020,16:15,13.35,13.35,13.28,13.28, 400
01/17/2020,16:25,13.28,13.28,13.25,13.25, 772
01/17/2020,16:56,13.25,13.25,13.25,13.25, 243
01/17/2020,17:11,13.25,13.25,13.25,13.25, 136
01/17/2020,19:26,12.93,12.93,12.91,12.91, 1100
01/17/2020,19:40,12.919,12.919,12.82,12.82, 486
01/17/2020,19:43,12.82,13.15,12.82,13.15, 600
01/17/2020,19:46,12.877,12.877,12.877,12.877, 222
01/17/2020,21:12,13.13,13.13,13.13,13.13, 100
01/17/2020,21:52,12.993,12.993,12.993,12.993, 100
01/21/2020,15:31,12.88,12.88,12.88,12.88, 200
01/21/2020,15:38,13.15,13.15,13.15,13.15, 254
01/21/2020,15:45,13.15,13.15,13.15,13.15, 100
01/21/2020,15:46,13.15,13.15,13.15,13.15, 100
01/21/2020,16:09,13.45,13.45,13.448,13.448, 210
01/21/2020,16:51,13.45,13.45,13.45,13.45, 100
01/21/2020,17:19,13.542,13.542,13.542,13.542, 100
01/21/2020,17:25,13.44,13.44,13.44,13.44, 100
01/21/2020,17:30,13.4,13.4,13.4,13.4, 100
01/21/2020,18:01,13.4,13.4,13.4,13.4, 490
01/21/2020,18:01,13.4,13.4,13.4,13.4, 1000
01/21/2020,18:59,13.15,13.15,13.15,13.15, 200
01/21/2020,19:15,13.27,13.27,13.27,13.27, 331
01/21/2020,19:16,13.17,13.17,13.17,13.17, 100
01/21/2020,19:18,13.23,13.23,13.23,13.23, 100
01/21/2020,19:26,13.54,13.608,13.54,13.608, 503
01/21/2020,19:49,13.596,13.596,13.51,13.51, 300
01/21/2020,19:53,13.35,13.35,13.35,13.35, 100
01/21/2020,21:08,13.15,13.15,13.15,13.15, 100
01/21/2020,21:11,13.14,13.15,13.14,13.15, 200
01/21/2020,21:29,13.44,13.44,13.44,13.44, 100
01/22/2020,15:34,13.852,13.852,13.852,13.852, 100
01/22/2020,15:48,14.1,14.1,14.1,14.1, 200
01/22/2020,15:57,13.87,13.87,13.87,13.87, 100
01/22/2020,16:14,13.58,13.58,13.56,13.56, 631
01/22/2020,16:47,13.313,13.313,13.313,13.313, 198
01/22/2020,18:25,13.41,13.42,13.41,13.42, 600
01/22/2020,18:25,13.41,13.41,13.41,13.41, 400
01/22/2020,18:29,13.41,13.41,13.41,13.41, 100
01/22/2020,18:31,13.41,13.41,13.41,13.41, 100
01/22/2020,18:37,13.42,13.42,13.42,13.42, 100
01/22/2020,18:40,13.84,13.84,13.84,13.84, 100
01/22/2020,18:41,13.42,13.42,13.42,13.42, 100
01/22/2020,18:49,13.43,13.43,13.43,13.43, 100
01/22/2020,18:52,13.43,13.43,13.43,13.43, 127
01/22/2020,18:55,13.42,13.42,13.42,13.42, 100
01/22/2020,22:01,13.32,13.32,13.32,13.32, 167
01/23/2020,16:19,13.47,13.47,13.47,13.47, 100
01/24/2020,18:08,13.25,13.29,13.22,13.259, 1312
01/24/2020,18:25,13.1,13.1,12.88,12.88, 4749
01/24/2020,19:00,13,13,13,13, 1500
01/24/2020,19:44,13.15,13.15,13.15,13.15, 278
01/24/2020,19:44,13.17,13.17,13.17,13.17, 100
01/24/2020,19:53,12.883,12.883,12.88,12.88, 1300
01/24/2020,20:22,13.2,13.2,13.2,13.2, 173
01/27/2020,15:35,12.868,12.868,12.868,12.868, 100
01/27/2020,15:56,13,13,12.98,13, 300
01/27/2020,16:59,13.15,13.15,13.15,13.15, 100
01/27/2020,17:41,13.113,13.113,13.113,13.113, 100
01/27/2020,17:49,13.1,13.1,13.1,13.1, 100
01/27/2020,18:00,13.36,13.36,13.36,13.36, 100
01/28/2020,20:00,13.3,13.34,13.3,13.34, 564
01/29/2020,21:06,13.34,13.34,13.34,13.34, 100
01/29/2020,21:11,13.33,13.33,13.33,13.33, 100
01/30/2020,20:33,12.933,12.933,12.933,12.933, 300
01/30/2020,20:58,13.07,13.28,13.07,13.28, 200
01/30/2020,20:58,13.19,13.19,13.19,13.19, 100
01/31/2020,15:37,12.664,12.664,12.45,12.45, 600
01/31/2020,16:23,13.18,13.18,13.18,13.18, 100
01/31/2020,17:44,13.097,13.369,13.097,13.369, 458
01/31/2020,17:44,13.18,13.18,13.18,13.18, 152
01/31/2020,17:45,13.35,13.35,13.35,13.35, 100
01/31/2020,18:36,13.277,13.277,13.277,13.277, 300
01/31/2020,18:56,13.4,13.4,13.4,13.4, 100
01/31/2020,19:53,13.41,13.41,13.34,13.34, 750
01/31/2020,21:54,13.5,13.5,13.5,13.5, 311
01/31/2020,21:55,13.51,13.51,13.51,13.51, 206

