03/02/2020,18:08,14.2,14.2,14.2,14.2, 100
03/02/2020,18:46,14.2,14.2,14.2,14.2, 163
03/02/2020,18:57,14.7,14.7,14.7,14.7, 100
03/02/2020,20:33,14.75,14.75,14.75,14.75, 100
03/02/2020,21:41,14.87,14.88,14.83,14.83, 400
03/02/2020,21:47,14.9,14.9,14.9,14.9, 100
03/02/2020,22:01,15.75,15.75,15.75,15.75, 315
03/03/2020,15:31,14.41,14.41,14.41,14.41, 100
03/03/2020,15:36,15.837,15.837,15.837,15.837, 100
03/03/2020,21:37,14.406,14.406,14.406,14.406, 500
03/04/2020,20:25,14.45,14.45,14.45,14.45, 100
03/04/2020,20:28,14.803,14.803,14.803,14.803, 100
03/04/2020,20:29,14.42,14.42,14.42,14.42, 100
03/04/2020,20:46,14.43,14.43,14.43,14.43, 100
03/04/2020,20:57,14.45,14.45,14.45,14.45, 100
03/04/2020,21:06,14.46,14.46,14.46,14.46, 100
03/04/2020,21:43,14.365,14.365,14.35,14.35, 700
03/04/2020,21:44,14.31,14.31,14.28,14.28, 800
03/04/2020,21:49,15.224,15.224,15.224,15.224, 900
03/04/2020,21:52,14.28,14.28,14.28,14.28, 100
03/04/2020,21:55,14.28,14.28,14.28,14.28, 100
03/04/2020,21:58,14.34,14.34,14.31,14.31, 200
03/04/2020,22:00,14.3,14.3,14.28,14.28, 264
03/05/2020,15:31,14.59,14.59,14.59,14.59, 200
03/05/2020,16:40,14.56,14.56,14.56,14.56, 100
03/05/2020,22:01,14.63,14.63,14.63,14.63, 434
03/06/2020,18:05,14.8,14.8,14.736,14.736, 433
03/06/2020,18:06,14.893,14.893,14.893,14.893, 322
03/06/2020,21:49,14.511,14.511,14.511,14.511, 200
03/09/2020,14:32,14.1,14.1,14.1,14.1, 675
03/09/2020,14:50,14.1,14.1,14.1,14.1, 150
03/09/2020,20:45,14.2,14.2,14.2,14.2, 151
03/09/2020,20:47,14.2,14.2,14.2,14.2, 100
03/09/2020,20:47,14.2,14.2,14.2,14.2, 112
03/10/2020,14:56,15,15,15,15, 1277
03/10/2020,15:40,14.27,14.27,14.27,14.27, 100
03/10/2020,16:28,14.2,14.2,14.2,14.2, 100
03/10/2020,16:56,14.2,14.2,14.2,14.2, 200
03/10/2020,17:26,14.271,14.271,14.2,14.2, 600
03/10/2020,17:28,14.107,14.107,14.1,14.1, 666
03/10/2020,18:01,13.99,13.99,13.99,13.99, 100
03/10/2020,19:41,14,14,14,14, 100
03/10/2020,19:46,14,14,14,14, 100
03/10/2020,20:22,14.13,14.13,14.13,14.13, 200
03/10/2020,20:48,14.28,14.28,14.28,14.28, 100
03/10/2020,20:56,14.28,14.28,14.28,14.28, 100
03/11/2020,17:10,13.55,13.55,13.55,13.55, 100
03/11/2020,17:19,13.55,13.55,13.55,13.55, 200
03/11/2020,17:27,13.55,13.55,13.55,13.55, 200
03/11/2020,17:27,13.55,13.55,13.55,13.55, 131
03/11/2020,17:55,13.625,13.625,13.625,13.625, 100
03/11/2020,18:09,13.55,13.55,13.55,13.55, 100
03/11/2020,18:10,13.55,13.55,13.55,13.55, 140
03/11/2020,18:50,13.55,13.55,13.55,13.55, 100
03/11/2020,20:33,13.5,13.5,13.5,13.5, 175
03/11/2020,20:48,13.825,13.825,13.825,13.825, 282
03/11/2020,21:01,13.92,13.92,13.92,13.92, 550
03/12/2020,17:16,13.786,14.272,12.8,12.8, 5106
03/12/2020,17:19,12.43,12.43,12.43,12.43, 100
03/12/2020,17:20,12.43,12.43,11.83,11.83, 600
03/12/2020,17:23,12.19,12.19,12.19,12.19, 100
03/12/2020,17:27,12.19,12.19,12.19,12.19, 100
03/12/2020,17:59,12.375,12.375,12.375,12.375, 100
03/12/2020,18:01,12.358,12.358,12.19,12.19, 600
03/12/2020,18:05,12.325,12.325,12.325,12.325, 100
03/12/2020,18:08,12.33,12.33,12.33,12.33, 100
03/12/2020,18:12,12.45,12.45,12.45,12.45, 100
03/12/2020,18:32,12.417,12.417,12.417,12.417, 100
03/12/2020,18:34,12.436,12.436,12.436,12.436, 100
03/12/2020,18:54,12.341,12.341,12.341,12.341, 100
03/12/2020,18:56,12.22,12.22,12.22,12.22, 100
03/12/2020,20:01,12.22,12.22,12.2,12.2, 300
03/12/2020,20:03,12.205,12.205,12.205,12.205, 100
03/12/2020,20:05,12.205,12.205,12.2,12.2, 1100
03/12/2020,20:06,12.205,12.205,12.205,12.205, 100
03/12/2020,20:10,12.2,12.2,12.2,12.2, 400
03/12/2020,20:14,12.209,12.209,12.209,12.209, 100
03/12/2020,20:15,12.205,12.205,12.205,12.205, 100
03/12/2020,20:17,12.2,12.2,12.2,12.2, 100
03/12/2020,20:19,12.209,12.209,12.2,12.206, 300
03/12/2020,20:20,12.205,12.205,12.205,12.205, 100
03/12/2020,20:24,12.205,12.205,12.205,12.205, 100
03/12/2020,20:26,12.21,12.21,12.21,12.21, 100
03/12/2020,20:27,12.209,12.209,12.209,12.209, 100
03/12/2020,20:30,12.206,12.206,12.206,12.206, 100
03/12/2020,20:34,12.205,12.21,12.205,12.21, 200
03/12/2020,20:56,12.01,12.01,11.83,11.83, 3427
03/12/2020,20:57,11.58,11.586,11.58,11.586, 684
03/12/2020,20:57,11.59,11.59,11.59,11.59, 500
03/12/2020,20:58,11.534,11.534,11.35,11.35, 400
03/12/2020,20:59,11.59,11.59,11.35,11.476, 1100
03/12/2020,21:00,11.59,11.59,11.41,11.5, 976
03/12/2020,21:00,11.476,11.58,11.41,11.5, 1100
03/12/2020,21:01,11.51,11.51,11.51,11.51, 949
03/13/2020,17:01,12.08,12.08,12.08,12.08, 100
03/13/2020,17:04,12.005,12.01,11.75,11.75, 400
03/13/2020,17:08,11.75,11.76,11.75,11.76, 200
03/13/2020,17:29,11.755,11.755,11.75,11.75, 500
03/13/2020,17:35,11.76,11.76,11.76,11.76, 200
03/13/2020,17:37,11.76,11.76,11.76,11.76, 100
03/13/2020,17:39,11.755,11.755,11.755,11.755, 100
03/13/2020,17:40,11.76,11.76,11.76,11.76, 100
03/13/2020,17:41,11.76,11.76,11.76,11.76, 100
03/13/2020,17:43,11.76,11.76,11.76,11.76, 100
03/13/2020,17:46,11.76,11.76,11.755,11.755, 200
03/13/2020,17:49,11.76,11.76,11.76,11.76, 100
03/13/2020,17:51,11.75,11.76,11.75,11.76, 756
03/13/2020,17:56,11.75,11.75,11.75,11.75, 300
03/13/2020,17:57,11.75,11.75,11.615,11.615, 1400
03/13/2020,17:59,11.615,11.615,11.615,11.615, 100
03/13/2020,18:02,11.615,11.615,11.615,11.615, 200
03/13/2020,18:04,11.635,11.635,11.635,11.635, 100
03/13/2020,18:07,11.635,11.635,11.635,11.635, 100
03/13/2020,18:34,11.635,11.635,11.505,11.505, 900
03/13/2020,18:35,11.5,11.5,11.5,11.5, 200
03/13/2020,18:37,11.5,11.5,11.5,11.5, 100
03/13/2020,18:40,11.52,11.52,11.52,11.52, 100
03/13/2020,18:43,11.5,11.5,11.5,11.5, 100
03/13/2020,18:56,11.5,11.51,11.5,11.51, 400
03/13/2020,19:06,11.5,11.5,11.5,11.5, 294
03/13/2020,19:19,11.505,11.505,11.505,11.505, 100
03/13/2020,19:31,11.505,11.51,11.505,11.51, 500
03/13/2020,19:32,11.505,11.505,11.505,11.505, 200
03/13/2020,19:33,11.505,11.505,11.505,11.505, 200
03/13/2020,19:35,11.505,11.505,11.505,11.505, 400
03/13/2020,19:35,11.505,11.505,11.505,11.505, 100
03/13/2020,19:36,11.505,11.51,11.505,11.51, 200
03/13/2020,19:39,11.5,11.5,11.5,11.5, 300
03/13/2020,19:39,11.51,11.51,11.51,11.51, 200
03/13/2020,19:45,11.51,11.51,11.51,11.51, 100
03/13/2020,19:45,11.505,11.505,11.505,11.505, 100
03/13/2020,19:48,11.505,11.505,11.505,11.505, 100
03/13/2020,19:50,11.505,11.505,11.505,11.505, 100
03/13/2020,19:51,11.51,11.51,11.505,11.505, 200
03/13/2020,19:56,11.5,11.51,11.5,11.503, 442
03/13/2020,20:02,11.505,11.505,11.505,11.505, 400
03/13/2020,20:04,11.51,11.51,11.51,11.51, 200
03/13/2020,20:34,11.5,11.5,11.5,11.5, 100
03/13/2020,20:37,11.505,11.505,11.505,11.505, 100
03/13/2020,20:41,11.5,11.505,11.46,11.46, 2663
03/13/2020,20:41,11.465,11.465,11.29,11.29, 1400
03/13/2020,20:43,11.22,11.22,11.22,11.22, 100
03/13/2020,20:44,11.22,11.22,11.22,11.22, 100
03/13/2020,20:45,11.31,11.31,11.256,11.256, 388
03/13/2020,20:46,11.26,11.26,11.26,11.26, 200
03/13/2020,20:48,11.29,11.29,11.29,11.29, 100
03/13/2020,20:49,11.29,11.29,11.29,11.29, 100
03/13/2020,20:50,11.45,11.45,11.45,11.45, 600
03/13/2020,20:51,11.29,11.45,11.29,11.45, 1700
03/13/2020,20:52,11.295,11.295,11.295,11.295, 100
03/13/2020,20:53,11.295,11.295,11.295,11.295, 100
03/13/2020,20:54,11.295,11.295,11.295,11.295, 100
03/13/2020,20:55,11.45,11.45,11.44,11.45, 2200
03/13/2020,20:56,11.357,11.45,11.295,11.295, 1100
03/13/2020,20:57,11.45,11.45,11.394,11.394, 930
03/13/2020,20:58,11.45,11.45,11.45,11.45, 2482
03/13/2020,20:59,11.45,11.45,11.38,11.38, 917
03/13/2020,21:01,11.45,11.45,11.45,11.45, 1446
03/16/2020,17:24,12.44,12.44,11.584,11.584, 650
03/16/2020,18:06,12.44,12.44,12.44,12.44, 400
03/16/2020,18:25,12.41,12.41,12.41,12.41, 100
03/16/2020,18:30,12.44,12.44,12.44,12.44, 100
03/16/2020,19:47,11.83,12.74,11.83,12.74, 200
03/16/2020,20:10,12.73,12.73,12.73,12.73, 100
03/16/2020,20:11,12.76,12.76,12.76,12.76, 100
03/16/2020,20:16,12.9,12.9,12.89,12.89, 200
03/16/2020,20:58,11.75,11.87,11.7,11.87, 909
03/17/2020,14:33,12.43,12.431,12.43,12.431, 300
03/17/2020,14:35,12.3,12.3,12.3,12.3, 100
03/17/2020,14:45,11.93,12.09,11.93,12.09, 500
03/17/2020,14:55,11.935,11.935,11.935,11.935, 100
03/17/2020,15:18,12,12,12,12, 100
03/17/2020,17:15,13,13,13,13, 300
03/17/2020,19:24,12.9,12.9,12.9,12.9, 100
03/17/2020,20:29,12.46,12.46,12.46,12.46, 100
03/17/2020,21:00,12.9,12.9,12.9,12.9, 100
03/17/2020,21:01,13,13,13,13, 1195
03/18/2020,14:31,11.71,11.71,11.71,11.71, 100
03/18/2020,15:35,12.642,12.642,12.642,12.642, 400
03/18/2020,16:34,11.39,11.39,11.39,11.39, 300
03/18/2020,16:36,11.05,11.05,10.85,10.85, 487
03/18/2020,16:37,10.929,10.929,10.929,10.929, 200
03/18/2020,19:07,11.27,11.27,11,11, 300
03/18/2020,19:08,10.95,10.95,10.95,10.95, 100
03/18/2020,20:24,10.847,10.9,10.847,10.9, 200
03/18/2020,20:35,10.7,10.9,10.7,10.9, 236
03/18/2020,20:56,10.7,10.7,10.7,10.7, 100
03/18/2020,20:57,10.9,10.9,10.9,10.9, 100
03/18/2020,20:59,10.62,10.62,10.62,10.62, 100
03/18/2020,21:01,10.9,10.9,10.53,10.72, 1097
03/19/2020,14:31,11.79,12.73,11.79,12.73, 806
03/19/2020,15:12,12.355,12.355,12.355,12.355, 100
03/19/2020,15:15,12.01,12.01,11.06,11.06, 300
03/19/2020,15:17,11.01,11.01,11.01,11.01, 200
03/19/2020,15:19,11,11.05,11,11.05, 512
03/19/2020,15:21,11.02,11.02,11.02,11.02, 100
03/19/2020,16:52,11.69,11.69,11.69,11.69, 100
03/19/2020,19:42,12,12,12,12, 825
03/19/2020,20:16,12.04,12.04,12.04,12.04, 115
03/19/2020,20:30,12.03,12.03,12.03,12.03, 111
03/19/2020,20:56,11.845,11.845,11.64,11.704, 4026
03/19/2020,21:01,12.3,12.3,12.3,12.3, 1426
03/20/2020,14:31,11.64,11.64,11.64,11.64, 2309
03/20/2020,14:47,12.232,12.29,12.232,12.29, 600
03/20/2020,14:50,12.295,12.3,12.295,12.3, 200
03/20/2020,15:01,11.97,11.97,11.97,11.97, 100
03/20/2020,15:51,12.045,12.045,12.045,12.045, 104
03/20/2020,16:20,11.64,11.64,11.64,11.64, 144
03/20/2020,19:01,12,12,12,12, 100
03/20/2020,19:26,11.825,11.825,11.825,11.825, 100
03/20/2020,19:47,11.64,11.64,11.64,11.64, 100
03/20/2020,20:07,11.99,11.99,11.853,11.853, 900
03/20/2020,20:10,11.815,11.815,11.815,11.815, 100
03/20/2020,20:17,11.99,12.01,11.99,12.01, 213
03/20/2020,20:29,12.01,12.01,12.01,12.01, 100
03/20/2020,20:34,11.845,11.845,11.845,11.845, 100
03/20/2020,20:50,12.05,12.09,12.05,12.09, 200
03/20/2020,20:54,12.255,12.255,12.1,12.1, 675
03/20/2020,20:57,12.1,12.1,12.1,12.1, 100
03/23/2020,14:31,11.64,11.64,11.64,11.64, 501
03/23/2020,15:31,11.98,11.98,11.98,11.98, 167
03/23/2020,15:59,12.32,12.32,12.32,12.32, 100
03/23/2020,16:24,12.32,12.32,12.32,12.32, 100
03/23/2020,17:52,12,12,12,12, 100
03/23/2020,17:53,12,12,12,12, 171
03/23/2020,17:58,12.34,12.41,12,12.41, 2374
03/23/2020,19:07,12.471,12.471,12.471,12.471, 120
03/23/2020,19:09,12.73,12.73,12.73,12.73, 100
03/23/2020,19:26,12.69,12.69,12.69,12.69, 100
03/23/2020,20:28,12.73,12.73,12.73,12.73, 100
03/23/2020,20:58,12.71,12.71,12.71,12.71, 100
03/23/2020,20:59,12.5,12.5,12.5,12.5, 100
03/23/2020,21:01,12.36,12.36,12.36,12.36, 591
03/24/2020,20:38,12.7,13.59,12.7,13.59, 350
03/24/2020,20:47,14,14,14,14, 137
03/24/2020,21:01,14,14,14,14, 1252
03/25/2020,14:31,14.01,14.01,14.01,14.01, 100
03/25/2020,14:56,14.01,14.01,14.01,14.01, 300
03/25/2020,15:15,14,14.04,14,14.04, 700
03/25/2020,15:25,13.985,13.99,13.98,13.99, 1601
03/25/2020,15:31,13.98,13.98,13.98,13.98, 100
03/25/2020,15:45,13.97,13.97,13.97,13.97, 100
03/25/2020,16:44,13.92,13.98,13.92,13.98, 700
03/25/2020,17:03,14,14,13.98,14, 3195
03/25/2020,18:44,14,14.05,14,14.05, 281
03/25/2020,21:01,13.55,13.55,13.55,13.55, 619
03/26/2020,15:34,14.31,14.31,14.16,14.16, 1100
03/26/2020,16:28,13.49,13.49,12.955,12.955, 1365
03/26/2020,16:47,13.853,13.853,13.853,13.853, 200
03/26/2020,17:46,14.19,14.19,14.19,14.19, 100
03/26/2020,17:48,14.22,14.22,14.22,14.22, 100
03/26/2020,17:50,14.22,14.22,14.22,14.22, 100
03/26/2020,17:59,14.22,14.22,14.22,14.22, 100
03/26/2020,18:03,14.22,14.22,14.22,14.22, 100
03/26/2020,18:07,14.22,14.22,14.22,14.22, 100
03/26/2020,18:11,14.22,14.22,14.22,14.22, 100
03/26/2020,18:15,14.22,14.22,14.22,14.22, 100
03/26/2020,18:20,14.22,14.22,14.22,14.22, 100
03/26/2020,18:32,14.22,14.22,14.22,14.22, 100
03/26/2020,18:36,14.22,14.22,14.22,14.22, 100
03/26/2020,18:40,14.22,14.22,14.22,14.22, 100
03/26/2020,18:44,14.22,14.22,14.22,14.22, 100
03/26/2020,18:52,14.5,14.5,14.5,14.5, 100
03/26/2020,18:55,14.5,14.5,14.5,14.5, 100
03/26/2020,19:00,14.5,14.5,14.5,14.5, 100
03/26/2020,19:03,14.5,14.5,14.5,14.5, 100
03/26/2020,19:07,14.5,14.5,14.5,14.5, 100
03/26/2020,19:11,14.5,14.5,14.5,14.5, 100
03/26/2020,19:15,14.5,14.5,14.5,14.5, 100
03/26/2020,19:18,14.45,14.45,14.45,14.45, 100
03/26/2020,19:28,14.4,14.4,14.4,14.4, 100
03/26/2020,19:28,14.4,14.4,14.4,14.4, 120
03/26/2020,19:31,14.4,14.4,14.4,14.4, 100
03/26/2020,19:35,14.4,14.4,14.4,14.4, 100
03/26/2020,19:38,14.4,14.4,14.4,14.4, 100
03/26/2020,19:42,14.4,14.4,14.4,14.4, 100
03/26/2020,19:42,14.4,14.4,14.4,14.4, 351
03/26/2020,19:45,14.4,14.4,14.4,14.4, 100
03/26/2020,19:49,14.4,14.4,14.4,14.4, 100
03/26/2020,19:52,14.82,14.82,14.82,14.82, 100
03/26/2020,19:56,14.77,14.77,14.62,14.62, 1300
03/26/2020,20:04,14.7,14.7,14.7,14.7, 100
03/26/2020,20:07,14.7,14.7,14.7,14.7, 100
03/26/2020,20:11,14.7,14.7,14.7,14.7, 100
03/26/2020,20:20,14.7,14.7,14.7,14.7, 100
03/26/2020,20:23,14.7,14.7,14.7,14.7, 100
03/26/2020,20:26,14.7,14.7,14.7,14.7, 100
03/26/2020,20:29,14.7,14.7,14.7,14.7, 100
03/26/2020,20:32,14.7,14.7,14.7,14.7, 312
03/26/2020,20:32,14.7,14.7,14.7,14.7, 112
03/26/2020,20:35,15.07,15.07,15.07,15.07, 100
03/26/2020,20:42,15.06,15.06,15.06,15.06, 100
03/26/2020,21:01,15.1,15.1,15.1,15.1, 898
03/27/2020,16:55,13.56,13.56,13.56,13.56, 1200
03/27/2020,17:40,14.98,14.98,14.98,14.98, 903
03/27/2020,19:50,14.96,15,14.96,14.97, 2150
03/27/2020,20:07,15.087,15.1,15,15, 791
03/27/2020,20:08,15.097,15.1,15.097,15.1, 246
03/27/2020,20:09,15.46,15.75,15.46,15.75, 500
03/27/2020,20:24,15.852,15.905,15.852,15.905, 200
03/27/2020,20:26,16.025,16.025,16.025,16.025, 200
03/27/2020,20:28,16.139,16.139,16.139,16.139, 200
03/27/2020,20:30,16.025,16.025,15.85,15.85, 300
03/27/2020,20:33,15.85,15.85,15.85,15.85, 140
03/27/2020,20:40,15.76,15.76,15.76,15.76, 200
03/27/2020,20:53,15.39,15.39,15.39,15.39, 100
03/27/2020,20:54,15.38,15.38,15.38,15.38, 100
03/27/2020,20:55,15.172,15.172,14.36,14.36, 2785
03/27/2020,20:56,14.66,14.66,14.66,14.66, 100
03/27/2020,21:01,14.29,14.29,14.29,14.29, 133
03/30/2020,16:27,15.48,15.48,15.48,15.48, 200
03/30/2020,17:16,15.19,15.19,15.19,15.19, 142
03/30/2020,18:02,15.44,15.44,15.44,15.44, 100
03/30/2020,19:08,15.205,15.205,15.205,15.205, 100
03/30/2020,20:03,15.38,15.39,15.33,15.33, 500
03/30/2020,20:06,14.995,14.995,14.995,14.995, 102
03/30/2020,20:07,15.27,15.38,15.27,15.38, 200
03/30/2020,20:11,15.35,15.35,15.35,15.35, 468
03/30/2020,20:26,15.38,15.38,15.15,15.15, 620
03/30/2020,21:20,15.15,15.35,15.15,15.35, 258
03/30/2020,21:24,15.36,15.36,15.36,15.36, 100
03/30/2020,21:27,15.37,15.37,15.37,15.37, 100
03/30/2020,21:55,15.37,15.37,15.37,15.37, 100
03/30/2020,22:01,15.02,15.38,15.02,15.38, 739
03/31/2020,15:46,15.19,15.19,15.119,15.123, 525
03/31/2020,20:03,14.674,14.674,14.674,14.674, 400
03/31/2020,21:57,14.988,14.988,14.95,14.95, 200
03/31/2020,22:01,15.15,15.2,15.15,15.2, 2417

