04/01/2020,15:31,9.2,9.2,9.2,9.2, 22956
04/01/2020,15:31,8.53,8.53,8.52,8.52, 914
04/01/2020,15:32,8.63,8.748,8.63,8.742, 3000
04/01/2020,15:32,8.741,8.76,8.71,8.71, 6000
04/01/2020,15:33,8.71,8.8,8.62,8.62, 4248
04/01/2020,15:33,8.62,8.62,8.62,8.62, 400
04/01/2020,15:33,8.62,8.62,8.62,8.62, 1003
04/01/2020,15:34,8.528,8.552,8.51,8.51, 2200
04/01/2020,15:35,8.46,8.46,8.43,8.43, 815
04/01/2020,15:36,8.43,8.43,8.43,8.43, 913
04/01/2020,15:38,8.43,8.43,8.43,8.43, 435
04/01/2020,15:40,8.46,8.46,8.46,8.46, 963
04/01/2020,15:41,8.49,8.49,8.49,8.49, 1200
04/01/2020,15:43,8.44,8.44,8.43,8.43, 1200
04/01/2020,15:44,8.43,8.482,8.43,8.44, 901
04/01/2020,15:45,8.462,8.462,8.44,8.44, 1779
04/01/2020,15:46,8.43,8.472,8.42,8.429, 7626
04/01/2020,15:46,8.42,8.462,8.42,8.43, 3000
04/01/2020,15:46,8.445,8.445,8.445,8.445, 100
04/01/2020,15:55,8.44,8.465,8.41,8.452, 4000
04/01/2020,15:57,8.454,8.454,8.454,8.454, 250
04/01/2020,16:01,8.465,8.465,8.465,8.465, 1087
04/01/2020,16:07,8.48,8.48,8.48,8.48, 400
04/01/2020,16:13,8.48,8.49,8.48,8.49, 800
04/01/2020,16:15,8.49,8.51,8.49,8.49, 600
04/01/2020,16:26,8.54,8.55,8.54,8.55, 1000
04/01/2020,16:33,8.546,8.55,8.546,8.55, 300
04/01/2020,16:46,8.508,8.55,8.508,8.55, 350
04/01/2020,16:51,8.59,8.59,8.535,8.59, 1400
04/01/2020,16:53,8.579,8.58,8.555,8.58, 1400
04/01/2020,16:53,8.57,8.57,8.57,8.57, 100
04/01/2020,17:05,8.57,8.57,8.57,8.57, 100
04/01/2020,17:12,8.57,8.58,8.57,8.58, 400
04/01/2020,17:20,8.58,8.58,8.58,8.58, 100
04/01/2020,17:21,8.565,8.59,8.565,8.59, 300
04/01/2020,17:31,8.54,8.57,8.54,8.57, 500
04/01/2020,17:35,8.54,8.54,8.54,8.54, 100
04/01/2020,17:35,8.54,8.54,8.54,8.54, 100
04/01/2020,17:42,8.54,8.54,8.54,8.54, 100
04/01/2020,17:44,8.54,8.55,8.54,8.55, 200
04/01/2020,17:49,8.54,8.54,8.51,8.51, 200
04/01/2020,17:52,8.54,8.55,8.53,8.55, 2541
04/01/2020,17:57,8.54,8.55,8.54,8.55, 200
04/01/2020,18:02,8.535,8.535,8.535,8.535, 200
04/01/2020,18:04,8.535,8.535,8.535,8.535, 214
04/01/2020,18:04,8.54,8.54,8.535,8.535, 200
04/01/2020,18:08,8.54,8.55,8.521,8.54, 1600
04/01/2020,18:10,8.55,8.55,8.53,8.54, 1000
04/01/2020,18:12,8.51,8.51,8.5,8.5, 799
04/01/2020,18:12,8.5,8.5,8.5,8.5, 100
04/01/2020,18:19,8.5,8.5,8.5,8.5, 100
04/01/2020,18:21,8.48,8.51,8.48,8.51, 200
04/01/2020,18:23,8.495,8.51,8.495,8.495, 1200
04/01/2020,18:24,8.492,8.52,8.492,8.52, 800
04/01/2020,18:28,8.495,8.53,8.495,8.53, 1090
04/01/2020,18:30,8.51,8.51,8.51,8.51, 100
04/01/2020,18:32,8.495,8.495,8.495,8.495, 100
04/01/2020,18:34,8.48,8.52,8.48,8.51, 2180
04/01/2020,18:37,8.5,8.5,8.5,8.5, 100
04/01/2020,18:40,8.462,8.49,8.462,8.48, 900
04/01/2020,18:40,8.47,8.48,8.47,8.48, 1100
04/01/2020,18:44,8.47,8.475,8.47,8.475, 400
04/01/2020,18:46,8.47,8.49,8.47,8.48, 600
04/01/2020,18:46,8.47,8.49,8.47,8.49, 800
04/01/2020,18:48,8.473,8.5,8.473,8.5, 600
04/01/2020,18:51,8.48,8.48,8.48,8.48, 200
04/01/2020,18:55,8.49,8.49,8.49,8.49, 100
04/01/2020,18:56,8.49,8.5,8.49,8.5, 1600
04/01/2020,19:02,8.5,8.51,8.5,8.51, 1342
04/01/2020,19:02,8.51,8.51,8.51,8.51, 200
04/01/2020,19:05,8.5,8.5,8.5,8.5, 100
04/01/2020,19:15,8.47,8.47,8.47,8.47, 100
04/01/2020,19:16,8.49,8.49,8.49,8.49, 100
04/01/2020,19:22,8.49,8.49,8.49,8.49, 600
04/01/2020,19:32,8.47,8.47,8.47,8.47, 100
04/01/2020,19:44,8.48,8.48,8.48,8.48, 100
04/01/2020,19:58,8.49,8.49,8.49,8.49, 394
04/01/2020,20:08,8.482,8.51,8.482,8.51, 1600
04/01/2020,20:35,8.48,8.5,8.48,8.48, 700
04/01/2020,20:40,8.455,8.455,8.441,8.441, 400
04/01/2020,20:40,8.49,8.49,8.49,8.49, 100
04/01/2020,21:00,8.46,8.47,8.46,8.47, 600
04/01/2020,21:03,8.47,8.5,8.47,8.5, 1800
04/01/2020,21:03,8.46,8.46,8.46,8.46, 100
04/01/2020,21:05,8.56,8.56,8.56,8.56, 100
04/01/2020,21:10,8.55,8.56,8.55,8.56, 900
04/01/2020,21:13,8.56,8.56,8.56,8.56, 100
04/01/2020,21:14,8.56,8.56,8.56,8.56, 100
04/01/2020,21:16,8.55,8.55,8.55,8.55, 100
04/01/2020,21:17,8.54,8.54,8.54,8.54, 100
04/01/2020,21:19,8.506,8.54,8.506,8.54, 1300
04/01/2020,21:21,8.54,8.55,8.54,8.55, 400
04/01/2020,21:22,8.49,8.49,8.49,8.49, 1200
04/01/2020,21:23,8.54,8.54,8.54,8.54, 100
04/01/2020,21:25,8.54,8.54,8.5,8.51, 900
04/01/2020,21:27,8.5,8.52,8.46,8.46, 3500
04/01/2020,21:31,8.46,8.46,8.46,8.46, 2300
04/01/2020,21:42,8.49,8.49,8.49,8.49, 700
04/01/2020,21:44,8.48,8.48,8.48,8.48, 100
04/01/2020,21:45,8.48,8.48,8.48,8.48, 100
04/01/2020,21:46,8.46,8.46,8.46,8.46, 100
04/01/2020,21:47,8.47,8.47,8.47,8.47, 100
04/01/2020,21:49,8.47,8.47,8.435,8.435, 200
04/01/2020,21:49,8.47,8.47,8.47,8.47, 100
04/01/2020,21:52,8.47,8.47,8.47,8.47, 100
04/01/2020,21:53,8.47,8.47,8.47,8.47, 100
04/01/2020,21:55,8.47,8.47,8.47,8.47, 100
04/01/2020,21:56,8.46,8.46,8.46,8.46, 100
04/01/2020,21:56,8.47,8.47,8.47,8.47, 100
04/01/2020,21:57,8.5,8.5,8.47,8.475, 300
04/01/2020,21:57,8.5,8.5,8.475,8.475, 200
04/01/2020,21:59,8.45,8.45,8.45,8.45, 100
04/01/2020,22:00,8.5,8.5,8.49,8.49, 510
04/01/2020,22:01,8.46,8.5,8.46,8.5, 491
04/02/2020,15:31,8.4,8.4,8.4,8.4, 3213
04/02/2020,15:37,8.02,8.02,8.02,8.02, 100
04/02/2020,15:39,8.257,8.257,8.08,8.08, 200
04/02/2020,15:42,8.08,8.08,8.08,8.08, 100
04/02/2020,15:43,8.12,8.264,8.12,8.264, 1400
04/02/2020,15:45,8.16,8.16,8.16,8.16, 100
04/02/2020,15:48,8.18,8.18,8.18,8.18, 100
04/02/2020,15:54,8.17,8.17,8.17,8.17, 100
04/02/2020,15:59,8.17,8.17,8.17,8.17, 100
04/02/2020,16:01,8.25,8.25,8.2,8.24, 550
04/02/2020,16:04,8.231,8.231,8.231,8.231, 1000
04/02/2020,16:07,8.25,8.25,8.25,8.25, 1200
04/02/2020,16:07,8.25,8.275,8.19,8.2, 6750
04/02/2020,16:08,8.281,8.281,8.281,8.281, 500
04/02/2020,16:10,8.26,8.26,8.26,8.26, 200
04/02/2020,16:19,8.29,8.29,8.29,8.29, 100
04/02/2020,16:20,8.28,8.28,8.26,8.26, 5374
04/02/2020,16:26,8.32,8.32,8.32,8.32, 700
04/02/2020,16:31,8.41,8.42,8.41,8.42, 368
04/02/2020,16:32,8.41,8.43,8.41,8.43, 1000
04/02/2020,16:33,8.424,8.424,8.424,8.424, 1300
04/02/2020,16:33,8.442,8.442,8.442,8.442, 1150
04/02/2020,16:35,8.44,8.47,8.44,8.47, 1596
04/02/2020,16:36,8.47,8.47,8.458,8.458, 1250
04/02/2020,16:37,8.465,8.48,8.465,8.48, 450
04/02/2020,16:41,8.5,8.5,8.5,8.5, 100
04/02/2020,16:46,8.48,8.48,8.48,8.48, 200
04/02/2020,16:46,8.48,8.48,8.48,8.48, 200
04/02/2020,16:49,8.484,8.484,8.484,8.484, 200
04/02/2020,16:50,8.484,8.484,8.484,8.484, 200
04/02/2020,17:09,8.52,8.576,8.512,8.576, 12450
04/02/2020,17:10,8.55,8.55,8.522,8.53, 400
04/02/2020,17:12,8.53,8.53,8.53,8.53, 100
04/02/2020,17:14,8.53,8.53,8.53,8.53, 100
04/02/2020,17:14,8.546,8.546,8.546,8.546, 500
04/02/2020,17:18,8.523,8.53,8.523,8.53, 700
04/02/2020,17:18,8.53,8.53,8.53,8.53, 100
04/02/2020,17:20,8.54,8.54,8.54,8.54, 100
04/02/2020,17:28,8.53,8.53,8.52,8.53, 4350
04/02/2020,17:34,8.54,8.57,8.54,8.57, 2200
04/02/2020,17:39,8.55,8.56,8.53,8.56, 2879
04/02/2020,17:41,8.555,8.555,8.555,8.555, 300
04/02/2020,18:07,8.53,8.53,8.53,8.53, 200
04/02/2020,18:24,8.53,8.53,8.53,8.53, 100
04/02/2020,18:31,8.53,8.53,8.52,8.52, 500
04/02/2020,18:34,8.52,8.52,8.52,8.52, 200
04/02/2020,18:38,8.51,8.52,8.51,8.52, 1080
04/02/2020,18:38,8.53,8.56,8.53,8.56, 3084
04/02/2020,18:42,8.56,8.56,8.56,8.56, 3400
04/02/2020,18:43,8.545,8.545,8.545,8.545, 200
04/02/2020,18:47,8.58,8.64,8.579,8.61, 6800
04/02/2020,18:48,8.567,8.59,8.56,8.57, 3100
04/02/2020,18:52,8.54,8.548,8.53,8.548, 1100
04/02/2020,18:52,8.548,8.548,8.548,8.548, 400
04/02/2020,19:19,8.5,8.52,8.5,8.5, 800
04/02/2020,19:27,8.525,8.525,8.525,8.525, 100
04/02/2020,19:28,8.52,8.54,8.52,8.54, 300
04/02/2020,19:31,8.52,8.52,8.52,8.52, 600
04/02/2020,19:35,8.47,8.48,8.47,8.48, 250
04/02/2020,19:37,8.5,8.5,8.5,8.5, 376
04/02/2020,19:38,8.51,8.51,8.505,8.505, 534
04/02/2020,20:05,8.49,8.505,8.49,8.505, 600
04/02/2020,20:08,8.505,8.505,8.505,8.505, 250
04/02/2020,20:13,8.487,8.487,8.48,8.487, 2248
04/02/2020,20:37,8.49,8.49,8.49,8.49, 100
04/02/2020,20:45,8.46,8.46,8.46,8.46, 100
04/02/2020,20:54,8.48,8.49,8.48,8.48, 1500
04/02/2020,21:00,8.46,8.46,8.46,8.46, 187
04/02/2020,21:03,8.46,8.46,8.46,8.46, 293
04/02/2020,21:06,8.48,8.48,8.48,8.48, 102
04/02/2020,21:32,8.48,8.48,8.48,8.48, 200
04/02/2020,21:37,8.48,8.48,8.48,8.48, 200
04/02/2020,21:51,8.5,8.5,8.5,8.5, 800
04/02/2020,22:00,8.66,8.66,8.55,8.61, 1671
04/02/2020,22:00,8.61,8.61,8.61,8.61, 100
04/03/2020,15:31,8.46,8.46,8.46,8.46, 1317
04/03/2020,15:36,8.43,8.43,8.43,8.43, 100
04/03/2020,15:39,8.45,8.45,8.43,8.43, 200
04/03/2020,15:42,8.44,8.44,8.43,8.43, 200
04/03/2020,15:45,8.46,8.46,8.46,8.46, 200
04/03/2020,15:49,8.46,8.46,8.46,8.46, 200
04/03/2020,15:52,8.46,8.46,8.46,8.46, 200
04/03/2020,15:56,8.46,8.46,8.46,8.46, 200
04/03/2020,16:00,8.46,8.6,8.46,8.6, 300
04/03/2020,16:03,8.46,8.572,8.46,8.572, 438
04/03/2020,16:07,8.46,8.46,8.46,8.46, 200
04/03/2020,16:11,8.46,8.46,8.46,8.46, 200
04/03/2020,16:14,8.57,8.57,8.57,8.57, 830
04/03/2020,16:15,8.46,8.46,8.46,8.46, 200
04/03/2020,16:17,8.46,8.46,8.46,8.46, 100
04/03/2020,16:19,8.46,8.46,8.46,8.46, 200
04/03/2020,16:20,8.46,8.46,8.46,8.46, 300
04/03/2020,16:24,8.475,8.475,8.39,8.39, 200
04/03/2020,16:28,8.37,8.37,8.37,8.37, 200
04/03/2020,16:31,8.38,8.38,8.38,8.38, 1300
04/03/2020,16:33,8.33,8.33,8.33,8.33, 200
04/03/2020,16:38,8.31,8.385,8.31,8.385, 300
04/03/2020,16:42,8.3,8.3,8.27,8.29, 900
04/03/2020,16:48,8.27,8.27,8.27,8.27, 200
04/03/2020,16:53,8.26,8.26,8.26,8.26, 169
04/03/2020,16:58,8.26,8.26,8.25,8.25, 200
04/03/2020,17:03,8.25,8.25,8.24,8.24, 200
04/03/2020,17:08,8.24,8.24,8.24,8.24, 100
04/03/2020,17:11,8.24,8.24,8.23,8.23, 200
04/03/2020,17:16,8.22,8.22,8.22,8.22, 200
04/03/2020,17:22,8.22,8.22,8.22,8.22, 200
04/03/2020,17:27,8.19,8.19,8.19,8.19, 200
04/03/2020,17:33,8.19,8.19,8.19,8.19, 200
04/03/2020,17:38,8.12,8.12,8.12,8.12, 200
04/03/2020,17:40,8.3,8.3,8.3,8.3, 200
04/03/2020,17:44,8.12,8.12,8.12,8.12, 100
04/03/2020,17:50,8.1,8.1,8.1,8.1, 200
04/03/2020,17:51,8.1,8.21,8.1,8.21, 3700
04/03/2020,17:54,8.272,8.272,8.272,8.272, 240
04/03/2020,17:56,8.11,8.11,8.11,8.11, 100
04/03/2020,18:09,8.209,8.209,8.209,8.209, 700
04/03/2020,18:21,8.22,8.224,8.16,8.224, 465
04/03/2020,18:25,8.225,8.225,8.15,8.154, 3724
04/03/2020,18:28,8.18,8.18,8.18,8.18, 300
04/03/2020,18:29,8.18,8.18,8.16,8.16, 1399
04/03/2020,18:32,8.15,8.15,8.14,8.14, 1099
04/03/2020,18:32,8.14,8.14,8.14,8.14, 1141
04/03/2020,18:37,8.14,8.14,8.14,8.14, 869
04/03/2020,18:43,8.2,8.2,8.2,8.2, 367
04/03/2020,18:51,8.17,8.194,8.13,8.144, 3766
04/03/2020,18:54,8.175,8.175,8.175,8.175, 100
04/03/2020,18:57,8.2,8.2,8.2,8.2, 300
04/03/2020,19:06,8.155,8.155,8.155,8.155, 100
04/03/2020,19:12,8.16,8.16,8.16,8.16, 100
04/03/2020,19:48,8.16,8.16,8.16,8.16, 100
04/03/2020,19:56,8.16,8.16,8.16,8.16, 100
04/03/2020,20:06,8.14,8.154,8.14,8.154, 770
04/03/2020,20:09,8.14,8.14,8.14,8.14, 100
04/03/2020,20:21,8.169,8.169,8.169,8.169, 611
04/03/2020,20:34,8.14,8.14,8.08,8.08, 7182
04/03/2020,20:51,8.1,8.11,8.1,8.1, 1298
04/03/2020,20:52,8.13,8.13,8.13,8.13, 500
04/03/2020,21:00,8.135,8.135,8.135,8.135, 250
04/03/2020,21:01,8.12,8.16,8.12,8.16, 600
04/03/2020,21:11,8.165,8.165,8.165,8.165, 100
04/03/2020,21:15,8.159,8.159,8.159,8.159, 920
04/03/2020,21:33,8.19,8.19,8.19,8.19, 100
04/03/2020,21:49,8.15,8.17,8.15,8.17, 200
04/03/2020,21:51,8.17,8.17,8.17,8.17, 134
04/03/2020,21:52,8.19,8.19,8.19,8.19, 180
04/03/2020,21:59,8.22,8.22,8.22,8.22, 300
04/03/2020,22:00,8.2,8.2,8.19,8.19, 417
04/03/2020,22:01,8.19,8.25,8.19,8.25, 932
04/06/2020,15:31,8.4,8.4,8.4,8.4, 905
04/06/2020,15:31,8.35,8.37,8.33,8.37, 2900
04/06/2020,15:37,8.5,8.5,8.5,8.5, 200
04/06/2020,15:38,8.5,8.5,8.452,8.5, 1121
04/06/2020,15:39,8.41,8.41,8.41,8.41, 100
04/06/2020,15:40,8.5,8.5,8.5,8.5, 700
04/06/2020,15:41,8.55,8.55,8.55,8.55, 328
04/06/2020,15:54,8.53,8.53,8.53,8.53, 100
04/06/2020,15:55,8.6,8.63,8.6,8.63, 500
04/06/2020,15:57,8.6,8.6,8.6,8.6, 100
04/06/2020,16:00,8.55,8.55,8.55,8.55, 100
04/06/2020,16:01,8.55,8.55,8.55,8.55, 700
04/06/2020,16:05,8.55,8.55,8.55,8.55, 100
04/06/2020,16:23,8.578,8.578,8.578,8.578, 120
04/06/2020,16:25,8.6,8.6,8.6,8.6, 210
04/06/2020,16:26,8.622,8.622,8.622,8.622, 150
04/06/2020,16:37,8.56,8.56,8.56,8.56, 100
04/06/2020,16:48,8.56,8.595,8.55,8.593, 16000
04/06/2020,16:49,8.55,8.55,8.55,8.55, 300
04/06/2020,16:51,8.55,8.55,8.55,8.55, 100
04/06/2020,16:54,8.55,8.55,8.55,8.55, 200
04/06/2020,17:03,8.589,8.589,8.589,8.589, 1000
04/06/2020,17:05,8.59,8.606,8.57,8.606, 1200
04/06/2020,17:31,8.61,8.61,8.61,8.61, 100
04/06/2020,17:34,8.62,8.63,8.62,8.63, 1110
04/06/2020,17:40,8.62,8.62,8.62,8.62, 100
04/06/2020,17:47,8.59,8.59,8.59,8.59, 100
04/06/2020,17:50,8.57,8.575,8.55,8.567, 1800
04/06/2020,18:03,8.6,8.6,8.6,8.6, 100
04/06/2020,18:07,8.615,8.615,8.615,8.615, 2000
04/06/2020,18:09,8.58,8.58,8.58,8.58, 100
04/06/2020,18:12,8.6,8.6,8.6,8.6, 100
04/06/2020,18:17,8.6,8.6,8.6,8.6, 100
04/06/2020,18:23,8.62,8.62,8.62,8.62, 1300
04/06/2020,18:29,8.66,8.66,8.66,8.66, 100
04/06/2020,18:31,8.65,8.65,8.65,8.65, 100
04/06/2020,18:51,8.65,8.65,8.65,8.65, 200
04/06/2020,18:51,8.65,8.65,8.65,8.65, 1200
04/06/2020,18:53,8.65,8.65,8.65,8.65, 300
04/06/2020,18:56,8.65,8.65,8.65,8.65, 200
04/06/2020,18:56,8.65,8.65,8.65,8.65, 200
04/06/2020,19:32,8.65,8.65,8.65,8.65, 2600
04/06/2020,19:48,8.66,8.66,8.66,8.66, 100
04/06/2020,19:49,8.66,8.66,8.66,8.66, 100
04/06/2020,19:57,8.66,8.66,8.66,8.66, 100
04/06/2020,19:59,8.653,8.66,8.653,8.66, 700
04/06/2020,20:00,8.653,8.653,8.653,8.653, 500
04/06/2020,20:04,8.655,8.655,8.65,8.65, 1600
04/06/2020,20:11,8.65,8.65,8.65,8.65, 100
04/06/2020,20:13,8.65,8.65,8.65,8.65, 100
04/06/2020,20:15,8.653,8.653,8.653,8.653, 1000
04/06/2020,20:16,8.655,8.655,8.655,8.655, 300
04/06/2020,20:20,8.65,8.65,8.65,8.65, 500
04/06/2020,20:32,8.65,8.663,8.65,8.663, 1300
04/06/2020,21:03,8.675,8.681,8.675,8.681, 600
04/06/2020,21:08,8.69,8.7,8.69,8.7, 2100
04/06/2020,21:51,8.75,8.75,8.75,8.75, 453
04/06/2020,21:54,8.75,8.75,8.75,8.75, 100
04/06/2020,21:56,8.76,8.76,8.76,8.76, 100
04/06/2020,21:57,8.77,8.79,8.77,8.79, 1000
04/06/2020,21:58,8.78,8.79,8.78,8.79, 324
04/06/2020,21:59,8.78,8.78,8.78,8.78, 226
04/06/2020,21:59,8.777,8.777,8.777,8.777, 100
04/06/2020,21:59,8.79,8.79,8.79,8.79, 100
04/06/2020,22:00,8.79,8.79,8.77,8.77, 499
04/07/2020,15:31,8.95,9.012,8.95,9.012, 2374
04/07/2020,15:31,9.03,9.03,9.03,9.03, 351
04/07/2020,15:47,9.065,9.065,9.065,9.065, 200
04/07/2020,15:53,9.074,9.074,9.074,9.074, 1000
04/07/2020,15:55,9.1,9.1,9.1,9.1, 200
04/07/2020,16:00,9.087,9.087,9.087,9.087, 500
04/07/2020,16:07,9.11,9.11,9.11,9.11, 1000
04/07/2020,16:37,9.09,9.09,9.08,9.09, 300
04/07/2020,16:49,9.06,9.06,9.06,9.06, 200
04/07/2020,16:50,9.02,9.04,9.02,9.02, 550
04/07/2020,17:00,8.989,8.989,8.989,8.989, 572
04/07/2020,17:03,8.977,8.977,8.977,8.977, 100
04/07/2020,17:15,8.951,8.951,8.951,8.951, 100
04/07/2020,17:18,8.977,8.977,8.977,8.977, 199
04/07/2020,18:01,9.008,9.008,9.008,9.008, 100
04/07/2020,18:06,9.03,9.03,9.02,9.02, 250
04/07/2020,18:30,9.085,9.085,9.085,9.085, 500
04/07/2020,19:16,9.078,9.078,9.078,9.078, 1000
04/07/2020,19:29,9.06,9.085,9.02,9.02, 2600
04/07/2020,19:30,9,9,9,9, 200
04/07/2020,19:31,9,9,9,9, 400
04/07/2020,19:32,9,9,9,9, 200
04/07/2020,19:33,9,9,9,9, 300
04/07/2020,19:33,9,9,9,9, 657
04/07/2020,19:35,9.008,9.008,9.008,9.008, 350
04/07/2020,19:44,9.005,9.005,9.005,9.005, 160
04/07/2020,19:58,9.02,9.02,9.02,9.02, 100
04/07/2020,20:00,9.005,9.005,9.005,9.005, 418
04/07/2020,20:15,9.02,9.02,9.02,9.02, 100
04/07/2020,20:28,9.01,9.01,9.01,9.01, 950
04/07/2020,20:39,8.99,8.99,8.99,8.99, 100
04/07/2020,20:40,8.98,8.98,8.98,8.98, 100
04/07/2020,20:42,8.99,8.99,8.99,8.99, 100
04/07/2020,20:44,8.97,8.97,8.97,8.97, 150
04/07/2020,20:55,8.95,8.95,8.94,8.94, 350
04/07/2020,20:56,8.955,8.955,8.955,8.955, 100
04/07/2020,21:13,8.939,8.939,8.939,8.939, 250
04/07/2020,21:15,8.93,8.939,8.93,8.939, 200
04/07/2020,21:19,8.97,8.98,8.97,8.98, 500
04/07/2020,21:23,8.98,8.98,8.97,8.97, 435
04/07/2020,21:36,8.95,8.95,8.95,8.95, 100
04/07/2020,21:40,8.95,8.95,8.95,8.95, 100
04/07/2020,21:41,8.948,8.97,8.935,8.95, 1700
04/07/2020,21:46,8.98,8.98,8.98,8.98, 362
04/07/2020,21:51,8.96,8.97,8.96,8.97, 300
04/07/2020,21:51,8.96,8.96,8.94,8.96, 1124
04/07/2020,21:55,8.92,8.94,8.92,8.94, 980
04/07/2020,21:57,8.935,8.95,8.935,8.95, 1504
04/07/2020,21:59,8.96,8.96,8.96,8.96, 200
04/07/2020,22:00,8.96,8.96,8.94,8.94, 312
04/07/2020,22:00,8.95,8.95,8.95,8.95, 200
04/08/2020,15:31,8.95,8.95,8.95,8.95, 1666
04/08/2020,15:33,8.979,9.08,8.979,9.08, 300
04/08/2020,15:34,8.987,8.987,8.987,8.987, 200
04/08/2020,15:35,9.08,9.08,9.08,9.08, 100
04/08/2020,15:37,9.08,9.08,9.08,9.08, 100
04/08/2020,15:41,9.08,9.08,9.08,9.08, 100
04/08/2020,15:44,8.99,8.99,8.99,8.99, 100
04/08/2020,15:46,8.99,8.99,8.99,8.99, 100
04/08/2020,15:49,8.99,8.99,8.99,8.99, 100
04/08/2020,15:54,8.98,8.98,8.98,8.98, 100
04/08/2020,15:57,8.98,8.98,8.98,8.98, 100
04/08/2020,16:00,8.975,8.975,8.92,8.92, 200
04/08/2020,16:02,8.97,8.97,8.97,8.97, 100
04/08/2020,16:03,8.958,8.958,8.958,8.958, 125
04/08/2020,16:04,8.92,8.92,8.92,8.92, 100
04/08/2020,16:05,8.97,8.97,8.97,8.97, 100
04/08/2020,16:07,8.97,8.97,8.97,8.97, 100
04/08/2020,16:09,8.91,8.91,8.91,8.91, 100
04/08/2020,16:10,8.97,8.97,8.97,8.97, 100
04/08/2020,16:13,8.97,8.97,8.97,8.97, 100
04/08/2020,16:16,8.98,8.98,8.98,8.98, 100
04/08/2020,16:17,8.911,8.911,8.911,8.911, 1550
04/08/2020,16:19,8.91,8.91,8.91,8.91, 100
04/08/2020,16:19,8.97,8.97,8.97,8.97, 100
04/08/2020,16:23,8.96,8.96,8.96,8.96, 100
04/08/2020,16:25,8.96,8.96,8.9,8.9, 200
04/08/2020,16:30,8.91,8.91,8.91,8.91, 100
04/08/2020,16:35,8.92,8.92,8.92,8.92, 100
04/08/2020,16:40,8.952,8.952,8.952,8.952, 700
04/08/2020,16:45,8.92,8.92,8.92,8.92, 100
04/08/2020,16:51,8.92,8.92,8.92,8.92, 100
04/08/2020,16:57,8.92,8.92,8.92,8.92, 100
04/08/2020,16:59,8.976,8.976,8.976,8.976, 275
04/08/2020,17:04,8.92,8.92,8.92,8.92, 100
04/08/2020,17:11,8.92,8.92,8.92,8.92, 350
04/08/2020,17:18,8.91,8.91,8.91,8.91, 100
04/08/2020,17:19,8.912,8.912,8.912,8.912, 1054
04/08/2020,17:25,9.005,9.005,9.005,9.005, 250
04/08/2020,17:26,9,9,9,9, 200
04/08/2020,17:31,9,9.03,9,9.03, 1200
04/08/2020,17:40,9,9,9,9, 100
04/08/2020,17:48,9,9,9,9, 100
04/08/2020,17:54,9.051,9.051,9.051,9.051, 100
04/08/2020,17:57,9,9,9,9, 100
04/08/2020,18:08,9,9.03,9,9.03, 1100
04/08/2020,18:08,9.037,9.037,9.037,9.037, 550
04/08/2020,18:18,9.03,9.03,9.03,9.03, 150
04/08/2020,18:19,9,9,9,9, 100
04/08/2020,18:30,9,9.019,9,9.019, 450
04/08/2020,18:32,9.036,9.036,9.036,9.036, 1100
04/08/2020,18:39,9.02,9.02,9.02,9.02, 100
04/08/2020,18:41,9.034,9.034,9.034,9.034, 100
04/08/2020,18:43,8.98,9.025,8.98,9.025, 300
04/08/2020,19:02,9.05,9.05,9.05,9.05, 100
04/08/2020,19:03,9.03,9.03,9.03,9.03, 1100
04/08/2020,19:16,9.06,9.06,9.031,9.031, 1967
04/08/2020,19:28,9.08,9.08,9.08,9.08, 100
04/08/2020,19:30,9.07,9.07,9.07,9.07, 560
04/08/2020,19:35,9.08,9.08,9.08,9.08, 100
04/08/2020,19:37,9.05,9.05,9.03,9.03, 4091
04/08/2020,19:39,9.064,9.064,9.064,9.064, 500
04/08/2020,19:42,9.09,9.09,9.055,9.09, 2300
04/08/2020,19:46,9.051,9.051,9.051,9.051, 468
04/08/2020,20:14,9.11,9.11,9.11,9.11, 200
04/08/2020,20:45,9.13,9.13,9.129,9.129, 3600
04/08/2020,20:46,9.15,9.15,9.15,9.15, 100
04/08/2020,21:00,9.18,9.18,9.18,9.18, 1200
04/08/2020,21:09,9.177,9.177,9.177,9.177, 210
04/08/2020,21:10,9.166,9.172,9.166,9.172, 270
04/08/2020,21:11,9.2,9.2,9.2,9.2, 2000
04/08/2020,21:12,9.2,9.22,9.2,9.22, 900
04/08/2020,21:13,9.22,9.22,9.22,9.22, 327
04/08/2020,21:14,9.2,9.2,9.2,9.2, 100
04/08/2020,21:17,9.21,9.21,9.21,9.21, 440
04/08/2020,21:18,9.2,9.2,9.2,9.2, 200
04/08/2020,21:19,9.205,9.205,9.205,9.205, 100
04/08/2020,21:33,9.22,9.24,9.22,9.22, 3050
04/08/2020,21:33,9.22,9.22,9.2,9.2, 1334
04/08/2020,21:35,9.2,9.2,9.2,9.2, 1214
04/08/2020,21:41,9.182,9.2,9.182,9.2, 200
04/08/2020,21:48,9.18,9.18,9.18,9.18, 220
04/08/2020,21:51,9.29,9.29,9.29,9.29, 1000
04/08/2020,21:51,9.315,9.315,9.315,9.315, 300
04/08/2020,21:58,9.22,9.22,9.22,9.22, 628
04/08/2020,22:00,9.24,9.24,9.24,9.24, 100
04/08/2020,22:01,9.24,9.24,9.21,9.21, 1098
04/09/2020,15:31,9.4,9.4,9.4,9.4, 1983
04/09/2020,15:33,9.39,9.39,9.39,9.39, 950
04/09/2020,15:34,9.419,9.419,9.419,9.419, 500
04/09/2020,15:54,9.46,9.47,9.43,9.47, 2900
04/09/2020,15:56,9.49,9.51,9.435,9.435, 896
04/09/2020,15:58,9.409,9.409,9.409,9.409, 1400
04/09/2020,16:03,9.55,9.55,9.55,9.55, 1500
04/09/2020,16:07,9.585,9.585,9.585,9.585, 1500
04/09/2020,16:11,9.59,9.6,9.59,9.6, 2800
04/09/2020,16:13,9.59,9.59,9.53,9.53, 8400
04/09/2020,16:22,9.52,9.52,9.52,9.52, 100
04/09/2020,16:32,9.48,9.5,9.48,9.5, 200
04/09/2020,16:37,9.5,9.5,9.5,9.5, 100
04/09/2020,16:37,9.48,9.48,9.48,9.48, 100
04/09/2020,16:39,9.5,9.5,9.5,9.5, 200
04/09/2020,16:43,9.505,9.505,9.505,9.505, 100
04/09/2020,16:48,9.52,9.52,9.5,9.5, 2600
04/09/2020,16:59,9.52,9.52,9.5,9.5, 2100
04/09/2020,17:02,9.52,9.52,9.5,9.52, 300
04/09/2020,17:17,9.525,9.57,9.525,9.54, 3700
04/09/2020,17:19,9.52,9.52,9.52,9.52, 500
04/09/2020,17:20,9.507,9.507,9.507,9.507, 575
04/09/2020,17:22,9.489,9.489,9.489,9.489, 1050
04/09/2020,17:26,9.51,9.51,9.51,9.51, 211
04/09/2020,17:31,9.51,9.51,9.51,9.51, 1100
04/09/2020,17:35,9.495,9.495,9.495,9.495, 500
04/09/2020,17:46,9.505,9.505,9.481,9.481, 2000
04/09/2020,17:58,9.48,9.48,9.48,9.48, 100
04/09/2020,18:26,9.56,9.56,9.56,9.56, 300
04/09/2020,18:28,9.544,9.544,9.544,9.544, 100
04/09/2020,18:44,9.547,9.547,9.547,9.547, 300
04/09/2020,18:49,9.549,9.549,9.549,9.549, 260
04/09/2020,18:57,9.56,9.58,9.56,9.58, 200
04/09/2020,19:38,9.54,9.54,9.5,9.5, 1674
04/09/2020,19:47,9.5,9.5,9.48,9.48, 850
04/09/2020,20:01,9.465,9.465,9.465,9.465, 511
04/09/2020,20:07,9.45,9.45,9.42,9.42, 600
04/09/2020,20:11,9.47,9.47,9.47,9.47, 1300
04/09/2020,20:21,9.42,9.44,9.42,9.44, 200
04/09/2020,20:34,9.444,9.444,9.444,9.444, 106
04/09/2020,20:51,9.39,9.39,9.35,9.35, 400
04/09/2020,20:54,9.35,9.35,9.35,9.35, 200
04/09/2020,20:54,9.37,9.4,9.37,9.4, 1000
04/09/2020,20:57,9.33,9.34,9.33,9.34, 300
04/09/2020,21:11,9.37,9.37,9.37,9.37, 245
04/09/2020,21:42,9.419,9.419,9.419,9.419, 250
04/09/2020,21:44,9.38,9.38,9.38,9.38, 100
04/09/2020,21:49,9.42,9.42,9.39,9.39, 278
04/09/2020,21:57,9.42,9.42,9.42,9.42, 100
04/09/2020,21:58,9.42,9.42,9.42,9.42, 115
04/09/2020,22:00,9.39,9.39,9.39,9.39, 100
04/09/2020,22:00,9.42,9.43,9.42,9.43, 276
04/13/2020,15:31,9.34,9.4,9.3,9.3, 3679
04/13/2020,15:32,9.3,9.3,9.3,9.3, 430
04/13/2020,15:36,9.35,9.35,9.35,9.35, 200
04/13/2020,15:42,9.3,9.3,9.25,9.25, 794
04/13/2020,15:44,9.23,9.23,9.23,9.23, 200
04/13/2020,15:48,9.25,9.26,9.25,9.26, 300
04/13/2020,15:49,9.23,9.23,9.23,9.23, 174
04/13/2020,15:51,9.23,9.23,9.23,9.23, 122
04/13/2020,15:51,9.25,9.25,9.21,9.21, 741
04/13/2020,15:53,9.2,9.2,9.2,9.2, 925
04/13/2020,15:55,9.219,9.219,9.219,9.219, 300
04/13/2020,15:57,9.247,9.247,9.247,9.247, 500
04/13/2020,16:21,9.21,9.211,9.21,9.211, 3300
04/13/2020,16:53,9.2,9.2,9.13,9.13, 4875
04/13/2020,17:03,9.12,9.12,9.11,9.11, 500
04/13/2020,17:06,9.145,9.145,9.145,9.145, 500
04/13/2020,17:16,9.155,9.155,9.12,9.12, 2300
04/13/2020,17:32,9.14,9.167,9.14,9.167, 210
04/13/2020,17:39,9.18,9.19,9.16,9.18, 1391
04/13/2020,17:39,9.192,9.192,9.192,9.192, 100
04/13/2020,17:48,9.192,9.192,9.192,9.192, 400
04/13/2020,17:54,9.198,9.198,9.198,9.198, 700
04/13/2020,18:26,9.249,9.25,9.244,9.244, 1550
04/13/2020,18:33,9.27,9.27,9.27,9.27, 100
04/13/2020,18:38,9.252,9.33,9.252,9.33, 5700
04/13/2020,18:39,9.34,9.35,9.34,9.35, 3527
04/13/2020,18:41,9.335,9.335,9.31,9.32, 950
04/13/2020,18:45,9.26,9.26,9.26,9.26, 500
04/13/2020,18:46,9.27,9.27,9.27,9.27, 100
04/13/2020,18:57,9.23,9.23,9.23,9.23, 800
04/13/2020,18:58,9.27,9.27,9.22,9.22, 1934
04/13/2020,19:03,9.23,9.23,9.23,9.23, 100
04/13/2020,19:07,9.23,9.23,9.23,9.23, 576
04/13/2020,19:11,9.29,9.29,9.29,9.29, 100
04/13/2020,19:17,9.29,9.29,9.29,9.29, 100
04/13/2020,19:24,9.29,9.29,9.29,9.29, 100
04/13/2020,19:30,9.29,9.29,9.29,9.29, 100
04/13/2020,19:37,9.29,9.29,9.29,9.29, 100
04/13/2020,19:41,9.32,9.35,9.3,9.346, 681
04/13/2020,19:56,9.32,9.35,9.32,9.35, 200
04/13/2020,19:58,9.3,9.3,9.3,9.3, 100
04/13/2020,20:02,9.35,9.35,9.35,9.35, 100
04/13/2020,20:08,9.35,9.35,9.35,9.35, 100
04/13/2020,20:11,9.32,9.32,9.32,9.32, 100
04/13/2020,20:13,9.303,9.303,9.303,9.303, 3000
04/13/2020,20:15,9.35,9.35,9.35,9.35, 100
04/13/2020,20:19,9.29,9.29,9.29,9.29, 100
04/13/2020,20:21,9.34,9.34,9.34,9.34, 100
04/13/2020,20:27,9.315,9.34,9.315,9.34, 200
04/13/2020,20:33,9.34,9.34,9.34,9.34, 100
04/13/2020,20:38,9.311,9.311,9.311,9.311, 1000
04/13/2020,20:39,9.34,9.34,9.34,9.34, 100
04/13/2020,20:45,9.34,9.34,9.34,9.34, 100
04/13/2020,20:51,9.34,9.34,9.34,9.34, 100
04/13/2020,20:57,9.34,9.34,9.34,9.34, 100
04/13/2020,21:08,9.34,9.34,9.34,9.34, 100
04/13/2020,21:11,9.312,9.312,9.312,9.312, 1000
04/13/2020,21:14,9.34,9.34,9.34,9.34, 200
04/13/2020,21:19,9.35,9.35,9.35,9.35, 100
04/13/2020,21:20,9.35,9.35,9.344,9.35, 2000
04/13/2020,21:23,9.331,9.331,9.331,9.331, 1020
04/13/2020,21:31,9.34,9.34,9.32,9.33, 2325
04/13/2020,21:33,9.333,9.345,9.24,9.24, 17646
04/13/2020,21:38,9.265,9.265,9.265,9.265, 100
04/13/2020,21:41,9.28,9.28,9.28,9.28, 300
04/13/2020,21:46,9.32,9.32,9.32,9.32, 100
04/13/2020,21:49,9.32,9.32,9.32,9.32, 100
04/13/2020,21:51,9.32,9.32,9.32,9.32, 100
04/13/2020,21:53,9.33,9.33,9.33,9.33, 200
04/13/2020,21:58,9.33,9.33,9.32,9.32, 200
04/13/2020,21:59,9.32,9.32,9.32,9.32, 200
04/13/2020,22:00,9.29,9.29,9.29,9.29, 1300
04/13/2020,22:00,9.26,9.26,9.26,9.26, 599
04/13/2020,22:00,9.27,9.27,9.27,9.27, 200
04/14/2020,15:31,9.63,9.63,9.63,9.63, 1700
04/14/2020,15:35,9.455,9.455,9.455,9.455, 100
04/14/2020,15:38,9.63,9.69,9.63,9.67, 700
04/14/2020,15:40,9.579,9.579,9.579,9.579, 1000
04/14/2020,15:40,9.53,9.53,9.53,9.53, 1000
04/14/2020,15:52,9.62,9.62,9.62,9.62, 300
04/14/2020,16:03,9.65,9.65,9.65,9.65, 100
04/14/2020,16:10,9.72,9.72,9.69,9.72, 700
04/14/2020,16:19,9.68,9.68,9.67,9.67, 1100
04/14/2020,16:22,9.67,9.67,9.67,9.67, 125
04/14/2020,16:23,9.677,9.677,9.677,9.677, 200
04/14/2020,16:30,9.65,9.65,9.65,9.65, 261
04/14/2020,16:35,9.639,9.639,9.639,9.639, 100
04/14/2020,16:42,9.59,9.615,9.56,9.57, 4300
04/14/2020,16:42,9.56,9.56,9.56,9.56, 1300
04/14/2020,17:00,9.59,9.59,9.59,9.59, 1820
04/14/2020,17:05,9.56,9.56,9.56,9.56, 100
04/14/2020,17:08,9.511,9.511,9.51,9.51, 858
04/14/2020,17:09,9.5,9.52,9.48,9.52, 2100
04/14/2020,17:24,9.52,9.52,9.495,9.495, 704
04/14/2020,18:17,9.51,9.51,9.51,9.51, 500
04/14/2020,18:29,9.52,9.52,9.52,9.52, 100
04/14/2020,18:39,9.52,9.52,9.52,9.52, 150
04/14/2020,18:39,9.495,9.495,9.495,9.495, 109
04/14/2020,18:40,9.52,9.52,9.52,9.52, 150
04/14/2020,18:54,9.495,9.495,9.47,9.47, 1790
04/14/2020,18:55,9.495,9.495,9.495,9.495, 100
04/14/2020,18:56,9.5,9.5,9.5,9.5, 100
04/14/2020,19:29,9.48,9.48,9.48,9.48, 100
04/14/2020,19:33,9.504,9.504,9.504,9.504, 100
04/14/2020,19:35,9.516,9.52,9.516,9.52, 432
04/14/2020,19:40,9.511,9.511,9.511,9.511, 1050
04/14/2020,19:54,9.52,9.52,9.52,9.52, 200
04/14/2020,20:04,9.52,9.52,9.52,9.52, 100
04/14/2020,20:24,9.52,9.52,9.52,9.52, 404
04/14/2020,20:28,9.51,9.51,9.51,9.51, 800
04/14/2020,20:39,9.495,9.51,9.495,9.51, 4100
04/14/2020,20:41,9.48,9.48,9.48,9.48, 2466
04/14/2020,20:45,9.486,9.486,9.486,9.486, 100
04/14/2020,20:57,9.49,9.49,9.49,9.49, 200
04/14/2020,20:59,9.48,9.49,9.48,9.49, 3325
04/14/2020,21:01,9.48,9.49,9.48,9.48, 2200
04/14/2020,21:03,9.45,9.46,9.45,9.45, 3879
04/14/2020,21:05,9.46,9.46,9.44,9.44, 3000
04/14/2020,21:06,9.432,9.432,9.432,9.432, 100
04/14/2020,21:15,9.41,9.41,9.41,9.41, 100
04/14/2020,21:17,9.41,9.41,9.41,9.41, 700
04/14/2020,21:20,9.407,9.407,9.407,9.407, 300
04/14/2020,21:26,9.42,9.42,9.42,9.42, 600
04/14/2020,21:27,9.42,9.42,9.409,9.42, 1550
04/14/2020,21:34,9.45,9.45,9.435,9.435, 4438
04/14/2020,21:39,9.45,9.45,9.45,9.45, 582
04/14/2020,21:39,9.465,9.465,9.465,9.465, 200
04/14/2020,21:41,9.465,9.465,9.45,9.453, 800
04/14/2020,21:49,9.425,9.45,9.425,9.45, 2300
04/14/2020,21:54,9.45,9.45,9.45,9.45, 108
04/14/2020,22:00,9.425,9.45,9.425,9.45, 1386
04/15/2020,15:31,9.38,9.38,9.38,9.38, 747
04/15/2020,15:36,9.347,9.347,9.347,9.347, 250
04/15/2020,15:42,9.393,9.4,9.393,9.4, 957
04/15/2020,15:51,9.4,9.4,9.4,9.4, 100
04/15/2020,15:56,9.37,9.37,9.33,9.33, 1302
04/15/2020,16:01,9.33,9.33,9.33,9.33, 100
04/15/2020,16:16,9.34,9.34,9.34,9.34, 187
04/15/2020,16:17,9.34,9.34,9.34,9.34, 100
04/15/2020,16:21,9.29,9.305,9.29,9.305, 1100
04/15/2020,16:25,9.27,9.27,9.27,9.27, 1094
04/15/2020,16:28,9.25,9.25,9.25,9.25, 426
04/15/2020,16:29,9.239,9.239,9.239,9.239, 600
04/15/2020,16:33,9.25,9.25,9.25,9.25, 100
04/15/2020,16:34,9.25,9.25,9.25,9.25, 200
04/15/2020,16:48,9.25,9.25,9.25,9.25, 100
04/15/2020,16:49,9.26,9.26,9.26,9.26, 100
04/15/2020,16:50,9.28,9.28,9.28,9.28, 287
04/15/2020,16:54,9.29,9.4,9.29,9.36, 7735
04/15/2020,16:55,9.36,9.36,9.36,9.36, 200
04/15/2020,16:56,9.3,9.3,9.3,9.3, 100
04/15/2020,16:59,9.32,9.363,9.32,9.363, 4255
04/15/2020,17:02,9.32,9.32,9.32,9.32, 100
04/15/2020,17:05,9.33,9.382,9.315,9.344, 2800
04/15/2020,17:09,9.33,9.36,9.33,9.36, 2836
04/15/2020,17:11,9.36,9.36,9.36,9.36, 400
04/15/2020,17:12,9.36,9.36,9.36,9.36, 300
04/15/2020,17:15,9.35,9.39,9.344,9.382, 2485
04/15/2020,17:18,9.35,9.36,9.35,9.35, 700
04/15/2020,17:27,9.35,9.35,9.35,9.35, 650
04/15/2020,17:31,9.35,9.35,9.35,9.35, 725
04/15/2020,17:32,9.35,9.35,9.35,9.35, 200
04/15/2020,17:34,9.36,9.36,9.36,9.36, 214
04/15/2020,17:37,9.335,9.335,9.335,9.335, 100
04/15/2020,17:50,9.33,9.36,9.33,9.345, 1855
04/15/2020,17:57,9.35,9.385,9.35,9.382, 600
04/15/2020,18:00,9.365,9.365,9.36,9.36, 369
04/15/2020,18:04,9.37,9.37,9.37,9.37, 100
04/15/2020,18:05,9.38,9.45,9.38,9.45, 2544
04/15/2020,18:10,9.39,9.39,9.385,9.385, 600
04/15/2020,18:11,9.39,9.4,9.38,9.39, 1100
04/15/2020,18:13,9.4,9.4,9.4,9.4, 432
04/15/2020,18:14,9.41,9.41,9.41,9.41, 200
04/15/2020,18:16,9.38,9.39,9.38,9.39, 500
04/15/2020,18:50,9.375,9.375,9.37,9.37, 200
04/15/2020,18:56,9.37,9.39,9.37,9.39, 300
04/15/2020,19:03,9.39,9.39,9.39,9.39, 100
04/15/2020,19:04,9.4,9.42,9.4,9.42, 500
04/15/2020,19:04,9.43,9.43,9.43,9.43, 300
04/15/2020,19:32,9.41,9.42,9.4,9.4, 1400
04/15/2020,19:34,9.4,9.4,9.4,9.4, 100
04/15/2020,19:41,9.4,9.4,9.4,9.4, 200
04/15/2020,20:00,9.42,9.43,9.42,9.43, 200
04/15/2020,20:11,9.418,9.43,9.418,9.43, 700
04/15/2020,20:29,9.43,9.43,9.42,9.42, 200
04/15/2020,20:29,9.436,9.436,9.436,9.436, 200
04/15/2020,20:43,9.43,9.45,9.43,9.45, 1700
04/15/2020,20:48,9.45,9.45,9.45,9.45, 100
04/15/2020,20:55,9.47,9.5,9.47,9.48, 465
04/15/2020,20:59,9.465,9.54,9.465,9.48, 3207
04/15/2020,21:02,9.51,9.51,9.51,9.51, 235
04/15/2020,21:03,9.51,9.56,9.51,9.56, 800
04/15/2020,21:07,9.54,9.54,9.54,9.54, 500
04/15/2020,21:12,9.53,9.53,9.53,9.53, 431
04/15/2020,21:17,9.481,9.485,9.481,9.485, 200
04/15/2020,21:19,9.49,9.49,9.49,9.49, 100
04/15/2020,21:32,9.44,9.49,9.44,9.481, 700
04/15/2020,21:32,9.51,9.51,9.498,9.498, 2130
04/15/2020,21:34,9.5,9.5,9.5,9.5, 100
04/15/2020,21:36,9.502,9.505,9.502,9.505, 200
04/15/2020,21:37,9.51,9.51,9.51,9.51, 600
04/15/2020,21:38,9.512,9.512,9.512,9.512, 120
04/15/2020,21:39,9.51,9.51,9.51,9.51, 300
04/15/2020,21:43,9.53,9.56,9.52,9.546, 3140
04/15/2020,21:44,9.54,9.54,9.54,9.54, 200
04/15/2020,21:45,9.51,9.515,9.51,9.515, 200
04/15/2020,21:45,9.51,9.51,9.51,9.51, 100
04/15/2020,21:46,9.515,9.52,9.5,9.52, 2300
04/15/2020,21:48,9.55,9.6,9.541,9.6, 4960
04/15/2020,21:48,9.62,9.62,9.62,9.62, 429
04/15/2020,21:49,9.6,9.6,9.6,9.6, 100
04/15/2020,21:51,9.6,9.6,9.6,9.6, 100
04/15/2020,21:52,9.6,9.6,9.6,9.6, 100
04/15/2020,21:52,9.59,9.59,9.59,9.59, 100
04/15/2020,21:53,9.58,9.595,9.58,9.595, 725
04/15/2020,21:55,9.61,9.61,9.59,9.59, 1342
04/15/2020,21:55,9.6,9.6,9.587,9.587, 200
04/15/2020,22:00,9.6,9.6,9.6,9.6, 100
04/15/2020,22:00,9.58,9.62,9.58,9.62, 732
04/16/2020,15:31,9.59,9.59,9.59,9.59, 1530
04/16/2020,15:38,9.676,9.676,9.676,9.676, 1000
04/16/2020,15:46,9.67,9.7,9.67,9.7, 600
04/16/2020,15:49,9.67,9.69,9.67,9.69, 300
04/16/2020,15:55,9.64,9.64,9.63,9.63, 800
04/16/2020,15:59,9.6,9.61,9.6,9.61, 1600
04/16/2020,16:00,9.601,9.601,9.601,9.601, 500
04/16/2020,16:09,9.57,9.57,9.57,9.57, 782
04/16/2020,16:12,9.58,9.58,9.58,9.58, 500
04/16/2020,16:17,9.585,9.585,9.585,9.585, 110
04/16/2020,16:25,9.61,9.61,9.61,9.61, 100
04/16/2020,16:33,9.59,9.59,9.59,9.59, 1562
04/16/2020,16:37,9.64,9.64,9.631,9.631, 700
04/16/2020,16:42,9.64,9.64,9.64,9.64, 200
04/16/2020,17:02,9.65,9.65,9.65,9.65, 400
04/16/2020,17:23,9.68,9.68,9.68,9.68, 100
04/16/2020,17:25,9.688,9.688,9.688,9.688, 499
04/16/2020,17:29,9.7,9.7,9.68,9.7, 1100
04/16/2020,17:33,9.69,9.72,9.69,9.72, 200
04/16/2020,17:37,9.721,9.721,9.721,9.721, 1200
04/16/2020,17:42,9.72,9.72,9.72,9.72, 100
04/16/2020,17:47,9.72,9.72,9.71,9.71, 2175
04/16/2020,17:57,9.7,9.71,9.7,9.71, 2799
04/16/2020,17:59,9.71,9.71,9.71,9.71, 200
04/16/2020,18:03,9.68,9.68,9.68,9.68, 100
04/16/2020,18:05,9.671,9.671,9.671,9.671, 1032
04/16/2020,18:16,9.7,9.7,9.7,9.7, 100
04/16/2020,18:18,9.688,9.688,9.688,9.688, 258
04/16/2020,18:28,9.67,9.69,9.67,9.69, 2100
04/16/2020,18:31,9.68,9.68,9.68,9.68, 200
04/16/2020,18:32,9.66,9.66,9.66,9.66, 1900
04/16/2020,18:44,9.63,9.63,9.63,9.63, 100
04/16/2020,18:55,9.64,9.64,9.64,9.64, 100
04/16/2020,19:23,9.63,9.64,9.63,9.64, 340
04/16/2020,19:34,9.65,9.65,9.65,9.65, 700
04/16/2020,19:42,9.66,9.66,9.66,9.66, 150
04/16/2020,19:55,9.67,9.67,9.67,9.67, 200
04/16/2020,20:01,9.658,9.658,9.658,9.658, 500
04/16/2020,20:05,9.65,9.65,9.65,9.65, 400
04/16/2020,20:06,9.645,9.645,9.645,9.645, 100
04/16/2020,20:07,9.63,9.65,9.63,9.65, 2500
04/16/2020,20:21,9.65,9.65,9.65,9.65, 200
04/16/2020,20:33,9.645,9.645,9.645,9.645, 250
04/16/2020,20:39,9.66,9.67,9.66,9.67, 1300
04/16/2020,20:39,9.68,9.68,9.68,9.68, 427
04/16/2020,20:44,9.66,9.66,9.66,9.66, 400
04/16/2020,20:51,9.66,9.66,9.66,9.66, 500
04/16/2020,20:58,9.655,9.655,9.655,9.655, 103
04/16/2020,21:04,9.649,9.649,9.649,9.649, 200
04/16/2020,21:07,9.67,9.67,9.67,9.67, 135
04/16/2020,21:36,9.67,9.67,9.657,9.67, 600
04/16/2020,21:41,9.67,9.67,9.67,9.67, 146
04/16/2020,21:45,9.67,9.67,9.67,9.67, 100
04/16/2020,21:49,9.669,9.669,9.669,9.669, 120
04/16/2020,21:52,9.67,9.67,9.66,9.66, 495
04/16/2020,22:00,9.67,9.67,9.67,9.67, 100
04/16/2020,22:01,9.67,9.67,9.67,9.67, 10208
04/17/2020,15:31,9.7,9.7,9.7,9.7, 175
04/17/2020,15:35,9.777,9.777,9.777,9.777, 250
04/17/2020,15:38,9.8,9.846,9.73,9.73, 1400
04/17/2020,15:41,9.821,9.821,9.73,9.73, 3010
04/17/2020,15:44,9.859,9.859,9.859,9.859, 1000
04/17/2020,15:49,9.795,9.795,9.795,9.795, 420
04/17/2020,15:57,9.754,9.754,9.73,9.73, 500
04/17/2020,15:59,9.73,9.73,9.73,9.73, 2030
04/17/2020,16:02,9.75,9.75,9.75,9.75, 100
04/17/2020,16:03,9.769,9.769,9.75,9.75, 1470
04/17/2020,16:06,9.73,9.73,9.73,9.73, 300
04/17/2020,16:15,9.75,9.75,9.75,9.75, 300
04/17/2020,16:17,9.74,9.74,9.74,9.74, 100
04/17/2020,16:20,9.73,9.73,9.73,9.73, 100
04/17/2020,16:23,9.72,9.72,9.72,9.72, 100
04/17/2020,16:25,9.71,9.71,9.71,9.71, 300
04/17/2020,16:30,9.71,9.71,9.71,9.71, 300
04/17/2020,16:35,9.71,9.71,9.71,9.71, 100
04/17/2020,16:40,9.69,9.69,9.69,9.69, 300
04/17/2020,16:47,9.69,9.708,9.69,9.708, 550
04/17/2020,16:48,9.69,9.69,9.69,9.69, 100
04/17/2020,16:50,9.68,9.68,9.68,9.68, 300
04/17/2020,16:54,9.67,9.67,9.67,9.67, 100
04/17/2020,16:55,9.67,9.67,9.67,9.67, 100
04/17/2020,17:24,9.68,9.68,9.68,9.68, 218
04/17/2020,17:30,9.68,9.68,9.68,9.68, 200
04/17/2020,17:32,9.68,9.68,9.68,9.68, 200
04/17/2020,17:33,9.673,9.673,9.673,9.673, 100
04/17/2020,17:34,9.66,9.66,9.66,9.66, 200
04/17/2020,17:36,9.67,9.79,9.661,9.731, 9892
04/17/2020,17:37,9.685,9.685,9.685,9.685, 200
04/17/2020,17:39,9.68,9.68,9.68,9.68, 200
04/17/2020,17:42,9.69,9.72,9.68,9.72, 500
04/17/2020,17:45,9.69,9.69,9.61,9.61, 2000
04/17/2020,17:46,9.61,9.61,9.61,9.61, 200
04/17/2020,17:46,9.6,9.6,9.6,9.6, 200
04/17/2020,17:48,9.6,9.6,9.6,9.6, 400
04/17/2020,17:48,9.65,9.65,9.61,9.65, 1405
04/17/2020,17:50,9.62,9.62,9.59,9.59, 500
04/17/2020,17:50,9.6,9.6,9.59,9.59, 200
04/17/2020,17:51,9.59,9.59,9.59,9.59, 300
04/17/2020,17:53,9.58,9.58,9.57,9.57, 500
04/17/2020,17:53,9.57,9.57,9.57,9.57, 300
04/17/2020,17:55,9.57,9.62,9.57,9.62, 2057
04/17/2020,17:57,9.61,9.61,9.61,9.61, 200
04/17/2020,17:59,9.59,9.59,9.59,9.59, 200
04/17/2020,18:01,9.59,9.59,9.59,9.59, 100
04/17/2020,18:03,9.585,9.585,9.585,9.585, 100
04/17/2020,18:03,9.64,9.64,9.64,9.64, 300
04/17/2020,18:05,9.58,9.58,9.58,9.58, 135
04/17/2020,18:29,9.63,9.63,9.63,9.63, 1000
04/17/2020,18:53,9.62,9.62,9.62,9.62, 100
04/17/2020,19:57,9.611,9.63,9.61,9.61, 1775
04/17/2020,20:07,9.64,9.64,9.64,9.64, 100
04/17/2020,20:31,9.64,9.64,9.61,9.61, 2085
04/17/2020,20:32,9.63,9.63,9.63,9.63, 100
04/17/2020,21:05,9.65,9.7,9.64,9.7, 1093
04/17/2020,21:05,9.73,9.74,9.73,9.74, 200
04/17/2020,21:06,9.73,9.74,9.73,9.74, 200
04/17/2020,21:08,9.74,9.75,9.723,9.75, 1000
04/17/2020,21:17,9.72,9.74,9.67,9.718, 3542
04/17/2020,21:19,9.681,9.681,9.681,9.681, 894
04/17/2020,21:28,9.673,9.673,9.673,9.673, 783
04/17/2020,21:28,9.65,9.65,9.65,9.65, 250
04/17/2020,21:40,9.669,9.669,9.669,9.669, 250
04/17/2020,21:42,9.67,9.67,9.67,9.67, 100
04/17/2020,21:50,9.695,9.7,9.69,9.7, 700
04/17/2020,21:52,9.705,9.705,9.705,9.705, 200
04/17/2020,21:58,9.71,9.71,9.71,9.71, 726
04/17/2020,21:58,9.71,9.71,9.71,9.71, 200
04/17/2020,22:00,9.71,9.71,9.69,9.69, 319
04/17/2020,22:01,9.73,9.74,9.73,9.74, 9911

