02/03/2020,15:31,.58,.58,.54,.55, 30149
02/03/2020,15:33,.552,.57,.552,.57, 800
02/03/2020,15:34,.59,.59,.59,.59, 200
02/03/2020,15:35,.578,.59,.578,.59, 4500
02/03/2020,15:38,.6,.6,.6,.6, 300
02/03/2020,15:42,.591,.591,.591,.591, 3900
02/03/2020,15:43,.591,.591,.591,.591, 5959
02/03/2020,15:45,.59,.59,.59,.59, 200
02/03/2020,15:47,.59,.59,.59,.59, 200
02/03/2020,15:48,.596,.596,.59,.59, 1350
02/03/2020,15:49,.59,.59,.59,.59, 400
02/03/2020,15:50,.59,.59,.59,.59, 200
02/03/2020,15:52,.59,.59,.59,.59, 100
02/03/2020,15:53,.59,.59,.59,.59, 290
02/03/2020,15:54,.59,.59,.59,.59, 100
02/03/2020,15:58,.59,.59,.59,.59, 482
02/03/2020,16:01,.59,.59,.58,.58, 5075
02/03/2020,16:03,.58,.581,.58,.581, 1350
02/03/2020,16:04,.58,.58,.58,.58, 304
02/03/2020,16:11,.585,.585,.585,.585, 500
02/03/2020,16:16,.585,.585,.585,.585, 3248
02/03/2020,16:19,.586,.586,.586,.586, 100
02/03/2020,16:29,.586,.586,.585,.585, 2875
02/03/2020,16:31,.585,.585,.585,.585, 700
02/03/2020,16:34,.596,.596,.585,.585, 1100
02/03/2020,16:37,.585,.585,.585,.585, 600
02/03/2020,16:43,.586,.586,.586,.586, 200
02/03/2020,16:45,.585,.585,.585,.585, 463
02/03/2020,16:50,.585,.585,.585,.585, 100
02/03/2020,16:58,.585,.585,.585,.585, 300
02/03/2020,17:00,.588,.588,.585,.585, 2976
02/03/2020,17:10,.596,.596,.596,.596, 1500
02/03/2020,17:12,.6,.602,.598,.602, 8498
02/03/2020,17:15,.6,.6,.6,.6, 100
02/03/2020,17:23,.6,.6,.6,.6, 600
02/03/2020,17:25,.6,.6,.6,.6, 200
02/03/2020,17:27,.6,.6,.6,.6, 690
02/03/2020,17:37,.593,.593,.593,.593, 341
02/03/2020,17:38,.588,.588,.588,.588, 500
02/03/2020,17:39,.585,.585,.585,.585, 4600
02/03/2020,17:42,.585,.585,.585,.585, 7590
02/03/2020,17:45,.585,.585,.585,.585, 100
02/03/2020,17:59,.59,.59,.59,.59, 950
02/03/2020,18:00,.59,.59,.59,.59, 1000
02/03/2020,18:06,.588,.588,.588,.588, 500
02/03/2020,18:09,.59,.59,.59,.59, 100
02/03/2020,19:19,.586,.586,.586,.586, 600
02/03/2020,19:20,.586,.586,.586,.586, 500
02/03/2020,19:21,.586,.586,.586,.586, 600
02/03/2020,19:27,.586,.586,.586,.586, 126
02/03/2020,19:51,.586,.586,.586,.586, 350
02/03/2020,20:07,.586,.586,.586,.586, 160
02/03/2020,20:24,.586,.586,.586,.586, 1375
02/03/2020,20:45,.586,.586,.586,.586, 100
02/03/2020,20:46,.586,.586,.586,.586, 100
02/03/2020,20:47,.586,.586,.586,.586, 650
02/03/2020,20:54,.585,.585,.58,.58, 5061
02/03/2020,20:56,.58,.584,.58,.58, 2100
02/03/2020,21:00,.58,.58,.58,.58, 200
02/03/2020,21:03,.581,.581,.58,.58, 1200
02/03/2020,21:07,.58,.58,.58,.58, 100
02/03/2020,21:17,.582,.582,.582,.582, 2100
02/03/2020,21:18,.582,.582,.582,.582, 300
02/03/2020,21:23,.584,.584,.584,.584, 100
02/03/2020,21:35,.584,.586,.584,.586, 1100
02/03/2020,21:42,.586,.586,.586,.586, 100
02/03/2020,21:48,.586,.586,.586,.586, 1300
02/03/2020,21:50,.586,.59,.586,.59, 1170
02/03/2020,21:51,.59,.59,.59,.59, 2537
02/03/2020,21:53,.59,.602,.59,.602, 2164
02/03/2020,21:54,.582,.582,.582,.582, 100
02/03/2020,21:55,.582,.582,.582,.582, 100
02/03/2020,21:59,.593,.593,.593,.593, 145
02/03/2020,22:00,.597,.597,.597,.597, 148
02/03/2020,22:01,.582,.582,.582,.582, 696
02/04/2020,15:31,.59,.59,.59,.59, 12729
02/04/2020,15:32,.59,.59,.59,.59, 10790
02/04/2020,15:34,.59,.59,.59,.59, 10000
02/04/2020,15:38,.587,.59,.587,.59, 4300
02/04/2020,15:45,.585,.585,.585,.585, 150
02/04/2020,15:51,.585,.585,.585,.585, 839
02/04/2020,15:53,.585,.585,.585,.585, 100
02/04/2020,15:57,.582,.582,.582,.582, 2000
02/04/2020,16:02,.582,.582,.582,.582, 17900
02/04/2020,16:04,.582,.582,.582,.582, 100
02/04/2020,16:17,.583,.59,.57,.57, 4774
02/04/2020,16:17,.585,.585,.585,.585, 100
02/04/2020,16:25,.582,.582,.582,.582, 1140
02/04/2020,16:28,.6,.6,.6,.6, 6500
02/04/2020,16:29,.582,.582,.582,.582, 324
02/04/2020,16:33,.582,.59,.582,.59, 147594
02/04/2020,16:34,.59,.59,.59,.59, 700
02/04/2020,16:36,.584,.59,.583,.59, 600
02/04/2020,16:37,.59,.603,.59,.603, 4475
02/04/2020,16:38,.604,.612,.604,.612, 17600
02/04/2020,16:39,.613,.62,.611,.62, 11600
02/04/2020,16:40,.618,.62,.598,.618, 8221
02/04/2020,16:41,.618,.618,.618,.618, 174
02/04/2020,16:43,.618,.618,.615,.618, 2176
02/04/2020,16:43,.617,.617,.617,.617, 400
02/04/2020,16:47,.618,.618,.609,.618, 8100
02/04/2020,16:48,.618,.618,.609,.618, 5793
02/04/2020,16:49,.618,.62,.609,.618, 6100
02/04/2020,16:51,.618,.618,.618,.618, 1000
02/04/2020,16:56,.597,.6,.597,.6, 340
02/04/2020,16:59,.597,.597,.597,.597, 1000
02/04/2020,17:00,.597,.597,.597,.597, 300
02/04/2020,17:01,.598,.598,.598,.598, 700
02/04/2020,17:02,.597,.597,.582,.585, 11470
02/04/2020,17:03,.597,.597,.597,.597, 700
02/04/2020,17:06,.586,.586,.585,.585, 826
02/04/2020,17:06,.585,.585,.585,.585, 100
02/04/2020,17:08,.585,.585,.585,.585, 200
02/04/2020,17:10,.586,.595,.586,.595, 1900
02/04/2020,17:11,.595,.595,.595,.595, 322
02/04/2020,17:14,.589,.589,.589,.589, 1000
02/04/2020,17:15,.589,.589,.589,.589, 296
02/04/2020,17:17,.589,.589,.589,.589, 5600
02/04/2020,17:20,.583,.583,.583,.583, 175
02/04/2020,17:22,.583,.583,.583,.583, 353
02/04/2020,17:22,.597,.597,.597,.597, 4999
02/04/2020,17:24,.597,.597,.597,.597, 3500
02/04/2020,17:29,.597,.597,.597,.597, 1625
02/04/2020,17:35,.597,.597,.597,.597, 850
02/04/2020,17:37,.596,.596,.596,.596, 100
02/04/2020,17:39,.583,.585,.583,.585, 1600
02/04/2020,17:44,.584,.584,.584,.584, 2704
02/04/2020,17:51,.596,.6,.596,.6, 600
02/04/2020,17:56,.6,.6,.6,.6, 120
02/04/2020,18:09,.584,.584,.584,.584, 100
02/04/2020,18:36,.594,.6,.594,.6, 1000
02/04/2020,18:39,.595,.595,.595,.595, 500
02/04/2020,18:45,.59,.59,.59,.59, 550
02/04/2020,19:04,.6,.6,.6,.6, 150
02/04/2020,19:26,.592,.592,.592,.592, 100
02/04/2020,19:27,.592,.592,.592,.592, 212
02/04/2020,19:33,.583,.6,.583,.6, 250
02/04/2020,19:34,.6,.6,.6,.6, 150
02/04/2020,19:34,.6,.6,.6,.6, 150
02/04/2020,19:48,.6,.6,.6,.6, 100
02/04/2020,20:19,.589,.589,.583,.583, 3165
02/04/2020,20:24,.584,.584,.582,.582, 5999
02/04/2020,20:35,.59,.59,.59,.59, 1000
02/04/2020,20:39,.59,.59,.59,.59, 1525
02/04/2020,20:54,.585,.585,.585,.585, 100
02/04/2020,20:54,.585,.588,.585,.588, 205
02/04/2020,20:55,.585,.585,.585,.585, 270
02/04/2020,21:03,.585,.585,.585,.585, 100
02/04/2020,21:06,.59,.59,.59,.59, 2000
02/04/2020,21:11,.585,.585,.585,.585, 100
02/04/2020,21:14,.587,.587,.587,.587, 100
02/04/2020,21:17,.585,.585,.585,.585, 6000
02/04/2020,21:20,.585,.585,.585,.585, 134
02/04/2020,21:25,.585,.585,.585,.585, 5500
02/04/2020,21:26,.585,.585,.585,.585, 100
02/04/2020,21:27,.588,.588,.588,.588, 400
02/04/2020,21:28,.585,.585,.585,.585, 100
02/04/2020,21:32,.59,.59,.585,.585, 2100
02/04/2020,21:35,.585,.585,.584,.584, 2904
02/04/2020,21:39,.582,.582,.581,.581, 4395
02/04/2020,21:39,.581,.581,.581,.581, 200
02/04/2020,21:40,.581,.581,.581,.581, 500
02/04/2020,21:42,.581,.582,.581,.582, 526
02/04/2020,21:44,.59,.59,.59,.59, 100
02/04/2020,21:45,.582,.582,.58,.58, 12253
02/04/2020,21:54,.58,.581,.58,.581, 1710
02/04/2020,21:59,.585,.585,.585,.585, 917
02/05/2020,15:31,.585,.585,.585,.585, 1283
02/05/2020,15:40,.583,.583,.58,.58, 3650
02/05/2020,15:41,.585,.585,.585,.585, 400
02/05/2020,15:44,.592,.592,.592,.592, 500
02/05/2020,15:51,.584,.584,.584,.584, 100
02/05/2020,15:54,.592,.6,.592,.6, 900
02/05/2020,15:58,.591,.591,.591,.591, 100
02/05/2020,16:00,.586,.586,.586,.586, 5999
02/05/2020,16:03,.584,.584,.584,.584, 100
02/05/2020,16:06,.6,.6,.6,.6, 2000
02/05/2020,16:09,.597,.597,.597,.597, 1700
02/05/2020,16:11,.584,.597,.584,.597, 300
02/05/2020,16:14,.586,.586,.586,.586, 100
02/05/2020,16:16,.584,.584,.584,.584, 100
02/05/2020,16:19,.586,.586,.586,.586, 100
02/05/2020,16:23,.585,.585,.585,.585, 100
02/05/2020,16:27,.586,.586,.584,.584, 200
02/05/2020,16:32,.585,.585,.585,.585, 100
02/05/2020,16:46,.595,.595,.595,.595, 1000
02/05/2020,16:48,.588,.588,.588,.588, 2000
02/05/2020,16:50,.588,.588,.588,.588, 100
02/05/2020,16:54,.588,.588,.588,.588, 100
02/05/2020,16:56,.594,.594,.594,.594, 6000
02/05/2020,16:57,.588,.588,.588,.588, 1100
02/05/2020,17:04,.585,.585,.585,.585, 100
02/05/2020,17:13,.584,.584,.584,.584, 100
02/05/2020,17:20,.584,.584,.584,.584, 100
02/05/2020,17:22,.584,.584,.584,.584, 200
02/05/2020,17:23,.584,.584,.584,.584, 100
02/05/2020,17:46,.586,.586,.586,.586, 650
02/05/2020,17:47,.587,.587,.587,.587, 100
02/05/2020,17:55,.59,.59,.59,.59, 100
02/05/2020,18:12,.59,.59,.59,.59, 200
02/05/2020,18:39,.593,.595,.593,.595, 9100
02/05/2020,18:40,.595,.595,.595,.595, 2750
02/05/2020,18:42,.593,.593,.59,.59, 500
02/05/2020,18:46,.59,.59,.59,.59, 200
02/05/2020,18:48,.594,.594,.594,.594, 400
02/05/2020,18:51,.594,.594,.594,.594, 100
02/05/2020,18:52,.593,.593,.59,.593, 1426
02/05/2020,18:53,.59,.59,.59,.59, 100
02/05/2020,19:02,.59,.59,.59,.59, 400
02/05/2020,19:17,.59,.59,.59,.59, 2387
02/05/2020,19:19,.584,.584,.584,.584, 200
02/05/2020,19:24,.59,.59,.59,.59, 300
02/05/2020,19:25,.585,.59,.584,.584, 4600
02/05/2020,19:28,.584,.584,.584,.584, 12742
02/05/2020,19:30,.584,.584,.58,.58, 8314
02/05/2020,19:34,.59,.59,.59,.59, 154
02/05/2020,19:35,.585,.585,.585,.585, 400
02/05/2020,19:46,.586,.586,.586,.586, 760
02/05/2020,19:54,.595,.595,.595,.595, 100
02/05/2020,19:55,.586,.586,.586,.586, 100
02/05/2020,20:06,.587,.588,.587,.588, 6652
02/05/2020,20:20,.587,.587,.587,.587, 200
02/05/2020,20:21,.587,.587,.587,.587, 250
02/05/2020,20:25,.584,.584,.584,.584, 310
02/05/2020,20:27,.587,.587,.587,.587, 700
02/05/2020,20:30,.587,.587,.587,.587, 200
02/05/2020,20:32,.587,.587,.587,.587, 200
02/05/2020,20:34,.595,.595,.595,.595, 150
02/05/2020,20:36,.587,.587,.587,.587, 130
02/05/2020,20:36,.591,.591,.591,.591, 200
02/05/2020,20:38,.595,.595,.595,.595, 950
02/05/2020,20:39,.595,.595,.595,.595, 2000
02/05/2020,20:43,.587,.587,.587,.587, 100
02/05/2020,20:58,.586,.586,.586,.586, 100
02/05/2020,21:14,.588,.588,.588,.588, 164
02/05/2020,21:23,.588,.588,.583,.583, 950
02/05/2020,21:24,.589,.589,.589,.589, 100
02/05/2020,21:26,.583,.583,.583,.583, 100
02/05/2020,21:27,.583,.583,.583,.583, 200
02/05/2020,21:33,.584,.584,.584,.584, 899
02/05/2020,21:35,.59,.59,.59,.59, 500
02/05/2020,21:51,.584,.584,.584,.584, 412
02/05/2020,21:59,.584,.584,.584,.584, 310
02/06/2020,15:31,.57,.583,.57,.583, 9263
02/06/2020,15:34,.59,.59,.59,.59, 100
02/06/2020,15:38,.58,.58,.58,.58, 1750
02/06/2020,15:52,.585,.585,.585,.585, 168
02/06/2020,15:52,.585,.585,.585,.585, 800
02/06/2020,15:54,.59,.59,.59,.59, 2792
02/06/2020,15:59,.581,.581,.581,.581, 210
02/06/2020,16:05,.58,.58,.58,.58, 5200
02/06/2020,16:07,.579,.584,.573,.573, 8785
02/06/2020,16:10,.573,.575,.573,.575, 6000
02/06/2020,16:10,.576,.576,.576,.576, 500
02/06/2020,16:12,.575,.575,.57,.57, 9232
02/06/2020,16:13,.57,.57,.56,.57, 2966
02/06/2020,16:13,.57,.57,.57,.57, 5000
02/06/2020,16:14,.57,.57,.57,.57, 500
02/06/2020,16:15,.57,.57,.57,.57, 239
02/06/2020,16:16,.57,.57,.57,.57, 200
02/06/2020,16:19,.57,.58,.57,.58, 878
02/06/2020,16:22,.57,.57,.57,.57, 200
02/06/2020,16:23,.57,.57,.57,.57, 100
02/06/2020,16:24,.58,.58,.58,.58, 250
02/06/2020,16:26,.571,.575,.571,.575, 10100
02/06/2020,16:27,.575,.575,.575,.575, 100
02/06/2020,16:27,.576,.576,.576,.576, 10000
02/06/2020,16:29,.576,.576,.57,.57, 10190
02/06/2020,16:30,.59,.59,.575,.575, 10600
02/06/2020,16:31,.576,.576,.57,.57, 10100
02/06/2020,16:33,.565,.576,.565,.576, 10100
02/06/2020,16:34,.566,.57,.565,.565, 20426
02/06/2020,16:34,.585,.585,.567,.567, 496
02/06/2020,16:35,.571,.571,.571,.571, 100
02/06/2020,16:39,.571,.571,.571,.571, 100
02/06/2020,16:45,.58,.58,.58,.58, 724
02/06/2020,16:47,.572,.572,.572,.572, 100
02/06/2020,16:48,.572,.572,.572,.572, 170
02/06/2020,16:50,.58,.58,.58,.58, 2200
02/06/2020,17:04,.58,.58,.58,.58, 1000
02/06/2020,17:09,.58,.58,.58,.58, 4000
02/06/2020,17:13,.58,.58,.58,.58, 2000
02/06/2020,17:15,.572,.578,.572,.578, 594
02/06/2020,17:18,.577,.577,.577,.577, 100
02/06/2020,17:19,.575,.576,.575,.576, 1100
02/06/2020,17:21,.576,.58,.576,.577, 1325
02/06/2020,17:27,.578,.578,.578,.578, 500
02/06/2020,17:31,.58,.58,.58,.58, 600
02/06/2020,17:35,.578,.578,.578,.578, 100
02/06/2020,17:39,.58,.58,.58,.58, 214
02/06/2020,17:46,.582,.582,.581,.581, 2795
02/06/2020,17:59,.58,.58,.58,.58, 200
02/06/2020,18:14,.58,.58,.575,.575, 5409
02/06/2020,18:15,.572,.572,.572,.572, 200
02/06/2020,18:26,.573,.573,.573,.573, 200
02/06/2020,19:21,.578,.578,.578,.578, 100
02/06/2020,19:31,.58,.58,.58,.58, 150
02/06/2020,19:37,.58,.58,.58,.58, 100
02/06/2020,19:41,.58,.58,.578,.578, 1100
02/06/2020,19:42,.575,.575,.575,.575, 100
02/06/2020,19:45,.572,.572,.571,.571, 11455
02/06/2020,19:52,.575,.575,.575,.575, 1000
02/06/2020,20:02,.575,.575,.575,.575, 2954
02/06/2020,20:05,.575,.575,.575,.575, 14972
02/06/2020,20:06,.575,.575,.575,.575, 200
02/06/2020,20:09,.575,.575,.575,.575, 7604
02/06/2020,20:16,.575,.575,.575,.575, 606
02/06/2020,20:18,.572,.572,.572,.572, 3000
02/06/2020,20:25,.572,.572,.572,.572, 200
02/06/2020,20:33,.572,.572,.572,.572, 200
02/06/2020,20:38,.572,.572,.572,.572, 200
02/06/2020,20:48,.574,.574,.574,.574, 180
02/06/2020,20:51,.572,.572,.572,.572, 100
02/06/2020,21:01,.573,.573,.573,.573, 100
02/06/2020,21:19,.571,.571,.571,.571, 2000
02/06/2020,21:35,.574,.574,.573,.573, 200
02/06/2020,21:38,.573,.573,.57,.57, 7200
02/06/2020,21:48,.574,.574,.574,.574, 1065
02/06/2020,21:55,.57,.57,.57,.57, 3000
02/06/2020,21:55,.57,.57,.57,.57, 100
02/06/2020,21:59,.57,.57,.57,.57, 13952
02/06/2020,22:01,.577,.577,.577,.577, 635
02/07/2020,15:31,.561,.561,.561,.561, 2428
02/07/2020,15:32,.569,.569,.569,.569, 10400
02/07/2020,15:36,.569,.569,.569,.569, 6100
02/07/2020,15:37,.562,.562,.562,.562, 3000
02/07/2020,15:38,.562,.562,.562,.562, 1000
02/07/2020,15:39,.566,.566,.566,.566, 795
02/07/2020,15:41,.563,.563,.563,.563, 100
02/07/2020,15:43,.567,.569,.567,.569, 5099
02/07/2020,15:44,.567,.567,.567,.567, 200
02/07/2020,15:46,.563,.563,.563,.563, 14374
02/07/2020,15:47,.562,.562,.562,.562, 1170
02/07/2020,15:49,.562,.562,.562,.562, 400
02/07/2020,15:50,.562,.562,.561,.561, 19050
02/07/2020,15:51,.561,.561,.561,.561, 9330
02/07/2020,15:54,.561,.561,.561,.561, 971
02/07/2020,15:56,.561,.581,.561,.579, 4999
02/07/2020,16:02,.57,.57,.57,.57, 100
02/07/2020,16:05,.569,.569,.569,.569, 3281
02/07/2020,16:07,.57,.57,.561,.561, 600
02/07/2020,16:10,.561,.561,.56,.561, 2337
02/07/2020,16:11,.56,.56,.551,.551, 4056
02/07/2020,16:13,.553,.553,.553,.553, 200
02/07/2020,16:14,.553,.558,.553,.558, 1080
02/07/2020,16:19,.56,.561,.56,.561, 600
02/07/2020,16:21,.56,.56,.56,.56, 100
02/07/2020,16:27,.56,.561,.56,.561, 10354
02/07/2020,16:28,.561,.561,.561,.561, 1400
02/07/2020,16:29,.561,.561,.561,.561, 200
02/07/2020,16:32,.561,.561,.561,.561, 100
02/07/2020,16:34,.561,.561,.561,.561, 500
02/07/2020,16:36,.561,.561,.561,.561, 2400
02/07/2020,16:38,.561,.561,.561,.561, 100
02/07/2020,16:42,.561,.561,.561,.561, 800
02/07/2020,16:44,.561,.57,.561,.57, 19249
02/07/2020,16:45,.57,.578,.57,.578, 3900
02/07/2020,16:46,.57,.57,.57,.57, 550
02/07/2020,16:49,.578,.578,.577,.577, 871
02/07/2020,16:54,.575,.575,.575,.575, 700
02/07/2020,16:54,.573,.573,.573,.573, 1100
02/07/2020,16:59,.565,.565,.565,.565, 100
02/07/2020,17:00,.566,.57,.566,.57, 1338
02/07/2020,17:02,.57,.57,.57,.57, 291
02/07/2020,17:06,.57,.57,.57,.57, 1000
02/07/2020,17:08,.573,.573,.573,.573, 100
02/07/2020,17:11,.575,.575,.575,.575, 200
02/07/2020,17:15,.57,.57,.57,.57, 300
02/07/2020,17:19,.57,.57,.57,.57, 100
02/07/2020,17:49,.574,.574,.574,.574, 196
02/07/2020,17:53,.57,.57,.57,.57, 1126
02/07/2020,18:02,.57,.57,.564,.564, 8700
02/07/2020,18:15,.57,.57,.57,.57, 19998
02/07/2020,18:16,.562,.562,.562,.562, 500
02/07/2020,18:26,.561,.561,.561,.561, 200
02/07/2020,18:27,.565,.565,.563,.563, 1564
02/07/2020,18:35,.561,.561,.561,.561, 100
02/07/2020,18:41,.562,.562,.562,.562, 500
02/07/2020,18:45,.561,.561,.561,.561, 441
02/07/2020,18:49,.561,.561,.561,.561, 3837
02/07/2020,18:51,.561,.561,.561,.561, 1000
02/07/2020,18:53,.562,.562,.562,.562, 100
02/07/2020,18:59,.562,.562,.562,.562, 300
02/07/2020,19:22,.574,.574,.574,.574, 100
02/07/2020,19:24,.574,.574,.57,.57, 200
02/07/2020,19:26,.562,.562,.561,.561, 799
02/07/2020,19:28,.561,.561,.561,.561, 100
02/07/2020,19:29,.561,.561,.561,.561, 1300
02/07/2020,19:35,.562,.562,.562,.562, 1022
02/07/2020,19:37,.562,.562,.562,.562, 200
02/07/2020,19:41,.562,.562,.562,.562, 1000
02/07/2020,19:48,.563,.563,.563,.563, 100
02/07/2020,19:48,.562,.562,.562,.562, 7000
02/07/2020,20:00,.565,.565,.565,.565, 100
02/07/2020,20:16,.561,.561,.561,.561, 2000
02/07/2020,20:18,.561,.561,.561,.561, 200
02/07/2020,20:22,.561,.561,.561,.561, 1948
02/07/2020,20:23,.561,.561,.561,.561, 100
02/07/2020,20:37,.561,.561,.561,.561, 100
02/07/2020,20:39,.561,.564,.561,.564, 5158
02/07/2020,20:47,.565,.565,.565,.565, 3142
02/07/2020,20:49,.566,.566,.566,.566, 550
02/07/2020,20:49,.567,.567,.564,.564, 1166
02/07/2020,20:50,.567,.567,.567,.567, 1075
02/07/2020,21:01,.561,.561,.561,.561, 440
02/07/2020,21:07,.564,.564,.564,.564, 100
02/07/2020,21:22,.564,.564,.564,.564, 500
02/07/2020,21:37,.564,.564,.564,.564, 100
02/07/2020,21:38,.564,.564,.564,.564, 600
02/07/2020,21:49,.567,.567,.561,.564, 10702
02/07/2020,21:52,.564,.564,.561,.561, 300
02/07/2020,22:00,.564,.564,.564,.564, 300
02/07/2020,22:00,.564,.564,.564,.564, 100
02/10/2020,15:34,.567,.567,.567,.567, 100
02/10/2020,15:35,.56,.56,.56,.56, 152
02/10/2020,15:48,.556,.559,.556,.559, 4300
02/10/2020,15:50,.556,.556,.556,.556, 6300
02/10/2020,15:52,.556,.556,.556,.556, 300
02/10/2020,15:53,.556,.556,.556,.556, 1500
02/10/2020,15:56,.556,.556,.556,.556, 500
02/10/2020,16:02,.556,.556,.556,.556, 2000
02/10/2020,16:02,.556,.556,.556,.556, 161
02/10/2020,16:08,.557,.557,.557,.557, 2500
02/10/2020,16:23,.556,.556,.556,.556, 1053
02/10/2020,16:25,.559,.56,.559,.56, 350
02/10/2020,16:29,.556,.556,.556,.556, 100
02/10/2020,16:36,.56,.56,.56,.56, 100
02/10/2020,16:37,.56,.56,.56,.56, 100
02/10/2020,16:39,.56,.56,.56,.56, 2400
02/10/2020,16:45,.56,.56,.56,.56, 1500
02/10/2020,16:56,.566,.568,.566,.568, 200
02/10/2020,16:59,.56,.56,.56,.56, 170
02/10/2020,17:06,.56,.56,.56,.56, 100
02/10/2020,17:12,.58,.58,.58,.58, 1000
02/10/2020,17:18,.56,.56,.56,.56, 2348
02/10/2020,17:19,.56,.56,.56,.56, 990
02/10/2020,17:20,.56,.56,.56,.56, 100
02/10/2020,17:24,.56,.56,.56,.56, 100
02/10/2020,17:26,.56,.56,.56,.56, 100
02/10/2020,17:34,.565,.565,.56,.56, 200
02/10/2020,17:42,.56,.565,.56,.565, 200
02/10/2020,17:53,.56,.56,.56,.56, 200
02/10/2020,18:04,.56,.56,.56,.56, 250
02/10/2020,18:31,.56,.56,.56,.56, 300
02/10/2020,18:33,.567,.567,.567,.567, 513
02/10/2020,18:41,.557,.557,.557,.557, 700
02/10/2020,18:46,.561,.561,.561,.561, 1100
02/10/2020,18:46,.565,.565,.565,.565, 1000
02/10/2020,18:49,.561,.561,.561,.561, 200
02/10/2020,19:02,.561,.561,.561,.561, 190
02/10/2020,19:10,.564,.564,.563,.563, 3000
02/10/2020,19:12,.56,.56,.56,.56, 250
02/10/2020,19:15,.56,.56,.56,.56, 600
02/10/2020,19:16,.56,.56,.56,.56, 500
02/10/2020,19:18,.56,.56,.56,.56, 500
02/10/2020,19:24,.56,.56,.56,.56, 800
02/10/2020,19:25,.556,.556,.556,.556, 1690
02/10/2020,19:28,.556,.556,.556,.556, 4000
02/10/2020,19:35,.556,.556,.556,.556, 100
02/10/2020,20:03,.556,.556,.556,.556, 100
02/10/2020,20:09,.556,.556,.556,.556, 450
02/10/2020,20:22,.556,.556,.556,.556, 100
02/10/2020,20:22,.555,.555,.555,.555, 348
02/10/2020,20:24,.555,.555,.555,.555, 100
02/10/2020,20:43,.555,.555,.555,.555, 3752
02/10/2020,20:46,.552,.552,.552,.552, 400
02/10/2020,20:48,.552,.552,.552,.552, 100
02/10/2020,20:52,.552,.552,.55,.551, 2170
02/10/2020,21:01,.55,.55,.55,.55, 597
02/10/2020,21:02,.55,.55,.55,.55, 200
02/10/2020,21:03,.55,.55,.55,.55, 1075
02/10/2020,21:19,.55,.55,.55,.55, 200
02/10/2020,21:20,.55,.55,.55,.55, 242
02/10/2020,21:22,.55,.55,.55,.55, 100
02/10/2020,21:27,.543,.543,.54,.54, 7686
02/10/2020,21:30,.543,.543,.543,.543, 1000
02/10/2020,21:31,.545,.545,.545,.545, 1000
02/10/2020,21:39,.547,.547,.547,.547, 200
02/10/2020,21:53,.545,.545,.545,.545, 100
02/10/2020,21:59,.548,.548,.548,.548, 700
02/10/2020,22:00,.55,.55,.549,.549, 464
02/10/2020,22:01,.551,.551,.551,.551, 137
02/11/2020,15:31,.546,.557,.546,.557, 1111
02/11/2020,15:34,.55,.558,.546,.558, 2400
02/11/2020,15:35,.546,.546,.546,.546, 100
02/11/2020,15:36,.546,.546,.542,.542, 4718
02/11/2020,15:38,.542,.542,.542,.542, 100
02/11/2020,15:39,.542,.545,.54,.54, 23905
02/11/2020,15:42,.54,.54,.54,.54, 19974
02/11/2020,15:47,.54,.54,.54,.54, 567
02/11/2020,15:48,.54,.54,.54,.54, 100
02/11/2020,15:50,.54,.54,.54,.54, 1420
02/11/2020,15:52,.54,.54,.54,.54, 100
02/11/2020,15:56,.535,.535,.535,.535, 200
02/11/2020,15:58,.54,.54,.54,.54, 1000
02/11/2020,16:08,.54,.54,.54,.54, 300
02/11/2020,16:09,.535,.535,.535,.535, 380
02/11/2020,16:09,.535,.535,.535,.535, 2100
02/11/2020,16:12,.539,.539,.539,.539, 1200
02/11/2020,16:12,.537,.537,.537,.537, 5000
02/11/2020,16:14,.535,.535,.535,.535, 200
02/11/2020,16:15,.535,.535,.535,.535, 1034
02/11/2020,16:16,.535,.536,.535,.536, 5520
02/11/2020,16:23,.535,.535,.535,.535, 300
02/11/2020,16:24,.535,.535,.534,.534, 1869
02/11/2020,16:25,.532,.532,.532,.532, 5231
02/11/2020,16:28,.532,.532,.53,.53, 1625
02/11/2020,16:29,.53,.53,.53,.53, 100
02/11/2020,16:31,.53,.53,.53,.53, 2000
02/11/2020,16:32,.53,.53,.53,.53, 200
02/11/2020,16:34,.53,.53,.53,.53, 1527
02/11/2020,16:37,.53,.53,.53,.53, 200
02/11/2020,16:41,.53,.53,.53,.53, 3372
02/11/2020,16:44,.54,.54,.54,.54, 5000
02/11/2020,16:45,.533,.533,.533,.533, 200
02/11/2020,16:52,.533,.533,.533,.533, 200
02/11/2020,16:58,.533,.533,.533,.533, 4467
02/11/2020,16:58,.53,.53,.53,.53, 500
02/11/2020,17:00,.53,.53,.53,.53, 1000
02/11/2020,17:06,.53,.53,.529,.53, 1100
02/11/2020,17:08,.523,.53,.523,.523, 1900
02/11/2020,17:09,.522,.522,.522,.522, 975
02/11/2020,17:10,.528,.528,.523,.523, 2252
02/11/2020,17:11,.522,.522,.522,.522, 3468
02/11/2020,17:15,.521,.521,.521,.521, 900
02/11/2020,17:18,.526,.526,.521,.521, 200
02/11/2020,17:22,.521,.521,.51,.512, 19968
02/11/2020,17:22,.51,.51,.505,.505, 21474
02/11/2020,17:25,.505,.51,.505,.51, 2100
02/11/2020,17:25,.51,.51,.505,.505, 4500
02/11/2020,17:30,.51,.51,.51,.51, 500
02/11/2020,17:32,.51,.52,.51,.52, 9000
02/11/2020,17:33,.511,.53,.51,.51, 10100
02/11/2020,17:36,.522,.529,.519,.529, 2800
02/11/2020,17:49,.529,.529,.529,.529, 1500
02/11/2020,18:00,.522,.522,.52,.52, 3201
02/11/2020,18:01,.53,.53,.53,.53, 100
02/11/2020,18:23,.53,.53,.53,.53, 300
02/11/2020,18:40,.53,.53,.52,.52, 1500
02/11/2020,18:43,.52,.52,.52,.52, 100
02/11/2020,18:46,.53,.53,.53,.53, 1000
02/11/2020,19:01,.52,.52,.51,.51, 19950
02/11/2020,19:06,.513,.521,.513,.521, 1100
02/11/2020,19:07,.514,.53,.514,.53, 4600
02/11/2020,19:12,.513,.513,.513,.513, 1400
02/11/2020,19:15,.51,.51,.51,.51, 1000
02/11/2020,19:18,.513,.513,.513,.513, 3200
02/11/2020,19:19,.515,.515,.515,.515, 5000
02/11/2020,19:19,.522,.53,.522,.53, 6200
02/11/2020,19:34,.525,.525,.525,.525, 2000
02/11/2020,19:37,.53,.53,.53,.53, 100
02/11/2020,19:58,.521,.521,.521,.521, 2018
02/11/2020,20:10,.521,.521,.521,.521, 100
02/11/2020,20:12,.521,.521,.521,.521, 1065
02/11/2020,20:13,.521,.521,.521,.521, 500
02/11/2020,20:14,.521,.521,.521,.521, 100
02/11/2020,20:45,.521,.521,.521,.521, 800
02/11/2020,21:11,.521,.521,.521,.521, 400
02/11/2020,21:18,.521,.521,.521,.521, 100
02/11/2020,21:25,.521,.521,.521,.521, 100
02/11/2020,21:29,.521,.521,.521,.521, 330
02/11/2020,21:32,.521,.521,.521,.521, 300
02/11/2020,21:45,.521,.521,.521,.521, 100
02/11/2020,21:49,.521,.521,.521,.521, 200
02/11/2020,21:56,.521,.525,.521,.525, 500
02/12/2020,15:31,.54,.54,.525,.525, 1209
02/12/2020,15:33,.525,.525,.525,.525, 1276
02/12/2020,15:38,.535,.535,.535,.535, 1400
02/12/2020,15:40,.53,.53,.53,.53, 203
02/12/2020,15:43,.539,.539,.539,.539, 2000
02/12/2020,15:47,.53,.53,.53,.53, 201
02/12/2020,15:49,.53,.533,.53,.533, 200
02/12/2020,15:51,.535,.535,.535,.535, 100
02/12/2020,15:53,.53,.53,.53,.53, 1300
02/12/2020,15:56,.53,.53,.53,.53, 500
02/12/2020,16:00,.53,.53,.53,.53, 500
02/12/2020,16:03,.533,.533,.53,.53, 3386
02/12/2020,16:05,.53,.53,.53,.53, 600
02/12/2020,16:08,.53,.53,.53,.53, 1373
02/12/2020,16:46,.53,.53,.53,.53, 200
02/12/2020,17:07,.532,.532,.53,.53, 10898
02/12/2020,17:08,.53,.53,.526,.526, 5399
02/12/2020,17:10,.522,.527,.522,.527, 1200
02/12/2020,17:11,.522,.522,.522,.522, 226
02/12/2020,17:12,.522,.528,.522,.528, 626
02/12/2020,17:17,.533,.533,.533,.533, 2100
02/12/2020,17:18,.522,.522,.522,.522, 200
02/12/2020,17:37,.52,.52,.52,.52, 1000
02/12/2020,17:41,.53,.53,.53,.53, 180
02/12/2020,17:48,.521,.521,.521,.521, 5000
02/12/2020,17:49,.522,.522,.522,.522, 200
02/12/2020,17:51,.525,.525,.525,.525, 100
02/12/2020,18:02,.53,.53,.521,.521, 200
02/12/2020,18:21,.521,.521,.521,.521, 2524
02/12/2020,18:38,.526,.526,.526,.526, 300
02/12/2020,18:41,.521,.521,.521,.521, 200
02/12/2020,18:58,.525,.525,.525,.525, 300
02/12/2020,19:04,.525,.525,.525,.525, 300
02/12/2020,19:05,.525,.525,.525,.525, 100
02/12/2020,19:35,.525,.525,.525,.525, 5600
02/12/2020,19:36,.525,.525,.524,.524, 2000
02/12/2020,19:43,.525,.525,.525,.525, 200
02/12/2020,20:03,.523,.523,.523,.523, 200
02/12/2020,20:58,.524,.524,.524,.524, 300
02/12/2020,20:59,.524,.524,.524,.524, 130
02/12/2020,21:00,.525,.525,.525,.525, 659
02/12/2020,21:04,.522,.522,.522,.522, 5000
02/12/2020,21:09,.522,.522,.522,.522, 317
02/12/2020,21:12,.522,.522,.521,.521, 19900
02/12/2020,21:13,.521,.521,.521,.521, 100
02/12/2020,21:28,.522,.522,.522,.522, 780
02/12/2020,21:29,.522,.522,.521,.521, 17365
02/12/2020,21:33,.521,.521,.521,.521, 100
02/12/2020,21:34,.521,.521,.521,.521, 200
02/12/2020,21:35,.521,.521,.521,.521, 100
02/12/2020,21:36,.521,.521,.521,.521, 100
02/12/2020,21:37,.521,.521,.521,.521, 181
02/12/2020,21:38,.521,.521,.52,.52, 6430
02/12/2020,21:40,.52,.52,.516,.516, 2900
02/12/2020,21:41,.515,.515,.515,.515, 200
02/12/2020,21:41,.516,.517,.516,.516, 4865
02/12/2020,21:44,.515,.515,.515,.515, 100
02/12/2020,21:46,.515,.515,.515,.515, 200
02/12/2020,21:48,.515,.515,.515,.515, 100
02/12/2020,21:49,.515,.515,.515,.515, 100
02/12/2020,21:50,.516,.516,.516,.516, 195
02/12/2020,21:53,.516,.516,.516,.516, 200
02/12/2020,21:57,.516,.516,.516,.516, 250
02/12/2020,21:58,.516,.516,.513,.515, 6640
02/12/2020,22:00,.516,.516,.516,.516, 1000
02/13/2020,15:32,.53,.53,.53,.53, 1400
02/13/2020,15:34,.52,.52,.52,.52, 513
02/13/2020,15:35,.524,.524,.524,.524, 100
02/13/2020,15:37,.517,.517,.517,.517, 755
02/13/2020,15:44,.524,.525,.524,.525, 300
02/13/2020,15:45,.525,.525,.525,.525, 217
02/13/2020,15:54,.517,.523,.517,.523, 2185
02/13/2020,15:56,.517,.52,.517,.52, 2220
02/13/2020,16:02,.517,.517,.517,.517, 200
02/13/2020,16:03,.52,.52,.52,.52, 200
02/13/2020,16:04,.523,.523,.523,.523, 1279
02/13/2020,16:11,.52,.52,.52,.52, 100
02/13/2020,16:12,.52,.52,.52,.52, 200
02/13/2020,16:29,.52,.52,.52,.52, 100
02/13/2020,16:30,.52,.52,.52,.52, 964
02/13/2020,16:31,.525,.525,.522,.522, 2600
02/13/2020,16:39,.525,.525,.525,.525, 100
02/13/2020,16:42,.525,.525,.525,.525, 855
02/13/2020,16:49,.52,.52,.52,.52, 300
02/13/2020,16:59,.52,.52,.52,.52, 2000
02/13/2020,17:06,.52,.52,.517,.517, 16580
02/13/2020,17:13,.517,.517,.517,.517, 100
02/13/2020,17:17,.52,.52,.52,.52, 2000
02/13/2020,17:19,.517,.517,.511,.515, 15516
02/13/2020,17:25,.515,.515,.515,.515, 100
02/13/2020,17:30,.515,.515,.515,.515, 100
02/13/2020,17:33,.515,.515,.515,.515, 4000
02/13/2020,17:34,.515,.515,.515,.515, 500
02/13/2020,17:53,.515,.515,.515,.515, 3900
02/13/2020,18:00,.515,.515,.515,.515, 200
02/13/2020,18:04,.515,.515,.515,.515, 400
02/13/2020,18:07,.515,.515,.515,.515, 100
02/13/2020,18:10,.515,.515,.51,.51, 7031
02/13/2020,18:24,.51,.51,.51,.51, 1225
02/13/2020,18:25,.506,.506,.506,.506, 100
02/13/2020,18:26,.505,.505,.505,.505, 500
02/13/2020,18:29,.506,.506,.506,.506, 3100
02/13/2020,18:31,.505,.506,.505,.506, 2100
02/13/2020,18:33,.505,.505,.505,.505, 290
02/13/2020,18:34,.506,.506,.506,.506, 6000
02/13/2020,18:36,.506,.506,.506,.506, 4000
02/13/2020,18:42,.506,.506,.505,.505, 550
02/13/2020,18:44,.505,.505,.5,.5, 4531
02/13/2020,18:45,.501,.501,.501,.501, 6000
02/13/2020,18:46,.502,.515,.501,.512, 18686
02/13/2020,18:47,.515,.515,.515,.515, 10000
02/13/2020,18:48,.501,.501,.501,.501, 400
02/13/2020,18:52,.507,.507,.501,.501, 15000
02/13/2020,18:52,.501,.501,.501,.501, 5000
02/13/2020,19:00,.512,.512,.512,.512, 116
02/13/2020,19:15,.504,.504,.504,.504, 100
02/13/2020,19:17,.503,.503,.503,.503, 1000
02/13/2020,19:26,.507,.507,.507,.507, 500
02/13/2020,19:36,.507,.519,.507,.519, 20000
02/13/2020,19:49,.507,.507,.507,.507, 400
02/13/2020,20:01,.517,.517,.517,.517, 500
02/13/2020,20:15,.519,.519,.519,.519, 5000
02/13/2020,20:21,.52,.52,.52,.52, 140
02/13/2020,20:28,.505,.505,.505,.505, 100
02/13/2020,20:46,.505,.505,.505,.505, 2100
02/13/2020,20:51,.519,.519,.519,.519, 2500
02/13/2020,21:02,.505,.512,.505,.505, 4851
02/13/2020,21:03,.505,.505,.505,.505, 300
02/13/2020,21:18,.501,.502,.501,.501, 4600
02/13/2020,21:20,.503,.503,.501,.501, 2592
02/13/2020,21:28,.503,.503,.503,.503, 1500
02/13/2020,21:29,.502,.503,.502,.502, 800
02/13/2020,21:33,.505,.505,.505,.505, 2342
02/13/2020,21:37,.505,.505,.505,.505, 100
02/13/2020,21:39,.503,.503,.503,.503, 250
02/13/2020,21:42,.503,.503,.503,.503, 200
02/13/2020,21:44,.505,.505,.503,.503, 600
02/13/2020,21:51,.505,.505,.505,.505, 200
02/13/2020,21:53,.503,.504,.5,.5, 16439
02/13/2020,21:54,.5,.5,.5,.5, 300
02/13/2020,21:55,.5,.5,.5,.5, 600
02/13/2020,21:58,.5,.5,.5,.5, 2000
02/13/2020,22:00,.5,.505,.5,.501, 2550
02/14/2020,15:31,.52,.52,.52,.52, 2168
02/14/2020,15:41,.514,.514,.514,.514, 1000
02/14/2020,15:41,.511,.511,.511,.511, 1000
02/14/2020,15:43,.502,.502,.502,.502, 100
02/14/2020,15:46,.52,.52,.52,.52, 5000
02/14/2020,15:52,.52,.52,.52,.52, 200
02/14/2020,15:58,.503,.503,.503,.503, 100
02/14/2020,16:10,.51,.51,.509,.509, 2310
02/14/2020,16:14,.503,.503,.503,.503, 9885
02/14/2020,16:22,.52,.52,.52,.52, 776
02/14/2020,16:28,.515,.515,.515,.515, 150
02/14/2020,16:28,.511,.511,.511,.511, 3012
02/14/2020,16:52,.51,.51,.51,.51, 1900
02/14/2020,17:01,.505,.505,.503,.503, 10000
02/14/2020,17:02,.511,.511,.511,.511, 200
02/14/2020,17:03,.51,.51,.51,.51, 700
02/14/2020,17:07,.51,.511,.51,.51, 1000
02/14/2020,17:09,.505,.505,.505,.505, 100
02/14/2020,17:21,.51,.512,.51,.51, 965
02/14/2020,17:23,.51,.51,.51,.51, 23263
02/14/2020,17:28,.515,.515,.515,.515, 100
02/14/2020,17:38,.51,.51,.51,.51, 100
02/14/2020,17:56,.515,.52,.51,.52, 500
02/14/2020,18:06,.52,.52,.52,.52, 300
02/14/2020,18:12,.514,.514,.51,.51, 600
02/14/2020,18:16,.511,.511,.51,.511, 4626
02/14/2020,18:32,.516,.516,.516,.516, 1000
02/14/2020,18:42,.51,.51,.51,.51, 100
02/14/2020,18:47,.51,.51,.51,.51, 3805
02/14/2020,19:06,.508,.508,.508,.508, 530
02/14/2020,19:08,.506,.506,.506,.506, 100
02/14/2020,19:09,.503,.503,.503,.503, 1000
02/14/2020,19:13,.505,.505,.505,.505, 304
02/14/2020,19:24,.505,.505,.505,.505, 2000
02/14/2020,19:25,.505,.505,.503,.503, 4882
02/14/2020,19:35,.501,.501,.501,.501, 1000
02/14/2020,19:38,.501,.501,.501,.501, 146
02/14/2020,19:45,.507,.507,.507,.507, 100
02/14/2020,19:46,.506,.507,.506,.507, 3904
02/14/2020,19:48,.508,.508,.508,.508, 100
02/14/2020,19:50,.508,.508,.508,.508, 132
02/14/2020,20:01,.51,.51,.51,.51, 200
02/14/2020,20:03,.51,.51,.51,.51, 500
02/14/2020,20:13,.51,.51,.51,.51, 808
02/14/2020,20:22,.512,.512,.512,.512, 100
02/14/2020,20:27,.508,.508,.508,.508, 308
02/14/2020,20:35,.512,.512,.512,.512, 3000
02/14/2020,20:41,.51,.512,.51,.512, 600
02/14/2020,20:47,.513,.519,.513,.519, 3240
02/14/2020,20:59,.513,.513,.513,.513, 100
02/14/2020,21:04,.513,.513,.513,.513, 100
02/14/2020,21:06,.513,.519,.513,.519, 5029
02/14/2020,21:08,.518,.518,.518,.518, 4500
02/14/2020,21:09,.513,.513,.513,.513, 100
02/14/2020,21:12,.513,.513,.513,.513, 1310
02/14/2020,21:12,.513,.513,.513,.513, 400
02/14/2020,21:29,.513,.513,.513,.513, 100
02/14/2020,21:33,.513,.513,.513,.513, 100
02/14/2020,21:36,.513,.513,.513,.513, 100
02/14/2020,21:38,.513,.513,.513,.513, 200
02/14/2020,21:44,.513,.513,.513,.513, 100
02/14/2020,21:45,.513,.513,.513,.513, 200
02/14/2020,21:50,.516,.516,.516,.516, 100
02/14/2020,21:53,.513,.513,.513,.513, 100
02/14/2020,21:55,.513,.513,.5,.51, 6138
02/14/2020,21:56,.508,.508,.508,.508, 100
02/18/2020,15:31,.5,.5,.5,.5, 437
02/18/2020,15:36,.52,.53,.519,.53, 10000
02/18/2020,15:36,.505,.505,.505,.505, 100
02/18/2020,15:38,.511,.511,.511,.511, 240
02/18/2020,15:55,.53,.53,.53,.53, 3153
02/18/2020,15:59,.53,.53,.51,.51, 8979
02/18/2020,16:04,.513,.513,.513,.513, 100
02/18/2020,16:09,.516,.516,.516,.516, 500
02/18/2020,16:09,.515,.515,.515,.515, 555
02/18/2020,16:11,.53,.53,.523,.523, 1500
02/18/2020,16:21,.53,.53,.53,.53, 200
02/18/2020,16:34,.53,.53,.53,.53, 100
02/18/2020,16:37,.515,.519,.515,.519, 1100
02/18/2020,16:50,.526,.528,.515,.515, 2000
02/18/2020,16:52,.522,.522,.522,.522, 100
02/18/2020,16:54,.52,.52,.515,.515, 6202
02/18/2020,17:23,.521,.521,.521,.521, 100
02/18/2020,17:33,.521,.521,.521,.521, 100
02/18/2020,17:44,.53,.53,.52,.52, 18279
02/18/2020,17:54,.529,.529,.529,.529, 201
02/18/2020,18:07,.52,.52,.52,.52, 544
02/18/2020,18:08,.52,.52,.52,.52, 578
02/18/2020,18:09,.52,.52,.52,.52, 200
02/18/2020,18:10,.52,.52,.52,.52, 200
02/18/2020,18:13,.52,.53,.52,.53, 2452
02/18/2020,18:14,.521,.521,.521,.521, 720
02/18/2020,18:15,.52,.52,.52,.52, 200
02/18/2020,18:16,.52,.52,.52,.52, 100
02/18/2020,18:21,.52,.52,.52,.52, 100
02/18/2020,18:29,.525,.525,.525,.525, 400
02/18/2020,18:30,.53,.53,.53,.53, 600
02/18/2020,18:36,.521,.521,.521,.521, 100
02/18/2020,18:42,.523,.523,.523,.523, 1400
02/18/2020,18:51,.523,.523,.523,.523, 200
02/18/2020,18:53,.523,.523,.523,.523, 100
02/18/2020,19:05,.523,.523,.523,.523, 800
02/18/2020,19:06,.523,.523,.523,.523, 800
02/18/2020,19:11,.527,.527,.523,.523, 392
02/18/2020,19:19,.528,.528,.523,.523, 2700
02/18/2020,19:21,.523,.523,.523,.523, 300
02/18/2020,19:32,.526,.526,.526,.526, 100
02/18/2020,19:35,.529,.53,.526,.53, 1300
02/18/2020,19:37,.53,.53,.53,.53, 200
02/18/2020,19:39,.53,.53,.53,.53, 200
02/18/2020,19:41,.53,.53,.53,.53, 101
02/18/2020,20:33,.53,.53,.53,.53, 2200
02/18/2020,20:36,.53,.53,.53,.53, 100
02/18/2020,20:40,.53,.53,.53,.53, 3685
02/18/2020,20:48,.533,.533,.533,.533, 200
02/18/2020,20:54,.53,.53,.53,.53, 1121
02/18/2020,20:56,.53,.53,.53,.53, 500
02/18/2020,20:57,.531,.531,.531,.531, 100
02/18/2020,20:59,.531,.535,.531,.535, 1000
02/18/2020,21:00,.533,.533,.533,.533, 300
02/18/2020,21:10,.532,.532,.532,.532, 100
02/18/2020,21:24,.53,.53,.53,.53, 300
02/18/2020,21:36,.533,.534,.533,.534, 2019
02/18/2020,21:45,.533,.533,.533,.533, 100
02/18/2020,21:50,.53,.53,.52,.52, 8199
02/18/2020,21:51,.52,.521,.52,.521, 600
02/18/2020,21:51,.52,.52,.52,.52, 200
02/18/2020,21:53,.52,.52,.52,.52, 200
02/18/2020,21:56,.525,.525,.525,.525, 400
02/19/2020,15:31,.52,.53,.52,.53, 17997
02/19/2020,15:33,.531,.531,.531,.531, 600
02/19/2020,15:39,.53,.53,.53,.53, 200
02/19/2020,15:41,.539,.539,.539,.539, 752
02/19/2020,15:48,.53,.53,.53,.53, 100
02/19/2020,15:58,.53,.53,.53,.53, 120
02/19/2020,16:06,.53,.538,.53,.538, 1100
02/19/2020,16:10,.54,.54,.54,.54, 140
02/19/2020,16:13,.54,.54,.54,.54, 1165
02/19/2020,16:16,.531,.531,.531,.531, 100
02/19/2020,16:17,.531,.531,.531,.531, 100
02/19/2020,16:18,.536,.536,.536,.536, 100
02/19/2020,16:19,.538,.538,.536,.536, 210
02/19/2020,16:21,.536,.536,.536,.536, 100
02/19/2020,16:22,.536,.536,.536,.536, 100
02/19/2020,16:23,.536,.536,.536,.536, 100
02/19/2020,16:24,.536,.536,.536,.536, 200
02/19/2020,16:25,.54,.54,.54,.54, 119
02/19/2020,16:26,.536,.536,.536,.536, 100
02/19/2020,16:27,.537,.54,.536,.54, 6105
02/19/2020,16:28,.536,.536,.536,.536, 100
02/19/2020,16:29,.537,.537,.536,.536, 200
02/19/2020,16:30,.539,.539,.539,.539, 100
02/19/2020,16:31,.536,.54,.536,.54, 1934
02/19/2020,16:32,.536,.536,.536,.536, 100
02/19/2020,16:33,.536,.536,.536,.536, 100
02/19/2020,16:34,.536,.536,.536,.536, 100
02/19/2020,16:35,.536,.536,.536,.536, 792
02/19/2020,16:36,.536,.536,.536,.536, 100
02/19/2020,16:37,.536,.538,.536,.538, 950
02/19/2020,16:38,.536,.536,.536,.536, 250
02/19/2020,16:41,.536,.536,.536,.536, 100
02/19/2020,16:42,.536,.536,.536,.536, 100
02/19/2020,16:43,.536,.536,.536,.536, 228
02/19/2020,16:44,.54,.55,.54,.55, 8665
02/19/2020,16:45,.55,.569,.54,.569, 26621
02/19/2020,16:46,.569,.574,.569,.574, 8203
02/19/2020,16:47,.57,.59,.57,.572, 7200
02/19/2020,16:47,.58,.58,.573,.573, 855
02/19/2020,16:50,.575,.575,.57,.57, 9347
02/19/2020,16:51,.57,.575,.57,.575, 8630
02/19/2020,16:52,.57,.57,.57,.57, 4413
02/19/2020,16:53,.57,.57,.57,.57, 100
02/19/2020,16:54,.57,.57,.57,.57, 8495
02/19/2020,16:55,.57,.57,.57,.57, 270
02/19/2020,16:56,.57,.57,.57,.57, 5400
02/19/2020,16:57,.57,.57,.57,.57, 1300
02/19/2020,16:58,.57,.57,.57,.57, 1800
02/19/2020,16:59,.57,.57,.57,.57, 961
02/19/2020,17:00,.57,.57,.57,.57, 525
02/19/2020,17:01,.57,.57,.57,.57, 2100
02/19/2020,17:02,.57,.57,.57,.57, 3100
02/19/2020,17:03,.57,.57,.57,.57, 2600
02/19/2020,17:05,.57,.57,.557,.557, 4696
02/19/2020,17:06,.557,.559,.557,.557, 3125
02/19/2020,17:07,.557,.557,.557,.557, 400
02/19/2020,17:08,.562,.562,.557,.557, 852
02/19/2020,17:10,.557,.557,.557,.557, 100
02/19/2020,17:11,.557,.557,.557,.557, 300
02/19/2020,17:12,.557,.557,.557,.557, 100
02/19/2020,17:13,.559,.559,.559,.559, 100
02/19/2020,17:14,.559,.559,.559,.559, 100
02/19/2020,17:15,.559,.559,.557,.557, 200
02/19/2020,17:16,.56,.56,.557,.56, 811
02/19/2020,17:17,.558,.558,.558,.558, 100
02/19/2020,17:18,.558,.558,.558,.558, 100
02/19/2020,17:20,.558,.558,.558,.558, 100
02/19/2020,17:21,.558,.558,.558,.558, 100
02/19/2020,17:22,.558,.558,.558,.558, 100
02/19/2020,17:23,.558,.558,.558,.558, 100
02/19/2020,17:24,.558,.558,.558,.558, 5000
02/19/2020,17:25,.558,.558,.558,.558, 100
02/19/2020,17:26,.557,.557,.557,.557, 500
02/19/2020,17:27,.557,.557,.557,.557, 100
02/19/2020,17:29,.557,.557,.557,.557, 100
02/19/2020,17:30,.56,.56,.55,.55, 200
02/19/2020,17:32,.55,.56,.55,.55, 1270
02/19/2020,17:33,.55,.56,.55,.56, 200
02/19/2020,17:34,.551,.555,.55,.555, 2800
02/19/2020,17:35,.555,.555,.555,.555, 100
02/19/2020,17:37,.555,.555,.555,.555, 100
02/19/2020,17:38,.55,.55,.55,.55, 100
02/19/2020,17:41,.55,.559,.55,.559, 500
02/19/2020,17:42,.55,.55,.55,.55, 100
02/19/2020,17:43,.55,.55,.55,.55, 100
02/19/2020,17:44,.55,.55,.55,.55, 100
02/19/2020,17:44,.55,.55,.55,.55, 110
02/19/2020,17:46,.55,.55,.55,.55, 100
02/19/2020,17:47,.55,.555,.55,.555, 19903
02/19/2020,17:48,.55,.55,.55,.55, 100
02/19/2020,17:49,.55,.55,.55,.55, 100
02/19/2020,17:49,.56,.56,.56,.56, 100
02/19/2020,17:51,.55,.55,.55,.55, 100
02/19/2020,17:52,.55,.55,.55,.55, 100
02/19/2020,17:53,.55,.55,.55,.55, 100
02/19/2020,17:54,.56,.56,.55,.55, 1000
02/19/2020,17:56,.557,.56,.557,.56, 300
02/19/2020,17:57,.556,.56,.556,.56, 345
02/19/2020,18:00,.56,.56,.56,.56, 135
02/19/2020,18:02,.559,.56,.559,.56, 2000
02/19/2020,18:05,.56,.56,.56,.56, 100
02/19/2020,18:07,.557,.557,.557,.557, 100
02/19/2020,18:08,.557,.557,.557,.557, 265
02/19/2020,18:08,.557,.557,.557,.557, 400
02/19/2020,18:14,.557,.557,.557,.557, 100
02/19/2020,18:22,.559,.559,.559,.559, 2500
02/19/2020,18:25,.558,.558,.558,.558, 100
02/19/2020,18:26,.558,.56,.55,.558, 28392
02/19/2020,18:26,.56,.56,.56,.56, 1000
02/19/2020,18:28,.569,.57,.56,.57, 3410
02/19/2020,18:31,.569,.569,.569,.569, 100
02/19/2020,18:34,.569,.569,.564,.569, 1321
02/19/2020,18:35,.569,.569,.564,.569, 1498
02/19/2020,18:36,.564,.569,.564,.569, 5900
02/19/2020,18:39,.569,.569,.569,.569, 617
02/19/2020,18:40,.567,.569,.567,.569, 3602
02/19/2020,18:41,.569,.569,.569,.569, 200
02/19/2020,18:42,.569,.569,.569,.569, 669
02/19/2020,18:43,.569,.569,.569,.569, 5813
02/19/2020,18:45,.569,.569,.569,.569, 100
02/19/2020,18:50,.569,.569,.569,.569, 310
02/19/2020,18:57,.569,.569,.569,.569, 1500
02/19/2020,18:58,.569,.569,.569,.569, 100
02/19/2020,19:03,.569,.569,.569,.569, 350
02/19/2020,19:05,.565,.565,.565,.565, 343
02/19/2020,19:10,.565,.565,.565,.565, 300
02/19/2020,19:12,.565,.565,.565,.565, 150
02/19/2020,19:20,.568,.568,.568,.568, 1000
02/19/2020,19:22,.569,.569,.569,.569, 100
02/19/2020,19:23,.569,.569,.566,.566, 278
02/19/2020,19:24,.569,.569,.569,.569, 100
02/19/2020,19:26,.568,.568,.565,.565, 1100
02/19/2020,19:34,.565,.565,.562,.562, 8600
02/19/2020,19:37,.56,.56,.56,.56, 500
02/19/2020,19:39,.562,.562,.562,.562, 100
02/19/2020,19:42,.56,.56,.56,.56, 200
02/19/2020,19:45,.566,.566,.566,.566, 1000
02/19/2020,19:47,.56,.56,.56,.56, 100
02/19/2020,19:53,.56,.56,.56,.56, 100
02/19/2020,19:54,.56,.56,.56,.56, 1610
02/19/2020,20:02,.56,.56,.56,.56, 200
02/19/2020,20:11,.567,.567,.567,.567, 100
02/19/2020,20:13,.564,.564,.563,.563, 700
02/19/2020,20:13,.567,.567,.567,.567, 500
02/19/2020,20:17,.567,.567,.562,.562, 900
02/19/2020,20:19,.564,.564,.564,.564, 1000
02/19/2020,20:20,.567,.567,.562,.562, 700
02/19/2020,20:22,.564,.564,.564,.564, 300
02/19/2020,20:31,.562,.562,.56,.56, 750
02/19/2020,20:32,.56,.56,.56,.56, 2300
02/19/2020,20:36,.561,.561,.561,.561, 500
02/19/2020,20:37,.561,.561,.561,.561, 200
02/19/2020,20:40,.561,.562,.561,.561, 2992
02/19/2020,20:47,.561,.561,.561,.561, 100
02/19/2020,20:50,.561,.561,.561,.561, 1550
02/19/2020,20:53,.561,.561,.561,.561, 1300
02/19/2020,20:57,.561,.561,.561,.561, 100
02/19/2020,21:01,.561,.561,.561,.561, 270
02/19/2020,21:05,.561,.561,.561,.561, 400
02/19/2020,21:10,.562,.562,.562,.562, 100
02/19/2020,21:11,.562,.562,.562,.562, 1000
02/19/2020,21:13,.561,.561,.561,.561, 2000
02/19/2020,21:17,.562,.562,.561,.562, 1433
02/19/2020,21:18,.565,.565,.565,.565, 1000
02/19/2020,21:19,.565,.565,.565,.565, 2400
02/19/2020,21:25,.564,.564,.564,.564, 500
02/19/2020,21:26,.562,.562,.56,.56, 3100
02/19/2020,21:27,.564,.564,.564,.564, 130
02/19/2020,21:28,.564,.564,.56,.564, 1984
02/19/2020,21:29,.564,.564,.564,.564, 300
02/19/2020,21:30,.564,.564,.564,.564, 200
02/19/2020,21:32,.564,.564,.564,.564, 1000
02/19/2020,21:35,.56,.561,.56,.56, 12700
02/19/2020,21:37,.56,.561,.56,.561, 917
02/19/2020,21:39,.564,.564,.564,.564, 1800
02/19/2020,21:44,.564,.564,.564,.564, 183
02/19/2020,21:45,.561,.561,.561,.561, 100
02/19/2020,21:48,.563,.563,.563,.563, 267
02/19/2020,21:48,.564,.564,.564,.564, 1000
02/19/2020,21:51,.564,.564,.564,.564, 3996
02/19/2020,21:52,.562,.567,.562,.567, 2150
02/19/2020,21:53,.567,.567,.567,.567, 2000
02/19/2020,21:57,.56,.564,.56,.564, 300
02/19/2020,21:58,.567,.567,.567,.567, 3318
02/20/2020,15:31,.579,.579,.579,.579, 3267
02/20/2020,15:31,.57,.57,.57,.57, 300
02/20/2020,15:34,.579,.579,.579,.579, 1000
02/20/2020,15:36,.574,.576,.572,.572, 2150
02/20/2020,15:37,.572,.572,.572,.572, 100
02/20/2020,15:38,.57,.57,.57,.57, 3574
02/20/2020,15:38,.576,.576,.57,.57, 6347
02/20/2020,15:40,.57,.57,.57,.57, 1600
02/20/2020,15:40,.57,.57,.57,.57, 100
02/20/2020,15:50,.567,.57,.567,.57, 2842
02/20/2020,15:57,.569,.569,.569,.569, 1000
02/20/2020,15:59,.567,.568,.567,.568, 1178
02/20/2020,16:00,.563,.563,.56,.56, 6761
02/20/2020,16:05,.567,.57,.567,.57, 1970
02/20/2020,16:09,.57,.57,.567,.567, 2300
02/20/2020,16:10,.567,.567,.56,.56, 300
02/20/2020,16:14,.567,.568,.567,.568, 200
02/20/2020,16:17,.568,.568,.56,.56, 1059
02/20/2020,16:18,.56,.56,.555,.555, 6706
02/20/2020,16:19,.568,.568,.568,.568, 500
02/20/2020,16:20,.56,.56,.56,.56, 5000
02/20/2020,16:22,.56,.56,.555,.555, 2255
02/20/2020,16:23,.568,.568,.568,.568, 130
02/20/2020,16:26,.564,.564,.564,.564, 100
02/20/2020,16:27,.56,.56,.56,.56, 100
02/20/2020,16:34,.56,.56,.56,.56, 1900
02/20/2020,16:36,.555,.568,.555,.568, 1417
02/20/2020,16:37,.568,.568,.568,.568, 500
02/20/2020,16:40,.564,.564,.564,.564, 1130
02/20/2020,16:45,.568,.568,.568,.568, 100
02/20/2020,16:46,.568,.57,.568,.57, 2000
02/20/2020,16:51,.565,.565,.565,.565, 1000
02/20/2020,16:55,.562,.562,.562,.562, 630
02/20/2020,17:03,.56,.56,.56,.56, 500
02/20/2020,17:06,.561,.562,.558,.558, 3562
02/20/2020,17:08,.558,.558,.558,.558, 100
02/20/2020,17:13,.56,.56,.56,.56, 100
02/20/2020,17:21,.558,.558,.558,.558, 920
02/20/2020,17:35,.558,.558,.558,.558, 512
02/20/2020,17:36,.555,.555,.555,.555, 400
02/20/2020,17:37,.56,.56,.56,.56, 100
02/20/2020,17:38,.555,.555,.555,.555, 200
02/20/2020,17:40,.555,.555,.555,.555, 6000
02/20/2020,17:42,.555,.555,.555,.555, 534
02/20/2020,17:47,.555,.555,.555,.555, 494
02/20/2020,17:48,.555,.555,.555,.555, 149
02/20/2020,17:50,.555,.555,.553,.553, 1456
02/20/2020,17:59,.555,.568,.555,.568, 2500
02/20/2020,18:08,.553,.553,.553,.553, 200
02/20/2020,18:15,.555,.555,.555,.555, 100
02/20/2020,18:22,.56,.56,.56,.56, 1500
02/20/2020,18:26,.56,.56,.56,.56, 275
02/20/2020,18:30,.555,.555,.555,.555, 100
02/20/2020,18:41,.555,.555,.555,.555, 100
02/20/2020,18:48,.557,.56,.557,.56, 815
02/20/2020,18:52,.56,.563,.56,.56, 1500
02/20/2020,18:58,.56,.568,.56,.567, 8130
02/20/2020,19:02,.555,.555,.555,.555, 300
02/20/2020,19:03,.555,.555,.555,.555, 152
02/20/2020,19:10,.568,.568,.568,.568, 100
02/20/2020,19:17,.565,.565,.565,.565, 500
02/20/2020,19:20,.564,.564,.564,.564, 240
02/20/2020,19:21,.561,.561,.561,.561, 100
02/20/2020,19:32,.565,.565,.565,.565, 500
02/20/2020,19:37,.564,.564,.564,.564, 100
02/20/2020,19:39,.567,.567,.567,.567, 1000
02/20/2020,19:42,.566,.566,.566,.566, 175
02/20/2020,19:52,.56,.56,.56,.56, 200
02/20/2020,20:00,.56,.56,.56,.56, 100
02/20/2020,20:01,.56,.56,.56,.56, 462
02/20/2020,20:02,.567,.567,.567,.567, 1500
02/20/2020,20:35,.567,.567,.564,.564, 1100
02/20/2020,20:42,.561,.561,.561,.561, 200
02/20/2020,20:44,.561,.561,.561,.561, 1300
02/20/2020,20:47,.561,.561,.561,.561, 200
02/20/2020,20:53,.561,.561,.561,.561, 1000
02/20/2020,20:55,.561,.561,.561,.561, 1938
02/20/2020,20:56,.561,.561,.561,.561, 3000
02/20/2020,21:04,.564,.564,.561,.561, 2015
02/20/2020,21:08,.567,.567,.567,.567, 200
02/20/2020,21:11,.567,.567,.567,.567, 500
02/20/2020,21:12,.567,.567,.567,.567, 161
02/20/2020,21:40,.561,.561,.561,.561, 300
02/20/2020,21:43,.561,.561,.561,.561, 4100
02/20/2020,21:45,.561,.561,.561,.561, 100
02/20/2020,21:46,.56,.561,.56,.56, 2584
02/20/2020,21:48,.56,.56,.56,.56, 100
02/20/2020,21:50,.56,.56,.56,.56, 200
02/20/2020,21:51,.56,.56,.56,.56, 1886
02/20/2020,21:51,.565,.565,.565,.565, 7000
02/20/2020,21:54,.559,.559,.559,.559, 200
02/20/2020,21:56,.559,.559,.559,.559, 200
02/20/2020,21:59,.561,.561,.561,.561, 400
02/21/2020,15:31,.554,.554,.554,.554, 570
02/21/2020,15:40,.556,.556,.554,.554, 8083
02/21/2020,15:41,.554,.555,.554,.555, 12000
02/21/2020,15:46,.57,.57,.57,.57, 1000
02/21/2020,15:50,.56,.56,.559,.559, 772
02/21/2020,15:54,.56,.56,.56,.56, 100
02/21/2020,15:57,.56,.56,.56,.56, 181
02/21/2020,16:05,.556,.556,.554,.554, 1519
02/21/2020,16:10,.554,.555,.554,.554, 3066
02/21/2020,16:11,.555,.57,.555,.57, 3200
02/21/2020,16:14,.554,.554,.554,.554, 100
02/21/2020,16:17,.554,.554,.554,.554, 108
02/21/2020,16:20,.554,.554,.554,.554, 200
02/21/2020,16:28,.554,.554,.554,.554, 400
02/21/2020,16:31,.557,.557,.557,.557, 100
02/21/2020,16:35,.557,.557,.557,.557, 3000
02/21/2020,16:36,.56,.56,.56,.56, 553
02/21/2020,16:37,.557,.557,.557,.557, 100
02/21/2020,16:39,.56,.565,.56,.565, 10000
02/21/2020,16:41,.557,.565,.557,.565, 5361
02/21/2020,16:42,.559,.559,.559,.559, 200
02/21/2020,16:49,.563,.563,.563,.563, 35000
02/21/2020,16:51,.563,.563,.563,.563, 280
02/21/2020,16:54,.564,.567,.564,.567, 3892
02/21/2020,16:54,.566,.566,.566,.566, 200
02/21/2020,16:56,.57,.58,.57,.57, 9370
02/21/2020,16:57,.58,.59,.578,.584, 6352
02/21/2020,16:58,.59,.59,.585,.59, 3071
02/21/2020,16:59,.585,.585,.585,.585, 930
02/21/2020,17:04,.586,.586,.586,.586, 1065
02/21/2020,17:05,.585,.587,.585,.585, 5210
02/21/2020,17:06,.585,.585,.585,.585, 600
02/21/2020,17:07,.58,.58,.58,.58, 100
02/21/2020,17:08,.582,.582,.582,.582, 2304
02/21/2020,17:09,.58,.58,.565,.569, 14326
02/21/2020,17:12,.574,.574,.565,.566, 1290
02/21/2020,17:16,.575,.575,.575,.575, 100
02/21/2020,17:17,.585,.585,.575,.575, 500
02/21/2020,17:29,.575,.575,.575,.575, 100
02/21/2020,17:31,.57,.57,.568,.568, 3437
02/21/2020,17:31,.568,.568,.566,.566, 1100
02/21/2020,17:42,.566,.566,.566,.566, 300
02/21/2020,17:44,.575,.575,.575,.575, 200
02/21/2020,17:45,.566,.566,.566,.566, 100
02/21/2020,17:49,.568,.568,.568,.568, 300
02/21/2020,17:50,.575,.575,.575,.575, 175
02/21/2020,17:53,.569,.569,.569,.569, 100
02/21/2020,17:55,.575,.575,.575,.575, 400
02/21/2020,17:55,.575,.575,.575,.575, 105
02/21/2020,17:58,.575,.575,.575,.575, 100
02/21/2020,18:01,.575,.575,.575,.575, 150
02/21/2020,18:03,.575,.575,.575,.575, 500
02/21/2020,18:05,.569,.569,.569,.569, 100
02/21/2020,18:07,.569,.569,.569,.569, 100
02/21/2020,18:15,.573,.575,.573,.575, 1480
02/21/2020,18:24,.575,.575,.575,.575, 100
02/21/2020,18:32,.575,.575,.575,.575, 1600
02/21/2020,18:35,.575,.575,.57,.57, 26200
02/21/2020,18:36,.571,.571,.571,.571, 600
02/21/2020,18:37,.571,.572,.571,.572, 800
02/21/2020,18:40,.57,.57,.57,.57, 2000
02/21/2020,18:41,.58,.58,.58,.58, 3700
02/21/2020,18:41,.57,.57,.57,.57, 300
02/21/2020,18:45,.574,.574,.574,.574, 100
02/21/2020,18:45,.573,.573,.573,.573, 100
02/21/2020,18:49,.571,.571,.571,.571, 100
02/21/2020,18:52,.57,.57,.57,.57, 100
02/21/2020,19:00,.575,.575,.575,.575, 1400
02/21/2020,19:04,.571,.571,.57,.57, 700
02/21/2020,19:19,.58,.58,.58,.58, 500
02/21/2020,19:21,.575,.575,.575,.575, 1656
02/21/2020,19:22,.57,.571,.57,.571, 600
02/21/2020,19:25,.571,.571,.571,.571, 1833
02/21/2020,19:46,.571,.571,.571,.571, 100
02/21/2020,19:56,.575,.575,.575,.575, 100
02/21/2020,20:16,.575,.575,.575,.575, 500
02/21/2020,20:19,.571,.571,.571,.571, 100
02/21/2020,20:20,.575,.575,.575,.575, 1100
02/21/2020,20:24,.571,.571,.571,.571, 100
02/21/2020,20:26,.575,.575,.571,.571, 3401
02/21/2020,20:31,.575,.575,.575,.575, 1656
02/21/2020,20:32,.575,.575,.575,.575, 144
02/21/2020,20:33,.577,.577,.577,.577, 100
02/21/2020,20:34,.577,.577,.577,.577, 600
02/21/2020,20:35,.577,.577,.577,.577, 1007
02/21/2020,20:43,.577,.577,.577,.577, 200
02/21/2020,20:51,.576,.576,.575,.575, 500
02/21/2020,20:52,.577,.577,.577,.577, 800
02/21/2020,20:54,.575,.575,.575,.575, 200
02/21/2020,21:08,.575,.575,.575,.575, 100
02/21/2020,21:10,.578,.578,.578,.578, 100
02/21/2020,21:13,.58,.58,.58,.58, 733
02/21/2020,21:27,.579,.579,.579,.579, 100
02/21/2020,21:32,.579,.58,.579,.58, 300
02/21/2020,21:34,.579,.579,.579,.579, 100
02/21/2020,21:35,.579,.58,.579,.579, 1600
02/21/2020,21:37,.579,.58,.579,.58, 2100
02/21/2020,21:38,.58,.58,.579,.579, 5438
02/21/2020,21:39,.579,.581,.579,.58, 10981
02/21/2020,21:40,.585,.59,.585,.585, 11517
02/21/2020,21:41,.585,.59,.585,.59, 3600
02/21/2020,21:42,.586,.59,.586,.59, 1812
02/21/2020,21:43,.59,.59,.586,.588, 2233
02/21/2020,21:44,.59,.59,.59,.59, 1585
02/21/2020,21:45,.59,.59,.59,.59, 2848
02/21/2020,21:46,.59,.59,.59,.59, 10941
02/21/2020,21:47,.59,.59,.589,.589, 476
02/21/2020,21:48,.589,.59,.589,.59, 1297
02/21/2020,21:49,.589,.59,.586,.588, 5400
02/21/2020,21:50,.589,.59,.589,.59, 8372
02/21/2020,21:51,.59,.59,.59,.59, 580
02/21/2020,21:52,.59,.59,.59,.59, 12909
02/21/2020,21:53,.59,.59,.59,.59, 1926
02/21/2020,21:54,.59,.59,.59,.59, 3300
02/21/2020,21:56,.59,.59,.59,.59, 1250
02/21/2020,21:56,.59,.59,.59,.59, 7430
02/21/2020,21:58,.59,.599,.59,.599, 13274
02/21/2020,22:00,.599,.599,.597,.597, 2349
02/21/2020,22:00,.599,.599,.599,.599, 1000
02/24/2020,15:31,.591,.591,.591,.591, 100
02/24/2020,15:31,.591,.591,.591,.591, 200
02/24/2020,15:32,.591,.594,.591,.591, 2741
02/24/2020,15:33,.591,.591,.591,.591, 729
02/24/2020,15:33,.591,.591,.591,.591, 3111
02/24/2020,15:34,.599,.599,.591,.592, 792
02/24/2020,15:34,.591,.591,.59,.591, 3754
02/24/2020,15:35,.591,.591,.591,.591, 150
02/24/2020,15:38,.591,.591,.59,.59, 17750
02/24/2020,15:38,.589,.589,.585,.585, 1496
02/24/2020,15:39,.58,.58,.57,.572, 8426
02/24/2020,15:40,.576,.576,.572,.575, 400
02/24/2020,15:41,.572,.574,.57,.571, 11000
02/24/2020,15:43,.59,.59,.572,.575, 1400
02/24/2020,15:44,.59,.59,.59,.59, 500
02/24/2020,15:46,.58,.58,.58,.58, 481
02/24/2020,15:52,.59,.59,.59,.59, 100
02/24/2020,15:55,.59,.59,.59,.59, 130
02/24/2020,15:58,.578,.578,.572,.572, 3700
02/24/2020,15:59,.572,.572,.572,.572, 100
02/24/2020,16:00,.572,.573,.572,.573, 1600
02/24/2020,16:00,.575,.575,.575,.575, 100
02/24/2020,16:05,.579,.58,.573,.574, 800
02/24/2020,16:12,.575,.575,.573,.573, 3500
02/24/2020,16:16,.582,.582,.582,.582, 6000
02/24/2020,16:17,.583,.583,.582,.582, 4938
02/24/2020,16:18,.58,.58,.58,.58, 220
02/24/2020,16:19,.58,.58,.58,.58, 900
02/24/2020,16:20,.579,.58,.579,.58, 820
02/24/2020,16:21,.58,.58,.58,.58, 150
02/24/2020,16:22,.58,.58,.58,.58, 2000
02/24/2020,16:26,.58,.58,.576,.576, 1100
02/24/2020,16:30,.576,.578,.576,.578, 1200
02/24/2020,16:34,.576,.576,.576,.576, 1031
02/24/2020,16:35,.576,.577,.576,.577, 1100
02/24/2020,16:42,.577,.577,.577,.577, 382
02/24/2020,16:44,.58,.58,.58,.58, 1025
02/24/2020,16:54,.579,.58,.579,.58, 200
02/24/2020,16:55,.58,.58,.58,.58, 2780
02/24/2020,16:57,.584,.584,.584,.584, 1200
02/24/2020,17:00,.58,.58,.58,.58, 100
02/24/2020,17:01,.589,.589,.589,.589, 2500
02/24/2020,17:02,.585,.59,.585,.59, 3600
02/24/2020,17:03,.594,.597,.594,.597, 2400
02/24/2020,17:04,.597,.6,.596,.599, 4292
02/24/2020,17:05,.6,.602,.6,.602, 19537
02/24/2020,17:06,.604,.61,.604,.605, 13273
02/24/2020,17:07,.609,.61,.609,.61, 837
02/24/2020,17:08,.61,.61,.61,.61, 12871
02/24/2020,17:09,.61,.61,.61,.61, 7400
02/24/2020,17:10,.61,.61,.61,.61, 18932
02/24/2020,17:11,.61,.61,.61,.61, 2981
02/24/2020,17:12,.61,.61,.61,.61, 510
02/24/2020,17:13,.61,.61,.61,.61, 275
02/24/2020,17:14,.61,.61,.61,.61, 100
02/24/2020,17:15,.61,.61,.61,.61, 2800
02/24/2020,17:16,.61,.61,.61,.61, 800
02/24/2020,17:17,.61,.61,.61,.61, 7300
02/24/2020,17:18,.61,.61,.61,.61, 646
02/24/2020,17:19,.61,.61,.61,.61, 5997
02/24/2020,17:20,.609,.61,.609,.609, 1269
02/24/2020,17:21,.61,.61,.609,.609, 2575
02/24/2020,17:22,.61,.61,.61,.61, 225
02/24/2020,17:25,.609,.609,.6,.6, 350
02/24/2020,17:28,.6,.6,.59,.6, 2431
02/24/2020,17:29,.59,.59,.59,.59, 2000
02/24/2020,17:34,.599,.599,.59,.59, 203
02/24/2020,17:35,.599,.599,.599,.599, 167
02/24/2020,17:37,.597,.597,.59,.59, 5300
02/24/2020,17:38,.59,.59,.59,.59, 250
02/24/2020,17:40,.592,.592,.592,.592, 100
02/24/2020,17:41,.59,.59,.59,.59, 100
02/24/2020,17:44,.592,.592,.592,.592, 100
02/24/2020,17:45,.594,.594,.594,.594, 150
02/24/2020,17:49,.59,.59,.59,.59, 100
02/24/2020,17:50,.593,.593,.593,.593, 286
02/24/2020,17:52,.594,.594,.594,.594, 358
02/24/2020,17:57,.593,.594,.593,.594, 1050
02/24/2020,18:00,.593,.593,.593,.593, 100
02/24/2020,18:03,.594,.594,.594,.594, 2650
02/24/2020,18:09,.594,.594,.594,.594, 900
02/24/2020,18:10,.594,.594,.594,.594, 100
02/24/2020,18:15,.593,.593,.593,.593, 100
02/24/2020,18:16,.594,.594,.594,.594, 100
02/24/2020,18:26,.594,.594,.594,.594, 200
02/24/2020,18:28,.594,.594,.594,.594, 2000
02/24/2020,18:34,.59,.59,.59,.59, 350
02/24/2020,18:42,.594,.594,.594,.594, 100
02/24/2020,18:43,.59,.59,.59,.59, 165
02/24/2020,18:51,.594,.594,.594,.594, 600
02/24/2020,18:58,.59,.59,.59,.59, 100
02/24/2020,19:00,.59,.59,.59,.59, 100
02/24/2020,19:00,.59,.59,.59,.59, 1500
02/24/2020,19:12,.593,.593,.593,.593, 100
02/24/2020,19:15,.593,.593,.59,.59, 5025
02/24/2020,19:19,.59,.59,.59,.59, 200
02/24/2020,19:22,.59,.59,.59,.59, 100
02/24/2020,19:27,.593,.593,.593,.593, 1500
02/24/2020,19:29,.593,.593,.593,.593, 5000
02/24/2020,19:30,.593,.593,.592,.593, 5708
02/24/2020,19:31,.594,.594,.594,.594, 1600
02/24/2020,19:38,.6,.6,.596,.596, 300
02/24/2020,19:40,.597,.597,.597,.597, 1100
02/24/2020,19:42,.597,.597,.597,.597, 200
02/24/2020,19:45,.597,.597,.595,.595, 3240
02/24/2020,19:46,.597,.597,.593,.593, 2141
02/24/2020,19:47,.593,.593,.593,.593, 703
02/24/2020,19:52,.597,.597,.597,.597, 100
02/24/2020,19:53,.597,.6,.597,.6, 5298
02/24/2020,19:55,.6,.6,.6,.6, 1000
02/24/2020,19:58,.598,.598,.598,.598, 148
02/24/2020,19:59,.6,.6,.6,.6, 100
02/24/2020,20:00,.598,.598,.598,.598, 744
02/24/2020,20:01,.6,.6,.6,.6, 200
02/24/2020,20:02,.6,.6,.599,.599, 2063
02/24/2020,20:07,.6,.6,.6,.6, 1267
02/24/2020,20:08,.6,.6,.6,.6, 100
02/24/2020,20:12,.598,.598,.598,.598, 500
02/24/2020,20:14,.598,.598,.598,.598, 200
02/24/2020,20:18,.598,.598,.598,.598, 100
02/24/2020,20:22,.599,.599,.599,.599, 400
02/24/2020,20:29,.598,.599,.597,.597, 816
02/24/2020,20:31,.595,.595,.595,.595, 180
02/24/2020,20:37,.595,.595,.595,.595, 100
02/24/2020,20:44,.593,.594,.593,.594, 330
02/24/2020,20:48,.594,.594,.594,.594, 1780
02/24/2020,20:52,.593,.593,.593,.593, 1640
02/24/2020,20:53,.59,.59,.59,.59, 200
02/24/2020,20:59,.591,.591,.591,.591, 100
02/24/2020,21:01,.59,.59,.59,.59, 100
02/24/2020,21:03,.593,.593,.593,.593, 300
02/24/2020,21:04,.593,.595,.593,.595, 210
02/24/2020,21:11,.591,.591,.591,.591, 1100
02/24/2020,21:13,.591,.591,.591,.591, 100
02/24/2020,21:17,.595,.595,.595,.595, 325
02/24/2020,21:18,.595,.595,.595,.595, 200
02/24/2020,21:21,.595,.595,.594,.594, 15079
02/24/2020,21:24,.594,.594,.594,.594, 100
02/24/2020,21:26,.592,.592,.592,.592, 1700
02/24/2020,21:31,.594,.594,.594,.594, 5300
02/24/2020,21:32,.594,.594,.594,.594, 4069
02/24/2020,21:33,.594,.594,.594,.594, 100
02/24/2020,21:39,.594,.594,.591,.591, 1361
02/24/2020,21:40,.592,.592,.592,.592, 200
02/24/2020,21:41,.594,.594,.594,.594, 500
02/24/2020,21:42,.593,.593,.593,.593, 200
02/24/2020,21:49,.591,.591,.591,.591, 175
02/24/2020,21:51,.594,.594,.591,.591, 458
02/24/2020,21:52,.592,.592,.592,.592, 950
02/24/2020,21:53,.591,.594,.591,.594, 250
02/24/2020,21:55,.591,.591,.591,.591, 1174
02/24/2020,21:56,.594,.594,.592,.592, 2597
02/24/2020,21:59,.592,.592,.592,.592, 2300
02/25/2020,15:31,.593,.594,.593,.594, 2140
02/25/2020,15:31,.593,.593,.593,.593, 259
02/25/2020,15:34,.593,.593,.593,.593, 425
02/25/2020,15:36,.594,.594,.594,.594, 200
02/25/2020,15:38,.6,.605,.6,.605, 1100
02/25/2020,15:39,.593,.605,.593,.605, 1920
02/25/2020,15:40,.605,.61,.605,.61, 2550
02/25/2020,15:40,.608,.614,.6,.6, 18329
02/25/2020,15:41,.6,.6,.593,.6, 8513
02/25/2020,15:42,.6,.6,.593,.6, 2659
02/25/2020,15:43,.6,.614,.6,.614, 8535
02/25/2020,15:45,.614,.614,.614,.614, 1306
02/25/2020,15:45,.61,.613,.61,.613, 200
02/25/2020,15:46,.605,.605,.602,.602, 1000
02/25/2020,15:49,.61,.61,.61,.61, 500
02/25/2020,15:50,.61,.61,.61,.61, 5000
02/25/2020,15:53,.605,.605,.602,.605, 950
02/25/2020,15:54,.61,.61,.61,.61, 5144
02/25/2020,15:55,.61,.61,.595,.595, 19324
02/25/2020,15:57,.596,.61,.596,.61, 15132
02/25/2020,15:58,.6,.6,.6,.6, 2000
02/25/2020,16:03,.6,.6,.6,.6, 100
02/25/2020,16:06,.605,.605,.605,.605, 300
02/25/2020,16:08,.605,.605,.605,.605, 300
02/25/2020,16:12,.598,.605,.598,.605, 1520
02/25/2020,16:14,.605,.605,.605,.605, 100
02/25/2020,16:16,.605,.605,.605,.605, 357
02/25/2020,16:17,.605,.605,.604,.604, 3013
02/25/2020,16:18,.605,.605,.602,.605, 592
02/25/2020,16:19,.601,.601,.597,.597, 1510
02/25/2020,16:19,.597,.597,.597,.597, 2400
02/25/2020,16:20,.605,.605,.605,.605, 275
02/25/2020,16:21,.597,.597,.597,.597, 100
02/25/2020,16:23,.605,.605,.6,.6, 2400
02/25/2020,16:24,.598,.598,.598,.598, 100
02/25/2020,16:25,.6,.605,.6,.605, 3100
02/25/2020,16:25,.604,.604,.604,.604, 100
02/25/2020,16:30,.604,.604,.603,.603, 271
02/25/2020,16:33,.601,.601,.601,.601, 100
02/25/2020,16:35,.604,.604,.604,.604, 150
02/25/2020,16:35,.604,.604,.604,.604, 750
02/25/2020,16:37,.6,.6,.598,.599, 12426
02/25/2020,16:37,.599,.599,.597,.597, 1201
02/25/2020,16:39,.6,.6,.6,.6, 100
02/25/2020,16:39,.597,.597,.597,.597, 300
02/25/2020,16:44,.597,.6,.597,.6, 205
02/25/2020,16:49,.597,.597,.597,.597, 100
02/25/2020,16:51,.6,.6,.6,.6, 100
02/25/2020,16:52,.599,.599,.599,.599, 334
02/25/2020,16:53,.604,.604,.604,.604, 2480
02/25/2020,16:54,.603,.603,.603,.603, 130
02/25/2020,16:57,.597,.603,.597,.603, 950
02/25/2020,16:59,.597,.597,.597,.597, 100
02/25/2020,17:01,.603,.603,.603,.603, 300
02/25/2020,17:08,.6,.6,.6,.6, 100
02/25/2020,17:14,.6,.6,.6,.6, 250
02/25/2020,17:19,.603,.603,.6,.6, 2500
02/25/2020,17:22,.597,.597,.597,.597, 400
02/25/2020,17:23,.596,.596,.595,.595, 1143
02/25/2020,17:26,.595,.595,.595,.595, 3130
02/25/2020,17:27,.595,.595,.595,.595, 200
02/25/2020,17:35,.594,.594,.594,.594, 100
02/25/2020,17:37,.593,.594,.593,.594, 4272
02/25/2020,17:40,.592,.592,.58,.58, 3789
02/25/2020,17:43,.595,.595,.595,.595, 1000
02/25/2020,17:53,.595,.595,.594,.594, 318
02/25/2020,18:00,.595,.595,.595,.595, 100
02/25/2020,18:08,.595,.595,.595,.595, 4819
02/25/2020,18:09,.595,.597,.595,.597, 6164
02/25/2020,18:19,.595,.595,.595,.595, 100
02/25/2020,18:24,.6,.6,.6,.6, 100
02/25/2020,18:28,.595,.595,.595,.595, 1000
02/25/2020,18:34,.596,.596,.595,.596, 1300
02/25/2020,18:34,.595,.595,.595,.595, 100
02/25/2020,18:36,.596,.596,.596,.596, 300
02/25/2020,18:37,.595,.595,.595,.595, 300
02/25/2020,18:38,.596,.596,.596,.596, 600
02/25/2020,18:42,.595,.595,.595,.595, 470
02/25/2020,18:45,.595,.6,.595,.6, 2900
02/25/2020,18:49,.6,.6,.6,.6, 100
02/25/2020,18:50,.597,.597,.597,.597, 1540
02/25/2020,18:53,.599,.599,.599,.599, 150
02/25/2020,19:02,.6,.6,.6,.6, 1260
02/25/2020,19:05,.594,.594,.594,.594, 100
02/25/2020,19:06,.6,.6,.6,.6, 100
02/25/2020,19:13,.599,.599,.599,.599, 339
02/25/2020,19:16,.598,.598,.598,.598, 100
02/25/2020,19:21,.595,.595,.595,.595, 488
02/25/2020,19:23,.599,.599,.599,.599, 1850
02/25/2020,19:26,.598,.598,.598,.598, 201
02/25/2020,19:27,.6,.6,.6,.6, 100
02/25/2020,19:28,.595,.595,.595,.595, 1582
02/25/2020,19:32,.595,.595,.595,.595, 200
02/25/2020,19:34,.595,.595,.595,.595, 500
02/25/2020,19:36,.6,.6,.599,.599, 200
02/25/2020,19:38,.6,.6,.6,.6, 1109
02/25/2020,19:42,.6,.6,.6,.6, 3451
02/25/2020,19:43,.6,.6,.6,.6, 150
02/25/2020,19:44,.594,.594,.594,.594, 106
02/25/2020,19:45,.597,.597,.597,.597, 5000
02/25/2020,19:51,.6,.6,.6,.6, 400
02/25/2020,19:59,.594,.594,.594,.594, 100
02/25/2020,20:00,.597,.597,.597,.597, 832
02/25/2020,20:02,.598,.598,.598,.598, 200
02/25/2020,20:03,.598,.598,.598,.598, 4100
02/25/2020,20:04,.594,.594,.594,.594, 1000
02/25/2020,20:06,.6,.6,.6,.6, 270
02/25/2020,20:14,.6,.6,.6,.6, 829
02/25/2020,20:20,.594,.594,.594,.594, 2200
02/25/2020,20:22,.594,.594,.594,.594, 158
02/25/2020,20:40,.595,.595,.594,.594, 1296
02/25/2020,20:43,.593,.593,.59,.59, 9354
02/25/2020,20:46,.59,.59,.59,.59, 1306
02/25/2020,20:55,.594,.594,.594,.594, 150
02/25/2020,20:58,.594,.594,.594,.594, 600
02/25/2020,21:02,.595,.595,.594,.594, 500
02/25/2020,21:07,.59,.59,.59,.59, 100
02/25/2020,21:12,.59,.59,.59,.59, 100
02/25/2020,21:17,.593,.593,.593,.593, 300
02/25/2020,21:20,.59,.59,.59,.59, 2027
02/25/2020,21:21,.593,.593,.593,.593, 500
02/25/2020,21:22,.59,.59,.59,.59, 1405
02/25/2020,21:23,.59,.59,.59,.59, 3000
02/25/2020,21:23,.59,.59,.59,.59, 300
02/25/2020,21:26,.59,.59,.59,.59, 477
02/25/2020,21:26,.593,.593,.593,.593, 175
02/25/2020,21:28,.592,.592,.592,.592, 700
02/25/2020,21:33,.59,.59,.59,.59, 171
02/25/2020,21:39,.591,.591,.591,.591, 100
02/25/2020,21:41,.591,.591,.591,.591, 1515
02/25/2020,21:42,.591,.591,.591,.591, 900
02/25/2020,21:44,.59,.59,.59,.59, 200
02/25/2020,21:45,.59,.59,.59,.59, 114
02/25/2020,21:46,.591,.591,.591,.591, 2376
02/25/2020,21:49,.59,.59,.59,.59, 100
02/25/2020,21:51,.59,.591,.59,.591, 3068
02/25/2020,21:52,.591,.591,.591,.591, 2192
02/25/2020,21:53,.591,.591,.591,.591, 200
02/25/2020,21:54,.588,.59,.588,.59, 6321
02/25/2020,21:58,.591,.591,.591,.591, 500
02/25/2020,21:59,.591,.591,.591,.591, 500
02/26/2020,15:31,.595,.595,.591,.595, 5624
02/26/2020,15:33,.595,.595,.595,.595, 3800
02/26/2020,15:35,.601,.601,.601,.601, 600
02/26/2020,15:37,.601,.601,.595,.595, 6132
02/26/2020,15:39,.6,.601,.598,.601, 4146
02/26/2020,15:42,.6,.6,.6,.6, 1405
02/26/2020,15:43,.599,.599,.59,.59, 3668
02/26/2020,15:46,.59,.59,.56,.569, 24208
02/26/2020,15:49,.567,.57,.567,.569, 7360
02/26/2020,15:52,.6,.6,.576,.6, 10050
02/26/2020,15:56,.6,.6,.59,.599, 2212
02/26/2020,16:01,.59,.59,.589,.589, 8591
02/26/2020,16:05,.585,.59,.585,.589, 1659
02/26/2020,16:12,.589,.589,.589,.589, 310
02/26/2020,16:17,.589,.59,.589,.59, 2300
02/26/2020,16:20,.59,.59,.588,.588, 1261
02/26/2020,16:23,.589,.589,.589,.589, 2160
02/26/2020,16:30,.599,.599,.591,.591, 1439
02/26/2020,16:33,.595,.595,.595,.595, 200
02/26/2020,16:43,.595,.595,.595,.595, 100
02/26/2020,16:45,.595,.596,.591,.592, 3760
02/26/2020,16:48,.591,.595,.591,.595, 630
02/26/2020,16:53,.592,.595,.592,.595, 400
02/26/2020,16:55,.595,.599,.591,.595, 2282
02/26/2020,16:57,.591,.591,.591,.591, 3250
02/26/2020,17:01,.592,.592,.592,.592, 850
02/26/2020,17:06,.595,.595,.593,.593, 6858
02/26/2020,17:14,.595,.596,.595,.596, 200
02/26/2020,17:17,.595,.595,.595,.595, 500
02/26/2020,17:24,.595,.598,.595,.598, 526
02/26/2020,17:25,.595,.595,.595,.595, 168
02/26/2020,17:28,.598,.598,.598,.598, 100
02/26/2020,17:34,.598,.598,.595,.595, 325
02/26/2020,17:39,.593,.593,.593,.593, 1300
02/26/2020,17:53,.595,.595,.595,.595, 200
02/26/2020,17:53,.595,.595,.595,.595, 424
02/26/2020,17:55,.595,.595,.595,.595, 2000
02/26/2020,18:01,.595,.595,.595,.595, 460
02/26/2020,18:06,.595,.595,.591,.591, 200
02/26/2020,18:08,.597,.597,.597,.597, 2000
02/26/2020,18:12,.591,.591,.591,.591, 100
02/26/2020,18:19,.595,.595,.595,.595, 200
02/26/2020,18:21,.593,.593,.593,.593, 737
02/26/2020,18:21,.595,.595,.595,.595, 2000
02/26/2020,18:28,.591,.591,.591,.591, 100
02/26/2020,18:34,.59,.59,.59,.59, 200
02/26/2020,18:37,.595,.595,.595,.595, 200
02/26/2020,18:41,.595,.595,.595,.595, 100
02/26/2020,18:42,.595,.595,.595,.595, 225
02/26/2020,18:47,.598,.598,.598,.598, 601
02/26/2020,18:52,.591,.591,.591,.591, 152
02/26/2020,18:57,.593,.593,.593,.593, 850
02/26/2020,19:00,.593,.593,.593,.593, 400
02/26/2020,19:02,.593,.593,.59,.59, 368
02/26/2020,19:03,.593,.593,.593,.593, 1000
02/26/2020,19:05,.593,.593,.593,.593, 225
02/26/2020,19:07,.593,.593,.593,.593, 1000
02/26/2020,19:11,.59,.59,.59,.59, 270
02/26/2020,19:19,.59,.59,.59,.59, 587
02/26/2020,19:21,.593,.593,.593,.593, 200
02/26/2020,19:22,.582,.59,.58,.58, 8544
02/26/2020,19:24,.593,.593,.593,.593, 300
02/26/2020,19:28,.58,.58,.58,.58, 1200
02/26/2020,19:35,.58,.587,.58,.58, 1000
02/26/2020,19:38,.587,.587,.587,.587, 100
02/26/2020,19:49,.587,.587,.587,.587, 100
02/26/2020,19:51,.586,.586,.581,.581, 700
02/26/2020,19:58,.58,.58,.58,.58, 4978
02/26/2020,20:00,.586,.586,.586,.586, 2000
02/26/2020,20:05,.58,.58,.58,.58, 1000
02/26/2020,20:08,.593,.593,.593,.593, 900
02/26/2020,20:14,.58,.58,.58,.58, 800
02/26/2020,20:19,.581,.581,.581,.581, 500
02/26/2020,20:20,.581,.581,.581,.581, 100
02/26/2020,20:23,.58,.58,.58,.58, 10500
02/26/2020,20:23,.58,.58,.58,.58, 2000
02/28/2020,15:31,.6,.6,.6,.6, 135
02/28/2020,15:31,.6,.6,.59,.59, 2893
02/28/2020,15:35,.6,.6,.6,.6, 515
02/28/2020,15:36,.59,.59,.59,.59, 4228
02/28/2020,15:37,.586,.588,.586,.588, 3500
02/28/2020,15:37,.6,.6,.582,.582, 1775
02/28/2020,15:38,.582,.583,.58,.583, 4474
02/28/2020,15:39,.6,.6,.58,.583, 4157
02/28/2020,15:39,.599,.599,.583,.59, 600
02/28/2020,15:42,.585,.589,.585,.585, 2400
02/28/2020,15:42,.589,.589,.585,.585, 1750
02/28/2020,15:43,.585,.585,.584,.584, 1258
02/28/2020,15:44,.58,.58,.58,.58, 942
02/28/2020,15:45,.586,.586,.586,.586, 151
02/28/2020,15:45,.59,.59,.59,.59, 150
02/28/2020,15:46,.581,.581,.581,.581, 1500
02/28/2020,15:48,.6,.6,.6,.6, 281
02/28/2020,15:49,.6,.6,.6,.6, 3400
02/28/2020,15:50,.595,.595,.59,.59, 220
02/28/2020,15:52,.59,.59,.585,.585, 8432
02/28/2020,15:53,.59,.59,.59,.59, 450
02/28/2020,15:53,.58,.58,.58,.58, 6578
02/28/2020,15:54,.58,.587,.57,.587, 6244
02/28/2020,15:55,.583,.583,.57,.57, 2930
02/28/2020,15:55,.57,.572,.57,.572, 700
02/28/2020,15:57,.575,.575,.575,.575, 2426
02/28/2020,15:59,.58,.58,.57,.57, 3098
02/28/2020,16:00,.578,.578,.578,.578, 1900
02/28/2020,16:00,.578,.578,.578,.578, 100
02/28/2020,16:02,.578,.578,.578,.578, 250
02/28/2020,16:03,.572,.572,.572,.572, 150
02/28/2020,16:04,.579,.587,.579,.587, 500
02/28/2020,16:06,.578,.578,.578,.578, 400
02/28/2020,16:08,.579,.579,.579,.579, 3000
02/28/2020,16:10,.58,.58,.58,.58, 100
02/28/2020,16:10,.58,.58,.58,.58, 1000
02/28/2020,16:11,.58,.582,.58,.58, 400
02/28/2020,16:12,.581,.581,.579,.579, 1000
02/28/2020,16:12,.579,.579,.579,.579, 500
02/28/2020,16:14,.578,.578,.578,.578, 234
02/28/2020,16:16,.579,.579,.575,.575, 550
02/28/2020,16:18,.575,.575,.575,.575, 200
02/28/2020,16:19,.578,.578,.578,.578, 330
02/28/2020,16:22,.578,.578,.578,.578, 1250
02/28/2020,16:23,.576,.58,.576,.58, 5200
02/28/2020,16:27,.576,.576,.576,.576, 246
02/28/2020,16:28,.576,.576,.576,.576, 2600
02/28/2020,16:29,.58,.58,.576,.576, 1178
02/28/2020,16:30,.576,.576,.57,.57, 19536
02/28/2020,16:32,.58,.58,.569,.569, 954
02/28/2020,16:32,.57,.57,.57,.57, 300
02/28/2020,16:33,.568,.568,.568,.568, 226
02/28/2020,16:33,.56,.56,.56,.56, 1000
02/28/2020,16:35,.563,.563,.563,.563, 100
02/28/2020,16:36,.561,.566,.561,.561, 11200
02/28/2020,16:37,.562,.562,.562,.562, 100
02/28/2020,16:38,.562,.562,.562,.562, 492
02/28/2020,16:39,.563,.563,.563,.563, 500
02/28/2020,16:40,.563,.566,.563,.566, 1159
02/28/2020,16:45,.569,.58,.569,.58, 2749
02/28/2020,16:46,.581,.581,.581,.581, 100
02/28/2020,16:48,.581,.581,.581,.581, 3000
02/28/2020,16:49,.581,.581,.581,.581, 400
02/28/2020,16:53,.582,.582,.582,.582, 450
02/28/2020,16:55,.582,.582,.582,.582, 105
02/28/2020,17:02,.59,.59,.59,.59, 1000
02/28/2020,17:04,.599,.599,.599,.599, 1800
02/28/2020,17:06,.599,.599,.599,.599, 100
02/28/2020,17:13,.599,.599,.599,.599, 100
02/28/2020,17:15,.599,.599,.584,.586, 4300
02/28/2020,17:15,.582,.586,.582,.586, 1900
02/28/2020,17:17,.586,.586,.586,.586, 200
02/28/2020,17:19,.586,.586,.586,.586, 1000
02/28/2020,17:20,.59,.59,.59,.59, 100
02/28/2020,17:20,.59,.59,.59,.59, 350
02/28/2020,17:21,.59,.59,.59,.59, 200
02/28/2020,17:29,.586,.586,.586,.586, 143
02/28/2020,17:36,.587,.587,.587,.587, 286
02/28/2020,17:37,.588,.588,.587,.588, 3600
02/28/2020,17:41,.586,.594,.586,.594, 1362
02/28/2020,17:45,.59,.59,.586,.586, 3640
02/28/2020,17:50,.586,.586,.586,.586, 500
02/28/2020,17:53,.586,.586,.586,.586, 600
02/28/2020,17:55,.586,.586,.586,.586, 2714
02/28/2020,17:56,.582,.582,.57,.571, 15785
02/28/2020,17:57,.571,.571,.57,.57, 2250
02/28/2020,18:00,.57,.57,.565,.57, 12080
02/28/2020,18:01,.57,.57,.565,.565, 925
02/28/2020,18:03,.567,.569,.567,.569, 1000
02/28/2020,18:08,.567,.567,.567,.567, 100
02/28/2020,18:10,.567,.567,.567,.567, 4000
02/28/2020,18:13,.567,.567,.567,.567, 100
02/28/2020,18:15,.567,.57,.567,.57, 1912
02/28/2020,18:21,.569,.569,.569,.569, 600
02/28/2020,18:25,.57,.57,.57,.57, 100
02/28/2020,18:30,.57,.571,.569,.57, 3064
02/28/2020,18:36,.57,.57,.57,.57, 1317
02/28/2020,18:36,.57,.587,.57,.587, 1525
02/28/2020,18:40,.57,.57,.57,.57, 2115
02/28/2020,18:48,.57,.57,.57,.57, 100
02/28/2020,18:50,.57,.57,.57,.57, 200
02/28/2020,18:52,.572,.572,.57,.57, 200
02/28/2020,18:54,.57,.57,.57,.57, 2400
02/28/2020,18:59,.57,.58,.57,.58, 1161
02/28/2020,19:03,.575,.575,.575,.575, 300
02/28/2020,19:06,.58,.58,.58,.58, 100
02/28/2020,19:08,.577,.577,.577,.577, 195
02/28/2020,19:10,.576,.577,.576,.577, 567
02/28/2020,19:15,.579,.579,.578,.578, 800
02/28/2020,19:17,.575,.575,.57,.57, 647
02/28/2020,19:19,.57,.57,.57,.57, 200
02/28/2020,19:20,.572,.572,.572,.572, 100
02/28/2020,19:25,.57,.57,.57,.57, 969
02/28/2020,19:27,.57,.57,.57,.57, 150
02/28/2020,19:30,.57,.57,.57,.57, 1750
02/28/2020,19:31,.57,.57,.57,.57, 3778
02/28/2020,19:38,.57,.57,.57,.57, 300
02/28/2020,19:48,.575,.575,.575,.575, 1000
02/28/2020,19:51,.578,.578,.578,.578, 100
02/28/2020,19:53,.576,.576,.576,.576, 100
02/28/2020,19:57,.575,.575,.575,.575, 400
02/28/2020,19:58,.571,.571,.571,.571, 100
02/28/2020,20:04,.57,.57,.57,.57, 1415
02/28/2020,20:12,.572,.572,.572,.572, 100
02/28/2020,20:13,.575,.575,.575,.575, 332
02/28/2020,20:14,.571,.571,.571,.571, 100
02/28/2020,20:16,.571,.571,.571,.571, 100
02/28/2020,20:18,.572,.572,.572,.572, 5000
02/28/2020,20:19,.571,.571,.57,.57, 2300
02/28/2020,20:23,.57,.57,.567,.568, 6790
02/28/2020,20:29,.567,.567,.567,.567, 4736
02/28/2020,20:32,.565,.565,.565,.565, 9700
02/28/2020,20:35,.565,.565,.565,.565, 1400
02/28/2020,20:39,.567,.567,.565,.565, 4170
02/28/2020,20:40,.565,.565,.565,.565, 100
02/28/2020,20:41,.566,.567,.565,.565, 1224
02/28/2020,20:44,.565,.565,.565,.565, 100
02/28/2020,20:45,.565,.565,.565,.565, 400
02/28/2020,20:53,.575,.575,.575,.575, 750
02/28/2020,21:02,.565,.565,.565,.565, 100
02/28/2020,21:08,.565,.565,.565,.565, 100
02/28/2020,21:11,.565,.565,.565,.565, 350
02/28/2020,21:19,.566,.566,.566,.566, 1000
02/28/2020,21:24,.565,.565,.565,.565, 3500
02/28/2020,21:26,.574,.574,.574,.574, 100
02/28/2020,21:33,.565,.57,.565,.57, 4975
02/28/2020,21:35,.57,.57,.57,.57, 500
02/28/2020,21:36,.57,.57,.57,.57, 783
02/28/2020,21:37,.565,.565,.565,.565, 200
02/28/2020,21:38,.565,.565,.565,.565, 212
02/28/2020,21:39,.568,.568,.568,.568, 1000
02/28/2020,21:41,.566,.568,.566,.568, 2100
02/28/2020,21:45,.565,.565,.565,.565, 100
02/28/2020,21:46,.575,.575,.575,.575, 500
02/28/2020,21:48,.569,.569,.569,.569, 600
02/28/2020,21:49,.569,.569,.565,.565, 600
02/28/2020,21:50,.573,.573,.565,.565, 2842
02/28/2020,21:51,.565,.565,.56,.562, 5890
02/28/2020,21:52,.56,.565,.56,.565, 2756
02/28/2020,21:54,.57,.57,.57,.57, 100
02/28/2020,21:55,.575,.575,.57,.57, 1386
02/28/2020,21:59,.57,.57,.57,.57, 2280

