02/03/2020,17:14,5.9,5.9,5.9,5.9, 100
02/03/2020,18:03,5.94,5.94,5.94,5.94, 100
02/03/2020,18:47,5.86,5.86,5.86,5.86, 100
02/03/2020,21:27,5.94,5.94,5.94,5.94, 100
02/03/2020,22:01,5.86,5.86,5.86,5.86, 470
02/04/2020,15:51,5.872,5.872,5.872,5.872, 100
02/04/2020,15:58,5.908,5.908,5.908,5.908, 100
02/04/2020,16:33,5.85,5.85,5.85,5.85, 100
02/04/2020,16:44,5.862,5.862,5.83,5.83, 1000
02/04/2020,16:44,5.84,5.84,5.839,5.839, 1000
02/04/2020,20:43,5.85,5.85,5.83,5.83, 1249
02/04/2020,21:01,5.9,5.9,5.9,5.9, 659
02/04/2020,21:15,5.93,5.95,5.93,5.95, 400
02/04/2020,21:38,5.86,5.86,5.86,5.86, 100
02/05/2020,16:09,5.897,5.897,5.897,5.897, 300
02/05/2020,16:16,5.897,5.897,5.897,5.897, 200
02/05/2020,16:20,5.91,5.91,5.91,5.91, 500
02/05/2020,16:35,5.897,5.897,5.897,5.897, 500
02/05/2020,16:55,5.899,5.899,5.899,5.899, 500
02/05/2020,17:06,5.85,5.891,5.85,5.89, 750
02/05/2020,17:25,5.86,5.86,5.86,5.86, 700
02/05/2020,17:40,5.87,5.87,5.86,5.86, 800
02/05/2020,17:41,5.86,5.889,5.86,5.889, 2283
02/05/2020,17:41,5.86,5.889,5.86,5.889, 1600
02/05/2020,17:55,5.86,5.94,5.83,5.94, 1022
02/05/2020,18:48,5.887,5.887,5.85,5.875, 750
02/05/2020,18:58,5.93,5.94,5.93,5.94, 310
02/05/2020,19:40,5.86,5.86,5.86,5.86, 500
02/05/2020,19:52,5.86,5.86,5.85,5.85, 350
02/05/2020,20:00,5.85,5.85,5.83,5.83, 500
02/05/2020,20:13,5.85,5.879,5.85,5.879, 1000
02/05/2020,20:26,5.85,5.879,5.85,5.879, 1000
02/05/2020,20:40,5.9,5.9,5.9,5.9, 125
02/06/2020,15:33,5.866,5.866,5.866,5.866, 456
02/06/2020,16:24,5.89,5.89,5.89,5.89, 100
02/06/2020,18:53,5.881,5.881,5.85,5.878, 1500
02/06/2020,20:30,5.94,5.94,5.94,5.94, 100
02/06/2020,21:34,5.902,5.902,5.902,5.902, 200
02/06/2020,21:52,5.85,5.85,5.85,5.85, 100
02/07/2020,15:31,5.91,5.91,5.91,5.91, 231
02/07/2020,16:10,5.852,5.852,5.852,5.852, 900
02/07/2020,17:48,5.87,5.884,5.86,5.86, 2000
02/07/2020,17:56,5.85,5.85,5.85,5.85, 100
02/07/2020,18:07,5.86,5.91,5.86,5.91, 1600
02/07/2020,19:23,5.878,5.878,5.878,5.878, 782
02/07/2020,20:23,5.89,5.89,5.89,5.89, 100
02/10/2020,15:35,5.908,5.908,5.908,5.908, 200
02/10/2020,15:37,5.909,5.909,5.909,5.909, 1000
02/10/2020,15:45,5.9,5.9,5.9,5.9, 114
02/10/2020,16:01,5.908,5.908,5.908,5.908, 136
02/10/2020,16:48,5.86,5.86,5.86,5.86, 100
02/10/2020,17:46,5.86,5.86,5.86,5.86, 100
02/10/2020,17:51,5.86,5.86,5.86,5.86, 100
02/10/2020,17:54,5.87,5.87,5.87,5.87, 100
02/10/2020,18:01,5.87,5.87,5.87,5.87, 100
02/10/2020,18:04,5.87,5.87,5.87,5.87, 200
02/10/2020,18:06,5.87,5.87,5.87,5.87, 100
02/10/2020,19:23,5.86,5.86,5.86,5.86, 100
02/10/2020,20:50,5.86,5.86,5.86,5.86, 1500
02/10/2020,20:52,5.85,5.85,5.85,5.85, 100
02/10/2020,21:01,5.86,5.86,5.86,5.86, 100
02/10/2020,21:30,5.86,5.86,5.86,5.86, 300
02/10/2020,21:49,5.83,5.83,5.83,5.83, 100
02/10/2020,21:49,5.83,5.83,5.83,5.83, 150
02/10/2020,21:51,5.86,5.86,5.86,5.86, 200
02/11/2020,15:35,5.859,5.859,5.859,5.859, 300
02/11/2020,16:08,5.849,5.849,5.84,5.84, 990
02/11/2020,16:20,5.85,5.86,5.85,5.86, 510
02/11/2020,18:20,5.86,5.86,5.86,5.86, 100
02/11/2020,21:54,5.91,5.91,5.91,5.91, 161
02/12/2020,15:41,5.91,5.91,5.91,5.91, 2729
02/12/2020,16:19,5.92,5.92,5.88,5.88, 1500
02/12/2020,16:59,5.911,5.911,5.911,5.911, 100
02/12/2020,18:01,5.89,5.89,5.37,5.37, 28503
02/12/2020,18:20,5.622,5.622,5.622,5.622, 200
02/12/2020,18:22,5.56,5.56,5.56,5.56, 110
02/12/2020,18:24,5.645,5.645,5.645,5.645, 250
02/12/2020,18:31,5.668,5.668,5.668,5.668, 1800
02/12/2020,18:35,5.62,5.62,5.61,5.61, 600
02/12/2020,18:36,5.678,5.678,5.678,5.678, 1500
02/12/2020,19:04,5.6,5.6,5.6,5.6, 900
02/12/2020,19:27,5.56,5.56,5.56,5.56, 1400
02/12/2020,19:57,5.55,5.55,5.55,5.55, 100
02/12/2020,20:18,5.585,5.6,5.585,5.6, 1600
02/12/2020,20:19,5.6,5.6,5.6,5.6, 3100
02/12/2020,20:27,5.85,5.88,5.85,5.88, 400
02/12/2020,20:38,5.863,5.863,5.863,5.863, 400
02/12/2020,21:03,5.75,5.75,5.75,5.75, 100
02/12/2020,22:00,5.65,5.65,5.52,5.52, 800
02/13/2020,16:05,5.543,5.543,5.543,5.543, 1100
02/13/2020,18:36,5.65,5.65,5.55,5.55, 200
02/13/2020,18:37,5.55,5.55,5.55,5.55, 100
02/13/2020,18:38,5.55,5.55,5.55,5.55, 200
02/13/2020,19:42,5.55,5.554,5.55,5.554, 725
02/13/2020,21:20,5.72,5.72,5.72,5.72, 100
02/13/2020,21:51,5.74,5.74,5.74,5.74, 100
02/14/2020,15:47,5.65,5.65,5.65,5.65, 200
02/14/2020,16:55,5.608,5.608,5.608,5.608, 180
02/14/2020,18:20,5.55,5.55,5.55,5.55, 1924
02/14/2020,19:48,5.56,5.56,5.56,5.56, 100
02/14/2020,19:52,5.55,5.55,5.55,5.55, 100
02/14/2020,19:53,5.5,5.5,5.5,5.5, 100
02/14/2020,20:22,5.53,5.53,5.53,5.53, 395
02/14/2020,20:28,5.54,5.54,5.54,5.54, 100
02/18/2020,15:40,5.591,5.591,5.591,5.591, 288
02/18/2020,17:11,5.62,5.62,5.62,5.62, 108
02/18/2020,17:29,5.6,5.604,5.6,5.604, 992
02/18/2020,17:38,5.59,5.59,5.59,5.59, 100
02/18/2020,17:58,5.574,5.574,5.574,5.574, 162
02/18/2020,18:00,5.574,5.574,5.574,5.574, 100
02/18/2020,18:08,5.59,5.59,5.59,5.59, 100
02/18/2020,19:54,5.565,5.565,5.565,5.565, 200
02/18/2020,20:03,5.55,5.55,5.55,5.55, 100
02/18/2020,20:05,5.56,5.56,5.56,5.56, 500
02/18/2020,20:08,5.54,5.54,5.54,5.54, 100
02/18/2020,20:25,5.594,5.594,5.594,5.594, 1000
02/18/2020,20:49,5.563,5.563,5.563,5.563, 500
02/18/2020,20:50,5.54,5.54,5.54,5.54, 1275
02/18/2020,20:51,5.56,5.56,5.56,5.56, 1106
02/18/2020,21:51,5.56,5.56,5.56,5.56, 100
02/19/2020,15:36,5.54,5.54,5.54,5.54, 100
02/19/2020,15:41,5.55,5.55,5.55,5.55, 953
02/19/2020,16:34,5.54,5.54,5.54,5.54, 500
02/19/2020,16:40,5.55,5.55,5.55,5.55, 100
02/19/2020,20:44,5.544,5.544,5.544,5.544, 999
02/19/2020,20:44,5.55,5.55,5.55,5.55, 100
02/20/2020,17:25,5.56,5.575,5.56,5.575, 448
02/20/2020,17:33,5.56,5.56,5.56,5.56, 200
02/20/2020,18:02,5.55,5.55,5.55,5.55, 100
02/20/2020,18:03,5.55,5.55,5.55,5.55, 200
02/20/2020,20:14,5.519,5.519,5.519,5.519, 500
02/20/2020,20:59,5.51,5.52,5.51,5.52, 700
02/20/2020,21:01,5.596,5.596,5.596,5.596, 1800
02/20/2020,21:14,5.5,5.5,5.5,5.5, 100
02/20/2020,21:28,5.5,5.5,5.5,5.5, 149
02/20/2020,21:28,5.5,5.5,5.5,5.5, 400
02/21/2020,18:04,5.522,5.522,5.522,5.522, 300
02/21/2020,18:05,5.52,5.52,5.52,5.52, 200
02/21/2020,18:06,5.521,5.521,5.521,5.521, 200
02/21/2020,18:09,5.524,5.524,5.524,5.524, 200
02/21/2020,20:08,5.52,5.52,5.52,5.52, 100
02/21/2020,21:27,5.53,5.538,5.53,5.538, 456
02/21/2020,21:33,5.55,5.55,5.55,5.55, 1000
02/21/2020,21:41,5.539,5.539,5.538,5.538, 924
02/21/2020,21:54,5.52,5.52,5.52,5.52, 100
02/24/2020,15:31,5.49,5.49,5.49,5.49, 765
02/24/2020,16:03,5.53,5.53,5.53,5.53, 500
02/24/2020,16:44,5.5,5.5,5.5,5.5, 300
02/24/2020,16:47,5.5,5.5,5.5,5.5, 1490
02/24/2020,17:00,5.5,5.5,5.48,5.5, 3140
02/24/2020,17:12,5.5,5.5,5.5,5.5, 100
02/24/2020,17:16,5.5,5.5,5.5,5.5, 500
02/24/2020,17:17,5.495,5.495,5.495,5.495, 200
02/24/2020,17:20,5.51,5.51,5.51,5.51, 207
02/24/2020,17:53,5.5,5.5,5.5,5.5, 100
02/24/2020,18:01,5.5,5.5,5.5,5.5, 500
02/24/2020,18:51,5.51,5.51,5.51,5.51, 500
02/24/2020,18:54,5.53,5.53,5.53,5.53, 600
02/24/2020,19:14,5.55,5.55,5.55,5.55, 100
02/24/2020,19:17,5.56,5.56,5.55,5.55, 1009
02/24/2020,19:27,5.64,5.64,5.64,5.64, 500
02/24/2020,19:30,5.64,5.64,5.64,5.64, 308
02/24/2020,19:47,5.62,5.62,5.62,5.62, 500
02/24/2020,19:49,5.626,5.626,5.626,5.626, 500
02/24/2020,19:53,5.61,5.619,5.61,5.619, 500
02/24/2020,19:55,5.62,5.62,5.62,5.62, 500
02/24/2020,19:56,5.62,5.62,5.62,5.62, 500
02/24/2020,19:57,5.61,5.62,5.61,5.62, 500
02/24/2020,21:59,5.62,5.63,5.62,5.63, 200
02/24/2020,22:00,5.542,5.542,5.542,5.542, 500
02/24/2020,22:01,5.65,5.65,5.65,5.65, 355
02/25/2020,15:31,5.6,5.6,5.6,5.6, 653
02/25/2020,16:49,5.51,5.51,5.51,5.51, 100
02/25/2020,18:18,5.539,5.539,5.539,5.539, 200
02/25/2020,18:20,5.53,5.53,5.53,5.53, 300
02/25/2020,18:40,5.5,5.5,5.5,5.5, 100
02/25/2020,18:52,5.5,5.5,5.5,5.5, 100
02/25/2020,18:55,5.5,5.5,5.5,5.5, 100
02/25/2020,18:57,5.5,5.5,5.5,5.5, 100
02/25/2020,19:07,5.5,5.5,5.5,5.5, 100
02/25/2020,19:25,5.5,5.5,5.5,5.5, 626
02/25/2020,19:37,5.5,5.5,5.5,5.5, 100
02/25/2020,19:39,5.5,5.5,5.5,5.5, 1500
02/25/2020,19:52,5.505,5.505,5.505,5.505, 200
02/25/2020,19:53,5.5,5.51,5.5,5.51, 1600
02/25/2020,20:03,5.51,5.51,5.51,5.51, 100
02/25/2020,21:30,5.51,5.51,5.5,5.5, 469
02/25/2020,21:35,5.63,5.63,5.63,5.63, 100
02/25/2020,21:38,5.6,5.6,5.6,5.6, 100
02/25/2020,22:01,5.6,5.6,5.6,5.6, 300
02/26/2020,16:37,5.63,5.66,5.63,5.66, 306
02/26/2020,16:46,5.82,5.84,5.82,5.84, 1400
02/26/2020,16:58,5.83,5.83,5.83,5.83, 450
02/26/2020,17:07,5.84,5.84,5.83,5.83, 200
02/26/2020,17:10,5.83,5.83,5.83,5.83, 100
02/26/2020,17:15,5.83,5.85,5.83,5.85, 500
02/26/2020,17:35,5.84,5.847,5.84,5.847, 500
02/26/2020,17:37,5.85,5.85,5.85,5.85, 100
02/26/2020,17:39,5.85,5.85,5.85,5.85, 600
02/26/2020,17:42,5.725,5.725,5.725,5.725, 600
02/26/2020,17:51,5.84,5.84,5.84,5.84, 100
02/26/2020,17:59,5.84,5.84,5.84,5.84, 100
02/26/2020,19:54,5.736,5.736,5.736,5.736, 200
02/26/2020,20:30,5.51,5.51,5.51,5.51, 100
02/28/2020,15:31,5.49,5.49,5.49,5.49, 100
02/28/2020,15:38,5.51,5.51,5.51,5.51, 100
02/28/2020,16:08,5.549,5.549,5.549,5.549, 295
02/28/2020,16:12,5.51,5.594,5.51,5.594, 997
02/28/2020,16:30,5.51,5.51,5.51,5.51, 100
02/28/2020,17:05,5.51,5.592,5.51,5.592, 1000
02/28/2020,17:48,5.51,5.51,5.48,5.48, 799
02/28/2020,17:48,5.49,5.49,5.49,5.49, 300
02/28/2020,20:17,5.49,5.52,5.49,5.49, 1023
02/28/2020,21:22,5.49,5.49,5.49,5.49, 1000
02/28/2020,21:30,5.49,5.51,5.49,5.51, 977
02/28/2020,21:35,5.48,5.48,5.48,5.48, 1000
02/28/2020,21:39,5.48,5.48,5.48,5.48, 960

