02/03/2020,09:01,56.6,56.6,56.6,56.6, 12
02/03/2020,09:40,56.3,56.3,56.3,56.3, 1
02/03/2020,10:01,56,56,54.9,55.3, 1822
02/03/2020,10:02,55.5,55.6,55.5,55.5, 380
02/03/2020,10:03,54.9,55.2,54.9,54.9, 569
02/03/2020,10:04,55,55,54.9,54.9, 449
02/03/2020,10:05,55,55,54.9,55, 199
02/03/2020,10:06,55.1,55.1,55.1,55.1, 170
02/03/2020,10:07,55.1,55.1,55.1,55.1, 110
02/03/2020,10:10,55.2,55.2,55.2,55.2, 1
02/03/2020,10:13,55.1,55.1,55.1,55.1, 100
02/03/2020,10:14,54.8,54.8,54.8,54.8, 1
02/03/2020,10:20,55,55,55,55, 2
02/03/2020,10:23,55.1,55.1,55,55, 67
02/03/2020,10:27,54.8,54.8,54.8,54.8, 169
02/03/2020,10:29,54.9,54.9,54.9,54.9, 18
02/03/2020,10:34,54.8,54.8,54.8,54.8, 208
02/03/2020,10:35,54.7,54.7,54.5,54.7, 372
02/03/2020,10:42,54.8,54.8,54.8,54.8, 200
02/03/2020,10:42,54.8,54.8,54.8,54.8, 170
02/03/2020,10:52,54.8,54.8,54.8,54.8, 28
02/03/2020,10:53,54.8,54.8,54.8,54.8, 18
02/03/2020,10:54,54.8,54.8,54.8,54.8, 54
02/03/2020,10:54,54.8,54.8,54.8,54.8, 15
02/03/2020,10:55,54.8,54.9,54.8,54.9, 2035
02/03/2020,11:03,54.9,54.9,54.9,54.9, 50
02/03/2020,11:04,55,55,55,55, 60
02/03/2020,11:06,55,55,55,55, 900
02/03/2020,11:07,55.1,55.1,55.1,55.1, 100
02/03/2020,11:11,55.2,55.2,55.2,55.2, 50
02/03/2020,11:21,55.1,55.1,55.1,55.1, 19
02/03/2020,11:25,55.1,55.1,55.1,55.1, 159
02/03/2020,11:27,55.2,55.2,55.2,55.2, 5
02/03/2020,11:30,55.2,55.3,55.2,55.3, 219
02/03/2020,11:35,55.3,55.3,55.3,55.3, 188
02/03/2020,11:56,55.2,55.2,55.2,55.2, 288
02/03/2020,12:04,55.2,55.2,55.2,55.2, 1
02/03/2020,12:07,55.2,55.2,55.2,55.2, 27
02/03/2020,12:26,55.3,55.3,55.3,55.3, 250
02/03/2020,12:31,55.3,55.3,55.3,55.3, 59
02/03/2020,12:42,55.3,55.4,55.3,55.4, 376
02/03/2020,12:48,55.5,55.5,55.5,55.5, 22
02/03/2020,12:50,55.5,55.5,55.5,55.5, 21
02/03/2020,12:52,55.5,55.5,55.5,55.5, 41
02/03/2020,13:52,55.4,55.4,55.4,55.4, 144
02/03/2020,14:03,55.7,55.7,55.7,55.7, 6
02/03/2020,14:04,55.4,55.4,55.4,55.4, 22
02/03/2020,14:11,55.4,55.4,55.4,55.4, 67
02/03/2020,14:33,55.7,55.7,55.7,55.7, 28
02/03/2020,15:09,55.6,55.6,55.6,55.6, 155
02/03/2020,15:26,55.7,56.2,55.7,56, 2455
02/03/2020,15:28,56,56,56,56, 180
02/03/2020,15:35,56,56,56,56, 778
02/03/2020,15:36,56,56,56,56, 113
02/03/2020,15:47,56.1,56.1,56.1,56.1, 1
02/03/2020,16:06,56,56,56,56, 1
02/03/2020,16:14,56,56,56,56, 162
02/03/2020,16:28,56,56,56,56, 202
02/03/2020,16:31,56,56,56,56, 182
02/03/2020,16:32,56,56,56,56, 50
02/03/2020,16:33,56.1,56.1,56.1,56.1, 256
02/03/2020,16:35,56,56,56,56, 33
02/03/2020,16:36,56,56,56,56, 204
02/03/2020,16:37,56,56,56,56, 33
02/03/2020,16:39,56,56,56,56, 331
02/03/2020,16:39,56,56,56,56, 6200
02/03/2020,16:41,56,56,56,56, 22
02/03/2020,16:43,56,56,56,56, 959
02/03/2020,16:44,56,56,56,56, 387
02/03/2020,16:47,56.1,56.1,56,56, 424
02/03/2020,16:50,56,56,56,56, 238
02/03/2020,17:01,56,56,56,56, 2614
02/04/2020,09:01,56,56,56,56, 77
02/04/2020,09:08,56,56,56,56, 50
02/04/2020,09:21,56.3,56.3,56.2,56.3, 831
02/04/2020,09:25,56.2,56.2,56.2,56.2, 1
02/04/2020,09:31,56.1,56.1,56.1,56.1, 1
02/04/2020,09:35,56.3,56.3,56.3,56.3, 100
02/04/2020,09:52,56.3,56.3,56.3,56.3, 1
02/04/2020,09:58,56.2,56.2,56.2,56.2, 341
02/04/2020,10:04,56.1,56.1,56.1,56.1, 70
02/04/2020,10:27,56.2,56.2,56.2,56.2, 353
02/04/2020,10:32,56.2,56.2,56.2,56.2, 1
02/04/2020,10:34,56.3,56.4,56.3,56.4, 351
02/04/2020,10:37,56.5,56.5,56.3,56.3, 69
02/04/2020,10:39,56.5,56.5,56.5,56.5, 31
02/04/2020,10:40,56.6,56.6,56.6,56.6, 400
02/04/2020,10:44,56.5,56.5,56.5,56.5, 100
02/04/2020,11:03,56.6,56.6,56.6,56.6, 3
02/04/2020,11:18,56.5,56.5,56.5,56.5, 29
02/04/2020,11:20,56.5,56.5,56.5,56.5, 394
02/04/2020,11:37,56.5,56.5,56.5,56.5, 3
02/04/2020,11:37,56.5,56.5,56.5,56.5, 4
02/04/2020,11:46,56.4,56.4,56.4,56.4, 15
02/04/2020,11:47,56.3,56.3,56.3,56.3, 41
02/04/2020,11:50,56.2,56.2,56.2,56.2, 595
02/04/2020,11:56,56.3,56.3,56.3,56.3, 898
02/04/2020,12:08,56.4,56.5,56.4,56.5, 1105
02/04/2020,12:09,56.5,56.5,56.5,56.5, 1
02/04/2020,12:55,56.4,56.4,56.4,56.4, 53
02/04/2020,13:18,56.3,56.3,56.3,56.3, 351
02/04/2020,13:24,56.3,56.3,56.3,56.3, 47
02/04/2020,13:39,56.3,56.3,56.3,56.3, 23
02/04/2020,13:53,56.3,56.3,56.3,56.3, 25
02/04/2020,13:55,56.4,56.5,56.4,56.5, 228
02/04/2020,13:56,56.4,56.5,56.4,56.5, 82
02/04/2020,14:09,56.5,56.5,56.5,56.5, 53
02/04/2020,14:23,56.5,56.5,56.5,56.5, 4
02/04/2020,14:33,56.4,56.4,56.4,56.4, 29
02/04/2020,14:46,56.4,56.4,56.4,56.4, 133
02/04/2020,14:52,56.5,56.5,56.5,56.5, 226
02/04/2020,15:10,56.4,56.4,56.4,56.4, 1
02/04/2020,15:32,56.4,56.4,56.4,56.4, 518
02/04/2020,15:40,56.4,56.4,56.4,56.4, 53
02/04/2020,15:42,56.3,56.3,56.3,56.3, 100
02/04/2020,15:48,56.3,56.3,56.3,56.3, 104
02/04/2020,15:50,56.2,56.2,56.2,56.2, 22
02/04/2020,15:53,56.2,56.2,56.2,56.2, 1
02/04/2020,15:56,56.3,56.3,56.3,56.3, 100
02/04/2020,16:03,56.2,56.2,56.2,56.2, 937
02/04/2020,16:09,56.2,56.2,56.2,56.2, 875
02/04/2020,16:10,56.2,56.3,56.2,56.3, 2288
02/04/2020,16:12,56.2,56.2,56.2,56.2, 567
02/04/2020,16:20,56.3,56.3,56.3,56.3, 53
02/04/2020,16:23,56.2,56.2,56.2,56.2, 19
02/04/2020,16:25,56.2,56.2,56.2,56.2, 1655
02/04/2020,16:26,56.2,56.2,56.2,56.2, 371
02/04/2020,16:27,56.2,56.2,56.2,56.2, 226
02/04/2020,16:28,56.2,56.3,56.2,56.2, 473
02/04/2020,16:29,56.2,56.2,56.2,56.2, 868
02/04/2020,16:29,56.3,56.3,56.3,56.3, 53
02/04/2020,16:31,56.2,56.2,56.2,56.2, 85
02/04/2020,16:32,56.1,56.1,56.1,56.1, 1545
02/04/2020,16:33,56.1,56.1,56.1,56.1, 200
02/04/2020,16:35,56.1,56.2,56.1,56.2, 711
02/04/2020,16:36,56.1,56.1,56.1,56.1, 30
02/04/2020,16:42,56.2,56.2,56.2,56.2, 186
02/04/2020,16:43,56.2,56.2,56.2,56.2, 800
02/04/2020,16:44,56.2,56.2,56.2,56.2, 182
02/04/2020,16:45,56.2,56.3,56.2,56.3, 371
02/04/2020,16:46,56.2,56.2,56.2,56.2, 22
02/04/2020,16:47,56.2,56.2,56.2,56.2, 84
02/04/2020,16:48,56.5,56.5,56.5,56.5, 53
02/04/2020,16:50,56.3,56.3,56.2,56.2, 155
02/04/2020,17:01,56.2,56.2,56.2,56.2, 1770
02/04/2020,17:05,56.2,56.2,56.2,56.2, 2736
02/05/2020,09:01,56.6,56.6,56.2,56.2, 35
02/05/2020,09:04,56.6,56.6,56.6,56.6, 476
02/05/2020,09:05,56.3,56.3,56.3,56.3, 1
02/05/2020,09:07,56.7,56.8,56.7,56.8, 753
02/05/2020,09:08,56.7,56.7,56.7,56.7, 50
02/05/2020,09:09,56.7,56.8,56.7,56.8, 54
02/05/2020,09:10,56.7,56.7,56.7,56.7, 1
02/05/2020,09:11,56.7,56.7,56.7,56.7, 274
02/05/2020,09:13,56.3,56.3,56.3,56.3, 1
02/05/2020,09:17,56.7,56.7,56.3,56.3, 109
02/05/2020,09:18,56.2,56.2,56.2,56.2, 315
02/05/2020,09:18,56.2,56.2,56.2,56.2, 30
02/05/2020,09:20,56.2,56.2,56.2,56.2, 1
02/05/2020,09:28,56.3,56.3,56.2,56.2, 560
02/05/2020,09:31,56.2,56.2,56.2,56.2, 800
02/05/2020,09:33,56.2,56.2,56.2,56.2, 663
02/05/2020,09:39,56.3,56.3,56.3,56.3, 173
02/05/2020,09:45,56.4,56.4,56.4,56.4, 100
02/05/2020,10:09,56.4,56.4,56.4,56.4, 403
02/05/2020,10:14,56.5,56.5,56.5,56.5, 636
02/05/2020,10:21,56.5,56.5,56.5,56.5, 6
02/05/2020,10:26,56.4,56.4,56.4,56.4, 189
02/05/2020,10:34,56.5,56.5,56.5,56.5, 53
02/05/2020,10:38,56.5,56.5,56.5,56.5, 267
02/05/2020,10:40,56.6,56.6,56.6,56.6, 167
02/05/2020,10:42,56.6,56.6,56.6,56.6, 162
02/05/2020,10:55,56.6,56.6,56.6,56.6, 24
02/05/2020,10:56,56.7,56.7,56.7,56.7, 1
02/05/2020,10:56,56.7,56.7,56.7,56.7, 957
02/05/2020,11:03,56.7,56.7,56.7,56.7, 33
02/05/2020,11:08,56.8,56.8,56.8,56.8, 5183
02/05/2020,11:11,56.8,56.8,56.8,56.8, 30
02/05/2020,11:25,56.8,56.8,56.8,56.8, 24
02/05/2020,11:32,56.8,56.8,56.8,56.8, 176
02/05/2020,11:33,56.9,56.9,56.9,56.9, 240
02/05/2020,11:38,56.9,56.9,56.9,56.9, 1
02/05/2020,11:39,56.8,56.8,56.8,56.8, 50
02/05/2020,12:01,56.9,56.9,56.9,56.9, 48
02/05/2020,12:11,56.9,56.9,56.9,56.9, 30
02/05/2020,12:20,56.8,56.8,56.8,56.8, 101
02/05/2020,12:30,56.8,56.8,56.8,56.8, 22
02/05/2020,12:37,56.8,56.8,56.8,56.8, 17
02/05/2020,12:43,56.8,56.8,56.8,56.8, 100
02/05/2020,12:44,56.9,56.9,56.9,56.9, 174
02/05/2020,13:04,56.8,56.8,56.8,56.8, 605
02/05/2020,13:10,56.8,56.8,56.8,56.8, 3310
02/05/2020,13:11,56.7,56.7,56.6,56.6, 197
02/05/2020,13:16,56.5,56.6,56.5,56.5, 490
02/05/2020,13:41,56.6,56.6,56.5,56.5, 792
02/05/2020,13:54,56.6,56.6,56.6,56.6, 2
02/05/2020,14:07,56.5,56.5,56.5,56.5, 175
02/05/2020,14:15,56.5,56.5,56.5,56.5, 10
02/05/2020,14:21,56.6,56.6,56.6,56.6, 23
02/05/2020,14:27,56.6,56.6,56.6,56.6, 400
02/05/2020,14:41,56.5,56.5,56.5,56.5, 23
02/05/2020,14:53,56.6,56.6,56.6,56.6, 100
02/05/2020,14:54,56.6,56.6,56.6,56.6, 200
02/05/2020,14:55,56.6,56.6,56.6,56.6, 200
02/05/2020,15:04,56.6,56.6,56.6,56.6, 183
02/05/2020,15:06,56.5,56.5,56.5,56.5, 1
02/05/2020,15:09,56.6,56.6,56.6,56.6, 161
02/05/2020,15:11,56.6,56.6,56.6,56.6, 53
02/05/2020,15:16,56.7,56.7,56.7,56.7, 53
02/05/2020,15:19,56.7,56.8,56.7,56.8, 80
02/05/2020,15:24,56.8,56.8,56.8,56.8, 253
02/05/2020,15:26,56.8,56.8,56.8,56.8, 106
02/05/2020,15:30,56.7,56.7,56.7,56.7, 2
02/05/2020,15:32,56.8,56.8,56.8,56.8, 6
02/05/2020,15:34,56.8,56.8,56.8,56.8, 53
02/05/2020,15:35,56.8,56.8,56.8,56.8, 200
02/05/2020,15:43,56.8,56.8,56.7,56.7, 529
02/05/2020,15:47,56.8,56.8,56.8,56.8, 80
02/05/2020,15:48,56.8,56.8,56.8,56.8, 20
02/05/2020,15:50,56.8,56.8,56.7,56.7, 1952
02/05/2020,16:01,56.8,56.8,56.8,56.8, 749
02/05/2020,16:01,56.6,56.8,56.6,56.8, 129
02/05/2020,16:03,56.7,56.7,56.7,56.7, 1
02/05/2020,16:27,56.7,56.7,56.7,56.7, 400
02/05/2020,16:30,56.8,56.8,56.8,56.8, 29
02/05/2020,16:34,56.5,56.7,56.5,56.7, 717
02/05/2020,16:36,56.7,56.7,56.7,56.7, 29
02/05/2020,16:38,56.7,56.7,56.7,56.7, 53
02/05/2020,16:41,56.5,56.5,56.5,56.5, 637
02/05/2020,16:42,56.5,56.5,56.5,56.5, 206
02/05/2020,16:42,56.5,56.5,56.5,56.5, 144
02/05/2020,16:44,56.6,56.6,56.5,56.5, 89
02/05/2020,16:45,56.4,56.4,56.4,56.4, 43
02/05/2020,16:46,56.4,56.4,56.4,56.4, 235
02/05/2020,16:47,56.5,56.5,56.5,56.5, 26
02/05/2020,16:49,56.4,56.4,56.4,56.4, 33
02/05/2020,16:50,56.4,56.4,56.4,56.4, 97
02/05/2020,17:01,56.5,56.5,56.5,56.5, 2136
02/06/2020,09:01,56.8,56.8,56.8,56.8, 52
02/06/2020,09:03,56.9,56.9,56.9,56.9, 250
02/06/2020,09:04,56.9,56.9,56.9,56.9, 1010
02/06/2020,09:07,56.9,57,56.9,57, 53
02/06/2020,09:09,56.9,56.9,56.9,56.9, 100
02/06/2020,09:10,56.9,56.9,56.9,56.9, 50
02/06/2020,09:11,57,57,57,57, 10
02/06/2020,09:16,56.9,56.9,56.9,56.9, 250
02/06/2020,09:18,57,57,57,57, 1
02/06/2020,09:22,57,57.1,57,57.1, 3528
02/06/2020,09:22,57.1,57.1,57.1,57.1, 200
02/06/2020,09:32,57.1,57.1,57.1,57.1, 10
02/06/2020,09:40,57,57,57,57, 19
02/06/2020,09:53,57.1,57.1,57.1,57.1, 15
02/06/2020,10:15,57,57,57,57, 2170
02/06/2020,10:18,57,57,57,57, 524
02/06/2020,10:23,57.1,57.1,57.1,57.1, 60
02/06/2020,10:27,57,57,57,57, 1
02/06/2020,10:36,57,57,56.8,56.8, 475
02/06/2020,10:55,56.8,56.8,56.8,56.8, 18
02/06/2020,11:17,56.9,56.9,56.9,56.9, 50
02/06/2020,11:45,56.9,56.9,56.9,56.9, 20
02/06/2020,12:02,56.9,56.9,56.9,56.9, 164
02/06/2020,12:05,56.8,56.8,56.8,56.8, 625
02/06/2020,12:31,56.6,56.6,56.5,56.5, 160
02/06/2020,13:12,56.7,56.7,56.7,56.7, 62
02/06/2020,14:48,56.6,56.6,56.6,56.6, 342
02/06/2020,14:51,56.5,56.5,56.5,56.5, 78
02/06/2020,14:55,56.6,56.6,56.6,56.6, 50
02/06/2020,15:06,56.7,56.7,56.5,56.5, 1643
02/06/2020,15:19,56.5,56.5,56.5,56.5, 48
02/06/2020,15:24,56.6,56.6,56.6,56.6, 7
02/06/2020,15:29,56.5,56.6,56.5,56.6, 226
02/06/2020,15:37,56.5,56.5,56.5,56.5, 6
02/06/2020,15:40,56.5,56.5,56.2,56.2, 1616
02/06/2020,15:42,56.3,56.3,56.3,56.3, 48
02/06/2020,15:44,56.4,56.4,56.3,56.3, 548
02/06/2020,15:46,56.3,56.3,56.3,56.3, 17
02/06/2020,15:47,56.2,56.2,56.1,56.1, 148
02/06/2020,15:48,56.1,56.1,56.1,56.1, 132
02/06/2020,15:49,56.4,56.5,56.3,56.5, 1934
02/06/2020,15:59,56.5,56.5,56.5,56.5, 116
02/06/2020,16:14,56.3,56.3,56.3,56.3, 172
02/06/2020,16:24,56.2,56.2,56.2,56.2, 6
02/06/2020,16:25,56.2,56.2,56.2,56.2, 39
02/06/2020,16:25,56.2,56.2,56.2,56.2, 53
02/06/2020,16:41,56.2,56.2,56.2,56.2, 59
02/06/2020,16:41,56.2,56.3,56.2,56.3, 727
02/06/2020,16:47,56.1,56.1,56.1,56.1, 233
02/06/2020,16:48,56.3,56.3,56.3,56.3, 266
02/06/2020,16:49,56.1,56.1,56.1,56.1, 15
02/06/2020,16:50,56.1,56.1,55.8,55.8, 388
02/06/2020,17:01,56,56,56,56, 1519
02/07/2020,09:01,55.9,55.9,55.9,55.9, 110
02/07/2020,09:04,56,56,56,56, 70
02/07/2020,10:35,56.1,56.1,56.1,56.1, 7
02/07/2020,10:47,56.2,56.2,56.2,56.2, 29
02/07/2020,10:48,56.2,56.2,56.1,56.1, 316
02/07/2020,11:04,56.1,56.1,56.1,56.1, 33
02/07/2020,11:06,56.3,56.3,56.1,56.1, 227
02/07/2020,11:20,56.4,56.4,56.4,56.4, 183
02/07/2020,11:27,56.4,56.4,56.4,56.4, 177
02/07/2020,11:33,56,56.2,56,56, 426
02/07/2020,11:35,56.2,56.2,56.1,56.1, 138
02/07/2020,11:39,56.3,56.5,56.2,56.3, 1198
02/07/2020,11:50,56.5,56.5,56.5,56.5, 132
02/07/2020,12:00,56.5,56.5,56.5,56.5, 88
02/07/2020,12:44,56.5,56.5,56.5,56.5, 153
02/07/2020,12:48,56.5,56.5,56.5,56.5, 250
02/07/2020,12:55,56.6,56.6,56.6,56.6, 110
02/07/2020,13:06,56.6,56.6,56.6,56.6, 15
02/07/2020,13:10,56.7,56.7,56.7,56.7, 182
02/07/2020,13:11,56.7,56.7,56.7,56.7, 129
02/07/2020,13:20,56.6,56.7,56.6,56.7, 149
02/07/2020,13:23,56.7,56.8,56.7,56.8, 270
02/07/2020,13:26,56.7,56.7,56.6,56.6, 200
02/07/2020,13:26,56.7,56.7,56.7,56.7, 99
02/07/2020,13:28,56.7,56.7,56.7,56.7, 78
02/07/2020,13:35,56.8,56.8,56.8,56.8, 613
02/07/2020,13:38,56.9,56.9,56.8,56.8, 161
02/07/2020,13:40,56.8,56.8,56.8,56.8, 97
02/07/2020,13:54,56.9,57,56.9,57, 1433
02/07/2020,13:54,57,57,56.9,57, 428
02/07/2020,13:55,57,57.1,57,57.1, 2000
02/07/2020,13:58,57,57,57,57, 132
02/07/2020,14:00,57.1,57.1,57.1,57.1, 500
02/07/2020,14:02,57,57,57,57, 205
02/07/2020,14:13,57,57,57,57, 50
02/07/2020,14:15,57,57,56.9,56.9, 270
02/07/2020,14:18,57.1,57.1,57.1,57.1, 42
02/07/2020,14:33,57,57.1,56.9,56.9, 715
02/07/2020,14:34,57.2,57.3,57.2,57.3, 2104
02/07/2020,14:35,57.3,57.3,57.3,57.3, 147
02/07/2020,14:39,57,57,57,57, 182
02/07/2020,14:47,57.1,57.1,57,57, 1203
02/07/2020,14:51,57,57.3,57,57, 1187
02/07/2020,15:02,57.3,57.3,57.2,57.2, 250
02/07/2020,15:07,57.3,57.3,57.3,57.3, 24
02/07/2020,15:09,57.2,57.2,57.2,57.2, 10
02/07/2020,15:16,57.2,57.2,57.2,57.2, 10
02/07/2020,15:17,57.1,57.3,57,57, 687
02/07/2020,15:24,57,57,57,57, 20
02/07/2020,15:28,57.1,57.1,57.1,57.1, 37
02/07/2020,15:29,57.1,57.1,57.1,57.1, 10
02/07/2020,15:33,56.9,56.9,56.9,56.9, 176
02/07/2020,15:38,57,57,57,57, 158
02/07/2020,15:39,57,57,57,57, 179
02/07/2020,15:40,57,57,57,57, 52
02/07/2020,15:44,57.1,57.1,57.1,57.1, 148
02/07/2020,15:50,57.2,57.3,57.2,57.3, 30
02/07/2020,15:51,57.3,57.3,57.3,57.3, 238
02/07/2020,15:55,57.3,57.3,57.3,57.3, 15
02/07/2020,16:00,57.3,57.3,57.3,57.3, 169
02/07/2020,16:01,57.4,57.4,57.4,57.4, 13
02/07/2020,16:02,57.4,57.4,57.4,57.4, 18
02/07/2020,16:11,57.4,57.5,57.4,57.5, 4401
02/07/2020,16:11,57.5,57.5,57.5,57.5, 210
02/07/2020,16:12,57.5,57.5,57.5,57.5, 650
02/07/2020,16:14,57.5,57.5,57.5,57.5, 30
02/07/2020,16:16,57.5,57.5,57.5,57.5, 33
02/07/2020,16:17,57.3,57.3,57.3,57.3, 80
02/07/2020,16:17,57.3,57.3,57.3,57.3, 155
02/07/2020,16:19,57.3,57.3,57.3,57.3, 36
02/07/2020,16:20,57,57,57,57, 14
02/07/2020,16:42,57.3,57.3,57.3,57.3, 1148
02/07/2020,16:43,57.2,57.2,57.2,57.2, 348
02/07/2020,16:44,57.2,57.2,57.2,57.2, 150
02/07/2020,16:46,57.3,57.3,57.2,57.2, 250
02/07/2020,16:49,57.4,57.4,57.2,57.2, 245
02/07/2020,16:50,57.2,57.2,57.2,57.2, 180
02/07/2020,17:01,57.4,57.4,57.4,57.4, 448
02/10/2020,09:01,57.4,57.4,57.4,57.4, 235
02/10/2020,09:03,57.5,57.6,57.5,57.6, 166
02/10/2020,09:05,57.5,57.5,57.5,57.5, 100
02/10/2020,09:10,57.5,57.5,57.4,57.4, 387
02/10/2020,09:28,57.4,57.4,57.4,57.4, 408
02/10/2020,09:30,57.4,57.4,57.4,57.4, 100
02/10/2020,09:44,57.1,57.1,57.1,57.1, 18
02/10/2020,10:11,57.3,57.3,57.3,57.3, 99
02/10/2020,10:13,57.3,57.3,57.3,57.3, 22
02/10/2020,10:23,57.2,57.2,57.2,57.2, 132
02/10/2020,10:25,57.2,57.2,57.2,57.2, 24
02/10/2020,10:30,57.3,57.3,57.1,57.1, 1114
02/10/2020,10:33,57.1,57.1,57.1,57.1, 2
02/10/2020,10:39,57.1,57.1,57.1,57.1, 168
02/10/2020,10:43,57.2,57.2,57.2,57.2, 88
02/10/2020,10:55,57.2,57.2,57.2,57.2, 17
02/10/2020,11:12,57.2,57.2,57.2,57.2, 382
02/10/2020,11:13,57.2,57.4,57.1,57.1, 344
02/10/2020,11:22,57.4,57.4,57.4,57.4, 557
02/10/2020,11:57,57.5,57.5,57.5,57.5, 223
02/10/2020,12:10,57.6,57.6,57.6,57.6, 87
02/10/2020,12:12,57.5,57.5,57.5,57.5, 504
02/10/2020,12:14,57.6,57.6,57.6,57.6, 80
02/10/2020,12:24,57.5,57.5,57.2,57.2, 6420
02/10/2020,12:48,57.4,57.4,57.4,57.4, 96
02/10/2020,13:01,57.3,57.3,57.3,57.3, 77
02/10/2020,13:06,57.3,57.3,57.3,57.3, 41
02/10/2020,13:31,57.2,57.2,57.2,57.2, 64
02/10/2020,13:41,57.3,57.3,57.3,57.3, 196
02/10/2020,13:51,57.2,57.2,57.2,57.2, 15
02/10/2020,14:12,57.3,57.3,57.3,57.3, 89
02/10/2020,14:12,57.3,57.3,57.3,57.3, 196
02/10/2020,14:33,57.3,57.3,57.3,57.3, 11
02/10/2020,14:45,57.3,57.3,57.3,57.3, 720
02/10/2020,14:51,57.4,57.4,57.4,57.4, 474
02/10/2020,15:02,57.5,57.5,57.5,57.5, 10
02/10/2020,15:05,57.5,57.5,57.5,57.5, 862
02/10/2020,15:07,57.6,57.6,57.6,57.6, 20
02/10/2020,15:08,57.6,57.6,57.6,57.6, 27
02/10/2020,15:13,57.5,57.5,57.5,57.5, 1
02/10/2020,15:18,57.6,57.6,57.6,57.6, 16
02/10/2020,15:22,57.6,57.6,57.5,57.5, 472
02/10/2020,15:30,57.5,57.5,57.5,57.5, 25
02/10/2020,15:31,57.6,57.6,57.5,57.5, 263
02/10/2020,15:37,57.5,57.5,57.5,57.5, 158
02/10/2020,15:39,57.6,57.6,57.6,57.6, 68
02/10/2020,15:43,57.5,57.5,57.5,57.5, 30
02/10/2020,15:45,57.5,57.5,57.5,57.5, 474
02/10/2020,15:47,57.3,57.3,57.2,57.2, 100
02/10/2020,15:51,57.5,57.5,57.3,57.3, 4055
02/10/2020,15:51,57.3,57.3,57.3,57.3, 1000
02/10/2020,15:59,57.2,57.2,57.2,57.2, 133
02/10/2020,16:31,57.3,57.3,57.2,57.2, 494
02/10/2020,16:34,57.3,57.3,57.3,57.3, 50
02/10/2020,16:36,57.3,57.3,57.3,57.3, 61
02/10/2020,16:37,57.3,57.3,57.3,57.3, 52
02/10/2020,16:42,57.2,57.2,57.2,57.2, 119
02/10/2020,16:43,57.2,57.2,57.2,57.2, 142
02/10/2020,16:44,57.2,57.2,57.2,57.2, 141
02/10/2020,16:46,57.3,57.3,57.2,57.3, 20269
02/10/2020,16:47,57.2,57.2,57.2,57.2, 105
02/10/2020,16:48,57.3,57.3,57.2,57.2, 265
02/10/2020,16:49,57.2,57.2,57.2,57.2, 79
02/10/2020,16:49,57.3,57.3,57.2,57.2, 47
02/10/2020,16:50,57.2,57.2,57.2,57.2, 38
02/10/2020,17:01,57.5,57.5,57.5,57.5, 1379
02/11/2020,09:01,57.7,57.7,57.7,57.7, 336
02/11/2020,09:10,57.6,57.6,57.6,57.6, 215
02/11/2020,09:14,57.5,57.5,57.5,57.5, 240
02/11/2020,09:20,57.6,57.6,57.6,57.6, 18
02/11/2020,09:25,57.6,57.6,57.6,57.6, 124
02/11/2020,09:29,57.5,57.5,57.5,57.5, 44
02/11/2020,09:54,57.4,57.4,57.3,57.3, 989
02/11/2020,09:56,57.3,57.3,57.3,57.3, 10
02/11/2020,10:42,57.3,57.3,57.3,57.3, 40
02/11/2020,12:16,57.3,57.3,57.3,57.3, 50
02/11/2020,12:47,57.3,57.3,57.3,57.3, 2
02/11/2020,12:50,57.3,57.3,57.3,57.3, 118
02/11/2020,13:35,57.3,57.3,57.3,57.3, 204
02/11/2020,13:57,57.2,57.2,57.2,57.2, 25
02/11/2020,14:15,57.2,57.2,57.2,57.2, 80
02/11/2020,14:16,57.2,57.2,57.2,57.2, 5
02/11/2020,14:18,57.2,57.2,57.2,57.2, 5
02/11/2020,14:20,57.2,57.2,57.2,57.2, 5
02/11/2020,14:22,57.2,57.2,57.2,57.2, 5
02/11/2020,14:51,57.1,57.2,57.1,57.2, 439
02/11/2020,14:54,57.2,57.2,57.1,57.1, 88
02/11/2020,14:55,57.2,57.2,57.2,57.2, 4
02/11/2020,14:57,57.2,57.2,57.2,57.2, 5
02/11/2020,14:59,57.2,57.2,57.2,57.2, 5
02/11/2020,15:01,57.2,57.2,57.2,57.2, 5
02/11/2020,15:03,57.2,57.2,57.2,57.2, 5
02/11/2020,15:04,57.2,57.2,57.2,57.2, 5
02/11/2020,15:06,57.2,57.2,57.2,57.2, 5
02/11/2020,15:08,57.2,57.2,57.2,57.2, 345
02/11/2020,15:10,57.2,57.2,57.2,57.2, 5
02/11/2020,15:12,57.2,57.2,57.2,57.2, 5
02/11/2020,15:14,57.2,57.2,57.2,57.2, 5
02/11/2020,15:15,57.2,57.2,57.2,57.2, 5
02/11/2020,15:17,57.2,57.2,57.2,57.2, 5
02/11/2020,15:19,57.2,57.2,57.2,57.2, 5
02/11/2020,15:21,57.2,57.2,57.2,57.2, 5
02/11/2020,15:23,57.2,57.2,57.2,57.2, 5
02/11/2020,15:25,57.2,57.2,57.1,57.1, 6
02/11/2020,15:26,57.2,57.2,57.2,57.2, 5
02/11/2020,15:28,57.2,57.2,57.2,57.2, 5
02/11/2020,15:28,57.1,57.1,57,57.1, 386
02/11/2020,15:31,57.2,57.2,57,57, 2
02/11/2020,15:32,57.2,57.2,57.2,57.2, 7
02/11/2020,15:51,57.1,57.1,57.1,57.1, 16
02/11/2020,15:53,57.2,57.2,57.2,57.2, 50
02/11/2020,16:05,57.2,57.2,57.2,57.2, 2
02/11/2020,16:15,57.2,57.2,57.2,57.2, 30
02/11/2020,16:18,57,57,57,57, 54
02/11/2020,16:37,57.1,57.1,57.1,57.1, 45
02/11/2020,16:42,57.1,57.1,57.1,57.1, 50
02/11/2020,16:45,57.1,57.1,57.1,57.1, 17
02/11/2020,16:46,57,57,57,57, 491
02/11/2020,16:49,56.9,56.9,56.9,56.9, 61
02/11/2020,16:50,57.1,57.1,56.9,56.9, 351
02/11/2020,16:50,56.9,56.9,56.8,56.8, 41
02/11/2020,17:01,57.1,57.1,57.1,57.1, 436
02/11/2020,17:04,57.1,57.1,57.1,57.1, 153
02/12/2020,10:27,57.5,57.5,57.5,57.5, 1
02/12/2020,10:29,57.5,57.5,57.5,57.5, 117
02/12/2020,10:30,57.5,57.5,57.5,57.5, 356
02/12/2020,10:42,57.5,57.5,57.5,57.5, 200
02/12/2020,10:47,57.5,57.5,57.5,57.5, 50
02/12/2020,10:53,57.6,57.6,57.6,57.6, 164
02/12/2020,10:58,57.5,57.5,57.5,57.5, 66
02/12/2020,11:01,57.5,57.5,57.5,57.5, 169
02/12/2020,11:03,57.4,57.4,57.4,57.4, 55
02/12/2020,11:07,57.3,57.3,57.3,57.3, 81
02/12/2020,11:11,57.3,57.3,57.2,57.2, 52
02/12/2020,11:12,57.2,57.2,57.1,57.2, 100
02/12/2020,11:14,57.3,57.3,57.3,57.3, 174
02/12/2020,11:18,57.2,57.2,57.2,57.2, 38
02/12/2020,11:25,57,57,57,57, 93
02/12/2020,11:28,57.2,57.2,57.2,57.2, 255
02/12/2020,11:34,57.2,57.2,57.2,57.2, 1
02/12/2020,11:36,57.2,57.2,57.2,57.2, 53
02/12/2020,11:37,57.3,57.3,57.3,57.3, 192
02/12/2020,11:38,57.4,57.4,57.4,57.4, 105
02/12/2020,11:47,57.4,57.4,57.4,57.4, 29
02/12/2020,11:50,57.3,57.3,57.3,57.3, 174
02/12/2020,11:51,57.3,57.3,57.3,57.3, 71
02/12/2020,11:53,57.3,57.3,57.3,57.3, 267
02/12/2020,11:54,57.3,57.3,57.3,57.3, 34
02/12/2020,11:59,57.2,57.2,57.2,57.2, 68
02/12/2020,12:06,57.2,57.2,57.2,57.2, 84
02/12/2020,12:08,57.4,57.4,57.4,57.4, 184
02/12/2020,12:12,57.2,57.2,57.2,57.2, 513
02/12/2020,12:13,57.1,57.1,57.1,57.1, 105
02/12/2020,12:14,57,57,57,57, 91
02/12/2020,12:17,57,57,57,57, 43
02/12/2020,12:22,57,57,57,57, 63
02/12/2020,12:25,56.9,56.9,56.9,56.9, 31
02/12/2020,12:32,56.9,56.9,56.9,56.9, 88
02/12/2020,12:35,56.9,56.9,56.9,56.9, 26
02/12/2020,12:40,56.9,56.9,56.9,56.9, 68
02/12/2020,12:43,57,57,56.8,56.8, 1446
02/12/2020,12:47,57,57,57,57, 280
02/12/2020,12:52,57,57,57,57, 180
02/12/2020,12:55,57,57,57,57, 182
02/12/2020,12:56,57,57,57,57, 5
02/12/2020,13:00,57,57,57,57, 478
02/12/2020,13:03,57,57,57,57, 100
02/12/2020,13:04,57,57,57,57, 500
02/12/2020,13:12,57,57,57,57, 160
02/12/2020,13:16,57,57,57,57, 171
02/12/2020,13:20,57,57,57,57, 74
02/12/2020,13:21,56.9,56.9,56.9,56.9, 94
02/12/2020,13:27,56.8,56.8,56.8,56.8, 76
02/12/2020,13:32,57,57,57,57, 165
02/12/2020,13:35,56.9,56.9,56.8,56.8, 64
02/12/2020,13:42,56.8,56.8,56.8,56.8, 86
02/12/2020,13:43,56.9,56.9,56.9,56.9, 61
02/12/2020,13:55,56.8,56.8,56.8,56.8, 91
02/12/2020,14:00,56.8,56.8,56.8,56.8, 84
02/12/2020,14:02,56.8,56.8,56.8,56.8, 1175
02/12/2020,14:08,56.9,56.9,56.9,56.9, 1084
02/12/2020,14:16,56.9,56.9,56.9,56.9, 76
02/12/2020,14:18,57,57,57,57, 155
02/12/2020,14:22,56.9,56.9,56.9,56.9, 72
02/12/2020,14:23,57,57,56.9,56.9, 1395
02/12/2020,14:27,57,57,57,57, 1958
02/12/2020,14:31,57.1,57.1,57.1,57.1, 107
02/12/2020,14:33,57,57,57,57, 7
02/12/2020,14:35,57.1,57.1,57.1,57.1, 156
02/12/2020,14:37,57,57,57,57, 68
02/12/2020,14:42,57.1,57.1,57.1,57.1, 160
02/12/2020,14:43,57,57,57,57, 70
02/12/2020,14:49,57,57,57,57, 67
02/12/2020,14:54,57,57,57,57, 67
02/12/2020,14:55,57.1,57.1,57.1,57.1, 105
02/12/2020,14:58,57.1,57.1,57.1,57.1, 161
02/12/2020,15:04,57,57,57,57, 42
02/12/2020,15:10,57.1,57.1,57.1,57.1, 175
02/12/2020,15:12,57,57,57,57, 94
02/12/2020,15:15,57,57,57,57, 41
02/12/2020,15:17,57,57,57,57, 36
02/12/2020,15:20,57,57,57,57, 63
02/12/2020,15:22,57,57,57,57, 59
02/12/2020,15:26,57,57,56.9,56.9, 82
02/12/2020,15:27,56.9,56.9,56.9,56.9, 39
02/12/2020,15:29,56.9,56.9,56.9,56.9, 39
02/12/2020,15:30,56.9,56.9,56.9,56.9, 26
02/12/2020,15:32,56.8,56.8,56.8,56.8, 159
02/12/2020,15:35,56.8,56.8,56.8,56.8, 73
02/12/2020,15:37,56.8,56.8,56.8,56.8, 35
02/12/2020,15:39,57,57.1,57,57.1, 3450
02/12/2020,15:42,56.9,56.9,56.9,56.9, 80
02/12/2020,15:43,57.1,57.1,56.9,56.9, 197
02/12/2020,15:44,56.9,56.9,56.9,56.9, 25
02/12/2020,15:45,56.9,56.9,56.9,56.9, 35
02/12/2020,15:49,56.9,56.9,56.9,56.9, 92
02/12/2020,15:49,57.1,57.1,57.1,57.1, 1446
02/12/2020,15:51,57.1,57.1,57,57, 315
02/12/2020,15:54,57,57,57,57, 5000
02/12/2020,15:55,56.9,56.9,56.9,56.9, 43
02/12/2020,15:58,56.9,56.9,56.9,56.9, 174
02/12/2020,16:00,57,57,57,57, 20000
02/12/2020,16:01,57,57,57,57, 453
02/12/2020,16:04,56.9,56.9,56.9,56.9, 84
02/12/2020,16:07,56.9,56.9,56.9,56.9, 81
02/12/2020,16:10,56.9,56.9,56.9,56.9, 63
02/12/2020,16:12,56.9,56.9,56.9,56.9, 57
02/12/2020,16:14,56.9,56.9,56.9,56.9, 43
02/12/2020,16:17,56.9,56.9,56.9,56.9, 86
02/12/2020,16:19,56.9,56.9,56.9,56.9, 41
02/12/2020,16:22,56.8,56.8,56.8,56.8, 68
02/12/2020,16:25,56.8,56.8,56.8,56.8, 125
02/12/2020,16:26,57,57,56.8,56.8, 224
02/12/2020,16:29,56.8,56.8,56.8,56.8, 78
02/12/2020,16:32,56.8,56.8,56.7,56.7, 262
02/12/2020,16:34,56.6,56.6,56.6,56.6, 55
02/12/2020,16:35,56.6,56.6,56.6,56.6, 99
02/12/2020,16:36,56.6,56.6,56.5,56.5, 214
02/12/2020,16:37,56.6,56.6,56.6,56.6, 76
02/12/2020,16:39,56.7,56.7,56.7,56.7, 32
02/12/2020,16:40,56.7,56.7,56.7,56.7, 31
02/12/2020,16:42,56.7,56.7,56.7,56.7, 93
02/12/2020,16:45,56.5,56.5,56.5,56.5, 70
02/12/2020,16:47,56.6,56.6,56.6,56.6, 563
02/12/2020,16:49,56.6,56.6,56.5,56.5, 35
02/12/2020,16:50,56.5,56.5,56.5,56.5, 135
02/12/2020,17:01,56.9,56.9,56.9,56.9, 1367
02/13/2020,09:01,57.2,57.2,57.2,57.2, 240
02/13/2020,09:05,57.1,57.1,57.1,57.1, 25
02/13/2020,09:12,57.1,57.1,57.1,57.1, 10
02/13/2020,09:15,57,57,57,57, 25
02/13/2020,09:17,57.1,57.1,57.1,57.1, 80
02/13/2020,09:21,57.1,57.1,57.1,57.1, 20
02/13/2020,09:27,57.1,57.1,57.1,57.1, 40
02/13/2020,09:30,57,57,57,57, 100
02/13/2020,09:31,57,57,57,57, 95
02/13/2020,09:34,57,57,57,57, 50
02/13/2020,09:44,57.1,57.1,57.1,57.1, 10
02/13/2020,09:49,57,57,57,57, 9
02/13/2020,09:51,56.9,56.9,56.9,56.9, 91
02/13/2020,09:51,56.9,56.9,56.9,56.9, 50
02/13/2020,09:55,56.9,56.9,56.9,56.9, 2500
02/13/2020,10:02,56.9,56.9,56.9,56.9, 200
02/13/2020,10:10,56.9,56.9,56.9,56.9, 828
02/13/2020,10:11,56.9,56.9,56.9,56.9, 202
02/13/2020,10:13,57,57,56.9,56.9, 31
02/13/2020,10:16,56.9,56.9,56.9,56.9, 30
02/13/2020,10:17,56.9,56.9,56.9,56.9, 110
02/13/2020,10:19,56.9,56.9,56.9,56.9, 80
02/13/2020,10:21,56.9,56.9,56.9,56.9, 1068
02/13/2020,10:22,56.9,56.9,56.9,56.9, 243
02/13/2020,10:28,56.9,56.9,56.9,56.9, 1
02/13/2020,10:31,56.9,56.9,56.9,56.9, 333
02/13/2020,10:36,56.9,56.9,56.9,56.9, 110
02/13/2020,10:38,56.9,56.9,56.9,56.9, 230
02/13/2020,10:39,57,57,57,57, 22
02/13/2020,10:47,57,57,57,57, 856
02/13/2020,10:49,57,57,57,57, 5000
02/13/2020,10:51,57.2,57.2,57.2,57.2, 177
02/13/2020,11:01,57.2,57.2,57.2,57.2, 14
02/13/2020,11:02,57,57,57,57, 10
02/13/2020,11:03,57.2,57.2,57,57, 279
02/13/2020,11:04,57.1,57.1,57.1,57.1, 100
02/13/2020,11:11,57,57,57,57, 271
02/13/2020,11:21,57.1,57.1,57.1,57.1, 157
02/13/2020,11:22,57.1,57.1,57.1,57.1, 20
02/13/2020,11:25,57,57,57,57, 43
02/13/2020,11:27,57,57,57,57, 11
02/13/2020,11:31,57,57,57,57, 25
02/13/2020,11:32,57.1,57.1,57.1,57.1, 183
02/13/2020,11:36,57.1,57.1,57.1,57.1, 29
02/13/2020,11:38,57,57,57,57, 39
02/13/2020,11:48,57.1,57.1,57.1,57.1, 530
02/13/2020,11:51,57.2,57.2,57.2,57.2, 29
02/13/2020,11:52,57.2,57.2,57.2,57.2, 1
02/13/2020,11:59,57.2,57.2,57.2,57.2, 1
02/13/2020,12:02,57.2,57.2,57.2,57.2, 174
02/13/2020,12:03,57.1,57.1,57.1,57.1, 166
02/13/2020,12:04,57.1,57.1,57.1,57.1, 449
02/13/2020,12:06,57.2,57.2,57.2,57.2, 20
02/13/2020,12:27,57.1,57.1,57.1,57.1, 100
02/13/2020,12:28,57,57,57,57, 188
02/13/2020,12:53,57.1,57.1,57.1,57.1, 3
02/13/2020,13:13,57,57,57,57, 50
02/13/2020,13:15,57,57,57,57, 700
02/13/2020,13:24,57.1,57.1,57.1,57.1, 128
02/13/2020,13:24,57.1,57.1,57.1,57.1, 636
02/13/2020,13:27,57,57,57,57, 1000
02/13/2020,13:29,57.2,57.2,57.2,57.2, 10
02/13/2020,13:29,57.2,57.2,57.2,57.2, 172
02/13/2020,13:39,57.1,57.1,57.1,57.1, 100
02/13/2020,13:46,57.2,57.2,57.2,57.2, 176
02/13/2020,14:07,57.1,57.1,57.1,57.1, 80
02/13/2020,14:37,57.2,57.2,57.2,57.2, 2
02/13/2020,14:58,57.2,57.2,57.2,57.2, 202
02/13/2020,14:59,57.1,57.1,57.1,57.1, 171
02/13/2020,15:00,57.2,57.2,57.2,57.2, 25
02/13/2020,15:02,57.2,57.2,57.2,57.2, 10
02/13/2020,15:04,57.1,57.1,57.1,57.1, 49
02/13/2020,15:17,57.2,57.2,57.2,57.2, 87
02/13/2020,15:24,57.2,57.2,57.2,57.2, 20
02/13/2020,15:45,57.1,57.1,57.1,57.1, 71
02/13/2020,15:50,57.2,57.2,57.2,57.2, 175
02/13/2020,15:51,57.2,57.2,57.2,57.2, 1021
02/13/2020,16:00,57.2,57.2,57.1,57.1, 237
02/13/2020,16:08,57.1,57.1,57.1,57.1, 400
02/13/2020,16:12,57.1,57.1,57.1,57.1, 70
02/13/2020,16:18,57.1,57.1,57.1,57.1, 179
02/13/2020,16:19,57.1,57.1,57.1,57.1, 40
02/13/2020,16:19,57,57,57,57, 337
02/13/2020,16:29,57.1,57.1,57.1,57.1, 20
02/13/2020,16:33,57.1,57.1,57.1,57.1, 30
02/13/2020,16:42,57,57,57,57, 266
02/13/2020,16:45,57.1,57.1,57.1,57.1, 150
02/13/2020,16:47,57,57,57,57, 871
02/13/2020,16:49,57,57,57,57, 89
02/13/2020,16:50,57.1,57.1,57.1,57.1, 100
02/13/2020,17:01,57.2,57.2,57.2,57.2, 591
02/14/2020,09:01,57.3,57.3,57.3,57.3, 6
02/14/2020,09:09,57.3,57.4,57.3,57.4, 121
02/14/2020,09:10,57.5,57.5,57.5,57.5, 109
02/14/2020,09:37,57.5,57.5,57.5,57.5, 20
02/14/2020,10:05,57.5,57.5,57.5,57.5, 22
02/14/2020,10:09,57.5,57.5,57.5,57.5, 100
02/14/2020,10:10,57.4,57.4,57.4,57.4, 30
02/14/2020,10:11,57.5,57.5,57.5,57.5, 169
02/14/2020,10:48,57.5,57.5,57.5,57.5, 1739
02/14/2020,10:52,57.6,57.6,57.6,57.6, 172
02/14/2020,11:00,57.6,57.6,57.6,57.6, 126
02/14/2020,11:03,57.4,57.4,57.4,57.4, 115
02/14/2020,11:07,57.7,57.8,57.6,57.7, 18575
02/14/2020,11:08,57.7,57.8,57.7,57.7, 4322
02/14/2020,11:09,57.8,57.8,57.8,57.8, 400
02/14/2020,11:12,57.8,57.8,57.8,57.8, 246
02/14/2020,11:15,57.7,57.7,57.7,57.7, 6140
02/14/2020,11:26,57.7,57.7,57.7,57.7, 150
02/14/2020,11:27,57.7,57.7,57.7,57.7, 270
02/14/2020,11:27,57.7,57.7,57.7,57.7, 75
02/14/2020,11:29,57.7,57.7,57.7,57.7, 161
02/14/2020,11:30,57.7,57.7,57.7,57.7, 1366
02/14/2020,11:31,57.6,57.6,57.6,57.6, 28
02/14/2020,11:34,57.6,57.6,57.6,57.6, 434
02/14/2020,11:39,57.6,57.6,57.6,57.6, 700
02/14/2020,11:49,57.9,57.9,57.9,57.9, 363
02/14/2020,11:52,57.8,57.8,57.8,57.8, 150
02/14/2020,11:56,57.9,57.9,57.9,57.9, 167
02/14/2020,11:56,57.8,57.8,57.8,57.8, 97
02/14/2020,11:58,57.8,57.9,57.8,57.9, 83
02/14/2020,12:00,58,58,57.9,58, 543
02/14/2020,12:01,58.1,58.1,58.1,58.1, 60
02/14/2020,12:02,58.2,58.2,58.2,58.2, 184
02/14/2020,12:03,58.2,58.2,58.2,58.2, 156
02/14/2020,12:04,58.3,58.3,58.3,58.3, 34
02/14/2020,12:06,58.3,58.3,58.3,58.3, 60
02/14/2020,12:08,58.1,58.1,57.8,57.8, 1786
02/14/2020,12:09,57.8,57.8,57.8,57.8, 24
02/14/2020,12:25,57.6,57.6,57.6,57.6, 3
02/14/2020,12:28,57.8,57.8,57.8,57.8, 22
02/14/2020,12:29,58,58,58,58, 177
02/14/2020,12:37,58,58,58,58, 167
02/14/2020,12:45,57.8,57.8,57.8,57.8, 192
02/14/2020,12:53,57.8,57.8,57.8,57.8, 50
02/14/2020,13:00,57.7,57.7,57.7,57.7, 170
02/14/2020,13:02,57.8,57.8,57.8,57.8, 3
02/14/2020,13:08,57.8,57.8,57.8,57.8, 65
02/14/2020,13:32,57.8,57.8,57.8,57.8, 179
02/14/2020,13:33,57.8,57.9,57.8,57.9, 174
02/14/2020,13:41,57.7,57.7,57.4,57.4, 1017
02/14/2020,13:44,57.7,57.7,57.7,57.7, 17
02/14/2020,13:45,57.7,57.7,57.7,57.7, 273
02/14/2020,13:53,57.7,57.7,57.7,57.7, 353
02/14/2020,14:08,57.7,57.7,57.7,57.7, 222
02/14/2020,14:09,57.7,57.7,57.7,57.7, 186
02/14/2020,14:13,57.7,57.7,57.7,57.7, 592
02/14/2020,14:18,57.8,57.8,57.8,57.8, 19
02/14/2020,14:25,57.8,57.8,57.8,57.8, 166
02/14/2020,14:33,57.8,57.8,57.8,57.8, 65
02/14/2020,14:39,57.7,57.9,57.7,57.7, 1788
02/14/2020,14:51,57.7,57.7,57.7,57.7, 66
02/14/2020,14:58,57.7,57.7,57.7,57.7, 177
02/14/2020,15:00,57.7,57.7,57.7,57.7, 62
02/14/2020,15:05,57.6,57.6,57.6,57.6, 185
02/14/2020,15:19,57.7,57.7,57.7,57.7, 158
02/14/2020,15:21,57.7,57.7,57.7,57.7, 20
02/14/2020,15:33,57.7,57.7,57.7,57.7, 168
02/14/2020,15:35,57.6,57.6,57.6,57.6, 159
02/14/2020,15:38,57.6,57.6,57.6,57.6, 181
02/14/2020,16:00,57.6,57.6,57.6,57.6, 366
02/14/2020,16:03,57.6,57.6,57.6,57.6, 26
02/14/2020,16:07,57.6,57.6,57.6,57.6, 21
02/14/2020,16:15,57.5,57.5,57.5,57.5, 113
02/14/2020,16:24,57.6,57.6,57.6,57.6, 169
02/14/2020,16:33,57.6,57.6,57.6,57.6, 21
02/14/2020,16:35,57.6,57.6,57.6,57.6, 90
02/14/2020,16:41,57.7,57.7,57.7,57.7, 177
02/14/2020,16:47,57.7,57.7,57.7,57.7, 150
02/14/2020,16:48,57.7,57.7,57.7,57.7, 333
02/14/2020,16:49,57.5,57.5,57.5,57.5, 215
02/14/2020,16:50,57.5,57.5,57.4,57.4, 604
02/14/2020,17:01,57.8,57.8,57.8,57.8, 805
02/17/2020,09:01,58,58,58,58, 527
02/17/2020,09:04,58,58,58,58, 100
02/17/2020,09:06,58,58,58,58, 2626
02/17/2020,09:08,57.9,57.9,57.9,57.9, 50
02/17/2020,09:11,57.9,57.9,57.9,57.9, 200
02/17/2020,09:13,57.9,57.9,57.9,57.9, 228
02/17/2020,09:14,57.8,57.8,57.8,57.8, 240
02/17/2020,09:23,57.7,57.7,57.7,57.7, 61
02/17/2020,09:25,57.8,57.8,57.8,57.8, 23
02/17/2020,09:39,57.8,57.8,57.8,57.8, 173
02/17/2020,09:49,57.8,57.8,57.8,57.8, 25
02/17/2020,09:50,57.8,57.8,57.8,57.8, 102
02/17/2020,09:56,58,58,58,58, 155
02/17/2020,10:02,58,58,58,58, 24
02/17/2020,10:06,58,58,58,58, 170
02/17/2020,10:07,58,58,58,58, 621
02/17/2020,10:15,58,58.2,58,58.2, 4143
02/17/2020,10:17,58.3,58.3,58.1,58.1, 75
02/17/2020,10:19,58.4,58.5,58.4,58.5, 273
02/17/2020,10:20,58.3,58.3,58.3,58.3, 340
02/17/2020,10:23,58.3,58.3,58.3,58.3, 960
02/17/2020,10:31,58.5,58.5,58.4,58.5, 1102
02/17/2020,10:35,58.5,58.5,58.5,58.5, 51
02/17/2020,10:37,58.3,58.3,58.3,58.3, 1
02/17/2020,10:44,58.4,58.4,58.4,58.4, 100
02/17/2020,10:46,58.5,58.5,58.5,58.5, 169
02/17/2020,10:52,58.5,58.5,58.5,58.5, 30
02/17/2020,10:56,58.5,58.5,58.5,58.5, 237
02/17/2020,10:57,58.5,58.5,58.5,58.5, 84
02/17/2020,11:00,58.5,58.5,58.5,58.5, 84
02/17/2020,11:11,58.5,58.5,58.5,58.5, 181
02/17/2020,11:23,58.5,58.5,58.5,58.5, 23
02/17/2020,11:24,58.4,58.4,58.4,58.4, 300
02/17/2020,11:26,58.5,58.5,58.5,58.5, 176
02/17/2020,11:32,58.5,58.5,58.5,58.5, 25
02/17/2020,11:40,58.5,58.5,58.5,58.5, 20
02/17/2020,11:43,58.5,58.5,58.5,58.5, 168
02/17/2020,11:44,58.5,58.5,58.5,58.5, 28
02/17/2020,11:48,58.5,58.5,58.5,58.5, 10
02/17/2020,11:54,58.5,58.5,58.5,58.5, 23
02/17/2020,11:58,58.5,58.5,58.5,58.5, 185
02/17/2020,12:15,58.5,58.5,58.5,58.5, 188
02/17/2020,12:24,58.5,58.5,58.5,58.5, 87
02/17/2020,12:27,58.4,58.4,58.4,58.4, 1
02/17/2020,12:32,58.5,58.5,58.5,58.5, 161
02/17/2020,12:32,58.4,58.4,58.4,58.4, 17
02/17/2020,12:42,58.5,58.5,58.5,58.5, 17
02/17/2020,12:48,58.5,58.5,58.5,58.5, 635
02/17/2020,12:49,58.5,58.5,58.5,58.5, 200
02/17/2020,12:51,58.5,58.5,58.5,58.5, 235
02/17/2020,12:55,58.4,58.4,58.4,58.4, 14
02/17/2020,13:03,58.5,58.5,58.5,58.5, 70
02/17/2020,13:06,58.5,58.6,58.5,58.6, 181
02/17/2020,13:10,58.4,58.4,58.4,58.4, 14
02/17/2020,13:12,58.5,58.5,58.5,58.5, 84
02/17/2020,13:21,58.5,58.5,58.5,58.5, 1
02/17/2020,13:24,58.5,58.5,58.5,58.5, 184
02/17/2020,13:34,58.5,58.5,58.5,58.5, 28
02/17/2020,13:42,58.5,58.5,58.5,58.5, 40
02/17/2020,13:43,58.6,58.6,58.6,58.6, 158
02/17/2020,13:58,58.6,58.6,58.6,58.6, 155
02/17/2020,13:58,58.6,58.6,58.6,58.6, 176
02/17/2020,14:02,58.6,58.6,58.6,58.6, 16
02/17/2020,14:04,58.6,58.6,58.6,58.6, 24
02/17/2020,14:10,58.6,58.6,58.5,58.5, 233
02/17/2020,14:19,58.6,58.7,58.6,58.6, 1043
02/17/2020,14:21,58.5,58.5,58.5,58.5, 185
02/17/2020,14:26,58.4,58.4,58.4,58.4, 40
02/17/2020,14:43,58.5,58.5,58.5,58.5, 157
02/17/2020,14:57,58.5,58.5,58.5,58.5, 164
02/17/2020,15:02,58.5,58.5,58.5,58.5, 50
02/17/2020,15:10,58.6,58.7,58.6,58.7, 243
02/17/2020,15:23,58.7,58.8,58.7,58.8, 369
02/17/2020,15:27,58.8,58.8,58.7,58.7, 381
02/17/2020,15:34,58.7,58.7,58.5,58.5, 619
02/17/2020,15:44,58.7,58.7,58.7,58.7, 35
02/17/2020,15:56,58.7,58.7,58.7,58.7, 369
02/17/2020,16:00,58.7,58.7,58.7,58.7, 100
02/17/2020,16:01,58.5,58.5,58.5,58.5, 147
02/17/2020,16:12,58.7,58.7,58.7,58.7, 172
02/17/2020,16:14,58.6,58.6,58.6,58.6, 346
02/17/2020,16:25,58.5,58.5,58.5,58.5, 63
02/17/2020,16:31,58.5,58.5,58.5,58.5, 160
02/17/2020,16:35,58.6,58.6,58.5,58.5, 370
02/17/2020,16:36,58.4,58.4,58.4,58.4, 18
02/17/2020,16:37,58.5,58.5,58.5,58.5, 10
02/17/2020,16:40,58.4,58.4,58.4,58.4, 32
02/17/2020,16:41,58.4,58.4,58.4,58.4, 32
02/17/2020,16:42,58.4,58.4,58.4,58.4, 32
02/17/2020,16:46,58.4,58.5,58.4,58.5, 510
02/17/2020,17:01,58.7,58.7,58.7,58.7, 476
02/18/2020,09:01,59,59,58.9,58.9, 754
02/18/2020,09:03,58.9,58.9,58.9,58.9, 29
02/18/2020,09:04,58.9,58.9,58.9,58.9, 264
02/18/2020,09:05,58.8,58.8,58.8,58.8, 244
02/18/2020,09:08,58.8,58.8,58.7,58.7, 217
02/18/2020,09:13,58.6,58.6,58.6,58.6, 15825
02/18/2020,09:14,58.6,58.6,58.6,58.6, 10
02/18/2020,09:18,58.7,58.8,58.7,58.8, 259
02/18/2020,09:22,58.6,58.6,58.6,58.6, 188
02/18/2020,09:23,58.7,58.7,58.7,58.7, 125
02/18/2020,09:28,58.6,58.6,58.6,58.6, 15
02/18/2020,09:33,58.8,58.8,58.8,58.8, 1340
02/18/2020,09:34,58.7,58.7,58.7,58.7, 227
02/18/2020,09:35,58.6,58.6,58.6,58.6, 20
02/18/2020,09:45,58.9,58.9,58.6,58.6, 224
02/18/2020,09:56,58.9,58.9,58.9,58.9, 65
02/18/2020,10:00,58.9,58.9,58.9,58.9, 185
02/18/2020,10:12,58.8,58.8,58.8,58.8, 145
02/18/2020,10:16,58.8,58.8,58.7,58.7, 347
02/18/2020,10:20,58.7,59,58.7,58.7, 12270
02/18/2020,10:23,58.8,58.8,58.8,58.8, 290
02/18/2020,10:24,58.9,58.9,58.9,58.9, 501
02/18/2020,10:35,59,59,59,59, 534
02/18/2020,10:41,59.1,59.1,59.1,59.1, 194
02/18/2020,10:44,59.1,59.1,59.1,59.1, 80
02/18/2020,10:52,59.1,59.1,59.1,59.1, 2
02/18/2020,10:56,59,59,58.8,58.8, 254
02/18/2020,11:07,58.8,58.8,58.8,58.8, 231
02/18/2020,11:19,58.8,58.8,58.8,58.8, 28
02/18/2020,11:22,58.9,58.9,58.9,58.9, 478
02/18/2020,11:24,59,59,59,59, 69
02/18/2020,11:25,59.1,59.1,59.1,59.1, 26
02/18/2020,11:28,59.1,59.1,59.1,59.1, 100
02/18/2020,11:29,59.1,59.1,59.1,59.1, 190
02/18/2020,11:32,59.1,59.1,59.1,59.1, 222
02/18/2020,11:40,59.2,59.3,59.1,59.1, 1162
02/18/2020,11:42,59,59,59,59, 52
02/18/2020,11:42,59,59,59,59, 70
02/18/2020,11:51,59,59,58.8,58.8, 223
02/18/2020,12:24,58.9,58.9,58.8,58.8, 327
02/18/2020,12:46,59,59,59,59, 201
02/18/2020,12:57,58.7,58.7,58.7,58.7, 870
02/18/2020,12:58,58.7,58.7,58.6,58.6, 262
02/18/2020,13:01,58.4,58.4,58.4,58.4, 115
02/18/2020,13:11,58.5,58.5,58.5,58.5, 228
02/18/2020,13:31,58.7,58.7,58.7,58.7, 100
02/18/2020,13:33,58.8,58.8,58.8,58.8, 100
02/18/2020,13:36,58.9,58.9,58.9,58.9, 112
02/18/2020,13:47,58.9,58.9,58.9,58.9, 98
02/18/2020,14:02,58.6,58.6,58.6,58.6, 74
02/18/2020,14:08,58.7,58.7,58.7,58.7, 179
02/18/2020,14:09,58.7,58.7,58.7,58.7, 65
02/18/2020,14:20,58.6,58.6,58.6,58.6, 13689
02/18/2020,14:22,58.7,58.7,58.6,58.6, 634
02/18/2020,14:30,58.6,58.6,58.6,58.6, 206
02/18/2020,14:38,58.6,58.6,58.6,58.6, 25
02/18/2020,15:03,58.5,58.5,58.5,58.5, 49
02/18/2020,15:12,58.4,58.4,58.4,58.4, 58
02/18/2020,15:15,58.4,58.4,58.4,58.4, 287
02/18/2020,15:32,58.3,58.3,58.3,58.3, 1
02/18/2020,15:33,58.5,58.5,58.5,58.5, 20
02/18/2020,15:47,58.3,58.3,58.3,58.3, 58
02/18/2020,16:01,58.3,58.3,58.3,58.3, 80
02/18/2020,16:23,58.3,58.3,58.3,58.3, 130
02/18/2020,16:30,58.3,58.3,58,58, 650
02/18/2020,16:30,57.9,57.9,57.7,57.7, 405
02/18/2020,16:41,58.1,58.5,58.1,58.5, 227
02/18/2020,16:44,58.4,58.4,58.4,58.4, 81
02/18/2020,16:45,58,58,58,58, 37
02/18/2020,16:46,58.4,58.4,58.4,58.4, 80
02/18/2020,16:50,58,58,58,58, 164
02/18/2020,17:01,58.5,58.5,58.5,58.5, 724
02/19/2020,09:01,58.8,58.8,58.8,58.8, 90
02/19/2020,09:06,58.8,58.8,58.8,58.8, 34
02/19/2020,09:10,58.5,58.5,58.5,58.5, 30
02/19/2020,09:17,58.4,58.5,58.4,58.5, 102
02/19/2020,09:45,58,58,58,58, 130
02/19/2020,10:23,58,58,58,58, 1
02/19/2020,10:52,58,58,58,58, 20
02/19/2020,11:09,58.1,58.1,58.1,58.1, 20
02/19/2020,11:11,58.1,58.1,58.1,58.1, 216
02/19/2020,11:30,58.4,58.4,58.4,58.4, 1
02/19/2020,11:46,58.2,58.2,58.2,58.2, 10000
02/19/2020,12:00,58.3,58.3,58.3,58.3, 18
02/19/2020,12:01,58.2,58.2,58.2,58.2, 20
02/19/2020,12:12,58.4,58.4,58.4,58.4, 10
02/19/2020,12:21,58.3,58.3,58.3,58.3, 10
02/19/2020,12:29,58.3,58.3,58.3,58.3, 10
02/19/2020,12:36,58.3,58.3,58.3,58.3, 50
02/19/2020,12:37,58.3,58.3,58.3,58.3, 10
02/19/2020,12:40,58.3,58.3,58.3,58.3, 60
02/19/2020,12:52,58.3,58.3,58.3,58.3, 50
02/19/2020,12:54,58.3,58.3,58.3,58.3, 10
02/19/2020,13:02,58.3,58.3,58.3,58.3, 10
02/19/2020,13:10,58.3,58.3,58.3,58.3, 10
02/19/2020,13:19,58.3,58.3,58.3,58.3, 10
02/19/2020,13:24,58.1,58.1,58.1,58.1, 150
02/19/2020,13:28,58.3,58.3,58.3,58.3, 10
02/19/2020,13:36,58.3,58.3,58.3,58.3, 10
02/19/2020,13:41,58.1,58.2,58.1,58.2, 29
02/19/2020,13:42,58.1,58.1,58.1,58.1, 38
02/19/2020,13:44,58.2,58.2,58.2,58.2, 15000
02/19/2020,13:52,58.1,58.2,58.1,58.2, 70
02/19/2020,14:00,58.2,58.2,58.2,58.2, 10
02/19/2020,14:08,58.2,58.2,58.2,58.2, 6
02/19/2020,14:09,58.3,58.3,58.3,58.3, 4
02/19/2020,14:16,58.3,58.3,58.2,58.2, 90
02/19/2020,14:19,58.1,58.1,58.1,58.1, 27
02/19/2020,14:24,58.3,58.3,58.3,58.3, 10
02/19/2020,14:30,58.3,58.3,58.2,58.2, 15
02/19/2020,14:31,58.2,58.2,58.2,58.2, 11
02/19/2020,14:33,58.4,58.4,58.4,58.4, 197
02/19/2020,14:42,58.2,58.2,58.1,58.1, 379
02/19/2020,14:53,57.9,58,57.9,58, 399
02/19/2020,14:57,58.3,58.3,58.3,58.3, 60
02/19/2020,14:59,58.1,58.1,58.1,58.1, 100
02/19/2020,15:03,58.2,58.2,58.2,58.2, 1
02/19/2020,15:05,58.3,58.4,58.3,58.4, 128
02/19/2020,15:09,58.2,58.2,58.2,58.2, 10000
02/19/2020,15:13,58.4,58.4,58.4,58.4, 82
02/19/2020,15:14,58.5,58.5,58.5,58.5, 10
02/19/2020,15:19,58.3,58.3,58.3,58.3, 1
02/19/2020,15:22,58.5,58.5,58.5,58.5, 10
02/19/2020,15:25,58.3,58.3,58.3,58.3, 1
02/19/2020,15:30,58.5,58.5,58.5,58.5, 10
02/19/2020,15:38,58.5,58.5,58.5,58.5, 10
02/19/2020,15:43,58.4,58.4,58.3,58.3, 15
02/19/2020,15:49,58.5,58.5,58.5,58.5, 30
02/19/2020,15:54,58.5,58.5,58.5,58.5, 10
02/19/2020,15:55,58.3,58.3,58.3,58.3, 1
02/19/2020,16:02,58.5,58.5,58.5,58.5, 10
02/19/2020,16:10,58.5,58.5,58.5,58.5, 10
02/19/2020,16:12,58.4,58.4,58.4,58.4, 53
02/19/2020,16:18,58.5,58.5,58.5,58.5, 10
02/19/2020,16:27,58.5,58.5,58,58, 1126
02/19/2020,16:34,58.3,58.3,58.3,58.3, 50
02/19/2020,16:35,58.3,58.3,58.3,58.3, 10
02/19/2020,16:36,58.3,58.3,58.3,58.3, 3
02/19/2020,16:38,58.3,58.3,58.3,58.3, 1
02/19/2020,16:39,58.3,58.3,58.3,58.3, 1
02/19/2020,16:40,58.2,58.2,58.2,58.2, 100
02/19/2020,16:41,58.3,58.3,58.2,58.2, 96
02/19/2020,16:42,58.3,58.3,58.3,58.3, 1
02/19/2020,16:44,58.3,58.3,58.3,58.3, 1
02/19/2020,16:45,58.3,58.3,58.3,58.3, 5
02/19/2020,16:46,58.3,58.3,58.3,58.3, 5
02/19/2020,16:47,58.3,58.3,58.3,58.3, 2
02/19/2020,16:49,58.3,58.3,58.3,58.3, 1
02/19/2020,16:50,58.2,58.2,58.2,58.2, 73
02/19/2020,17:01,58,58,58,58, 2603
02/20/2020,09:01,58,58,58,58, 18
02/20/2020,09:03,58,58,58,58, 50
02/20/2020,09:12,58,58,57.9,57.9, 316
02/20/2020,09:15,58,58,58,58, 101
02/20/2020,09:44,58,58,58,58, 100
02/20/2020,10:04,58,58,58,58, 200
02/20/2020,10:05,58.2,58.4,58,58.3, 1871
02/20/2020,10:07,58.4,58.4,58.4,58.4, 270
02/20/2020,10:15,58.5,58.5,58.5,58.5, 185
02/20/2020,10:19,58.2,58.2,58.2,58.2, 28
02/20/2020,10:23,58.4,58.4,58.4,58.4, 75
02/20/2020,10:28,58.5,58.5,58.5,58.5, 122
02/20/2020,10:51,58.5,58.5,58.5,58.5, 36
02/20/2020,11:06,58.5,58.5,58.5,58.5, 111
02/20/2020,11:07,58.6,58.6,58.6,58.6, 115
02/20/2020,11:09,58.8,58.8,58.6,58.6, 508
02/20/2020,11:26,58.8,58.8,58.8,58.8, 175
02/20/2020,11:27,58.9,58.9,58.8,58.9, 40
02/20/2020,11:39,58.6,58.6,58.6,58.6, 120
02/20/2020,11:56,58.7,58.7,58.7,58.7, 162
02/20/2020,11:59,58.6,58.6,58.6,58.6, 6
02/20/2020,12:04,58.6,58.6,58.6,58.6, 221
02/20/2020,12:06,58.6,58.6,58.6,58.6, 290
02/20/2020,12:32,58.7,58.7,58.6,58.6, 289
02/20/2020,12:34,58.8,58.8,58.8,58.8, 29
02/20/2020,12:36,58.8,58.8,58.8,58.8, 29
02/20/2020,12:56,58.8,58.8,58.8,58.8, 29
02/20/2020,13:05,58.8,59,58.8,58.8, 1257
02/20/2020,13:06,58.9,58.9,58.9,58.9, 648
02/20/2020,13:09,59,59,59,59, 87
02/20/2020,13:10,59,59,59,59, 603
02/20/2020,13:13,59,59,59,59, 151
02/20/2020,13:14,59,59,59,59, 205
02/20/2020,13:15,58.9,58.9,58.5,58.5, 1548
02/20/2020,13:22,58.6,58.7,58.5,58.5, 566
02/20/2020,13:23,58.6,58.7,58.5,58.5, 1235
02/20/2020,13:25,58.5,58.5,58.5,58.5, 120
02/20/2020,13:26,58.5,58.5,58.5,58.5, 165
02/20/2020,13:27,58.4,58.5,58.4,58.5, 543
02/20/2020,13:28,58.6,58.7,58.6,58.7, 827
02/20/2020,13:29,58.5,58.5,58.5,58.5, 89
02/20/2020,13:29,58.6,58.7,58.6,58.7, 1012
02/20/2020,13:32,58.6,58.7,58.6,58.7, 13091
02/20/2020,13:33,58.6,58.6,58.6,58.6, 1153
02/20/2020,13:45,58.8,58.8,58.5,58.5, 632
02/20/2020,13:45,58.8,58.8,58.8,58.8, 69
02/20/2020,13:47,58.8,58.9,58.6,58.6, 524
02/20/2020,13:58,59,59,58.7,58.7, 208
02/20/2020,13:59,58.8,58.8,58.8,58.8, 90
02/20/2020,14:00,59,59,59,59, 186
02/20/2020,14:03,59,59,59,59, 744
02/20/2020,14:04,59.1,59.1,59.1,59.1, 790
02/20/2020,14:05,59.1,59.1,59.1,59.1, 29
02/20/2020,14:06,59,59,59,59, 46
02/20/2020,14:09,59.1,59.1,58.9,59.1, 199
02/20/2020,14:11,59,59,58.9,58.9, 572
02/20/2020,14:14,58.8,58.8,58.8,58.8, 182
02/20/2020,14:15,58.9,58.9,58.7,58.7, 349
02/20/2020,14:16,58.7,58.7,58.7,58.7, 155
02/20/2020,14:24,58.6,58.6,58.6,58.6, 10000
02/20/2020,14:25,58.9,59,58.6,58.6, 1025
02/20/2020,14:26,58.9,59,58.6,58.7, 1105
02/20/2020,14:36,58.8,58.8,58.8,58.8, 183
02/20/2020,14:39,58.9,59,58.9,59, 1096
02/20/2020,14:40,58.9,58.9,58.9,58.9, 97
02/20/2020,14:45,59,59,58.8,58.8, 214
02/20/2020,14:46,59,59,59,59, 85
02/20/2020,14:52,59,59,59,59, 577
02/20/2020,14:55,59,59,59,59, 20
02/20/2020,14:59,59,59,59,59, 170
02/20/2020,15:04,58.9,58.9,58.9,58.9, 217
02/20/2020,15:07,58.8,58.8,58.8,58.8, 190
02/20/2020,15:13,58.8,58.8,58.7,58.7, 601
02/20/2020,15:24,58.9,58.9,58.9,58.9, 123
02/20/2020,15:27,59,59,59,59, 1
02/20/2020,15:30,59,59,58.7,58.7, 315
02/20/2020,15:38,58.9,58.9,58.7,58.7, 395
02/20/2020,15:47,58.7,58.7,58.7,58.7, 594
02/20/2020,15:48,58.7,58.7,58.7,58.7, 23
02/20/2020,15:57,58.8,58.8,58.7,58.7, 295
02/20/2020,16:00,58.6,58.6,58.6,58.6, 1
02/20/2020,16:03,58.7,58.7,58.7,58.7, 499
02/20/2020,16:13,58.7,58.7,58.7,58.7, 60
02/20/2020,16:18,58.7,58.7,58.7,58.7, 649
02/20/2020,16:20,58.7,58.7,58.7,58.7, 157
02/20/2020,16:26,58.8,58.8,58.8,58.8, 892
02/20/2020,16:27,58.9,58.9,58.9,58.9, 29
02/20/2020,16:32,58.9,58.9,58.9,58.9, 179
02/20/2020,16:35,58.8,58.8,58.8,58.8, 33
02/20/2020,16:35,58.9,58.9,58.9,58.9, 38
02/20/2020,16:37,58.8,58.8,58.8,58.8, 33
02/20/2020,16:46,58.8,58.9,58.8,58.9, 175
02/20/2020,16:48,58.9,58.9,58.9,58.9, 178
02/20/2020,16:50,58.8,58.8,58.6,58.6, 362
02/20/2020,17:01,58.6,58.6,58.6,58.6, 353
02/21/2020,09:01,59.2,59.2,59.2,59.2, 176
02/21/2020,09:08,58.8,58.8,58.8,58.8, 150
02/21/2020,09:12,58.7,58.7,58.5,58.5, 595
02/21/2020,09:13,58.5,58.5,58.5,58.5, 699
02/21/2020,09:14,58.5,58.5,58.5,58.5, 450
02/21/2020,09:26,58.7,58.7,58.6,58.6, 401
02/21/2020,09:27,58.6,58.6,58.6,58.6, 250
02/21/2020,09:30,58.6,58.6,58.6,58.6, 209
02/21/2020,09:31,58.7,58.7,58.5,58.5, 1095
02/21/2020,09:32,58.6,58.7,58.5,58.5, 1442
02/21/2020,09:33,58.7,58.7,58.6,58.6, 410
02/21/2020,09:49,58.7,58.7,58.6,58.6, 225
02/21/2020,09:58,58.6,58.7,58.6,58.6, 10972
02/21/2020,09:59,58.7,58.7,58.7,58.7, 342
02/21/2020,10:01,58.5,58.5,58.5,58.5, 100
02/21/2020,10:24,58.6,58.6,58.6,58.6, 11
02/21/2020,10:35,58.6,58.6,58.5,58.5, 990
02/21/2020,10:35,58.5,58.5,58.5,58.5, 13
02/21/2020,10:37,58.6,58.6,58.6,58.6, 102
02/21/2020,10:43,58.4,58.4,58.4,58.4, 10
02/21/2020,10:46,58.7,58.7,58.7,58.7, 971
02/21/2020,11:00,58.7,58.7,58.7,58.7, 171
02/21/2020,11:26,58.7,58.7,58.7,58.7, 58
02/21/2020,11:30,58.7,58.7,58.7,58.7, 440
02/21/2020,11:40,58.7,58.7,58.6,58.6, 949
02/21/2020,11:44,58.7,58.7,58.6,58.6, 153
02/21/2020,12:00,58.7,58.7,58.6,58.6, 266
02/21/2020,12:14,58.6,58.6,58.5,58.5, 87
02/21/2020,12:52,58.7,58.7,58.7,58.7, 10
02/21/2020,12:55,58.6,58.6,58.6,58.6, 537
02/21/2020,13:12,58.6,58.6,58.6,58.6, 10
02/21/2020,13:17,58.6,58.6,58.6,58.6, 825
02/21/2020,13:17,58.6,58.6,58.6,58.6, 330
02/21/2020,13:20,58.6,58.6,58.6,58.6, 1576
02/21/2020,13:20,58.6,58.6,58.6,58.6, 81
02/21/2020,13:22,58.6,58.6,58.5,58.6, 3796
02/21/2020,13:23,58.6,58.6,58.6,58.6, 1900
02/21/2020,13:24,58.5,58.6,58.5,58.5, 5226
02/21/2020,13:25,58.6,58.6,58.5,58.5, 2152
02/21/2020,13:26,58.5,58.6,58.5,58.5, 11457
02/21/2020,13:34,58.6,58.6,58.6,58.6, 357
02/21/2020,13:37,58.6,58.6,58.6,58.6, 979
02/21/2020,13:38,58.6,58.6,58.6,58.6, 64
02/21/2020,13:38,58.6,58.6,58.6,58.6, 273
02/21/2020,13:39,58.6,58.6,57.9,57.9, 3071
02/21/2020,13:42,58.1,58.1,58.1,58.1, 18
02/21/2020,13:44,58.2,58.2,58.1,58.1, 460
02/21/2020,13:45,58,58,58,58, 97
02/21/2020,13:47,58.2,58.2,58.1,58.1, 430
02/21/2020,13:47,58,58,58,58, 5
02/21/2020,13:49,58.2,58.2,58.2,58.2, 138
02/21/2020,13:53,58.2,58.2,58,58.2, 224
02/21/2020,13:55,58.2,58.2,58.2,58.2, 69
02/21/2020,13:55,58.2,58.2,58.2,58.2, 69
02/21/2020,14:00,58.2,58.2,58.2,58.2, 81
02/21/2020,14:01,58,58,58,58, 56
02/21/2020,14:05,58,58.2,58,58.2, 506
02/21/2020,14:06,58.2,58.2,58.2,58.2, 100
02/21/2020,14:07,58.2,58.2,58.2,58.2, 138
02/21/2020,14:10,58.2,58.2,58.2,58.2, 69
02/21/2020,14:12,58.2,58.2,58.2,58.2, 93
02/21/2020,14:18,58,58,58,58, 62
02/21/2020,14:18,58.2,58.2,58.2,58.2, 69
02/21/2020,14:32,58,58.2,58,58, 492
02/21/2020,14:32,58.2,58.2,58.2,58.2, 69
02/21/2020,14:34,58,58.2,58,58.2, 1130
02/21/2020,14:35,58.2,58.2,58.2,58.2, 137
02/21/2020,14:38,58,58,58,58, 355
02/21/2020,14:39,58.2,58.2,58,58, 352
02/21/2020,14:40,58,58.2,58,58, 1071
02/21/2020,14:44,58.1,58.1,58.1,58.1, 10000
02/21/2020,14:50,58.1,58.1,58.1,58.1, 188
02/21/2020,14:54,58.1,58.1,58.1,58.1, 42
02/21/2020,15:04,58.2,58.2,58,58, 1164
02/21/2020,15:05,58.2,58.2,58.2,58.2, 29
02/21/2020,15:07,58.1,58.1,58.1,58.1, 15
02/21/2020,15:09,58.1,58.1,58.1,58.1, 151
02/21/2020,15:10,58,58.1,58,58.1, 260
02/21/2020,15:13,58.2,58.2,58,58, 233
02/21/2020,15:14,58.2,58.2,58.2,58.2, 100
02/21/2020,15:17,58.3,58.3,58.3,58.3, 131
02/21/2020,15:29,58.3,58.3,58.3,58.3, 60
02/21/2020,15:42,58.4,58.4,58.4,58.4, 98
02/21/2020,15:48,58.2,58.2,58.2,58.2, 88
02/21/2020,15:49,58.3,58.3,58,58.3, 396
02/21/2020,15:49,58,58,58,58, 118
02/21/2020,15:53,58.3,58.3,58.3,58.3, 200
02/21/2020,16:11,58,58,58,58, 301
02/21/2020,16:11,58.2,58.2,58.2,58.2, 95
02/21/2020,16:17,58.2,58.2,58,58, 311
02/21/2020,16:18,58,58.2,58,58.2, 1371
02/21/2020,16:36,58,58,58,58, 70
02/21/2020,16:38,57.8,57.8,57.8,57.8, 10
02/21/2020,16:46,57.7,57.7,57.5,57.5, 553
02/21/2020,16:47,57.5,57.5,57.5,57.5, 169
02/21/2020,16:49,57.5,57.5,57.5,57.5, 134
02/21/2020,16:50,57.5,57.5,57.5,57.5, 42
02/21/2020,17:01,57.5,57.5,57.5,57.5, 12319
02/24/2020,09:01,57.5,57.5,57.5,57.5, 342
02/24/2020,09:02,57.2,57.5,57.1,57.1, 68
02/24/2020,09:03,57.1,57.1,57,57, 698
02/24/2020,09:05,57,57,56.6,56.6, 794
02/24/2020,09:06,56.7,56.7,56.7,56.7, 14
02/24/2020,09:15,56.7,56.7,56.7,56.7, 40
02/24/2020,09:16,56.5,56.6,56.2,56.6, 2668
02/24/2020,09:25,56.8,56.8,56.8,56.8, 22
02/24/2020,09:28,56.4,56.7,56.3,56.7, 131
02/24/2020,09:29,56.7,56.7,56.7,56.7, 51
02/24/2020,09:32,56.5,56.5,56.5,56.5, 10
02/24/2020,09:35,56.5,56.5,56.3,56.3, 109
02/24/2020,09:36,56.3,56.3,56.3,56.3, 15
02/24/2020,09:43,56.3,56.3,56.3,56.3, 17
02/24/2020,09:48,56.3,56.3,56.3,56.3, 18
02/24/2020,09:50,56.3,56.3,56.3,56.3, 40
02/24/2020,09:53,56.3,56.3,56.3,56.3, 1000
02/24/2020,10:03,56.5,56.5,56.5,56.5, 60
02/24/2020,10:04,56.5,56.5,56.5,56.5, 100
02/24/2020,10:05,56.3,56.3,56.3,56.3, 1872
02/24/2020,10:12,56.4,56.4,56.3,56.3, 200
02/24/2020,10:17,56.3,56.3,56.3,56.3, 521
02/24/2020,10:25,56.2,56.2,56.2,56.2, 70
02/24/2020,10:26,56.2,56.2,56.2,56.2, 40
02/24/2020,10:27,56.2,56.2,56.2,56.2, 32
02/24/2020,10:32,56.3,56.3,56.3,56.3, 14
02/24/2020,10:42,56.3,56.3,56.3,56.3, 332
02/24/2020,10:53,56.4,56.4,56.4,56.4, 300
02/24/2020,10:54,56.5,56.5,56.5,56.5, 18
02/24/2020,11:02,56.4,56.4,56.4,56.4, 40
02/24/2020,11:06,56.4,56.4,56.4,56.4, 76
02/24/2020,11:08,56.4,56.4,56.4,56.4, 332
02/24/2020,11:13,56.4,56.4,56.4,56.4, 22
02/24/2020,11:19,56.5,56.5,56.5,56.5, 1646
02/24/2020,11:20,56.5,56.6,56.5,56.6, 342
02/24/2020,11:29,56.6,56.6,56.6,56.6, 94
02/24/2020,11:31,56.7,56.7,56.7,56.7, 154
02/24/2020,11:33,56.6,56.6,56.6,56.6, 95
02/24/2020,11:47,56.6,56.6,56.6,56.6, 296
02/24/2020,11:50,56.5,56.5,56.5,56.5, 10
02/24/2020,12:00,56.5,56.5,56.5,56.5, 222
02/24/2020,12:04,56.4,56.4,56.4,56.4, 176
02/24/2020,12:15,56.4,56.4,56.4,56.4, 252
02/24/2020,12:22,56.3,56.3,56.3,56.3, 265
02/24/2020,12:22,56.4,56.4,56.4,56.4, 260
02/24/2020,12:24,56.4,56.4,56.4,56.4, 127
02/24/2020,12:29,56.4,56.4,56.4,56.4, 30
02/24/2020,12:30,56.4,56.4,56.4,56.4, 30
02/24/2020,12:33,56.3,56.3,56.3,56.3, 260
02/24/2020,12:35,56.3,56.3,56.3,56.3, 513
02/24/2020,12:41,56.4,56.4,56.4,56.4, 365
02/24/2020,12:52,56.4,56.5,56.4,56.5, 57
02/24/2020,12:55,56.4,56.4,56.4,56.4, 10
02/24/2020,12:56,56.5,56.5,56.5,56.5, 330
02/24/2020,13:03,56.5,56.5,56.5,56.5, 101
02/24/2020,13:09,56.6,56.6,56.6,56.6, 290
02/24/2020,13:15,56.7,56.7,56.7,56.7, 60
02/24/2020,13:21,56.7,56.7,56.7,56.7, 10
02/24/2020,13:27,56.6,56.6,56.6,56.6, 193
02/24/2020,13:36,56.7,56.7,56.7,56.7, 191
02/24/2020,13:49,56.6,56.6,56.6,56.6, 17
02/24/2020,13:50,56.7,56.7,56.7,56.7, 168
02/24/2020,13:52,56.7,56.7,56.7,56.7, 593
02/24/2020,14:05,56.7,56.7,56.7,56.7, 10000
02/24/2020,14:12,56.9,57.3,56.9,57.3, 3017
02/24/2020,14:31,57.1,57.1,57.1,57.1, 100
02/24/2020,14:37,56.9,56.9,56.9,56.9, 1
02/24/2020,14:54,56.8,56.8,56.8,56.8, 2
02/24/2020,14:55,56.7,57,56.7,56.8, 2755
02/24/2020,14:58,56.7,56.7,56.7,56.7, 449
02/24/2020,15:01,56.7,56.8,56.7,56.8, 358
02/24/2020,15:02,56.7,56.7,56.7,56.7, 251
02/24/2020,15:12,56.7,56.7,56.7,56.7, 100
02/24/2020,15:14,56.7,56.8,56.7,56.7, 1061
02/24/2020,15:21,56.7,56.8,56.7,56.8, 266
02/24/2020,15:26,56.8,56.8,56.8,56.8, 14
02/24/2020,15:32,56.7,56.7,56.7,56.7, 100
02/24/2020,15:39,56.7,56.7,56.7,56.7, 110
02/24/2020,15:43,56.7,56.7,56.7,56.7, 85
02/24/2020,15:46,56.7,56.7,56.7,56.7, 11
02/24/2020,15:50,56.7,56.7,56.7,56.7, 20
02/24/2020,15:52,56.7,56.7,56.7,56.7, 344
02/24/2020,15:52,56.7,56.8,56.7,56.8, 398
02/24/2020,15:53,56.7,56.7,56.7,56.7, 124
02/24/2020,15:56,56.7,56.7,56.7,56.7, 100
02/24/2020,16:02,56.7,56.7,56.7,56.7, 330
02/24/2020,16:04,56.7,56.8,56.7,56.8, 307
02/24/2020,16:08,56.7,56.7,56.7,56.7, 50
02/24/2020,16:11,56.8,56.8,56.8,56.8, 187
02/24/2020,16:20,56.7,56.7,56.7,56.7, 81
02/24/2020,16:21,56.7,56.7,56.7,56.7, 18
02/24/2020,16:24,56.7,56.7,56.7,56.7, 36
02/24/2020,16:26,56.7,56.7,56.7,56.7, 85
02/24/2020,16:26,56.7,56.7,56.7,56.7, 20
02/24/2020,16:32,56.7,56.8,56.7,56.8, 113
02/24/2020,16:34,56.7,56.7,56.7,56.7, 90
02/24/2020,16:35,56.8,56.8,56.8,56.8, 6
02/24/2020,16:37,56.8,56.8,56.7,56.7, 56
02/24/2020,16:39,56.8,56.8,56.7,56.7, 116
02/24/2020,16:40,56.7,56.8,56.7,56.8, 32
02/24/2020,16:42,56.8,56.8,56.8,56.8, 3
02/24/2020,16:43,56.7,56.7,56.7,56.7, 190
02/24/2020,16:44,56.7,56.7,56.7,56.7, 144
02/24/2020,16:45,56.7,56.8,56.7,56.8, 32
02/24/2020,16:46,56.8,56.8,56.8,56.8, 91
02/24/2020,16:48,56.8,56.8,56.7,56.7, 196
02/24/2020,16:49,56.7,56.7,56.7,56.7, 435
02/24/2020,16:50,56.7,56.7,56.7,56.7, 68
02/24/2020,17:01,56.7,56.7,56.7,56.7, 728
02/25/2020,09:01,56.6,56.6,56.5,56.6, 360
02/25/2020,09:05,56.6,56.6,56.6,56.6, 53
02/25/2020,09:07,56.6,56.6,56.2,56.2, 164
02/25/2020,09:11,56.3,56.3,56.2,56.2, 752
02/25/2020,09:20,56.2,56.2,56.2,56.2, 333
02/25/2020,09:21,56.2,56.2,56.2,56.2, 333
02/25/2020,09:22,56.2,56.2,56.2,56.2, 88
02/25/2020,09:24,56.2,56.2,56.2,56.2, 215
02/25/2020,09:35,56.1,56.1,56.1,56.1, 87
02/25/2020,09:36,56.2,56.2,56.1,56.1, 417
02/25/2020,09:40,56.1,56.2,56.1,56.2, 57
02/25/2020,09:42,56.2,56.2,56.2,56.2, 170
02/25/2020,09:48,56.2,56.2,56.1,56.1, 64
02/25/2020,10:03,56.2,56.2,56.2,56.2, 235
02/25/2020,10:05,56.2,56.2,56.2,56.2, 65
02/25/2020,10:12,56.2,56.2,56.2,56.2, 100
02/25/2020,10:13,56.2,56.2,56.2,56.2, 479
02/25/2020,10:14,56.2,56.2,56.2,56.2, 289
02/25/2020,10:19,56.2,56.2,55.9,55.9, 1282
02/25/2020,10:24,55.9,55.9,55.7,55.7, 401
02/25/2020,10:26,56.1,56.1,55.8,56.1, 3000
02/25/2020,10:29,56.2,56.2,56.2,56.2, 443
02/25/2020,10:30,56.1,56.1,55.9,55.9, 589
02/25/2020,10:36,56.3,56.3,56.3,56.3, 50
02/25/2020,10:45,56.2,56.2,56.2,56.2, 53
02/25/2020,10:46,56.2,56.2,56.2,56.2, 304
02/25/2020,10:54,56.4,56.4,56.4,56.4, 20
02/25/2020,10:55,56.1,56.1,56.1,56.1, 68
02/25/2020,11:00,56.1,56.1,56.1,56.1, 255
02/25/2020,11:10,56,56,56,56, 180
02/25/2020,11:13,55.8,55.9,55.8,55.8, 830
02/25/2020,11:13,55.8,55.8,55.8,55.8, 500
02/25/2020,11:15,55.9,55.9,55.9,55.9, 282
02/25/2020,11:15,56,56,56,56, 340
02/25/2020,11:17,56,56,56,56, 80
02/25/2020,11:17,56,56,56,56, 23
02/25/2020,11:19,56,56,56,56, 30
02/25/2020,11:22,55.9,55.9,55.9,55.9, 8
02/25/2020,11:25,55.9,56,55.9,56, 155
02/25/2020,11:27,56,56,56,56, 15
02/25/2020,11:29,56,56,56,56, 12
02/25/2020,11:30,56,56,56,56, 288
02/25/2020,11:38,56,56,56,56, 512
02/25/2020,11:50,56,56,56,56, 50
02/25/2020,11:59,55.9,55.9,55.9,55.9, 74
02/25/2020,12:01,55.9,55.9,55.9,55.9, 14
02/25/2020,12:02,55.9,55.9,55.9,55.9, 22
02/25/2020,12:15,55.9,55.9,55.9,55.9, 53
02/25/2020,12:20,55.9,55.9,55.9,55.9, 12
02/25/2020,12:30,55.8,55.8,55.8,55.8, 600
02/25/2020,12:38,55.8,55.8,55.8,55.8, 615
02/25/2020,12:40,55.8,55.8,55.8,55.8, 155
02/25/2020,12:43,55.8,55.8,55.8,55.8, 9
02/25/2020,12:47,55.8,55.9,55.8,55.9, 325
02/25/2020,12:48,56,56,56,56, 350
02/25/2020,12:49,56,56,56,56, 15000
02/25/2020,12:54,56.1,56.1,56,56, 245
02/25/2020,13:02,56,56,56,56, 80
02/25/2020,13:04,56.1,56.1,56.1,56.1, 85
02/25/2020,13:20,56.1,56.1,56.1,56.1, 196
02/25/2020,13:22,56.1,56.1,56.1,56.1, 551
02/25/2020,13:31,56.2,56.2,56.2,56.2, 30
02/25/2020,13:31,56.1,56.1,56.1,56.1, 50
02/25/2020,13:57,56.2,56.2,56.2,56.2, 228
02/25/2020,13:59,56.3,56.3,56.3,56.3, 95
02/25/2020,14:06,56.3,56.3,56.3,56.3, 15
02/25/2020,14:08,56.4,56.6,56.4,56.5, 754
02/25/2020,14:36,56.6,56.6,56.6,56.6, 117
02/25/2020,15:32,56.4,56.4,56.4,56.4, 466
02/25/2020,16:08,56.4,56.4,56.4,56.4, 136
02/25/2020,16:13,56.2,56.2,56.2,56.2, 289
02/25/2020,16:16,56.2,56.2,56.2,56.2, 50
02/25/2020,16:19,56.2,56.2,56.2,56.2, 126
02/25/2020,16:21,56.3,56.3,56.3,56.3, 50
02/25/2020,16:29,56.2,56.2,56.2,56.2, 855
02/25/2020,16:32,56.3,56.3,56.3,56.3, 80
02/25/2020,16:36,56.2,56.2,56.2,56.2, 127
02/25/2020,16:37,56.2,56.2,56.2,56.2, 456
02/25/2020,16:39,56.2,56.2,56.2,56.2, 110
02/25/2020,16:41,56.2,56.2,56.2,56.2, 321
02/25/2020,16:42,56.3,56.4,56.3,56.4, 417
02/25/2020,16:47,56.4,56.4,56.4,56.4, 50
02/25/2020,16:50,56.4,56.4,56.4,56.4, 131
02/25/2020,17:01,56.4,56.4,56.4,56.4, 358
02/26/2020,09:01,56.7,56.7,56.7,56.7, 679
02/26/2020,09:01,56.6,56.6,56.6,56.6, 103
02/26/2020,09:04,56.6,56.6,56.5,56.5, 49
02/26/2020,09:16,56.6,56.6,56.6,56.6, 10
02/26/2020,09:20,56.5,56.5,56.4,56.5, 112
02/26/2020,09:23,56.4,56.4,56.3,56.3, 19
02/26/2020,09:25,56.4,56.4,56.3,56.3, 26
02/26/2020,09:26,56.3,56.3,56.2,56.2, 16
02/26/2020,09:28,56.2,56.2,56.2,56.2, 17
02/26/2020,09:33,56.1,56.1,55.8,55.9, 185
02/26/2020,09:34,55.8,56,55.8,56, 103
02/26/2020,09:38,55.6,55.6,55.6,55.6, 30
02/26/2020,09:39,55.5,55.5,55.3,55.5, 414
02/26/2020,09:43,55.5,55.5,55.5,55.5, 117
02/26/2020,09:50,55.7,55.7,55.5,55.5, 117
02/26/2020,09:54,55.4,55.4,55.4,55.4, 120
02/26/2020,09:56,55.4,55.6,55.4,55.6, 108
02/26/2020,10:00,55.4,55.4,55.3,55.3, 288
02/26/2020,10:02,55.3,55.3,55.3,55.3, 322
02/26/2020,10:02,55.2,55.2,55.2,55.2, 15
02/26/2020,10:04,55.1,55.1,55.1,55.1, 120
02/26/2020,10:07,55,55,55,55, 80
02/26/2020,10:10,55,55,55,55, 50
02/26/2020,10:15,55,55,55,55, 400
02/26/2020,10:17,54.8,54.8,54.7,54.7, 320
02/26/2020,10:20,54.7,54.7,54.7,54.7, 107
02/26/2020,10:23,54.7,54.7,54.7,54.7, 260
02/26/2020,10:24,54.9,54.9,54.9,54.9, 11
02/26/2020,10:29,54.7,54.7,54.7,54.7, 30
02/26/2020,10:31,55,55,55,55, 1030
02/26/2020,10:39,55,55,55,55, 100
02/26/2020,10:42,55,55,55,55, 100
02/26/2020,10:43,55,55,55,55, 583
02/26/2020,10:49,54.9,54.9,54.9,54.9, 22
02/26/2020,10:53,54.9,54.9,54.9,54.9, 39
02/26/2020,10:56,55,55,55,55, 55
02/26/2020,10:59,54.9,54.9,54.9,54.9, 50
02/26/2020,10:49,54.9,54.9,54.9,54.9, 22
02/26/2020,10:53,54.9,54.9,54.9,54.9, 39
02/26/2020,10:56,55,55,55,55, 55
02/26/2020,10:59,54.9,54.9,54.9,54.9, 50
02/26/2020,11:04,55,55,55,55, 25
02/26/2020,11:15,54.8,54.9,54.8,54.9, 24
02/26/2020,11:20,55,55,55,55, 90
02/26/2020,11:35,55,55,55,55, 35
02/26/2020,11:45,54.9,54.9,54.9,54.9, 100
02/26/2020,11:48,54.9,54.9,54.9,54.9, 235
02/26/2020,11:52,55,55,55,55, 15
02/26/2020,11:52,55,55,55,55, 268
02/26/2020,11:56,55.1,55.1,55.1,55.1, 427
02/26/2020,12:10,55.2,55.2,55.2,55.2, 2
02/26/2020,12:14,55,55.1,55,55, 475
02/26/2020,12:25,55,55,55,55, 208
02/26/2020,12:30,55.2,55.2,55.2,55.2, 5
02/26/2020,12:35,55.2,55.2,55.2,55.2, 40
02/26/2020,12:38,55,55,55,55, 60
02/26/2020,12:40,55.2,55.2,55.2,55.2, 80
02/26/2020,12:52,55.2,55.2,55.2,55.2, 10
02/26/2020,12:54,55.2,55.2,55.2,55.2, 14
02/26/2020,13:01,55.2,55.2,55.2,55.2, 6
02/26/2020,13:04,55.2,55.2,55.2,55.2, 56
02/26/2020,13:06,55.2,55.2,55.2,55.2, 577
02/26/2020,13:08,55.2,55.2,55.2,55.2, 96
02/26/2020,13:09,55.3,55.3,55.3,55.3, 1
02/26/2020,13:26,55.3,55.3,55.3,55.3, 10000
02/26/2020,13:30,55.3,55.3,55.3,55.3, 980
02/26/2020,13:31,55.3,55.4,55.3,55.4, 631
02/26/2020,13:42,55.2,55.2,55.2,55.2, 710
02/26/2020,13:45,55.4,55.4,55.4,55.4, 90
02/26/2020,14:07,55.4,55.7,55.4,55.7, 1000
02/26/2020,14:09,55.2,55.2,55.2,55.2, 434
02/26/2020,14:15,55.2,55.2,55.2,55.2, 10
02/26/2020,14:20,55.1,55.1,55.1,55.1, 700
02/26/2020,14:29,54.9,54.9,54.9,54.9, 35
02/26/2020,14:29,54.9,54.9,54.9,54.9, 165
02/26/2020,14:34,55,55,55,55, 50
02/26/2020,14:35,55,55,54.9,55, 1356
02/26/2020,14:38,55.1,55.1,55.1,55.1, 75
02/26/2020,14:39,55.1,55.1,55.1,55.1, 451
02/26/2020,14:41,55.2,55.2,55.1,55.1, 260
02/26/2020,14:55,55.1,55.1,55.1,55.1, 19
02/26/2020,15:03,55,55,55,55, 29
02/26/2020,15:08,54.9,54.9,54.9,54.9, 184
02/26/2020,15:10,55.1,55.1,55.1,55.1, 385
02/26/2020,15:29,55.2,55.2,55.2,55.2, 99
02/26/2020,15:32,55.2,55.2,55.2,55.2, 100
02/26/2020,15:33,55.1,55.1,55.1,55.1, 24
02/26/2020,15:36,55.2,55.2,55.2,55.2, 292
02/26/2020,15:38,55.3,55.3,55.3,55.3, 65
02/26/2020,15:39,55.5,55.5,55.5,55.5, 200
02/26/2020,15:41,55.6,55.6,55.6,55.6, 52
02/26/2020,15:42,55.5,55.5,55.5,55.5, 34
02/26/2020,15:43,55.6,55.6,55.5,55.5, 131
02/26/2020,15:52,55.5,55.5,55.5,55.5, 100
02/26/2020,15:53,55.5,55.5,55.5,55.5, 50
02/26/2020,15:57,55.5,55.5,55.5,55.5, 122
02/26/2020,16:03,55.5,55.5,55.5,55.5, 65
02/26/2020,16:06,55.4,55.4,55.4,55.4, 30
02/26/2020,16:11,55.5,55.5,55.5,55.5, 20
02/26/2020,16:18,55.4,55.4,55.4,55.4, 10
02/26/2020,16:20,55.5,55.5,55.5,55.5, 65
02/26/2020,16:24,55.5,55.5,55.5,55.5, 14
02/26/2020,16:26,55.5,55.5,55.5,55.5, 18
02/26/2020,16:27,55.5,55.5,55.5,55.5, 50
02/26/2020,16:33,55.5,55.5,55.5,55.5, 24
02/26/2020,16:36,55.5,55.5,55.5,55.5, 12
02/26/2020,16:37,55.5,55.5,55.5,55.5, 8
02/26/2020,16:39,55.5,55.5,55.5,55.5, 5
02/26/2020,16:41,55.5,55.5,55.5,55.5, 46
02/26/2020,16:42,55.5,55.6,55.5,55.5, 81
02/26/2020,16:44,55.6,55.6,55.6,55.6, 45
02/26/2020,16:47,55.6,55.6,55.6,55.6, 33
02/26/2020,16:49,55.5,55.5,55.5,55.5, 142
02/26/2020,16:50,55.6,55.6,55.5,55.5, 196
02/26/2020,17:01,55.9,55.9,55.9,55.9, 464
02/28/2020,12:03,52.4,52.4,52.4,52.4, 100
02/28/2020,12:05,52.5,52.5,52.5,52.5, 6
02/28/2020,12:11,52.5,52.5,52.4,52.4, 260
02/28/2020,12:14,52.5,52.5,52.5,52.5, 30
02/28/2020,12:17,52.4,52.4,52.4,52.4, 117
02/28/2020,12:18,52.5,52.5,52.5,52.5, 15
02/28/2020,12:19,52.3,52.3,52.2,52.2, 100
02/28/2020,12:26,52.5,52.5,52.5,52.5, 690
02/28/2020,12:27,52.6,52.6,52.6,52.6, 548
02/28/2020,12:30,52.6,52.6,52.6,52.6, 68
02/28/2020,12:31,52.6,52.6,52.6,52.6, 40
02/28/2020,12:35,52.6,52.6,52.6,52.6, 10
02/28/2020,12:36,52.6,52.7,52.6,52.7, 1028
02/28/2020,12:38,52.8,52.8,52.6,52.6, 200
02/28/2020,12:41,52.8,52.9,52.8,52.9, 110
02/28/2020,12:43,52.9,52.9,52.9,52.9, 900
02/28/2020,12:45,52.9,53.3,52.9,53.3, 1793
02/28/2020,12:51,53.2,53.2,53.2,53.2, 350
02/28/2020,12:59,53.2,53.2,53.2,53.2, 32
02/28/2020,13:05,53.2,53.2,53.2,53.2, 363
02/28/2020,13:06,53,53,53,53, 151
02/28/2020,13:12,53,53,53,53, 50
02/28/2020,13:15,53.2,53.3,53.2,53.3, 57
02/28/2020,13:20,53.3,53.3,53.3,53.3, 360
02/28/2020,13:21,53.4,53.4,53.4,53.4, 183
02/28/2020,13:21,53.5,53.5,53.5,53.5, 750
02/28/2020,13:23,53.5,53.5,53.5,53.5, 517
02/28/2020,13:24,53.5,53.5,53.5,53.5, 55
02/28/2020,13:31,53.5,53.5,53.5,53.5, 50
02/28/2020,13:48,53.3,53.3,53.3,53.3, 53
02/28/2020,13:51,53.3,53.3,53.2,53.2, 960
02/28/2020,14:00,53.2,53.4,53.2,53.4, 457
02/28/2020,14:03,53.4,53.4,53.4,53.4, 10
02/28/2020,14:05,53.2,53.2,53.2,53.2, 771
02/28/2020,14:06,53.2,53.2,53.2,53.2, 244
02/28/2020,14:07,53.2,53.2,53.2,53.2, 323
02/28/2020,14:12,53.2,53.2,53.2,53.2, 20
02/28/2020,14:19,53.3,53.3,53.3,53.3, 632
02/28/2020,14:20,53.4,53.4,53.4,53.4, 118
02/28/2020,14:25,53.3,53.3,53.3,53.3, 10
02/28/2020,14:28,53.5,53.5,53.5,53.5, 37
02/28/2020,14:33,53.5,53.5,53.3,53.3, 120
02/28/2020,14:36,53.4,53.4,53.4,53.4, 20
02/28/2020,14:42,53.5,53.5,53.4,53.5, 1063
02/28/2020,14:44,53.6,53.6,53.6,53.6, 91
02/28/2020,14:45,53.6,53.6,53.6,53.6, 20
02/28/2020,14:48,53.8,53.8,53.6,53.6, 68
02/28/2020,14:53,53.4,53.4,53.3,53.3, 380
02/28/2020,15:00,53.6,53.6,53.6,53.6, 510
02/28/2020,15:02,53.7,53.8,53.7,53.8, 750
02/28/2020,15:04,53.6,53.6,53.6,53.6, 53
02/28/2020,15:05,53.7,53.7,53.6,53.6, 233
02/28/2020,15:06,53.4,53.4,53.4,53.4, 46
02/28/2020,15:08,53.6,53.6,53.6,53.6, 45
02/28/2020,15:12,53.5,53.7,53.5,53.7, 424
02/28/2020,15:13,53.4,53.4,53.4,53.4, 53
02/28/2020,15:18,53.4,53.4,53.4,53.4, 87
02/28/2020,15:19,53.3,53.4,53.3,53.3, 1176
02/28/2020,15:19,53.5,53.5,53.5,53.5, 30
02/28/2020,15:20,53.3,53.3,53.3,53.3, 151
02/28/2020,15:22,53.3,53.4,53.3,53.4, 57
02/28/2020,15:25,53.3,53.3,53.3,53.3, 207
02/28/2020,15:28,53.1,53.1,53.1,53.1, 58
02/28/2020,15:43,53.3,53.3,53.3,53.3, 32
02/28/2020,15:44,53.2,53.2,53.2,53.2, 73
02/28/2020,15:45,53.2,53.2,53.2,53.2, 46
02/28/2020,15:46,53.1,53.1,53.1,53.1, 185
02/28/2020,15:49,53.1,53.1,53.1,53.1, 2151
02/28/2020,15:56,53.1,53.1,53,53, 369
02/28/2020,15:57,53,53,53,53, 308
02/28/2020,16:00,53,53,53,53, 158
02/28/2020,16:03,53.1,53.1,53.1,53.1, 92
02/28/2020,16:11,53.1,53.1,53.1,53.1, 265
02/28/2020,16:23,53.2,53.2,53.1,53.1, 287
02/28/2020,16:25,53,53,53,53, 700
02/28/2020,16:30,53,53,53,53, 415
02/28/2020,16:33,53,53,53,53, 298
02/28/2020,16:33,53,53,53,53, 583
02/28/2020,16:35,53,53,53,53, 117
02/28/2020,16:35,53.1,53.1,53.1,53.1, 300
02/28/2020,16:37,53,53,53,53, 47
02/28/2020,16:38,53,53,53,53, 27
02/28/2020,16:39,53.1,53.4,53.1,53.4, 1170
02/28/2020,16:39,53.3,53.3,53.3,53.3, 201
02/28/2020,16:41,53.3,53.3,53.3,53.3, 159
02/28/2020,16:43,52.9,52.9,52.9,52.9, 24
02/28/2020,16:43,53,53,53,53, 131
02/28/2020,16:47,53,53.1,53,53.1, 345
02/28/2020,16:47,53.2,53.2,53,53, 203
02/28/2020,16:48,53.1,53.3,53.1,53.3, 1049
02/28/2020,16:50,53.2,53.2,53.2,53.2, 111
02/28/2020,17:01,53,53,53,53, 11020

