01/02/2020,09:01,2.725,2.725,2.725,2.725, 1230
01/02/2020,09:26,2.72,2.72,2.715,2.715, 16766
01/02/2020,09:40,2.715,2.715,2.715,2.715, 4987
01/02/2020,10:40,2.725,2.725,2.725,2.725, 93
01/02/2020,10:42,2.725,2.725,2.725,2.725, 10000
01/02/2020,10:43,2.73,2.73,2.73,2.73, 2250
01/02/2020,10:51,2.725,2.725,2.725,2.725, 30
01/02/2020,10:52,2.725,2.725,2.725,2.725, 490
01/02/2020,10:56,2.73,2.73,2.73,2.73, 609
01/02/2020,10:58,2.73,2.73,2.73,2.73, 674
01/02/2020,11:00,2.73,2.73,2.73,2.73, 5200
01/02/2020,11:01,2.73,2.73,2.73,2.73, 687
01/02/2020,11:02,2.73,2.73,2.73,2.73, 1196
01/02/2020,11:05,2.735,2.735,2.735,2.735, 759
01/02/2020,11:07,2.735,2.735,2.735,2.735, 775
01/02/2020,11:10,2.735,2.735,2.735,2.735, 762
01/02/2020,11:18,2.735,2.735,2.735,2.735, 776
01/02/2020,11:26,2.735,2.735,2.735,2.735, 758
01/02/2020,11:29,2.735,2.735,2.735,2.735, 764
01/02/2020,11:33,2.735,2.735,2.735,2.735, 757
01/02/2020,11:34,2.73,2.73,2.73,2.73, 2853
01/02/2020,11:40,2.73,2.73,2.73,2.73, 1000
01/02/2020,11:50,2.73,2.73,2.73,2.73, 689
01/02/2020,11:54,2.73,2.73,2.73,2.73, 737
01/02/2020,11:58,2.73,2.73,2.73,2.73, 689
01/02/2020,12:02,2.73,2.73,2.73,2.73, 688
01/02/2020,12:04,2.725,2.725,2.725,2.725, 230
01/02/2020,12:07,2.73,2.73,2.73,2.73, 50
01/02/2020,12:18,2.73,2.73,2.73,2.73, 853
01/02/2020,12:32,2.725,2.725,2.72,2.72, 5293
01/02/2020,12:36,2.725,2.725,2.725,2.725, 12441
01/02/2020,12:39,2.725,2.725,2.725,2.725, 1114
01/02/2020,12:40,2.725,2.725,2.725,2.725, 1000
01/02/2020,12:42,2.725,2.725,2.725,2.725, 1228
01/02/2020,12:43,2.725,2.725,2.725,2.725, 1500
01/02/2020,12:43,2.725,2.725,2.725,2.725, 1002
01/02/2020,12:48,2.72,2.72,2.72,2.72, 2050
01/02/2020,12:52,2.725,2.725,2.725,2.725, 2052
01/02/2020,13:04,2.725,2.725,2.725,2.725, 1228
01/02/2020,13:10,2.725,2.725,2.725,2.725, 1380
01/02/2020,13:15,2.725,2.725,2.725,2.725, 322
01/02/2020,13:25,2.73,2.73,2.73,2.73, 1334
01/02/2020,13:34,2.73,2.73,2.73,2.73, 1328
01/02/2020,13:42,2.73,2.73,2.73,2.73, 1500
01/02/2020,13:44,2.73,2.73,2.73,2.73, 1329
01/02/2020,13:52,2.73,2.73,2.73,2.73, 696
01/02/2020,14:08,2.735,2.735,2.735,2.735, 1336
01/02/2020,14:28,2.735,2.735,2.73,2.73, 1676
01/02/2020,14:40,2.735,2.735,2.735,2.735, 1332
01/02/2020,14:52,2.735,2.735,2.735,2.735, 2034
01/02/2020,14:54,2.735,2.735,2.735,2.735, 878
01/02/2020,15:03,2.735,2.735,2.73,2.73, 1068
01/02/2020,15:04,2.735,2.735,2.735,2.735, 891
01/02/2020,15:11,2.735,2.735,2.735,2.735, 894
01/02/2020,15:13,2.73,2.73,2.73,2.73, 160
01/02/2020,15:15,2.735,2.735,2.735,2.735, 1462
01/02/2020,15:18,2.735,2.735,2.735,2.735, 2160
01/02/2020,15:26,2.74,2.74,2.74,2.74, 1000
01/02/2020,15:28,2.74,2.74,2.74,2.74, 1323
01/02/2020,15:47,2.74,2.74,2.74,2.74, 1323
01/02/2020,15:49,2.74,2.74,2.74,2.74, 991
01/02/2020,15:58,2.74,2.74,2.74,2.74, 1320
01/02/2020,16:02,2.74,2.74,2.74,2.74, 3650
01/02/2020,16:04,2.735,2.735,2.73,2.73, 13897
01/02/2020,16:16,2.73,2.73,2.73,2.73, 8558
01/02/2020,16:18,2.735,2.735,2.735,2.735, 956
01/02/2020,16:20,2.735,2.735,2.735,2.735, 955
01/02/2020,16:25,2.735,2.735,2.735,2.735, 955
01/02/2020,16:28,2.735,2.735,2.735,2.735, 955
01/02/2020,16:30,2.735,2.735,2.735,2.735, 4797
01/02/2020,16:33,2.735,2.735,2.735,2.735, 968
01/02/2020,16:35,2.735,2.735,2.735,2.735, 960
01/02/2020,16:40,2.735,2.735,2.735,2.735, 868
01/02/2020,16:46,2.735,2.735,2.735,2.735, 792
01/02/2020,16:50,2.735,2.735,2.735,2.735, 2161
01/02/2020,16:51,2.735,2.735,2.735,2.735, 4780
01/02/2020,17:01,2.735,2.735,2.735,2.735, 4045
01/02/2020,17:17,2.735,2.735,2.735,2.735, 1478
01/02/2020,17:18,2.735,2.735,2.735,2.735, 4237
01/02/2020,17:19,2.735,2.735,2.735,2.735, 768
01/02/2020,17:21,2.73,2.73,2.73,2.73, 5209
01/02/2020,17:25,2.735,2.735,2.735,2.735, 938
01/02/2020,17:26,2.735,2.735,2.735,2.735, 934
01/02/2020,17:28,2.735,2.735,2.735,2.735, 1040
01/02/2020,17:29,2.735,2.735,2.735,2.735, 1042
01/02/2020,17:30,2.735,2.735,2.735,2.735, 1046
01/02/2020,17:30,2.735,2.735,2.735,2.735, 1372
01/02/2020,17:36,2.74,2.74,2.74,2.74, 240743
01/03/2020,09:01,2.725,2.725,2.725,2.725, 3315
01/03/2020,09:07,2.725,2.725,2.705,2.71, 68095
01/03/2020,09:10,2.71,2.71,2.705,2.705, 6977
01/03/2020,09:13,2.705,2.705,2.705,2.705, 1291
01/03/2020,09:14,2.705,2.705,2.705,2.705, 3500
01/03/2020,09:17,2.705,2.705,2.7,2.7, 3694
01/03/2020,09:19,2.705,2.705,2.705,2.705, 5000
01/03/2020,09:20,2.705,2.705,2.7,2.7, 3557
01/03/2020,09:23,2.705,2.705,2.705,2.705, 2000
01/03/2020,09:28,2.705,2.705,2.705,2.705, 4000
01/03/2020,09:28,2.705,2.705,2.705,2.705, 3954
01/03/2020,09:30,2.71,2.71,2.71,2.71, 21745
01/03/2020,09:43,2.715,2.715,2.715,2.715, 500
01/03/2020,10:08,2.71,2.71,2.705,2.71, 59474
01/03/2020,10:09,2.705,2.705,2.705,2.705, 2790
01/03/2020,10:10,2.705,2.705,2.705,2.705, 1238
01/03/2020,10:13,2.705,2.705,2.705,2.705, 1500
01/03/2020,10:24,2.71,2.71,2.71,2.71, 10000
01/03/2020,10:30,2.705,2.705,2.705,2.705, 700
01/03/2020,10:39,2.71,2.71,2.71,2.71, 3183
01/03/2020,10:42,2.71,2.71,2.71,2.71, 18593
01/03/2020,10:51,2.71,2.71,2.71,2.71, 1238
01/03/2020,11:03,2.71,2.71,2.71,2.71, 1000
01/03/2020,11:08,2.715,2.715,2.715,2.715, 1914
01/03/2020,11:27,2.71,2.71,2.71,2.71, 1000
01/03/2020,11:38,2.715,2.715,2.715,2.715, 1975
01/03/2020,11:44,2.715,2.715,2.715,2.715, 1106
01/03/2020,11:59,2.715,2.715,2.715,2.715, 2015
01/03/2020,12:06,2.71,2.71,2.71,2.71, 490
01/03/2020,12:28,2.71,2.71,2.71,2.71, 663
01/03/2020,12:39,2.715,2.715,2.715,2.715, 5000
01/03/2020,13:28,2.71,2.71,2.71,2.71, 30
01/03/2020,13:33,2.715,2.715,2.715,2.715, 5879
01/03/2020,13:47,2.71,2.71,2.71,2.71, 100
01/03/2020,14:16,2.71,2.71,2.71,2.71, 160
01/03/2020,14:18,2.71,2.71,2.71,2.71, 22
01/03/2020,14:43,2.715,2.715,2.715,2.715, 2500
01/03/2020,15:08,2.715,2.715,2.715,2.715, 6506
01/03/2020,15:29,2.725,2.725,2.72,2.725, 22886
01/03/2020,15:35,2.73,2.73,2.73,2.73, 2200
01/03/2020,15:36,2.725,2.725,2.725,2.725, 5000
01/03/2020,15:56,2.73,2.73,2.73,2.73, 10443
01/03/2020,16:00,2.725,2.725,2.725,2.725, 3227
01/03/2020,16:02,2.72,2.72,2.72,2.72, 160
01/03/2020,16:06,2.72,2.72,2.72,2.72, 160
01/03/2020,16:09,2.72,2.72,2.72,2.72, 160
01/03/2020,16:15,2.725,2.725,2.725,2.725, 5949
01/03/2020,16:26,2.73,2.73,2.73,2.73, 15694
01/03/2020,16:26,2.725,2.725,2.725,2.725, 2422
01/03/2020,16:27,2.73,2.73,2.73,2.73, 246
01/03/2020,16:30,2.725,2.725,2.725,2.725, 5
01/03/2020,16:33,2.73,2.73,2.73,2.73, 8627
01/03/2020,16:36,2.73,2.73,2.73,2.73, 433
01/03/2020,16:40,2.735,2.735,2.73,2.73, 13000
01/03/2020,16:51,2.73,2.73,2.73,2.73, 1721
01/03/2020,16:59,2.735,2.735,2.735,2.735, 418
01/03/2020,17:24,2.73,2.73,2.73,2.73, 13649
01/03/2020,17:30,2.735,2.735,2.735,2.735, 962
01/03/2020,17:36,2.735,2.735,2.735,2.735, 71759
01/06/2020,09:01,2.72,2.72,2.72,2.72, 4569
01/06/2020,09:04,2.72,2.72,2.72,2.72, 1304
01/06/2020,09:06,2.725,2.725,2.725,2.725, 6980
01/06/2020,09:23,2.725,2.725,2.725,2.725, 3131
01/06/2020,09:26,2.725,2.725,2.725,2.725, 200
01/06/2020,09:28,2.72,2.72,2.715,2.715, 2256
01/06/2020,09:37,2.715,2.715,2.715,2.715, 1486
01/06/2020,09:37,2.715,2.715,2.715,2.715, 1156
01/06/2020,09:50,2.715,2.715,2.715,2.715, 1308
01/06/2020,09:55,2.715,2.715,2.715,2.715, 10000
01/06/2020,10:16,2.715,2.715,2.715,2.715, 160
01/06/2020,10:39,2.715,2.715,2.715,2.715, 70
01/06/2020,10:52,2.72,2.725,2.72,2.725, 8260
01/06/2020,10:59,2.72,2.72,2.72,2.72, 2500
01/06/2020,11:03,2.72,2.72,2.72,2.72, 3000
01/06/2020,11:09,2.725,2.725,2.725,2.725, 5297
01/06/2020,11:16,2.73,2.73,2.73,2.73, 10
01/06/2020,11:24,2.73,2.73,2.73,2.73, 366
01/06/2020,11:38,2.73,2.73,2.73,2.73, 5000
01/06/2020,11:47,2.725,2.725,2.725,2.725, 412
01/06/2020,11:47,2.725,2.725,2.725,2.725, 1155
01/06/2020,12:02,2.725,2.725,2.725,2.725, 10
01/06/2020,12:07,2.725,2.725,2.725,2.725, 5000
01/06/2020,12:48,2.725,2.725,2.725,2.725, 3938
01/06/2020,12:50,2.72,2.72,2.72,2.72, 2100
01/06/2020,13:01,2.725,2.725,2.725,2.725, 6254
01/06/2020,13:02,2.73,2.73,2.73,2.73, 1615
01/06/2020,13:39,2.73,2.73,2.73,2.73, 652
01/06/2020,13:58,2.735,2.735,2.735,2.735, 2033
01/06/2020,14:09,2.73,2.73,2.73,2.73, 700
01/06/2020,14:20,2.735,2.735,2.735,2.735, 10
01/06/2020,14:28,2.73,2.73,2.73,2.73, 1600
01/06/2020,14:37,2.73,2.73,2.73,2.73, 2000
01/06/2020,14:59,2.735,2.735,2.735,2.735, 6043
01/06/2020,15:38,2.735,2.735,2.735,2.735, 746
01/06/2020,15:50,2.735,2.735,2.735,2.735, 183
01/06/2020,15:52,2.73,2.73,2.73,2.73, 230
01/06/2020,15:53,2.73,2.73,2.73,2.73, 240
01/06/2020,16:10,2.73,2.73,2.73,2.73, 2873
01/06/2020,16:22,2.73,2.73,2.73,2.73, 200
01/06/2020,16:23,2.73,2.73,2.73,2.73, 200
01/06/2020,16:24,2.73,2.73,2.73,2.73, 200
01/06/2020,16:33,2.73,2.73,2.73,2.73, 138
01/06/2020,16:40,2.73,2.73,2.73,2.73, 613
01/06/2020,16:43,2.735,2.735,2.735,2.735, 1856
01/06/2020,17:01,2.73,2.73,2.725,2.725, 18694
01/06/2020,17:02,2.725,2.725,2.725,2.725, 2357
01/06/2020,17:07,2.725,2.725,2.725,2.725, 6678
01/06/2020,17:20,2.73,2.73,2.73,2.73, 2224
01/06/2020,17:24,2.73,2.73,2.73,2.73, 1572
01/06/2020,17:27,2.73,2.73,2.73,2.73, 2116
01/06/2020,17:28,2.73,2.73,2.73,2.73, 2554
01/06/2020,17:30,2.73,2.73,2.73,2.73, 9478
01/06/2020,17:36,2.735,2.735,2.735,2.735, 110317
01/07/2020,09:01,2.72,2.72,2.72,2.72, 2634
01/07/2020,09:01,2.72,2.72,2.72,2.72, 1302
01/07/2020,10:06,2.73,2.73,2.73,2.73, 230
01/07/2020,10:09,2.73,2.73,2.73,2.73, 116
01/07/2020,10:11,2.73,2.73,2.73,2.73, 3101
01/07/2020,10:30,2.725,2.725,2.725,2.725, 4065
01/07/2020,10:36,2.73,2.73,2.73,2.73, 14578
01/07/2020,10:37,2.73,2.73,2.73,2.73, 970
01/07/2020,10:39,2.73,2.73,2.73,2.73, 2734
01/07/2020,10:46,2.73,2.73,2.73,2.73, 3620
01/07/2020,10:54,2.73,2.73,2.73,2.73, 750
01/07/2020,10:55,2.725,2.725,2.725,2.725, 490
01/07/2020,11:10,2.725,2.725,2.725,2.725, 167
01/07/2020,11:17,2.725,2.725,2.725,2.725, 2730
01/07/2020,12:11,2.725,2.725,2.725,2.725, 2262
01/07/2020,12:55,2.725,2.725,2.725,2.725, 490
01/07/2020,13:30,2.73,2.73,2.73,2.73, 10747
01/07/2020,13:31,2.73,2.73,2.73,2.73, 186
01/07/2020,13:34,2.735,2.735,2.73,2.73, 437
01/07/2020,13:38,2.73,2.73,2.73,2.73, 2814
01/07/2020,13:39,2.73,2.73,2.73,2.73, 2161
01/07/2020,13:40,2.73,2.73,2.73,2.73, 776
01/07/2020,13:52,2.725,2.725,2.725,2.725, 8000
01/07/2020,14:20,2.73,2.73,2.73,2.73, 10
01/07/2020,14:43,2.725,2.725,2.725,2.725, 490
01/07/2020,14:53,2.73,2.73,2.725,2.725, 4947
01/07/2020,15:08,2.725,2.725,2.725,2.725, 1000
01/07/2020,15:14,2.725,2.725,2.725,2.725, 150
01/07/2020,15:30,2.725,2.725,2.725,2.725, 1900
01/07/2020,15:33,2.725,2.725,2.725,2.725, 82
01/07/2020,15:35,2.725,2.725,2.725,2.725, 126
01/07/2020,15:43,2.725,2.725,2.725,2.725, 320
01/07/2020,15:54,2.73,2.73,2.73,2.73, 4665
01/07/2020,16:01,2.725,2.725,2.72,2.72, 10970
01/07/2020,16:04,2.725,2.725,2.725,2.725, 318
01/07/2020,17:06,2.725,2.725,2.72,2.72, 11621
01/07/2020,17:07,2.725,2.725,2.725,2.725, 1393
01/07/2020,17:12,2.73,2.73,2.73,2.73, 70
01/07/2020,17:26,2.725,2.725,2.725,2.725, 5091
01/07/2020,17:36,2.72,2.72,2.72,2.72, 205903
01/07/2020,17:39,2.72,2.72,2.72,2.72, 7779
01/07/2020,17:40,2.72,2.72,2.72,2.72, 31115
01/08/2020,09:01,2.705,2.71,2.705,2.705, 80906
01/08/2020,09:02,2.705,2.705,2.685,2.685, 57515
01/08/2020,09:03,2.69,2.69,2.67,2.67, 14019
01/08/2020,09:03,2.665,2.665,2.665,2.665, 250
01/08/2020,09:05,2.65,2.665,2.645,2.655, 12391
01/08/2020,09:06,2.655,2.655,2.655,2.655, 2500
01/08/2020,09:08,2.65,2.65,2.65,2.65, 2000
01/08/2020,09:09,2.65,2.65,2.65,2.65, 10000
01/08/2020,09:10,2.645,2.645,2.62,2.635, 30003
01/08/2020,09:11,2.63,2.63,2.63,2.63, 10433
01/08/2020,09:12,2.62,2.62,2.62,2.62, 14551
01/08/2020,09:13,2.63,2.63,2.62,2.625, 26352
01/08/2020,09:19,2.63,2.63,2.63,2.63, 10000
01/08/2020,09:20,2.63,2.63,2.63,2.63, 1750
01/08/2020,09:21,2.63,2.63,2.63,2.63, 12117
01/08/2020,09:22,2.635,2.635,2.635,2.635, 16660
01/08/2020,09:23,2.635,2.635,2.635,2.635, 1900
01/08/2020,09:23,2.635,2.635,2.635,2.635, 3500
01/08/2020,09:25,2.635,2.635,2.635,2.635, 1375
01/08/2020,09:28,2.64,2.64,2.64,2.64, 1000
01/08/2020,09:33,2.64,2.64,2.64,2.64, 390
01/08/2020,09:34,2.64,2.64,2.64,2.64, 7426
01/08/2020,09:35,2.645,2.645,2.645,2.645, 3136
01/08/2020,09:36,2.655,2.655,2.655,2.655, 9755
01/08/2020,09:37,2.655,2.655,2.655,2.655, 1000
01/08/2020,09:38,2.65,2.65,2.645,2.645, 4145
01/08/2020,09:40,2.65,2.65,2.65,2.65, 7500
01/08/2020,09:41,2.645,2.65,2.645,2.65, 10000
01/08/2020,09:46,2.65,2.65,2.65,2.65, 1500
01/08/2020,09:47,2.65,2.65,2.65,2.65, 18386
01/08/2020,09:50,2.65,2.65,2.65,2.65, 2000
01/08/2020,09:52,2.65,2.65,2.65,2.65, 800
01/08/2020,09:53,2.65,2.65,2.65,2.65, 1000
01/08/2020,09:54,2.65,2.65,2.65,2.65, 3790
01/08/2020,10:01,2.65,2.655,2.65,2.655, 9000
01/08/2020,10:03,2.655,2.655,2.655,2.655, 4356
01/08/2020,10:06,2.66,2.66,2.66,2.66, 6175
01/08/2020,10:09,2.655,2.655,2.655,2.655, 5000
01/08/2020,10:10,2.66,2.67,2.66,2.665, 219806
01/08/2020,10:11,2.66,2.66,2.655,2.66, 22402
01/08/2020,10:12,2.665,2.665,2.665,2.665, 5700
01/08/2020,10:13,2.665,2.67,2.665,2.67, 20980
01/08/2020,10:14,2.665,2.665,2.665,2.665, 6355
01/08/2020,10:14,2.67,2.675,2.67,2.675, 11420
01/08/2020,10:16,2.67,2.67,2.67,2.67, 478
01/08/2020,10:18,2.67,2.67,2.67,2.67, 45
01/08/2020,10:28,2.67,2.675,2.67,2.675, 4700
01/08/2020,10:39,2.68,2.68,2.68,2.68, 10581
01/08/2020,10:40,2.68,2.68,2.68,2.68, 260
01/08/2020,10:46,2.68,2.68,2.68,2.68, 1125
01/08/2020,10:51,2.68,2.68,2.68,2.68, 5726
01/08/2020,10:53,2.68,2.68,2.68,2.68, 6750
01/08/2020,10:54,2.675,2.675,2.675,2.675, 3000
01/08/2020,11:06,2.68,2.68,2.68,2.68, 1765
01/08/2020,11:12,2.675,2.675,2.675,2.675, 23242
01/08/2020,11:13,2.67,2.67,2.67,2.67, 4589
01/08/2020,11:15,2.675,2.675,2.675,2.675, 3500
01/08/2020,11:27,2.675,2.675,2.675,2.675, 7801
01/08/2020,11:28,2.67,2.67,2.67,2.67, 2080
01/08/2020,11:31,2.675,2.685,2.675,2.68, 19963
01/08/2020,11:36,2.685,2.685,2.68,2.68, 5124
01/08/2020,11:41,2.68,2.68,2.68,2.68, 2870
01/08/2020,11:42,2.68,2.68,2.68,2.68, 2500
01/08/2020,11:51,2.68,2.68,2.68,2.68, 3840
01/08/2020,12:00,2.68,2.68,2.68,2.68, 400
01/08/2020,12:01,2.68,2.68,2.68,2.68, 40
01/08/2020,12:08,2.68,2.68,2.68,2.68, 500
01/08/2020,12:13,2.68,2.68,2.68,2.68, 4628
01/08/2020,12:21,2.68,2.68,2.68,2.68, 2480
01/08/2020,12:28,2.68,2.68,2.68,2.68, 7839
01/08/2020,12:39,2.68,2.68,2.68,2.68, 712
01/08/2020,12:41,2.685,2.685,2.685,2.685, 2445
01/08/2020,12:47,2.685,2.685,2.685,2.685, 4000
01/08/2020,12:54,2.685,2.685,2.685,2.685, 1250
01/08/2020,12:56,2.685,2.685,2.685,2.685, 1472
01/08/2020,13:00,2.685,2.685,2.685,2.685, 5000
01/08/2020,13:03,2.685,2.685,2.685,2.685, 12500
01/08/2020,13:05,2.685,2.69,2.685,2.685, 5000
01/08/2020,13:07,2.685,2.69,2.685,2.69, 25918
01/08/2020,13:10,2.69,2.69,2.68,2.68, 18233
01/08/2020,13:11,2.68,2.68,2.68,2.68, 11517
01/08/2020,13:16,2.675,2.675,2.675,2.675, 490
01/08/2020,13:18,2.68,2.68,2.68,2.68, 4000
01/08/2020,13:24,2.675,2.675,2.675,2.675, 15251
01/08/2020,13:26,2.675,2.675,2.675,2.675, 10010
01/08/2020,13:51,2.68,2.68,2.68,2.68, 1000
01/08/2020,14:10,2.68,2.68,2.68,2.68, 1100
01/08/2020,14:50,2.675,2.675,2.675,2.675, 2000
01/08/2020,15:08,2.675,2.675,2.675,2.675, 31324
01/08/2020,15:09,2.675,2.675,2.675,2.675, 1000
01/08/2020,15:10,2.675,2.675,2.675,2.675, 40
01/08/2020,15:12,2.67,2.67,2.67,2.67, 4000
01/08/2020,15:15,2.67,2.67,2.67,2.67, 7000
01/08/2020,15:28,2.675,2.675,2.675,2.675, 15000
01/08/2020,15:31,2.675,2.675,2.675,2.675, 9551
01/08/2020,15:33,2.675,2.675,2.675,2.675, 445
01/08/2020,15:34,2.67,2.67,2.67,2.67, 2502
01/08/2020,15:40,2.67,2.67,2.67,2.67, 2934
01/08/2020,16:01,2.675,2.675,2.675,2.675, 2500
01/08/2020,16:04,2.675,2.675,2.675,2.675, 4800
01/08/2020,16:06,2.675,2.675,2.675,2.675, 4200
01/08/2020,16:07,2.675,2.675,2.675,2.675, 5720
01/08/2020,16:22,2.67,2.67,2.67,2.67, 3472
01/08/2020,16:36,2.67,2.67,2.67,2.67, 3493
01/08/2020,16:41,2.67,2.67,2.67,2.67, 200
01/08/2020,16:58,2.67,2.67,2.67,2.67, 3484
01/08/2020,17:05,2.67,2.67,2.67,2.67, 188
01/08/2020,17:08,2.67,2.67,2.67,2.67, 2910
01/08/2020,17:13,2.67,2.67,2.67,2.67, 490
01/08/2020,17:14,2.67,2.67,2.67,2.67, 382
01/08/2020,17:18,2.675,2.675,2.675,2.675, 4088
01/08/2020,17:19,2.67,2.675,2.67,2.675, 2617
01/08/2020,17:23,2.67,2.67,2.67,2.67, 572
01/08/2020,17:24,2.67,2.67,2.67,2.67, 1740
01/08/2020,17:26,2.675,2.675,2.675,2.675, 9691
01/08/2020,17:27,2.675,2.675,2.675,2.675, 7577
01/08/2020,17:28,2.675,2.675,2.675,2.675, 12859
01/08/2020,17:29,2.675,2.675,2.675,2.675, 15000
01/08/2020,17:30,2.67,2.675,2.67,2.675, 12271
01/08/2020,17:30,2.68,2.68,2.68,2.68, 1697
01/08/2020,17:36,2.68,2.68,2.68,2.68, 276781
01/08/2020,17:37,2.68,2.68,2.68,2.68, 315
01/09/2020,09:01,2.68,2.68,2.68,2.68, 7397
01/09/2020,09:10,2.685,2.685,2.68,2.68, 7078
01/09/2020,09:14,2.68,2.68,2.68,2.68, 17086
01/09/2020,09:16,2.68,2.68,2.68,2.68, 1998
01/09/2020,09:22,2.68,2.68,2.68,2.68, 1760
01/09/2020,09:24,2.685,2.685,2.685,2.685, 1464
01/09/2020,09:27,2.68,2.68,2.68,2.68, 5081
01/09/2020,09:57,2.685,2.685,2.685,2.685, 25713
01/09/2020,10:00,2.685,2.685,2.685,2.685, 490
01/09/2020,10:12,2.685,2.685,2.685,2.685, 490
01/09/2020,10:14,2.685,2.685,2.685,2.685, 50469
01/09/2020,10:16,2.685,2.685,2.685,2.685, 286
01/09/2020,10:17,2.68,2.68,2.68,2.68, 1769
01/09/2020,10:40,2.68,2.68,2.68,2.68, 150
01/09/2020,10:42,2.68,2.68,2.68,2.68, 2800
01/09/2020,10:44,2.68,2.68,2.68,2.68, 12200
01/09/2020,10:45,2.68,2.68,2.68,2.68, 2512
01/09/2020,10:49,2.68,2.68,2.68,2.68, 15000
01/09/2020,11:00,2.68,2.68,2.68,2.68, 8237
01/09/2020,11:04,2.68,2.68,2.68,2.68, 490
01/09/2020,11:09,2.69,2.69,2.685,2.69, 39353
01/09/2020,11:12,2.69,2.69,2.69,2.69, 16117
01/09/2020,11:18,2.69,2.69,2.69,2.69, 2500
01/09/2020,11:23,2.69,2.69,2.69,2.69, 1330
01/09/2020,11:36,2.69,2.69,2.69,2.69, 2500
01/09/2020,11:41,2.695,2.7,2.695,2.7, 35695
01/09/2020,11:47,2.7,2.7,2.7,2.7, 370
01/09/2020,11:49,2.7,2.7,2.7,2.7, 8000
01/09/2020,12:09,2.695,2.695,2.695,2.695, 600
01/09/2020,12:31,2.695,2.695,2.695,2.695, 2502
01/09/2020,12:56,2.695,2.695,2.695,2.695, 1326
01/09/2020,13:12,2.695,2.695,2.695,2.695, 150
01/09/2020,13:43,2.7,2.7,2.7,2.7, 200
01/09/2020,13:45,2.7,2.7,2.7,2.7, 10
01/09/2020,13:57,2.695,2.695,2.695,2.695, 7214
01/09/2020,14:17,2.7,2.7,2.7,2.7, 1456
01/09/2020,14:46,2.7,2.7,2.7,2.7, 10000
01/09/2020,14:54,2.695,2.695,2.69,2.69, 39474
01/09/2020,15:21,2.69,2.69,2.69,2.69, 700
01/09/2020,15:31,2.69,2.69,2.69,2.69, 2000
01/09/2020,15:55,2.685,2.685,2.685,2.685, 22904
01/09/2020,16:01,2.685,2.685,2.685,2.685, 2167
01/09/2020,16:10,2.69,2.69,2.69,2.69, 1858
01/09/2020,16:14,2.685,2.685,2.685,2.685, 3550
01/09/2020,16:20,2.685,2.685,2.685,2.685, 7540
01/09/2020,16:46,2.69,2.69,2.69,2.69, 1858
01/09/2020,17:04,2.69,2.69,2.69,2.69, 1858
01/09/2020,17:14,2.69,2.69,2.69,2.69, 2211
01/09/2020,17:29,2.685,2.685,2.685,2.685, 1212
01/09/2020,17:30,2.685,2.685,2.685,2.685, 110
01/09/2020,17:30,2.69,2.69,2.69,2.69, 1966
01/09/2020,17:36,2.685,2.685,2.685,2.685, 153090
01/10/2020,09:01,2.69,2.7,2.69,2.7, 4171
01/10/2020,09:02,2.695,2.695,2.695,2.695, 1016
01/10/2020,09:03,2.695,2.695,2.695,2.695, 2307
01/10/2020,09:14,2.69,2.69,2.69,2.69, 4094
01/10/2020,09:23,2.69,2.69,2.69,2.69, 200
01/10/2020,09:47,2.69,2.69,2.69,2.69, 24208
01/10/2020,10:15,2.695,2.695,2.695,2.695, 8742
01/10/2020,10:26,2.695,2.695,2.695,2.695, 942
01/10/2020,10:32,2.7,2.7,2.7,2.7, 50
01/10/2020,10:56,2.7,2.705,2.7,2.705, 23424
01/10/2020,11:01,2.7,2.7,2.7,2.7, 9599
01/10/2020,11:17,2.7,2.7,2.7,2.7, 52
01/10/2020,11:21,2.7,2.7,2.7,2.7, 52
01/10/2020,11:31,2.7,2.7,2.7,2.7, 1861
01/10/2020,11:33,2.7,2.7,2.7,2.7, 13000
01/10/2020,11:47,2.7,2.7,2.7,2.7, 1873
01/10/2020,11:52,2.705,2.705,2.705,2.705, 3800
01/10/2020,11:59,2.7,2.7,2.7,2.7, 1860
01/10/2020,12:15,2.7,2.7,2.7,2.7, 1858
01/10/2020,12:25,2.7,2.7,2.7,2.7, 8098
01/10/2020,12:33,2.7,2.7,2.7,2.7, 900
01/10/2020,12:38,2.695,2.695,2.695,2.695, 200
01/10/2020,12:39,2.7,2.705,2.7,2.705, 15234
01/10/2020,12:47,2.71,2.71,2.71,2.71, 50
01/10/2020,13:02,2.71,2.71,2.71,2.71, 628
01/10/2020,13:10,2.705,2.705,2.705,2.705, 666
01/10/2020,13:20,2.705,2.705,2.705,2.705, 837
01/10/2020,13:28,2.71,2.71,2.71,2.71, 1504
01/10/2020,13:36,2.705,2.705,2.705,2.705, 500
01/10/2020,13:50,2.705,2.705,2.705,2.705, 1912
01/10/2020,13:55,2.705,2.705,2.705,2.705, 738
01/10/2020,14:00,2.71,2.71,2.71,2.71, 1964
01/10/2020,14:13,2.705,2.705,2.705,2.705, 745
01/10/2020,14:29,2.705,2.705,2.705,2.705, 2648
01/10/2020,14:32,2.705,2.705,2.705,2.705, 160
01/10/2020,14:47,2.705,2.705,2.705,2.705, 820
01/10/2020,15:02,2.71,2.71,2.705,2.705, 3752
01/10/2020,15:03,2.71,2.71,2.71,2.71, 1180
01/10/2020,15:19,2.705,2.705,2.705,2.705, 1896
01/10/2020,15:21,2.705,2.705,2.705,2.705, 750
01/10/2020,15:23,2.705,2.705,2.705,2.705, 4543
01/10/2020,15:35,2.705,2.705,2.705,2.705, 2632
01/10/2020,15:42,2.705,2.705,2.705,2.705, 979
01/10/2020,15:45,2.705,2.705,2.705,2.705, 1907
01/10/2020,15:51,2.71,2.71,2.71,2.71, 5000
01/10/2020,15:57,2.705,2.705,2.705,2.705, 1887
01/10/2020,16:09,2.705,2.705,2.705,2.705, 1892
01/10/2020,16:16,2.71,2.71,2.71,2.71, 3144
01/10/2020,16:17,2.71,2.71,2.71,2.71, 18038
01/10/2020,16:20,2.71,2.71,2.71,2.71, 1902
01/10/2020,16:34,2.71,2.71,2.71,2.71, 800
01/10/2020,16:35,2.71,2.71,2.71,2.71, 800
01/10/2020,16:41,2.71,2.71,2.71,2.71, 1920
01/10/2020,16:45,2.71,2.71,2.71,2.71, 11000
01/10/2020,16:49,2.71,2.71,2.71,2.71, 803
01/10/2020,16:51,2.71,2.71,2.71,2.71, 1920
01/10/2020,16:53,2.715,2.715,2.715,2.715, 1841
01/10/2020,16:58,2.715,2.715,2.715,2.715, 235
01/10/2020,16:59,2.71,2.71,2.71,2.71, 1863
01/10/2020,17:04,2.71,2.71,2.71,2.71, 850
01/10/2020,17:07,2.71,2.71,2.71,2.71, 1883
01/10/2020,17:14,2.71,2.71,2.71,2.71, 2549
01/10/2020,17:23,2.71,2.71,2.71,2.71, 5000
01/10/2020,17:30,2.715,2.715,2.715,2.715, 853
01/10/2020,17:30,2.71,2.715,2.71,2.715, 2276
01/10/2020,17:36,2.72,2.72,2.72,2.72, 107056
01/13/2020,09:01,2.72,2.72,2.72,2.72, 7676
01/13/2020,10:15,2.715,2.715,2.715,2.715, 5582
01/13/2020,10:18,2.71,2.71,2.71,2.71, 320
01/13/2020,10:40,2.71,2.71,2.71,2.71, 150
01/13/2020,11:06,2.715,2.72,2.715,2.72, 20268
01/13/2020,11:38,2.72,2.72,2.72,2.72, 27909
01/13/2020,11:51,2.725,2.725,2.725,2.725, 730
01/13/2020,11:53,2.725,2.725,2.725,2.725, 1727
01/13/2020,12:16,2.72,2.72,2.72,2.72, 230
01/13/2020,12:17,2.725,2.725,2.725,2.725, 1000
01/13/2020,12:18,2.72,2.72,2.72,2.72, 13000
01/13/2020,12:20,2.725,2.725,2.725,2.725, 36704
01/13/2020,12:50,2.725,2.725,2.725,2.725, 7000
01/13/2020,12:51,2.725,2.725,2.725,2.725, 1051
01/13/2020,12:57,2.72,2.72,2.72,2.72, 810
01/13/2020,13:07,2.72,2.72,2.72,2.72, 2142
01/13/2020,13:20,2.725,2.725,2.725,2.725, 2367
01/13/2020,13:48,2.72,2.72,2.72,2.72, 5800
01/13/2020,13:59,2.725,2.725,2.725,2.725, 2367
01/13/2020,14:17,2.72,2.72,2.72,2.72, 613
01/13/2020,14:24,2.72,2.72,2.72,2.72, 490
01/13/2020,14:31,2.725,2.725,2.725,2.725, 6631
01/13/2020,16:01,2.73,2.73,2.73,2.73, 6476
01/13/2020,16:38,2.73,2.73,2.73,2.73, 695
01/13/2020,16:49,2.73,2.73,2.73,2.73, 789
01/13/2020,17:03,2.73,2.73,2.73,2.73, 22138
01/13/2020,17:07,2.73,2.73,2.73,2.73, 50
01/13/2020,17:10,2.73,2.73,2.73,2.73, 17787
01/13/2020,17:15,2.725,2.725,2.725,2.725, 415
01/13/2020,17:29,2.73,2.73,2.73,2.73, 6594
01/13/2020,17:30,2.725,2.725,2.725,2.725, 23
01/13/2020,17:36,2.725,2.725,2.725,2.725, 108557
01/14/2020,09:01,2.725,2.725,2.725,2.725, 497
01/14/2020,09:03,2.735,2.755,2.735,2.75, 42749
01/14/2020,09:03,2.745,2.755,2.745,2.755, 855
01/14/2020,09:05,2.75,2.75,2.75,2.75, 722
01/14/2020,09:10,2.74,2.74,2.74,2.74, 5595
01/14/2020,09:45,2.73,2.73,2.73,2.73, 200
01/14/2020,09:54,2.725,2.725,2.725,2.725, 16262
01/14/2020,10:27,2.725,2.725,2.725,2.725, 2600
01/14/2020,10:36,2.725,2.725,2.725,2.725, 6454
01/14/2020,10:48,2.73,2.73,2.73,2.73, 6147
01/14/2020,11:02,2.73,2.73,2.73,2.73, 200
01/14/2020,11:03,2.73,2.73,2.73,2.73, 187
01/14/2020,11:15,2.735,2.745,2.735,2.745, 10404
01/14/2020,11:26,2.74,2.74,2.74,2.74, 6779
01/14/2020,11:48,2.74,2.74,2.74,2.74, 490
01/14/2020,11:51,2.74,2.74,2.74,2.74, 5490
01/14/2020,11:59,2.74,2.74,2.74,2.74, 320
01/14/2020,12:03,2.74,2.74,2.74,2.74, 320
01/14/2020,12:41,2.74,2.74,2.74,2.74, 6788
01/14/2020,12:46,2.74,2.74,2.74,2.74, 2600
01/14/2020,12:49,2.74,2.74,2.74,2.74, 5000
01/14/2020,13:17,2.745,2.745,2.745,2.745, 20000
01/14/2020,13:19,2.74,2.74,2.74,2.74, 90
01/14/2020,14:18,2.745,2.745,2.745,2.745, 26406
01/14/2020,14:35,2.745,2.745,2.745,2.745, 490
01/14/2020,14:47,2.75,2.75,2.75,2.75, 250
01/14/2020,14:48,2.745,2.745,2.745,2.745, 480
01/14/2020,15:07,2.745,2.745,2.745,2.745, 1847
01/14/2020,15:26,2.745,2.745,2.745,2.745, 160
01/14/2020,15:37,2.755,2.765,2.75,2.765, 72528
01/14/2020,15:39,2.765,2.765,2.765,2.765, 6611
01/14/2020,15:42,2.76,2.76,2.76,2.76, 2332
01/14/2020,16:18,2.765,2.775,2.765,2.775, 24691
01/14/2020,16:23,2.775,2.775,2.775,2.775, 59
01/14/2020,16:32,2.77,2.77,2.77,2.77, 2000
01/14/2020,16:35,2.78,2.785,2.775,2.785, 101637
01/14/2020,16:37,2.785,2.785,2.785,2.785, 4
01/14/2020,16:38,2.785,2.785,2.785,2.785, 180
01/14/2020,16:40,2.78,2.785,2.78,2.78, 26209
01/14/2020,16:41,2.785,2.795,2.785,2.795, 59473
01/14/2020,16:44,2.79,2.79,2.79,2.79, 14484
01/14/2020,16:44,2.79,2.79,2.79,2.79, 18654
01/14/2020,16:49,2.79,2.79,2.79,2.79, 1167
01/14/2020,16:51,2.79,2.79,2.79,2.79, 3440
01/14/2020,16:52,2.79,2.79,2.79,2.79, 2000
01/14/2020,16:56,2.79,2.79,2.79,2.79, 50250
01/14/2020,16:59,2.79,2.79,2.79,2.79, 100
01/14/2020,17:02,2.79,2.79,2.79,2.79, 200
01/14/2020,17:03,2.795,2.8,2.795,2.8, 31254
01/14/2020,17:05,2.8,2.8,2.8,2.8, 2000
01/14/2020,17:07,2.795,2.795,2.795,2.795, 1000
01/14/2020,17:15,2.8,2.8,2.8,2.8, 11240
01/14/2020,17:16,2.8,2.8,2.8,2.8, 1140
01/14/2020,17:18,2.795,2.795,2.795,2.795, 3000
01/14/2020,17:20,2.795,2.8,2.795,2.8, 2838
01/14/2020,17:23,2.8,2.8,2.8,2.8, 1582
01/14/2020,17:23,2.8,2.8,2.8,2.8, 2400
01/14/2020,17:24,2.8,2.8,2.8,2.8, 976
01/14/2020,17:26,2.795,2.8,2.795,2.8, 2352
01/14/2020,17:27,2.795,2.8,2.795,2.8, 8220
01/14/2020,17:28,2.8,2.8,2.795,2.8, 12568
01/14/2020,17:28,2.8,2.8,2.8,2.8, 2991
01/14/2020,17:29,2.8,2.8,2.8,2.8, 3160
01/14/2020,17:30,2.8,2.8,2.795,2.8, 6692
01/14/2020,17:36,2.795,2.795,2.795,2.795, 98824
01/14/2020,17:36,2.795,2.795,2.795,2.795, 874
01/15/2020,09:01,2.795,2.795,2.795,2.795, 9961
01/15/2020,09:17,2.785,2.785,2.785,2.785, 420
01/15/2020,09:31,2.78,2.78,2.78,2.78, 9100
01/15/2020,09:31,2.78,2.78,2.78,2.78, 800
01/15/2020,09:41,2.78,2.78,2.78,2.78, 6000
01/15/2020,10:08,2.785,2.785,2.785,2.785, 10
01/15/2020,10:20,2.785,2.785,2.785,2.785, 2500
01/15/2020,10:57,2.785,2.785,2.785,2.785, 4407
01/15/2020,11:10,2.78,2.78,2.78,2.78, 3160
01/15/2020,11:14,2.785,2.785,2.785,2.785, 4
01/15/2020,11:27,2.78,2.78,2.78,2.78, 490
01/15/2020,11:32,2.78,2.78,2.78,2.78, 490
01/15/2020,11:39,2.78,2.78,2.78,2.78, 3500
01/15/2020,11:45,2.78,2.78,2.78,2.78, 490
01/15/2020,11:50,2.78,2.78,2.78,2.78, 9117
01/15/2020,12:13,2.78,2.78,2.775,2.78, 14587
01/15/2020,12:15,2.785,2.785,2.785,2.785, 5500
01/15/2020,12:15,2.78,2.78,2.78,2.78, 2000
01/15/2020,12:22,2.78,2.785,2.78,2.785, 3000
01/15/2020,12:25,2.78,2.78,2.78,2.78, 750
01/15/2020,12:50,2.785,2.785,2.785,2.785, 200
01/15/2020,12:55,2.78,2.78,2.78,2.78, 1741
01/15/2020,12:57,2.785,2.785,2.785,2.785, 7414
01/15/2020,12:59,2.78,2.78,2.78,2.78, 490
01/15/2020,13:01,2.79,2.79,2.79,2.79, 1079
01/15/2020,13:21,2.79,2.79,2.79,2.79, 2355
01/15/2020,13:29,2.785,2.785,2.785,2.785, 2000
01/15/2020,13:34,2.79,2.795,2.79,2.795, 16704
01/15/2020,14:23,2.79,2.79,2.79,2.79, 1000
01/15/2020,14:28,2.79,2.79,2.79,2.79, 2000
01/15/2020,14:30,2.795,2.795,2.795,2.795, 1155
01/15/2020,14:45,2.79,2.79,2.79,2.79, 370
01/15/2020,15:00,2.795,2.795,2.795,2.795, 189
01/15/2020,15:04,2.79,2.79,2.79,2.79, 500
01/15/2020,15:05,2.795,2.795,2.795,2.795, 355
01/15/2020,15:05,2.795,2.795,2.795,2.795, 172
01/15/2020,15:06,2.795,2.795,2.795,2.795, 2829
01/15/2020,15:13,2.795,2.795,2.79,2.79, 4550
01/15/2020,15:38,2.795,2.795,2.795,2.795, 275
01/15/2020,15:41,2.79,2.79,2.79,2.79, 1700
01/15/2020,15:46,2.79,2.79,2.79,2.79, 2000
01/15/2020,15:48,2.79,2.79,2.79,2.79, 3870
01/15/2020,15:48,2.795,2.795,2.795,2.795, 2826
01/15/2020,15:50,2.79,2.79,2.79,2.79, 320
01/15/2020,16:12,2.79,2.795,2.79,2.79, 3166
01/15/2020,16:12,2.795,2.795,2.795,2.795, 397
01/15/2020,16:30,2.795,2.795,2.795,2.795, 25000
01/15/2020,16:33,2.795,2.795,2.795,2.795, 500
01/15/2020,16:36,2.79,2.79,2.79,2.79, 12200
01/15/2020,16:39,2.79,2.79,2.79,2.79, 4749
01/15/2020,17:00,2.79,2.79,2.79,2.79, 2362
01/15/2020,17:06,2.785,2.785,2.785,2.785, 40
01/15/2020,17:25,2.785,2.785,2.785,2.785, 8000
01/15/2020,17:29,2.785,2.785,2.785,2.785, 19623
01/15/2020,17:30,2.78,2.78,2.78,2.78, 78
01/15/2020,17:36,2.78,2.78,2.78,2.78, 232097
01/16/2020,09:01,2.79,2.8,2.79,2.8, 16772
01/16/2020,09:02,2.8,2.81,2.8,2.81, 58145
01/16/2020,09:05,2.8,2.81,2.79,2.795, 104910
01/16/2020,09:08,2.8,2.8,2.8,2.8, 5573
01/16/2020,09:10,2.79,2.79,2.79,2.79, 11000
01/16/2020,09:21,2.795,2.795,2.795,2.795, 4679
01/16/2020,09:23,2.8,2.8,2.79,2.79, 11506
01/16/2020,09:26,2.79,2.79,2.79,2.79, 2985
01/16/2020,09:32,2.79,2.79,2.79,2.79, 5000
01/16/2020,09:51,2.8,2.8,2.8,2.8, 80
01/16/2020,09:56,2.79,2.79,2.79,2.79, 252
01/16/2020,09:58,2.79,2.79,2.79,2.79, 5000
01/16/2020,10:05,2.79,2.79,2.79,2.79, 200
01/16/2020,10:06,2.79,2.79,2.79,2.79, 5000
01/16/2020,10:09,2.79,2.79,2.79,2.79, 2000
01/16/2020,10:13,2.79,2.79,2.79,2.79, 1364
01/16/2020,10:21,2.785,2.785,2.785,2.785, 12500
01/16/2020,10:22,2.785,2.785,2.785,2.785, 5000
01/16/2020,10:27,2.785,2.785,2.785,2.785, 3577
01/16/2020,10:30,2.78,2.78,2.78,2.78, 20000
01/16/2020,10:48,2.79,2.79,2.79,2.79, 13772
01/16/2020,10:51,2.785,2.785,2.785,2.785, 5358
01/16/2020,10:58,2.785,2.785,2.785,2.785, 491
01/16/2020,11:13,2.785,2.785,2.785,2.785, 2500
01/16/2020,11:24,2.785,2.785,2.785,2.785, 6366
01/16/2020,11:45,2.785,2.785,2.785,2.785, 500
01/16/2020,11:48,2.785,2.785,2.785,2.785, 500
01/16/2020,11:50,2.79,2.79,2.79,2.79, 12322
01/16/2020,11:51,2.79,2.79,2.79,2.79, 10322
01/16/2020,11:56,2.79,2.79,2.785,2.79, 3805
01/16/2020,12:03,2.79,2.79,2.785,2.785, 4348
01/16/2020,12:14,2.79,2.79,2.79,2.79, 7488
01/16/2020,12:17,2.78,2.78,2.78,2.78, 5000
01/16/2020,12:23,2.785,2.8,2.785,2.79, 112311
01/16/2020,12:24,2.795,2.795,2.795,2.795, 5000
01/16/2020,12:25,2.795,2.795,2.79,2.79, 4887
01/16/2020,12:42,2.79,2.79,2.79,2.79, 3131
01/16/2020,12:45,2.79,2.79,2.79,2.79, 299
01/16/2020,12:48,2.79,2.79,2.79,2.79, 5000
01/16/2020,12:54,2.785,2.785,2.78,2.78, 29146
01/16/2020,13:16,2.78,2.78,2.78,2.78, 632
01/16/2020,13:21,2.785,2.785,2.785,2.785, 2000
01/16/2020,14:28,2.785,2.785,2.785,2.785, 2000
01/16/2020,14:29,2.78,2.78,2.78,2.78, 6016
01/16/2020,14:30,2.78,2.78,2.78,2.78, 6739
01/16/2020,14:32,2.775,2.775,2.775,2.775, 230
01/16/2020,14:43,2.78,2.78,2.78,2.78, 230
01/16/2020,14:52,2.78,2.78,2.78,2.78, 200
01/16/2020,14:53,2.78,2.78,2.78,2.78, 3743
01/16/2020,14:57,2.78,2.78,2.78,2.78, 892
01/16/2020,15:12,2.78,2.78,2.78,2.78, 26000
01/16/2020,15:21,2.775,2.775,2.775,2.775, 500
01/16/2020,15:23,2.775,2.775,2.775,2.775, 480
01/16/2020,15:27,2.775,2.775,2.775,2.775, 990
01/16/2020,15:39,2.775,2.775,2.775,2.775, 70
01/16/2020,15:49,2.775,2.775,2.775,2.775, 15000
01/16/2020,15:50,2.78,2.78,2.78,2.78, 4680
01/16/2020,16:26,2.78,2.785,2.78,2.785, 11748
01/16/2020,16:28,2.78,2.78,2.78,2.78, 8000
01/16/2020,16:47,2.785,2.785,2.785,2.785, 3000
01/16/2020,16:53,2.78,2.78,2.77,2.78, 43674
01/16/2020,16:55,2.775,2.775,2.775,2.775, 2039
01/16/2020,16:56,2.775,2.775,2.775,2.775, 610
01/16/2020,17:00,2.78,2.78,2.78,2.78, 1482
01/16/2020,17:03,2.78,2.78,2.78,2.78, 200
01/16/2020,17:05,2.78,2.78,2.78,2.78, 10000
01/16/2020,17:09,2.775,2.775,2.775,2.775, 6018
01/16/2020,17:13,2.78,2.78,2.78,2.78, 1000
01/16/2020,17:18,2.78,2.78,2.78,2.78, 1535
01/16/2020,17:25,2.78,2.78,2.78,2.78, 897
01/16/2020,17:30,2.78,2.78,2.78,2.78, 3915
01/16/2020,17:30,2.78,2.78,2.78,2.78, 1000
01/16/2020,17:36,2.78,2.78,2.78,2.78, 102020
01/17/2020,09:01,2.79,2.79,2.79,2.79, 6484
01/17/2020,09:04,2.785,2.785,2.785,2.785, 10000
01/17/2020,09:25,2.795,2.795,2.795,2.795, 9628
01/17/2020,09:27,2.8,2.8,2.8,2.8, 6412
01/17/2020,09:32,2.81,2.81,2.81,2.81, 3000
01/17/2020,09:34,2.805,2.805,2.805,2.805, 2675
01/17/2020,09:35,2.8,2.8,2.795,2.795, 18363
01/17/2020,09:39,2.795,2.795,2.785,2.785, 10147
01/17/2020,09:48,2.79,2.79,2.79,2.79, 2500
01/17/2020,10:04,2.785,2.785,2.785,2.785, 16074
01/17/2020,10:27,2.78,2.78,2.775,2.775, 21335
01/17/2020,11:02,2.775,2.775,2.77,2.77, 7594
01/17/2020,11:21,2.775,2.775,2.775,2.775, 1029
01/17/2020,11:22,2.775,2.775,2.775,2.775, 1406
01/17/2020,11:44,2.78,2.78,2.78,2.78, 5000
01/17/2020,11:45,2.77,2.77,2.77,2.77, 490
01/17/2020,11:57,2.78,2.78,2.78,2.78, 3620
01/17/2020,12:22,2.78,2.78,2.78,2.78, 20000
01/17/2020,12:23,2.78,2.78,2.78,2.78, 2721
01/17/2020,12:25,2.775,2.775,2.775,2.775, 720
01/17/2020,12:39,2.78,2.78,2.78,2.78, 230
01/17/2020,12:41,2.785,2.785,2.785,2.785, 2500
01/17/2020,13:16,2.78,2.78,2.78,2.78, 490
01/17/2020,13:18,2.78,2.785,2.78,2.78, 9705
01/17/2020,13:29,2.775,2.775,2.775,2.775, 10000
01/17/2020,14:56,2.775,2.775,2.775,2.775, 1791
01/17/2020,15:25,2.775,2.775,2.775,2.775, 6775
01/17/2020,15:29,2.78,2.78,2.78,2.78, 2600
01/17/2020,15:45,2.775,2.775,2.775,2.775, 6235
01/17/2020,15:59,2.77,2.77,2.77,2.77, 330
01/17/2020,16:12,2.775,2.78,2.775,2.78, 5000
01/17/2020,16:26,2.775,2.775,2.775,2.775, 1051
01/17/2020,16:29,2.78,2.78,2.78,2.78, 958
01/17/2020,16:33,2.775,2.775,2.775,2.775, 5233
01/17/2020,16:36,2.775,2.775,2.775,2.775, 2000
01/17/2020,16:44,2.775,2.775,2.775,2.775, 2536
01/17/2020,17:00,2.775,2.775,2.775,2.775, 2621
01/17/2020,17:01,2.775,2.775,2.775,2.775, 3600
01/17/2020,17:04,2.775,2.775,2.775,2.775, 1153
01/17/2020,17:05,2.775,2.775,2.775,2.775, 1133
01/17/2020,17:08,2.775,2.775,2.775,2.775, 133
01/17/2020,17:16,2.78,2.78,2.78,2.78, 135
01/17/2020,17:18,2.78,2.78,2.78,2.78, 10644
01/17/2020,17:21,2.78,2.78,2.78,2.78, 1582
01/17/2020,17:23,2.77,2.775,2.77,2.77, 15403
01/17/2020,17:25,2.775,2.775,2.775,2.775, 215
01/17/2020,17:29,2.775,2.775,2.775,2.775, 3500
01/17/2020,17:30,2.775,2.775,2.775,2.775, 1586
01/17/2020,17:36,2.77,2.77,2.77,2.77, 52072
01/20/2020,09:01,2.78,2.78,2.78,2.78, 2832
01/20/2020,09:06,2.77,2.77,2.77,2.77, 6122
01/20/2020,09:14,2.77,2.77,2.77,2.77, 5000
01/20/2020,09:23,2.77,2.77,2.77,2.77, 500
01/20/2020,09:24,2.77,2.77,2.77,2.77, 6054
01/20/2020,09:38,2.78,2.78,2.78,2.78, 140
01/20/2020,09:43,2.77,2.77,2.77,2.77, 6894
01/20/2020,10:11,2.775,2.775,2.775,2.775, 18000
01/20/2020,10:53,2.77,2.77,2.77,2.77, 5000
01/20/2020,11:17,2.77,2.78,2.77,2.78, 6704
01/20/2020,11:36,2.77,2.77,2.77,2.77, 1000
01/20/2020,11:38,2.77,2.77,2.77,2.77, 100
01/20/2020,11:39,2.77,2.77,2.77,2.77, 230
01/20/2020,11:55,2.77,2.77,2.77,2.77, 720
01/20/2020,11:58,2.77,2.77,2.77,2.77, 490
01/20/2020,12:22,2.77,2.77,2.77,2.77, 184
01/20/2020,12:24,2.77,2.77,2.77,2.77, 230
01/20/2020,12:30,2.77,2.77,2.765,2.765, 25000
01/20/2020,12:44,2.78,2.78,2.78,2.78, 1536
01/20/2020,12:55,2.78,2.78,2.78,2.78, 138
01/20/2020,13:15,2.775,2.775,2.77,2.775, 5765
01/20/2020,13:43,2.77,2.77,2.77,2.77, 160
01/20/2020,13:59,2.77,2.77,2.77,2.77, 2389
01/20/2020,14:29,2.78,2.78,2.78,2.78, 2798
01/20/2020,15:07,2.77,2.77,2.77,2.77, 9571
01/20/2020,15:10,2.77,2.77,2.77,2.77, 363
01/20/2020,15:16,2.765,2.77,2.765,2.77, 16613
01/20/2020,15:31,2.77,2.77,2.77,2.77, 21067
01/20/2020,15:47,2.77,2.77,2.77,2.77, 2
01/20/2020,16:08,2.765,2.765,2.765,2.765, 160
01/20/2020,16:57,2.765,2.765,2.765,2.765, 2
01/20/2020,16:59,2.77,2.77,2.77,2.77, 200
01/20/2020,17:13,2.77,2.77,2.77,2.77, 264
01/20/2020,17:15,2.765,2.77,2.765,2.77, 78170
01/20/2020,17:19,2.765,2.765,2.765,2.765, 4098
01/20/2020,17:23,2.77,2.77,2.77,2.77, 5000
01/20/2020,17:24,2.77,2.77,2.77,2.77, 14919
01/20/2020,17:25,2.765,2.765,2.765,2.765, 10000
01/20/2020,17:30,2.77,2.77,2.77,2.77, 119
01/20/2020,17:36,2.765,2.765,2.765,2.765, 98945
01/21/2020,09:01,2.75,2.755,2.75,2.755, 1616
01/21/2020,09:05,2.755,2.76,2.755,2.76, 10000
01/21/2020,09:06,2.76,2.76,2.76,2.76, 3062
01/21/2020,09:28,2.765,2.765,2.765,2.765, 200
01/21/2020,10:14,2.76,2.76,2.76,2.76, 24826
01/21/2020,10:20,2.765,2.77,2.765,2.77, 25000
01/21/2020,10:29,2.765,2.765,2.765,2.765, 3090
01/21/2020,10:54,2.77,2.77,2.77,2.77, 54
01/21/2020,11:04,2.765,2.765,2.76,2.76, 11000
01/21/2020,11:26,2.765,2.765,2.765,2.765, 13609
01/21/2020,11:42,2.76,2.76,2.76,2.76, 490
01/21/2020,11:50,2.765,2.765,2.765,2.765, 5439
01/21/2020,12:06,2.765,2.765,2.765,2.765, 891
01/21/2020,12:07,2.765,2.765,2.765,2.765, 2461
01/21/2020,12:26,2.765,2.765,2.765,2.765, 1632
01/21/2020,12:40,2.76,2.76,2.76,2.76, 980
01/21/2020,12:45,2.76,2.76,2.76,2.76, 480
01/21/2020,13:05,2.765,2.765,2.765,2.765, 2500
01/21/2020,13:13,2.76,2.76,2.76,2.76, 230
01/21/2020,13:21,2.765,2.765,2.765,2.765, 1572
01/21/2020,13:28,2.76,2.76,2.76,2.76, 2466
01/21/2020,13:39,2.76,2.76,2.76,2.76, 2528
01/21/2020,13:58,2.76,2.76,2.76,2.76, 33254
01/21/2020,14:07,2.755,2.755,2.755,2.755, 30167
01/21/2020,14:08,2.755,2.755,2.755,2.755, 131
01/21/2020,14:38,2.755,2.755,2.755,2.755, 2000
01/21/2020,14:58,2.755,2.755,2.755,2.755, 600
01/21/2020,15:34,2.755,2.755,2.755,2.755, 5275
01/21/2020,15:41,2.755,2.755,2.755,2.755, 10578
01/21/2020,15:44,2.755,2.755,2.755,2.755, 183
01/21/2020,16:15,2.75,2.75,2.75,2.75, 2529
01/21/2020,16:21,2.75,2.75,2.75,2.75, 2758
01/21/2020,16:28,2.75,2.75,2.75,2.75, 2991
01/21/2020,16:29,2.75,2.75,2.75,2.75, 345
01/21/2020,16:38,2.755,2.755,2.755,2.755, 11500
01/21/2020,16:47,2.755,2.755,2.755,2.755, 1373
01/21/2020,17:04,2.75,2.75,2.75,2.75, 613
01/21/2020,17:08,2.755,2.755,2.755,2.755, 39
01/21/2020,17:11,2.755,2.755,2.755,2.755, 2298
01/21/2020,17:15,2.75,2.75,2.75,2.75, 9391
01/21/2020,17:16,2.75,2.75,2.75,2.75, 751
01/21/2020,17:25,2.755,2.755,2.755,2.755, 455
01/21/2020,17:27,2.75,2.75,2.75,2.75, 23361
01/21/2020,17:29,2.75,2.75,2.75,2.75, 6000
01/21/2020,17:36,2.745,2.745,2.745,2.745, 211284
01/22/2020,09:01,2.755,2.755,2.755,2.755, 2811
01/22/2020,09:03,2.755,2.765,2.755,2.765, 19986
01/22/2020,10:22,2.765,2.765,2.765,2.765, 1500
01/22/2020,10:28,2.76,2.76,2.76,2.76, 16593
01/22/2020,11:02,2.76,2.76,2.76,2.76, 1000
01/22/2020,11:07,2.76,2.76,2.76,2.76, 310
01/22/2020,11:11,2.765,2.765,2.765,2.765, 1000
01/22/2020,11:13,2.76,2.76,2.76,2.76, 160
01/22/2020,11:28,2.76,2.76,2.76,2.76, 3318
01/22/2020,11:35,2.76,2.76,2.76,2.76, 2675
01/22/2020,11:50,2.76,2.76,2.76,2.76, 200
01/22/2020,12:10,2.76,2.76,2.76,2.76, 618
01/22/2020,12:12,2.76,2.76,2.76,2.76, 1290
01/22/2020,12:18,2.765,2.765,2.765,2.765, 5000
01/22/2020,12:21,2.76,2.76,2.76,2.76, 26000
01/22/2020,12:26,2.76,2.76,2.76,2.76, 330
01/22/2020,12:42,2.76,2.76,2.76,2.76, 490
01/22/2020,13:03,2.765,2.765,2.765,2.765, 2000
01/22/2020,13:44,2.76,2.76,2.76,2.76, 613
01/22/2020,13:50,2.765,2.765,2.765,2.765, 10000
01/22/2020,13:52,2.76,2.76,2.76,2.76, 230
01/22/2020,13:53,2.76,2.76,2.755,2.755, 26470
01/22/2020,14:37,2.755,2.755,2.755,2.755, 600
01/22/2020,14:37,2.75,2.75,2.75,2.75, 186
01/22/2020,15:27,2.755,2.755,2.755,2.755, 670
01/22/2020,15:42,2.755,2.755,2.755,2.755, 700
01/22/2020,15:45,2.755,2.755,2.755,2.755, 1000
01/22/2020,15:59,2.75,2.75,2.75,2.75, 195
01/22/2020,16:11,2.755,2.755,2.755,2.755, 72
01/22/2020,17:29,2.755,2.755,2.755,2.755, 9482
01/22/2020,17:36,2.755,2.755,2.755,2.755, 76854
01/23/2020,09:01,2.765,2.765,2.765,2.765, 707
01/23/2020,09:01,2.765,2.765,2.765,2.765, 150
01/23/2020,09:02,2.76,2.76,2.76,2.76, 1737
01/23/2020,09:07,2.76,2.76,2.76,2.76, 5063
01/23/2020,09:25,2.76,2.76,2.76,2.76, 5000
01/23/2020,09:33,2.76,2.76,2.76,2.76, 7177
01/23/2020,09:36,2.755,2.755,2.755,2.755, 330
01/23/2020,09:40,2.765,2.765,2.765,2.765, 3490
01/23/2020,09:53,2.755,2.755,2.75,2.755, 19955
01/23/2020,09:53,2.75,2.75,2.75,2.75, 4993
01/23/2020,10:10,2.755,2.755,2.755,2.755, 6833
01/23/2020,10:32,2.755,2.755,2.755,2.755, 11983
01/23/2020,10:36,2.75,2.75,2.75,2.75, 5000
01/23/2020,10:44,2.755,2.755,2.755,2.755, 2000
01/23/2020,10:48,2.76,2.76,2.76,2.76, 2075
01/23/2020,11:18,2.76,2.76,2.755,2.755, 12252
01/23/2020,11:29,2.76,2.76,2.76,2.76, 4814
01/23/2020,11:33,2.76,2.76,2.76,2.76, 105
01/23/2020,11:44,2.76,2.76,2.76,2.76, 5414
01/23/2020,11:52,2.76,2.76,2.76,2.76, 2076
01/23/2020,11:53,2.76,2.76,2.76,2.76, 9529
01/23/2020,12:01,2.76,2.76,2.76,2.76, 923
01/23/2020,12:02,2.765,2.765,2.765,2.765, 50
01/23/2020,12:16,2.765,2.765,2.765,2.765, 360
01/23/2020,12:20,2.76,2.76,2.76,2.76, 1380
01/23/2020,13:09,2.76,2.76,2.76,2.76, 5108
01/23/2020,13:19,2.765,2.765,2.765,2.765, 200
01/23/2020,13:47,2.765,2.765,2.765,2.765, 362
01/23/2020,14:05,2.76,2.76,2.76,2.76, 15749
01/23/2020,14:09,2.765,2.765,2.765,2.765, 1749
01/23/2020,14:14,2.76,2.76,2.76,2.76, 11259
01/23/2020,14:27,2.76,2.76,2.76,2.76, 5000
01/23/2020,14:49,2.76,2.76,2.76,2.76, 11452
01/23/2020,14:56,2.76,2.76,2.76,2.76, 1166
01/23/2020,15:00,2.76,2.76,2.76,2.76, 7312
01/23/2020,15:12,2.76,2.76,2.76,2.76, 66
01/23/2020,15:17,2.76,2.76,2.76,2.76, 1873
01/23/2020,15:21,2.76,2.76,2.75,2.755, 47833
01/23/2020,15:21,2.75,2.75,2.745,2.745, 4000
01/23/2020,15:34,2.75,2.75,2.75,2.75, 9570
01/23/2020,15:51,2.75,2.75,2.75,2.75, 2877
01/23/2020,15:54,2.75,2.75,2.75,2.75, 5000
01/23/2020,16:09,2.755,2.755,2.755,2.755, 2000
01/23/2020,16:27,2.76,2.76,2.76,2.76, 520
01/23/2020,16:29,2.755,2.755,2.755,2.755, 5225
01/23/2020,16:33,2.755,2.755,2.755,2.755, 490
01/23/2020,16:49,2.755,2.755,2.755,2.755, 2923
01/23/2020,16:50,2.755,2.755,2.755,2.755, 490
01/23/2020,16:51,2.755,2.755,2.755,2.755, 480
01/23/2020,16:56,2.755,2.755,2.755,2.755, 12742
01/23/2020,17:06,2.75,2.75,2.75,2.75, 2306
01/23/2020,17:11,2.75,2.75,2.75,2.75, 2349
01/23/2020,17:21,2.755,2.755,2.755,2.755, 18603
01/23/2020,17:24,2.76,2.76,2.76,2.76, 1797
01/23/2020,17:25,2.755,2.755,2.75,2.75, 36048
01/23/2020,17:26,2.75,2.75,2.75,2.75, 1068
01/23/2020,17:36,2.76,2.76,2.76,2.76, 125348
01/23/2020,17:40,2.76,2.76,2.76,2.76, 5000
01/24/2020,09:01,2.76,2.76,2.76,2.76, 435
01/24/2020,09:03,2.76,2.76,2.76,2.76, 10365
01/24/2020,09:06,2.765,2.765,2.765,2.765, 1000
01/24/2020,09:10,2.765,2.765,2.765,2.765, 250
01/24/2020,09:31,2.765,2.765,2.765,2.765, 13600
01/24/2020,09:33,2.76,2.76,2.76,2.76, 17610
01/24/2020,09:34,2.76,2.76,2.76,2.76, 100
01/24/2020,09:40,2.765,2.765,2.765,2.765, 2000
01/24/2020,09:42,2.76,2.76,2.76,2.76, 5000
01/24/2020,09:55,2.765,2.765,2.765,2.765, 1647
01/24/2020,10:10,2.765,2.765,2.765,2.765, 3616
01/24/2020,10:13,2.76,2.76,2.76,2.76, 8732
01/24/2020,10:14,2.755,2.755,2.75,2.75, 42826
01/24/2020,10:16,2.755,2.755,2.755,2.755, 1627
01/24/2020,10:16,2.755,2.755,2.755,2.755, 2688
01/24/2020,10:18,2.75,2.75,2.75,2.75, 11000
01/24/2020,10:48,2.755,2.755,2.755,2.755, 696
01/24/2020,11:09,2.75,2.755,2.75,2.755, 2660
01/24/2020,11:21,2.755,2.755,2.755,2.755, 10359
01/24/2020,11:25,2.755,2.755,2.755,2.755, 285
01/24/2020,11:34,2.755,2.755,2.755,2.755, 4623
01/24/2020,11:34,2.755,2.755,2.755,2.755, 207
01/24/2020,11:35,2.755,2.755,2.755,2.755, 100
01/24/2020,11:39,2.755,2.755,2.755,2.755, 11428
01/24/2020,11:40,2.755,2.755,2.755,2.755, 1235
01/24/2020,11:41,2.755,2.755,2.755,2.755, 639
01/24/2020,11:42,2.755,2.755,2.755,2.755, 2561
01/24/2020,11:54,2.755,2.755,2.755,2.755, 11495
01/24/2020,11:56,2.755,2.755,2.755,2.755, 694
01/24/2020,11:56,2.755,2.755,2.755,2.755, 191
01/24/2020,11:57,2.755,2.755,2.755,2.755, 300
01/24/2020,12:07,2.755,2.755,2.755,2.755, 11077
01/24/2020,12:08,2.75,2.75,2.75,2.75, 1226
01/24/2020,12:09,2.755,2.755,2.755,2.755, 1661
01/24/2020,12:10,2.755,2.755,2.755,2.755, 218
01/24/2020,12:14,2.755,2.755,2.755,2.755, 5471
01/24/2020,12:16,2.755,2.755,2.755,2.755, 488
01/24/2020,12:21,2.755,2.755,2.755,2.755, 10640
01/24/2020,12:23,2.755,2.755,2.755,2.755, 1084
01/24/2020,12:24,2.755,2.755,2.755,2.755, 5000
01/24/2020,12:29,2.755,2.755,2.755,2.755, 1000
01/24/2020,12:35,2.75,2.755,2.75,2.755, 26697
01/24/2020,12:41,2.755,2.755,2.755,2.755, 6764
01/24/2020,12:45,2.755,2.755,2.755,2.755, 3100
01/24/2020,12:49,2.755,2.755,2.755,2.755, 1557
01/24/2020,12:53,2.755,2.755,2.755,2.755, 600
01/24/2020,12:56,2.75,2.75,2.75,2.75, 2025
01/24/2020,12:59,2.745,2.745,2.745,2.745, 412
01/24/2020,13:07,2.745,2.745,2.745,2.745, 200
01/24/2020,13:11,2.745,2.745,2.745,2.745, 200
01/24/2020,13:30,2.75,2.75,2.75,2.75, 6151
01/24/2020,13:39,2.755,2.755,2.755,2.755, 800
01/24/2020,13:53,2.75,2.75,2.75,2.75, 9902
01/24/2020,13:59,2.75,2.75,2.75,2.75, 194
01/24/2020,14:08,2.75,2.75,2.75,2.75, 2500
01/24/2020,14:16,2.745,2.75,2.745,2.745, 26666
01/24/2020,14:19,2.75,2.75,2.75,2.75, 3000
01/24/2020,14:24,2.75,2.75,2.75,2.75, 2300
01/24/2020,14:29,2.745,2.745,2.745,2.745, 10692
01/24/2020,14:32,2.745,2.745,2.745,2.745, 239
01/24/2020,14:40,2.75,2.75,2.75,2.75, 1000
01/24/2020,14:41,2.74,2.74,2.74,2.74, 9932
01/24/2020,14:42,2.74,2.74,2.735,2.735, 16576
01/24/2020,14:43,2.735,2.735,2.735,2.735, 3791
01/24/2020,14:53,2.74,2.74,2.74,2.74, 5664
01/24/2020,14:54,2.74,2.74,2.74,2.74, 4407
01/24/2020,14:55,2.74,2.74,2.74,2.74, 100
01/24/2020,14:56,2.74,2.74,2.74,2.74, 100
01/24/2020,14:56,2.74,2.74,2.735,2.735, 41710
01/24/2020,15:00,2.735,2.735,2.735,2.735, 17929
01/24/2020,15:08,2.74,2.74,2.74,2.74, 1000
01/24/2020,15:16,2.74,2.74,2.74,2.74, 1000
01/24/2020,15:29,2.74,2.74,2.74,2.74, 6000
01/24/2020,15:31,2.74,2.74,2.74,2.74, 2433
01/24/2020,15:32,2.735,2.735,2.735,2.735, 4853
01/24/2020,15:38,2.74,2.74,2.74,2.74, 11811
01/24/2020,15:41,2.74,2.74,2.735,2.735, 27239
01/24/2020,15:45,2.735,2.74,2.735,2.74, 10000
01/24/2020,15:46,2.74,2.74,2.74,2.74, 1500
01/24/2020,15:47,2.745,2.745,2.745,2.745, 640
01/24/2020,15:48,2.745,2.745,2.74,2.74, 26373
01/24/2020,16:03,2.735,2.735,2.73,2.735, 34003
01/24/2020,16:06,2.735,2.74,2.735,2.74, 19006
01/24/2020,16:07,2.74,2.74,2.74,2.74, 5247
01/24/2020,16:08,2.735,2.735,2.735,2.735, 21276
01/24/2020,16:08,2.735,2.735,2.73,2.73, 29807
01/24/2020,16:10,2.725,2.73,2.725,2.73, 10500
01/24/2020,16:11,2.73,2.73,2.73,2.73, 2000
01/24/2020,16:11,2.73,2.73,2.73,2.73, 959
01/24/2020,16:13,2.73,2.735,2.73,2.735, 6863
01/24/2020,16:14,2.735,2.735,2.73,2.73, 34653
01/24/2020,16:16,2.73,2.73,2.73,2.73, 7297
01/24/2020,16:17,2.73,2.73,2.73,2.73, 19912
01/24/2020,16:19,2.735,2.735,2.735,2.735, 2000
01/24/2020,16:22,2.735,2.735,2.735,2.735, 12942
01/24/2020,16:22,2.735,2.735,2.735,2.735, 3511
01/24/2020,16:24,2.735,2.735,2.735,2.735, 3397
01/24/2020,16:25,2.735,2.74,2.735,2.74, 1896
01/24/2020,16:36,2.75,2.75,2.75,2.75, 10000
01/24/2020,16:39,2.755,2.755,2.755,2.755, 1100
01/24/2020,16:54,2.755,2.755,2.755,2.755, 4889
01/24/2020,16:56,2.75,2.75,2.75,2.75, 6000
01/24/2020,16:57,2.75,2.75,2.75,2.75, 460
01/24/2020,17:00,2.75,2.75,2.75,2.75, 10745
01/24/2020,17:03,2.75,2.75,2.75,2.75, 517
01/24/2020,17:04,2.75,2.75,2.75,2.75, 480
01/24/2020,17:06,2.75,2.75,2.75,2.75, 490
01/24/2020,17:09,2.75,2.75,2.75,2.75, 9299
01/24/2020,17:13,2.75,2.75,2.75,2.75, 3636
01/24/2020,17:19,2.75,2.75,2.75,2.75, 4184
01/24/2020,17:19,2.75,2.75,2.75,2.75, 9781
01/24/2020,17:21,2.75,2.75,2.75,2.75, 4347
01/24/2020,17:28,2.75,2.75,2.75,2.75, 1277
01/24/2020,17:29,2.75,2.75,2.745,2.75, 23684
01/24/2020,17:29,2.745,2.745,2.73,2.735, 192532
01/24/2020,17:30,2.73,2.735,2.73,2.735, 92399
01/24/2020,17:36,2.745,2.745,2.745,2.745, 92404
01/27/2020,09:01,2.745,2.745,2.745,2.745, 26339
01/27/2020,09:03,2.74,2.74,2.74,2.74, 2800
01/27/2020,09:12,2.74,2.74,2.74,2.74, 170
01/27/2020,09:15,2.735,2.735,2.735,2.735, 274
01/27/2020,09:31,2.74,2.74,2.74,2.74, 4402
01/27/2020,09:36,2.74,2.745,2.74,2.74, 6896
01/27/2020,10:14,2.735,2.735,2.735,2.735, 971
01/27/2020,10:18,2.735,2.735,2.735,2.735, 2500
01/27/2020,10:24,2.735,2.74,2.735,2.74, 15759
01/27/2020,10:27,2.735,2.735,2.735,2.735, 8000
01/27/2020,10:29,2.735,2.735,2.735,2.735, 5000
01/27/2020,10:42,2.735,2.735,2.735,2.735, 2289
01/27/2020,10:51,2.74,2.74,2.74,2.74, 500
01/27/2020,10:55,2.735,2.74,2.735,2.74, 6311
01/27/2020,10:58,2.735,2.735,2.735,2.735, 10000
01/27/2020,11:11,2.735,2.735,2.735,2.735, 6401
01/27/2020,11:42,2.73,2.73,2.73,2.73, 115
01/27/2020,11:44,2.73,2.73,2.73,2.73, 480
01/27/2020,11:47,2.73,2.73,2.73,2.73, 490
01/27/2020,12:12,2.73,2.73,2.73,2.73, 968
01/27/2020,12:28,2.73,2.73,2.73,2.73, 625
01/27/2020,12:29,2.73,2.735,2.73,2.735, 15524
01/27/2020,12:29,2.735,2.735,2.735,2.735, 1500
01/27/2020,12:31,2.735,2.735,2.735,2.735, 1290
01/27/2020,12:37,2.735,2.735,2.735,2.735, 1260
01/27/2020,12:48,2.73,2.73,2.73,2.73, 500
01/27/2020,12:49,2.73,2.73,2.73,2.73, 750
01/27/2020,13:11,2.735,2.735,2.735,2.735, 21
01/27/2020,13:15,2.735,2.735,2.735,2.735, 3702
01/27/2020,13:16,2.735,2.735,2.735,2.735, 958
01/27/2020,13:51,2.735,2.735,2.735,2.735, 14116
01/27/2020,13:54,2.735,2.735,2.735,2.735, 2814
01/27/2020,13:58,2.735,2.735,2.735,2.735, 3663
01/27/2020,14:04,2.735,2.735,2.735,2.735, 10410
01/27/2020,14:06,2.735,2.74,2.73,2.735, 13731
01/27/2020,14:10,2.73,2.73,2.73,2.73, 300
01/27/2020,14:13,2.735,2.735,2.735,2.735, 750
01/27/2020,14:16,2.735,2.735,2.735,2.735, 5446
01/27/2020,14:18,2.735,2.735,2.735,2.735, 8732
01/27/2020,14:27,2.73,2.735,2.73,2.735, 27165
01/27/2020,14:54,2.73,2.735,2.73,2.73, 14051
01/27/2020,14:55,2.73,2.73,2.73,2.73, 1752
01/27/2020,15:01,2.725,2.725,2.725,2.725, 7698
01/27/2020,15:05,2.725,2.73,2.725,2.73, 11931
01/27/2020,15:06,2.73,2.73,2.73,2.73, 5000
01/27/2020,15:07,2.725,2.725,2.725,2.725, 1296
01/27/2020,15:08,2.725,2.725,2.72,2.725, 18309
01/27/2020,16:05,2.725,2.725,2.725,2.725, 2000
01/27/2020,16:13,2.72,2.72,2.72,2.72, 966
01/27/2020,16:17,2.725,2.725,2.725,2.725, 1
01/27/2020,16:21,2.72,2.725,2.72,2.725, 14739
01/27/2020,16:28,2.72,2.72,2.72,2.72, 24794
01/27/2020,16:36,2.72,2.72,2.72,2.72, 1000
01/27/2020,16:48,2.72,2.72,2.72,2.72, 3195
01/27/2020,17:00,2.72,2.72,2.72,2.72, 100
01/27/2020,17:13,2.72,2.72,2.72,2.72, 167
01/27/2020,17:18,2.72,2.72,2.72,2.72, 5363
01/27/2020,17:23,2.72,2.72,2.72,2.72, 5000
01/27/2020,17:26,2.72,2.72,2.72,2.72, 972
01/27/2020,17:28,2.725,2.725,2.725,2.725, 787
01/27/2020,17:30,2.725,2.725,2.72,2.725, 1476
01/27/2020,17:36,2.72,2.72,2.72,2.72, 124754
01/28/2020,09:01,2.74,2.74,2.74,2.74, 944
01/28/2020,09:01,2.725,2.725,2.725,2.725, 1561
01/28/2020,09:14,2.725,2.725,2.725,2.725, 905
01/28/2020,09:37,2.73,2.73,2.73,2.73, 5368
01/28/2020,09:45,2.73,2.73,2.73,2.73, 2000
01/28/2020,09:51,2.73,2.73,2.73,2.73, 350
01/28/2020,10:09,2.73,2.73,2.73,2.73, 2000
01/28/2020,10:11,2.73,2.73,2.73,2.73, 10000
01/28/2020,10:23,2.73,2.73,2.73,2.73, 5343
01/28/2020,10:33,2.725,2.725,2.725,2.725, 4
01/28/2020,10:42,2.73,2.73,2.73,2.73, 100
01/28/2020,11:10,2.73,2.73,2.73,2.73, 10000
01/28/2020,11:12,2.73,2.73,2.73,2.73, 1274
01/28/2020,11:15,2.725,2.725,2.725,2.725, 490
01/28/2020,11:17,2.73,2.73,2.73,2.73, 20
01/28/2020,11:20,2.73,2.73,2.73,2.73, 3793
01/28/2020,11:21,2.73,2.73,2.73,2.73, 22695
01/28/2020,11:25,2.73,2.73,2.73,2.73, 100
01/28/2020,12:00,2.73,2.73,2.73,2.73, 5000
01/28/2020,12:29,2.73,2.73,2.73,2.73, 3759
01/28/2020,12:43,2.73,2.73,2.73,2.73, 181
01/28/2020,12:44,2.73,2.73,2.73,2.73, 50
01/28/2020,12:45,2.73,2.73,2.73,2.73, 10
01/28/2020,12:45,2.73,2.73,2.73,2.73, 2180
01/28/2020,12:47,2.73,2.73,2.73,2.73, 210
01/28/2020,12:48,2.73,2.73,2.73,2.73, 180
01/28/2020,12:51,2.73,2.73,2.73,2.73, 180
01/28/2020,12:56,2.725,2.725,2.725,2.725, 1238
01/28/2020,12:58,2.725,2.725,2.725,2.725, 7500
01/28/2020,13:01,2.725,2.725,2.725,2.725, 613
01/28/2020,13:08,2.725,2.725,2.725,2.725, 490
01/28/2020,13:30,2.725,2.725,2.725,2.725, 613
01/28/2020,13:39,2.73,2.73,2.73,2.73, 1000
01/28/2020,14:37,2.73,2.73,2.73,2.73, 2272
01/28/2020,14:43,2.725,2.725,2.725,2.725, 20242
01/28/2020,14:44,2.72,2.72,2.72,2.72, 1251
01/28/2020,14:46,2.725,2.725,2.725,2.725, 4917
01/28/2020,14:56,2.725,2.725,2.725,2.725, 1569
01/28/2020,14:57,2.72,2.72,2.72,2.72, 490
01/28/2020,15:09,2.73,2.73,2.725,2.725, 16277
01/28/2020,15:09,2.73,2.73,2.73,2.73, 1612
01/28/2020,15:27,2.73,2.73,2.73,2.73, 967
01/28/2020,15:31,2.73,2.73,2.73,2.73, 1832
01/28/2020,16:26,2.725,2.725,2.725,2.725, 490
01/28/2020,16:41,2.73,2.73,2.73,2.73, 59
01/28/2020,16:48,2.73,2.73,2.73,2.73, 613
01/28/2020,16:55,2.725,2.725,2.725,2.725, 3271
01/28/2020,17:05,2.73,2.73,2.73,2.73, 49
01/28/2020,17:15,2.725,2.725,2.725,2.725, 226
01/28/2020,17:30,2.73,2.73,2.73,2.73, 1298
01/28/2020,17:30,2.73,2.73,2.73,2.73, 98
01/28/2020,17:36,2.725,2.725,2.725,2.725, 151012
01/29/2020,09:01,2.74,2.74,2.74,2.74, 11776
01/29/2020,09:05,2.74,2.74,2.74,2.74, 150
01/29/2020,09:27,2.73,2.735,2.73,2.735, 10030
01/29/2020,09:51,2.73,2.735,2.73,2.735, 6519
01/29/2020,09:59,2.73,2.73,2.73,2.73, 613
01/29/2020,10:00,2.73,2.73,2.73,2.73, 370
01/29/2020,10:23,2.735,2.735,2.735,2.735, 22982
01/29/2020,10:23,2.735,2.735,2.735,2.735, 85
01/29/2020,10:32,2.735,2.735,2.735,2.735, 35311
01/29/2020,10:47,2.73,2.73,2.73,2.73, 2500
01/29/2020,10:50,2.73,2.73,2.73,2.73, 70
01/29/2020,10:51,2.73,2.73,2.73,2.73, 70
01/29/2020,10:57,2.73,2.735,2.73,2.735, 1520
01/29/2020,11:25,2.73,2.735,2.725,2.735, 17194
01/29/2020,11:28,2.73,2.73,2.73,2.73, 1470
01/29/2020,11:30,2.73,2.73,2.73,2.73, 490
01/29/2020,11:47,2.735,2.735,2.735,2.735, 5
01/29/2020,12:13,2.73,2.73,2.73,2.73, 490
01/29/2020,12:27,2.73,2.73,2.73,2.73, 3874
01/29/2020,12:44,2.735,2.735,2.735,2.735, 2232
01/29/2020,12:44,2.735,2.735,2.735,2.735, 272
01/29/2020,13:29,2.735,2.735,2.73,2.735, 4588
01/29/2020,13:34,2.73,2.73,2.73,2.73, 480
01/29/2020,13:36,2.735,2.735,2.735,2.735, 164
01/29/2020,13:42,2.73,2.73,2.73,2.73, 230
01/29/2020,14:01,2.735,2.735,2.735,2.735, 1775
01/29/2020,14:07,2.735,2.735,2.735,2.735, 1505
01/29/2020,14:16,2.735,2.735,2.735,2.735, 1943
01/29/2020,14:25,2.73,2.73,2.73,2.73, 20000
01/29/2020,14:52,2.73,2.735,2.73,2.735, 24014
01/29/2020,15:16,2.73,2.73,2.73,2.73, 16464
01/29/2020,15:46,2.735,2.735,2.735,2.735, 1476
01/29/2020,15:54,2.73,2.73,2.73,2.73, 1500
01/29/2020,16:06,2.73,2.73,2.73,2.73, 490
01/29/2020,16:10,2.735,2.735,2.735,2.735, 1422
01/29/2020,16:26,2.73,2.73,2.73,2.73, 10000
01/29/2020,16:29,2.73,2.73,2.73,2.73, 2126
01/29/2020,16:50,2.73,2.73,2.73,2.73, 2000
01/29/2020,17:15,2.725,2.725,2.725,2.725, 237
01/29/2020,17:17,2.725,2.725,2.725,2.725, 160
01/29/2020,17:36,2.73,2.73,2.73,2.73, 119475
01/30/2020,09:01,2.73,2.73,2.73,2.73, 2872
01/30/2020,09:02,2.735,2.735,2.735,2.735, 1225
01/30/2020,09:04,2.73,2.73,2.73,2.73, 6355
01/30/2020,09:05,2.735,2.735,2.735,2.735, 2200
01/30/2020,09:17,2.725,2.725,2.725,2.725, 403
01/30/2020,09:46,2.73,2.73,2.73,2.73, 2636
01/30/2020,09:54,2.725,2.725,2.725,2.725, 1000
01/30/2020,10:21,2.725,2.725,2.725,2.725, 2580
01/30/2020,10:41,2.73,2.73,2.73,2.73, 15988
01/30/2020,10:47,2.73,2.73,2.725,2.725, 23305
01/30/2020,10:57,2.725,2.725,2.725,2.725, 1249
01/30/2020,10:58,2.73,2.73,2.73,2.73, 5356
01/30/2020,12:02,2.735,2.735,2.735,2.735, 15000
01/30/2020,12:06,2.735,2.735,2.735,2.735, 4509
01/30/2020,12:11,2.735,2.735,2.735,2.735, 2000
01/30/2020,12:16,2.73,2.73,2.73,2.73, 63831
01/30/2020,13:07,2.73,2.73,2.73,2.73, 2930
01/30/2020,13:12,2.725,2.725,2.725,2.725, 490
01/30/2020,13:49,2.73,2.73,2.73,2.73, 1686
01/30/2020,15:36,2.725,2.725,2.725,2.725, 6000
01/30/2020,16:18,2.73,2.73,2.73,2.73, 1959
01/30/2020,16:24,2.725,2.725,2.725,2.725, 110
01/30/2020,16:48,2.725,2.725,2.725,2.725, 25701
01/30/2020,16:59,2.725,2.725,2.725,2.725, 6210
01/30/2020,16:59,2.725,2.725,2.725,2.725, 1000
01/30/2020,17:16,2.72,2.72,2.72,2.72, 2000
01/30/2020,17:16,2.72,2.72,2.715,2.715, 48492
01/30/2020,17:18,2.72,2.72,2.72,2.72, 969
01/30/2020,17:23,2.72,2.72,2.72,2.72, 50
01/30/2020,17:30,2.715,2.715,2.71,2.71, 23679
01/30/2020,17:36,2.725,2.725,2.725,2.725, 168535
01/31/2020,09:01,2.73,2.73,2.73,2.73, 464
01/31/2020,09:01,2.725,2.725,2.725,2.725, 1504
01/31/2020,09:04,2.73,2.735,2.73,2.735, 50027
01/31/2020,09:05,2.73,2.73,2.73,2.73, 6000
01/31/2020,09:22,2.73,2.73,2.73,2.73, 8498
01/31/2020,09:28,2.73,2.73,2.73,2.73, 1032
01/31/2020,09:54,2.725,2.725,2.725,2.725, 3636
01/31/2020,09:57,2.73,2.73,2.73,2.73, 4644
01/31/2020,10:33,2.73,2.73,2.73,2.73, 5000
01/31/2020,11:07,2.725,2.725,2.725,2.725, 2109
01/31/2020,11:30,2.725,2.725,2.725,2.725, 1960
01/31/2020,11:39,2.725,2.725,2.725,2.725, 8097
01/31/2020,12:09,2.73,2.73,2.73,2.73, 4239
01/31/2020,12:27,2.735,2.735,2.735,2.735, 3000
01/31/2020,12:29,2.73,2.73,2.73,2.73, 490
01/31/2020,12:32,2.735,2.735,2.735,2.735, 50
01/31/2020,12:43,2.735,2.735,2.735,2.735, 7300
01/31/2020,12:47,2.735,2.735,2.73,2.73, 1908
01/31/2020,12:49,2.73,2.73,2.73,2.73, 1213
01/31/2020,12:49,2.73,2.73,2.73,2.73, 613
01/31/2020,13:07,2.73,2.73,2.73,2.73, 490
01/31/2020,13:18,2.73,2.73,2.73,2.73, 230
01/31/2020,13:20,2.73,2.73,2.73,2.73, 500
01/31/2020,13:37,2.73,2.73,2.73,2.73, 7494
01/31/2020,13:40,2.73,2.73,2.73,2.73, 11963
01/31/2020,13:47,2.73,2.73,2.73,2.73, 16214
01/31/2020,14:21,2.73,2.73,2.73,2.73, 2447
01/31/2020,14:27,2.73,2.73,2.73,2.73, 595
01/31/2020,14:47,2.73,2.73,2.73,2.73, 177
01/31/2020,15:02,2.73,2.73,2.73,2.73, 194
01/31/2020,15:06,2.73,2.73,2.73,2.73, 159
01/31/2020,15:23,2.73,2.73,2.73,2.73, 184
01/31/2020,16:44,2.73,2.73,2.73,2.73, 21607
01/31/2020,16:46,2.73,2.73,2.73,2.73, 9194
01/31/2020,16:47,2.73,2.73,2.73,2.73, 100
01/31/2020,16:49,2.73,2.73,2.73,2.73, 11449
01/31/2020,16:52,2.735,2.735,2.735,2.735, 1997
01/31/2020,17:01,2.73,2.73,2.73,2.73, 1226
01/31/2020,17:07,2.735,2.735,2.735,2.735, 4000
01/31/2020,17:16,2.73,2.73,2.73,2.73, 10924
01/31/2020,17:17,2.73,2.73,2.73,2.73, 10275
01/31/2020,17:19,2.73,2.735,2.73,2.735, 11180
01/31/2020,17:20,2.73,2.735,2.73,2.735, 3325
01/31/2020,17:21,2.73,2.735,2.73,2.735, 7446
01/31/2020,17:21,2.73,2.73,2.73,2.73, 8541
01/31/2020,17:23,2.73,2.73,2.73,2.73, 3576
01/31/2020,17:24,2.73,2.73,2.73,2.73, 25066
01/31/2020,17:25,2.73,2.735,2.73,2.73, 23297
01/31/2020,17:26,2.73,2.73,2.73,2.73, 24794
01/31/2020,17:27,2.73,2.73,2.73,2.73, 29433
01/31/2020,17:27,2.73,2.73,2.73,2.73, 21070
01/31/2020,17:29,2.73,2.73,2.725,2.725, 40443
01/31/2020,17:30,2.725,2.725,2.725,2.725, 3543
01/31/2020,17:36,2.73,2.73,2.73,2.73, 207728

