02/03/2020,01:24,500,500,498,499, 13200
02/03/2020,01:25,499,499,499,499, 200
02/03/2020,01:26,499,500,499,500, 400
02/03/2020,01:26,499,499,499,499, 500
02/03/2020,01:29,500,500,500,500, 3600
02/03/2020,01:30,501,501,501,501, 100
02/03/2020,01:31,501,501,501,501, 1000
02/03/2020,01:32,501,502,501,502, 300
02/03/2020,01:33,503,503,503,503, 100
02/03/2020,01:34,502,502,502,502, 100
02/03/2020,01:37,501,501,501,501, 3300
02/03/2020,01:37,501,501,501,501, 100
02/03/2020,01:39,501,501,501,501, 100
02/03/2020,01:41,502,502,500,500, 3000
02/03/2020,01:42,502,503,502,503, 1600
02/03/2020,01:44,503,503,503,503, 3400
02/03/2020,01:46,503,504,503,504, 700
02/03/2020,01:51,504,505,504,504, 3500
02/03/2020,01:52,503,504,503,504, 2400
02/03/2020,01:53,504,504,504,504, 2200
02/03/2020,01:55,505,505,505,505, 100
02/03/2020,01:56,505,505,505,505, 900
02/03/2020,01:57,505,505,505,505, 300
02/03/2020,02:00,505,505,505,505, 500
02/03/2020,02:01,505,506,505,506, 2000
02/03/2020,02:02,506,506,506,506, 200
02/03/2020,02:03,506,506,506,506, 100
02/03/2020,02:04,506,506,506,506, 2400
02/03/2020,02:06,505,506,505,506, 2600
02/03/2020,02:09,507,507,507,507, 100
02/03/2020,02:11,506,506,505,505, 1600
02/03/2020,02:12,505,505,505,505, 100
02/03/2020,02:12,505,505,505,505, 1100
02/03/2020,02:21,505,505,505,505, 3200
02/03/2020,02:22,505,505,505,505, 1300
02/03/2020,02:23,505,505,503,503, 4400
02/03/2020,02:25,503,503,503,503, 1000
02/03/2020,02:28,503,503,503,503, 1600
02/03/2020,02:29,503,503,503,503, 1200
02/03/2020,02:34,503,503,503,503, 1500
02/03/2020,02:35,503,503,503,503, 500
02/03/2020,02:36,503,503,503,503, 2700
02/03/2020,02:37,503,503,503,503, 200
02/03/2020,02:40,503,503,502,502, 1800
02/03/2020,02:44,503,503,503,503, 1200
02/03/2020,02:45,503,503,503,503, 600
02/03/2020,02:51,504,504,503,503, 3200
02/03/2020,02:52,504,505,504,505, 5300
02/03/2020,02:53,505,505,505,505, 300
02/03/2020,02:56,506,506,506,506, 1800
02/03/2020,03:08,506,506,506,506, 5000
02/03/2020,03:13,506,506,506,506, 1100
02/03/2020,03:16,506,506,506,506, 900
02/03/2020,03:18,506,506,506,506, 200
02/03/2020,03:20,507,507,507,507, 7300
02/03/2020,03:21,507,508,507,508, 3600
02/03/2020,03:24,509,509,509,509, 100
02/03/2020,03:24,508,508,507,508, 2300
02/03/2020,03:26,508,508,508,508, 100
02/03/2020,03:26,508,508,507,507, 3200
02/03/2020,03:28,508,508,508,508, 1000
02/03/2020,03:33,508,508,508,508, 1900
02/03/2020,03:35,508,508,508,508, 500
02/03/2020,03:39,509,509,509,509, 3500
02/03/2020,03:46,510,510,510,510, 2400
02/03/2020,03:47,509,509,509,509, 2700
02/03/2020,03:48,509,509,509,509, 100
02/03/2020,03:50,510,510,510,510, 100
02/03/2020,04:51,512,512,511,511, 8300
02/03/2020,04:52,511,511,511,511, 2100
02/03/2020,05:06,511,511,511,511, 100
02/03/2020,05:07,511,511,511,511, 2700
02/03/2020,05:10,511,511,511,511, 100
02/03/2020,05:12,511,511,511,511, 100
02/03/2020,05:14,512,512,512,512, 5700
02/03/2020,05:21,512,513,511,512, 4500
02/03/2020,05:22,512,512,512,512, 3300
02/03/2020,05:23,512,512,512,512, 1800
02/03/2020,05:24,512,512,511,511, 1400
02/03/2020,05:33,511,511,511,511, 2400
02/03/2020,05:42,512,512,512,512, 100
02/03/2020,05:49,511,511,511,511, 2700
02/03/2020,05:51,511,512,511,511, 3300
02/03/2020,05:54,511,511,511,511, 100
02/03/2020,06:05,511,511,511,511, 1800
02/03/2020,06:06,510,510,510,510, 100
02/03/2020,06:10,510,510,510,510, 2500
02/03/2020,06:21,511,511,511,511, 3100
02/03/2020,06:21,511,511,511,511, 100
02/03/2020,06:25,511,511,511,511, 200
02/03/2020,06:27,511,511,511,511, 100
02/03/2020,06:28,511,511,511,511, 200
02/03/2020,06:30,511,511,511,511, 200
02/03/2020,06:31,511,511,511,511, 100
02/03/2020,06:32,511,511,511,511, 100
02/03/2020,06:33,511,511,511,511, 200
02/03/2020,06:34,510,510,510,510, 200
02/03/2020,06:36,511,511,511,511, 300
02/03/2020,06:37,511,511,511,511, 800
02/03/2020,06:38,511,511,510,510, 4000
02/03/2020,06:39,511,511,511,511, 200
02/03/2020,06:40,511,511,511,511, 300
02/03/2020,06:42,511,511,511,511, 200
02/03/2020,06:43,511,511,510,510, 2200
02/03/2020,06:46,511,511,511,511, 100
02/03/2020,06:51,511,512,511,511, 5400
02/03/2020,06:52,511,511,510,510, 4000
02/03/2020,06:55,510,510,510,510, 100
02/03/2020,07:08,510,510,510,510, 100
02/03/2020,07:11,510,510,509,510, 3600
02/03/2020,07:12,509,509,509,509, 100
02/03/2020,07:15,510,510,510,510, 200
02/03/2020,07:17,510,510,509,509, 200
02/03/2020,07:18,510,510,510,510, 100
02/03/2020,07:19,509,510,509,510, 300
02/03/2020,07:20,510,510,510,510, 600
02/03/2020,07:21,509,509,508,508, 34900
02/04/2020,01:21,505,506,505,506, 7400
02/04/2020,01:22,507,509,507,509, 3500
02/04/2020,01:23,509,509,509,509, 1000
02/04/2020,01:24,509,509,509,509, 700
02/04/2020,01:25,509,509,509,509, 1400
02/04/2020,01:28,509,509,509,509, 600
02/04/2020,01:28,508,508,508,508, 100
02/04/2020,01:30,509,509,509,509, 800
02/04/2020,01:31,509,510,509,510, 2600
02/04/2020,01:32,510,510,510,510, 1400
02/04/2020,01:34,509,509,509,509, 1600
02/04/2020,01:37,509,509,509,509, 3300
02/04/2020,01:40,510,510,510,510, 900
02/04/2020,01:42,511,511,510,510, 300
02/04/2020,01:44,511,511,510,510, 2000
02/04/2020,01:47,510,510,510,510, 1200
02/04/2020,01:49,510,510,510,510, 2000
02/04/2020,01:50,510,510,510,510, 100
02/04/2020,01:51,509,509,509,509, 200
02/04/2020,01:54,509,511,509,509, 4200
02/04/2020,01:55,510,510,510,510, 1100
02/04/2020,01:56,510,510,510,510, 100
02/04/2020,02:04,510,510,509,509, 2500
02/04/2020,02:05,510,510,510,510, 1200
02/04/2020,02:08,510,510,510,510, 1600
02/04/2020,02:08,510,510,510,510, 900
02/04/2020,02:16,510,510,510,510, 1400
02/04/2020,02:17,511,513,511,512, 6200
02/04/2020,02:21,512,513,512,512, 4600
02/04/2020,02:26,512,512,512,512, 3400
02/04/2020,02:27,512,512,512,512, 700
02/04/2020,02:28,512,512,512,512, 100
02/04/2020,02:30,512,512,512,512, 100
02/04/2020,02:32,513,513,513,513, 200
02/04/2020,02:32,513,513,513,513, 100
02/04/2020,02:35,513,515,513,515, 11100
02/04/2020,02:35,515,515,515,515, 200
02/04/2020,02:38,514,514,513,513, 4900
02/04/2020,02:39,513,513,512,512, 1200
02/04/2020,02:41,513,513,513,513, 200
02/04/2020,02:42,513,513,513,513, 2000
02/04/2020,02:44,513,513,513,513, 200
02/04/2020,02:46,513,513,512,512, 300
02/04/2020,02:47,513,514,513,514, 300
02/04/2020,02:51,514,514,513,513, 5000
02/04/2020,02:52,514,514,514,514, 100
02/04/2020,02:54,514,515,514,515, 500
02/04/2020,02:59,515,516,514,514, 6800
02/04/2020,03:06,515,515,515,515, 4500
02/04/2020,03:07,515,515,515,515, 900
02/04/2020,03:07,515,515,515,515, 100
02/04/2020,03:09,515,515,514,515, 1600
02/04/2020,03:11,515,515,515,515, 100
02/04/2020,03:12,515,515,515,515, 100
02/04/2020,03:14,515,515,515,515, 800
02/04/2020,03:17,515,515,515,515, 100
02/04/2020,03:18,515,515,515,515, 1700
02/04/2020,03:20,515,515,515,515, 100
02/04/2020,03:21,514,515,514,515, 3900
02/04/2020,03:22,515,515,515,515, 1700
02/04/2020,03:26,516,516,514,515, 2400
02/04/2020,03:28,515,515,515,515, 300
02/04/2020,03:31,515,515,515,515, 600
02/04/2020,03:35,514,514,514,514, 100
02/04/2020,03:36,514,514,513,513, 4200
02/04/2020,03:38,514,514,514,514, 3800
02/04/2020,03:39,514,514,514,514, 300
02/04/2020,03:43,514,514,514,514, 500
02/04/2020,03:46,513,513,512,512, 6100
02/04/2020,03:47,513,513,513,513, 900
02/04/2020,03:48,513,513,513,513, 800
02/04/2020,04:51,514,514,514,514, 10500
02/04/2020,04:52,515,516,515,516, 1800
02/04/2020,04:53,516,516,516,516, 100
02/04/2020,04:54,516,516,516,516, 100
02/04/2020,04:56,516,516,516,516, 3300
02/04/2020,04:59,517,517,517,517, 200
02/04/2020,05:02,517,517,517,517, 5700
02/04/2020,05:02,517,517,517,517, 500
02/04/2020,05:04,517,517,517,517, 300
02/04/2020,05:05,517,517,517,517, 1300
02/04/2020,05:06,517,517,517,517, 2500
02/04/2020,05:08,517,517,517,517, 200
02/04/2020,05:09,517,517,516,517, 1800
02/04/2020,05:12,517,517,517,517, 100
02/04/2020,05:13,517,517,517,517, 3500
02/04/2020,05:18,517,517,516,516, 3400
02/04/2020,05:20,517,517,517,517, 100
02/04/2020,05:21,517,517,517,517, 3600
02/04/2020,05:23,517,517,517,517, 700
02/04/2020,05:23,518,518,518,518, 100
02/04/2020,05:25,517,517,517,517, 1300
02/04/2020,05:28,516,516,516,516, 2400
02/04/2020,05:31,516,516,516,516, 300
02/04/2020,05:33,516,516,516,516, 200
02/04/2020,05:41,517,517,517,517, 200
02/04/2020,05:41,517,517,517,517, 100
02/04/2020,05:45,516,516,516,516, 700
02/04/2020,05:52,517,518,517,517, 6400
02/04/2020,05:53,517,517,517,517, 1000
02/04/2020,05:58,518,519,518,519, 8700
02/04/2020,05:59,519,519,519,519, 2100
02/04/2020,06:01,518,518,518,518, 100
02/04/2020,06:09,518,518,517,517, 6800
02/04/2020,06:11,518,518,518,518, 100
02/04/2020,06:13,518,518,518,518, 1700
02/04/2020,06:18,519,519,519,519, 600
02/04/2020,06:21,519,519,518,518, 8900
02/04/2020,06:24,518,518,518,518, 200
02/04/2020,06:30,519,519,519,519, 200
02/04/2020,06:31,518,518,518,518, 100
02/04/2020,06:38,519,519,519,519, 400
02/04/2020,06:40,519,519,519,519, 6200
02/04/2020,06:42,519,519,519,519, 200
02/04/2020,06:48,520,520,520,520, 200
02/04/2020,06:49,520,520,520,520, 100
02/04/2020,06:51,520,520,519,520, 3200
02/04/2020,06:54,520,521,520,521, 10500
02/04/2020,06:55,520,520,519,519, 5500
02/04/2020,06:56,520,520,520,520, 100
02/04/2020,06:56,520,520,520,520, 100
02/04/2020,07:02,520,520,520,520, 100
02/04/2020,07:03,520,520,520,520, 100
02/04/2020,07:08,520,520,520,520, 100
02/04/2020,07:11,520,520,520,520, 1200
02/04/2020,07:16,520,520,519,519, 300
02/04/2020,07:17,519,519,519,519, 600
02/04/2020,07:18,519,520,519,519, 400
02/04/2020,07:19,520,520,519,519, 600
02/04/2020,07:20,520,520,519,520, 8400
02/04/2020,07:21,519,521,519,521, 52400
02/05/2020,01:21,524,524,522,522, 14600
02/05/2020,01:22,523,523,522,522, 1200
02/05/2020,01:23,523,523,523,523, 900
02/05/2020,01:24,524,524,522,522, 1100
02/05/2020,01:25,521,521,521,521, 2800
02/05/2020,01:26,521,521,521,521, 200
02/05/2020,01:28,520,520,520,520, 2300
02/05/2020,01:29,520,520,520,520, 5800
02/05/2020,01:31,521,521,521,521, 1300
02/05/2020,01:32,522,522,522,522, 1600
02/05/2020,01:33,523,523,523,523, 200
02/05/2020,01:36,524,524,524,524, 2000
02/05/2020,01:36,525,525,525,525, 1500
02/05/2020,01:38,524,524,524,524, 1200
02/05/2020,01:40,524,524,524,524, 2000
02/05/2020,01:41,523,523,523,523, 100
02/05/2020,01:42,523,523,522,522, 1500
02/05/2020,01:46,523,523,523,523, 2000
02/05/2020,01:47,524,524,523,523, 1000
02/05/2020,01:47,523,523,523,523, 100
02/05/2020,01:48,523,523,523,523, 1900
02/05/2020,01:51,523,524,523,524, 4500
02/05/2020,01:52,524,524,524,524, 1900
02/05/2020,01:55,524,524,524,524, 700
02/05/2020,01:57,523,523,523,523, 400
02/05/2020,02:05,523,523,523,523, 3400
02/05/2020,02:07,522,522,522,522, 1100
02/05/2020,02:11,523,523,523,523, 3100
02/05/2020,02:13,523,523,523,523, 1400
02/05/2020,02:14,523,523,523,523, 100
02/05/2020,02:18,523,523,523,523, 1100
02/05/2020,02:21,523,524,523,523, 3100
02/05/2020,02:23,523,523,523,523, 100
02/05/2020,02:33,522,522,522,522, 1700
02/05/2020,02:35,522,522,522,522, 200
02/05/2020,02:36,522,522,522,522, 200
02/05/2020,02:41,523,523,523,523, 1100
02/05/2020,02:41,523,523,523,523, 100
02/05/2020,02:44,524,524,524,524, 200
02/05/2020,02:51,524,524,524,524, 4300
02/05/2020,02:52,524,524,524,524, 100
02/05/2020,02:54,524,524,524,524, 100
02/05/2020,02:54,524,524,524,524, 1900
02/05/2020,02:57,524,524,524,524, 100
02/05/2020,03:03,524,524,524,524, 2300
02/05/2020,03:08,524,525,524,525, 1700
02/05/2020,03:14,524,525,524,525, 3000
02/05/2020,03:19,525,525,525,525, 1800
02/05/2020,03:21,525,526,525,526, 3000
02/05/2020,03:23,525,525,525,525, 1100
02/05/2020,03:28,525,525,525,525, 1600
02/05/2020,03:30,525,526,525,526, 600
02/05/2020,03:39,525,525,525,525, 100
02/05/2020,03:40,525,525,525,525, 100
02/05/2020,03:41,525,525,525,525, 100
02/05/2020,03:42,525,525,525,525, 100
02/05/2020,03:46,525,525,525,525, 100
02/05/2020,03:48,525,525,525,525, 1000
02/05/2020,03:50,525,525,524,524, 1100
02/05/2020,03:50,524,524,524,524, 1900
02/05/2020,04:51,526,526,525,525, 5000
02/05/2020,04:51,525,526,525,526, 4600
02/05/2020,04:52,525,525,525,525, 100
02/05/2020,04:55,525,525,525,525, 100
02/05/2020,04:56,526,527,526,527, 6700
02/05/2020,05:01,527,528,527,528, 2100
02/05/2020,05:06,527,527,527,527, 200
02/05/2020,05:09,527,527,527,527, 1400
02/05/2020,05:13,527,527,527,527, 1700
02/05/2020,05:15,526,526,526,526, 100
02/05/2020,05:17,526,527,526,527, 4100
02/05/2020,05:18,526,526,526,526, 100
02/05/2020,05:21,527,527,527,527, 3200
02/05/2020,05:26,527,527,527,527, 1600
02/05/2020,05:26,527,528,527,528, 400
02/05/2020,05:29,528,529,528,529, 5300
02/05/2020,05:32,528,528,528,528, 2500
02/05/2020,05:36,528,528,528,528, 600
02/05/2020,05:39,528,528,528,528, 500
02/05/2020,05:41,527,527,527,527, 900
02/05/2020,05:51,527,527,527,527, 100
02/05/2020,05:52,527,527,527,527, 100
02/05/2020,05:54,527,527,527,527, 100
02/05/2020,05:54,528,528,526,526, 6500
02/05/2020,05:58,526,526,526,526, 5200
02/05/2020,06:06,527,527,527,527, 3200
02/05/2020,06:07,527,528,527,528, 900
02/05/2020,06:07,527,527,527,527, 1200
02/05/2020,06:09,527,527,527,527, 100
02/05/2020,06:10,527,527,527,527, 1100
02/05/2020,06:11,527,527,527,527, 1300
02/05/2020,06:20,527,527,526,526, 600
02/05/2020,06:21,527,528,527,527, 3300
02/05/2020,06:21,527,528,527,528, 1000
02/05/2020,06:26,527,527,527,527, 1300
02/05/2020,06:39,526,526,526,526, 300
02/05/2020,06:40,526,526,526,526, 3400
02/05/2020,06:43,527,527,527,527, 1100
02/05/2020,06:46,526,526,526,526, 100
02/05/2020,06:53,527,527,527,527, 1000
02/05/2020,06:57,526,527,526,527, 3400
02/05/2020,07:06,526,526,526,526, 300
02/05/2020,07:08,526,526,525,526, 5300
02/05/2020,07:11,526,526,524,525, 14400
02/05/2020,07:12,525,526,525,525, 7500
02/05/2020,07:12,525,525,525,525, 100
02/05/2020,07:16,525,525,525,525, 100
02/05/2020,07:18,525,525,525,525, 400
02/05/2020,07:19,525,525,525,525, 400
02/05/2020,07:20,525,526,525,525, 2300
02/05/2020,07:21,524,524,524,524, 37600
02/06/2020,01:21,531,531,531,531, 10700
02/06/2020,01:22,532,533,531,531, 13300
02/06/2020,01:23,531,531,530,531, 4700
02/06/2020,01:24,531,531,530,530, 1100
02/06/2020,01:25,531,531,531,531, 1200
02/06/2020,01:28,532,533,532,533, 6800
02/06/2020,01:30,533,535,533,535, 6800
02/06/2020,01:31,535,535,535,535, 600
02/06/2020,01:32,534,535,534,535, 1000
02/06/2020,01:34,534,534,534,534, 500
02/06/2020,01:36,534,534,534,534, 1400
02/06/2020,01:39,535,535,535,535, 1000
02/06/2020,01:40,535,535,535,535, 1400
02/06/2020,01:41,535,535,535,535, 200
02/06/2020,01:42,536,536,536,536, 100
02/06/2020,01:45,535,535,535,535, 300
02/06/2020,01:46,535,535,534,534, 4400
02/06/2020,01:49,534,534,534,534, 1400
02/06/2020,01:51,534,535,534,535, 2700
02/06/2020,01:52,535,535,535,535, 400
02/06/2020,01:54,535,535,535,535, 1000
02/06/2020,01:56,535,535,535,535, 300
02/06/2020,01:57,535,535,535,535, 700
02/06/2020,01:59,536,537,536,537, 7000
02/06/2020,02:03,536,536,535,535, 2400
02/06/2020,02:03,536,536,536,536, 100
02/06/2020,02:08,536,536,536,536, 100
02/06/2020,02:12,536,536,536,536, 400
02/06/2020,02:13,536,536,536,536, 800
02/06/2020,02:15,536,536,536,536, 600
02/06/2020,02:16,536,536,536,536, 400
02/06/2020,02:17,536,536,536,536, 300
02/06/2020,02:18,535,535,535,535, 100
02/06/2020,02:20,535,536,535,535, 900
02/06/2020,02:22,535,535,535,535, 1500
02/06/2020,02:25,534,535,534,534, 2100
02/06/2020,02:27,535,535,535,535, 2300
02/06/2020,02:36,534,535,534,535, 5200
02/06/2020,02:38,535,535,535,535, 1100
02/06/2020,02:39,535,535,535,535, 800
02/06/2020,02:45,536,536,536,536, 1200
02/06/2020,02:45,536,536,536,536, 100
02/06/2020,02:49,536,536,536,536, 1500
02/06/2020,02:51,535,536,535,536, 800
02/06/2020,02:52,535,535,535,535, 200
02/06/2020,02:54,534,534,534,534, 100
02/06/2020,02:57,535,535,535,535, 100
02/06/2020,03:00,535,535,535,535, 1600
02/06/2020,03:02,535,535,535,535, 200
02/06/2020,03:03,534,535,534,535, 3200
02/06/2020,03:04,534,534,534,534, 1000
02/06/2020,03:05,534,535,534,535, 800
02/06/2020,03:05,534,534,534,534, 400
02/06/2020,03:16,533,533,533,533, 100
02/06/2020,03:19,533,533,533,533, 100
02/06/2020,03:21,534,534,534,534, 1600
02/06/2020,03:21,534,534,534,534, 1000
02/06/2020,03:32,534,534,534,534, 100
02/06/2020,03:34,534,534,534,534, 100
02/06/2020,03:38,534,534,534,534, 100
02/06/2020,03:44,534,534,534,534, 100
02/06/2020,03:45,535,535,535,535, 1700
02/06/2020,03:46,535,535,535,535, 1000
02/06/2020,03:47,535,535,535,535, 900
02/06/2020,03:50,535,535,535,535, 200
02/06/2020,04:51,535,536,535,536, 4900
02/06/2020,04:52,535,535,534,534, 6700
02/06/2020,04:54,534,534,533,533, 2200
02/06/2020,04:58,534,535,534,534, 3400
02/06/2020,05:02,535,536,535,536, 1900
02/06/2020,05:02,535,535,535,535, 200
02/06/2020,05:03,535,535,535,535, 100
02/06/2020,05:06,536,536,536,536, 900
02/06/2020,05:08,535,535,535,535, 200
02/06/2020,05:09,536,536,536,536, 200
02/06/2020,05:13,535,535,535,535, 300
02/06/2020,05:14,535,535,535,535, 1400
02/06/2020,05:15,535,535,535,535, 1700
02/06/2020,05:20,535,535,535,535, 2300
02/06/2020,05:21,535,535,535,535, 800
02/06/2020,05:22,535,535,535,535, 300
02/06/2020,05:23,535,535,535,535, 900
02/06/2020,05:23,535,535,535,535, 100
02/06/2020,05:24,535,535,535,535, 800
02/06/2020,05:30,535,535,535,535, 100
02/06/2020,05:31,536,536,536,536, 100
02/06/2020,05:34,535,537,535,537, 3200
02/06/2020,05:35,537,537,537,537, 200
02/06/2020,05:36,536,536,536,536, 100
02/06/2020,05:44,537,538,537,537, 6000
02/06/2020,05:46,537,537,537,537, 800
02/06/2020,05:47,537,537,537,537, 100
02/06/2020,05:51,537,537,537,537, 2900
02/06/2020,05:52,537,538,536,537, 13500
02/06/2020,05:55,537,537,537,537, 1900
02/06/2020,05:56,537,537,537,537, 300
02/06/2020,05:56,537,538,537,538, 400
02/06/2020,05:57,537,537,537,537, 400
02/06/2020,05:58,537,537,537,537, 1000
02/06/2020,06:04,537,537,537,537, 3700
02/06/2020,06:06,537,537,537,537, 100
02/06/2020,06:10,536,536,536,536, 100
02/06/2020,06:16,536,537,536,536, 5000
02/06/2020,06:16,536,536,536,536, 100
02/06/2020,06:17,536,536,536,536, 1400
02/06/2020,06:20,536,536,536,536, 100
02/06/2020,06:21,536,537,536,536, 5500
02/06/2020,06:23,536,536,536,536, 1900
02/06/2020,06:24,536,536,536,536, 600
02/06/2020,06:25,536,536,536,536, 200
02/06/2020,06:31,535,535,535,535, 200
02/06/2020,06:33,536,536,536,536, 900
02/06/2020,06:34,536,536,536,536, 100
02/06/2020,06:36,535,535,535,535, 3800
02/06/2020,06:39,535,535,535,535, 1800
02/06/2020,06:39,535,535,535,535, 400
02/06/2020,06:40,535,535,535,535, 200
02/06/2020,06:42,535,535,535,535, 200
02/06/2020,06:42,535,535,535,535, 100
02/06/2020,06:44,535,535,535,535, 300
02/06/2020,06:44,535,535,535,535, 100
02/06/2020,06:54,535,536,535,536, 4100
02/06/2020,06:57,536,536,536,536, 3700
02/06/2020,07:00,535,535,535,535, 6900
02/06/2020,07:01,535,535,534,535, 2700
02/06/2020,07:03,534,534,534,534, 200
02/06/2020,07:08,535,536,535,535, 4500
02/06/2020,07:09,535,535,535,535, 1700
02/06/2020,07:11,535,535,535,535, 1000
02/06/2020,07:12,536,536,535,535, 500
02/06/2020,07:13,535,535,535,535, 5200
02/06/2020,07:14,535,535,535,535, 1900
02/06/2020,07:18,535,535,535,535, 1900
02/06/2020,07:19,535,535,535,535, 1600
02/06/2020,07:20,535,535,534,534, 5200
02/06/2020,07:21,535,535,533,534, 78000
02/07/2020,01:21,526,526,525,525, 46900
02/07/2020,01:22,525,525,525,525, 1600
02/07/2020,01:23,525,525,525,525, 1000
02/07/2020,01:23,525,525,525,525, 900
02/07/2020,01:25,526,526,526,526, 400
02/07/2020,01:29,526,526,526,526, 600
02/07/2020,01:29,526,526,526,526, 1100
02/07/2020,01:31,526,526,526,526, 5400
02/07/2020,01:31,525,526,525,525, 3700
02/07/2020,01:32,526,526,526,526, 600
02/07/2020,01:33,527,527,527,527, 800
02/07/2020,01:35,527,527,527,527, 800
02/07/2020,01:37,527,527,527,527, 2200
02/07/2020,01:38,526,526,526,526, 9700
02/07/2020,01:39,526,526,526,526, 100
02/07/2020,01:41,526,526,526,526, 3200
02/07/2020,01:41,526,526,526,526, 900
02/07/2020,01:43,526,526,526,526, 2100
02/07/2020,01:44,525,525,525,525, 600
02/07/2020,01:45,526,526,526,526, 3200
02/07/2020,01:48,526,526,526,526, 1900
02/07/2020,01:48,525,525,525,525, 2800
02/07/2020,01:51,524,524,524,524, 700
02/07/2020,01:55,525,525,525,525, 100
02/07/2020,01:55,525,525,525,525, 100
02/07/2020,01:57,524,524,524,524, 200
02/07/2020,01:59,524,524,524,524, 4500
02/07/2020,02:00,524,524,524,524, 100
02/07/2020,02:05,523,523,523,523, 8400
02/07/2020,02:08,522,522,521,521, 9400
02/07/2020,02:09,522,522,522,522, 100
02/07/2020,02:11,522,522,522,522, 2900
02/07/2020,02:14,522,522,522,522, 1800
02/07/2020,02:22,522,522,522,522, 100
02/07/2020,02:25,523,523,523,523, 100
02/07/2020,02:25,523,523,523,523, 100
02/07/2020,02:27,523,523,523,523, 4100
02/07/2020,02:30,522,522,522,522, 4900
02/07/2020,02:30,522,522,522,522, 500
02/07/2020,02:31,522,522,522,522, 3900
02/07/2020,02:35,523,523,523,523, 1900
02/07/2020,02:38,524,524,524,524, 1000
02/07/2020,02:45,524,524,524,524, 100
02/07/2020,02:48,524,524,524,524, 200
02/07/2020,02:51,523,523,523,523, 100
02/07/2020,02:52,524,524,524,524, 4000
02/07/2020,02:53,523,523,523,523, 4000
02/07/2020,02:54,522,522,522,522, 500
02/07/2020,03:01,522,522,522,522, 500
02/07/2020,03:02,522,523,522,523, 600
02/07/2020,03:02,522,522,522,522, 2200
02/07/2020,03:03,522,522,522,522, 100
02/07/2020,03:07,521,521,521,521, 1200
02/07/2020,03:09,521,521,521,521, 18500
02/07/2020,03:10,521,521,520,520, 7200
02/07/2020,03:10,520,520,520,520, 200
02/07/2020,03:12,521,521,521,521, 200
02/07/2020,03:13,521,521,521,521, 300
02/07/2020,03:17,521,521,521,521, 100
02/07/2020,03:20,520,520,520,520, 5100
02/07/2020,03:21,520,520,520,520, 100
02/07/2020,03:23,521,522,521,522, 2900
02/07/2020,03:27,522,522,522,522, 1500
02/07/2020,03:29,523,523,523,523, 1100
02/07/2020,03:31,524,524,524,524, 500
02/07/2020,03:37,524,524,524,524, 300
02/07/2020,03:41,523,523,523,523, 3500
02/07/2020,03:42,523,523,523,523, 1000
02/07/2020,03:44,523,524,523,524, 600
02/07/2020,03:45,523,523,523,523, 100
02/07/2020,03:47,524,524,523,523, 400
02/07/2020,03:48,523,523,523,523, 1500
02/07/2020,03:50,522,522,522,522, 100
02/07/2020,03:51,523,524,523,524, 400
02/07/2020,04:51,524,524,523,523, 5000
02/07/2020,04:51,523,523,523,523, 1400
02/07/2020,04:52,523,523,523,523, 800
02/07/2020,04:53,522,522,522,522, 500
02/07/2020,04:58,522,522,522,522, 1900
02/07/2020,05:05,521,521,521,521, 100
02/07/2020,05:05,522,522,522,522, 1400
02/07/2020,05:07,523,523,523,523, 1000
02/07/2020,05:08,523,523,523,523, 2000
02/07/2020,05:11,524,524,524,524, 100
02/07/2020,05:16,523,524,523,523, 4800
02/07/2020,05:18,523,523,523,523, 500
02/07/2020,05:19,523,523,523,523, 100
02/07/2020,05:19,523,523,523,523, 100
02/07/2020,05:21,523,524,523,524, 5900
02/07/2020,05:22,525,525,525,525, 4400
02/07/2020,05:22,525,525,525,525, 600
02/07/2020,05:23,525,525,525,525, 300
02/07/2020,05:26,525,525,525,525, 1200
02/07/2020,05:27,525,525,525,525, 1600
02/07/2020,05:28,525,525,525,525, 300
02/07/2020,05:30,525,525,525,525, 500
02/07/2020,05:33,525,526,525,525, 1300
02/07/2020,05:34,525,525,525,525, 100
02/07/2020,05:37,526,526,526,526, 4300
02/07/2020,05:38,525,525,525,525, 2200
02/07/2020,05:41,525,525,525,525, 800
02/07/2020,05:42,524,524,524,524, 800
02/07/2020,05:46,525,525,525,525, 1200
02/07/2020,05:48,525,525,525,525, 3800
02/07/2020,05:50,525,525,525,525, 1300
02/07/2020,05:51,525,525,525,525, 200
02/07/2020,05:53,525,525,525,525, 800
02/07/2020,05:55,525,525,525,525, 400
02/07/2020,05:56,525,525,525,525, 400
02/07/2020,05:58,525,525,525,525, 900
02/07/2020,05:59,526,526,526,526, 100
02/07/2020,06:00,525,525,525,525, 600
02/07/2020,06:02,525,525,525,525, 800
02/07/2020,06:02,525,525,525,525, 200
02/07/2020,06:06,525,525,525,525, 200
02/07/2020,06:06,525,525,525,525, 100
02/07/2020,06:09,525,525,525,525, 300
02/07/2020,06:13,525,525,525,525, 100
02/07/2020,06:20,526,526,526,526, 6200
02/07/2020,06:23,526,526,526,526, 2600
02/07/2020,06:23,526,526,526,526, 1300
02/07/2020,06:25,526,526,526,526, 100
02/07/2020,06:29,526,526,526,526, 1000
02/07/2020,06:33,526,526,526,526, 100
02/07/2020,06:38,526,526,526,526, 1400
02/07/2020,06:38,526,526,526,526, 100
02/07/2020,06:43,526,526,526,526, 300
02/07/2020,06:47,527,527,527,527, 100
02/07/2020,06:52,526,526,526,526, 6400
02/07/2020,06:52,526,526,526,526, 400
02/07/2020,07:01,526,526,526,526, 4500
02/07/2020,07:02,527,527,527,527, 8000
02/07/2020,07:07,526,526,526,526, 14700
02/07/2020,07:08,526,527,526,527, 3000
02/07/2020,07:09,526,526,526,526, 400
02/07/2020,07:10,526,526,526,526, 2000
02/07/2020,07:11,526,526,526,526, 900
02/07/2020,07:13,526,526,526,526, 400
02/07/2020,07:14,526,526,526,526, 200
02/07/2020,07:16,526,527,526,527, 300
02/07/2020,07:16,526,526,526,526, 100
02/07/2020,07:17,526,526,526,526, 200
02/07/2020,07:19,526,526,526,526, 100
02/07/2020,07:20,526,527,525,526, 12300
02/07/2020,07:21,526,527,526,527, 52900
02/10/2020,01:21,521,522,518,518, 17000
02/10/2020,01:22,517,517,515,516, 7600
02/10/2020,01:23,517,517,517,517, 1200
02/10/2020,01:23,517,517,517,517, 100
02/10/2020,01:25,517,517,517,517, 300
02/10/2020,01:26,516,516,515,516, 1900
02/10/2020,01:27,516,517,516,516, 4900
02/10/2020,01:28,518,518,518,518, 1100
02/10/2020,01:29,518,519,518,519, 3300
02/10/2020,01:30,519,519,519,519, 600
02/10/2020,01:32,519,519,519,519, 900
02/10/2020,01:33,519,519,519,519, 200
02/10/2020,01:36,519,519,518,518, 1000
02/10/2020,01:38,517,517,517,517, 100
02/10/2020,01:39,517,517,515,515, 7100
02/10/2020,01:40,516,516,516,516, 3100
02/10/2020,01:41,517,517,516,516, 300
02/10/2020,01:45,516,516,516,516, 1000
02/10/2020,01:46,516,516,516,516, 300
02/10/2020,01:47,517,517,516,517, 4200
02/10/2020,01:48,518,518,518,518, 200
02/10/2020,01:50,517,517,517,517, 1200
02/10/2020,01:52,517,517,517,517, 300
02/10/2020,01:57,517,517,517,517, 2900
02/10/2020,01:59,517,517,517,517, 1600
02/10/2020,02:02,517,517,517,517, 1100
02/10/2020,02:04,517,517,517,517, 200
02/10/2020,02:05,517,518,517,518, 4600
02/10/2020,02:08,518,518,518,518, 800
02/10/2020,02:10,517,517,517,517, 800
02/10/2020,02:12,517,517,517,517, 300
02/10/2020,02:13,517,517,517,517, 400
02/10/2020,02:14,517,517,517,517, 1100
02/10/2020,02:15,517,517,517,517, 300
02/10/2020,02:18,516,516,516,516, 7600
02/10/2020,02:19,516,516,516,516, 5100
02/10/2020,02:22,517,517,517,517, 1400
02/10/2020,02:24,517,517,517,517, 1200
02/10/2020,02:27,517,517,517,517, 300
02/10/2020,02:28,516,516,516,516, 1200
02/10/2020,02:35,516,516,516,516, 300
02/10/2020,02:37,516,516,516,516, 500
02/10/2020,02:38,517,517,517,517, 3300
02/10/2020,02:40,517,517,517,517, 1700
02/10/2020,02:41,517,517,517,517, 2800
02/10/2020,02:46,517,517,517,517, 100
02/10/2020,02:52,516,517,516,517, 2400
02/10/2020,02:54,517,517,517,517, 400
02/10/2020,02:55,517,517,517,517, 2000
02/10/2020,02:58,517,517,517,517, 800
02/10/2020,03:02,517,517,517,517, 1400
02/10/2020,03:05,518,518,518,518, 7100
02/10/2020,03:06,518,518,518,518, 2800
02/10/2020,03:18,518,518,518,518, 500
02/10/2020,03:19,517,518,517,518, 200
02/10/2020,03:25,517,517,517,517, 100
02/10/2020,03:32,517,517,517,517, 100
02/10/2020,03:36,518,518,518,518, 4700
02/10/2020,03:38,518,518,518,518, 100
02/10/2020,03:44,518,518,518,518, 100
02/10/2020,03:46,519,519,519,519, 6700
02/10/2020,03:47,519,519,519,519, 200
02/10/2020,03:50,518,518,518,518, 100
02/10/2020,03:51,519,519,519,519, 200
02/10/2020,04:51,520,520,519,519, 12900
02/10/2020,04:52,518,518,518,518, 1400
02/10/2020,04:53,518,518,518,518, 5500
02/10/2020,04:54,518,518,518,518, 800
02/10/2020,04:56,518,518,518,518, 1900
02/10/2020,04:59,518,518,518,518, 2500
02/10/2020,05:00,519,519,518,518, 4100
02/10/2020,05:02,519,519,519,519, 1400
02/10/2020,05:03,519,519,519,519, 100
02/10/2020,05:06,519,519,519,519, 100
02/10/2020,05:09,518,518,518,518, 4200
02/10/2020,05:15,517,517,517,517, 100
02/10/2020,05:21,517,517,517,517, 100
02/10/2020,05:26,518,518,518,518, 100
02/10/2020,05:34,517,517,517,517, 100
02/10/2020,05:36,517,517,517,517, 7100
02/10/2020,05:37,516,516,516,516, 200
02/10/2020,05:47,516,516,516,516, 100
02/10/2020,05:52,516,516,516,516, 100
02/10/2020,05:53,516,516,516,516, 100
02/10/2020,05:55,516,516,516,516, 100
02/10/2020,05:56,516,516,516,516, 6000
02/10/2020,05:57,516,517,516,516, 6300
02/10/2020,05:57,516,516,516,516, 100
02/10/2020,06:10,516,516,516,516, 100
02/10/2020,06:16,516,517,516,516, 5000
02/10/2020,06:17,516,516,516,516, 1500
02/10/2020,06:20,516,516,516,516, 100
02/10/2020,06:26,516,517,516,516, 2900
02/10/2020,06:27,516,516,516,516, 400
02/10/2020,06:34,516,516,516,516, 4700
02/10/2020,06:35,516,516,516,516, 100
02/10/2020,06:36,516,516,516,516, 100
02/10/2020,06:44,516,516,516,516, 100
02/10/2020,06:46,516,517,516,517, 7800
02/10/2020,06:55,517,517,517,517, 200
02/10/2020,07:01,517,518,517,517, 10700
02/10/2020,07:07,518,518,518,518, 3400
02/10/2020,07:08,518,518,518,518, 9000
02/10/2020,07:13,517,517,517,517, 400
02/10/2020,07:15,517,518,517,518, 11800
02/10/2020,07:19,517,517,517,517, 1800
02/10/2020,07:20,517,518,517,517, 1200
02/10/2020,07:21,518,519,517,517, 40300
02/13/2020,01:21,518,518,518,518, 4600
02/13/2020,01:22,517,517,516,516, 7000
02/13/2020,01:23,516,516,516,516, 500
02/13/2020,01:24,516,516,516,516, 500
02/13/2020,01:27,516,516,516,516, 300
02/13/2020,01:29,516,516,516,516, 2200
02/13/2020,01:33,515,515,514,514, 4400
02/13/2020,01:34,514,514,514,514, 4300
02/13/2020,01:35,514,514,514,514, 2800
02/13/2020,01:37,514,515,514,515, 1800
02/13/2020,01:38,515,515,514,514, 1500
02/13/2020,01:43,514,514,514,514, 1600
02/13/2020,01:46,514,514,514,514, 3200
02/13/2020,01:54,513,513,512,512, 12000
02/13/2020,01:55,513,513,512,513, 3500
02/13/2020,01:56,513,513,513,513, 100
02/13/2020,01:57,513,513,513,513, 100
02/13/2020,01:58,512,512,512,512, 1100
02/13/2020,01:59,512,512,511,511, 6600
02/13/2020,02:00,512,512,512,512, 900
02/13/2020,02:01,512,512,512,512, 2800
02/13/2020,02:02,512,512,512,512, 800
02/13/2020,02:04,512,512,512,512, 200
02/13/2020,02:05,512,512,512,512, 100
02/13/2020,02:09,511,511,510,511, 8800
02/13/2020,02:10,511,511,511,511, 200
02/13/2020,02:11,511,512,511,512, 2900
02/13/2020,02:13,512,512,512,512, 100
02/13/2020,02:15,512,512,511,511, 2200
02/13/2020,02:25,512,512,512,512, 900
02/13/2020,02:31,512,512,512,512, 1300
02/13/2020,02:32,513,513,513,513, 3200
02/13/2020,02:36,514,514,514,514, 300
02/13/2020,02:38,513,514,513,514, 700
02/13/2020,02:41,514,514,514,514, 100
02/13/2020,02:44,513,514,513,514, 200
02/13/2020,02:47,514,514,514,514, 600
02/13/2020,02:53,513,513,512,512, 4200
02/13/2020,02:55,512,512,512,512, 1000
02/13/2020,02:57,512,512,512,512, 100
02/13/2020,02:59,512,512,511,511, 11600
02/13/2020,03:01,511,511,511,511, 100
02/13/2020,03:02,512,512,512,512, 3600
02/13/2020,03:07,513,513,513,513, 3900
02/13/2020,03:08,513,513,513,513, 100
02/13/2020,03:12,514,514,514,514, 2200
02/13/2020,03:13,514,514,514,514, 500
02/13/2020,03:19,514,514,513,514, 2200
02/13/2020,03:20,514,514,514,514, 100
02/13/2020,03:23,514,514,514,514, 900
02/13/2020,03:32,514,514,514,514, 1100
02/13/2020,03:42,513,513,513,513, 100
02/13/2020,03:47,513,513,513,513, 200
02/13/2020,03:49,514,514,514,514, 100
02/13/2020,03:50,513,513,513,513, 100
02/13/2020,03:51,513,513,513,513, 200
02/13/2020,04:51,514,514,514,514, 5700
02/13/2020,04:54,514,514,514,514, 100
02/13/2020,04:57,514,514,512,512, 4100
02/13/2020,05:01,513,513,513,513, 2900
02/13/2020,05:04,513,513,513,513, 2300
02/13/2020,05:09,513,513,513,513, 900
02/13/2020,05:15,512,512,512,512, 8200
02/13/2020,05:16,513,514,513,513, 4200
02/13/2020,05:24,513,513,513,513, 1800
02/13/2020,05:25,514,514,514,514, 2400
02/13/2020,05:35,514,514,514,514, 100
02/13/2020,05:36,513,513,513,513, 100
02/13/2020,05:38,513,514,513,513, 3700
02/13/2020,05:41,513,513,513,513, 300
02/13/2020,05:52,513,513,513,513, 100
02/13/2020,05:54,514,514,514,514, 300
02/13/2020,06:00,513,513,513,513, 200
02/13/2020,06:04,514,514,514,514, 100
02/13/2020,06:05,513,513,513,513, 2000
02/13/2020,06:07,512,512,512,512, 100
02/13/2020,06:09,512,512,512,512, 100
02/13/2020,06:11,513,513,513,513, 100
02/13/2020,06:14,512,512,512,512, 100
02/13/2020,06:15,513,513,513,513, 100
02/13/2020,06:17,512,512,512,512, 500
02/13/2020,06:18,512,513,512,513, 3900
02/13/2020,06:20,512,512,512,512, 100
02/13/2020,06:24,512,512,512,512, 200
02/13/2020,06:27,512,512,512,512, 100
02/13/2020,06:30,512,512,512,512, 200
02/13/2020,06:32,513,514,513,513, 5400
02/13/2020,06:34,513,513,513,513, 1000
02/13/2020,06:35,513,513,513,513, 1500
02/13/2020,06:38,513,513,513,513, 100
02/13/2020,06:42,513,514,513,514, 3700
02/13/2020,06:45,513,513,513,513, 4400
02/13/2020,06:46,513,513,513,513, 800
02/13/2020,06:48,513,513,512,513, 1000
02/13/2020,06:54,512,512,512,512, 5200
02/13/2020,06:55,512,512,512,512, 100
02/13/2020,06:56,512,512,512,512, 2200
02/13/2020,06:57,512,512,512,512, 300
02/13/2020,06:59,512,512,512,512, 100
02/13/2020,07:03,512,512,512,512, 100
02/13/2020,07:04,512,512,512,512, 100
02/13/2020,07:05,512,512,512,512, 400
02/13/2020,07:06,512,512,512,512, 100
02/13/2020,07:09,512,512,512,512, 400
02/13/2020,07:10,512,512,512,512, 100
02/13/2020,07:11,512,512,512,512, 100
02/13/2020,07:12,512,512,512,512, 3900
02/13/2020,07:13,512,512,512,512, 100
02/13/2020,07:14,512,512,512,512, 300
02/13/2020,07:16,512,512,512,512, 100
02/13/2020,07:18,512,514,512,514, 6900
02/13/2020,07:19,513,514,513,513, 3300
02/13/2020,07:20,513,514,513,514, 8400
02/13/2020,07:21,513,514,513,514, 28800
02/14/2020,01:21,513,514,510,511, 32900
02/14/2020,01:22,511,512,511,512, 9100
02/14/2020,01:23,513,513,512,512, 7800
02/14/2020,01:24,512,512,512,512, 300
02/14/2020,01:25,512,512,509,509, 7200
02/14/2020,01:26,509,509,507,507, 1000
02/14/2020,01:27,508,508,506,506, 8300
02/14/2020,01:28,506,506,504,504, 13000
02/14/2020,01:31,504,504,503,503, 4000
02/14/2020,01:32,503,503,502,502, 300
02/14/2020,01:33,502,502,502,502, 1000
02/14/2020,01:34,503,503,502,502, 3300
02/14/2020,01:35,502,502,502,502, 1700
02/14/2020,01:38,502,503,501,502, 3100
02/14/2020,01:39,502,502,501,501, 1600
02/14/2020,01:40,501,502,500,501, 9200
02/14/2020,01:41,501,501,501,501, 100
02/14/2020,01:42,499,500,497,497, 17700
02/14/2020,01:43,498,499,498,499, 4600
02/14/2020,01:44,498,498,498,498, 2800
02/14/2020,01:46,498,498,497,498, 5400
02/14/2020,01:46,498,498,498,498, 1900
02/14/2020,01:49,498,498,498,498, 100
02/14/2020,01:51,499,499,499,499, 5300
02/14/2020,01:52,499,499,499,499, 2900
02/14/2020,01:53,499,499,498,498, 6800
02/14/2020,01:54,499,499,499,499, 1800
02/14/2020,01:55,499,499,498,498, 2200
02/14/2020,01:56,499,499,497,497, 26200
02/14/2020,01:57,497,498,497,498, 10700
02/14/2020,01:58,499,499,499,499, 2100
02/14/2020,01:59,499,499,499,499, 1400
02/14/2020,02:00,500,500,500,500, 4000
02/14/2020,02:01,500,500,499,499, 1200
02/14/2020,02:02,500,500,500,500, 1400
02/14/2020,02:03,500,500,499,499, 500
02/14/2020,02:05,499,499,499,499, 1200
02/14/2020,02:05,500,500,500,500, 100
02/14/2020,02:07,498,499,497,498, 18700
02/14/2020,02:09,498,498,498,498, 500
02/14/2020,02:10,499,499,499,499, 6400
02/14/2020,02:11,499,499,499,499, 800
02/14/2020,02:12,499,499,499,499, 500
02/14/2020,02:13,499,499,499,499, 200
02/14/2020,02:14,500,500,499,499, 9800
02/14/2020,02:16,499,499,499,499, 100
02/14/2020,02:17,499,499,499,499, 100
02/14/2020,02:19,499,500,499,500, 1600
02/14/2020,02:21,499,500,499,499, 3600
02/14/2020,02:22,499,499,499,499, 100
02/14/2020,02:23,499,499,498,499, 7200
02/14/2020,02:24,499,499,499,499, 100
02/14/2020,02:25,499,499,498,499, 6500
02/14/2020,02:26,499,499,498,498, 1300
02/14/2020,02:28,498,498,498,498, 200
02/14/2020,02:29,499,499,498,498, 2200
02/14/2020,02:30,498,498,498,498, 300
02/14/2020,02:31,498,498,498,498, 400
02/14/2020,02:35,498,499,498,498, 300
02/14/2020,02:38,498,498,498,498, 100
02/14/2020,02:41,499,499,498,498, 700
02/14/2020,02:44,498,499,498,499, 700
02/14/2020,02:45,499,499,499,499, 1000
02/14/2020,02:46,499,499,498,498, 5500
02/14/2020,02:47,499,499,499,499, 100
02/14/2020,02:48,499,499,499,499, 400
02/14/2020,02:49,499,499,499,499, 2800
02/14/2020,02:51,499,500,499,500, 6200
02/14/2020,02:52,500,500,500,500, 100
02/14/2020,02:53,499,499,499,499, 900
02/14/2020,02:54,500,500,499,500, 4700
02/14/2020,02:55,500,500,499,500, 3600
02/14/2020,02:59,501,501,500,501, 5200
02/14/2020,03:06,501,501,501,501, 2000
02/14/2020,03:07,500,500,500,500, 100
02/14/2020,03:08,500,500,499,500, 23100
02/14/2020,03:09,500,500,500,500, 100
02/14/2020,03:12,500,500,499,499, 600
02/14/2020,03:15,499,499,499,499, 100
02/14/2020,03:17,499,499,499,499, 500
02/14/2020,03:18,500,500,500,500, 3800
02/14/2020,03:21,500,501,499,500, 5800
02/14/2020,03:24,500,501,500,501, 4500
02/14/2020,03:25,500,500,500,500, 200
02/14/2020,03:28,501,502,500,501, 12200
02/14/2020,03:30,501,501,501,501, 4500
02/14/2020,03:31,501,501,500,501, 7500
02/14/2020,03:32,501,501,501,501, 300
02/14/2020,03:33,500,500,500,500, 300
02/14/2020,03:39,501,501,500,500, 5900
02/14/2020,03:42,501,501,501,501, 2400
02/14/2020,03:48,500,500,500,500, 200
02/14/2020,03:49,501,501,501,501, 700
02/14/2020,03:50,500,500,500,500, 100
02/14/2020,03:51,501,501,501,501, 300
02/14/2020,04:51,501,501,500,501, 29800
02/14/2020,04:52,501,501,501,501, 2100
02/14/2020,04:53,501,501,501,501, 200
02/14/2020,04:54,501,502,501,501, 2200
02/14/2020,04:55,501,502,500,500, 6000
02/14/2020,04:59,501,501,500,500, 300
02/14/2020,05:02,501,502,501,502, 6600
02/14/2020,05:04,501,501,501,501, 100
02/14/2020,05:10,502,502,502,502, 100
02/14/2020,05:11,502,502,502,502, 100
02/14/2020,05:14,502,502,502,502, 5400
02/14/2020,05:14,503,503,503,503, 100
02/14/2020,05:21,502,503,501,502, 7600
02/14/2020,05:22,502,502,502,502, 500
02/14/2020,05:23,502,502,502,502, 100
02/14/2020,05:25,502,502,501,502, 4700
02/14/2020,05:32,502,502,502,502, 200
02/14/2020,05:33,501,502,501,502, 200
02/14/2020,05:35,502,503,501,502, 6400
02/14/2020,05:36,502,502,502,502, 400
02/14/2020,05:36,502,502,501,501, 1100
02/14/2020,05:40,502,502,501,501, 1500
02/14/2020,05:43,502,502,502,502, 1700
02/14/2020,05:44,502,502,502,502, 200
02/14/2020,05:45,502,502,502,502, 100
02/14/2020,05:49,502,502,502,502, 400
02/14/2020,05:51,502,502,502,502, 4900
02/14/2020,05:56,502,502,502,502, 100
02/14/2020,06:05,502,502,502,502, 5000
02/14/2020,06:06,502,502,502,502, 100
02/14/2020,06:06,502,502,502,502, 200
02/14/2020,06:08,502,502,501,501, 700
02/14/2020,06:10,502,502,502,502, 100
02/14/2020,06:13,502,502,502,502, 100
02/14/2020,06:18,502,502,502,502, 200
02/14/2020,06:21,502,502,501,502, 3700
02/14/2020,06:22,502,502,502,502, 400
02/14/2020,06:24,502,502,502,502, 300
02/14/2020,06:25,502,502,501,502, 400
02/14/2020,06:26,502,502,502,502, 300
02/14/2020,06:27,502,502,502,502, 600
02/14/2020,06:28,502,502,502,502, 100
02/14/2020,06:29,502,502,502,502, 300
02/14/2020,06:30,502,502,502,502, 100
02/14/2020,06:33,501,501,501,501, 100
02/14/2020,06:35,501,501,501,501, 100
02/14/2020,06:36,502,502,502,502, 200
02/14/2020,06:40,502,502,502,502, 400
02/14/2020,06:41,502,502,501,502, 2900
02/14/2020,06:42,502,502,501,501, 6000
02/14/2020,06:50,502,502,502,502, 500
02/14/2020,06:51,502,502,501,501, 3200
02/14/2020,06:54,502,502,502,502, 200
02/14/2020,06:56,501,501,501,501, 100
02/14/2020,06:58,502,502,502,502, 100
02/14/2020,06:59,501,501,501,501, 1100
02/14/2020,07:00,502,502,501,501, 300
02/14/2020,07:01,502,502,502,502, 200
02/14/2020,07:03,502,502,502,502, 200
02/14/2020,07:04,501,502,501,502, 4400
02/14/2020,07:05,501,501,501,501, 200
02/14/2020,07:09,501,502,501,502, 3800
02/14/2020,07:11,502,503,501,502, 24000
02/14/2020,07:12,502,502,502,502, 400
02/14/2020,07:13,502,502,502,502, 100
02/14/2020,07:15,502,502,502,502, 100
02/14/2020,07:16,502,502,502,502, 700
02/14/2020,07:17,502,502,502,502, 1300
02/14/2020,07:18,502,502,502,502, 100
02/14/2020,07:19,501,502,501,502, 2000
02/14/2020,07:20,501,504,501,503, 48900
02/14/2020,07:21,504,504,504,504, 74700
02/17/2020,01:21,500,500,498,498, 51500
02/17/2020,01:22,497,497,497,497, 700
02/17/2020,01:23,497,498,497,498, 2600
02/17/2020,01:24,498,498,497,498, 4700
02/17/2020,01:25,499,499,498,498, 1300
02/17/2020,01:26,498,498,498,498, 2600
02/17/2020,01:27,497,498,497,498, 3700
02/17/2020,01:30,496,496,495,495, 36400
02/17/2020,01:32,494,495,494,495, 3900
02/17/2020,01:37,496,496,496,496, 4300
02/17/2020,01:39,496,496,496,496, 1800
02/17/2020,01:41,495,495,495,495, 8000
02/17/2020,01:43,494,494,493,494, 3500
02/17/2020,01:45,494,494,494,494, 1600
02/17/2020,01:46,495,496,495,496, 2300
02/17/2020,01:48,496,496,496,496, 800
02/17/2020,01:52,497,498,497,497, 5000
02/17/2020,01:53,497,497,497,497, 1200
02/17/2020,01:54,497,497,497,497, 400
02/17/2020,01:55,497,497,497,497, 5200
02/17/2020,01:56,497,497,496,496, 800
02/17/2020,02:01,498,498,498,498, 100
02/17/2020,02:02,498,498,498,498, 100
02/17/2020,02:06,498,498,498,498, 900
02/17/2020,02:07,498,498,498,498, 1900
02/17/2020,02:10,499,499,499,499, 700
02/17/2020,02:13,498,498,498,498, 2000
02/17/2020,02:14,498,498,498,498, 1300
02/17/2020,02:22,499,499,499,499, 4300
02/17/2020,02:23,499,499,499,499, 300
02/17/2020,02:24,499,499,499,499, 500
02/17/2020,02:33,499,499,498,498, 2400
02/17/2020,02:45,499,499,499,499, 3100
02/17/2020,02:48,500,500,500,500, 3700
02/17/2020,02:51,501,501,501,501, 3800
02/17/2020,02:55,501,501,500,501, 4500
02/17/2020,02:57,501,501,501,501, 1600
02/17/2020,03:03,501,501,501,501, 7200
02/17/2020,03:07,501,501,501,501, 100
02/17/2020,03:08,501,501,501,501, 1800
02/17/2020,03:11,501,501,501,501, 100
02/17/2020,03:12,501,501,501,501, 100
02/17/2020,03:14,501,501,501,501, 6300
02/17/2020,03:15,501,502,501,501, 400
02/17/2020,03:18,501,501,501,501, 200
02/17/2020,03:21,502,502,502,502, 3000
02/17/2020,03:32,502,502,502,502, 9300
02/17/2020,03:35,502,502,502,502, 1000
02/17/2020,03:36,503,503,503,503, 100
02/17/2020,03:39,502,502,502,502, 100
02/17/2020,03:48,503,503,503,503, 100
02/17/2020,03:50,503,503,502,502, 300
02/17/2020,03:51,502,502,502,502, 300
02/17/2020,04:51,503,504,502,504, 12500
02/17/2020,04:53,504,504,504,504, 8700
02/17/2020,04:54,504,504,502,502, 10300
02/17/2020,04:56,502,502,502,502, 500
02/17/2020,05:06,502,502,502,502, 2200
02/17/2020,05:07,502,502,501,502, 2500
02/17/2020,05:08,502,502,502,502, 100
02/17/2020,05:09,502,502,502,502, 1100
02/17/2020,05:10,501,501,500,501, 19400
02/17/2020,05:11,500,500,500,500, 1000
02/17/2020,05:12,500,500,500,500, 800
02/17/2020,05:16,500,500,500,500, 100
02/17/2020,05:21,501,501,501,501, 3000
02/17/2020,05:28,500,500,499,500, 6700
02/17/2020,05:29,500,500,500,500, 100
02/17/2020,05:30,500,500,500,500, 1500
02/17/2020,05:34,499,499,498,499, 4800
02/17/2020,05:35,499,499,499,499, 1800
02/17/2020,05:38,499,499,499,499, 2500
02/17/2020,05:48,498,498,498,498, 500
02/17/2020,05:51,499,499,499,499, 4400
02/17/2020,05:57,499,499,499,499, 2800
02/17/2020,06:20,499,500,499,500, 10600
02/17/2020,06:21,500,500,500,500, 4100
02/17/2020,06:23,500,500,500,500, 100
02/17/2020,06:26,500,500,500,500, 5400
02/17/2020,06:27,500,500,500,500, 900
02/17/2020,06:41,500,500,500,500, 4000
02/17/2020,06:46,500,500,500,500, 2200
02/17/2020,06:48,500,500,500,500, 600
02/17/2020,06:50,500,500,500,500, 2000
02/17/2020,06:51,501,501,500,501, 5300
02/17/2020,07:07,500,500,499,500, 11600
02/17/2020,07:08,500,500,500,500, 3000
02/17/2020,07:10,500,500,500,500, 4600
02/17/2020,07:13,500,501,500,500, 3700
02/17/2020,07:14,500,500,500,500, 1100
02/17/2020,07:15,500,500,499,500, 4900
02/17/2020,07:19,501,501,500,500, 2100
02/17/2020,07:20,500,500,499,499, 7200
02/17/2020,07:21,499,499,499,499, 53800
02/18/2020,01:21,491,491,490,490, 15400
02/18/2020,01:22,490,491,490,491, 6700
02/18/2020,01:23,492,492,491,491, 2300
02/18/2020,01:24,492,492,492,492, 600
02/18/2020,01:25,493,494,493,494, 1900
02/18/2020,01:27,494,495,494,495, 2700
02/18/2020,01:28,495,496,495,496, 2700
02/18/2020,01:29,496,496,496,496, 2900
02/18/2020,01:29,495,495,495,495, 2100
02/18/2020,01:31,495,495,493,495, 9300
02/18/2020,01:32,494,494,494,494, 1400
02/18/2020,01:35,494,494,494,494, 100
02/18/2020,01:36,494,494,494,494, 4000
02/18/2020,01:37,494,494,494,494, 1700
02/18/2020,01:39,493,493,493,493, 2200
02/18/2020,01:39,493,493,493,493, 400
02/18/2020,01:41,493,493,493,493, 1900
02/18/2020,01:43,493,493,493,493, 700
02/18/2020,01:44,493,493,493,493, 600
02/18/2020,01:47,494,494,494,494, 1200
02/18/2020,01:49,494,494,494,494, 1800
02/18/2020,01:51,495,495,495,495, 5300
02/18/2020,01:54,495,495,495,495, 900
02/18/2020,02:01,495,495,495,495, 1200
02/18/2020,02:03,496,496,494,495, 5100
02/18/2020,02:04,494,494,494,494, 1700
02/18/2020,02:10,494,494,494,494, 1600
02/18/2020,02:11,494,494,494,494, 700
02/18/2020,02:12,494,494,494,494, 600
02/18/2020,02:14,494,494,494,494, 1000
02/18/2020,02:19,493,493,493,493, 1900
02/18/2020,02:19,493,493,493,493, 200
02/18/2020,02:21,494,495,494,494, 3400
02/18/2020,02:29,494,494,492,492, 11800
02/18/2020,02:30,493,493,493,493, 2300
02/18/2020,02:32,493,493,493,493, 200
02/18/2020,02:39,493,493,493,493, 1900
02/18/2020,02:41,493,493,493,493, 700
02/18/2020,02:44,493,493,493,493, 200
02/18/2020,02:47,493,493,492,493, 600
02/18/2020,02:50,493,493,493,493, 200
02/18/2020,02:51,493,494,492,493, 5000
02/18/2020,02:56,493,493,493,493, 500
02/18/2020,02:58,493,493,493,493, 200
02/18/2020,02:59,492,492,492,492, 5400
02/18/2020,03:00,492,492,492,492, 200
02/18/2020,03:01,492,492,492,492, 1200
02/18/2020,03:02,492,492,492,492, 600
02/18/2020,03:03,493,493,493,493, 1000
02/18/2020,03:08,492,492,492,492, 1500
02/18/2020,03:10,492,492,492,492, 100
02/18/2020,03:17,493,493,493,493, 100
02/18/2020,03:21,493,494,492,492, 3300
02/18/2020,03:23,493,493,493,493, 1000
02/18/2020,03:24,492,492,492,492, 700
02/18/2020,03:27,492,492,492,492, 100
02/18/2020,03:34,493,494,492,492, 3900
02/18/2020,03:44,492,492,492,492, 100
02/18/2020,03:46,492,492,492,492, 6600
02/18/2020,03:47,492,492,492,492, 1600
02/18/2020,03:51,492,492,492,492, 200
02/18/2020,04:51,492,493,492,492, 37300
02/18/2020,04:52,492,492,492,492, 100
02/18/2020,04:53,492,492,492,492, 1100
02/18/2020,04:58,492,492,491,492, 8000
02/18/2020,05:02,491,491,491,491, 100
02/18/2020,05:14,492,492,492,492, 200
02/18/2020,05:17,492,492,492,492, 8500
02/18/2020,05:18,492,492,492,492, 100
02/18/2020,05:19,492,492,492,492, 100
02/18/2020,05:21,492,492,491,491, 3700
02/18/2020,05:23,492,492,492,492, 2400
02/18/2020,05:24,492,492,491,491, 1800
02/18/2020,05:26,492,492,492,492, 400
02/18/2020,05:36,492,492,492,492, 100
02/18/2020,05:38,492,492,492,492, 4000
02/18/2020,05:39,492,492,492,492, 100
02/18/2020,05:40,492,492,492,492, 600
02/18/2020,05:40,492,492,492,492, 600
02/18/2020,05:51,493,493,493,493, 4900
02/18/2020,05:52,493,493,493,493, 2500
02/18/2020,06:01,493,493,493,493, 1100
02/18/2020,06:11,493,493,493,493, 500
02/18/2020,06:21,493,494,492,493, 4400
02/18/2020,06:22,492,492,492,492, 5900
02/18/2020,06:25,492,492,492,492, 700
02/18/2020,06:33,492,492,492,492, 2300
02/18/2020,06:34,492,492,492,492, 1300
02/18/2020,06:38,492,492,492,492, 100
02/18/2020,06:39,492,492,492,492, 100
02/18/2020,06:46,492,492,491,492, 5200
02/18/2020,06:47,492,492,492,492, 400
02/18/2020,06:48,492,492,492,492, 300
02/18/2020,06:48,492,492,492,492, 200
02/18/2020,06:50,492,492,492,492, 1000
02/18/2020,06:51,492,493,492,492, 3700
02/18/2020,06:59,493,493,493,493, 4200
02/18/2020,07:04,493,493,493,493, 1500
02/18/2020,07:05,493,493,493,493, 600
02/18/2020,07:06,493,493,492,492, 4800
02/18/2020,07:09,493,493,493,493, 100
02/18/2020,07:14,492,492,492,492, 900
02/18/2020,07:16,492,492,492,492, 400
02/18/2020,07:19,492,492,491,491, 10500
02/18/2020,07:20,491,492,491,491, 1300
02/18/2020,07:21,492,492,491,492, 35800
02/19/2020,01:21,496,496,495,496, 11700
02/19/2020,01:22,496,496,496,496, 1200
02/19/2020,01:23,496,496,495,495, 2100
02/19/2020,01:25,495,495,495,495, 800
02/19/2020,01:26,495,495,495,495, 700
02/19/2020,01:27,496,496,495,495, 300
02/19/2020,01:28,495,495,495,495, 200
02/19/2020,01:29,496,496,495,495, 900
02/19/2020,01:30,494,494,494,494, 900
02/19/2020,01:30,493,493,493,493, 2000
02/19/2020,01:32,493,493,493,493, 4000
02/19/2020,01:34,493,493,493,493, 1000
02/19/2020,01:38,492,492,492,492, 3900
02/19/2020,01:40,492,492,492,492, 1400
02/19/2020,01:41,492,492,492,492, 3500
02/19/2020,01:42,493,493,493,493, 2400
02/19/2020,01:43,493,493,492,493, 1200
02/19/2020,01:45,493,493,493,493, 100
02/19/2020,01:48,492,492,491,492, 38300
02/19/2020,01:49,492,492,492,492, 2600
02/19/2020,01:51,492,493,492,493, 3000
02/19/2020,01:56,492,492,492,492, 300
02/19/2020,01:58,492,492,492,492, 1800
02/19/2020,01:59,492,492,492,492, 100
02/19/2020,02:03,493,493,493,493, 200
02/19/2020,02:07,492,492,492,492, 400
02/19/2020,02:10,492,492,491,492, 4400
02/19/2020,02:13,492,493,491,491, 3800
02/19/2020,02:14,492,492,492,492, 1700
02/19/2020,02:15,493,493,493,493, 1400
02/19/2020,02:16,492,492,492,492, 300
02/19/2020,02:19,492,492,492,492, 2000
02/19/2020,02:21,491,493,491,493, 3100
02/19/2020,02:25,492,492,491,491, 3100
02/19/2020,02:31,492,492,492,492, 200
02/19/2020,02:37,491,491,490,490, 19700
02/19/2020,02:47,490,490,490,490, 4200
02/19/2020,02:51,491,491,490,490, 3200
02/19/2020,02:54,490,490,490,490, 2100
02/19/2020,02:57,490,490,490,490, 100
02/19/2020,02:59,491,491,491,491, 3600
02/19/2020,03:02,491,491,490,490, 4200
02/19/2020,03:02,491,491,491,491, 700
02/19/2020,03:08,492,492,492,492, 5000
02/19/2020,03:17,493,493,493,493, 2800
02/19/2020,03:22,494,494,494,494, 5400
02/19/2020,03:23,494,494,494,494, 700
02/19/2020,03:24,494,494,494,494, 400
02/19/2020,03:25,494,494,494,494, 500
02/19/2020,03:34,494,494,494,494, 600
02/19/2020,03:38,495,495,495,495, 200
02/19/2020,03:42,494,494,493,493, 4000
02/19/2020,03:48,494,494,493,493, 2300
02/19/2020,03:51,493,493,493,493, 200
02/19/2020,04:51,495,495,494,495, 9200
02/19/2020,04:51,494,494,494,494, 100
02/19/2020,04:53,495,495,494,495, 2200
02/19/2020,04:54,496,496,496,496, 3800
02/19/2020,04:57,495,495,495,495, 2000
02/19/2020,04:58,496,496,495,495, 400
02/19/2020,04:59,495,495,495,495, 400
02/19/2020,05:00,495,495,495,495, 1700
02/19/2020,05:07,494,494,494,494, 4500
02/19/2020,05:14,494,494,494,494, 1300
02/19/2020,05:16,494,494,494,494, 2700
02/19/2020,05:20,494,494,494,494, 1500
02/19/2020,05:21,494,495,494,494, 3500
02/19/2020,05:23,493,493,493,493, 1500
02/19/2020,05:24,493,493,493,493, 500
02/19/2020,05:26,493,493,493,493, 200
02/19/2020,05:27,493,493,493,493, 700
02/19/2020,05:28,493,493,493,493, 800
02/19/2020,05:31,493,493,493,493, 100
02/19/2020,05:32,493,493,493,493, 100
02/19/2020,05:34,493,493,493,493, 300
02/19/2020,05:41,493,493,493,493, 200
02/19/2020,05:42,493,493,493,493, 1600
02/19/2020,05:42,493,493,493,493, 200
02/19/2020,05:44,493,493,493,493, 600
02/19/2020,05:46,493,493,492,492, 1600
02/19/2020,05:51,493,494,493,493, 4000
02/19/2020,05:55,492,492,492,492, 200
02/19/2020,05:58,492,492,491,491, 3900
02/19/2020,06:03,492,492,492,492, 200
02/19/2020,06:07,491,491,491,491, 4600
02/19/2020,06:08,490,491,490,491, 3600
02/19/2020,06:14,491,491,491,491, 200
02/19/2020,06:21,491,492,491,491, 3200
02/19/2020,06:22,491,491,491,491, 200
02/19/2020,06:26,491,491,491,491, 200
02/19/2020,06:30,491,491,490,490, 300
02/19/2020,06:30,490,490,490,490, 900
02/19/2020,06:32,491,491,490,490, 2100
02/19/2020,06:36,490,490,490,490, 100
02/19/2020,06:39,491,491,491,491, 200
02/19/2020,06:43,491,491,491,491, 1900
02/19/2020,06:45,491,491,491,491, 3300
02/19/2020,06:50,491,491,490,490, 10100
02/19/2020,06:51,491,491,490,490, 3200
02/19/2020,07:04,490,490,490,490, 2300
02/19/2020,07:05,491,491,491,491, 300
02/19/2020,07:06,491,491,491,491, 6100
02/19/2020,07:07,491,491,491,491, 100
02/19/2020,07:13,491,491,491,491, 200
02/19/2020,07:14,490,490,489,490, 24100
02/19/2020,07:16,489,489,489,489, 100
02/19/2020,07:20,490,490,488,489, 13700
02/19/2020,07:21,488,488,488,488, 58000
02/20/2020,01:21,490,491,490,491, 11900
02/20/2020,01:21,492,492,492,492, 100
02/20/2020,01:23,492,493,492,492, 7100
02/20/2020,01:24,492,492,492,492, 3800
02/20/2020,01:25,493,493,493,493, 1500
02/20/2020,01:26,493,493,493,493, 2100
02/20/2020,01:27,493,493,493,493, 900
02/20/2020,01:28,493,493,493,493, 1200
02/20/2020,01:30,493,493,493,493, 800
02/20/2020,01:31,494,494,494,494, 2100
02/20/2020,01:33,493,493,493,493, 1800
02/20/2020,01:35,493,493,493,493, 1100
02/20/2020,01:37,494,494,494,494, 1100
02/20/2020,01:38,494,494,494,494, 100
02/20/2020,01:40,494,494,494,494, 100
02/20/2020,01:41,494,494,494,494, 100
02/20/2020,01:42,494,494,492,492, 3200
02/20/2020,01:48,493,493,493,493, 4100
02/20/2020,01:51,493,493,493,493, 1000
02/20/2020,01:52,494,494,494,494, 23900
02/20/2020,01:55,495,495,495,495, 3300
02/20/2020,01:58,496,496,496,496, 100
02/20/2020,02:00,495,495,495,495, 2800
02/20/2020,02:02,496,496,496,496, 1400
02/20/2020,02:02,495,495,495,495, 100
02/20/2020,02:03,496,496,496,496, 200
02/20/2020,02:06,496,496,496,496, 2400
02/20/2020,02:07,496,496,496,496, 4200
02/20/2020,02:09,496,496,496,496, 2100
02/20/2020,02:10,496,496,496,496, 200
02/20/2020,02:13,497,497,497,497, 200
02/20/2020,02:20,496,496,495,496, 2600
02/20/2020,02:21,496,496,496,496, 3000
02/20/2020,02:37,495,495,495,495, 700
02/20/2020,02:49,496,496,496,496, 2700
02/20/2020,02:51,497,497,497,497, 3900
02/20/2020,02:53,497,497,497,497, 600
02/20/2020,02:55,497,497,496,496, 3600
02/20/2020,02:56,496,496,495,495, 3600
02/20/2020,02:57,496,496,495,495, 2500
02/20/2020,02:59,496,496,496,496, 6100
02/20/2020,03:11,496,496,496,496, 1400
02/20/2020,03:11,496,496,496,496, 600
02/20/2020,03:13,496,496,495,496, 1200
02/20/2020,03:15,496,496,496,496, 2200
02/20/2020,03:16,496,496,496,496, 400
02/20/2020,03:21,496,496,496,496, 3300
02/20/2020,03:28,496,496,496,496, 1000
02/20/2020,03:31,496,496,495,496, 1900
02/20/2020,03:51,496,496,496,496, 1000
02/20/2020,04:51,495,496,495,495, 11200
02/20/2020,04:52,495,496,495,496, 6100
02/20/2020,04:53,495,495,495,495, 1200
02/20/2020,04:59,494,494,494,494, 5800
02/20/2020,05:05,495,495,495,495, 3900
02/20/2020,05:11,494,494,493,493, 2800
02/20/2020,05:13,493,493,492,492, 2900
02/20/2020,05:19,492,492,492,492, 1000
02/20/2020,05:21,492,492,491,492, 5600
02/20/2020,05:22,492,492,492,492, 600
02/20/2020,05:31,493,493,493,493, 5500
02/20/2020,05:32,493,493,493,493, 800
02/20/2020,05:34,493,493,493,493, 100
02/20/2020,05:35,493,493,493,493, 1000
02/20/2020,05:36,493,493,492,493, 2200
02/20/2020,05:51,494,494,494,494, 3000
02/20/2020,05:58,494,494,493,493, 4100
02/20/2020,05:59,493,493,493,493, 400
02/20/2020,06:00,493,493,493,493, 300
02/20/2020,06:01,493,493,493,493, 600
02/20/2020,06:02,493,493,493,493, 1300
02/20/2020,06:18,492,492,492,492, 100
02/20/2020,06:21,493,493,492,493, 3900
02/20/2020,06:29,493,493,493,493, 5700
02/20/2020,06:32,492,492,491,491, 3000
02/20/2020,06:39,491,491,491,491, 300
02/20/2020,06:43,491,491,491,491, 15000
02/20/2020,06:46,490,490,490,490, 100
02/20/2020,06:47,490,490,490,490, 100
02/20/2020,06:48,490,490,490,490, 100
02/20/2020,06:51,490,490,489,490, 11100
02/20/2020,06:52,490,490,490,490, 3300
02/20/2020,06:53,490,490,490,490, 200
02/20/2020,06:54,490,490,490,490, 500
02/20/2020,06:55,490,491,490,491, 5500
02/20/2020,06:56,490,490,489,490, 3700
02/20/2020,06:58,490,490,490,490, 1900
02/20/2020,07:01,491,491,490,490, 1300
02/20/2020,07:02,490,490,490,490, 300
02/20/2020,07:03,490,490,490,490, 700
02/20/2020,07:04,490,490,490,490, 1200
02/20/2020,07:08,490,490,490,490, 600
02/20/2020,07:09,490,490,489,490, 8400
02/20/2020,07:11,490,490,489,490, 6200
02/20/2020,07:15,491,491,491,491, 100
02/20/2020,07:16,490,491,490,491, 300
02/20/2020,07:17,491,491,491,491, 100
02/20/2020,07:18,491,491,491,491, 200
02/20/2020,07:19,490,491,490,491, 300
02/20/2020,07:20,491,491,490,491, 1400
02/20/2020,07:21,491,492,490,491, 49700
02/21/2020,01:21,489,490,489,490, 15400
02/21/2020,01:22,490,490,489,490, 3800
02/21/2020,01:23,491,492,491,492, 3700
02/21/2020,01:24,491,491,491,491, 1100
02/21/2020,01:25,491,491,491,491, 1300
02/21/2020,01:26,490,490,490,490, 1200
02/21/2020,01:27,490,490,490,490, 100
02/21/2020,01:27,491,492,491,492, 3700
02/21/2020,01:29,493,493,493,493, 1900
02/21/2020,01:30,493,493,493,493, 100
02/21/2020,01:31,493,493,493,493, 200
02/21/2020,01:32,492,493,492,493, 1200
02/21/2020,01:35,493,493,493,493, 1400
02/21/2020,01:36,493,493,492,492, 200
02/21/2020,01:37,492,492,492,492, 2100
02/21/2020,01:39,493,493,493,493, 100
02/21/2020,01:42,492,492,492,492, 1800
02/21/2020,01:43,493,493,493,493, 6300
02/21/2020,01:44,493,493,493,493, 900
02/21/2020,01:46,493,493,493,493, 2000
02/21/2020,01:48,493,493,493,493, 600
02/21/2020,01:49,493,493,493,493, 300
02/21/2020,01:51,492,494,492,493, 9300
02/21/2020,01:56,494,494,494,494, 4700
02/21/2020,01:58,494,494,494,494, 700
02/21/2020,01:59,494,494,494,494, 1200
02/21/2020,02:00,494,494,494,494, 1900
02/21/2020,02:03,494,494,494,494, 800
02/21/2020,02:04,494,494,494,494, 100
02/21/2020,02:06,494,494,494,494, 100
02/21/2020,02:09,493,493,493,493, 3300
02/21/2020,02:11,493,493,493,493, 500
02/21/2020,02:12,493,493,493,493, 700
02/21/2020,02:18,493,493,493,493, 2700
02/21/2020,02:21,493,494,493,493, 4300
02/21/2020,02:23,492,492,492,492, 2000
02/21/2020,02:30,493,493,492,492, 200
02/21/2020,02:33,492,492,492,492, 100
02/21/2020,02:36,493,493,493,493, 3500
02/21/2020,02:37,493,493,493,493, 200
02/21/2020,02:42,494,494,494,494, 200
02/21/2020,02:49,493,493,493,493, 300
02/21/2020,02:50,493,493,493,493, 1500
02/21/2020,02:51,493,494,493,494, 3200
02/21/2020,02:53,494,494,494,494, 700
02/21/2020,02:56,495,495,495,495, 200
02/21/2020,02:59,495,495,495,495, 2000
02/21/2020,03:00,495,495,495,495, 1000
02/21/2020,03:02,495,495,495,495, 400
02/21/2020,03:04,495,495,495,495, 500
02/21/2020,03:14,495,495,495,495, 3000
02/21/2020,03:19,495,495,495,495, 700
02/21/2020,03:20,495,496,495,496, 2700
02/21/2020,03:21,496,497,496,497, 9600
02/21/2020,03:22,497,497,496,496, 2100
02/21/2020,03:23,496,496,495,495, 1300
02/21/2020,03:24,495,495,494,494, 1000
02/21/2020,03:27,494,494,494,494, 3100
02/21/2020,03:31,495,495,495,495, 100
02/21/2020,03:34,495,495,495,495, 4500
02/21/2020,03:35,495,495,495,495, 200
02/21/2020,03:46,495,495,494,495, 2100
02/21/2020,03:47,495,495,494,494, 3600
02/21/2020,03:48,495,495,495,495, 200
02/21/2020,03:50,495,496,495,496, 200
02/21/2020,03:51,494,494,494,494, 2000
02/21/2020,04:51,497,497,497,497, 8200
02/21/2020,04:52,497,497,497,497, 6200
02/21/2020,04:53,497,497,497,497, 5400
02/21/2020,04:54,498,498,498,498, 100
02/21/2020,04:55,498,499,498,499, 4700
02/21/2020,04:56,498,499,498,499, 2900
02/21/2020,04:57,498,498,498,498, 4000
02/21/2020,04:58,498,498,498,498, 1100
02/21/2020,04:59,498,498,498,498, 900
02/21/2020,04:59,498,498,498,498, 700
02/21/2020,05:02,497,497,497,497, 4300
02/21/2020,05:08,496,496,496,496, 1300
02/21/2020,05:17,495,495,495,495, 5200
02/21/2020,05:20,496,496,496,496, 2600
02/21/2020,05:21,497,497,496,496, 3200
02/21/2020,05:24,496,496,496,496, 2200
02/21/2020,05:31,496,496,496,496, 1800
02/21/2020,05:31,496,496,496,496, 1600
02/21/2020,05:34,496,496,496,496, 100
02/21/2020,05:36,496,496,496,496, 200
02/21/2020,05:41,496,496,496,496, 200
02/21/2020,05:48,495,495,495,495, 4200
02/21/2020,05:51,495,495,495,495, 100
02/21/2020,05:54,494,495,494,494, 5500
02/21/2020,05:56,494,494,494,494, 1900
02/21/2020,06:02,493,493,493,493, 4100
02/21/2020,06:04,493,493,493,493, 1900
02/21/2020,06:05,493,493,493,493, 500
02/21/2020,06:06,493,493,493,493, 700
02/21/2020,06:06,494,494,494,494, 100
02/21/2020,06:10,493,493,493,493, 100
02/21/2020,06:13,493,493,493,493, 3700
02/21/2020,06:16,494,494,494,494, 1000
02/21/2020,06:16,494,494,494,494, 1000
02/21/2020,06:17,494,494,494,494, 5200
02/21/2020,06:21,495,495,494,495, 3400
02/21/2020,06:22,495,495,495,495, 700
02/21/2020,06:24,495,495,495,495, 100
02/21/2020,06:26,495,495,495,495, 7000
02/21/2020,06:29,496,496,496,496, 1900
02/21/2020,06:30,496,496,496,496, 3300
02/21/2020,06:31,496,496,495,496, 6200
02/21/2020,06:45,496,496,496,496, 2800
02/21/2020,06:46,496,496,496,496, 600
02/21/2020,06:51,496,496,495,495, 3100
02/21/2020,06:55,495,495,495,495, 2500
02/21/2020,06:57,495,495,495,495, 100
02/21/2020,07:01,494,494,494,494, 8400
02/21/2020,07:03,494,494,493,493, 2100
02/21/2020,07:05,494,494,494,494, 300
02/21/2020,07:06,494,494,494,494, 3500
02/21/2020,07:11,493,493,493,493, 3900
02/21/2020,07:12,492,492,492,492, 300
02/21/2020,07:15,493,493,493,493, 7000
02/21/2020,07:17,494,494,494,494, 500
02/21/2020,07:20,493,493,490,490, 82300
02/21/2020,07:21,491,492,491,492, 75500
02/25/2020,01:30,460,460,454,458, 754900
02/25/2020,01:31,457,460,453,460, 41000
02/25/2020,01:32,459,462,459,459, 19300
02/25/2020,01:33,460,462,459,462, 13800
02/25/2020,01:34,463,464,463,464, 4700
02/25/2020,01:35,463,463,461,461, 10900
02/25/2020,01:36,462,462,461,461, 2200
02/25/2020,01:37,462,462,460,460, 5500
02/25/2020,01:38,460,461,460,461, 8600
02/25/2020,01:39,462,464,462,463, 28700
02/25/2020,01:40,463,463,463,463, 4700
02/25/2020,01:41,463,463,463,463, 100
02/25/2020,01:43,463,466,463,466, 7100
02/25/2020,01:44,465,465,464,465, 3400
02/25/2020,01:45,465,465,465,465, 2400
02/25/2020,01:46,465,465,465,465, 2200
02/25/2020,01:47,465,465,465,465, 3900
02/25/2020,01:48,465,465,465,465, 1000
02/25/2020,01:49,465,465,465,465, 700
02/25/2020,01:50,465,465,465,465, 1400
02/25/2020,01:51,465,467,465,467, 12900
02/25/2020,01:52,467,468,467,467, 5500
02/25/2020,01:53,467,467,466,467, 1200
02/25/2020,01:54,467,467,467,467, 1900
02/25/2020,01:55,467,470,467,470, 16000
02/25/2020,01:56,469,472,469,471, 12500
02/25/2020,01:57,471,471,471,471, 2500
02/25/2020,01:58,471,471,471,471, 1000
02/25/2020,01:59,472,474,472,473, 11400
02/25/2020,02:00,473,473,470,471, 38400
02/25/2020,02:01,470,470,470,470, 7800
02/25/2020,02:03,469,469,469,469, 7600
02/25/2020,02:04,468,468,468,468, 10900
02/25/2020,02:05,468,468,468,468, 2400
02/25/2020,02:07,469,470,469,470, 11100
02/25/2020,02:08,470,473,470,473, 12000
02/25/2020,02:08,473,473,473,473, 5700
02/25/2020,02:10,472,472,472,472, 6000
02/25/2020,02:11,473,473,472,472, 2000
02/25/2020,02:12,472,472,472,472, 800
02/25/2020,02:13,472,472,472,472, 2400
02/25/2020,02:15,472,472,472,472, 2100
02/25/2020,02:16,472,472,472,472, 500
02/25/2020,02:17,472,472,472,472, 2100
02/25/2020,02:18,472,472,472,472, 1600
02/25/2020,02:19,472,472,472,472, 400
02/25/2020,02:20,471,471,471,471, 100
02/25/2020,02:21,472,473,472,472, 4200
02/25/2020,02:22,472,472,472,472, 500
02/25/2020,02:23,472,473,472,473, 10800
02/25/2020,02:24,473,473,473,473, 1200
02/25/2020,02:25,473,473,473,473, 1300
02/25/2020,02:26,473,473,473,473, 200
02/25/2020,02:27,472,472,472,472, 200
02/25/2020,02:28,472,472,472,472, 100
02/25/2020,02:29,472,472,471,471, 9200
02/25/2020,02:30,472,472,472,472, 1200
02/25/2020,02:31,472,472,472,472, 1400
02/25/2020,02:32,472,472,472,472, 1000
02/25/2020,02:33,472,472,472,472, 300
02/25/2020,02:34,472,472,472,472, 100
02/25/2020,02:35,472,472,472,472, 300
02/25/2020,02:37,472,472,472,472, 100
02/25/2020,02:38,472,472,472,472, 3400
02/25/2020,02:40,472,472,472,472, 2400
02/25/2020,02:41,472,472,472,472, 2700
02/25/2020,02:42,472,472,472,472, 100
02/25/2020,02:43,472,472,472,472, 2200
02/25/2020,02:44,472,472,472,472, 600
02/25/2020,02:45,472,472,472,472, 300
02/25/2020,02:47,472,472,472,472, 1600
02/25/2020,02:48,472,472,472,472, 2100
02/25/2020,02:49,472,473,472,472, 3700
02/25/2020,02:50,472,472,472,472, 200
02/25/2020,02:51,473,473,473,473, 5800
02/25/2020,02:52,473,473,473,473, 500
02/25/2020,02:53,473,474,473,474, 15900
02/25/2020,02:54,475,475,475,475, 5100
02/25/2020,02:55,475,477,475,477, 14300
02/25/2020,02:56,477,477,475,476, 9300
02/25/2020,02:57,476,476,476,476, 700
02/25/2020,02:58,476,476,476,476, 2200
02/25/2020,02:59,476,476,476,476, 2900
02/25/2020,03:02,476,476,476,476, 300
02/25/2020,03:03,476,476,476,476, 100
02/25/2020,03:07,476,476,476,476, 300
02/25/2020,03:08,476,476,476,476, 100
02/25/2020,03:09,476,476,476,476, 100
02/25/2020,03:10,475,475,475,475, 10200
02/25/2020,03:11,475,475,475,475, 4200
02/25/2020,03:12,475,475,475,475, 3300
02/25/2020,03:13,475,475,475,475, 1400
02/25/2020,03:14,475,475,475,475, 500
02/25/2020,03:15,475,475,475,475, 300
02/25/2020,03:18,474,474,474,474, 2500
02/25/2020,03:19,475,475,475,475, 1100
02/25/2020,03:20,475,475,475,475, 100
02/25/2020,03:21,475,475,474,475, 1300
02/25/2020,03:22,475,476,475,475, 3500
02/25/2020,03:23,475,475,475,475, 100
02/25/2020,03:24,475,475,475,475, 200
02/25/2020,03:26,475,475,475,475, 2000
02/25/2020,03:27,475,475,475,475, 1500
02/25/2020,03:28,475,475,475,475, 700
02/25/2020,03:29,475,475,475,475, 2300
02/25/2020,03:30,475,475,475,475, 5600
02/25/2020,03:31,475,475,475,475, 500
02/25/2020,03:32,474,474,474,474, 100
02/25/2020,03:33,474,474,474,474, 500
02/25/2020,03:37,475,475,475,475, 3500
02/25/2020,03:38,475,476,475,475, 5000
02/25/2020,03:39,474,475,474,474, 1900
02/25/2020,03:42,475,475,475,475, 100
02/25/2020,03:43,475,475,475,475, 800
02/25/2020,03:44,475,475,475,475, 2600
02/25/2020,03:47,475,475,474,474, 12000
02/25/2020,03:49,473,473,472,473, 11700
02/25/2020,03:50,473,474,473,474, 300
02/25/2020,03:51,473,473,473,473, 56000
02/25/2020,04:51,477,477,472,475, 967900
02/25/2020,04:52,475,476,475,475, 11600
02/25/2020,04:53,475,477,475,475, 17000
02/25/2020,04:54,476,476,476,476, 4900
02/25/2020,04:55,476,476,475,476, 5100
02/25/2020,04:56,475,475,473,473, 20500
02/25/2020,04:57,474,474,473,474, 1400
02/25/2020,04:58,474,474,474,474, 600
02/25/2020,04:59,475,475,475,475, 3200
02/25/2020,05:02,475,475,475,475, 7800
02/25/2020,05:04,475,475,475,475, 100
02/25/2020,05:06,475,475,475,475, 6000
02/25/2020,05:07,474,474,474,474, 500
02/25/2020,05:08,474,474,474,474, 10400
02/25/2020,05:09,474,474,473,473, 2900
02/25/2020,05:13,474,475,474,474, 8700
02/25/2020,05:16,474,474,474,474, 5500
02/25/2020,05:18,474,474,474,474, 3300
02/25/2020,05:19,474,475,473,473, 9400
02/25/2020,05:20,474,474,474,474, 900
02/25/2020,05:21,474,475,474,475, 3100
02/25/2020,05:22,475,475,473,474, 11000
02/25/2020,05:23,474,474,474,474, 100
02/25/2020,05:24,474,474,473,473, 12300
02/25/2020,05:26,473,473,473,473, 100
02/25/2020,05:27,474,474,474,474, 5000
02/25/2020,05:29,474,474,474,474, 4300
02/25/2020,05:30,473,473,473,473, 100
02/25/2020,05:31,474,474,474,474, 200
02/25/2020,05:32,473,473,473,473, 10500
02/25/2020,05:34,473,473,473,473, 8800
02/25/2020,05:35,473,473,473,473, 200
02/25/2020,05:40,472,472,472,472, 1800
02/25/2020,05:42,472,472,472,472, 100
02/25/2020,05:42,472,472,472,472, 100
02/25/2020,05:46,472,472,472,472, 6200
02/25/2020,05:49,471,471,470,471, 9200
02/25/2020,05:52,471,472,471,472, 3500
02/25/2020,05:54,472,472,472,472, 1500
02/25/2020,05:58,472,472,472,472, 100
02/25/2020,06:03,472,472,472,472, 100
02/25/2020,06:09,471,471,471,471, 100
02/25/2020,06:14,472,472,472,472, 300
02/25/2020,06:22,472,473,472,472, 23800
02/25/2020,06:23,472,473,471,473, 3000
02/25/2020,06:25,472,472,471,471, 5600
02/25/2020,06:26,472,472,472,472, 1100
02/25/2020,06:27,472,472,472,472, 3400
02/25/2020,06:28,472,472,472,472, 500
02/25/2020,06:29,472,472,472,472, 200
02/25/2020,06:30,472,472,472,472, 900
02/25/2020,06:31,472,472,472,472, 100
02/25/2020,06:31,471,471,471,471, 100
02/25/2020,06:33,472,472,472,472, 300
02/25/2020,06:38,471,471,470,471, 11100
02/25/2020,06:42,471,471,470,470, 200
02/25/2020,06:43,471,471,471,471, 100
02/25/2020,06:46,470,470,469,469, 41400
02/25/2020,06:47,469,469,469,469, 800
02/25/2020,06:48,469,470,469,469, 1700
02/25/2020,06:49,469,469,469,469, 9900
02/25/2020,06:50,469,469,469,469, 500
02/25/2020,06:51,469,469,468,469, 29200
02/25/2020,06:52,468,469,468,469, 19400
02/25/2020,06:53,469,470,469,470, 200
02/25/2020,06:54,470,470,470,470, 100
02/25/2020,06:55,469,469,469,469, 2500
02/25/2020,06:56,469,469,469,469, 1300
02/25/2020,06:58,469,469,469,469, 600
02/25/2020,06:59,470,470,469,470, 7600
02/25/2020,07:01,469,469,468,469, 17200
02/25/2020,07:02,469,469,469,469, 6000
02/25/2020,07:03,469,469,469,469, 4900
02/25/2020,07:04,469,469,469,469, 1700
02/25/2020,07:06,469,469,469,469, 7800
02/25/2020,07:06,469,469,469,469, 400
02/25/2020,07:08,469,469,469,469, 100
02/25/2020,07:09,470,472,470,472, 42300
02/25/2020,07:10,472,472,472,472, 13200
02/25/2020,07:11,472,473,472,472, 34900
02/25/2020,07:12,472,474,472,474, 18900
02/25/2020,07:13,474,475,474,475, 4900
02/25/2020,07:14,474,475,474,474, 17800
02/25/2020,07:16,475,475,475,475, 3500
02/25/2020,07:17,474,475,473,473, 16700
02/25/2020,07:18,473,473,472,472, 27500
02/25/2020,07:19,472,473,472,472, 3500
02/25/2020,07:20,472,473,470,470, 91700
02/25/2020,07:21,471,476,470,476, 748100
02/26/2020,01:21,480,482,480,480, 804700
02/26/2020,01:22,479,479,476,476, 18400
02/26/2020,01:23,477,477,476,476, 5000
02/26/2020,01:24,476,476,474,474, 23800
02/26/2020,01:25,473,474,473,474, 1300
02/26/2020,01:26,475,476,471,471, 15900
02/26/2020,01:27,471,471,469,469, 21300
02/26/2020,01:28,470,470,465,468, 33600
02/26/2020,01:29,469,471,469,469, 33900
02/26/2020,01:30,469,469,468,468, 6100
02/26/2020,01:31,469,469,468,469, 6800
02/26/2020,01:32,469,470,469,469, 16600
02/26/2020,01:33,469,469,469,469, 100
02/26/2020,01:34,469,469,469,469, 100
02/26/2020,01:35,469,469,468,468, 3900
02/26/2020,01:36,468,468,467,467, 1400
02/26/2020,01:37,467,467,466,466, 3300
02/26/2020,01:38,465,465,464,464, 24600
02/26/2020,01:39,463,465,463,465, 11100
02/26/2020,01:40,466,467,466,466, 7800
02/26/2020,01:41,466,466,465,466, 5900
02/26/2020,01:42,466,466,466,466, 1000
02/26/2020,01:43,466,466,465,465, 3000
02/26/2020,01:44,466,466,466,466, 800
02/26/2020,01:45,466,466,466,466, 1200
02/26/2020,01:46,465,466,465,466, 5700
02/26/2020,01:46,465,465,464,464, 2400
02/26/2020,01:48,466,466,466,466, 2300
02/26/2020,01:50,467,469,467,468, 13400
02/26/2020,01:51,468,469,468,468, 7900
02/26/2020,01:52,467,467,467,467, 3100
02/26/2020,01:55,467,467,467,467, 1500
02/26/2020,01:56,466,466,466,466, 6000
02/26/2020,01:57,466,466,465,465, 6000
02/26/2020,01:58,465,465,465,465, 3000
02/26/2020,01:59,465,465,465,465, 100
02/26/2020,01:59,465,465,465,465, 3100
02/26/2020,02:01,465,466,465,466, 1500
02/26/2020,02:03,465,465,465,465, 3300
02/26/2020,02:04,465,465,464,464, 600
02/26/2020,02:05,464,465,464,465, 1500
02/26/2020,02:06,465,465,465,465, 3600
02/26/2020,02:07,465,465,465,465, 1800
02/26/2020,02:09,465,465,465,465, 4400
02/26/2020,02:13,466,466,466,466, 2200
02/26/2020,02:16,466,466,466,466, 300
02/26/2020,02:17,466,466,466,466, 1000
02/26/2020,02:18,465,465,465,465, 5600
02/26/2020,02:21,465,466,465,466, 5300
02/26/2020,02:22,466,466,465,465, 4000
02/26/2020,02:27,464,464,464,464, 100
02/26/2020,02:28,464,464,464,464, 100
02/26/2020,02:29,464,464,464,464, 8800
02/26/2020,02:32,463,463,461,463, 29800
02/26/2020,02:32,463,463,463,463, 100
02/26/2020,02:34,463,463,463,463, 3000
02/26/2020,02:36,463,463,463,463, 1600
02/26/2020,02:37,463,463,463,463, 5000
02/26/2020,02:43,463,463,463,463, 100
02/26/2020,02:46,463,463,463,463, 5800
02/26/2020,02:47,463,463,463,463, 3300
02/26/2020,02:48,463,463,463,463, 100
02/26/2020,02:50,462,463,462,463, 2500
02/26/2020,02:51,463,463,463,463, 1200
02/26/2020,02:52,464,464,464,464, 12200
02/26/2020,02:53,464,464,463,463, 900
02/26/2020,02:53,463,463,463,463, 3900
02/26/2020,02:55,463,463,463,463, 3700
02/26/2020,02:56,462,462,462,462, 100
02/26/2020,02:57,463,463,463,463, 500
02/26/2020,02:58,462,462,462,462, 5000
02/26/2020,03:02,462,462,462,462, 9300
02/26/2020,03:05,462,462,462,462, 8700
02/26/2020,03:06,462,463,462,462, 7700
02/26/2020,03:07,462,462,462,462, 200
02/26/2020,03:08,462,462,462,462, 4200
02/26/2020,03:10,461,461,461,461, 100
02/26/2020,03:18,462,462,462,462, 12200
02/26/2020,03:19,463,464,463,464, 19300
02/26/2020,03:21,464,464,464,464, 3100
02/26/2020,03:22,464,465,464,465, 11000
02/26/2020,03:23,465,465,465,465, 100
02/26/2020,03:24,464,464,464,464, 700
02/26/2020,03:29,464,464,464,464, 100
02/26/2020,03:30,465,465,465,465, 11900
02/26/2020,03:33,466,469,466,469, 23500
02/26/2020,03:34,469,470,469,470, 8100
02/26/2020,03:36,470,470,470,470, 2100
02/26/2020,03:37,470,470,470,470, 700
02/26/2020,03:42,469,469,469,469, 100
02/26/2020,03:43,469,469,469,469, 5400
02/26/2020,03:44,469,469,469,469, 400
02/26/2020,03:45,469,469,469,469, 2900
02/26/2020,03:49,469,469,469,469, 200
02/26/2020,03:50,469,469,469,469, 3100
02/26/2020,03:51,469,469,468,468, 82800
02/26/2020,04:51,470,470,468,468, 774700
02/26/2020,04:51,468,468,468,468, 100
02/26/2020,04:54,469,469,469,469, 2600
02/26/2020,04:59,470,470,470,470, 200
02/26/2020,05:00,470,470,470,470, 100
02/26/2020,05:01,470,470,470,470, 300
02/26/2020,05:05,470,470,469,469, 26500
02/26/2020,05:07,468,469,468,469, 14900
02/26/2020,05:08,468,469,468,468, 3300
02/26/2020,05:09,467,468,467,468, 2300
02/26/2020,05:11,468,469,468,468, 7800
02/26/2020,05:12,468,468,468,468, 1600
02/26/2020,05:13,468,468,468,468, 200
02/26/2020,05:13,468,468,468,468, 900
02/26/2020,05:19,469,469,469,469, 4000
02/26/2020,05:21,469,469,469,469, 500
02/26/2020,05:22,469,469,469,469, 3600
02/26/2020,05:23,468,468,468,468, 2400
02/26/2020,05:24,467,467,467,467, 100
02/26/2020,05:25,468,470,468,470, 15000
02/26/2020,05:27,469,469,469,469, 4200
02/26/2020,05:28,469,469,469,469, 200
02/26/2020,05:34,468,468,468,468, 7300
02/26/2020,05:35,468,468,468,468, 400
02/26/2020,05:38,468,468,468,468, 3200
02/26/2020,05:41,468,468,468,468, 1700
02/26/2020,05:42,468,468,468,468, 800
02/26/2020,05:44,468,468,468,468, 2200
02/26/2020,05:45,468,468,468,468, 1500
02/26/2020,05:47,467,467,467,467, 100
02/26/2020,05:48,467,467,467,467, 2900
02/26/2020,05:49,467,467,467,467, 6600
02/26/2020,05:51,467,468,467,468, 4400
02/26/2020,05:52,467,467,467,467, 100
02/26/2020,05:52,468,468,467,467, 4000
02/26/2020,05:57,468,468,468,468, 100
02/26/2020,05:58,467,467,467,467, 9900
02/26/2020,05:59,467,467,467,467, 300
02/26/2020,06:00,466,466,466,466, 6200
02/26/2020,06:04,466,466,466,466, 5100
02/26/2020,06:05,466,466,466,466, 200
02/26/2020,06:06,466,466,466,466, 100
02/26/2020,06:07,467,467,467,467, 14100
02/26/2020,06:13,468,469,468,468, 15000
02/26/2020,06:18,468,468,468,468, 100
02/26/2020,06:21,468,469,468,469, 4100
02/26/2020,06:22,468,468,468,468, 1000
02/26/2020,06:26,469,469,469,469, 300
02/26/2020,06:28,469,469,469,469, 27000
02/26/2020,06:30,470,470,470,470, 9600
02/26/2020,06:31,469,469,469,469, 200
02/26/2020,06:32,470,470,470,470, 200
02/26/2020,06:34,470,470,470,470, 800
02/26/2020,06:35,470,470,469,469, 1700
02/26/2020,06:39,469,469,469,469, 9000
02/26/2020,06:40,469,469,469,469, 200
02/26/2020,06:40,469,469,469,469, 800
02/26/2020,06:43,469,469,469,469, 8400
02/26/2020,06:44,469,469,469,469, 1100
02/26/2020,06:45,469,469,469,469, 300
02/26/2020,06:46,469,469,469,469, 1100
02/26/2020,06:47,469,469,469,469, 1100
02/26/2020,06:48,469,469,469,469, 1200
02/26/2020,06:49,469,469,469,469, 4100
02/26/2020,06:51,469,469,469,469, 200
02/26/2020,06:53,469,469,469,469, 3700
02/26/2020,06:54,470,470,469,469, 3100
02/26/2020,07:03,470,470,470,470, 2000
02/26/2020,07:04,469,469,469,469, 100
02/26/2020,07:09,470,470,469,469, 400
02/26/2020,07:10,469,469,469,469, 2000
02/26/2020,07:11,469,469,468,469, 15300
02/26/2020,07:12,469,469,469,469, 13800
02/26/2020,07:13,469,469,469,469, 12500
02/26/2020,07:14,469,469,469,469, 5900
02/26/2020,07:15,470,470,470,470, 1200
02/26/2020,07:16,469,469,469,469, 1300
02/26/2020,07:17,470,470,470,470, 16200
02/26/2020,07:18,470,471,470,471, 26400
02/26/2020,07:19,471,471,470,470, 4500
02/26/2020,07:20,470,471,469,470, 18500
02/26/2020,07:21,470,471,470,471, 428500

