03/15/2020,12:08,7.6748,7.6748,7.6748,7.6748, 1
03/15/2020,12:08,7.6748,7.6748,7.6748,7.6748, 1
03/16/2020,13:13,7.6962,7.6962,7.6962,7.6962, 1
03/17/2020,13:11,7.5823,7.5823,7.5823,7.5823, 1
03/18/2020,13:07,7.5578,7.5578,7.5578,7.5578, 1
03/19/2020,13:08,7.4012,7.4012,7.4012,7.4012, 1
03/20/2020,13:16,7.3904,7.3904,7.3904,7.3904, 1
03/23/2020,13:33,7.3517,7.3517,7.3517,7.3517, 1
03/24/2020,13:18,7.4747,7.4747,7.4747,7.4747, 1
03/25/2020,13:06,7.4432,7.4432,7.4432,7.4432, 1
03/26/2020,13:13,7.5513,7.5513,7.5513,7.5513, 1
03/27/2020,13:10,7.5777,7.5777,7.5777,7.5777, 1
03/30/2020,13:10,7.6313,7.6313,7.6313,7.6313, 1
03/31/2020,13:13,7.5493,7.5493,7.5493,7.5493, 1

