01/02/2020,09:01,9.17,9.17,9.17,9.17, 3858
01/02/2020,09:12,9.18,9.18,9.18,9.18, 160
01/02/2020,09:15,9.155,9.155,9.155,9.155, 3
01/02/2020,09:21,9.155,9.155,9.155,9.155, 29
01/02/2020,09:21,9.155,9.155,9.155,9.155, 757
01/02/2020,09:27,9.14,9.14,9.14,9.14, 16
01/02/2020,09:30,9.14,9.14,9.14,9.14, 21
01/02/2020,09:31,9.14,9.15,9.14,9.15, 1466
01/02/2020,09:33,9.125,9.125,9.125,9.125, 46
01/02/2020,09:38,9.13,9.13,9.13,9.13, 31
01/02/2020,09:41,9.13,9.13,9.13,9.13, 41
01/02/2020,09:45,9.13,9.13,9.13,9.13, 45
01/02/2020,09:46,9.155,9.155,9.15,9.15, 546
01/02/2020,09:51,9.155,9.155,9.155,9.155, 80
01/02/2020,09:54,9.155,9.155,9.155,9.155, 88
01/02/2020,09:59,9.155,9.155,9.155,9.155, 99
01/02/2020,10:01,9.175,9.175,9.175,9.175, 400
01/02/2020,10:02,9.165,9.165,9.165,9.165, 153
01/02/2020,10:05,9.155,9.155,9.155,9.155, 70
01/02/2020,10:08,9.155,9.155,9.155,9.155, 68
01/02/2020,10:12,9.155,9.155,9.155,9.155, 67
01/02/2020,10:15,9.17,9.175,9.17,9.175, 540
01/02/2020,10:17,9.175,9.18,9.175,9.18, 500
01/02/2020,10:24,9.155,9.155,9.15,9.15, 6082
01/02/2020,10:24,9.155,9.155,9.155,9.155, 435
01/02/2020,10:34,9.16,9.17,9.16,9.17, 600
01/02/2020,10:40,9.155,9.175,9.15,9.175, 904
01/02/2020,10:48,9.155,9.155,9.155,9.155, 11
01/02/2020,10:51,9.155,9.155,9.155,9.155, 12
01/02/2020,10:54,9.155,9.175,9.155,9.175, 443
01/02/2020,10:57,9.155,9.155,9.155,9.155, 13
01/02/2020,11:03,9.155,9.155,9.155,9.155, 10
01/02/2020,11:04,9.155,9.155,9.155,9.155, 500
01/02/2020,11:21,9.18,9.18,9.18,9.18, 540
01/02/2020,11:26,9.16,9.16,9.155,9.155, 1000
01/02/2020,11:27,9.18,9.185,9.18,9.185, 500
01/02/2020,11:34,9.165,9.165,9.165,9.165, 250
01/02/2020,11:35,9.165,9.165,9.165,9.165, 52
01/02/2020,11:37,9.185,9.185,9.185,9.185, 238
01/02/2020,11:46,9.18,9.18,9.18,9.18, 33
01/02/2020,11:47,9.19,9.195,9.19,9.195, 1090
01/02/2020,11:50,9.2,9.2,9.2,9.2, 440
01/02/2020,12:18,9.2,9.2,9.2,9.2, 500
01/02/2020,12:29,9.19,9.2,9.19,9.2, 1155
01/02/2020,12:31,9.185,9.185,9.185,9.185, 2675
01/02/2020,12:34,9.185,9.185,9.185,9.185, 3449
01/02/2020,12:34,9.2,9.2,9.2,9.2, 37
01/02/2020,12:48,9.185,9.185,9.185,9.185, 16
01/02/2020,12:57,9.185,9.185,9.185,9.185, 21
01/02/2020,13:00,9.185,9.195,9.185,9.195, 1080
01/02/2020,13:02,9.18,9.18,9.17,9.17, 600
01/02/2020,13:04,9.17,9.17,9.17,9.17, 110
01/02/2020,13:17,9.17,9.17,9.17,9.17, 73
01/02/2020,13:22,9.195,9.2,9.195,9.2, 1080
01/02/2020,13:32,9.175,9.175,9.175,9.175, 119
01/02/2020,13:48,9.175,9.175,9.175,9.175, 80
01/02/2020,14:04,9.175,9.175,9.175,9.175, 126
01/02/2020,14:16,9.175,9.175,9.175,9.175, 115
01/02/2020,14:16,9.185,9.185,9.185,9.185, 1214
01/02/2020,14:24,9.175,9.18,9.155,9.18, 10283
01/02/2020,14:26,9.185,9.195,9.185,9.195, 871
01/02/2020,14:33,9.165,9.165,9.165,9.165, 73
01/02/2020,14:43,9.185,9.19,9.185,9.19, 1200
01/02/2020,14:45,9.17,9.17,9.155,9.155, 500
01/02/2020,14:47,9.165,9.165,9.14,9.145, 19877
01/02/2020,14:49,9.135,9.135,9.135,9.135, 112
01/02/2020,14:51,9.15,9.15,9.15,9.15, 7147
01/02/2020,14:52,9.15,9.15,9.15,9.15, 97
01/02/2020,15:14,9.15,9.15,9.15,9.15, 11
01/02/2020,15:24,9.135,9.135,9.135,9.135, 2043
01/02/2020,15:25,9.135,9.135,9.135,9.135, 581
01/02/2020,15:25,9.135,9.135,9.13,9.13, 217
01/02/2020,15:32,9.13,9.13,9.13,9.13, 40
01/02/2020,15:36,9.13,9.13,9.13,9.13, 830
01/02/2020,15:39,9.13,9.13,9.13,9.13, 26
01/02/2020,15:45,9.13,9.13,9.13,9.13, 21
01/02/2020,15:48,9.13,9.13,9.13,9.13, 25
01/02/2020,15:54,9.13,9.13,9.13,9.13, 13
01/02/2020,15:57,9.13,9.13,9.13,9.13, 21
01/02/2020,16:03,9.13,9.13,9.13,9.13, 9
01/02/2020,16:09,9.13,9.13,9.13,9.13, 7
01/02/2020,16:10,9.13,9.13,9.13,9.13, 6
01/02/2020,16:13,9.13,9.13,9.13,9.13, 5
01/02/2020,16:17,9.13,9.13,9.125,9.125, 2473
01/02/2020,16:19,9.13,9.13,9.13,9.13, 48
01/02/2020,16:22,9.13,9.13,9.13,9.13, 8
01/02/2020,16:25,9.13,9.13,9.13,9.13, 41
01/02/2020,16:27,9.135,9.14,9.135,9.14, 1069
01/02/2020,16:30,9.14,9.14,9.14,9.14, 47
01/02/2020,16:35,9.125,9.125,9.125,9.125, 10
01/02/2020,16:48,9.14,9.145,9.14,9.145, 1490
01/02/2020,16:53,9.145,9.145,9.145,9.145, 1769
01/02/2020,17:00,9.135,9.135,9.135,9.135, 129
01/02/2020,17:09,9.13,9.13,9.13,9.13, 14
01/02/2020,17:14,9.13,9.13,9.13,9.13, 1863
01/02/2020,17:14,9.13,9.13,9.13,9.13, 50
01/02/2020,17:16,9.13,9.135,9.13,9.135, 1152
01/02/2020,17:19,9.135,9.135,9.135,9.135, 13
01/02/2020,17:22,9.135,9.135,9.135,9.135, 32
01/02/2020,17:23,9.135,9.135,9.135,9.135, 779
01/02/2020,17:29,9.135,9.135,9.135,9.135, 2
01/02/2020,17:36,9.135,9.135,9.135,9.135, 10542
01/03/2020,09:01,9.21,9.215,9.2,9.2, 6938
01/03/2020,09:06,9.19,9.19,9.185,9.185, 456
01/03/2020,09:24,9.175,9.175,9.175,9.175, 450
01/03/2020,09:30,9.17,9.17,9.17,9.17, 93
01/03/2020,09:36,9.175,9.175,9.175,9.175, 448
01/03/2020,09:38,9.175,9.22,9.17,9.22, 16643
01/03/2020,09:39,9.25,9.255,9.21,9.21, 2117
01/03/2020,09:39,9.255,9.255,9.255,9.255, 792
01/03/2020,09:42,9.215,9.215,9.21,9.215, 1857
01/03/2020,09:48,9.185,9.185,9.095,9.16, 85313
01/03/2020,09:49,9.16,9.215,9.16,9.215, 6286
01/03/2020,09:49,9.215,9.23,9.215,9.23, 1184
01/03/2020,09:52,9.22,9.22,9.22,9.22, 100
01/03/2020,09:54,9.185,9.185,9.185,9.185, 2457
01/03/2020,09:56,9.215,9.22,9.215,9.22, 1900
01/03/2020,10:07,9.205,9.205,9.205,9.205, 500
01/03/2020,10:07,9.205,9.205,9.205,9.205, 411
01/03/2020,10:09,9.19,9.19,9.19,9.19, 160
01/03/2020,10:10,9.19,9.19,9.17,9.17, 850
01/03/2020,10:36,9.165,9.165,9.165,9.165, 6
01/03/2020,10:47,9.19,9.19,9.19,9.19, 275
01/03/2020,10:49,9.165,9.165,9.165,9.165, 985
01/03/2020,10:54,9.19,9.2,9.19,9.2, 500
01/03/2020,11:00,9.18,9.18,9.175,9.175, 3143
01/03/2020,11:05,9.175,9.175,9.175,9.175, 300
01/03/2020,11:13,9.175,9.175,9.16,9.16, 2208
01/03/2020,11:13,9.175,9.185,9.165,9.165, 894
01/03/2020,11:26,9.19,9.195,9.18,9.18, 1695
01/03/2020,11:40,9.18,9.18,9.18,9.18, 300
01/03/2020,11:47,9.195,9.195,9.195,9.195, 66
01/03/2020,11:56,9.19,9.19,9.19,9.19, 863
01/03/2020,11:57,9.18,9.18,9.125,9.125, 6955
01/03/2020,11:58,9.125,9.125,9.1,9.105, 3509
01/03/2020,12:04,9.095,9.1,9.095,9.1, 3739
01/03/2020,12:05,9.125,9.125,9.125,9.125, 2131
01/03/2020,12:06,9.125,9.125,9.125,9.125, 69
01/03/2020,12:18,9.125,9.125,9.125,9.125, 155
01/03/2020,12:18,9.1,9.1,9.1,9.1, 766
01/03/2020,12:25,9.12,9.12,9.12,9.12, 592
01/03/2020,12:33,9.13,9.13,9.13,9.13, 71
01/03/2020,12:48,9.125,9.125,9.125,9.125, 49
01/03/2020,12:53,9.1,9.1,9.1,9.1, 1150
01/03/2020,12:53,9.115,9.115,9.115,9.115, 170
01/03/2020,13:04,9.115,9.115,9.115,9.115, 41
01/03/2020,13:11,9.115,9.115,9.115,9.115, 100
01/03/2020,13:14,9.115,9.115,9.115,9.115, 1613
01/03/2020,13:16,9.11,9.11,9.1,9.1, 4226
01/03/2020,13:26,9.11,9.11,9.11,9.11, 593
01/03/2020,13:33,9.115,9.115,9.115,9.115, 26
01/03/2020,13:36,9.105,9.105,9.105,9.105, 600
01/03/2020,13:44,9.105,9.105,9.095,9.095, 1700
01/03/2020,13:46,9.095,9.11,9.095,9.11, 771
01/03/2020,13:51,9.095,9.095,9.085,9.085, 2576
01/03/2020,13:54,9.105,9.105,9.105,9.105, 504
01/03/2020,14:01,9.105,9.105,9.105,9.105, 200
01/03/2020,14:18,9.09,9.09,9.085,9.085, 2076
01/03/2020,14:22,9.1,9.1,9.08,9.08, 3768
01/03/2020,14:23,9.075,9.075,9.075,9.075, 2197
01/03/2020,14:46,9.075,9.075,9.075,9.075, 50
01/03/2020,14:50,9.08,9.08,9.08,9.08, 242
01/03/2020,14:54,9.075,9.075,9.075,9.075, 508
01/03/2020,15:01,9.075,9.075,9.075,9.075, 16
01/03/2020,15:03,9.075,9.075,9.075,9.075, 688
01/03/2020,15:07,9.08,9.08,9.08,9.08, 1629
01/03/2020,15:16,9.095,9.095,9.095,9.095, 420
01/03/2020,15:25,9.1,9.1,9.1,9.1, 85
01/03/2020,15:26,9.085,9.085,9.085,9.085, 1989
01/03/2020,15:29,9.1,9.1,9.1,9.1, 300
01/03/2020,15:31,9.08,9.08,9.08,9.08, 250
01/03/2020,15:33,9.1,9.1,9.1,9.1, 10
01/03/2020,15:34,9.1,9.1,9.1,9.1, 1100
01/03/2020,15:37,9.1,9.1,9.1,9.1, 6
01/03/2020,15:40,9.1,9.1,9.1,9.1, 5
01/03/2020,15:43,9.1,9.1,9.1,9.1, 4
01/03/2020,15:46,9.1,9.1,9.1,9.1, 3
01/03/2020,15:49,9.1,9.1,9.1,9.1, 3
01/03/2020,15:52,9.09,9.1,9.09,9.1, 863
01/03/2020,15:52,9.1,9.1,9.1,9.1, 1000
01/03/2020,15:55,9.1,9.1,9.1,9.1, 2
01/03/2020,15:56,9.1,9.1,9.1,9.1, 200
01/03/2020,15:58,9.1,9.1,9.1,9.1, 1000
01/03/2020,16:01,9.09,9.09,9.08,9.08, 9026
01/03/2020,16:16,9.095,9.095,9.095,9.095, 426
01/03/2020,16:23,9.09,9.095,9.09,9.095, 4622
01/03/2020,16:36,9.09,9.09,9.09,9.09, 3410
01/03/2020,16:43,9.095,9.095,9.095,9.095, 250
01/03/2020,16:52,9.095,9.095,9.095,9.095, 1717
01/03/2020,17:06,9.095,9.095,9.095,9.095, 504
01/03/2020,17:15,9.1,9.11,9.1,9.11, 3119
01/03/2020,17:16,9.11,9.11,9.11,9.11, 4471
01/03/2020,17:16,9.11,9.11,9.11,9.11, 874
01/03/2020,17:17,9.11,9.11,9.11,9.11, 92
01/03/2020,17:18,9.11,9.11,9.11,9.11, 5
01/03/2020,17:19,9.11,9.11,9.11,9.11, 135
01/03/2020,17:20,9.105,9.11,9.105,9.11, 1067
01/03/2020,17:24,9.11,9.11,9.11,9.11, 208
01/03/2020,17:26,9.11,9.11,9.11,9.11, 566
01/03/2020,17:26,9.11,9.11,9.105,9.105, 6
01/03/2020,17:28,9.11,9.11,9.11,9.11, 1382
01/03/2020,17:29,9.115,9.14,9.115,9.14, 1602
01/03/2020,17:29,9.135,9.135,9.135,9.135, 155
01/03/2020,17:30,9.135,9.135,9.135,9.135, 149
01/03/2020,17:36,9.11,9.11,9.11,9.11, 13396
01/06/2020,09:01,9.1,9.1,9.1,9.1, 1628
01/06/2020,09:02,9.1,9.1,9.1,9.1, 53
01/06/2020,09:05,9.105,9.11,9.105,9.11, 46
01/06/2020,09:29,9.085,9.085,9.085,9.085, 942
01/06/2020,09:34,9.08,9.08,9.08,9.08, 1209
01/06/2020,09:36,9.075,9.075,9.075,9.075, 2062
01/06/2020,09:37,9.06,9.06,9.06,9.06, 1151
01/06/2020,09:39,9.06,9.06,9.06,9.06, 123
01/06/2020,09:53,9.05,9.05,9.04,9.04, 5591
01/06/2020,09:54,9.03,9.03,9.03,9.03, 336
01/06/2020,10:06,9.02,9.02,9.02,9.02, 3
01/06/2020,10:09,9.02,9.02,9.02,9.02, 2
01/06/2020,10:15,9.02,9.02,9.02,9.02, 2
01/06/2020,10:16,9.02,9.02,9.02,9.02, 500
01/06/2020,10:32,9.02,9.02,9.02,9.02, 1241
01/06/2020,10:32,9.02,9.02,9.02,9.02, 32
01/06/2020,10:43,9.02,9.025,9.02,9.025, 2375
01/06/2020,10:43,9.03,9.03,9.03,9.03, 60
01/06/2020,10:49,9.03,9.03,9.03,9.03, 1015
01/06/2020,10:55,9.035,9.035,9.035,9.035, 15
01/06/2020,11:06,9.045,9.045,9.045,9.045, 1000
01/06/2020,11:36,9.05,9.05,9.05,9.05, 260
01/06/2020,11:37,9.07,9.07,9.07,9.07, 557
01/06/2020,11:48,9.07,9.07,9.07,9.07, 211
01/06/2020,11:51,9.065,9.065,9.065,9.065, 3
01/06/2020,12:04,9.03,9.03,9.03,9.03, 200
01/06/2020,12:06,9.05,9.05,9.05,9.05, 2
01/06/2020,12:27,9.07,9.07,9.07,9.07, 535
01/06/2020,12:32,9.07,9.07,9.07,9.07, 1000
01/06/2020,12:50,9.075,9.08,9.075,9.08, 148
01/06/2020,13:02,9.08,9.08,9.08,9.08, 173
01/06/2020,13:12,9.09,9.09,9.09,9.09, 1110
01/06/2020,13:31,9.095,9.095,9.095,9.095, 997
01/06/2020,13:33,9.1,9.1,9.1,9.1, 152
01/06/2020,13:37,9.1,9.1,9.1,9.1, 790
01/06/2020,13:38,9.1,9.1,9.1,9.1, 70
01/06/2020,13:55,9.095,9.095,9.095,9.095, 1000
01/06/2020,14:01,9.095,9.095,9.095,9.095, 37
01/06/2020,14:05,9.095,9.095,9.095,9.095, 37
01/06/2020,14:35,9.1,9.115,9.1,9.105, 584
01/06/2020,15:04,9.125,9.125,9.125,9.125, 545
01/06/2020,15:05,9.11,9.11,9.11,9.11, 1352
01/06/2020,15:17,9.12,9.12,9.12,9.12, 385
01/06/2020,15:23,9.12,9.12,9.12,9.12, 273
01/06/2020,15:25,9.12,9.14,9.12,9.125, 2539
01/06/2020,15:39,9.13,9.13,9.13,9.13, 10
01/06/2020,15:40,9.13,9.13,9.13,9.13, 961
01/06/2020,15:40,9.135,9.135,9.135,9.135, 486
01/06/2020,15:42,9.14,9.14,9.14,9.14, 295
01/06/2020,15:46,9.14,9.14,9.14,9.14, 100
01/06/2020,15:52,9.14,9.14,9.14,9.14, 1712
01/06/2020,16:00,9.13,9.13,9.13,9.13, 9
01/06/2020,16:03,9.13,9.13,9.13,9.13, 2
01/06/2020,16:06,9.13,9.13,9.13,9.13, 2
01/06/2020,16:09,9.13,9.13,9.13,9.13, 3
01/06/2020,16:18,9.13,9.13,9.13,9.13, 18
01/06/2020,16:22,9.15,9.15,9.15,9.15, 953
01/06/2020,16:28,9.15,9.2,9.15,9.2, 4442
01/06/2020,16:29,9.175,9.175,9.175,9.175, 1117
01/06/2020,16:36,9.175,9.175,9.175,9.175, 204
01/06/2020,16:40,9.195,9.22,9.195,9.22, 6198
01/06/2020,16:40,9.195,9.195,9.19,9.19, 718
01/06/2020,16:51,9.195,9.195,9.195,9.195, 1502
01/06/2020,17:01,9.175,9.175,9.175,9.175, 278
01/06/2020,17:06,9.195,9.195,9.195,9.195, 4
01/06/2020,17:15,9.185,9.185,9.185,9.185, 2
01/06/2020,17:16,9.185,9.185,9.185,9.185, 2
01/06/2020,17:17,9.18,9.18,9.18,9.18, 1376
01/06/2020,17:27,9.175,9.175,9.175,9.175, 455
01/06/2020,17:30,9.165,9.165,9.15,9.165, 207
01/06/2020,17:36,9.17,9.17,9.17,9.17, 8775
01/07/2020,09:01,9.125,9.125,9.125,9.125, 2807
01/07/2020,09:23,9.21,9.22,9.21,9.22, 1713
01/07/2020,10:07,9.215,9.215,9.215,9.215, 391
01/07/2020,10:08,9.205,9.205,9.19,9.19, 2500
01/07/2020,10:09,9.205,9.205,9.2,9.205, 2214
01/07/2020,10:10,9.2,9.205,9.195,9.195, 2261
01/07/2020,10:13,9.195,9.195,9.195,9.195, 200
01/07/2020,10:19,9.195,9.195,9.195,9.195, 98
01/07/2020,10:20,9.195,9.2,9.195,9.2, 1460
01/07/2020,10:28,9.195,9.195,9.195,9.195, 98
01/07/2020,10:36,9.195,9.2,9.195,9.2, 372
01/07/2020,10:37,9.19,9.19,9.19,9.19, 549
01/07/2020,10:47,9.19,9.19,9.185,9.19, 1859
01/07/2020,10:48,9.19,9.19,9.19,9.19, 99
01/07/2020,10:50,9.2,9.2,9.2,9.2, 35
01/07/2020,10:58,9.185,9.185,9.185,9.185, 576
01/07/2020,11:02,9.18,9.18,9.18,9.18, 587
01/07/2020,11:03,9.175,9.175,9.15,9.15, 878
01/07/2020,11:11,9.15,9.16,9.14,9.16, 11755
01/07/2020,11:12,9.16,9.16,9.16,9.16, 557
01/07/2020,11:15,9.15,9.17,9.15,9.17, 1359
01/07/2020,11:18,9.185,9.185,9.185,9.185, 238
01/07/2020,11:28,9.18,9.18,9.18,9.18, 1100
01/07/2020,11:29,9.185,9.185,9.185,9.185, 433
01/07/2020,11:33,9.185,9.185,9.18,9.18, 399
01/07/2020,11:38,9.19,9.19,9.19,9.19, 645
01/07/2020,11:39,9.195,9.195,9.195,9.195, 1100
01/07/2020,11:44,9.18,9.18,9.18,9.18, 2000
01/07/2020,11:49,9.195,9.195,9.195,9.195, 792
01/07/2020,11:51,9.185,9.185,9.185,9.185, 63
01/07/2020,12:04,9.2,9.2,9.2,9.2, 729
01/07/2020,12:05,9.19,9.19,9.19,9.19, 295
01/07/2020,12:09,9.19,9.22,9.17,9.22, 21093
01/07/2020,12:10,9.22,9.22,9.22,9.22, 205
01/07/2020,12:17,9.22,9.22,9.2,9.2, 1438
01/07/2020,12:26,9.2,9.22,9.175,9.2, 11295
01/07/2020,12:27,9.2,9.21,9.19,9.21, 3797
01/07/2020,12:28,9.185,9.185,9.185,9.185, 1542
01/07/2020,12:30,9.185,9.185,9.18,9.18, 1521
01/07/2020,12:32,9.195,9.195,9.195,9.195, 102
01/07/2020,12:36,9.18,9.18,9.18,9.18, 284
01/07/2020,12:38,9.175,9.185,9.16,9.185, 3046
01/07/2020,12:47,9.175,9.175,9.175,9.175, 241
01/07/2020,12:49,9.14,9.14,9.14,9.14, 171
01/07/2020,13:04,9.165,9.165,9.165,9.165, 183
01/07/2020,13:07,9.14,9.14,9.14,9.14, 700
01/07/2020,13:09,9.155,9.155,9.155,9.155, 618
01/07/2020,13:17,9.16,9.16,9.16,9.16, 172
01/07/2020,13:19,9.14,9.14,9.14,9.14, 55
01/07/2020,13:21,9.155,9.155,9.155,9.155, 924
01/07/2020,13:23,9.14,9.15,9.135,9.15, 1967
01/07/2020,13:33,9.15,9.15,9.15,9.15, 249
01/07/2020,13:36,9.135,9.135,9.135,9.135, 537
01/07/2020,13:39,9.135,9.135,9.135,9.135, 230
01/07/2020,13:44,9.135,9.135,9.135,9.135, 354
01/07/2020,13:47,9.15,9.15,9.15,9.15, 227
01/07/2020,13:57,9.145,9.145,9.145,9.145, 2
01/07/2020,14:03,9.145,9.145,9.14,9.14, 496
01/07/2020,14:04,9.14,9.14,9.14,9.14, 96
01/07/2020,14:17,9.145,9.145,9.145,9.145, 204
01/07/2020,14:30,9.135,9.15,9.135,9.15, 1643
01/07/2020,14:33,9.16,9.16,9.16,9.16, 288
01/07/2020,14:47,9.155,9.16,9.155,9.16, 1311
01/07/2020,14:49,9.16,9.16,9.16,9.16, 812
01/07/2020,15:05,9.17,9.17,9.17,9.17, 137
01/07/2020,15:10,9.155,9.155,9.155,9.155, 1846
01/07/2020,15:11,9.155,9.155,9.155,9.155, 575
01/07/2020,15:16,9.155,9.155,9.155,9.155, 1000
01/07/2020,15:18,9.165,9.165,9.165,9.165, 517
01/07/2020,15:29,9.16,9.16,9.155,9.155, 3308
01/07/2020,15:32,9.165,9.165,9.165,9.165, 500
01/07/2020,15:42,9.165,9.165,9.165,9.165, 190
01/07/2020,15:44,9.155,9.155,9.155,9.155, 1183
01/07/2020,15:51,9.165,9.165,9.165,9.165, 159
01/07/2020,16:01,9.165,9.165,9.165,9.165, 476
01/07/2020,16:13,9.16,9.17,9.15,9.17, 3608
01/07/2020,16:20,9.16,9.16,9.155,9.155, 3908
01/07/2020,16:29,9.15,9.15,9.15,9.15, 1412
01/07/2020,16:47,9.155,9.155,9.155,9.155, 260
01/07/2020,16:49,9.15,9.15,9.15,9.15, 456
01/07/2020,16:50,9.15,9.155,9.15,9.155, 1239
01/07/2020,16:51,9.155,9.155,9.155,9.155, 90
01/07/2020,16:52,9.155,9.155,9.155,9.155, 43
01/07/2020,16:53,9.155,9.155,9.15,9.15, 1927
01/07/2020,16:55,9.16,9.16,9.15,9.15, 3884
01/07/2020,17:02,9.15,9.15,9.15,9.15, 100
01/07/2020,17:03,9.155,9.155,9.155,9.155, 196
01/07/2020,17:04,9.155,9.155,9.155,9.155, 6
01/07/2020,17:06,9.16,9.16,9.16,9.16, 443
01/07/2020,17:09,9.155,9.155,9.15,9.15, 2409
01/07/2020,17:10,9.145,9.145,9.145,9.145, 30
01/07/2020,17:14,9.145,9.145,9.145,9.145, 54
01/07/2020,17:16,9.155,9.155,9.155,9.155, 246
01/07/2020,17:17,9.145,9.145,9.145,9.145, 1000
01/07/2020,17:19,9.145,9.145,9.145,9.145, 834
01/07/2020,17:24,9.155,9.155,9.155,9.155, 101
01/07/2020,17:27,9.15,9.15,9.15,9.15, 152
01/07/2020,17:28,9.15,9.15,9.145,9.145, 822
01/07/2020,17:30,9.155,9.155,9.145,9.145, 1687
01/07/2020,17:36,9.15,9.15,9.15,9.15, 55667
01/08/2020,09:01,9.105,9.105,9.105,9.105, 2215
01/08/2020,09:07,9.11,9.11,9.11,9.11, 571
01/08/2020,09:11,9.105,9.115,9.1,9.115, 3036
01/08/2020,09:13,9.145,9.15,9.145,9.15, 7000
01/08/2020,09:18,9.145,9.145,9.145,9.145, 35
01/08/2020,09:26,9.175,9.18,9.175,9.18, 1000
01/08/2020,09:33,9.145,9.145,9.145,9.145, 328
01/08/2020,09:34,9.15,9.15,9.15,9.15, 1000
01/08/2020,09:53,9.155,9.155,9.14,9.14, 887
01/08/2020,10:02,9.17,9.185,9.145,9.145, 3827
01/08/2020,10:12,9.14,9.14,9.13,9.13, 1424
01/08/2020,10:14,9.13,9.13,9.115,9.115, 1816
01/08/2020,10:19,9.135,9.135,9.135,9.135, 200
01/08/2020,10:27,9.115,9.115,9.115,9.115, 1388
01/08/2020,10:40,9.115,9.115,9.115,9.115, 991
01/08/2020,10:47,9.13,9.13,9.13,9.13, 716
01/08/2020,10:48,9.13,9.13,9.13,9.13, 693
01/08/2020,10:50,9.135,9.15,9.135,9.15, 738
01/08/2020,10:51,9.15,9.15,9.15,9.15, 207
01/08/2020,10:56,9.15,9.15,9.15,9.15, 100
01/08/2020,11:06,9.135,9.135,9.135,9.135, 1500
01/08/2020,11:15,9.15,9.15,9.135,9.135, 1892
01/08/2020,11:25,9.15,9.15,9.15,9.15, 1475
01/08/2020,11:26,9.155,9.155,9.155,9.155, 12
01/08/2020,11:45,9.16,9.16,9.16,9.16, 549
01/08/2020,11:57,9.16,9.16,9.16,9.16, 1092
01/08/2020,11:58,9.155,9.155,9.155,9.155, 912
01/08/2020,12:04,9.11,9.11,9.11,9.11, 567
01/08/2020,12:16,9.18,9.18,9.18,9.18, 1400
01/08/2020,12:23,9.185,9.185,9.185,9.185, 700
01/08/2020,12:33,9.165,9.165,9.165,9.165, 500
01/08/2020,12:43,9.165,9.165,9.165,9.165, 500
01/08/2020,12:53,9.165,9.165,9.15,9.15, 2500
01/08/2020,12:55,9.16,9.16,9.16,9.16, 1899
01/08/2020,13:22,9.16,9.16,9.16,9.16, 250
01/08/2020,13:23,9.18,9.18,9.18,9.18, 1078
01/08/2020,13:28,9.165,9.165,9.165,9.165, 243
01/08/2020,13:51,9.17,9.17,9.165,9.165, 1000
01/08/2020,14:05,9.165,9.165,9.165,9.165, 1263
01/08/2020,14:25,9.165,9.185,9.15,9.185, 18145
01/08/2020,14:41,9.185,9.185,9.165,9.165, 3305
01/08/2020,14:41,9.185,9.19,9.185,9.19, 1000
01/08/2020,14:43,9.19,9.24,9.155,9.24, 86776
01/08/2020,14:48,9.205,9.21,9.155,9.155, 21466
01/08/2020,14:49,9.19,9.19,9.175,9.175, 8380
01/08/2020,14:50,9.175,9.18,9.175,9.175, 6683
01/08/2020,14:51,9.175,9.175,9.155,9.17, 27639
01/08/2020,14:52,9.17,9.17,9.17,9.17, 100
01/08/2020,14:58,9.17,9.17,9.17,9.17, 400
01/08/2020,14:59,9.17,9.17,9.17,9.17, 616
01/08/2020,15:00,9.17,9.17,9.17,9.17, 116
01/08/2020,15:01,9.17,9.17,9.17,9.17, 180
01/08/2020,15:03,9.17,9.17,9.17,9.17, 568
01/08/2020,15:06,9.17,9.17,9.17,9.17, 257
01/08/2020,15:07,9.17,9.17,9.17,9.17, 500
01/08/2020,15:08,9.17,9.17,9.17,9.17, 1130
01/08/2020,15:09,9.17,9.17,9.165,9.17, 14396
01/08/2020,15:10,9.17,9.17,9.155,9.17, 8527
01/08/2020,15:11,9.17,9.185,9.17,9.17, 14279
01/08/2020,15:12,9.17,9.17,9.17,9.17, 7121
01/08/2020,15:16,9.17,9.17,9.16,9.16, 1716
01/08/2020,15:17,9.17,9.17,9.17,9.17, 18
01/08/2020,15:19,9.17,9.17,9.17,9.17, 500
01/08/2020,15:25,9.165,9.165,9.165,9.165, 650
01/08/2020,15:27,9.165,9.165,9.165,9.165, 1342
01/08/2020,15:28,9.16,9.16,9.15,9.15, 1096
01/08/2020,15:29,9.15,9.15,9.135,9.14, 3313
01/08/2020,15:30,9.14,9.14,9.14,9.14, 167
01/08/2020,15:32,9.155,9.155,9.155,9.155, 253
01/08/2020,15:34,9.14,9.14,9.135,9.135, 553
01/08/2020,15:38,9.155,9.155,9.135,9.135, 1788
01/08/2020,15:48,9.165,9.165,9.165,9.165, 183
01/08/2020,15:51,9.17,9.17,9.17,9.17, 840
01/08/2020,15:53,9.17,9.17,9.17,9.17, 89
01/08/2020,15:57,9.17,9.17,9.17,9.17, 62
01/08/2020,15:59,9.17,9.17,9.17,9.17, 59
01/08/2020,16:00,9.17,9.17,9.17,9.17, 19
01/08/2020,16:02,9.17,9.17,9.17,9.17, 1188
01/08/2020,16:06,9.17,9.17,9.17,9.17, 17
01/08/2020,16:09,9.17,9.17,9.17,9.17, 39
01/08/2020,16:12,9.17,9.17,9.17,9.17, 112
01/08/2020,16:15,9.17,9.17,9.17,9.17, 165
01/08/2020,16:21,9.17,9.17,9.17,9.17, 176
01/08/2020,16:23,9.16,9.16,9.16,9.16, 1250
01/08/2020,16:30,9.17,9.17,9.17,9.17, 112
01/08/2020,16:33,9.17,9.17,9.17,9.17, 60
01/08/2020,16:36,9.17,9.17,9.17,9.17, 78
01/08/2020,16:37,9.16,9.17,9.16,9.17, 2961
01/08/2020,16:38,9.165,9.165,9.165,9.165, 1575
01/08/2020,16:38,9.17,9.17,9.17,9.17, 110
01/08/2020,16:48,9.17,9.17,9.17,9.17, 208
01/08/2020,16:51,9.16,9.17,9.16,9.17, 1349
01/08/2020,16:56,9.17,9.17,9.17,9.17, 190
01/08/2020,17:00,9.17,9.17,9.17,9.17, 603
01/08/2020,17:01,9.17,9.17,9.165,9.165, 763
01/08/2020,17:04,9.17,9.17,9.17,9.17, 252
01/08/2020,17:07,9.17,9.17,9.17,9.17, 159
01/08/2020,17:08,9.165,9.165,9.165,9.165, 2903
01/08/2020,17:11,9.17,9.17,9.17,9.17, 499
01/08/2020,17:12,9.17,9.17,9.17,9.17, 701
01/08/2020,17:15,9.17,9.17,9.17,9.17, 64
01/08/2020,17:18,9.17,9.17,9.17,9.17, 290
01/08/2020,17:20,9.17,9.17,9.16,9.16, 1914
01/08/2020,17:21,9.17,9.17,9.17,9.17, 786
01/08/2020,17:22,9.17,9.17,9.17,9.17, 132
01/08/2020,17:24,9.17,9.17,9.17,9.17, 1133
01/08/2020,17:26,9.17,9.17,9.17,9.17, 2032
01/08/2020,17:27,9.17,9.17,9.17,9.17, 439
01/08/2020,17:27,9.16,9.17,9.16,9.17, 1742
01/08/2020,17:30,9.17,9.17,9.16,9.16, 1317
01/08/2020,17:30,9.16,9.16,9.16,9.16, 182
01/08/2020,17:36,9.15,9.15,9.15,9.15, 44985
01/09/2020,09:01,9.245,9.245,9.245,9.245, 2471
01/09/2020,09:12,9.245,9.245,9.245,9.245, 500
01/09/2020,09:15,9.245,9.245,9.245,9.245, 16
01/09/2020,09:21,9.24,9.24,9.24,9.24, 26
01/09/2020,09:24,9.24,9.24,9.24,9.24, 19
01/09/2020,09:30,9.24,9.24,9.24,9.24, 279
01/09/2020,09:37,9.245,9.25,9.245,9.25, 920
01/09/2020,09:39,9.25,9.26,9.25,9.26, 4212
01/09/2020,09:40,9.245,9.26,9.24,9.26, 2747
01/09/2020,09:43,9.25,9.26,9.25,9.25, 747
01/09/2020,09:50,9.26,9.26,9.205,9.215, 6567
01/09/2020,09:50,9.215,9.215,9.215,9.215, 193
01/09/2020,09:54,9.24,9.24,9.24,9.24, 246
01/09/2020,09:54,9.25,9.25,9.23,9.23, 538
01/09/2020,09:56,9.25,9.25,9.23,9.23, 497
01/09/2020,09:59,9.245,9.245,9.23,9.245, 2680
01/09/2020,10:00,9.225,9.225,9.205,9.205, 3907
01/09/2020,10:03,9.23,9.23,9.205,9.205, 249
01/09/2020,10:05,9.23,9.23,9.23,9.23, 7
01/09/2020,10:08,9.23,9.23,9.23,9.23, 196
01/09/2020,10:11,9.225,9.225,9.2,9.2, 3663
01/09/2020,10:13,9.225,9.225,9.2,9.2, 482
01/09/2020,10:15,9.23,9.23,9.2,9.2, 3343
01/09/2020,10:15,9.2,9.2,9.18,9.18, 875
01/09/2020,10:18,9.21,9.21,9.21,9.21, 48
01/09/2020,10:24,9.215,9.215,9.19,9.19, 1760
01/09/2020,10:26,9.215,9.215,9.2,9.2, 538
01/09/2020,10:28,9.215,9.215,9.215,9.215, 505
01/09/2020,10:33,9.235,9.235,9.235,9.235, 87
01/09/2020,10:34,9.21,9.21,9.205,9.205, 1917
01/09/2020,10:34,9.19,9.19,9.19,9.19, 161
01/09/2020,10:39,9.21,9.21,9.21,9.21, 54
01/09/2020,10:45,9.21,9.21,9.21,9.21, 6
01/09/2020,10:49,9.19,9.19,9.185,9.185, 1000
01/09/2020,10:50,9.19,9.19,9.18,9.18, 564
01/09/2020,10:51,9.18,9.18,9.18,9.18, 600
01/09/2020,10:51,9.18,9.18,9.155,9.155, 771
01/09/2020,10:54,9.17,9.17,9.165,9.165, 300
01/09/2020,10:57,9.2,9.2,9.2,9.2, 9
01/09/2020,11:09,9.185,9.185,9.16,9.16, 1204
01/09/2020,11:11,9.18,9.18,9.16,9.16, 756
01/09/2020,11:33,9.18,9.18,9.155,9.16, 3155
01/09/2020,11:38,9.185,9.2,9.18,9.18, 1810
01/09/2020,11:45,9.2,9.2,9.2,9.2, 233
01/09/2020,11:46,9.21,9.21,9.21,9.21, 249
01/09/2020,11:51,9.215,9.215,9.21,9.21, 991
01/09/2020,11:51,9.21,9.21,9.21,9.21, 162
01/09/2020,11:58,9.21,9.21,9.15,9.155, 9721
01/09/2020,12:04,9.2,9.2,9.2,9.2, 481
01/09/2020,12:06,9.195,9.195,9.15,9.15, 4396
01/09/2020,12:10,9.165,9.165,9.165,9.165, 300
01/09/2020,12:23,9.2,9.2,9.2,9.2, 584
01/09/2020,12:27,9.175,9.175,9.17,9.17, 3032
01/09/2020,12:27,9.16,9.16,9.16,9.16, 354
01/09/2020,12:58,9.15,9.15,9.15,9.15, 68
01/09/2020,13:19,9.16,9.16,9.14,9.14, 1972
01/09/2020,13:27,9.135,9.135,9.12,9.12, 1175
01/09/2020,13:47,9.14,9.155,9.14,9.14, 1558
01/09/2020,13:57,9.145,9.145,9.145,9.145, 2144
01/09/2020,13:58,9.145,9.145,9.13,9.13, 1891
01/09/2020,14:14,9.145,9.145,9.145,9.145, 200
01/09/2020,14:26,9.145,9.17,9.145,9.17, 1587
01/09/2020,14:36,9.175,9.175,9.16,9.16, 2220
01/09/2020,14:39,9.15,9.16,9.14,9.16, 1316
01/09/2020,14:42,9.165,9.17,9.165,9.17, 674
01/09/2020,14:47,9.175,9.175,9.175,9.175, 586
01/09/2020,14:57,9.195,9.195,9.195,9.195, 362
01/09/2020,14:59,9.175,9.175,9.135,9.14, 6512
01/09/2020,15:01,9.165,9.165,9.165,9.165, 570
01/09/2020,15:04,9.18,9.185,9.18,9.185, 1100
01/09/2020,15:11,9.19,9.195,9.17,9.17, 4675
01/09/2020,15:13,9.19,9.2,9.175,9.175, 2710
01/09/2020,15:17,9.185,9.185,9.185,9.185, 8
01/09/2020,15:31,9.185,9.185,9.185,9.185, 7
01/09/2020,15:34,9.185,9.185,9.15,9.17, 19793
01/09/2020,15:42,9.185,9.185,9.17,9.17, 3199
01/09/2020,15:42,9.17,9.17,9.17,9.17, 169
01/09/2020,15:45,9.19,9.19,9.19,9.19, 4
01/09/2020,15:58,9.185,9.195,9.17,9.17, 836
01/09/2020,16:13,9.17,9.17,9.17,9.17, 1014
01/09/2020,16:32,9.185,9.185,9.175,9.175, 1761
01/09/2020,16:33,9.165,9.165,9.165,9.165, 1195
01/09/2020,16:34,9.165,9.165,9.14,9.155, 17335
01/09/2020,16:35,9.145,9.17,9.145,9.17, 1777
01/09/2020,16:38,9.18,9.18,9.18,9.18, 61
01/09/2020,16:43,9.18,9.18,9.18,9.18, 12
01/09/2020,16:44,9.165,9.165,9.165,9.165, 345
01/09/2020,16:47,9.165,9.165,9.165,9.165, 638
01/09/2020,16:53,9.165,9.185,9.165,9.185, 1061
01/09/2020,16:53,9.165,9.165,9.165,9.165, 619
01/09/2020,17:03,9.18,9.18,9.16,9.16, 3481
01/09/2020,17:05,9.16,9.175,9.16,9.16, 1017
01/09/2020,17:08,9.18,9.19,9.175,9.175, 12296
01/09/2020,17:09,9.17,9.17,9.16,9.16, 818
01/09/2020,17:18,9.175,9.175,9.175,9.175, 35
01/09/2020,17:20,9.175,9.175,9.16,9.16, 1228
01/09/2020,17:23,9.175,9.175,9.17,9.17, 899
01/09/2020,17:24,9.17,9.17,9.17,9.17, 927
01/09/2020,17:24,9.17,9.17,9.17,9.17, 173
01/09/2020,17:26,9.17,9.17,9.165,9.165, 441
01/09/2020,17:27,9.165,9.165,9.15,9.15, 580
01/09/2020,17:36,9.175,9.175,9.175,9.175, 19891
01/10/2020,09:01,9.22,9.22,9.22,9.22, 3027
01/10/2020,09:06,9.21,9.21,9.205,9.21, 567
01/10/2020,09:10,9.205,9.205,9.185,9.185, 1244
01/10/2020,10:01,9.2,9.2,9.19,9.195, 1411
01/10/2020,10:03,9.2,9.2,9.2,9.2, 65
01/10/2020,10:12,9.2,9.2,9.12,9.12, 23930
01/10/2020,10:13,9.12,9.12,9.1,9.1, 3850
01/10/2020,10:18,9.14,9.14,9.14,9.14, 228
01/10/2020,10:20,9.14,9.14,9.105,9.105, 1485
01/10/2020,10:24,9.14,9.14,9.14,9.14, 227
01/10/2020,10:28,9.14,9.145,9.14,9.145, 1200
01/10/2020,10:28,9.12,9.12,9.12,9.12, 1201
01/10/2020,10:37,9.145,9.15,9.145,9.15, 200
01/10/2020,10:39,9.15,9.15,9.15,9.15, 30
01/10/2020,10:44,9.15,9.15,9.13,9.13, 1049
01/10/2020,10:46,9.15,9.165,9.135,9.135, 2532
01/10/2020,10:49,9.14,9.14,9.095,9.1, 24728
01/10/2020,10:49,9.08,9.08,9.065,9.065, 1400
01/10/2020,10:52,9.095,9.1,9.095,9.1, 457
01/10/2020,10:58,9.165,9.165,9.13,9.135, 987
01/10/2020,11:03,9.135,9.135,9.1,9.1, 6208
01/10/2020,11:18,9.145,9.145,9.145,9.145, 129
01/10/2020,11:19,9.145,9.145,9.13,9.13, 702
01/10/2020,11:21,9.16,9.165,9.135,9.135, 1188
01/10/2020,11:30,9.165,9.165,9.165,9.165, 786
01/10/2020,11:30,9.155,9.155,9.135,9.135, 1357
01/10/2020,11:43,9.13,9.13,9.11,9.11, 985
01/10/2020,11:51,9.11,9.11,9.1,9.1, 1858
01/10/2020,11:57,9.1,9.115,9.1,9.1, 2182
01/10/2020,11:57,9.1,9.1,9.1,9.1, 342
01/10/2020,12:04,9.18,9.18,9.1,9.1, 991
01/10/2020,12:05,9.1,9.1,9.1,9.1, 490
01/10/2020,12:09,9.135,9.14,9.135,9.14, 1244
01/10/2020,12:09,9.13,9.13,9.13,9.13, 939
01/10/2020,12:18,9.155,9.155,9.155,9.155, 11
01/10/2020,12:35,9.155,9.155,9.135,9.135, 1461
01/10/2020,13:18,9.155,9.155,9.155,9.155, 5
01/10/2020,13:32,9.145,9.145,9.135,9.135, 2683
01/10/2020,13:38,9.15,9.15,9.15,9.15, 200
01/10/2020,13:55,9.13,9.13,9.13,9.13, 1150
01/10/2020,13:55,9.13,9.13,9.115,9.115, 1151
01/10/2020,14:05,9.11,9.11,9.11,9.11, 1837
01/10/2020,14:17,9.11,9.11,9.11,9.11, 48
01/10/2020,14:20,9.125,9.125,9.11,9.11, 408
01/10/2020,14:31,9.11,9.11,9.11,9.11, 2093
01/10/2020,14:32,9.11,9.11,9.105,9.105, 591
01/10/2020,14:38,9.125,9.125,9.125,9.125, 318
01/10/2020,14:40,9.105,9.105,9.105,9.105, 632
01/10/2020,14:51,9.11,9.11,9.1,9.1, 3080
01/10/2020,14:56,9.1,9.1,9.1,9.1, 1094
01/10/2020,14:58,9.1,9.125,9.1,9.11, 4363
01/10/2020,14:59,9.11,9.11,9.11,9.11, 1825
01/10/2020,15:20,9.12,9.12,9.105,9.105, 2418
01/10/2020,15:20,9.105,9.105,9.105,9.105, 1099
01/10/2020,15:25,9.105,9.105,9.105,9.105, 77
01/10/2020,15:28,9.105,9.105,9.1,9.1, 912
01/10/2020,15:28,9.105,9.105,9.105,9.105, 812
01/10/2020,15:33,9.12,9.12,9.12,9.12, 14
01/10/2020,15:34,9.105,9.11,9.105,9.11, 1458
01/10/2020,15:36,9.11,9.115,9.1,9.1, 2606
01/10/2020,15:37,9.12,9.12,9.12,9.12, 36
01/10/2020,15:40,9.12,9.12,9.12,9.12, 219
01/10/2020,15:41,9.12,9.125,9.12,9.125, 1000
01/10/2020,15:41,9.11,9.11,9.11,9.11, 384
01/10/2020,15:45,9.125,9.125,9.125,9.125, 4
01/10/2020,15:51,9.125,9.125,9.125,9.125, 3
01/10/2020,15:52,9.12,9.12,9.12,9.12, 104
01/10/2020,15:53,9.115,9.115,9.115,9.115, 2222
01/10/2020,15:55,9.12,9.12,9.12,9.12, 23
01/10/2020,15:58,9.12,9.12,9.11,9.11, 71
01/10/2020,16:01,9.12,9.12,9.12,9.12, 20
01/10/2020,16:04,9.12,9.12,9.12,9.12, 49
01/10/2020,16:05,9.11,9.11,9.11,9.11, 91
01/10/2020,16:05,9.12,9.125,9.11,9.11, 1792
01/10/2020,16:09,9.125,9.125,9.125,9.125, 400
01/10/2020,16:15,9.125,9.125,9.125,9.125, 55
01/10/2020,16:18,9.125,9.125,9.125,9.125, 92
01/10/2020,16:18,9.11,9.11,9.11,9.11, 889
01/10/2020,16:19,9.125,9.125,9.115,9.115, 2629
01/10/2020,16:24,9.11,9.11,9.11,9.11, 412
01/10/2020,16:27,9.125,9.125,9.125,9.125, 28
01/10/2020,16:30,9.12,9.12,9.115,9.115, 2643
01/10/2020,16:31,9.105,9.105,9.1,9.1, 4258
01/10/2020,16:33,9.105,9.105,9.105,9.105, 1098
01/10/2020,16:34,9.11,9.11,9.11,9.11, 302
01/10/2020,16:38,9.105,9.11,9.105,9.11, 698
01/10/2020,16:43,9.105,9.105,9.105,9.105, 92
01/10/2020,16:49,9.105,9.105,9.105,9.105, 7
01/10/2020,16:52,9.11,9.11,9.11,9.11, 1500
01/10/2020,16:53,9.11,9.11,9.105,9.105, 1393
01/10/2020,16:55,9.105,9.105,9.105,9.105, 841
01/10/2020,17:01,9.105,9.105,9.105,9.105, 242
01/10/2020,17:06,9.11,9.11,9.1,9.1, 2246
01/10/2020,17:07,9.105,9.105,9.1,9.105, 2408
01/10/2020,17:08,9.105,9.105,9.105,9.105, 4
01/10/2020,17:16,9.105,9.105,9.105,9.105, 176
01/10/2020,17:21,9.1,9.105,9.1,9.105, 1162
01/10/2020,17:22,9.105,9.11,9.1,9.1, 8992
01/10/2020,17:23,9.105,9.11,9.1,9.11, 1095
01/10/2020,17:23,9.105,9.105,9.105,9.105, 449
01/10/2020,17:25,9.11,9.11,9.11,9.11, 91
01/10/2020,17:25,9.105,9.105,9.105,9.105, 21
01/10/2020,17:27,9.105,9.105,9.1,9.1, 2446
01/10/2020,17:29,9.08,9.09,9.08,9.09, 908
01/10/2020,17:30,9.08,9.08,9.08,9.08, 54
01/10/2020,17:30,9.08,9.08,9.08,9.08, 66
01/10/2020,17:36,9.1,9.1,9.1,9.1, 32953
01/13/2020,09:01,9.145,9.145,9.145,9.145, 2190
01/13/2020,09:03,9.1,9.1,9.1,9.1, 252
01/13/2020,09:03,9.1,9.1,9.09,9.09, 1084
01/13/2020,09:12,9.1,9.1,9.1,9.1, 499
01/13/2020,09:16,9.1,9.1,9.1,9.1, 1200
01/13/2020,09:35,9.1,9.1,9.1,9.1, 1409
01/13/2020,09:44,9.1,9.12,9.1,9.12, 6530
01/13/2020,09:59,9.15,9.15,9.15,9.15, 77
01/13/2020,10:12,9.12,9.12,9.12,9.12, 844
01/13/2020,10:32,9.125,9.13,9.105,9.105, 922
01/13/2020,10:35,9.12,9.12,9.12,9.12, 340
01/13/2020,10:39,9.1,9.1,9.1,9.1, 329
01/13/2020,10:41,9.1,9.1,9.1,9.1, 233
01/13/2020,10:43,9.12,9.12,9.12,9.12, 100
01/13/2020,10:51,9.12,9.125,9.1,9.1, 1290
01/13/2020,10:52,9.1,9.1,9.1,9.1, 373
01/13/2020,10:56,9.1,9.1,9.1,9.1, 159
01/13/2020,11:01,9.1,9.1,9.1,9.1, 5200
01/13/2020,11:02,9.095,9.1,9.095,9.1, 1671
01/13/2020,11:07,9.095,9.095,9.095,9.095, 315
01/13/2020,11:23,9.1,9.1,9.1,9.1, 850
01/13/2020,11:34,9.09,9.09,9.09,9.09, 375
01/13/2020,11:38,9.1,9.1,9.1,9.1, 450
01/13/2020,11:39,9.095,9.095,9.095,9.095, 831
01/13/2020,11:44,9.1,9.1,9.1,9.1, 600
01/13/2020,11:51,9.1,9.1,9.1,9.1, 1000
01/13/2020,12:04,9.08,9.08,9.08,9.08, 75
01/13/2020,12:13,9.1,9.1,9.1,9.1, 641
01/13/2020,12:16,9.1,9.1,9.1,9.1, 680
01/13/2020,12:16,9.095,9.095,9.095,9.095, 1979
01/13/2020,12:27,9.1,9.1,9.1,9.1, 2198
01/13/2020,12:33,9.1,9.1,9.1,9.1, 15
01/13/2020,12:38,9.09,9.09,9.09,9.09, 305
01/13/2020,12:48,9.095,9.095,9.095,9.095, 5
01/13/2020,12:56,9.095,9.1,9.095,9.1, 1000
01/13/2020,13:06,9.1,9.1,9.1,9.1, 1000
01/13/2020,13:19,9.1,9.1,9.1,9.1, 3
01/13/2020,13:19,9.1,9.1,9.1,9.1, 500
01/13/2020,13:34,9.1,9.1,9.1,9.1, 2
01/13/2020,13:35,9.08,9.08,9.08,9.08, 912
01/13/2020,13:40,9.08,9.08,9.08,9.08, 578
01/13/2020,13:45,9.08,9.08,9.08,9.08, 1090
01/13/2020,13:48,9.095,9.095,9.095,9.095, 2
01/13/2020,13:57,9.095,9.1,9.095,9.1, 1172
01/13/2020,14:00,9.1,9.1,9.1,9.1, 108
01/13/2020,14:03,9.1,9.1,9.1,9.1, 2
01/13/2020,14:30,9.1,9.1,9.1,9.1, 1000
01/13/2020,14:42,9.085,9.085,9.085,9.085, 989
01/13/2020,14:43,9.1,9.1,9.1,9.1, 1425
01/13/2020,14:48,9.1,9.1,9.1,9.1, 492
01/13/2020,15:04,9.1,9.1,9.1,9.1, 1188
01/13/2020,15:10,9.1,9.1,9.1,9.1, 88
01/13/2020,15:26,9.085,9.085,9.085,9.085, 855
01/13/2020,15:32,9.085,9.1,9.085,9.095, 680
01/13/2020,15:34,9.1,9.1,9.1,9.1, 500
01/13/2020,15:43,9.085,9.085,9.085,9.085, 1152
01/13/2020,15:44,9.1,9.1,9.1,9.1, 600
01/13/2020,16:12,9.085,9.085,9.085,9.085, 305
01/13/2020,16:15,9.085,9.085,9.085,9.085, 95
01/13/2020,16:18,9.1,9.1,9.1,9.1, 600
01/13/2020,16:57,9.1,9.1,9.1,9.1, 366
01/13/2020,17:05,9.1,9.1,9.1,9.1, 1347
01/13/2020,17:07,9.1,9.1,9.1,9.1, 309
01/13/2020,17:08,9.1,9.1,9.1,9.1, 747
01/13/2020,17:11,9.1,9.1,9.1,9.1, 1715
01/13/2020,17:18,9.095,9.095,9.095,9.095, 624
01/13/2020,17:30,9.1,9.1,9.1,9.1, 4542
01/13/2020,17:30,9.1,9.1,9.1,9.1, 155
01/13/2020,17:36,9.1,9.1,9.1,9.1, 17230
01/14/2020,09:01,9.1,9.1,9.1,9.1, 2341
01/14/2020,09:02,9.1,9.1,9.1,9.1, 474
01/14/2020,09:07,9.08,9.08,9.08,9.08, 500
01/14/2020,09:24,9.095,9.1,9.08,9.08, 1250
01/14/2020,09:29,9.1,9.1,9.1,9.1, 700
01/14/2020,09:32,9.09,9.09,9.09,9.09, 1067
01/14/2020,09:34,9.09,9.09,9.08,9.08, 392
01/14/2020,09:36,9.08,9.08,9.08,9.08, 79
01/14/2020,09:39,9.08,9.08,9.08,9.08, 2
01/14/2020,09:39,9.08,9.08,9.07,9.07, 443
01/14/2020,09:42,9.07,9.07,9.07,9.07, 11
01/14/2020,09:50,9.07,9.07,9.07,9.07, 494
01/14/2020,09:53,9.07,9.07,9.07,9.07, 8
01/14/2020,09:56,9.07,9.07,9.07,9.07, 1799
01/14/2020,10:07,9.1,9.1,9.1,9.1, 188
01/14/2020,10:15,9.09,9.09,9.09,9.09, 26
01/14/2020,10:16,9.09,9.09,9.09,9.09, 545
01/14/2020,10:18,9.09,9.09,9.09,9.09, 11
01/14/2020,10:19,9.1,9.1,9.1,9.1, 11
01/14/2020,10:27,9.09,9.09,9.09,9.09, 10
01/14/2020,10:30,9.09,9.09,9.09,9.09, 2
01/14/2020,10:33,9.09,9.09,9.09,9.09, 47
01/14/2020,10:36,9.09,9.09,9.065,9.09, 7130
01/14/2020,10:38,9.09,9.09,9.09,9.09, 14
01/14/2020,10:40,9.09,9.09,9.09,9.09, 11
01/14/2020,10:40,9.09,9.09,9.09,9.09, 771
01/14/2020,10:46,9.1,9.1,9.1,9.1, 369
01/14/2020,10:48,9.095,9.095,9.095,9.095, 1020
01/14/2020,10:48,9.095,9.095,9.095,9.095, 440
01/14/2020,10:51,9.095,9.095,9.095,9.095, 6
01/14/2020,10:54,9.095,9.095,9.095,9.095, 5
01/14/2020,10:57,9.095,9.095,9.095,9.095, 4
01/14/2020,11:05,9.09,9.09,9.085,9.085, 1360
01/14/2020,11:14,9.095,9.1,9.095,9.1, 2197
01/14/2020,11:16,9.1,9.1,9.1,9.1, 2
01/14/2020,11:19,9.1,9.1,9.1,9.1, 408
01/14/2020,11:32,9.09,9.09,9.09,9.09, 11
01/14/2020,11:37,9.09,9.09,9.09,9.09, 1894
01/14/2020,11:50,9.1,9.1,9.1,9.1, 1000
01/14/2020,11:56,9.1,9.1,9.1,9.1, 200
01/14/2020,11:57,9.085,9.085,9.085,9.085, 732
01/14/2020,12:04,9.06,9.06,9.06,9.06, 376
01/14/2020,12:13,9.085,9.085,9.085,9.085, 760
01/14/2020,12:17,9.07,9.07,9.07,9.07, 1144
01/14/2020,12:41,9.08,9.08,9.08,9.08, 317
01/14/2020,13:15,9.08,9.08,9.08,9.08, 6
01/14/2020,13:17,9.09,9.09,9.085,9.09, 7611
01/14/2020,13:18,9.085,9.085,9.085,9.085, 884
01/14/2020,13:21,9.085,9.085,9.085,9.085, 621
01/14/2020,13:33,9.09,9.09,9.09,9.09, 400
01/14/2020,13:37,9.085,9.085,9.085,9.085, 1194
01/14/2020,13:39,9.09,9.09,9.09,9.09, 494
01/14/2020,13:53,9.07,9.07,9.07,9.07, 170
01/14/2020,14:07,9.085,9.085,9.085,9.085, 619
01/14/2020,14:28,9.075,9.08,9.075,9.08, 2030
01/14/2020,14:48,9.075,9.075,9.075,9.075, 320
01/14/2020,14:57,9.08,9.08,9.08,9.08, 85
01/14/2020,15:05,9.08,9.08,9.08,9.08, 110
01/14/2020,15:07,9.075,9.075,9.075,9.075, 470
01/14/2020,15:09,9.075,9.08,9.075,9.08, 3891
01/14/2020,15:16,9.07,9.07,9.07,9.07, 200
01/14/2020,15:28,9.075,9.075,9.065,9.065, 1165
01/14/2020,15:45,9.07,9.09,9.07,9.09, 2985
01/14/2020,15:49,9.085,9.085,9.085,9.085, 325
01/14/2020,15:59,9.08,9.08,9.08,9.08, 386
01/14/2020,16:02,9.085,9.085,9.085,9.085, 1160
01/14/2020,16:13,9.09,9.09,9.09,9.09, 618
01/14/2020,16:16,9.085,9.085,9.085,9.085, 1811
01/14/2020,16:21,9.08,9.08,9.08,9.08, 11
01/14/2020,16:21,9.075,9.075,9.075,9.075, 579
01/14/2020,16:23,9.085,9.085,9.075,9.075, 1581
01/14/2020,16:27,9.075,9.075,9.075,9.075, 1142
01/14/2020,16:29,9.085,9.085,9.085,9.085, 590
01/14/2020,16:42,9.09,9.09,9.09,9.09, 158
01/14/2020,16:49,9.085,9.085,9.085,9.085, 129
01/14/2020,16:52,9.09,9.09,9.09,9.09, 768
01/14/2020,16:59,9.09,9.09,9.09,9.09, 159
01/14/2020,17:06,9.09,9.09,9.09,9.09, 321
01/14/2020,17:17,9.09,9.09,9.09,9.09, 166
01/14/2020,17:20,9.09,9.09,9.09,9.09, 777
01/14/2020,17:23,9.09,9.09,9.09,9.09, 5417
01/14/2020,17:23,9.09,9.09,9.09,9.09, 52
01/14/2020,17:28,9.09,9.09,9.09,9.09, 164
01/14/2020,17:28,9.09,9.09,9.09,9.09, 514
01/14/2020,17:30,9.09,9.1,9.09,9.1, 4060
01/14/2020,17:30,9.1,9.1,9.1,9.1, 2040
01/14/2020,17:36,9.075,9.075,9.075,9.075, 30549
01/15/2020,09:01,9.125,9.125,9.125,9.125, 2728
01/15/2020,09:02,9.1,9.1,9.1,9.1, 1000
01/15/2020,09:11,9.1,9.1,9.06,9.06, 7370
01/15/2020,09:11,9.05,9.05,9.05,9.05, 500
01/15/2020,09:14,9.05,9.05,9.05,9.05, 130
01/15/2020,09:15,9.05,9.05,9.05,9.05, 2774
01/15/2020,09:29,9.07,9.07,9.03,9.03, 5132
01/15/2020,09:34,9.04,9.045,9.04,9.045, 248
01/15/2020,10:03,9.035,9.035,9.035,9.035, 540
01/15/2020,10:08,9.045,9.055,9.045,9.045, 1065
01/15/2020,10:10,9.05,9.05,9.05,9.05, 156
01/15/2020,10:20,9.035,9.035,9.03,9.03, 1000
01/15/2020,10:27,9.035,9.035,9.035,9.035, 446
01/15/2020,10:27,9.05,9.05,9.05,9.05, 192
01/15/2020,10:30,9.035,9.04,9.02,9.04, 1397
01/15/2020,10:53,9.025,9.035,9.025,9.025, 1104
01/15/2020,10:55,9.04,9.04,9.04,9.04, 440
01/15/2020,10:57,9.04,9.04,9.04,9.04, 450
01/15/2020,10:59,9.04,9.04,9.04,9.04, 196
01/15/2020,11:00,9.02,9.02,9.02,9.02, 2851
01/15/2020,11:02,9.01,9.02,9.01,9.02, 2595
01/15/2020,11:05,9.01,9.02,9,9.02, 14578
01/15/2020,11:07,8.995,8.995,8.99,8.99, 1085
01/15/2020,11:09,8.995,8.995,8.995,8.995, 418
01/15/2020,11:11,8.98,8.98,8.98,8.98, 851
01/15/2020,11:12,8.98,8.98,8.98,8.98, 179
01/15/2020,11:16,8.975,8.975,8.975,8.975, 44
01/15/2020,11:20,8.975,8.98,8.975,8.98, 531
01/15/2020,11:29,8.98,8.98,8.98,8.98, 952
01/15/2020,11:31,8.98,8.98,8.98,8.98, 287
01/15/2020,11:34,9,9,9,9, 158
01/15/2020,11:38,9,9,9,9, 169
01/15/2020,11:48,9,9,9,9, 54
01/15/2020,11:53,9,9,9,9, 574
01/15/2020,11:53,9,9,9,9, 1671
01/15/2020,11:55,9,9,9,9, 300
01/15/2020,11:58,8.99,9.005,8.99,9.005, 1140
01/15/2020,12:00,9.015,9.015,9.015,9.015, 265
01/15/2020,12:04,8.995,8.995,8.995,8.995, 117
01/15/2020,12:09,9,9,9,9, 1000
01/15/2020,12:11,9,9,9,9, 727
01/15/2020,12:12,8.995,8.995,8.99,8.99, 1500
01/15/2020,12:15,8.99,8.99,8.975,8.975, 2610
01/15/2020,12:18,8.975,8.975,8.975,8.975, 617
01/15/2020,12:27,8.96,8.96,8.95,8.96, 2649
01/15/2020,12:32,8.97,8.97,8.97,8.97, 576
01/15/2020,12:39,8.975,8.975,8.975,8.975, 312
01/15/2020,12:47,8.975,8.975,8.975,8.975, 1371
01/15/2020,12:49,8.99,8.99,8.99,8.99, 85
01/15/2020,12:49,8.99,9,8.99,9, 1106
01/15/2020,12:51,9,9,9,9, 179
01/15/2020,12:52,9,9.02,9,9.02, 1280
01/15/2020,12:54,9.025,9.025,9.025,9.025, 183
01/15/2020,13:02,9.025,9.025,9.025,9.025, 184
01/15/2020,13:03,9.025,9.025,9.025,9.025, 244
01/15/2020,13:05,9.025,9.025,9.025,9.025, 196
01/15/2020,13:09,9.03,9.03,9.03,9.03, 135
01/15/2020,13:20,9.03,9.03,9.03,9.03, 227
01/15/2020,13:20,9.03,9.03,9.03,9.03, 238
01/15/2020,13:27,9.035,9.035,9.02,9.02, 672
01/15/2020,13:29,9.02,9.02,9.02,9.02, 1010
01/15/2020,13:40,9.015,9.015,9.015,9.015, 522
01/15/2020,13:47,9.02,9.025,9.02,9.025, 1000
01/15/2020,13:55,9.015,9.015,9,9, 313
01/15/2020,14:16,9.015,9.015,9.015,9.015, 330
01/15/2020,14:19,9,9,9,9, 18
01/15/2020,14:20,9.015,9.02,9.015,9.02, 1236
01/15/2020,14:32,9.02,9.02,9.02,9.02, 434
01/15/2020,14:33,9.015,9.015,9.015,9.015, 123
01/15/2020,14:43,9.015,9.015,9.015,9.015, 85
01/15/2020,14:48,9,9,9,9, 31
01/15/2020,14:50,9,9,9,9, 345
01/15/2020,14:53,9.015,9.015,9.015,9.015, 776
01/15/2020,15:03,9,9,9,9, 67
01/15/2020,15:08,9.005,9.005,9.005,9.005, 506
01/15/2020,15:16,9.02,9.02,9.02,9.02, 1000
01/15/2020,15:18,9.01,9.01,9.01,9.01, 96
01/15/2020,15:22,9.01,9.01,9.01,9.01, 900
01/15/2020,15:23,9.01,9.01,9.01,9.01, 33
01/15/2020,15:24,9.01,9.01,9.005,9.005, 90
01/15/2020,15:33,8.985,8.985,8.985,8.985, 45
01/15/2020,15:36,8.985,8.985,8.985,8.985, 36
01/15/2020,15:37,9,9,9,9, 397
01/15/2020,15:39,8.985,8.985,8.985,8.985, 29
01/15/2020,15:40,9.005,9.005,9.005,9.005, 15
01/15/2020,15:41,9.005,9.02,9.005,9.02, 1658
01/15/2020,15:42,8.985,8.985,8.985,8.985, 23
01/15/2020,15:45,8.985,8.985,8.985,8.985, 18
01/15/2020,15:51,8.985,8.985,8.985,8.985, 12
01/15/2020,15:53,9.005,9.005,9.005,9.005, 310
01/15/2020,15:58,9.01,9.015,9.01,9.015, 100
01/15/2020,16:08,9.005,9.005,9.005,9.005, 5
01/15/2020,16:09,9.02,9.02,9.02,9.02, 617
01/15/2020,16:12,9.01,9.01,9.01,9.01, 27
01/15/2020,16:15,9.01,9.01,9.01,9.01, 63
01/15/2020,16:21,9.015,9.015,9.015,9.015, 117
01/15/2020,16:23,9.015,9.015,9.015,9.015, 431
01/15/2020,16:27,9.01,9.01,9.01,9.01, 19
01/15/2020,16:30,9.01,9.01,9.01,9.01, 6
01/15/2020,16:30,9.01,9.01,9.01,9.01, 138
01/15/2020,16:36,9.005,9.005,9.005,9.005, 15
01/15/2020,16:54,9.005,9.005,9.005,9.005, 4
01/15/2020,16:57,9.01,9.01,9.01,9.01, 142
01/15/2020,17:09,9.02,9.02,9.02,9.02, 67
01/15/2020,17:10,9.02,9.02,9.015,9.015, 1320
01/15/2020,17:14,9.01,9.01,9.01,9.01, 10
01/15/2020,17:20,9.015,9.015,9.015,9.015, 526
01/15/2020,17:27,9.025,9.03,9.025,9.03, 2190
01/15/2020,17:30,9.025,9.025,9.01,9.02, 728
01/15/2020,17:36,9.02,9.02,9.02,9.02, 18840
01/16/2020,09:01,9.06,9.06,9.06,9.06, 815
01/16/2020,09:06,9.02,9.02,9.02,9.02, 25
01/16/2020,09:09,9.02,9.02,9.02,9.02, 500
01/16/2020,09:10,9.02,9.02,9.01,9.01, 1624
01/16/2020,09:11,9,9,9,9, 21
01/16/2020,09:20,9.01,9.03,9,9, 1890
01/16/2020,10:13,9,9,9,9, 1000
01/16/2020,10:15,9.02,9.02,9.02,9.02, 450
01/16/2020,10:16,9,9,9,9, 2501
01/16/2020,10:18,8.985,8.985,8.985,8.985, 577
01/16/2020,10:51,8.975,8.975,8.95,8.95, 863
01/16/2020,10:57,8.97,8.97,8.97,8.97, 105
01/16/2020,11:07,8.97,8.97,8.97,8.97, 245
01/16/2020,11:25,8.97,8.97,8.97,8.97, 200
01/16/2020,11:31,8.97,8.97,8.97,8.97, 100
01/16/2020,11:37,8.97,8.97,8.97,8.97, 300
01/16/2020,11:38,8.97,8.97,8.97,8.97, 557
01/16/2020,11:39,8.97,8.985,8.97,8.985, 2800
01/16/2020,11:43,8.99,8.995,8.99,8.995, 600
01/16/2020,11:56,8.985,8.985,8.96,8.96, 928
01/16/2020,11:58,8.95,8.95,8.95,8.95, 4704
01/16/2020,12:04,8.94,8.94,8.94,8.94, 2483
01/16/2020,12:10,8.945,8.945,8.935,8.935, 5000
01/16/2020,12:18,8.92,8.92,8.92,8.92, 11
01/16/2020,12:21,8.95,8.955,8.95,8.955, 1300
01/16/2020,12:25,8.95,8.95,8.95,8.95, 150
01/16/2020,12:52,8.925,8.925,8.9,8.9, 11341
01/16/2020,12:57,8.915,8.915,8.915,8.915, 700
01/16/2020,12:58,8.915,8.915,8.915,8.915, 503
01/16/2020,13:01,8.915,8.92,8.915,8.92, 6080
01/16/2020,13:12,8.935,8.935,8.935,8.935, 344
01/16/2020,13:14,8.935,8.935,8.935,8.935, 10
01/16/2020,13:16,8.935,8.935,8.935,8.935, 8
01/16/2020,13:20,8.935,8.955,8.935,8.955, 292
01/16/2020,13:21,8.94,8.94,8.925,8.925, 5000
01/16/2020,13:22,8.93,8.93,8.93,8.93, 447
01/16/2020,13:29,8.945,8.945,8.945,8.945, 600
01/16/2020,13:50,8.925,8.925,8.905,8.905, 6700
01/16/2020,14:12,8.935,8.94,8.935,8.94, 555
01/16/2020,14:17,8.935,8.935,8.925,8.925, 726
01/16/2020,14:39,8.94,8.94,8.94,8.94, 926
01/16/2020,14:40,8.94,8.95,8.94,8.95, 1450
01/16/2020,14:46,8.92,8.92,8.905,8.905, 7451
01/16/2020,14:49,8.93,8.935,8.93,8.935, 2700
01/16/2020,14:50,8.91,8.91,8.91,8.91, 631
01/16/2020,15:02,8.925,8.935,8.925,8.935, 1450
01/16/2020,15:08,8.955,8.96,8.955,8.96, 2000
01/16/2020,15:14,8.955,8.97,8.93,8.93, 3690
01/16/2020,15:42,8.955,8.955,8.955,8.955, 992
01/16/2020,15:45,8.955,8.955,8.955,8.955, 400
01/16/2020,15:56,8.94,8.94,8.92,8.92, 1230
01/16/2020,16:03,8.955,8.955,8.955,8.955, 761
01/16/2020,16:28,8.955,8.955,8.955,8.955, 735
01/16/2020,16:50,8.965,8.965,8.94,8.96, 7035
01/16/2020,16:55,8.96,8.96,8.96,8.96, 100
01/16/2020,16:56,8.945,8.945,8.945,8.945, 100
01/16/2020,16:57,8.95,8.95,8.95,8.95, 1200
01/16/2020,16:58,8.96,8.96,8.96,8.96, 75
01/16/2020,17:12,8.96,8.96,8.96,8.96, 75
01/16/2020,17:22,8.96,8.96,8.96,8.96, 526
01/16/2020,17:23,8.96,8.96,8.96,8.96, 832
01/16/2020,17:29,8.96,8.96,8.96,8.96, 4
01/16/2020,17:30,8.97,8.97,8.97,8.97, 129
01/16/2020,17:36,8.985,8.985,8.985,8.985, 42547
01/17/2020,09:01,8.98,8.98,8.975,8.975, 1118
01/17/2020,09:05,8.97,8.97,8.955,8.955, 2250
01/17/2020,09:09,8.98,8.995,8.98,8.995, 600
01/17/2020,09:10,9,9.025,9,9.025, 5441
01/17/2020,09:15,9.03,9.03,9.025,9.025, 1659
01/17/2020,09:16,9.01,9.01,9.01,9.01, 31
01/17/2020,09:20,9.04,9.05,9.04,9.05, 3500
01/17/2020,09:25,9.03,9.03,9.03,9.03, 169
01/17/2020,09:33,9.015,9.015,9.015,9.015, 25
01/17/2020,09:34,9.015,9.035,9.005,9.035, 387
01/17/2020,09:35,9.01,9.01,9.01,9.01, 100
01/17/2020,09:38,9.04,9.045,9.04,9.045, 750
01/17/2020,09:49,9.04,9.05,9.04,9.05, 1100
01/17/2020,10:04,9.04,9.06,9.04,9.06, 24951
01/17/2020,10:05,9.08,9.08,9.08,9.08, 178
01/17/2020,10:08,9.085,9.085,9.085,9.085, 174
01/17/2020,10:12,9.06,9.06,9.06,9.06, 25
01/17/2020,10:15,9.06,9.06,9.05,9.05, 667
01/17/2020,10:21,9.05,9.05,9.05,9.05, 79
01/17/2020,10:23,9.055,9.055,9.055,9.055, 281
01/17/2020,10:27,9.055,9.055,9.055,9.055, 45
01/17/2020,10:31,9.055,9.055,9.055,9.055, 508
01/17/2020,10:39,9.055,9.055,9.05,9.05, 156
01/17/2020,10:42,9.05,9.05,9.05,9.05, 70
01/17/2020,10:47,9.05,9.05,9.05,9.05, 408
01/17/2020,10:50,9.05,9.05,9.05,9.05, 85
01/17/2020,10:54,9.05,9.05,9.05,9.05, 14
01/17/2020,10:56,9.05,9.05,9.05,9.05, 310
01/17/2020,10:58,9.07,9.08,9.07,9.08, 1000
01/17/2020,11:06,9.05,9.055,9.05,9.05, 8244
01/17/2020,11:10,9.025,9.025,9.025,9.025, 253
01/17/2020,11:17,9.01,9.01,9.01,9.01, 1100
01/17/2020,11:22,9,9,9,9, 1
01/17/2020,11:26,9.01,9.01,9.01,9.01, 1944
01/17/2020,11:42,9,9,9,9, 2474
01/17/2020,11:43,9.015,9.015,9.015,9.015, 123
01/17/2020,11:47,9.015,9.015,9.015,9.015, 461
01/17/2020,12:06,8.99,8.99,8.99,8.99, 116
01/17/2020,12:10,9.02,9.02,9.02,9.02, 1029
01/17/2020,12:45,9.02,9.02,9.02,9.02, 677
01/17/2020,12:50,9.02,9.02,9.02,9.02, 63
01/17/2020,12:51,9.025,9.025,9.025,9.025, 195
01/17/2020,13:07,9.025,9.025,9.025,9.025, 663
01/17/2020,13:16,9.04,9.04,9.04,9.04, 200
01/17/2020,13:17,9.025,9.025,9.025,9.025, 96
01/17/2020,13:40,9.03,9.03,9.03,9.03, 514
01/17/2020,13:49,9.03,9.03,9.03,9.03, 42
01/17/2020,14:04,9.035,9.035,9.035,9.035, 213
01/17/2020,14:18,9.03,9.03,9.03,9.03, 32
01/17/2020,14:19,9.04,9.04,9.04,9.04, 120
01/17/2020,14:24,9.04,9.04,9.04,9.04, 406
01/17/2020,14:33,9.035,9.035,9.035,9.035, 26
01/17/2020,14:39,9.04,9.04,9.04,9.04, 580
01/17/2020,14:47,9.045,9.045,9.045,9.045, 16
01/17/2020,14:53,9.05,9.05,9.05,9.05, 510
01/17/2020,15:02,9.05,9.065,9.05,9.065, 2162
01/17/2020,15:04,9.05,9.05,9.05,9.05, 131
01/17/2020,15:12,9.05,9.05,9.045,9.045, 285
01/17/2020,15:28,9.035,9.035,9.035,9.035, 1375
01/17/2020,15:32,9.05,9.05,9.05,9.05, 461
01/17/2020,15:36,9.03,9.03,9.03,9.03, 38
01/17/2020,15:42,9.03,9.03,9.03,9.03, 30
01/17/2020,15:48,9.035,9.035,9.035,9.035, 69
01/17/2020,15:53,9.035,9.035,9.03,9.03, 1470
01/17/2020,15:56,9.045,9.045,9.045,9.045, 431
01/17/2020,16:09,9.025,9.025,9.025,9.025, 14
01/17/2020,16:12,9.025,9.025,9.025,9.025, 78
01/17/2020,16:18,9.025,9.025,9.015,9.015, 656
01/17/2020,16:21,9.015,9.015,9.015,9.015, 369
01/17/2020,16:40,9.02,9.02,9.02,9.02, 500
01/17/2020,16:46,9.015,9.02,9.015,9.02, 1097
01/17/2020,16:54,9.015,9.015,9.015,9.015, 208
01/17/2020,17:06,9.015,9.015,9.015,9.015, 98
01/17/2020,17:08,9.015,9.015,9.015,9.015, 369
01/17/2020,17:19,9.015,9.015,9.015,9.015, 55
01/17/2020,17:23,9.015,9.015,9.015,9.015, 1295
01/17/2020,17:24,9.01,9.01,9.005,9.005, 3381
01/17/2020,17:30,9,9,9,9, 1798
01/17/2020,17:36,9.025,9.025,9.025,9.025, 12540
01/20/2020,09:01,9.03,9.03,9.03,9.03, 409
01/20/2020,09:01,9.02,9.02,9.02,9.02, 300
01/20/2020,09:04,9,9,9,9, 250
01/20/2020,09:11,8.965,8.965,8.965,8.965, 11620
01/20/2020,09:12,8.965,8.965,8.965,8.965, 500
01/20/2020,09:12,8.94,8.94,8.94,8.94, 600
01/20/2020,09:18,9.01,9.01,9.01,9.01, 279
01/20/2020,09:21,9.01,9.01,9.01,9.01, 78
01/20/2020,09:22,9.01,9.01,8.995,8.995, 1320
01/20/2020,09:24,9.01,9.01,9.01,9.01, 111
01/20/2020,09:27,8.995,8.995,8.995,8.995, 32
01/20/2020,09:31,9.01,9.01,9.01,9.01, 52
01/20/2020,09:36,9,9,8.985,8.985, 1384
01/20/2020,09:41,8.995,8.995,8.995,8.995, 156
01/20/2020,09:44,9,9,9,9, 98
01/20/2020,09:47,9,9,9,9, 1100
01/20/2020,09:49,9,9,9,9, 200
01/20/2020,10:03,8.98,8.98,8.98,8.98, 415
01/20/2020,10:06,8.975,8.975,8.975,8.975, 24
01/20/2020,10:12,8.995,9,8.995,9, 500
01/20/2020,10:32,8.995,9.01,8.995,9.01, 2777
01/20/2020,10:44,8.975,8.975,8.975,8.975, 1755
01/20/2020,10:44,8.975,8.975,8.975,8.975, 218
01/20/2020,11:01,8.985,8.985,8.985,8.985, 210
01/20/2020,11:08,8.985,9,8.985,9, 1000
01/20/2020,11:10,8.975,8.99,8.97,8.99, 750
01/20/2020,11:15,8.985,8.985,8.985,8.985, 560
01/20/2020,11:33,9,9,9,9, 298
01/20/2020,11:38,8.995,8.995,8.985,8.985, 6514
01/20/2020,11:39,8.965,8.965,8.965,8.965, 1521
01/20/2020,11:56,8.98,8.98,8.98,8.98, 24
01/20/2020,12:04,8.965,8.965,8.965,8.965, 83
01/20/2020,12:11,8.98,8.98,8.98,8.98, 83
01/20/2020,12:19,8.985,8.985,8.985,8.985, 93
01/20/2020,12:33,8.985,8.985,8.985,8.985, 107
01/20/2020,12:48,8.985,8.985,8.985,8.985, 58
01/20/2020,13:04,8.985,8.985,8.985,8.985, 94
01/20/2020,13:20,8.985,8.985,8.985,8.985, 52
01/20/2020,13:33,8.985,8.985,8.985,8.985, 41
01/20/2020,13:40,8.985,8.985,8.985,8.985, 150
01/20/2020,13:48,8.985,8.985,8.985,8.985, 74
01/20/2020,14:03,8.985,8.985,8.985,8.985, 40
01/20/2020,14:17,8.98,8.98,8.955,8.955, 1308
01/20/2020,14:20,8.975,8.975,8.975,8.975, 190
01/20/2020,14:27,8.99,8.99,8.99,8.99, 1000
01/20/2020,14:34,8.99,8.99,8.99,8.99, 1010
01/20/2020,14:42,8.97,8.97,8.97,8.97, 560
01/20/2020,14:56,8.97,8.97,8.955,8.955, 4300
01/20/2020,15:13,8.99,8.99,8.99,8.99, 300
01/20/2020,15:14,8.98,8.99,8.98,8.99, 2215
01/20/2020,15:15,8.97,8.97,8.96,8.96, 860
01/20/2020,15:39,8.97,8.975,8.97,8.975, 1100
01/20/2020,15:50,8.965,8.965,8.965,8.965, 1717
01/20/2020,15:51,8.96,8.96,8.96,8.96, 365
01/20/2020,15:56,8.965,8.965,8.965,8.965, 402
01/20/2020,16:11,8.975,8.975,8.975,8.975, 150
01/20/2020,16:14,8.975,8.98,8.975,8.98, 600
01/20/2020,16:17,8.97,8.985,8.97,8.985, 1500
01/20/2020,16:26,8.965,8.965,8.965,8.965, 162
01/20/2020,16:47,8.965,8.965,8.965,8.965, 88
01/20/2020,16:50,8.96,8.96,8.95,8.95, 4022
01/20/2020,16:56,8.97,8.97,8.97,8.97, 500
01/20/2020,17:14,8.955,8.955,8.955,8.955, 228
01/20/2020,17:27,8.96,8.96,8.96,8.96, 1574
01/20/2020,17:30,8.975,8.975,8.97,8.97, 1233
01/20/2020,17:30,8.975,8.975,8.975,8.975, 300
01/20/2020,17:36,8.95,8.95,8.95,8.95, 19966
01/21/2020,09:01,8.965,8.965,8.965,8.965, 3271
01/21/2020,09:02,8.95,8.95,8.95,8.95, 124
01/21/2020,09:06,8.95,8.95,8.95,8.95, 3371
01/21/2020,09:11,8.945,8.945,8.945,8.945, 111
01/21/2020,09:14,8.94,8.94,8.94,8.94, 865
01/21/2020,09:15,8.935,8.935,8.935,8.935, 169
01/21/2020,09:16,8.93,8.93,8.91,8.91, 1241
01/21/2020,09:29,8.91,8.91,8.9,8.9, 31959
01/21/2020,09:29,8.9,8.9,8.9,8.9, 105
01/21/2020,09:31,8.9,8.9,8.9,8.9, 3930
01/21/2020,09:34,8.905,8.905,8.905,8.905, 305
01/21/2020,09:35,8.91,8.91,8.91,8.91, 1980
01/21/2020,09:41,8.91,8.915,8.9,8.9, 2722
01/21/2020,09:42,8.91,8.91,8.9,8.9, 1134
01/21/2020,09:44,8.91,8.91,8.91,8.91, 500
01/21/2020,09:46,8.9,8.9,8.9,8.9, 548
01/21/2020,09:55,8.91,8.91,8.91,8.91, 225
01/21/2020,09:58,8.91,8.91,8.91,8.91, 2000
01/21/2020,10:01,8.91,8.915,8.905,8.91, 1002
01/21/2020,10:03,8.905,8.905,8.905,8.905, 10
01/21/2020,10:04,8.91,8.92,8.91,8.92, 1500
01/21/2020,10:07,8.91,8.925,8.91,8.925, 650
01/21/2020,10:19,8.91,8.91,8.91,8.91, 558
01/21/2020,10:24,8.91,8.91,8.91,8.91, 264
01/21/2020,10:26,8.92,8.92,8.92,8.92, 1000
01/21/2020,10:28,8.92,8.92,8.92,8.92, 100
01/21/2020,10:29,8.91,8.915,8.91,8.915, 876
01/21/2020,10:43,8.92,8.92,8.885,8.885, 7148
01/21/2020,10:50,8.88,8.88,8.875,8.875, 605
01/21/2020,10:53,8.875,8.885,8.875,8.885, 1326
01/21/2020,11:04,8.88,8.88,8.88,8.88, 1005
01/21/2020,11:04,8.88,8.895,8.88,8.895, 2000
01/21/2020,11:15,8.89,8.895,8.89,8.895, 700
01/21/2020,11:24,8.875,8.875,8.87,8.87, 300
01/21/2020,11:42,8.87,8.87,8.87,8.87, 80
01/21/2020,11:52,8.89,8.89,8.89,8.89, 529
01/21/2020,11:55,8.89,8.89,8.89,8.89, 694
01/21/2020,12:04,8.9,8.9,8.9,8.9, 26
01/21/2020,12:13,8.9,8.9,8.9,8.9, 560
01/21/2020,12:17,8.9,8.9,8.9,8.9, 1000
01/21/2020,12:32,8.9,8.91,8.885,8.885, 8082
01/21/2020,12:39,8.9,8.9,8.9,8.9, 115
01/21/2020,13:01,8.9,8.9,8.895,8.895, 1255
01/21/2020,13:07,8.915,8.915,8.915,8.915, 200
01/21/2020,13:17,8.925,8.925,8.925,8.925, 1000
01/21/2020,13:21,8.925,8.925,8.925,8.925, 600
01/21/2020,13:40,8.925,8.925,8.905,8.905, 2014
01/21/2020,13:50,8.925,8.925,8.925,8.925, 264
01/21/2020,14:16,8.925,8.925,8.925,8.925, 1194
01/21/2020,14:16,8.915,8.915,8.91,8.91, 2805
01/21/2020,14:22,8.92,8.925,8.91,8.915, 3917
01/21/2020,14:27,8.91,8.91,8.905,8.905, 2852
01/21/2020,14:33,8.905,8.905,8.905,8.905, 70
01/21/2020,14:38,8.905,8.905,8.905,8.905, 506
01/21/2020,14:42,8.91,8.91,8.91,8.91, 57
01/21/2020,15:04,8.915,8.915,8.915,8.915, 796
01/21/2020,15:19,8.92,8.92,8.92,8.92, 447
01/21/2020,15:29,8.92,8.92,8.92,8.92, 120
01/21/2020,15:35,8.92,8.92,8.92,8.92, 120
01/21/2020,15:50,8.905,8.905,8.905,8.905, 1151
01/21/2020,15:59,8.9,8.9,8.9,8.9, 1466
01/21/2020,16:04,8.91,8.915,8.91,8.915, 1100
01/21/2020,16:06,8.91,8.92,8.91,8.92, 1700
01/21/2020,16:29,8.905,8.905,8.905,8.905, 229
01/21/2020,16:36,8.905,8.905,8.905,8.905, 794
01/21/2020,16:54,8.905,8.905,8.905,8.905, 161
01/21/2020,17:08,8.905,8.905,8.905,8.905, 112
01/21/2020,17:18,8.905,8.905,8.905,8.905, 70
01/21/2020,17:24,8.91,8.91,8.91,8.91, 592
01/21/2020,17:25,8.905,8.905,8.905,8.905, 3
01/21/2020,17:26,8.91,8.91,8.91,8.91, 561
01/21/2020,17:29,8.91,8.91,8.91,8.91, 235
01/21/2020,17:30,8.91,8.91,8.91,8.91, 212
01/21/2020,17:30,8.91,8.91,8.91,8.91, 83
01/21/2020,17:36,8.915,8.915,8.915,8.915, 11024
01/22/2020,09:01,8.95,8.95,8.95,8.95, 2271
01/22/2020,09:04,8.95,8.95,8.95,8.95, 124
01/22/2020,09:05,8.965,8.965,8.965,8.965, 104
01/22/2020,09:07,8.965,8.965,8.95,8.95, 1088
01/22/2020,09:14,8.915,8.915,8.915,8.915, 4
01/22/2020,09:36,8.915,8.915,8.915,8.915, 595
01/22/2020,09:40,8.91,8.91,8.9,8.9, 2000
01/22/2020,09:43,8.925,8.925,8.925,8.925, 578
01/22/2020,09:44,8.925,8.925,8.925,8.925, 282
01/22/2020,09:51,8.93,8.935,8.93,8.935, 600
01/22/2020,10:03,8.925,8.925,8.925,8.925, 27
01/22/2020,10:07,8.925,8.925,8.925,8.925, 100
01/22/2020,10:10,8.925,8.925,8.92,8.92, 883
01/22/2020,10:10,8.92,8.92,8.92,8.92, 60
01/22/2020,10:11,8.93,8.93,8.93,8.93, 550
01/22/2020,10:13,8.92,8.92,8.92,8.92, 354
01/22/2020,10:16,8.915,8.915,8.915,8.915, 2393
01/22/2020,10:18,8.91,8.91,8.91,8.91, 484
01/22/2020,10:24,8.9,8.9,8.9,8.9, 410
01/22/2020,10:27,8.915,8.92,8.915,8.92, 500
01/22/2020,10:31,8.905,8.905,8.905,8.905, 500
01/22/2020,10:55,8.905,8.905,8.905,8.905, 42
01/22/2020,11:01,8.905,8.905,8.905,8.905, 34
01/22/2020,11:06,8.905,8.91,8.89,8.905, 4577
01/22/2020,11:09,8.91,8.91,8.91,8.91, 300
01/22/2020,11:09,8.91,8.91,8.91,8.91, 560
01/22/2020,11:16,8.91,8.915,8.91,8.915, 1110
01/22/2020,11:21,8.91,8.91,8.91,8.91, 500
01/22/2020,11:35,8.91,8.91,8.91,8.91, 203
01/22/2020,11:44,8.91,8.91,8.91,8.91, 368
01/22/2020,11:49,8.9,8.9,8.9,8.9, 57
01/22/2020,11:56,8.92,8.92,8.92,8.92, 1000
01/22/2020,12:04,8.9,8.91,8.9,8.91, 3215
01/22/2020,12:11,8.9,8.915,8.9,8.915, 582
01/22/2020,12:14,8.905,8.905,8.9,8.9, 2100
01/22/2020,12:18,8.905,8.905,8.905,8.905, 497
01/22/2020,12:19,8.92,8.92,8.92,8.92, 333
01/22/2020,12:21,8.92,8.935,8.905,8.91, 4284
01/22/2020,12:30,8.92,8.93,8.92,8.93, 2245
01/22/2020,12:56,8.92,8.92,8.915,8.915, 591
01/22/2020,13:03,8.91,8.91,8.91,8.91, 23
01/22/2020,13:04,8.92,8.92,8.92,8.92, 699
01/22/2020,13:18,8.915,8.915,8.915,8.915, 259
01/22/2020,13:22,8.915,8.915,8.915,8.915, 554
01/22/2020,13:29,8.94,8.945,8.94,8.945, 2200
01/22/2020,13:32,8.925,8.925,8.925,8.925, 303
01/22/2020,13:35,8.945,8.945,8.945,8.945, 498
01/22/2020,13:48,8.935,8.935,8.935,8.935, 559
01/22/2020,13:50,8.925,8.925,8.925,8.925, 100
01/22/2020,14:20,8.925,8.925,8.925,8.925, 61
01/22/2020,14:20,8.945,8.95,8.945,8.95, 1100
01/22/2020,14:26,8.94,8.94,8.92,8.92, 1009
01/22/2020,14:32,8.905,8.905,8.9,8.9, 466
01/22/2020,14:34,8.9,8.9,8.9,8.9, 55
01/22/2020,14:42,8.9,8.9,8.9,8.9, 124
01/22/2020,14:48,8.9,8.9,8.9,8.9, 70
01/22/2020,14:51,8.9,8.9,8.9,8.9, 510
01/22/2020,15:00,8.91,8.91,8.91,8.91, 860
01/22/2020,15:02,8.895,8.895,8.89,8.89, 1450
01/22/2020,15:04,8.9,8.9,8.9,8.9, 224
01/22/2020,15:09,8.9,8.9,8.9,8.9, 681
01/22/2020,15:18,8.89,8.89,8.89,8.89, 86
01/22/2020,15:35,8.89,8.89,8.89,8.89, 187
01/22/2020,15:51,8.89,8.89,8.89,8.89, 165
01/22/2020,15:54,8.905,8.905,8.905,8.905, 400
01/22/2020,15:55,8.89,8.89,8.89,8.89, 368
01/22/2020,16:02,8.9,8.9,8.9,8.9, 203
01/22/2020,16:03,8.9,8.9,8.9,8.9, 122
01/22/2020,16:04,8.9,8.9,8.9,8.9, 445
01/22/2020,16:13,8.905,8.905,8.905,8.905, 200
01/22/2020,16:18,8.905,8.91,8.9,8.9, 1291
01/22/2020,16:24,8.9,8.9,8.9,8.9, 512
01/22/2020,16:28,8.9,8.9,8.895,8.895, 176
01/22/2020,16:30,8.89,8.89,8.89,8.89, 132
01/22/2020,16:32,8.905,8.905,8.89,8.89, 827
01/22/2020,16:46,8.89,8.89,8.855,8.855, 21989
01/22/2020,16:47,8.855,8.855,8.855,8.855, 700
01/22/2020,16:48,8.87,8.87,8.855,8.855, 1728
01/22/2020,16:53,8.865,8.865,8.86,8.86, 1816
01/22/2020,16:53,8.865,8.865,8.865,8.865, 294
01/22/2020,16:55,8.865,8.865,8.865,8.865, 256
01/22/2020,16:57,8.87,8.87,8.87,8.87, 4706
01/22/2020,16:58,8.89,8.89,8.875,8.875, 1929
01/22/2020,16:59,8.875,8.875,8.865,8.865, 2000
01/22/2020,16:59,8.865,8.865,8.865,8.865, 250
01/22/2020,17:01,8.875,8.875,8.875,8.875, 547
01/22/2020,17:03,8.88,8.88,8.88,8.88, 281
01/22/2020,17:06,8.88,8.89,8.88,8.885, 1272
01/22/2020,17:07,8.885,8.885,8.88,8.88, 535
01/22/2020,17:08,8.88,8.88,8.88,8.88, 52
01/22/2020,17:13,8.87,8.87,8.87,8.87, 377
01/22/2020,17:14,8.87,8.87,8.87,8.87, 605
01/22/2020,17:18,8.865,8.865,8.865,8.865, 558
01/22/2020,17:19,8.865,8.865,8.865,8.865, 78
01/22/2020,17:21,8.87,8.87,8.87,8.87, 500
01/22/2020,17:27,8.865,8.865,8.865,8.865, 39
01/22/2020,17:28,8.87,8.875,8.87,8.875, 2442
01/22/2020,17:29,8.885,8.885,8.885,8.885, 857
01/22/2020,17:30,8.885,8.885,8.885,8.885, 222
01/22/2020,17:30,8.885,8.885,8.885,8.885, 376
01/22/2020,17:36,8.88,8.88,8.88,8.88, 23270
01/23/2020,09:01,8.88,8.88,8.88,8.88, 188
01/23/2020,09:06,8.88,8.88,8.88,8.88, 446
01/23/2020,09:30,8.88,8.88,8.88,8.88, 200
01/23/2020,09:39,8.88,8.88,8.88,8.88, 1000
01/23/2020,10:09,8.88,8.88,8.88,8.88, 1000
01/23/2020,10:22,8.88,8.885,8.875,8.875, 3141
01/23/2020,10:39,8.9,8.9,8.89,8.89, 611
01/23/2020,11:00,8.9,8.9,8.9,8.9, 17
01/23/2020,11:01,8.9,8.92,8.9,8.905, 1295
01/23/2020,11:02,8.93,8.93,8.93,8.93, 269
01/23/2020,11:05,8.93,8.93,8.93,8.93, 483
01/23/2020,11:11,8.94,8.945,8.925,8.925, 2900
01/23/2020,11:33,8.925,8.925,8.885,8.885, 2693
01/23/2020,11:35,8.91,8.915,8.895,8.895, 974
01/23/2020,11:46,8.895,8.895,8.895,8.895, 398
01/23/2020,11:49,8.915,8.92,8.9,8.9, 944
01/23/2020,11:52,8.9,8.9,8.88,8.88, 485
01/23/2020,11:53,8.905,8.91,8.88,8.885, 2391
01/23/2020,12:04,8.9,8.9,8.885,8.885, 46
01/23/2020,12:32,8.9,8.9,8.9,8.9, 400
01/23/2020,12:49,8.9,8.9,8.9,8.9, 110
01/23/2020,12:58,8.9,8.9,8.885,8.885, 581
01/23/2020,12:59,8.89,8.89,8.89,8.89, 342
01/23/2020,13:13,8.9,8.9,8.89,8.89, 1082
01/23/2020,14:34,8.885,8.885,8.875,8.875, 2225
01/23/2020,14:42,8.89,8.89,8.89,8.89, 114
01/23/2020,14:45,8.89,8.89,8.88,8.88, 2212
01/23/2020,14:49,8.88,8.88,8.88,8.88, 1
01/23/2020,15:06,8.885,8.885,8.885,8.885, 700
01/23/2020,15:10,8.885,8.885,8.885,8.885, 1917
01/23/2020,15:14,8.885,8.885,8.88,8.88, 1527
01/23/2020,15:19,8.88,8.88,8.88,8.88, 223
01/23/2020,15:20,8.885,8.885,8.875,8.875, 1322
01/23/2020,15:22,8.885,8.885,8.885,8.885, 563
01/23/2020,15:33,8.875,8.875,8.87,8.87, 2170
01/23/2020,15:34,8.86,8.86,8.86,8.86, 110
01/23/2020,15:41,8.855,8.855,8.855,8.855, 551
01/23/2020,15:43,8.855,8.855,8.855,8.855, 378
01/23/2020,15:44,8.85,8.85,8.84,8.84, 1883
01/23/2020,15:46,8.845,8.87,8.825,8.825, 11683
01/23/2020,15:46,8.825,8.825,8.825,8.825, 102
01/23/2020,15:48,8.845,8.85,8.825,8.825, 948
01/23/2020,15:49,8.835,8.835,8.835,8.835, 546
01/23/2020,15:50,8.83,8.83,8.83,8.83, 683
01/23/2020,15:52,8.84,8.84,8.84,8.84, 530
01/23/2020,15:56,8.825,8.825,8.815,8.815, 910
01/23/2020,15:58,8.845,8.845,8.845,8.845, 1000
01/23/2020,16:01,8.84,8.84,8.81,8.81, 2785
01/23/2020,16:07,8.82,8.82,8.82,8.82, 374
01/23/2020,16:21,8.83,8.83,8.83,8.83, 1085
01/23/2020,16:46,8.84,8.84,8.835,8.835, 443
01/23/2020,16:46,8.835,8.835,8.83,8.83, 514
01/23/2020,16:55,8.84,8.84,8.84,8.84, 500
01/23/2020,16:55,8.835,8.835,8.835,8.835, 104
01/23/2020,17:14,8.835,8.835,8.83,8.83, 1338
01/23/2020,17:15,8.825,8.83,8.825,8.825, 1592
01/23/2020,17:18,8.82,8.82,8.82,8.82, 225
01/23/2020,17:21,8.82,8.82,8.82,8.82, 746
01/23/2020,17:23,8.83,8.83,8.82,8.82, 1214
01/23/2020,17:26,8.815,8.815,8.815,8.815, 106
01/23/2020,17:28,8.815,8.815,8.815,8.815, 124
01/23/2020,17:29,8.825,8.825,8.81,8.82, 3739
01/23/2020,17:30,8.825,8.825,8.81,8.825, 1204
01/23/2020,17:36,8.815,8.815,8.815,8.815, 9600
01/24/2020,09:01,8.945,8.95,8.945,8.95, 2857
01/24/2020,09:20,8.89,8.89,8.89,8.89, 200
01/24/2020,09:22,8.89,8.895,8.875,8.875, 2131
01/24/2020,09:30,8.885,8.885,8.885,8.885, 19
01/24/2020,09:31,8.89,8.89,8.89,8.89, 118
01/24/2020,09:33,8.9,8.905,8.895,8.905, 285
01/24/2020,09:38,8.9,8.9,8.9,8.9, 639
01/24/2020,09:38,8.9,8.9,8.865,8.865, 2665
01/24/2020,09:42,8.86,8.86,8.85,8.85, 500
01/24/2020,09:43,8.855,8.86,8.855,8.86, 1399
01/24/2020,09:51,8.9,8.9,8.9,8.9, 1543
01/24/2020,09:52,8.9,8.92,8.895,8.92, 3281
01/24/2020,09:54,8.92,8.935,8.92,8.935, 1000
01/24/2020,09:55,8.925,8.925,8.91,8.91, 2485
01/24/2020,09:56,8.925,8.93,8.88,8.89, 16490
01/24/2020,09:59,8.89,8.915,8.89,8.89, 13924
01/24/2020,10:00,8.89,8.89,8.89,8.89, 24
01/24/2020,10:02,8.89,8.91,8.89,8.89, 3824
01/24/2020,10:04,8.925,8.93,8.895,8.895, 2665
01/24/2020,10:07,8.88,8.88,8.88,8.88, 3620
01/24/2020,10:15,8.895,8.895,8.895,8.895, 60
01/24/2020,10:17,8.885,8.885,8.885,8.885, 57
01/24/2020,10:24,8.89,8.89,8.89,8.89, 300
01/24/2020,10:27,8.885,8.9,8.885,8.9, 2730
01/24/2020,10:29,8.89,8.89,8.89,8.89, 18
01/24/2020,10:30,8.89,8.89,8.89,8.89, 400
01/24/2020,10:32,8.89,8.9,8.87,8.885, 11830
01/24/2020,10:49,8.89,8.89,8.89,8.89, 151
01/24/2020,10:50,8.885,8.885,8.885,8.885, 879
01/24/2020,11:05,8.875,8.88,8.875,8.88, 760
01/24/2020,11:13,8.87,8.87,8.87,8.87, 1302
01/24/2020,11:17,8.87,8.87,8.87,8.87, 300
01/24/2020,11:25,8.865,8.865,8.865,8.865, 618
01/24/2020,11:31,8.865,8.865,8.865,8.865, 828
01/24/2020,11:31,8.86,8.86,8.86,8.86, 1350
01/24/2020,11:32,8.86,8.86,8.86,8.86, 7866
01/24/2020,11:33,8.855,8.855,8.855,8.855, 124
01/24/2020,11:48,8.875,8.875,8.875,8.875, 570
01/24/2020,11:50,8.865,8.865,8.865,8.865, 677
01/24/2020,11:53,8.865,8.865,8.865,8.865, 1038
01/24/2020,11:59,8.875,8.875,8.875,8.875, 570
01/24/2020,12:04,8.855,8.855,8.855,8.855, 1166
01/24/2020,12:07,8.88,8.88,8.88,8.88, 1100
01/24/2020,12:08,8.87,8.87,8.87,8.87, 512
01/24/2020,12:08,8.87,8.87,8.87,8.87, 332
01/24/2020,12:16,8.87,8.87,8.87,8.87, 116
01/24/2020,12:16,8.87,8.87,8.87,8.87, 208
01/24/2020,12:36,8.87,8.87,8.87,8.87, 1048
01/24/2020,12:38,8.875,8.875,8.875,8.875, 40
01/24/2020,12:41,8.855,8.855,8.855,8.855, 503
01/24/2020,12:58,8.87,8.87,8.86,8.86, 798
01/24/2020,13:02,8.865,8.865,8.865,8.865, 469
01/24/2020,13:03,8.855,8.855,8.855,8.855, 350
01/24/2020,13:23,8.865,8.865,8.865,8.865, 637
01/24/2020,13:44,8.86,8.86,8.84,8.855, 8501
01/24/2020,13:45,8.835,8.835,8.835,8.835, 535
01/24/2020,13:47,8.84,8.85,8.84,8.85, 732
01/24/2020,13:58,8.84,8.84,8.84,8.84, 385
01/24/2020,13:59,8.85,8.85,8.85,8.85, 600
01/24/2020,14:14,8.85,8.86,8.85,8.86, 1000
01/24/2020,14:30,8.855,8.855,8.855,8.855, 963
01/24/2020,14:36,8.85,8.85,8.85,8.85, 1870
01/24/2020,14:37,8.85,8.855,8.85,8.855, 600
01/24/2020,14:51,8.85,8.85,8.85,8.85, 114
01/24/2020,14:54,8.85,8.855,8.85,8.85, 1110
01/24/2020,15:01,8.85,8.855,8.85,8.85, 1137
01/24/2020,15:14,8.85,8.85,8.85,8.85, 466
01/24/2020,15:16,8.855,8.855,8.855,8.855, 20
01/24/2020,15:24,8.85,8.85,8.85,8.85, 2048
01/24/2020,15:30,8.85,8.85,8.85,8.85, 1000
01/24/2020,15:34,8.845,8.845,8.845,8.845, 510
01/24/2020,15:47,8.85,8.85,8.85,8.85, 564
01/24/2020,15:50,8.845,8.845,8.84,8.845, 1605
01/24/2020,15:57,8.85,8.85,8.85,8.85, 1100
01/24/2020,16:10,8.835,8.835,8.835,8.835, 3691
01/24/2020,16:13,8.85,8.85,8.85,8.85, 350
01/24/2020,16:18,8.85,8.85,8.85,8.85, 3
01/24/2020,16:23,8.84,8.84,8.84,8.84, 332
01/24/2020,16:23,8.84,8.84,8.84,8.84, 740
01/24/2020,16:37,8.835,8.835,8.83,8.83, 1500
01/24/2020,16:42,8.85,8.85,8.85,8.85, 1000
01/24/2020,16:51,8.85,8.85,8.84,8.84, 2037
01/24/2020,16:55,8.83,8.83,8.83,8.83, 2649
01/24/2020,16:58,8.83,8.84,8.825,8.84, 3619
01/24/2020,16:59,8.83,8.83,8.83,8.83, 845
01/24/2020,16:59,8.835,8.835,8.835,8.835, 306
01/24/2020,17:03,8.84,8.84,8.84,8.84, 1000
01/24/2020,17:06,8.835,8.84,8.835,8.84, 723
01/24/2020,17:08,8.84,8.855,8.84,8.855, 2190
01/24/2020,17:09,8.845,8.845,8.835,8.84, 2741
01/24/2020,17:10,8.835,8.835,8.835,8.835, 5
01/24/2020,17:11,8.845,8.845,8.845,8.845, 211
01/24/2020,17:13,8.845,8.845,8.845,8.845, 398
01/24/2020,17:15,8.845,8.85,8.845,8.85, 870
01/24/2020,17:19,8.845,8.845,8.84,8.84, 1906
01/24/2020,17:21,8.84,8.84,8.84,8.84, 880
01/24/2020,17:21,8.845,8.845,8.845,8.845, 796
01/24/2020,17:23,8.845,8.845,8.845,8.845, 454
01/24/2020,17:23,8.845,8.845,8.84,8.84, 1957
01/24/2020,17:26,8.845,8.845,8.845,8.845, 796
01/24/2020,17:29,8.845,8.86,8.84,8.86, 2545
01/24/2020,17:29,8.84,8.84,8.835,8.835, 889
01/24/2020,17:30,8.845,8.85,8.845,8.85, 814
01/24/2020,17:36,8.805,8.805,8.805,8.805, 51061
01/27/2020,09:01,8.85,8.85,8.85,8.85, 7253
01/27/2020,09:08,8.81,8.81,8.8,8.8, 7157
01/27/2020,09:08,8.81,8.81,8.81,8.81, 100
01/27/2020,09:10,8.8,8.8,8.8,8.8, 550
01/27/2020,09:10,8.8,8.8,8.8,8.8, 11266
01/27/2020,09:13,8.81,8.81,8.81,8.81, 326
01/27/2020,09:14,8.8,8.8,8.8,8.8, 1916
01/27/2020,09:21,8.81,8.81,8.81,8.81, 436
01/27/2020,09:23,8.81,8.81,8.795,8.795, 967
01/27/2020,09:27,8.795,8.795,8.795,8.795, 210
01/27/2020,09:32,8.81,8.81,8.81,8.81, 800
01/27/2020,09:33,8.8,8.8,8.8,8.8, 120
01/27/2020,09:35,8.805,8.81,8.805,8.81, 1022
01/27/2020,09:44,8.8,8.8,8.8,8.8, 1512
01/27/2020,09:46,8.8,8.8,8.8,8.8, 2000
01/27/2020,09:47,8.79,8.79,8.775,8.78, 10595
01/27/2020,09:49,8.8,8.8,8.8,8.8, 350
01/27/2020,09:53,8.8,8.81,8.8,8.81, 2606
01/27/2020,09:59,8.81,8.81,8.81,8.81, 37
01/27/2020,10:00,8.81,8.81,8.805,8.805, 1000
01/27/2020,10:02,8.83,8.83,8.83,8.83, 1592
01/27/2020,10:04,8.805,8.805,8.8,8.8, 1000
01/27/2020,10:06,8.825,8.825,8.825,8.825, 7
01/27/2020,10:12,8.805,8.805,8.805,8.805, 8
01/27/2020,10:19,8.805,8.805,8.805,8.805, 922
01/27/2020,10:22,8.8,8.8,8.79,8.79, 1600
01/27/2020,10:26,8.785,8.785,8.785,8.785, 740
01/27/2020,10:34,8.805,8.805,8.805,8.805, 850
01/27/2020,10:40,8.79,8.79,8.79,8.79, 239
01/27/2020,10:45,8.795,8.795,8.785,8.785, 323
01/27/2020,10:50,8.79,8.79,8.79,8.79, 464
01/27/2020,10:55,8.795,8.795,8.785,8.785, 869
01/27/2020,10:57,8.78,8.78,8.78,8.78, 200
01/27/2020,10:59,8.795,8.81,8.795,8.81, 1100
01/27/2020,11:06,8.805,8.805,8.805,8.805, 350
01/27/2020,11:13,8.79,8.79,8.79,8.79, 1167
01/27/2020,11:16,8.785,8.785,8.785,8.785, 60
01/27/2020,11:20,8.78,8.78,8.76,8.76, 9024
01/27/2020,11:22,8.78,8.78,8.78,8.78, 200
01/27/2020,11:24,8.77,8.77,8.77,8.77, 207
01/27/2020,11:38,8.775,8.775,8.775,8.775, 1839
01/27/2020,11:43,8.795,8.795,8.795,8.795, 1140
01/27/2020,11:48,8.775,8.775,8.775,8.775, 33
01/27/2020,11:53,8.795,8.8,8.795,8.8, 600
01/27/2020,11:55,8.795,8.81,8.795,8.795, 1175
01/27/2020,11:58,8.815,8.815,8.8,8.8, 2250
01/27/2020,12:04,8.85,8.85,8.85,8.85, 1865
01/27/2020,12:05,8.805,8.805,8.805,8.805, 23
01/27/2020,12:06,8.845,8.85,8.845,8.85, 6000
01/27/2020,12:10,8.805,8.805,8.805,8.805, 288
01/27/2020,12:18,8.805,8.805,8.805,8.805, 53
01/27/2020,12:18,8.815,8.815,8.805,8.805, 500
01/27/2020,12:21,8.805,8.805,8.805,8.805, 276
01/27/2020,12:22,8.835,8.845,8.835,8.845, 3000
01/27/2020,12:29,8.82,8.82,8.82,8.82, 1000
01/27/2020,12:33,8.815,8.815,8.815,8.815, 16
01/27/2020,12:52,8.835,8.835,8.835,8.835, 562
01/27/2020,13:06,8.815,8.815,8.81,8.81, 1000
01/27/2020,13:15,8.83,8.83,8.83,8.83, 530
01/27/2020,13:30,8.81,8.81,8.81,8.81, 541
01/27/2020,13:32,8.81,8.81,8.81,8.81, 95
01/27/2020,13:42,8.81,8.81,8.81,8.81, 553
01/27/2020,13:48,8.81,8.81,8.81,8.81, 101
01/27/2020,13:57,8.83,8.835,8.83,8.835, 500
01/27/2020,14:02,8.83,8.83,8.83,8.83, 355
01/27/2020,14:19,8.83,8.835,8.83,8.835, 2787
01/27/2020,14:22,8.835,8.835,8.835,8.835, 1354
01/27/2020,14:30,8.83,8.83,8.83,8.83, 867
01/27/2020,14:34,8.84,8.84,8.84,8.84, 339
01/27/2020,14:48,8.83,8.83,8.83,8.83, 316
01/27/2020,14:59,8.83,8.83,8.83,8.83, 1478
01/27/2020,15:10,8.83,8.835,8.83,8.835, 12808
01/27/2020,15:11,8.83,8.83,8.815,8.815, 5124
01/27/2020,15:13,8.81,8.81,8.81,8.81, 721
01/27/2020,15:24,8.8,8.8,8.8,8.8, 1348
01/27/2020,15:25,8.795,8.795,8.795,8.795, 329
01/27/2020,15:27,8.8,8.805,8.8,8.805, 980
01/27/2020,15:32,8.79,8.8,8.79,8.8, 1002
01/27/2020,15:35,8.8,8.8,8.8,8.8, 2985
01/27/2020,15:39,8.8,8.8,8.795,8.795, 495
01/27/2020,15:40,8.8,8.8,8.8,8.8, 452
01/27/2020,15:52,8.795,8.795,8.79,8.79, 1000
01/27/2020,15:54,8.79,8.79,8.785,8.785, 1000
01/27/2020,15:58,8.795,8.795,8.795,8.795, 850
01/27/2020,16:07,8.78,8.78,8.78,8.78, 404
01/27/2020,16:14,8.775,8.775,8.77,8.77, 3989
01/27/2020,16:14,8.77,8.77,8.765,8.77, 2130
01/27/2020,16:18,8.765,8.765,8.765,8.765, 994
01/27/2020,16:27,8.775,8.775,8.775,8.775, 130
01/27/2020,16:33,8.76,8.76,8.76,8.76, 278
01/27/2020,16:34,8.765,8.765,8.76,8.76, 671
01/27/2020,16:36,8.765,8.765,8.765,8.765, 660
01/27/2020,16:45,8.77,8.77,8.77,8.77, 402
01/27/2020,16:49,8.77,8.77,8.77,8.77, 680
01/27/2020,16:52,8.76,8.76,8.76,8.76, 4196
01/27/2020,16:53,8.75,8.75,8.75,8.75, 7
01/27/2020,17:01,8.755,8.755,8.74,8.74, 7891
01/27/2020,17:17,8.75,8.75,8.75,8.75, 1020
01/27/2020,17:19,8.75,8.75,8.75,8.75, 561
01/27/2020,17:24,8.755,8.755,8.74,8.74, 3257
01/27/2020,17:25,8.74,8.74,8.735,8.735, 1335
01/27/2020,17:29,8.75,8.75,8.75,8.75, 147
01/27/2020,17:36,8.735,8.735,8.735,8.735, 10872
01/28/2020,09:01,8.8,8.8,8.8,8.8, 1645
01/28/2020,09:09,8.735,8.735,8.715,8.715, 11709
01/28/2020,09:09,8.705,8.705,8.7,8.7, 7116
01/28/2020,09:10,8.7,8.7,8.7,8.7, 200
01/28/2020,09:11,8.71,8.71,8.7,8.7, 15417
01/28/2020,09:12,8.66,8.66,8.65,8.65, 1520
01/28/2020,09:13,8.65,8.65,8.645,8.645, 2894
01/28/2020,09:14,8.625,8.645,8.615,8.615, 4555
01/28/2020,09:15,8.63,8.63,8.6,8.6, 6996
01/28/2020,09:15,8.605,8.605,8.6,8.6, 1228
01/28/2020,09:16,8.6,8.6,8.6,8.6, 500
01/28/2020,09:17,8.585,8.59,8.585,8.59, 719
01/28/2020,09:20,8.58,8.585,8.545,8.545, 3047
01/28/2020,09:22,8.585,8.585,8.585,8.585, 1206
01/28/2020,09:22,8.585,8.585,8.585,8.585, 1000
01/28/2020,09:25,8.585,8.585,8.575,8.58, 5874
01/28/2020,09:27,8.56,8.56,8.55,8.55, 4549
01/28/2020,09:30,8.57,8.57,8.57,8.57, 459
01/28/2020,09:32,8.56,8.56,8.56,8.56, 1000
01/28/2020,09:33,8.56,8.56,8.56,8.56, 1277
01/28/2020,09:34,8.55,8.555,8.54,8.55, 1156
01/28/2020,09:34,8.51,8.51,8.51,8.51, 617
01/28/2020,09:37,8.505,8.545,8.505,8.545, 1011
01/28/2020,09:39,8.545,8.545,8.545,8.545, 809
01/28/2020,09:40,8.545,8.545,8.54,8.54, 736
01/28/2020,09:45,8.545,8.545,8.525,8.545, 1502
01/28/2020,09:46,8.545,8.545,8.545,8.545, 3723
01/28/2020,09:50,8.57,8.57,8.57,8.57, 2444
01/28/2020,09:50,8.57,8.57,8.57,8.57, 600
01/28/2020,09:51,8.575,8.59,8.55,8.55, 11500
01/28/2020,09:57,8.595,8.595,8.595,8.595, 500
01/28/2020,09:59,8.585,8.585,8.585,8.585, 456
01/28/2020,10:02,8.595,8.595,8.595,8.595, 581
01/28/2020,10:03,8.595,8.595,8.595,8.595, 580
01/28/2020,10:06,8.595,8.595,8.595,8.595, 580
01/28/2020,10:07,8.58,8.58,8.58,8.58, 500
01/28/2020,10:09,8.595,8.595,8.595,8.595, 250
01/28/2020,10:10,8.58,8.58,8.58,8.58, 119
01/28/2020,10:13,8.595,8.61,8.595,8.61, 1000
01/28/2020,10:15,8.59,8.59,8.59,8.59, 2184
01/28/2020,10:17,8.585,8.585,8.585,8.585, 990
01/28/2020,10:23,8.59,8.59,8.59,8.59, 92
01/28/2020,10:26,8.59,8.59,8.59,8.59, 1000
01/28/2020,10:27,8.59,8.59,8.59,8.59, 731
01/28/2020,10:28,8.6,8.6,8.6,8.6, 309
01/28/2020,10:30,8.6,8.6,8.6,8.6, 653
01/28/2020,10:36,8.61,8.61,8.595,8.6, 18338
01/28/2020,10:38,8.615,8.615,8.615,8.615, 448
01/28/2020,10:41,8.59,8.6,8.58,8.6, 4942
01/28/2020,10:46,8.595,8.61,8.595,8.61, 4853
01/28/2020,10:56,8.64,8.645,8.64,8.645, 2705
01/28/2020,11:06,8.645,8.645,8.64,8.64, 512
01/28/2020,11:06,8.65,8.65,8.65,8.65, 500
01/28/2020,11:10,8.65,8.65,8.64,8.64, 3695
01/28/2020,11:16,8.635,8.635,8.635,8.635, 674
01/28/2020,11:17,8.645,8.645,8.645,8.645, 561
01/28/2020,11:20,8.645,8.645,8.645,8.645, 675
01/28/2020,11:21,8.65,8.65,8.65,8.65, 588
01/28/2020,11:33,8.66,8.66,8.66,8.66, 25
01/28/2020,11:34,8.66,8.66,8.66,8.66, 275
01/28/2020,11:37,8.665,8.665,8.665,8.665, 480
01/28/2020,11:38,8.66,8.66,8.655,8.655, 404
01/28/2020,11:48,8.67,8.67,8.67,8.67, 671
01/28/2020,11:55,8.695,8.705,8.695,8.705, 500
01/28/2020,11:58,8.73,8.735,8.73,8.735, 450
01/28/2020,12:00,8.73,8.73,8.73,8.73, 100
01/28/2020,12:04,8.73,8.73,8.73,8.73, 390
01/28/2020,12:05,8.73,8.73,8.725,8.725, 2089
01/28/2020,12:07,8.7,8.7,8.7,8.7, 560
01/28/2020,12:08,8.715,8.73,8.69,8.69, 4672
01/28/2020,12:11,8.7,8.705,8.7,8.705, 2136
01/28/2020,12:16,8.7,8.7,8.7,8.7, 1191
01/28/2020,12:43,8.71,8.72,8.71,8.715, 2283
01/28/2020,12:48,8.735,8.735,8.735,8.735, 84
01/28/2020,12:51,8.74,8.74,8.74,8.74, 55
01/28/2020,12:55,8.745,8.75,8.745,8.75, 460
01/28/2020,13:12,8.74,8.74,8.72,8.74, 4236
01/28/2020,13:13,8.715,8.715,8.715,8.715, 74
01/28/2020,13:18,8.725,8.725,8.725,8.725, 300
01/28/2020,13:21,8.725,8.725,8.725,8.725, 700
01/28/2020,13:26,8.725,8.725,8.725,8.725, 52
01/28/2020,13:27,8.725,8.725,8.71,8.71, 1362
01/28/2020,13:28,8.715,8.715,8.715,8.715, 77
01/28/2020,13:31,8.71,8.71,8.71,8.71, 20
01/28/2020,13:33,8.72,8.72,8.71,8.71, 2593
01/28/2020,13:35,8.72,8.72,8.7,8.7, 1570
01/28/2020,14:09,8.71,8.71,8.7,8.7, 3616
01/28/2020,14:17,8.71,8.71,8.7,8.7, 2138
01/28/2020,14:18,8.7,8.7,8.7,8.7, 929
01/28/2020,14:19,8.7,8.7,8.7,8.7, 120
01/28/2020,14:20,8.7,8.705,8.685,8.705, 1708
01/28/2020,14:30,8.71,8.71,8.71,8.71, 210
01/28/2020,14:34,8.71,8.72,8.71,8.715, 2456
01/28/2020,14:36,8.71,8.71,8.71,8.71, 560
01/28/2020,14:37,8.705,8.705,8.7,8.7, 1760
01/28/2020,14:38,8.705,8.705,8.705,8.705, 209
01/28/2020,14:46,8.7,8.7,8.7,8.7, 3344
01/28/2020,14:50,8.69,8.69,8.68,8.68, 4028
01/28/2020,15:00,8.68,8.68,8.68,8.68, 2
01/28/2020,15:07,8.68,8.68,8.68,8.68, 463
01/28/2020,15:18,8.69,8.69,8.69,8.69, 4
01/28/2020,15:25,8.69,8.69,8.68,8.68, 561
01/28/2020,15:27,8.675,8.675,8.66,8.66, 2372
01/28/2020,15:34,8.67,8.67,8.67,8.67, 1815
01/28/2020,15:49,8.675,8.685,8.675,8.685, 2500
01/28/2020,15:51,8.69,8.69,8.68,8.68, 761
01/28/2020,15:51,8.68,8.68,8.68,8.68, 589
01/28/2020,16:10,8.68,8.7,8.67,8.67, 5737
01/28/2020,16:13,8.665,8.665,8.65,8.66, 5085
01/28/2020,16:18,8.665,8.675,8.665,8.675, 1616
01/28/2020,16:24,8.675,8.675,8.675,8.675, 43
01/28/2020,16:26,8.68,8.695,8.68,8.695, 2536
01/28/2020,16:29,8.675,8.675,8.675,8.675, 14
01/28/2020,16:33,8.675,8.675,8.675,8.675, 19
01/28/2020,16:38,8.695,8.695,8.68,8.68, 1745
01/28/2020,16:52,8.68,8.68,8.675,8.675, 665
01/28/2020,16:52,8.68,8.68,8.675,8.675, 1164
01/28/2020,17:00,8.69,8.7,8.68,8.68, 2796
01/28/2020,17:01,8.69,8.69,8.68,8.68, 1581
01/28/2020,17:07,8.69,8.7,8.685,8.685, 1924
01/28/2020,17:08,8.685,8.685,8.685,8.685, 1074
01/28/2020,17:17,8.68,8.68,8.68,8.68, 347
01/28/2020,17:18,8.685,8.685,8.685,8.685, 173
01/28/2020,17:21,8.69,8.69,8.69,8.69, 2109
01/28/2020,17:22,8.69,8.69,8.68,8.68, 999
01/28/2020,17:24,8.685,8.685,8.675,8.675, 1384
01/28/2020,17:25,8.675,8.68,8.675,8.68, 2151
01/28/2020,17:27,8.68,8.68,8.68,8.68, 1
01/28/2020,17:29,8.68,8.68,8.68,8.68, 183
01/28/2020,17:29,8.675,8.675,8.675,8.675, 404
01/28/2020,17:36,8.68,8.68,8.68,8.68, 61334
01/29/2020,09:01,8.74,8.74,8.74,8.74, 1735
01/29/2020,09:06,8.72,8.72,8.695,8.695, 1106
01/29/2020,09:10,8.68,8.68,8.68,8.68, 631
01/29/2020,09:12,8.68,8.68,8.68,8.68, 72
01/29/2020,09:27,8.68,8.68,8.68,8.68, 87
01/29/2020,09:38,8.68,8.68,8.66,8.66, 574
01/29/2020,09:41,8.67,8.67,8.67,8.67, 50
01/29/2020,09:48,8.66,8.7,8.66,8.7, 1678
01/29/2020,09:53,8.7,8.7,8.7,8.7, 72
01/29/2020,09:58,8.695,8.695,8.69,8.69, 1149
01/29/2020,10:04,8.69,8.705,8.68,8.7, 13499
01/29/2020,10:05,8.7,8.7,8.7,8.7, 800
01/29/2020,10:08,8.7,8.7,8.7,8.7, 500
01/29/2020,10:12,8.7,8.7,8.695,8.695, 278
01/29/2020,10:18,8.7,8.7,8.68,8.68, 2473
01/29/2020,10:19,8.68,8.68,8.68,8.68, 187
01/29/2020,10:22,8.67,8.675,8.67,8.675, 1226
01/29/2020,10:24,8.665,8.665,8.665,8.665, 118
01/29/2020,10:25,8.66,8.66,8.66,8.66, 282
01/29/2020,10:31,8.64,8.64,8.64,8.64, 330
01/29/2020,10:39,8.655,8.655,8.655,8.655, 138
01/29/2020,10:40,8.67,8.67,8.66,8.67, 2058
01/29/2020,10:46,8.675,8.685,8.675,8.685, 500
01/29/2020,10:52,8.69,8.69,8.685,8.69, 1111
01/29/2020,10:53,8.69,8.69,8.685,8.69, 1069
01/29/2020,10:55,8.685,8.7,8.685,8.7, 1140
01/29/2020,11:01,8.69,8.7,8.69,8.7, 1140
01/29/2020,11:11,8.7,8.7,8.685,8.685, 2410
01/29/2020,11:12,8.685,8.685,8.685,8.685, 1361
01/29/2020,11:18,8.675,8.675,8.675,8.675, 1058
01/29/2020,11:18,8.685,8.685,8.685,8.685, 574
01/29/2020,11:20,8.685,8.7,8.685,8.7, 1500
01/29/2020,11:22,8.67,8.67,8.67,8.67, 4
01/29/2020,11:31,8.66,8.66,8.66,8.66, 416
01/29/2020,11:32,8.66,8.66,8.66,8.66, 517
01/29/2020,11:34,8.66,8.675,8.66,8.675, 1330
01/29/2020,11:38,8.67,8.67,8.67,8.67, 100
01/29/2020,11:46,8.665,8.665,8.665,8.665, 271
01/29/2020,11:56,8.67,8.67,8.67,8.67, 531
01/29/2020,12:05,8.695,8.695,8.695,8.695, 169
01/29/2020,12:14,8.68,8.7,8.68,8.7, 1665
01/29/2020,12:27,8.685,8.685,8.665,8.665, 546
01/29/2020,12:36,8.685,8.685,8.685,8.685, 200
01/29/2020,13:07,8.68,8.68,8.68,8.68, 511
01/29/2020,13:08,8.68,8.68,8.68,8.68, 150
01/29/2020,13:12,8.68,8.68,8.68,8.68, 1040
01/29/2020,13:36,8.68,8.68,8.68,8.68, 300
01/29/2020,13:43,8.675,8.675,8.675,8.675, 349
01/29/2020,13:48,8.67,8.67,8.67,8.67, 153
01/29/2020,13:51,8.67,8.67,8.67,8.67, 22
01/29/2020,13:53,8.66,8.66,8.66,8.66, 12
01/29/2020,13:59,8.675,8.68,8.675,8.68, 1000
01/29/2020,13:59,8.68,8.685,8.68,8.685, 550
01/29/2020,14:25,8.68,8.68,8.68,8.68, 300
01/29/2020,14:28,8.68,8.695,8.68,8.695, 1000
01/29/2020,14:33,8.69,8.695,8.69,8.695, 460
01/29/2020,14:39,8.7,8.7,8.7,8.7, 50
01/29/2020,14:39,8.685,8.685,8.685,8.685, 656
01/29/2020,14:46,8.685,8.685,8.68,8.68, 968
01/29/2020,14:50,8.68,8.69,8.68,8.69, 2475
01/29/2020,14:52,8.68,8.68,8.67,8.67, 7018
01/29/2020,14:55,8.67,8.67,8.67,8.67, 618
01/29/2020,15:00,8.665,8.665,8.665,8.665, 500
01/29/2020,15:04,8.665,8.665,8.665,8.665, 393
01/29/2020,15:07,8.67,8.67,8.67,8.67, 603
01/29/2020,15:16,8.67,8.67,8.67,8.67, 750
01/29/2020,15:17,8.675,8.675,8.675,8.675, 400
01/29/2020,15:20,8.675,8.675,8.675,8.675, 216
01/29/2020,15:24,8.675,8.69,8.675,8.675, 2364
01/29/2020,15:49,8.675,8.675,8.67,8.675, 943
01/29/2020,16:01,8.67,8.67,8.67,8.67, 1000
01/29/2020,16:02,8.67,8.67,8.67,8.67, 1603
01/29/2020,16:27,8.67,8.67,8.67,8.67, 20
01/29/2020,16:48,8.67,8.67,8.67,8.67, 424
01/29/2020,16:49,8.67,8.67,8.67,8.67, 600
01/29/2020,16:53,8.67,8.67,8.665,8.665, 1570
01/29/2020,16:55,8.675,8.675,8.675,8.675, 1597
01/29/2020,16:55,8.68,8.68,8.68,8.68, 796
01/29/2020,16:56,8.68,8.68,8.68,8.68, 165
01/29/2020,16:57,8.695,8.695,8.695,8.695, 796
01/29/2020,17:03,8.69,8.69,8.69,8.69, 100
01/29/2020,17:04,8.685,8.685,8.685,8.685, 520
01/29/2020,17:06,8.69,8.69,8.69,8.69, 370
01/29/2020,17:10,8.685,8.685,8.685,8.685, 72
01/29/2020,17:13,8.685,8.685,8.685,8.685, 700
01/29/2020,17:14,8.685,8.685,8.685,8.685, 796
01/29/2020,17:16,8.685,8.685,8.685,8.685, 1579
01/29/2020,17:19,8.685,8.685,8.68,8.68, 2157
01/29/2020,17:21,8.68,8.68,8.68,8.68, 1942
01/29/2020,17:22,8.68,8.68,8.68,8.68, 862
01/29/2020,17:25,8.68,8.68,8.68,8.68, 239
01/29/2020,17:27,8.68,8.68,8.68,8.68, 1896
01/29/2020,17:29,8.68,8.68,8.68,8.68, 2009
01/29/2020,17:30,8.68,8.68,8.68,8.68, 398
01/29/2020,17:30,8.68,8.69,8.68,8.69, 1828
01/29/2020,17:36,8.645,8.645,8.645,8.645, 58607
01/30/2020,09:01,8.6,8.6,8.6,8.6, 6084
01/30/2020,09:02,8.6,8.6,8.59,8.59, 1467
01/30/2020,09:06,8.585,8.585,8.57,8.57, 1313
01/30/2020,09:08,8.58,8.58,8.58,8.58, 44
01/30/2020,09:10,8.58,8.6,8.58,8.6, 6006
01/30/2020,09:10,8.595,8.595,8.595,8.595, 379
01/30/2020,09:18,8.6,8.6,8.59,8.59, 1296
01/30/2020,09:24,8.575,8.575,8.56,8.56, 2464
01/30/2020,09:26,8.55,8.55,8.55,8.55, 2200
01/30/2020,09:27,8.57,8.59,8.55,8.59, 3499
01/30/2020,09:28,8.58,8.595,8.565,8.595, 2869
01/30/2020,09:34,8.57,8.57,8.57,8.57, 139
01/30/2020,09:37,8.58,8.59,8.58,8.59, 1300
01/30/2020,09:38,8.56,8.56,8.56,8.56, 402
01/30/2020,09:41,8.56,8.56,8.56,8.56, 23
01/30/2020,09:42,8.555,8.555,8.55,8.55, 1040
01/30/2020,09:44,8.545,8.545,8.545,8.545, 1200
01/30/2020,09:46,8.55,8.55,8.55,8.55, 271
01/30/2020,09:48,8.54,8.54,8.54,8.54, 738
01/30/2020,09:48,8.55,8.56,8.525,8.525, 6341
01/30/2020,09:54,8.535,8.555,8.52,8.555, 3283
01/30/2020,09:58,8.52,8.52,8.52,8.52, 72
01/30/2020,09:59,8.525,8.525,8.525,8.525, 330
01/30/2020,10:01,8.535,8.565,8.535,8.56, 23190
01/30/2020,10:02,8.545,8.555,8.535,8.545, 3050
01/30/2020,10:03,8.53,8.55,8.525,8.525, 7814
01/30/2020,10:03,8.55,8.55,8.55,8.55, 1000
01/30/2020,10:06,8.55,8.575,8.55,8.575, 1000
01/30/2020,10:09,8.595,8.595,8.595,8.595, 100
01/30/2020,10:15,8.595,8.595,8.595,8.595, 1000
01/30/2020,10:23,8.6,8.6,8.6,8.6, 5405
01/30/2020,10:25,8.61,8.62,8.61,8.61, 4354
01/30/2020,10:30,8.62,8.62,8.62,8.62, 50
01/30/2020,10:38,8.605,8.605,8.59,8.59, 3920
01/30/2020,10:40,8.59,8.6,8.59,8.6, 1709
01/30/2020,10:42,8.595,8.595,8.59,8.59, 2679
01/30/2020,10:45,8.58,8.58,8.565,8.565, 800
01/30/2020,10:46,8.56,8.56,8.56,8.56, 328
01/30/2020,10:47,8.545,8.545,8.545,8.545, 833
01/30/2020,10:51,8.565,8.575,8.565,8.575, 2500
01/30/2020,10:54,8.545,8.545,8.545,8.545, 814
01/30/2020,10:56,8.545,8.545,8.545,8.545, 538
01/30/2020,10:59,8.55,8.55,8.545,8.545, 1258
01/30/2020,11:03,8.55,8.55,8.55,8.55, 134
01/30/2020,11:08,8.55,8.56,8.55,8.56, 1512
01/30/2020,11:08,8.57,8.585,8.57,8.585, 2300
01/30/2020,11:11,8.585,8.605,8.57,8.58, 6102
01/30/2020,11:12,8.59,8.59,8.59,8.59, 65
01/30/2020,11:14,8.58,8.58,8.57,8.57, 2255
01/30/2020,11:18,8.56,8.56,8.56,8.56, 1148
01/30/2020,11:21,8.545,8.545,8.535,8.535, 379
01/30/2020,11:23,8.57,8.57,8.57,8.57, 460
01/30/2020,11:26,8.57,8.58,8.56,8.56, 1999
01/30/2020,11:27,8.56,8.56,8.56,8.56, 665
01/30/2020,11:37,8.55,8.55,8.55,8.55, 556
01/30/2020,11:37,8.575,8.59,8.56,8.56, 3288
01/30/2020,11:40,8.56,8.56,8.555,8.555, 3001
01/30/2020,11:41,8.55,8.58,8.55,8.58, 482
01/30/2020,11:45,8.55,8.55,8.55,8.55, 524
01/30/2020,11:50,8.555,8.555,8.555,8.555, 258
01/30/2020,11:53,8.57,8.57,8.56,8.56, 1720
01/30/2020,11:53,8.58,8.585,8.555,8.555, 6314
01/30/2020,11:55,8.56,8.56,8.545,8.545, 3911
01/30/2020,12:04,8.64,8.64,8.64,8.64, 2232
01/30/2020,12:09,8.56,8.56,8.56,8.56, 352
01/30/2020,12:17,8.565,8.565,8.565,8.565, 77
01/30/2020,12:35,8.58,8.58,8.58,8.58, 468
01/30/2020,12:39,8.57,8.57,8.565,8.565, 600
01/30/2020,12:56,8.58,8.58,8.58,8.58, 46
01/30/2020,13:14,8.6,8.6,8.6,8.6, 563
01/30/2020,13:31,8.59,8.59,8.57,8.57, 1461
01/30/2020,13:32,8.565,8.565,8.56,8.56, 1913
01/30/2020,13:38,8.575,8.575,8.575,8.575, 400
01/30/2020,13:40,8.57,8.57,8.57,8.57, 952
01/30/2020,13:55,8.56,8.56,8.54,8.54, 2500
01/30/2020,14:04,8.565,8.565,8.565,8.565, 298
01/30/2020,14:18,8.57,8.575,8.57,8.575, 500
01/30/2020,14:23,8.55,8.55,8.55,8.55, 400
01/30/2020,14:26,8.57,8.57,8.57,8.57, 550
01/30/2020,14:29,8.56,8.56,8.54,8.54, 1750
01/30/2020,14:29,8.56,8.56,8.56,8.56, 109
01/30/2020,14:31,8.56,8.565,8.56,8.565, 1000
01/30/2020,14:33,8.54,8.54,8.52,8.525, 3256
01/30/2020,14:33,8.52,8.52,8.52,8.52, 310
01/30/2020,14:35,8.555,8.565,8.555,8.565, 1700
01/30/2020,14:42,8.54,8.54,8.54,8.54, 1084
01/30/2020,14:51,8.535,8.535,8.535,8.535, 187
01/30/2020,14:52,8.525,8.525,8.525,8.525, 584
01/30/2020,14:54,8.535,8.54,8.525,8.525, 547
01/30/2020,15:06,8.53,8.535,8.53,8.535, 1307
01/30/2020,15:07,8.535,8.535,8.535,8.535, 500
01/30/2020,15:17,8.535,8.55,8.535,8.55, 1759
01/30/2020,15:24,8.575,8.575,8.575,8.575, 166
01/30/2020,15:24,8.575,8.575,8.575,8.575, 58
01/30/2020,15:27,8.57,8.57,8.57,8.57, 391
01/30/2020,15:33,8.575,8.58,8.575,8.58, 2345
01/30/2020,15:37,8.58,8.59,8.58,8.59, 1010
01/30/2020,15:39,8.6,8.6,8.59,8.59, 629
01/30/2020,15:40,8.59,8.59,8.59,8.59, 620
01/30/2020,15:48,8.59,8.59,8.58,8.58, 1500
01/30/2020,15:49,8.6,8.6,8.6,8.6, 1500
01/30/2020,15:51,8.59,8.59,8.59,8.59, 416
01/30/2020,15:52,8.585,8.585,8.585,8.585, 103
01/30/2020,15:58,8.585,8.585,8.585,8.585, 7
01/30/2020,16:05,8.575,8.575,8.575,8.575, 1200
01/30/2020,16:06,8.575,8.575,8.575,8.575, 198
01/30/2020,16:15,8.57,8.57,8.57,8.57, 805
01/30/2020,16:39,8.58,8.58,8.57,8.57, 2832
01/30/2020,16:41,8.575,8.575,8.575,8.575, 105
01/30/2020,16:41,8.565,8.565,8.565,8.565, 738
01/30/2020,16:45,8.555,8.555,8.555,8.555, 242
01/30/2020,16:47,8.55,8.55,8.535,8.535, 4800
01/30/2020,16:47,8.545,8.545,8.53,8.53, 1123
01/30/2020,16:50,8.545,8.545,8.53,8.53, 2326
01/30/2020,16:51,8.53,8.53,8.53,8.53, 130
01/30/2020,16:55,8.53,8.545,8.53,8.545, 303
01/30/2020,17:02,8.545,8.545,8.545,8.545, 200
01/30/2020,17:05,8.545,8.545,8.545,8.545, 500
01/30/2020,17:07,8.535,8.535,8.53,8.53, 1127
01/30/2020,17:11,8.53,8.53,8.53,8.53, 589
01/30/2020,17:12,8.53,8.535,8.53,8.535, 701
01/30/2020,17:14,8.535,8.54,8.53,8.54, 2359
01/30/2020,17:16,8.55,8.555,8.53,8.53, 4302
01/30/2020,17:20,8.545,8.555,8.545,8.55, 1619
01/30/2020,17:23,8.55,8.56,8.55,8.56, 646
01/30/2020,17:27,8.555,8.555,8.555,8.555, 1545
01/30/2020,17:30,8.545,8.55,8.54,8.54, 674
01/30/2020,17:30,8.55,8.55,8.55,8.55, 58
01/30/2020,17:36,8.55,8.55,8.55,8.55, 24942
01/31/2020,09:01,8.53,8.53,8.53,8.53, 1971
01/31/2020,09:10,8.555,8.555,8.555,8.555, 344
01/31/2020,09:32,8.58,8.58,8.58,8.58, 1970
01/31/2020,09:32,8.58,8.58,8.575,8.575, 820
01/31/2020,09:33,8.575,8.575,8.575,8.575, 300
01/31/2020,09:35,8.555,8.555,8.555,8.555, 71
01/31/2020,09:36,8.555,8.555,8.555,8.555, 536
01/31/2020,09:40,8.575,8.58,8.575,8.58, 3000
01/31/2020,09:40,8.555,8.555,8.555,8.555, 229
01/31/2020,09:44,8.575,8.585,8.575,8.585, 880
01/31/2020,09:58,8.585,8.595,8.555,8.555, 1713
01/31/2020,09:59,8.585,8.595,8.585,8.595, 4337
01/31/2020,10:04,8.575,8.575,8.56,8.57, 3344
01/31/2020,10:05,8.59,8.59,8.59,8.59, 140
01/31/2020,10:14,8.57,8.57,8.57,8.57, 533
01/31/2020,10:16,8.59,8.59,8.59,8.59, 200
01/31/2020,10:22,8.595,8.595,8.595,8.595, 300
01/31/2020,10:37,8.595,8.6,8.595,8.595, 1360
01/31/2020,10:49,8.59,8.595,8.59,8.595, 570
01/31/2020,10:53,8.595,8.595,8.595,8.595, 200
01/31/2020,10:58,8.575,8.6,8.575,8.6, 405
01/31/2020,11:08,8.585,8.6,8.585,8.6, 1000
01/31/2020,11:11,8.595,8.595,8.595,8.595, 1088
01/31/2020,11:13,8.605,8.61,8.605,8.61, 350
01/31/2020,11:20,8.59,8.59,8.59,8.59, 102
01/31/2020,11:23,8.595,8.595,8.595,8.595, 62
01/31/2020,11:27,8.595,8.61,8.595,8.61, 1842
01/31/2020,11:39,8.61,8.62,8.595,8.595, 3792
01/31/2020,11:43,8.6,8.6,8.6,8.6, 292
01/31/2020,11:50,8.6,8.6,8.6,8.6, 55
01/31/2020,11:51,8.6,8.6,8.6,8.6, 136
01/31/2020,12:00,8.605,8.605,8.605,8.605, 177
01/31/2020,12:04,8.59,8.635,8.59,8.635, 330
01/31/2020,12:06,8.595,8.595,8.595,8.595, 1033
01/31/2020,12:19,8.615,8.63,8.615,8.63, 2324
01/31/2020,12:28,8.595,8.595,8.59,8.59, 1495
01/31/2020,12:34,8.585,8.585,8.58,8.58, 1096
01/31/2020,12:43,8.565,8.565,8.565,8.565, 508
01/31/2020,13:40,8.58,8.58,8.58,8.58, 32
01/31/2020,14:13,8.59,8.59,8.59,8.59, 200
01/31/2020,14:24,8.585,8.585,8.585,8.585, 236
01/31/2020,14:33,8.58,8.58,8.58,8.58, 450
01/31/2020,14:34,8.59,8.59,8.59,8.59, 5
01/31/2020,14:46,8.59,8.6,8.59,8.6, 2570
01/31/2020,14:46,8.6,8.6,8.6,8.6, 1
01/31/2020,14:50,8.595,8.6,8.59,8.59, 3345
01/31/2020,14:51,8.59,8.59,8.59,8.59, 282
01/31/2020,14:54,8.585,8.585,8.575,8.575, 1390
01/31/2020,14:54,8.59,8.595,8.59,8.595, 1162
01/31/2020,14:58,8.585,8.59,8.585,8.59, 1400
01/31/2020,15:18,8.59,8.59,8.575,8.575, 5766
01/31/2020,15:21,8.575,8.575,8.575,8.575, 162
01/31/2020,15:25,8.57,8.57,8.57,8.57, 1232
01/31/2020,15:51,8.565,8.575,8.565,8.575, 1026
01/31/2020,15:53,8.575,8.58,8.575,8.58, 932
01/31/2020,15:55,8.58,8.59,8.58,8.59, 1400
01/31/2020,16:00,8.565,8.565,8.565,8.565, 58
01/31/2020,16:27,8.565,8.565,8.56,8.56, 1687
01/31/2020,16:42,8.56,8.56,8.555,8.555, 4639
01/31/2020,16:42,8.56,8.56,8.56,8.56, 30
01/31/2020,16:47,8.56,8.56,8.56,8.56, 908
01/31/2020,16:52,8.56,8.56,8.56,8.56, 500
01/31/2020,16:52,8.55,8.55,8.55,8.55, 600
01/31/2020,17:12,8.555,8.555,8.555,8.555, 196
01/31/2020,17:14,8.555,8.555,8.55,8.55, 624
01/31/2020,17:15,8.55,8.55,8.525,8.525, 12460
01/31/2020,17:15,8.525,8.525,8.52,8.52, 1443
01/31/2020,17:18,8.52,8.52,8.52,8.52, 215
01/31/2020,17:22,8.52,8.53,8.52,8.53, 2561
01/31/2020,17:23,8.52,8.52,8.52,8.52, 2167
01/31/2020,17:25,8.53,8.53,8.53,8.53, 900
01/31/2020,17:26,8.53,8.53,8.53,8.53, 1000
01/31/2020,17:29,8.525,8.525,8.525,8.525, 145
01/31/2020,17:36,8.54,8.54,8.54,8.54, 59324

