02/03/2020,00:32,.41,.41,.41,.41, 6549
02/03/2020,00:36,.41,.41,.41,.41, 7628
02/03/2020,00:42,.41,.41,.41,.41, 2000
02/03/2020,00:49,.41,.41,.405,.41, 24066
02/03/2020,03:20,.415,.415,.415,.415, 17500
02/03/2020,04:49,.41,.41,.41,.41, 31520
02/03/2020,04:50,.41,.41,.41,.41, 428
02/03/2020,05:09,.415,.415,.415,.415, 3534
02/03/2020,05:18,.41,.41,.41,.41, 1958
02/03/2020,05:31,.41,.41,.405,.405, 136233
02/03/2020,05:34,.4,.4,.4,.4, 6449
02/03/2020,05:36,.405,.405,.405,.405, 8580
02/03/2020,05:43,.405,.405,.405,.405, 7806
02/03/2020,05:46,.4,.4,.4,.4, 70696
02/03/2020,05:51,.4,.4,.4,.4, 7242
02/03/2020,05:57,.4,.4,.4,.4, 6596
02/03/2020,06:03,.395,.405,.395,.405, 91031
02/03/2020,06:05,.395,.395,.395,.395, 9094
02/03/2020,06:07,.395,.395,.395,.395, 3212
02/03/2020,06:14,.395,.395,.395,.395, 1989
02/03/2020,06:16,.395,.4,.395,.4, 17509
02/03/2020,06:18,.405,.405,.405,.405, 6876
02/03/2020,06:31,.415,.415,.415,.415, 82491
02/04/2020,00:31,.415,.415,.415,.415, 13000
02/04/2020,00:40,.415,.415,.415,.415, 87373
02/04/2020,00:40,.42,.42,.42,.42, 19991
02/04/2020,00:42,.42,.42,.42,.42, 16854
02/04/2020,02:12,.425,.425,.425,.425, 5000
02/04/2020,03:13,.425,.425,.425,.425, 5000
02/04/2020,03:53,.425,.425,.425,.425, 2000
02/04/2020,04:22,.43,.435,.43,.435, 39343
02/04/2020,04:58,.425,.425,.425,.425, 3000
02/04/2020,05:21,.425,.425,.425,.425, 1343
02/04/2020,05:24,.435,.435,.435,.435, 3724
02/04/2020,05:57,.435,.435,.435,.435, 4775
02/04/2020,06:07,.435,.435,.435,.435, 4000
02/05/2020,01:40,.42,.42,.42,.42, 54126
02/05/2020,01:42,.42,.42,.42,.42, 20822
02/05/2020,01:45,.415,.415,.415,.415, 300
02/05/2020,02:11,.42,.42,.42,.42, 2250
02/05/2020,02:39,.42,.42,.42,.42, 4274
02/05/2020,02:57,.435,.435,.435,.435, 1948
02/05/2020,03:57,.43,.43,.43,.43, 5000
02/05/2020,05:03,.42,.42,.42,.42, 10000
02/05/2020,05:12,.42,.42,.42,.42, 39807
02/05/2020,05:14,.42,.42,.42,.42, 4758
02/05/2020,05:28,.42,.42,.42,.42, 28561
02/05/2020,05:51,.42,.42,.42,.42, 60000
02/06/2020,00:25,.42,.42,.42,.42, 18239
02/06/2020,02:05,.42,.42,.42,.42, 20136
02/06/2020,02:29,.42,.42,.42,.42, 3799
02/06/2020,02:40,.42,.42,.42,.42, 9386
02/06/2020,03:39,.422,.422,.42,.42, 6854
02/06/2020,04:16,.425,.425,.425,.425, 35083
02/06/2020,05:21,.422,.422,.42,.42, 13419
02/06/2020,05:52,.425,.425,.425,.425, 4375
02/06/2020,06:00,.425,.425,.425,.425, 196457
02/06/2020,06:11,.43,.43,.43,.43, 46500
02/06/2020,06:31,.435,.435,.435,.435, 614
02/07/2020,00:25,.43,.43,.43,.43, 2416
02/07/2020,01:04,.43,.43,.43,.43, 500
02/07/2020,01:09,.425,.425,.425,.425, 39515
02/07/2020,01:25,.425,.425,.425,.425, 93743
02/07/2020,02:17,.425,.425,.42,.42, 50890
02/07/2020,02:26,.43,.43,.43,.43, 721
02/07/2020,02:33,.42,.42,.42,.42, 9195
02/07/2020,04:14,.43,.43,.43,.43, 5520
02/10/2020,00:25,.435,.435,.435,.435, 22988
02/10/2020,00:27,.435,.435,.435,.435, 25971
02/10/2020,00:34,.435,.435,.435,.435, 14412
02/10/2020,01:11,.435,.435,.435,.435, 10588
02/10/2020,01:26,.435,.435,.435,.435, 10288
02/10/2020,03:23,.425,.425,.425,.425, 2000
02/10/2020,03:27,.425,.425,.425,.425, 409
02/10/2020,03:44,.425,.425,.425,.425, 12824
02/10/2020,03:58,.43,.43,.43,.43, 3500
02/10/2020,04:27,.425,.425,.425,.425, 56
02/10/2020,04:34,.425,.425,.425,.425, 532
02/10/2020,05:34,.43,.43,.43,.43, 20965
02/10/2020,05:51,.43,.43,.43,.43, 5200
02/10/2020,06:10,.425,.425,.425,.425, 69
02/10/2020,06:31,.425,.425,.425,.425, 1020
02/11/2020,00:25,.425,.425,.425,.425, 130914
02/11/2020,00:26,.425,.425,.425,.425, 90000
02/11/2020,00:27,.425,.425,.425,.425, 117453
02/11/2020,00:28,.425,.425,.42,.42, 80688
02/11/2020,00:31,.42,.42,.42,.42, 3730
02/11/2020,02:47,.42,.42,.42,.42, 1340
02/11/2020,02:53,.425,.43,.425,.43, 50086
02/11/2020,03:00,.425,.425,.425,.425, 10000
02/11/2020,03:46,.425,.425,.425,.425, 10000
02/11/2020,03:56,.425,.425,.425,.425, 5000
02/11/2020,04:22,.425,.425,.425,.425, 15000
02/11/2020,05:25,.425,.425,.425,.425, 3862
02/11/2020,06:00,.425,.425,.425,.425, 46135
02/11/2020,06:31,.425,.425,.425,.425, 145191
02/13/2020,00:34,.445,.47,.445,.47, 324731
02/13/2020,00:39,.46,.46,.46,.46, 15063
02/13/2020,00:40,.465,.465,.46,.46, 32000
02/13/2020,00:41,.46,.465,.46,.465, 15231
02/13/2020,00:47,.465,.465,.465,.465, 5317
02/13/2020,00:48,.465,.465,.46,.46, 13835
02/13/2020,00:54,.46,.46,.46,.46, 26676
02/13/2020,00:58,.47,.47,.47,.47, 4823
02/13/2020,01:03,.465,.465,.465,.465, 8774
02/13/2020,01:18,.46,.46,.46,.46, 24088
02/13/2020,01:19,.46,.46,.46,.46, 49491
02/13/2020,01:20,.46,.46,.46,.46, 25000
02/13/2020,01:57,.462,.462,.46,.46, 31452
02/13/2020,01:59,.465,.465,.465,.465, 4685
02/13/2020,02:01,.462,.462,.46,.46, 10000
02/13/2020,02:02,.46,.46,.46,.46, 42807
02/13/2020,02:09,.455,.455,.455,.455, 11000
02/13/2020,02:13,.46,.46,.46,.46, 6306
02/13/2020,02:29,.46,.46,.46,.46, 7117
02/13/2020,02:41,.46,.46,.46,.46, 6884
02/13/2020,02:44,.46,.46,.46,.46, 2000
02/13/2020,02:45,.455,.455,.455,.455, 57330
02/13/2020,02:59,.46,.46,.46,.46, 4089
02/13/2020,03:20,.46,.46,.46,.46, 7295
02/13/2020,03:30,.46,.46,.46,.46, 7644
02/13/2020,03:41,.46,.46,.46,.46, 7059
02/13/2020,03:48,.46,.46,.46,.46, 6875
02/13/2020,03:50,.46,.46,.46,.46, 12422
02/13/2020,04:03,.46,.46,.46,.46, 13939
02/13/2020,04:07,.46,.46,.46,.46, 2032
02/13/2020,04:09,.46,.46,.46,.46, 17
02/13/2020,04:10,.46,.46,.46,.46, 8000
02/13/2020,04:26,.46,.46,.46,.46, 2400
02/13/2020,04:38,.46,.46,.46,.46, 5099
02/13/2020,04:41,.46,.46,.46,.46, 11433
02/13/2020,04:55,.46,.46,.46,.46, 6878
02/13/2020,04:56,.46,.46,.46,.46, 6982
02/13/2020,05:02,.457,.457,.457,.457, 8170
02/13/2020,05:05,.46,.46,.46,.46, 6262
02/13/2020,05:11,.46,.46,.46,.46, 27332
02/13/2020,05:18,.46,.46,.46,.46, 2800
02/13/2020,05:32,.46,.46,.46,.46, 3000
02/13/2020,06:01,.462,.462,.46,.46, 7518
02/13/2020,06:03,.46,.46,.46,.46, 9199
02/13/2020,06:03,.46,.46,.46,.46, 11401
02/13/2020,06:31,.465,.465,.465,.465, 25000
02/14/2020,00:25,.47,.47,.465,.465, 53110
02/14/2020,00:28,.47,.47,.47,.47, 6758
02/14/2020,00:30,.47,.475,.47,.475, 158219
02/14/2020,00:31,.475,.475,.475,.475, 4500
02/14/2020,00:32,.475,.475,.475,.475, 11138
02/14/2020,00:39,.475,.475,.475,.475, 4000
02/14/2020,00:41,.475,.475,.475,.475, 5000
02/14/2020,00:44,.475,.475,.475,.475, 15199
02/14/2020,00:44,.475,.475,.475,.475, 3121
02/14/2020,00:47,.472,.472,.472,.472, 7209
02/14/2020,01:20,.475,.475,.475,.475, 25000
02/14/2020,01:22,.475,.475,.475,.475, 3408
02/14/2020,01:23,.475,.475,.475,.475, 7697
02/14/2020,01:30,.475,.475,.475,.475, 5242
02/14/2020,01:31,.47,.475,.47,.475, 47205
02/14/2020,01:36,.48,.48,.48,.48, 2111
02/14/2020,01:38,.48,.48,.48,.48, 7500
02/14/2020,01:43,.48,.48,.48,.48, 2083
02/14/2020,01:48,.477,.48,.477,.48, 23716
02/14/2020,01:56,.485,.485,.485,.485, 10000
02/14/2020,02:02,.485,.485,.485,.485, 8000
02/14/2020,02:05,.48,.48,.48,.48, 15039
02/14/2020,02:08,.48,.48,.48,.48, 40000
02/14/2020,02:14,.485,.485,.485,.485, 2000
02/14/2020,02:16,.48,.48,.48,.48, 48223
02/14/2020,02:24,.477,.477,.477,.477, 244
02/14/2020,02:26,.48,.48,.48,.48, 3000
02/14/2020,02:28,.475,.475,.475,.475, 7100
02/14/2020,02:31,.475,.475,.475,.475, 8800
02/14/2020,03:10,.48,.48,.48,.48, 59
02/14/2020,03:24,.48,.48,.48,.48, 4358
02/14/2020,03:31,.48,.48,.48,.48, 4928
02/14/2020,03:36,.47,.47,.47,.47, 107500
02/14/2020,03:43,.48,.48,.48,.48, 4602
02/14/2020,03:49,.475,.475,.475,.475, 5053
02/14/2020,03:58,.475,.475,.475,.475, 4581
02/14/2020,04:03,.472,.475,.472,.472, 5190
02/14/2020,04:13,.475,.475,.475,.475, 6172
02/14/2020,04:29,.48,.48,.48,.48, 4827
02/14/2020,04:39,.472,.475,.472,.475, 4494
02/14/2020,04:45,.472,.472,.472,.472, 10000
02/14/2020,04:47,.472,.472,.472,.472, 4886
02/14/2020,04:48,.472,.472,.472,.472, 5164
02/14/2020,04:50,.47,.47,.47,.47, 37521
02/14/2020,04:56,.475,.475,.475,.475, 5231
02/14/2020,05:04,.475,.475,.475,.475, 4940
02/14/2020,05:08,.475,.475,.475,.475, 5125
02/14/2020,05:13,.475,.475,.475,.475, 450
02/14/2020,05:19,.48,.48,.48,.48, 5315
02/14/2020,05:23,.477,.477,.477,.477, 413
02/14/2020,05:26,.48,.48,.48,.48, 4893
02/14/2020,05:31,.48,.48,.48,.48, 4340
02/14/2020,05:35,.477,.48,.477,.48, 5182
02/14/2020,05:41,.477,.48,.477,.48, 4655
02/14/2020,05:46,.48,.48,.48,.48, 4605
02/14/2020,05:51,.48,.48,.48,.48, 4158
02/14/2020,05:54,.477,.48,.477,.48, 22901
02/14/2020,05:55,.482,.482,.482,.482, 54
02/14/2020,06:14,.48,.48,.48,.48, 7500
02/14/2020,06:19,.485,.485,.485,.485, 8858
02/14/2020,06:31,.485,.485,.485,.485, 8492
02/17/2020,00:25,.475,.475,.475,.475, 40657
02/17/2020,00:32,.475,.475,.475,.475, 5759
02/17/2020,00:41,.475,.475,.475,.475, 2000
02/17/2020,00:58,.475,.475,.475,.475, 16760
02/17/2020,01:08,.475,.475,.475,.475, 2100
02/17/2020,01:51,.475,.475,.475,.475, 20000
02/17/2020,02:16,.485,.485,.485,.485, 2090
02/17/2020,02:17,.485,.485,.485,.485, 20600
02/17/2020,02:22,.485,.485,.485,.485, 16800
02/17/2020,02:46,.485,.485,.485,.485, 2271
02/17/2020,03:03,.485,.485,.485,.485, 14839
02/17/2020,03:17,.48,.48,.48,.48, 2198
02/17/2020,03:34,.485,.485,.48,.48, 4526
02/17/2020,04:20,.48,.48,.48,.48, 2696
02/17/2020,05:02,.475,.475,.475,.475, 1351
02/17/2020,05:20,.48,.48,.48,.48, 15334
02/17/2020,05:23,.48,.48,.48,.48, 9760
02/17/2020,05:52,.48,.48,.48,.48, 5711
02/17/2020,06:00,.48,.48,.48,.48, 619
02/17/2020,06:10,.48,.48,.48,.48, 1
02/17/2020,06:31,.48,.48,.48,.48, 940
02/18/2020,00:25,.475,.475,.475,.475, 25035
02/18/2020,00:34,.475,.475,.475,.475, 8000
02/18/2020,00:42,.475,.475,.475,.475, 11900
02/18/2020,00:44,.475,.475,.475,.475, 8068
02/18/2020,01:01,.47,.47,.47,.47, 32100
02/18/2020,01:05,.47,.47,.465,.465, 19248
02/18/2020,01:08,.46,.46,.45,.45, 33045
02/18/2020,01:09,.45,.45,.45,.45, 1358
02/18/2020,01:17,.45,.455,.45,.455, 1304
02/18/2020,01:17,.455,.46,.455,.46, 27183
02/18/2020,01:19,.46,.46,.46,.46, 679
02/18/2020,01:24,.465,.47,.465,.47, 2000
02/18/2020,01:38,.47,.47,.47,.47, 2600
02/18/2020,01:40,.47,.47,.47,.47, 6786
02/18/2020,01:42,.465,.465,.465,.465, 710
02/18/2020,01:51,.47,.47,.47,.47, 710
02/18/2020,02:17,.47,.47,.465,.465, 16258
02/18/2020,02:18,.47,.47,.47,.47, 36350
02/18/2020,02:27,.46,.46,.46,.46, 1204
02/18/2020,02:29,.46,.46,.46,.46, 1118
02/18/2020,02:32,.465,.465,.465,.465, 393
02/18/2020,02:35,.46,.46,.46,.46, 1077
02/18/2020,02:39,.46,.46,.46,.46, 976
02/18/2020,02:49,.455,.455,.455,.455, 1158
02/18/2020,02:50,.465,.465,.465,.465, 1500
02/18/2020,02:59,.455,.455,.455,.455, 1118
02/18/2020,03:00,.455,.455,.455,.455, 951
02/18/2020,03:09,.455,.455,.455,.455, 1191
02/18/2020,03:10,.455,.455,.455,.455, 1005
02/18/2020,03:19,.455,.455,.455,.455, 1240
02/18/2020,03:20,.455,.455,.455,.455, 787
02/18/2020,03:29,.455,.455,.455,.455, 1311
02/18/2020,03:30,.455,.455,.455,.455, 932
02/18/2020,03:31,.46,.46,.46,.46, 3505
02/18/2020,03:39,.455,.455,.455,.455, 293
02/18/2020,03:40,.455,.455,.455,.455, 298
02/18/2020,03:42,.455,.455,.455,.455, 33
02/18/2020,03:49,.455,.455,.455,.455, 856
02/18/2020,03:50,.455,.455,.455,.455, 901
02/18/2020,03:52,.455,.455,.455,.455, 129
02/18/2020,03:59,.455,.46,.455,.46, 4077
02/18/2020,04:00,.46,.46,.46,.46, 106
02/18/2020,04:05,.46,.46,.46,.46, 1
02/18/2020,05:12,.465,.465,.465,.465, 10
02/18/2020,05:17,.46,.46,.46,.46, 2518
02/18/2020,05:19,.455,.455,.45,.45, 46779
02/18/2020,05:28,.455,.455,.455,.455, 5
02/18/2020,05:29,.455,.455,.45,.455, 3146
02/18/2020,05:32,.45,.45,.45,.45, 2618
02/18/2020,05:57,.46,.46,.46,.46, 2024
02/18/2020,05:59,.45,.45,.45,.45, 61
02/18/2020,06:09,.45,.45,.45,.45, 32
02/18/2020,06:17,.45,.45,.45,.45, 11
02/18/2020,06:20,.45,.45,.45,.45, 507
02/18/2020,06:20,.45,.45,.45,.45, 257
02/18/2020,06:31,.45,.45,.45,.45, 41115
02/19/2020,00:25,.45,.45,.45,.45, 7106
02/19/2020,00:48,.45,.45,.45,.45, 22147
02/19/2020,01:38,.46,.46,.46,.46, 50928
02/19/2020,02:33,.46,.46,.46,.46, 98237
02/19/2020,02:33,.46,.46,.46,.46, 8214
02/19/2020,02:45,.46,.46,.46,.46, 21969
02/19/2020,02:46,.455,.455,.455,.455, 14050
02/19/2020,02:47,.46,.46,.46,.46, 1011
02/19/2020,03:45,.46,.46,.46,.46, 545
02/19/2020,03:52,.465,.465,.465,.465, 18850
02/19/2020,03:58,.46,.46,.46,.46, 9362
02/19/2020,04:14,.46,.46,.46,.46, 4067
02/19/2020,04:17,.46,.46,.46,.46, 819
02/19/2020,04:20,.46,.46,.46,.46, 544
02/19/2020,04:42,.46,.46,.46,.46, 544
02/19/2020,04:58,.46,.46,.455,.46, 5450
02/19/2020,05:02,.465,.465,.465,.465, 2339
02/19/2020,05:36,.46,.46,.46,.46, 2695
02/19/2020,05:42,.46,.46,.46,.46, 547
02/19/2020,05:58,.46,.46,.46,.46, 410
02/19/2020,06:02,.465,.465,.465,.465, 3149
02/19/2020,06:11,.46,.46,.46,.46, 136
02/20/2020,00:43,.45,.45,.45,.45, 7395
02/20/2020,00:52,.45,.45,.45,.45, 2517
02/20/2020,02:36,.455,.455,.455,.455, 1509
02/20/2020,02:52,.455,.455,.455,.455, 16551
02/20/2020,02:52,.45,.455,.45,.455, 57919
02/20/2020,02:56,.45,.455,.45,.455, 13721
02/20/2020,04:12,.45,.45,.45,.45, 615
02/20/2020,04:15,.45,.455,.45,.455, 32875
02/20/2020,04:18,.455,.455,.455,.455, 6954
02/20/2020,05:33,.455,.455,.455,.455, 6262
02/20/2020,06:15,.455,.455,.455,.455, 21978
02/21/2020,00:25,.45,.455,.45,.455, 4120
02/21/2020,00:26,.455,.465,.455,.465, 49281
02/21/2020,01:13,.46,.465,.46,.465, 4289
02/21/2020,01:44,.46,.46,.46,.46, 6303
02/21/2020,02:22,.46,.46,.46,.46, 17527
02/21/2020,03:46,.46,.46,.46,.46, 2900
02/21/2020,04:11,.455,.46,.455,.46, 29355
02/21/2020,04:16,.46,.46,.46,.46, 6737
02/21/2020,04:25,.46,.46,.46,.46, 11037
02/21/2020,04:34,.46,.46,.46,.46, 350
02/21/2020,04:52,.46,.46,.46,.46, 19334
02/21/2020,04:53,.46,.46,.46,.46, 23681
02/21/2020,04:57,.46,.46,.46,.46, 21856
02/21/2020,05:00,.46,.46,.46,.46, 16500
02/21/2020,05:02,.46,.46,.46,.46, 18425
02/24/2020,00:28,.45,.45,.45,.45, 14811
02/24/2020,00:29,.45,.45,.45,.45, 5000
02/24/2020,00:31,.45,.45,.45,.45, 8031
02/24/2020,00:34,.45,.45,.45,.45, 5000
02/24/2020,00:35,.45,.45,.45,.45, 18044
02/24/2020,00:36,.44,.45,.44,.44, 71310
02/24/2020,00:38,.44,.44,.44,.44, 6822
02/24/2020,00:39,.438,.438,.438,.438, 2083
02/24/2020,00:42,.44,.45,.44,.45, 18402
02/24/2020,00:44,.45,.45,.45,.45, 3440
02/24/2020,00:45,.447,.447,.44,.44, 8046
02/24/2020,00:46,.45,.45,.45,.45, 5793
02/24/2020,00:47,.445,.45,.445,.445, 13656
02/24/2020,00:49,.45,.45,.45,.45, 1898
02/24/2020,00:56,.45,.45,.45,.45, 5023
02/24/2020,00:59,.45,.45,.45,.45, 3347
02/24/2020,01:25,.45,.45,.45,.45, 16636
02/24/2020,01:33,.45,.45,.45,.45, 15874
02/24/2020,01:37,.45,.45,.45,.45, 2288
02/24/2020,01:51,.45,.45,.45,.45, 10107
02/24/2020,01:53,.45,.45,.45,.45, 11235
02/24/2020,02:14,.45,.45,.45,.45, 1874
02/24/2020,02:43,.45,.45,.45,.45, 99000
02/24/2020,02:52,.45,.45,.45,.45, 62918
02/24/2020,02:53,.445,.45,.445,.45, 11455
02/24/2020,03:19,.445,.45,.445,.45, 2340
02/24/2020,03:20,.445,.45,.445,.45, 4634
02/24/2020,03:34,.45,.45,.45,.45, 2513
02/24/2020,03:39,.45,.45,.45,.45, 26076
02/24/2020,03:42,.44,.45,.44,.45, 8947
02/24/2020,04:00,.45,.45,.45,.45, 18931
02/24/2020,04:06,.45,.45,.45,.45, 13964
02/24/2020,04:15,.45,.45,.445,.445, 12409
02/24/2020,04:18,.45,.45,.45,.45, 8715
02/24/2020,04:21,.445,.445,.445,.445, 2000
02/24/2020,04:26,.455,.455,.455,.455, 60442
02/24/2020,04:31,.455,.455,.455,.455, 11937
02/24/2020,04:51,.455,.455,.455,.455, 2062
02/24/2020,04:52,.455,.455,.455,.455, 12500
02/24/2020,04:58,.45,.45,.45,.45, 28433
02/24/2020,05:01,.45,.45,.45,.45, 5242
02/24/2020,05:03,.45,.45,.45,.45, 4247
02/24/2020,05:07,.45,.45,.45,.45, 8123
02/24/2020,05:09,.45,.45,.45,.45, 15947
02/24/2020,05:14,.45,.45,.45,.45, 13642
02/24/2020,05:16,.447,.447,.447,.447, 5000
02/24/2020,05:19,.45,.45,.45,.45, 10634
02/24/2020,05:41,.45,.45,.45,.45, 9015
02/24/2020,05:46,.45,.45,.45,.45, 9833
02/24/2020,05:48,.45,.45,.45,.45, 10126
02/24/2020,05:50,.45,.45,.45,.45, 7218
02/24/2020,05:52,.45,.45,.45,.45, 12662
02/24/2020,05:59,.445,.445,.445,.445, 2162
02/24/2020,06:11,.445,.445,.445,.445, 4686
02/24/2020,06:12,.44,.44,.44,.44, 22483
02/24/2020,06:13,.44,.44,.44,.44, 5000
02/24/2020,06:15,.445,.445,.445,.445, 1745
02/24/2020,06:16,.442,.442,.442,.442, 20000
02/25/2020,00:25,.42,.42,.4,.4, 133052
02/25/2020,00:26,.39,.39,.39,.39, 1000
02/25/2020,00:28,.385,.385,.365,.365, 16980
02/25/2020,00:29,.37,.37,.37,.37, 15000
02/25/2020,00:30,.365,.365,.365,.365, 15000
02/25/2020,00:31,.365,.365,.36,.36, 34366
02/25/2020,00:35,.365,.365,.36,.36, 10390
02/25/2020,00:37,.36,.36,.36,.36, 20000
02/25/2020,00:38,.36,.36,.36,.36, 15879
02/25/2020,00:39,.35,.35,.34,.34, 22333
02/25/2020,00:40,.335,.34,.335,.335, 23452
02/25/2020,00:42,.325,.33,.325,.33, 73281
02/25/2020,00:42,.33,.33,.33,.33, 24936
02/25/2020,00:51,.345,.355,.345,.355, 42036
02/25/2020,00:52,.355,.36,.355,.36, 135275
02/25/2020,00:53,.365,.37,.36,.37, 170400
02/25/2020,00:54,.37,.37,.36,.365, 25044
02/25/2020,00:55,.365,.365,.365,.365, 15
02/25/2020,00:57,.36,.365,.36,.365, 11002
02/25/2020,00:58,.365,.38,.365,.38, 74775
02/25/2020,00:59,.38,.38,.36,.36, 33133
02/25/2020,01:00,.36,.36,.36,.36, 26798
02/25/2020,01:02,.36,.36,.36,.36, 13202
02/25/2020,01:04,.365,.365,.365,.365, 6849
02/25/2020,01:05,.36,.36,.36,.36, 850
02/25/2020,01:07,.36,.36,.36,.36, 1270
02/25/2020,01:11,.365,.365,.365,.365, 2281
02/25/2020,01:20,.37,.37,.37,.37, 2515
02/25/2020,01:21,.37,.37,.37,.37, 5070
02/25/2020,01:33,.37,.37,.37,.37, 106630
02/25/2020,01:34,.375,.375,.375,.375, 2
02/25/2020,01:36,.375,.375,.375,.375, 8160
02/25/2020,01:58,.38,.38,.38,.38, 38029
02/25/2020,02:00,.385,.385,.385,.385, 6666
02/25/2020,02:01,.39,.39,.39,.39, 474
02/25/2020,02:05,.395,.395,.395,.395, 56
02/25/2020,02:06,.395,.395,.39,.39, 15241
02/25/2020,02:13,.38,.38,.38,.38, 30820
02/25/2020,02:15,.375,.375,.375,.375, 30100
02/25/2020,02:20,.365,.365,.365,.365, 11000
02/25/2020,02:22,.37,.37,.37,.37, 105
02/25/2020,02:25,.37,.37,.37,.37, 135
02/25/2020,02:29,.375,.375,.375,.375, 34
02/25/2020,02:30,.375,.375,.37,.37, 8373
02/25/2020,02:31,.375,.375,.375,.375, 280
02/25/2020,02:32,.38,.38,.38,.38, 2000
02/25/2020,02:42,.375,.375,.375,.375, 3000
02/25/2020,02:47,.38,.38,.38,.38, 1987
02/25/2020,02:50,.38,.38,.38,.38, 576
02/25/2020,03:00,.38,.38,.38,.38, 3793
02/25/2020,03:19,.38,.38,.38,.38, 51952
02/25/2020,03:29,.385,.385,.385,.385, 25714
02/25/2020,03:41,.385,.385,.382,.382, 6813
02/25/2020,03:43,.382,.39,.382,.39, 58733
02/25/2020,03:50,.385,.385,.385,.385, 1100
02/25/2020,03:59,.39,.395,.39,.395, 30562
02/25/2020,04:02,.4,.4,.4,.4, 6136
02/25/2020,04:06,.405,.405,.405,.405, 280
02/25/2020,04:07,.405,.405,.405,.405, 4658
02/25/2020,04:09,.4,.4,.4,.4, 19842
02/25/2020,04:13,.4,.4,.4,.4, 1352
02/25/2020,04:14,.4,.405,.4,.405, 35574
02/25/2020,04:21,.4,.4,.4,.4, 2554
02/25/2020,04:40,.4,.4,.4,.4, 12000
02/25/2020,04:42,.4,.4,.4,.4, 5000
02/25/2020,04:45,.4,.4,.39,.4, 41591
02/25/2020,04:58,.39,.39,.39,.39, 1
02/25/2020,05:01,.39,.39,.39,.39, 2000
02/25/2020,05:06,.392,.395,.392,.395, 84
02/25/2020,05:06,.395,.395,.395,.395, 1
02/25/2020,05:08,.397,.397,.397,.397, 1500
02/25/2020,05:09,.397,.397,.397,.397, 1617
02/25/2020,05:10,.397,.397,.397,.397, 476
02/25/2020,05:12,.4,.4,.4,.4, 42579
02/25/2020,05:14,.405,.405,.405,.405, 8460
02/25/2020,05:17,.403,.403,.403,.403, 930
02/25/2020,05:19,.405,.405,.405,.405, 5337
02/25/2020,05:22,.405,.405,.405,.405, 6526
02/25/2020,05:25,.405,.405,.405,.405, 4010
02/25/2020,05:26,.405,.405,.405,.405, 139
02/25/2020,05:36,.41,.41,.405,.405, 15828
02/25/2020,05:37,.405,.405,.405,.405, 1
02/25/2020,05:42,.41,.41,.405,.41, 148764
02/25/2020,05:43,.41,.41,.41,.41, 59
02/25/2020,05:44,.41,.41,.41,.41, 2
02/25/2020,05:47,.415,.415,.415,.415, 17
02/25/2020,05:48,.42,.42,.415,.415, 15200
02/25/2020,05:48,.415,.415,.415,.415, 9
02/25/2020,05:55,.41,.41,.41,.41, 40
02/25/2020,05:56,.415,.415,.415,.415, 14720
02/25/2020,05:57,.41,.41,.41,.41, 338
02/25/2020,06:00,.41,.41,.41,.41, 5000
02/25/2020,06:05,.415,.415,.415,.415, 15804
02/25/2020,06:05,.415,.415,.415,.415, 2
02/25/2020,06:10,.415,.415,.41,.41, 1411
02/25/2020,06:11,.405,.405,.4,.405, 13650
02/25/2020,06:12,.405,.405,.405,.405, 193
02/25/2020,06:13,.405,.405,.405,.405, 5127
02/25/2020,06:14,.405,.405,.405,.405, 199
02/25/2020,06:16,.407,.407,.405,.405, 3733
02/25/2020,06:18,.41,.41,.41,.41, 11344
02/25/2020,06:19,.405,.41,.405,.41, 10351
02/25/2020,06:31,.41,.41,.41,.41, 61152
02/26/2020,00:25,.37,.37,.36,.36, 79096
02/26/2020,00:26,.36,.36,.36,.36, 5000
02/26/2020,00:28,.365,.365,.36,.36, 18941
02/26/2020,00:29,.355,.355,.35,.35, 14000
02/26/2020,00:30,.35,.35,.35,.35, 15931
02/26/2020,00:31,.35,.35,.35,.35, 11777
02/26/2020,00:32,.36,.36,.36,.36, 5000
02/26/2020,00:33,.36,.36,.36,.36, 555
02/26/2020,00:34,.36,.36,.36,.36, 1000
02/26/2020,00:39,.36,.36,.345,.36, 60547
02/26/2020,00:40,.36,.36,.36,.36, 14910
02/26/2020,00:42,.365,.365,.365,.365, 16491
02/26/2020,00:43,.365,.365,.365,.365, 5014
02/26/2020,00:55,.365,.37,.365,.37, 35964
02/26/2020,00:56,.375,.375,.375,.375, 5000
02/26/2020,00:57,.38,.395,.38,.39, 64000
02/26/2020,01:00,.39,.39,.39,.39, 1200
02/26/2020,01:01,.39,.39,.39,.39, 5128
02/26/2020,01:02,.39,.39,.39,.39, 2637
02/26/2020,01:23,.39,.39,.39,.39, 2592
02/26/2020,01:26,.38,.38,.38,.38, 2226
02/26/2020,01:26,.385,.385,.385,.385, 900
02/26/2020,01:31,.38,.38,.38,.38, 140
02/26/2020,01:35,.38,.38,.38,.38, 2820
02/26/2020,01:40,.37,.37,.37,.37, 190
02/26/2020,01:40,.375,.375,.375,.375, 460
02/26/2020,02:04,.375,.375,.375,.375, 1344
02/26/2020,02:08,.37,.37,.37,.37, 1680
02/26/2020,02:14,.375,.375,.375,.375, 4133
02/26/2020,02:15,.37,.37,.37,.37, 16581
02/26/2020,02:18,.37,.375,.37,.375, 15800
02/26/2020,02:21,.37,.38,.37,.38, 5624
02/26/2020,02:23,.38,.38,.38,.38, 3164
02/26/2020,02:25,.375,.375,.375,.375, 1976
02/26/2020,02:26,.38,.38,.375,.38, 20579
02/26/2020,02:28,.38,.38,.38,.38, 3321
02/26/2020,02:31,.375,.38,.375,.38, 5976
02/26/2020,02:37,.38,.39,.38,.39, 9402
02/26/2020,02:46,.38,.38,.38,.38, 660
02/26/2020,03:08,.375,.375,.375,.375, 5000
02/26/2020,03:09,.375,.385,.37,.37, 27100
02/26/2020,03:14,.37,.37,.37,.37, 1883
02/26/2020,03:16,.38,.38,.38,.38, 25
02/26/2020,03:21,.38,.38,.38,.38, 6124
02/26/2020,03:26,.37,.38,.37,.38, 2555
02/26/2020,03:36,.375,.38,.375,.38, 10873
02/26/2020,03:40,.38,.38,.38,.38, 2965
02/26/2020,03:45,.375,.375,.375,.375, 175
02/26/2020,03:50,.38,.38,.38,.38, 14257
02/26/2020,03:55,.375,.375,.375,.375, 800
02/26/2020,03:56,.38,.38,.38,.38, 9967
02/26/2020,04:00,.38,.38,.38,.38, 22646
02/26/2020,04:04,.38,.38,.38,.38, 13942
02/26/2020,04:05,.38,.38,.38,.38, 8624
02/26/2020,04:11,.38,.38,.38,.38, 20000
02/26/2020,04:13,.385,.385,.385,.385, 1000
02/26/2020,04:52,.38,.38,.38,.38, 11800
02/26/2020,05:22,.377,.377,.375,.375, 9840
02/26/2020,05:26,.38,.38,.38,.38, 12900
02/26/2020,05:30,.375,.375,.365,.365, 9600
02/26/2020,05:41,.365,.365,.365,.365, 17391
02/26/2020,05:46,.365,.365,.365,.365, 11987
02/26/2020,05:50,.365,.365,.365,.365, 13
02/26/2020,06:00,.375,.375,.375,.375, 339
02/26/2020,06:14,.375,.375,.375,.375, 6001
02/26/2020,06:15,.37,.375,.37,.375, 10708
02/26/2020,06:16,.365,.365,.365,.365, 1872
02/26/2020,06:19,.36,.36,.36,.36, 2030

