02/06/2020,01:28,.83,.83,.83,.83, 5290
02/06/2020,02:04,.815,.815,.815,.815, 2191
02/06/2020,02:41,.815,.815,.815,.815, 3000
02/06/2020,04:16,.815,.815,.815,.815, 3993
02/06/2020,06:17,.83,.83,.83,.83, 300
02/11/2020,02:34,.83,.83,.83,.83, 603
02/11/2020,02:45,.83,.83,.83,.83, 397
02/11/2020,02:46,.84,.84,.84,.84, 7404
02/11/2020,02:59,.842,.845,.842,.845, 6494
02/11/2020,04:46,.82,.82,.82,.82, 500
02/11/2020,05:00,.845,.845,.845,.845, 354
02/11/2020,05:09,.845,.845,.845,.845, 336
02/13/2020,00:30,.82,.82,.82,.82, 40549
02/13/2020,01:39,.82,.82,.82,.82, 5736
02/14/2020,04:28,.82,.82,.82,.82, 12360
02/14/2020,05:50,.82,.82,.82,.82, 2252
02/18/2020,00:29,.82,.82,.82,.82, 3000
02/18/2020,03:19,.82,.82,.82,.82, 24
02/19/2020,01:07,.82,.82,.82,.82, 7834
02/19/2020,04:50,.82,.82,.815,.815, 35490
02/24/2020,01:07,.83,.83,.83,.83, 1000
02/24/2020,01:57,.82,.82,.815,.815, 62202
02/24/2020,03:54,.815,.815,.815,.815, 17206
02/24/2020,04:49,.815,.815,.815,.815, 28931
02/24/2020,05:49,.83,.83,.83,.83, 128
02/25/2020,00:33,.815,.815,.81,.81, 20000
02/25/2020,00:39,.81,.81,.81,.81, 169140
02/25/2020,01:04,.805,.805,.8,.8, 40000
02/25/2020,01:24,.75,.75,.75,.75, 502
02/25/2020,03:14,.78,.78,.78,.78, 11992
02/25/2020,03:44,.8,.8,.8,.8, 122272
02/25/2020,03:45,.8,.8,.8,.8, 12634
02/25/2020,03:46,.8,.8,.8,.8, 2
02/25/2020,03:47,.8,.8,.8,.8, 2
02/25/2020,06:16,.8,.8,.8,.8, 12776
02/25/2020,06:17,.805,.805,.805,.805, 493
02/26/2020,05:39,.795,.795,.78,.78, 12900
02/26/2020,05:42,.795,.795,.795,.795, 1000
02/26/2020,06:14,.795,.795,.795,.795, 968
02/26/2020,06:16,.785,.785,.785,.785, 266
02/26/2020,06:19,.78,.78,.78,.78, 2260
02/26/2020,06:31,.78,.78,.78,.78, 3000

