01/02/2020,15:31,14.99,14.99,14.99,14.99, 505
01/02/2020,15:42,14.88,14.88,14.88,14.88, 185
01/02/2020,15:43,14.78,14.78,14.78,14.78, 200
01/02/2020,15:44,14.89,14.89,14.89,14.89, 100
01/02/2020,15:53,14.77,14.77,14.77,14.77, 300
01/02/2020,15:58,14.831,14.831,14.831,14.831, 100
01/02/2020,16:19,14.868,14.868,14.868,14.868, 2200
01/02/2020,16:19,14.77,14.77,14.77,14.77, 400
01/02/2020,17:33,14.78,14.78,14.78,14.78, 500
01/02/2020,17:34,14.77,14.77,14.77,14.77, 100
01/02/2020,17:35,14.615,14.615,14.615,14.615, 100
01/02/2020,17:47,14.693,14.693,14.693,14.693, 140
01/02/2020,17:53,14.689,14.689,14.689,14.689, 170
01/02/2020,18:26,14.67,14.67,14.67,14.67, 100
01/02/2020,18:32,14.81,14.81,14.81,14.81, 100
01/02/2020,18:37,14.79,14.79,14.79,14.79, 300
01/02/2020,18:38,14.79,14.79,14.79,14.79, 350
01/02/2020,18:49,14.805,14.805,14.805,14.805, 100
01/02/2020,18:50,14.807,14.81,14.807,14.81, 300
01/02/2020,18:52,14.807,14.81,14.807,14.81, 300
01/02/2020,18:55,14.85,14.9,14.85,14.9, 300
01/02/2020,19:33,14.937,14.937,14.937,14.937, 200
01/02/2020,19:34,14.91,14.91,14.91,14.91, 100
01/02/2020,19:35,14.9,14.9,14.9,14.9, 200
01/02/2020,19:38,14.91,14.91,14.91,14.91, 120
01/02/2020,19:51,14.9,14.9,14.9,14.9, 1000
01/02/2020,19:51,14.894,14.894,14.82,14.82, 500
01/02/2020,19:54,14.9,14.9,14.9,14.9, 100
01/02/2020,20:17,14.801,14.801,14.801,14.801, 539
01/02/2020,20:25,14.851,14.851,14.851,14.851, 125
01/02/2020,21:30,14.828,14.828,14.828,14.828, 151
01/02/2020,21:30,14.71,14.71,14.71,14.71, 100
01/02/2020,21:36,14.88,14.88,14.88,14.88, 100
01/02/2020,21:40,14.722,14.722,14.72,14.72, 600
01/02/2020,21:49,14.88,14.88,14.71,14.71, 600
01/03/2020,15:36,14.74,14.814,14.71,14.784, 700
01/03/2020,15:39,14.96,14.96,14.96,14.96, 100
01/03/2020,15:47,14.86,14.86,14.845,14.845, 200
01/03/2020,16:18,14.892,14.892,14.892,14.892, 200
01/03/2020,16:42,14.89,14.89,14.89,14.89, 100
01/03/2020,17:38,14.89,14.89,14.89,14.89, 979
01/03/2020,17:39,14.96,14.96,14.96,14.96, 100
01/03/2020,17:44,14.93,14.93,14.93,14.93, 100
01/03/2020,17:56,14.754,14.754,14.754,14.754, 2000
01/03/2020,17:56,14.72,14.73,14.72,14.73, 200
01/03/2020,18:20,14.78,14.78,14.78,14.78, 145
01/03/2020,18:27,14.73,14.73,14.73,14.73, 107
01/03/2020,18:40,14.71,14.71,14.71,14.71, 1251
01/03/2020,18:41,14.692,14.692,14.6,14.6, 469
01/03/2020,18:50,14.63,14.68,14.62,14.63, 1200
01/03/2020,18:50,14.62,14.62,14.62,14.62, 100
01/03/2020,18:59,14.62,14.62,14.61,14.61, 1100
01/03/2020,18:59,14.61,14.61,14.61,14.61, 100
01/03/2020,19:21,14.6,14.6,14.6,14.6, 1366
01/03/2020,19:22,14.2,14.3,14.2,14.3, 462
01/03/2020,19:33,14.355,14.355,14.355,14.355, 200
01/03/2020,19:40,14.386,14.386,14.386,14.386, 125
01/03/2020,19:55,14.46,14.46,14.46,14.46, 200
01/03/2020,19:58,14.47,14.49,14.43,14.43, 888
01/03/2020,19:58,14.43,14.43,14.43,14.43, 300
01/03/2020,20:01,14.43,14.43,14.43,14.43, 738
01/03/2020,20:04,14.381,14.381,14.33,14.33, 300
01/03/2020,20:29,14.252,14.252,14.252,14.252, 729
01/03/2020,21:05,14.352,14.352,14.28,14.28, 1100
01/03/2020,21:09,14.359,14.359,14.359,14.359, 200
01/03/2020,21:21,14.31,14.31,14.31,14.31, 337
01/03/2020,21:21,14.32,14.32,14.32,14.32, 100
01/03/2020,21:22,14.48,14.48,14.48,14.48, 100
01/03/2020,21:29,14.347,14.347,14.33,14.33, 300
01/03/2020,21:39,14.302,14.302,14.302,14.302, 300
01/03/2020,21:43,14.325,14.325,14.26,14.26, 600
01/03/2020,21:55,14.35,14.35,14.29,14.29, 385
01/03/2020,21:57,14.29,14.29,14.29,14.29, 475
01/03/2020,22:00,14.3,14.3,14.22,14.22, 397
01/03/2020,22:01,14.22,14.22,14.22,14.22, 233
01/06/2020,15:31,14.19,14.19,14.19,14.19, 234
01/06/2020,15:40,14.18,14.22,14.18,14.22, 1654
01/06/2020,16:16,14.092,14.092,14.04,14.05, 2448
01/06/2020,16:22,14.07,14.07,14.07,14.07, 100
01/06/2020,16:27,14.08,14.08,14.08,14.08, 100
01/06/2020,16:30,14.08,14.08,14.07,14.07, 300
01/06/2020,16:32,14.097,14.097,14.097,14.097, 200
01/06/2020,16:33,14.07,14.07,14.07,14.07, 100
01/06/2020,16:41,14.08,14.08,14.08,14.08, 100
01/06/2020,16:45,14.09,14.09,14.09,14.09, 100
01/06/2020,16:46,14.14,14.14,14.14,14.14, 100
01/06/2020,16:51,14.18,14.18,14.18,14.18, 100
01/06/2020,17:03,14.21,14.21,14.21,14.21, 100
01/06/2020,17:08,14.25,14.25,14.25,14.25, 100
01/06/2020,17:15,14.25,14.25,14.25,14.25, 200
01/06/2020,17:17,14.3,14.3,14.3,14.3, 100
01/06/2020,17:23,14.39,14.54,14.39,14.54, 1100
01/06/2020,17:34,14.397,14.431,14.397,14.431, 1000
01/06/2020,17:35,14.478,14.478,14.478,14.478, 500
01/06/2020,17:37,14.54,14.54,14.54,14.54, 1190
01/06/2020,17:41,14.499,14.499,14.499,14.499, 760
01/06/2020,17:41,14.38,14.38,14.38,14.38, 100
01/06/2020,17:48,14.38,14.38,14.38,14.38, 100
01/06/2020,17:55,14.39,14.39,14.39,14.39, 100
01/06/2020,18:03,14.39,14.39,14.39,14.39, 100
01/06/2020,18:13,14.4,14.4,14.4,14.4, 100
01/06/2020,18:38,14.48,14.48,14.42,14.42, 647
01/06/2020,18:47,14.42,14.42,14.42,14.42, 100
01/06/2020,18:49,14.476,14.476,14.476,14.476, 200
01/06/2020,19:14,14.44,14.44,14.44,14.44, 200
01/06/2020,19:33,14.52,14.52,14.52,14.52, 100
01/06/2020,19:37,14.547,14.547,14.547,14.547, 100
01/06/2020,20:49,14.6,14.6,14.6,14.6, 100
01/06/2020,21:06,14.45,14.45,14.45,14.45, 100
01/06/2020,21:08,14.493,14.493,14.493,14.493, 1998
01/06/2020,21:21,14.45,14.45,14.45,14.45, 100
01/06/2020,21:30,14.46,14.46,14.46,14.46, 100
01/06/2020,21:53,14.39,14.39,14.39,14.39, 100
01/07/2020,15:31,14.4,14.4,14.4,14.4, 336
01/07/2020,15:37,14.4,14.4,14.4,14.4, 100
01/07/2020,15:37,14.4,14.4,14.4,14.4, 100
01/07/2020,15:42,14.71,14.71,14.71,14.71, 100
01/07/2020,16:27,14.685,14.685,14.685,14.685, 300
01/07/2020,16:37,14.65,14.65,14.65,14.65, 100
01/07/2020,16:42,14.6,14.6,14.6,14.6, 100
01/07/2020,16:43,14.52,14.52,14.52,14.52, 100
01/07/2020,17:11,14.64,14.64,14.64,14.64, 139
01/07/2020,17:12,14.41,14.41,14.41,14.41, 100
01/07/2020,17:19,14.53,14.53,14.53,14.53, 100
01/07/2020,17:59,14.48,14.48,14.48,14.48, 500
01/07/2020,18:00,14.48,14.48,14.48,14.48, 500
01/07/2020,18:05,14.48,14.48,14.48,14.48, 215
01/07/2020,18:06,14.44,14.44,14.44,14.44, 100
01/07/2020,18:07,14.36,14.36,14.36,14.36, 100
01/07/2020,18:41,14.335,14.335,14.335,14.335, 200
01/07/2020,18:42,14.335,14.335,14.335,14.335, 100
01/07/2020,18:45,14.26,14.26,14.26,14.26, 200
01/07/2020,19:07,14.385,14.385,14.385,14.385, 100
01/07/2020,19:30,14.27,14.27,14.27,14.27, 100
01/07/2020,20:31,14.5,14.5,14.5,14.5, 100
01/07/2020,20:55,14.42,14.42,14.42,14.42, 100
01/07/2020,21:02,14.46,14.46,14.46,14.46, 100
01/07/2020,21:05,14.46,14.46,14.46,14.46, 100
01/07/2020,21:31,14.47,14.47,14.47,14.47, 100
01/07/2020,21:50,14.439,14.439,14.439,14.439, 432
01/08/2020,15:31,14.55,14.55,14.55,14.55, 111
01/08/2020,16:31,14.48,14.48,14.48,14.48, 384
01/08/2020,16:32,14.48,14.49,14.48,14.48, 1200
01/08/2020,16:45,14.385,14.385,14.385,14.385, 200
01/08/2020,17:15,14.35,14.35,14.35,14.35, 275
01/08/2020,17:58,14.2,14.2,14.2,14.2, 200
01/08/2020,18:11,14.1,14.1,14.1,14.1, 2000
01/08/2020,18:12,14.05,14.05,14.05,14.05, 100
01/08/2020,18:13,14.23,14.23,14.025,14.025, 430
01/08/2020,18:16,14.103,14.103,14.103,14.103, 100
01/08/2020,18:42,14.14,14.14,14.14,14.14, 100
01/08/2020,18:59,14.331,14.331,14.331,14.331, 150
01/08/2020,19:07,14.43,14.43,14.43,14.43, 100
01/08/2020,19:47,14.43,14.43,14.43,14.43, 135
01/08/2020,20:20,14.43,14.43,14.43,14.43, 100
01/08/2020,20:20,14.31,14.31,14.31,14.31, 100
01/08/2020,20:47,14.14,14.14,14.14,14.14, 100
01/08/2020,21:22,14.135,14.14,14.135,14.14, 200
01/08/2020,21:37,14.136,14.136,14.136,14.136, 400
01/08/2020,21:39,14.14,14.14,14.1,14.1, 300
01/08/2020,21:42,14.1,14.14,14.05,14.05, 718
01/08/2020,21:45,14.05,14.05,14.05,14.05, 181
01/08/2020,21:51,14.096,14.096,14.05,14.05, 1332
01/09/2020,15:31,14.02,14.02,14.02,14.02, 530
01/09/2020,16:27,14.3,14.3,14.3,14.3, 1000
01/09/2020,16:35,14.296,14.296,14.296,14.296, 348
01/09/2020,16:35,14.27,14.35,14.27,14.35, 2365
01/09/2020,16:55,14.14,14.14,14.14,14.14, 100
01/09/2020,16:57,14.15,14.15,14.15,14.15, 100
01/09/2020,16:59,14.14,14.14,14.14,14.14, 100
01/09/2020,17:08,14.135,14.14,14.135,14.14, 600
01/09/2020,17:15,14.113,14.113,14.113,14.113, 150
01/09/2020,17:16,14.13,14.13,14.13,14.13, 300
01/09/2020,17:16,14.147,14.147,14.128,14.128, 250
01/09/2020,17:18,14.133,14.147,14.133,14.147, 400
01/09/2020,17:19,14.14,14.2,14.14,14.2, 700
01/09/2020,18:16,14.133,14.133,14.122,14.122, 599
01/09/2020,18:18,14.143,14.143,14.143,14.143, 150
01/09/2020,18:21,14.133,14.133,14.1,14.123, 461
01/09/2020,18:22,14.1,14.1,14.1,14.1, 350
01/09/2020,18:25,14.1,14.1,14.1,14.1, 100
01/09/2020,18:34,14.1,14.1,14.097,14.1, 700
01/09/2020,18:42,14.097,14.1,14.097,14.1, 200
01/09/2020,18:43,14.1,14.1,14.097,14.1, 900
01/09/2020,18:54,14.09,14.09,14.09,14.09, 1618
01/09/2020,19:15,14.073,14.073,14.04,14.04, 300
01/09/2020,19:16,14.07,14.07,14.07,14.07, 150
01/09/2020,20:02,14.065,14.065,14.065,14.065, 150
01/09/2020,20:03,14.065,14.065,14.065,14.065, 150
01/09/2020,20:18,14.067,14.07,14.067,14.07, 300
01/09/2020,20:22,14.06,14.06,14.06,14.06, 150
01/09/2020,21:40,14.037,14.037,14.037,14.037, 150
01/09/2020,21:56,14.034,14.034,14.034,14.034, 200
01/10/2020,15:31,14.01,14.01,14.01,14.01, 250
01/10/2020,15:47,14.23,14.23,14.23,14.23, 100
01/10/2020,17:02,14.08,14.08,14.08,14.08, 500
01/10/2020,17:03,14.08,14.08,14.08,14.08, 1000
01/10/2020,17:04,14.09,14.09,14.01,14.038, 1003
01/10/2020,17:05,14.07,14.077,14.07,14.07, 1200
01/10/2020,17:06,14.07,14.1,14.07,14.1, 1100
01/10/2020,17:08,14.09,14.09,14.09,14.09, 300
01/10/2020,17:09,14.09,14.09,14.09,14.09, 230
01/10/2020,17:11,14.1,14.1,14.1,14.1, 200
01/10/2020,17:13,14.09,14.09,14.09,14.09, 950
01/10/2020,17:15,14.095,14.095,14.095,14.095, 150
01/10/2020,17:17,14.09,14.09,14.09,14.09, 1650
01/10/2020,17:20,14.09,14.09,14.09,14.09, 1795
01/10/2020,17:34,14.1,14.1,14.1,14.1, 100
01/10/2020,17:40,14.09,14.09,14.09,14.09, 161
01/10/2020,18:34,14.069,14.09,14.069,14.09, 1060
01/10/2020,18:38,14.067,14.067,14.067,14.067, 431
01/10/2020,18:46,14.065,14.065,14.065,14.065, 125
01/10/2020,19:15,14.09,14.09,14.09,14.09, 100
01/10/2020,19:30,14.06,14.06,14.06,14.06, 100
01/10/2020,19:37,14.07,14.07,14.07,14.07, 100
01/10/2020,19:41,14.07,14.07,14.07,14.07, 400
01/10/2020,19:44,14.09,14.09,14.09,14.09, 820
01/10/2020,19:49,14.07,14.07,14.07,14.07, 220
01/10/2020,20:37,14.076,14.084,14.076,14.084, 700
01/10/2020,20:55,14.064,14.064,14.064,14.064, 200
01/10/2020,21:00,14.09,14.09,14.09,14.09, 100
01/10/2020,21:03,14.065,14.065,14.065,14.065, 200
01/10/2020,21:04,14.09,14.09,14.065,14.065, 400
01/10/2020,21:06,14.089,14.089,14.089,14.089, 115
01/10/2020,21:17,14.09,14.09,14.09,14.09, 100
01/10/2020,21:57,14.04,14.04,14.04,14.04, 300
01/10/2020,22:00,14.04,14.04,14.04,14.04, 700
01/13/2020,15:31,14.03,14.03,14.03,14.03, 105
01/13/2020,15:41,14.14,14.14,14.06,14.06, 1000
01/13/2020,15:54,14.119,14.119,14.119,14.119, 200
01/13/2020,16:02,14.1,14.199,14.1,14.18, 1769
01/13/2020,16:18,14.17,14.17,14.146,14.146, 1675
01/13/2020,16:20,14.173,14.173,14.173,14.173, 400
01/13/2020,16:23,14.273,14.273,14.273,14.273, 1000
01/13/2020,16:59,14.178,14.178,14.178,14.178, 500
01/13/2020,17:18,14.13,14.13,14.13,14.13, 584
01/13/2020,17:30,14.24,14.24,14.24,14.24, 100
01/13/2020,18:02,14.16,14.163,14.16,14.16, 700
01/13/2020,18:11,14.21,14.21,14.21,14.21, 100
01/13/2020,18:18,14.17,14.2,14.17,14.2, 950
01/13/2020,18:30,14.17,14.17,14.17,14.17, 100
01/13/2020,18:36,14.17,14.17,14.17,14.17, 200
01/13/2020,18:40,14.17,14.17,14.17,14.17, 200
01/13/2020,18:52,14.17,14.17,14.17,14.17, 200
01/13/2020,19:14,14.17,14.17,14.17,14.17, 100
01/13/2020,19:15,14.165,14.165,14.165,14.165, 250
01/13/2020,19:24,14.17,14.17,14.166,14.166, 1049
01/13/2020,19:39,14.17,14.17,14.17,14.17, 708
01/13/2020,19:41,14.17,14.17,14.17,14.17, 700
01/13/2020,19:45,14.17,14.17,14.17,14.17, 100
01/13/2020,19:49,14.145,14.145,14.145,14.145, 100
01/13/2020,19:50,14.11,14.11,14.11,14.11, 100
01/13/2020,20:06,14.15,14.17,14.15,14.17, 968
01/13/2020,20:08,14.17,14.17,14.162,14.162, 540
01/13/2020,20:18,14.17,14.17,14.17,14.17, 100
01/13/2020,21:11,14.163,14.163,14.163,14.163, 120
01/13/2020,21:21,14.155,14.155,14.155,14.155, 100
01/13/2020,21:28,14.16,14.16,14.16,14.16, 353
01/13/2020,21:32,14.16,14.16,14.16,14.16, 500
01/13/2020,21:55,14.21,14.21,14.21,14.21, 100
01/14/2020,15:42,14.2,14.2,14.2,14.2, 300
01/14/2020,15:43,14.186,14.186,14.186,14.186, 100
01/14/2020,15:46,14.143,14.2,14.143,14.2, 200
01/14/2020,16:45,14.338,14.338,14.338,14.338, 177
01/14/2020,17:36,14.304,14.35,14.304,14.326, 1600
01/14/2020,17:42,14.35,14.35,14.35,14.35, 700
01/14/2020,17:51,14.46,14.46,14.46,14.46, 109
01/14/2020,17:53,14.469,14.469,14.469,14.469, 300
01/14/2020,17:54,14.49,14.49,14.49,14.49, 200
01/14/2020,17:56,14.493,14.493,14.49,14.49, 700
01/14/2020,18:02,14.5,14.5,14.5,14.5, 100
01/14/2020,18:03,14.491,14.491,14.491,14.491, 150
01/14/2020,18:04,14.494,14.5,14.491,14.491, 550
01/14/2020,18:05,14.491,14.5,14.491,14.5, 250
01/14/2020,18:07,14.5,14.5,14.495,14.495, 1500
01/14/2020,18:08,14.49,14.5,14.49,14.5, 2000
01/14/2020,18:30,14.51,14.51,14.51,14.51, 700
01/14/2020,18:56,14.56,14.56,14.56,14.56, 200
01/14/2020,19:26,14.561,14.57,14.56,14.566, 900
01/14/2020,19:27,14.56,14.56,14.56,14.56, 150
01/14/2020,19:29,14.55,14.554,14.53,14.554, 1200
01/14/2020,19:40,14.48,14.497,14.47,14.497, 706
01/14/2020,19:59,14.52,14.52,14.52,14.52, 100
01/14/2020,20:13,14.524,14.524,14.524,14.524, 100
01/14/2020,21:08,14.475,14.475,14.475,14.475, 150
01/14/2020,21:41,14.5,14.5,14.5,14.5, 200
01/14/2020,21:54,14.58,14.58,14.58,14.58, 800
01/15/2020,15:31,14.37,14.37,14.37,14.37, 304
01/15/2020,15:31,14.233,14.233,14.23,14.23, 200
01/15/2020,16:08,14.261,14.261,14.261,14.261, 250
01/15/2020,16:23,14.271,14.271,14.271,14.271, 245
01/15/2020,16:24,14.234,14.234,14.234,14.234, 100
01/15/2020,16:29,14.3,14.339,14.229,14.339, 1480
01/15/2020,16:36,14.262,14.262,14.262,14.262, 155
01/15/2020,16:36,14.263,14.263,14.263,14.263, 348
01/15/2020,17:05,14.48,14.52,14.48,14.52, 1310
01/15/2020,17:32,14.419,14.419,14.419,14.419, 400
01/15/2020,17:40,14.39,14.39,14.39,14.39, 1000
01/15/2020,18:27,14.52,14.52,14.52,14.52, 100
01/15/2020,18:33,14.52,14.52,14.52,14.52, 520
01/15/2020,18:48,14.52,14.52,14.52,14.52, 500
01/15/2020,18:51,14.503,14.503,14.393,14.393, 700
01/15/2020,19:15,14.411,14.411,14.411,14.411, 150
01/15/2020,19:30,14.456,14.456,14.456,14.456, 500
01/15/2020,19:48,14.461,14.463,14.461,14.463, 320
01/15/2020,19:52,14.5,14.5,14.5,14.5, 140
01/15/2020,20:09,14.5,14.5,14.5,14.5, 100
01/15/2020,20:19,14.477,14.5,14.477,14.5, 400
01/15/2020,20:48,14.46,14.46,14.46,14.46, 100
01/15/2020,21:43,14.46,14.46,14.34,14.34, 986
01/15/2020,21:45,14.5,14.5,14.5,14.5, 100
01/15/2020,22:00,14.35,14.35,14.35,14.35, 300
01/16/2020,15:31,14.61,14.772,14.61,14.772, 1203
01/16/2020,16:06,14.651,14.651,14.651,14.651, 100
01/16/2020,16:23,14.52,14.65,14.52,14.65, 600
01/16/2020,16:30,14.546,14.546,14.546,14.546, 1000
01/16/2020,16:55,14.55,14.55,14.55,14.55, 100
01/16/2020,17:05,14.63,14.63,14.63,14.63, 100
01/16/2020,17:23,14.52,14.52,14.52,14.52, 111
01/16/2020,17:37,14.65,14.65,14.65,14.65, 200
01/16/2020,17:40,14.65,14.65,14.65,14.65, 100
01/16/2020,17:42,14.65,14.65,14.65,14.65, 100
01/16/2020,17:53,14.607,14.607,14.607,14.607, 300
01/16/2020,18:33,14.52,14.52,14.52,14.52, 389
01/16/2020,19:12,14.51,14.51,14.51,14.51, 200
01/16/2020,19:14,14.51,14.51,14.51,14.51, 100
01/16/2020,19:19,14.51,14.51,14.5,14.5, 400
01/16/2020,21:03,14.47,14.47,14.47,14.47, 100
01/16/2020,21:04,14.46,14.52,14.45,14.52, 400
01/16/2020,21:18,14.499,14.499,14.499,14.499, 360
01/16/2020,21:21,14.45,14.45,14.45,14.45, 100
01/16/2020,21:52,14.34,14.34,14.34,14.34, 100
01/16/2020,21:53,14.35,14.35,14.35,14.35, 100
01/16/2020,21:55,14.34,14.34,14.34,14.34, 200
01/16/2020,21:56,14.34,14.34,14.34,14.34, 100
01/16/2020,21:57,14.3,14.3,14.3,14.3, 100
01/16/2020,21:58,14.3,14.3,14.3,14.3, 200
01/16/2020,21:59,14.31,14.31,14.31,14.31, 100
01/16/2020,22:00,14.3,14.3,14.3,14.3, 100
01/16/2020,22:00,14.3,14.3,14.3,14.3, 200
01/17/2020,15:31,14.3,14.3,14.3,14.3, 400
01/17/2020,16:06,14.6,14.6,14.6,14.6, 100
01/17/2020,16:32,14.57,14.57,14.57,14.57, 100
01/17/2020,17:06,14.56,14.56,14.56,14.56, 100
01/17/2020,17:32,14.359,14.359,14.359,14.359, 750
01/17/2020,18:52,14.3,14.33,14.3,14.33, 1562
01/17/2020,19:52,14.345,14.345,14.329,14.329, 740
01/17/2020,20:26,14.3,14.3,14.3,14.3, 962
01/17/2020,20:34,14.3,14.3,14.3,14.3, 200
01/17/2020,21:01,14.39,14.39,14.39,14.39, 100
01/17/2020,21:32,14.404,14.404,14.404,14.404, 215
01/17/2020,21:44,14.491,14.491,14.484,14.484, 1000
01/21/2020,15:31,14.75,14.75,14.75,14.75, 1310
01/21/2020,15:40,14.7,14.7,14.575,14.575, 300
01/21/2020,16:08,14.7,14.7,14.698,14.7, 490
01/21/2020,16:30,14.603,14.603,14.603,14.603, 150
01/21/2020,16:33,14.539,14.539,14.539,14.539, 150
01/21/2020,16:54,14.688,14.688,14.688,14.688, 500
01/21/2020,17:15,14.639,14.639,14.639,14.639, 100
01/21/2020,17:21,14.595,14.595,14.595,14.595, 685
01/21/2020,17:39,14.65,14.65,14.625,14.625, 239
01/21/2020,17:49,14.61,14.61,14.61,14.61, 100
01/21/2020,17:50,14.61,14.61,14.61,14.61, 100
01/21/2020,18:30,14.636,14.636,14.636,14.636, 131
01/21/2020,18:40,14.612,14.612,14.612,14.612, 685
01/21/2020,19:41,14.647,14.647,14.647,14.647, 200
01/21/2020,19:46,14.636,14.636,14.636,14.636, 150
01/21/2020,19:47,14.682,14.682,14.682,14.682, 150
01/21/2020,19:49,14.627,14.627,14.627,14.627, 150
01/21/2020,19:58,14.612,14.612,14.612,14.612, 150
01/21/2020,20:06,14.612,14.612,14.612,14.612, 150
01/21/2020,20:22,14.648,14.648,14.648,14.648, 150
01/21/2020,20:37,14.612,14.655,14.612,14.655, 300
01/21/2020,20:44,14.68,14.69,14.68,14.69, 900
01/21/2020,21:22,14.694,14.694,14.694,14.694, 100
01/21/2020,21:28,14.702,14.702,14.702,14.702, 300
01/21/2020,21:36,14.747,14.747,14.664,14.664, 200
01/21/2020,21:51,14.76,14.76,14.76,14.76, 150
01/22/2020,15:31,14.85,14.85,14.85,14.85, 1204
01/22/2020,15:31,14.85,14.85,14.85,14.85, 200
01/22/2020,15:33,14.85,14.85,14.85,14.85, 100
01/22/2020,15:36,14.85,14.85,14.85,14.85, 2975
01/22/2020,15:45,14.947,14.947,14.947,14.947, 100
01/22/2020,15:51,14.97,15,14.96,14.995, 3950
01/22/2020,15:52,14.958,14.958,14.958,14.958, 1000
01/22/2020,15:53,15,15.25,14.969,15.25, 13507
01/22/2020,15:54,15.5,15.5,15.2,15.389, 3419
01/22/2020,15:54,15.105,15.55,15.105,15.5, 2450
01/22/2020,15:56,15.164,15.164,15.164,15.164, 250
01/22/2020,15:57,15.329,15.329,15.329,15.329, 350
01/22/2020,16:04,15.5,15.5,15.19,15.19, 1050
01/22/2020,16:26,15.39,15.39,15.39,15.39, 500
01/22/2020,16:26,15.39,15.39,15.39,15.39, 500
01/22/2020,16:39,15.337,15.337,15.337,15.337, 100
01/22/2020,16:40,15.337,15.337,15.337,15.337, 100
01/22/2020,16:43,15.37,15.37,15.37,15.37, 100
01/22/2020,16:45,15.35,15.37,15.35,15.352, 1607
01/22/2020,16:45,15.387,15.387,15.387,15.387, 400
01/22/2020,16:51,15.31,15.31,15.31,15.31, 100
01/22/2020,16:55,15.383,15.383,15.383,15.383, 500
01/22/2020,17:10,15.355,15.4,15.355,15.4, 200
01/22/2020,17:12,15.4,15.4,15.4,15.4, 1000
01/22/2020,17:26,15.5,15.5,15.5,15.5, 500
01/22/2020,17:28,15.5,15.5,15.443,15.443, 500
01/22/2020,17:31,15.5,15.5,15.5,15.5, 400
01/22/2020,17:32,15.52,15.7,15.507,15.7, 6500
01/22/2020,17:33,15.7,15.78,15.67,15.78, 2800
01/22/2020,17:39,15.84,15.872,15.762,15.872, 400
01/22/2020,17:39,15.813,15.813,15.813,15.813, 1000
01/22/2020,17:41,15.863,15.863,15.863,15.863, 100
01/22/2020,17:42,15.97,16.34,15.97,16.34, 400
01/22/2020,17:43,16.43,16.43,16.43,16.43, 1300
01/22/2020,17:44,16.25,16.31,16.25,16.31, 300
01/22/2020,17:45,16.35,16.35,16.35,16.35, 200
01/22/2020,17:46,16.106,16.106,16.106,16.106, 100
01/22/2020,17:54,16.11,16.11,16.11,16.11, 819
01/22/2020,17:56,16.01,16.099,16.01,16.099, 497
01/22/2020,17:58,16.016,16.016,16.016,16.016, 150
01/22/2020,18:11,16.05,16.056,16.05,16.05, 400
01/22/2020,18:14,16.156,16.156,16.156,16.156, 300
01/22/2020,18:18,16.282,16.282,16.282,16.282, 100
01/22/2020,18:23,16.276,16.276,16.276,16.276, 200
01/22/2020,18:25,16.228,16.29,16.228,16.29, 200
01/22/2020,18:37,16.3,16.3,16.3,16.3, 100
01/22/2020,18:38,16.3,16.3,16.3,16.3, 100
01/22/2020,18:42,16.3,16.3,16.3,16.3, 100
01/22/2020,18:43,16.3,16.41,16.3,16.41, 3800
01/22/2020,18:49,16.52,16.52,16.52,16.52, 100
01/22/2020,18:53,16.42,16.42,16.42,16.42, 300
01/22/2020,18:55,16.473,16.473,16.473,16.473, 100
01/22/2020,18:58,16.51,16.53,16.51,16.53, 500
01/22/2020,18:58,16.52,16.55,16.51,16.55, 742
01/22/2020,19:00,16.51,16.51,16.51,16.51, 250
01/22/2020,19:01,16.46,16.485,16.46,16.485, 800
01/22/2020,19:15,16.379,16.379,16.379,16.379, 100
01/22/2020,19:24,16.351,16.351,16.351,16.351, 200
01/22/2020,19:29,16.365,16.365,16.365,16.365, 200
01/22/2020,19:29,16.42,16.42,16.42,16.42, 358
01/22/2020,19:33,16.4,16.43,16.4,16.43, 220
01/22/2020,19:35,16.354,16.354,16.354,16.354, 731
01/22/2020,19:35,16.32,16.32,16.08,16.08, 2299
01/22/2020,19:36,16,16.158,16,16.158, 800
01/22/2020,19:38,16.37,16.37,16.37,16.37, 100
01/22/2020,19:54,16.105,16.105,16.105,16.105, 1000
01/22/2020,19:54,16.327,16.327,16.327,16.327, 100
01/22/2020,20:02,16.369,16.369,16.369,16.369, 100
01/22/2020,20:03,16.238,16.238,16.238,16.238, 100
01/22/2020,20:23,16.24,16.24,16.24,16.24, 100
01/22/2020,20:27,16.37,16.37,16.37,16.37, 100
01/22/2020,20:51,16.376,16.376,16.376,16.376, 100
01/22/2020,20:56,16.376,16.376,16.376,16.376, 100
01/22/2020,21:01,16.18,16.18,16.18,16.18, 200
01/22/2020,21:02,16.15,16.15,16.15,16.15, 100
01/22/2020,21:14,16.16,16.16,16.12,16.13, 1300
01/22/2020,21:17,16,16,16,16, 1330
01/22/2020,21:18,16.08,16.09,15.8,15.8, 1625
01/22/2020,21:21,15.8,15.8,15.8,15.8, 100
01/22/2020,21:32,15.83,15.91,15.81,15.82, 1500
01/22/2020,21:32,15.82,15.83,15.71,15.71, 2039
01/22/2020,21:52,15.61,15.65,15.49,15.5, 3383
01/22/2020,21:53,15.37,15.465,15.33,15.33, 2997
01/22/2020,21:55,15.37,15.37,15.33,15.33, 708
01/22/2020,22:00,15.42,15.43,15.42,15.43, 790
01/23/2020,15:31,15,15,14.84,14.84, 300
01/23/2020,15:31,14.914,15.12,14.8,14.8, 2591
01/23/2020,15:34,14.472,14.57,14.4,14.57, 3540
01/23/2020,15:37,14.6,14.6,14.6,14.6, 600
01/23/2020,15:47,15.19,15.19,15.19,15.19, 2000
01/23/2020,15:53,14.8,14.8,14.8,14.8, 200
01/23/2020,15:54,14.753,14.83,14.63,14.83, 2000
01/23/2020,16:00,14.72,14.74,14.72,14.74, 200
01/23/2020,16:18,14.75,14.75,14.75,14.75, 100
01/23/2020,16:21,14.45,14.45,14.45,14.45, 100
01/23/2020,16:23,14.46,14.46,14.43,14.432, 2800
01/23/2020,16:25,14.73,14.73,14.73,14.73, 100
01/23/2020,16:42,14.69,14.69,14.69,14.69, 100
01/23/2020,16:43,14.625,14.625,14.625,14.625, 725
01/23/2020,16:47,14.625,14.625,14.625,14.625, 340
01/23/2020,17:05,14.735,14.735,14.735,14.735, 125
01/23/2020,17:12,14.632,14.632,14.632,14.632, 130
01/23/2020,17:24,14.573,14.573,14.573,14.573, 300
01/23/2020,17:38,14.61,14.61,14.61,14.61, 100
01/23/2020,17:39,14.675,14.675,14.675,14.675, 100
01/23/2020,17:42,14.637,14.637,14.637,14.637, 100
01/23/2020,17:42,14.66,14.66,14.66,14.66, 100
01/23/2020,17:45,14.709,14.709,14.709,14.709, 200
01/23/2020,18:05,14.713,14.713,14.713,14.713, 200
01/23/2020,18:14,14.693,14.693,14.693,14.693, 410
01/23/2020,18:37,14.739,14.739,14.739,14.739, 150
01/23/2020,19:06,14.697,14.697,14.697,14.697, 100
01/23/2020,19:26,14.696,14.696,14.696,14.696, 100
01/23/2020,19:53,14.658,14.658,14.65,14.65, 300
01/23/2020,20:22,14.6,14.6,14.6,14.6, 250
01/23/2020,20:42,14.67,14.67,14.67,14.67, 100
01/23/2020,21:04,14.68,14.68,14.68,14.68, 150
01/23/2020,21:23,14.549,14.549,14.549,14.549, 200
01/23/2020,21:43,14.64,14.64,14.62,14.62, 200
01/23/2020,21:48,14.62,14.62,14.62,14.62, 500
01/23/2020,21:49,14.62,14.62,14.62,14.62, 800
01/23/2020,22:00,14.56,14.56,14.56,14.56, 105
01/24/2020,15:35,14.765,14.765,14.765,14.765, 100
01/24/2020,15:50,14.696,14.696,14.696,14.696, 1500
01/24/2020,16:07,14.77,14.77,14.77,14.77, 100
01/24/2020,16:31,14.55,14.6,14.55,14.55, 1300
01/24/2020,17:21,14.55,14.55,14.55,14.55, 198
01/24/2020,17:21,14.52,14.52,14.5,14.5, 390
01/24/2020,17:27,14.5,14.54,14.5,14.53, 310
01/24/2020,17:29,14.366,14.366,14.366,14.366, 250
01/24/2020,17:38,14.483,14.483,14.483,14.483, 240
01/24/2020,17:52,14.52,14.52,14.35,14.35, 250
01/24/2020,18:10,14.434,14.434,14.434,14.434, 400
01/24/2020,18:14,14.4,14.411,14.31,14.382, 700
01/24/2020,19:01,14.418,14.418,14.418,14.418, 100
01/24/2020,19:21,14.3,14.364,14.3,14.358, 1616
01/24/2020,19:27,14.38,14.38,14.38,14.38, 100
01/24/2020,19:29,14.2,14.2,14.15,14.15, 1178
01/24/2020,19:38,14.15,14.15,14.15,14.15, 498
01/24/2020,20:26,14.1,14.229,14.1,14.229, 2000
01/24/2020,20:49,14.163,14.19,14.15,14.15, 1392
01/24/2020,21:02,14.26,14.26,14.26,14.26, 100
01/24/2020,21:03,14.2,14.2,14.2,14.2, 300
01/24/2020,21:14,14.19,14.19,14.19,14.19, 300
01/24/2020,21:21,14.194,14.194,14.194,14.194, 103
01/24/2020,21:40,14.216,14.216,14.216,14.216, 300
01/24/2020,21:46,14.191,14.191,14.191,14.191, 300
01/27/2020,15:36,14,14.07,14,14, 1492
01/27/2020,15:41,13.98,13.98,13.8,13.8, 6458
01/27/2020,15:45,13.85,13.85,13.8,13.8, 410
01/27/2020,15:50,13.928,13.928,13.928,13.928, 1400
01/27/2020,15:55,13.938,13.938,13.938,13.938, 100
01/27/2020,16:11,13.947,13.947,13.947,13.947, 200
01/27/2020,16:26,13.98,13.98,13.98,13.98, 100
01/27/2020,17:05,13.95,13.95,13.88,13.88, 929
01/27/2020,17:23,13.949,13.949,13.88,13.88, 800
01/27/2020,17:33,13.896,13.896,13.896,13.896, 300
01/27/2020,17:37,13.897,13.9,13.897,13.9, 2400
01/27/2020,17:43,13.89,13.89,13.88,13.88, 690
01/27/2020,18:20,13.9,13.95,13.9,13.95, 1327
01/27/2020,19:10,14.01,14.01,14.01,14.01, 100
01/27/2020,19:20,14.04,14.04,14.04,14.04, 100
01/27/2020,19:41,14.05,14.05,14.05,14.05, 100
01/27/2020,19:58,14.085,14.085,14.085,14.085, 100
01/27/2020,20:01,14.085,14.085,14.085,14.085, 100
01/27/2020,20:15,14.03,14.1,14.02,14.02, 600
01/27/2020,20:28,14.095,14.095,14.095,14.095, 200
01/27/2020,20:59,14.022,14.022,14.022,14.022, 275
01/27/2020,22:00,14.02,14.02,14.02,14.02, 100
01/27/2020,22:01,13.96,13.96,13.96,13.96, 388
01/28/2020,17:50,14,14,14,14, 287
01/28/2020,17:54,13.99,13.99,13.99,13.99, 300
01/28/2020,18:01,13.83,13.83,13.81,13.81, 300
01/28/2020,18:09,14.008,14.008,14.008,14.008, 800
01/28/2020,19:11,14.03,14.03,14.03,14.03, 100
01/29/2020,15:31,13.85,14.51,13.85,14.51, 362
01/29/2020,15:44,14.252,14.252,14.252,14.252, 200
01/29/2020,15:55,14.264,14.264,14.264,14.264, 500
01/29/2020,16:04,14.33,14.33,14.33,14.33, 100
01/29/2020,16:29,14.262,14.262,14.262,14.262, 349
01/29/2020,17:08,14.14,14.14,14.14,14.14, 100
01/29/2020,17:24,14.1,14.1,14.1,14.1, 910
01/29/2020,17:39,14.1,14.1,14,14, 600
01/29/2020,17:57,14.02,14.02,14.02,14.02, 100
01/29/2020,18:07,13.98,13.98,13.98,13.98, 300
01/29/2020,18:45,13.9,13.9,13.9,13.9, 100
01/29/2020,19:34,13.9,13.9,13.9,13.9, 100
01/29/2020,20:23,13.9,13.9,13.9,13.9, 100
01/29/2020,20:29,13.87,13.87,13.87,13.87, 349
01/29/2020,20:31,13.92,13.92,13.92,13.92, 100
01/29/2020,20:34,13.95,13.95,13.95,13.95, 800
01/29/2020,20:41,13.95,13.95,13.95,13.95, 103
01/29/2020,20:54,13.985,14.02,13.985,14, 800
01/29/2020,21:00,14,14,14,14, 142
01/29/2020,21:24,14.02,14.072,14.02,14.072, 200
01/29/2020,21:34,14.003,14.02,13.98,13.98, 945
01/29/2020,21:42,13.97,13.97,13.95,13.95, 359
01/29/2020,21:49,13.97,13.97,13.97,13.97, 1000
01/29/2020,21:49,13.95,13.95,13.95,13.95, 212
01/29/2020,21:51,13.96,13.96,13.96,13.96, 200
01/29/2020,21:53,13.96,13.99,13.96,13.99, 200
01/30/2020,15:31,14,14,14,14, 682
01/30/2020,15:38,14.009,14.009,13.88,13.949, 900
01/30/2020,16:02,13.94,13.94,13.94,13.94, 300
01/30/2020,16:03,13.94,13.94,13.94,13.94, 200
01/30/2020,16:05,14,14,14,14, 1104
01/30/2020,16:14,14.088,14.088,14.088,14.088, 100
01/30/2020,18:59,14.12,14.12,14.12,14.12, 400
01/30/2020,19:03,14.15,14.15,14.135,14.15, 300
01/30/2020,19:04,14.139,14.139,14.139,14.139, 100
01/30/2020,19:28,14.15,14.15,14.15,14.15, 100
01/30/2020,19:34,14.15,14.15,14.15,14.15, 144
01/30/2020,19:38,14.19,14.19,14.19,14.19, 100
01/30/2020,19:46,14.188,14.188,14.188,14.188, 100
01/30/2020,20:05,14.16,14.16,14.15,14.152, 956
01/30/2020,20:06,14.18,14.18,14.18,14.18, 100
01/30/2020,20:11,14.15,14.15,14.15,14.15, 600
01/30/2020,20:19,14.16,14.16,14.16,14.16, 100
01/30/2020,20:28,14.16,14.16,14.12,14.12, 1100
01/31/2020,15:54,14.165,14.165,14.165,14.165, 500
01/31/2020,16:34,14.29,14.29,14.2,14.2, 500
01/31/2020,16:48,14.221,14.221,14.221,14.221, 200
01/31/2020,18:43,14.1,14.1,14.084,14.084, 300
01/31/2020,18:47,14.097,14.097,14.097,14.097, 100
01/31/2020,18:48,14.091,14.091,14.091,14.091, 200
01/31/2020,19:07,14.124,14.124,14.124,14.124, 1272
01/31/2020,19:18,14.07,14.07,14.07,14.07, 100
01/31/2020,19:18,14.04,14.04,13.92,13.92, 759
01/31/2020,19:24,13.965,13.965,13.965,13.965, 100
01/31/2020,20:02,13.964,13.964,13.964,13.964, 571
01/31/2020,20:12,14.035,14.035,14.03,14.03, 200
01/31/2020,20:12,14.035,14.035,14.035,14.035, 100
01/31/2020,20:57,13.996,13.996,13.996,13.996, 300
01/31/2020,21:33,13.98,13.99,13.98,13.99, 2015
01/31/2020,22:00,13.9,13.9,13.9,13.9, 100

