04/07/2020,08:25,103.188,103.188,103.188,103.188, 1
04/07/2020,08:25,103.188,103.188,103.188,103.188, 1
04/07/2020,13:08,103.87,103.87,103.87,103.87, 1
04/08/2020,13:05,103.691,103.691,103.691,103.691, 1
04/09/2020,13:08,102.968,102.968,102.968,102.968, 1
04/14/2020,13:07,105.248,105.248,105.248,105.248, 1
04/15/2020,13:09,105.882,105.882,105.882,105.882, 1
04/16/2020,13:08,105.989,105.989,105.989,105.989, 1
04/17/2020,13:06,105.274,105.274,105.274,105.274, 1
04/18/2020,14:35,105.274,105.274,105.274,105.274, 1
04/18/2020,15:12,105.274,105.274,105.274,105.274, 1
04/18/2020,15:22,105.274,105.274,105.274,105.274, 1

