02/03/2020,13:08,12.0772,12.0772,12.0772,12.0772, 1
02/03/2020,13:16,12.2955,12.2955,12.2955,12.2955, 1
02/04/2020,13:07,12.0418,12.0418,12.0418,12.0418, 1
02/04/2020,13:17,12.2687,12.2687,12.2687,12.2687, 1
02/05/2020,13:07,11.9869,11.9869,11.9869,11.9869, 1
02/05/2020,13:18,12.2445,12.2445,12.2445,12.2445, 1
02/06/2020,13:05,11.9962,11.9962,11.9962,11.9962, 1
02/06/2020,13:17,12.2061,12.2061,12.2061,12.2061, 1
02/07/2020,13:06,12.0352,12.0352,12.0352,12.0352, 1
02/07/2020,13:16,12.1826,12.1826,12.1826,12.1826, 1
02/09/2020,05:33,12.1826,12.1826,12.1826,12.1826, 1
02/10/2020,13:10,12.0929,12.0929,12.0929,12.0929, 1
02/10/2020,13:16,12.1536,12.1536,12.1536,12.1536, 1
02/11/2020,13:04,11.9527,11.9527,11.9527,11.9527, 1
02/11/2020,13:17,12.1104,12.1104,12.1104,12.1104, 1
02/12/2020,13:07,11.9194,11.9194,11.9194,11.9194, 1
02/12/2020,13:17,12.1046,12.1046,12.1046,12.1046, 1
02/13/2020,13:09,11.9058,11.9058,11.9058,11.9058, 1
02/13/2020,13:17,12.0676,12.0676,12.0676,12.0676, 1
02/14/2020,13:07,11.8701,11.8701,11.8701,11.8701, 1
02/14/2020,13:17,12.0302,12.0302,12.0302,12.0302, 1
02/16/2020,05:33,12.0302,12.0302,12.0302,12.0302, 1
02/17/2020,06:10,11.8701,11.8701,11.8701,11.8701, 1
02/17/2020,08:10,11.8701,11.8701,11.8701,11.8701, 1
02/17/2020,13:12,11.8981,11.8981,11.8981,11.8981, 1
02/17/2020,13:16,12.0289,12.0289,12.0289,12.0289, 1
02/18/2020,13:14,11.9282,11.9282,11.9282,11.9282, 1
02/18/2020,13:16,12.0227,12.0227,12.0227,12.0227, 1
02/18/2020,13:17,12.0227,12.0227,12.0227,12.0227, 1
02/19/2020,08:03,12.0227,12.0227,12.0227,12.0227, 1
02/19/2020,13:08,11.872,11.872,11.872,11.872, 1
02/19/2020,13:17,11.988,11.988,11.988,11.988, 1
02/20/2020,08:35,11.988,11.988,11.988,11.988, 1
02/20/2020,13:08,11.9434,11.9434,11.9434,11.9434, 1
02/20/2020,13:18,11.9789,11.9789,11.9789,11.9789, 1
02/21/2020,13:06,11.967,11.967,11.967,11.967, 1
02/21/2020,13:17,11.9835,11.9835,11.9835,11.9835, 1
02/23/2020,05:02,11.9835,11.9835,11.9835,11.9835, 1
02/24/2020,13:10,11.9833,11.9833,11.9833,11.9833, 1
02/24/2020,13:18,12.0115,12.0115,12.0115,12.0115, 1
02/25/2020,07:56,12.0115,12.0115,12.0115,12.0115, 1
02/25/2020,13:09,12.0279,12.0279,12.0279,12.0279, 1
02/25/2020,13:17,12.0482,12.0482,12.0482,12.0482, 1
02/26/2020,13:06,12.0804,12.0804,12.0804,12.0804, 1
02/26/2020,13:17,12.073,12.073,12.073,12.073, 1
02/28/2020,13:10,12.2903,12.2903,12.2903,12.2903, 1
02/28/2020,13:17,12.2496,12.2496,12.2496,12.2496, 1

