01/02/2020,16:31,2.52,2.52,2.52,2.52, 1
01/02/2020,17:01,2.52,2.52,2.52,2.52, 1
01/03/2020,16:31,2.43,2.43,2.43,2.43, 1
01/03/2020,17:01,2.43,2.43,2.43,2.43, 1
01/06/2020,16:31,2.39,2.39,2.39,2.39, 1
01/06/2020,17:01,2.39,2.39,2.39,2.39, 1
01/07/2020,16:31,2.4,2.4,2.4,2.4, 1
01/07/2020,17:01,2.4,2.4,2.4,2.4, 1
01/08/2020,16:31,2.42,2.42,2.42,2.42, 1
01/08/2020,17:01,2.42,2.42,2.42,2.42, 1
01/09/2020,16:31,2.53,2.53,2.53,2.53, 1
01/09/2020,17:01,2.53,2.53,2.53,2.53, 1
01/10/2020,16:31,2.69,2.69,2.69,2.69, 1
01/10/2020,17:01,2.69,2.69,2.69,2.69, 1
01/13/2020,16:31,2.76,2.76,2.76,2.76, 1
01/13/2020,17:01,2.76,2.76,2.76,2.76, 1
01/14/2020,16:31,2.76,2.76,2.76,2.76, 1
01/14/2020,17:01,2.76,2.76,2.76,2.76, 1
01/15/2020,16:31,2.74,2.74,2.74,2.74, 1
01/15/2020,17:01,2.74,2.74,2.74,2.74, 1
01/16/2020,16:31,2.83,2.83,2.83,2.83, 1
01/16/2020,17:01,2.83,2.83,2.83,2.83, 1
01/17/2020,16:31,2.96,2.96,2.96,2.96, 1
01/17/2020,17:01,2.96,2.96,2.96,2.96, 1
01/20/2020,17:01,2.98,2.98,2.98,2.98, 1
01/21/2020,16:31,3.03,3.03,3.03,3.03, 1
01/21/2020,17:01,3.03,3.03,3.03,3.03, 1
01/22/2020,16:31,3.02,3.02,3.02,3.02, 1
01/22/2020,17:01,3.02,3.02,3.02,3.02, 1
01/23/2020,16:31,3.05,3.05,3.05,3.05, 1
01/23/2020,17:01,3.05,3.05,3.05,3.05, 1
01/24/2020,16:31,3.07,3.07,3.07,3.07, 1
01/24/2020,17:01,3.07,3.07,3.07,3.07, 1
01/27/2020,16:31,3.05,3.05,3.05,3.05, 1
01/27/2020,17:01,3.05,3.05,3.05,3.05, 1
01/28/2020,16:31,3.1,3.1,3.1,3.1, 1
01/29/2020,16:31,3.01,3.01,3.01,3.01, 1
01/29/2020,17:01,3.01,3.01,3.01,3.01, 1
01/30/2020,16:31,3.03,3.03,3.03,3.03, 1
01/30/2020,17:01,3.03,3.03,3.03,3.03, 1
01/31/2020,16:31,2.97,2.97,2.97,2.97, 1

