04/01/2020,09:03,6.6,6.6,6.6,6.6, 24
04/01/2020,09:04,6.6,6.6,6.6,6.6, 76
04/01/2020,09:08,6.7,6.7,6.7,6.7, 100
04/01/2020,09:11,6.7,6.7,6.7,6.7, 100
04/01/2020,09:16,6.67,6.67,6.67,6.67, 439
04/01/2020,09:37,6.55,6.55,6.55,6.55, 1218
04/01/2020,10:05,6.52,6.52,6.52,6.52, 33
04/01/2020,10:31,6.6,6.6,6.6,6.6, 237
04/01/2020,10:45,6.54,6.54,6.54,6.54, 21
04/01/2020,10:50,6.58,6.58,6.58,6.58, 499
04/01/2020,11:10,6.64,6.64,6.6,6.6, 2309
04/01/2020,11:12,6.63,6.63,6.63,6.63, 111
04/01/2020,11:20,6.63,6.63,6.63,6.63, 37
04/01/2020,13:03,6.59,6.59,6.57,6.57, 21
04/01/2020,14:13,6.56,6.56,6.44,6.51, 1928
04/01/2020,14:18,6.45,6.45,6.45,6.45, 14
04/01/2020,14:53,6.44,6.44,6.44,6.44, 20
04/01/2020,15:24,6.44,6.44,6.4,6.4, 2352
04/01/2020,15:27,6.44,6.44,6.44,6.44, 274
04/01/2020,15:35,6.35,6.35,6.35,6.35, 250
04/01/2020,15:39,6.39,6.48,6.39,6.44, 1499
04/01/2020,15:44,6.47,6.48,6.47,6.48, 392
04/01/2020,15:48,6.45,6.45,6.45,6.45, 31
04/01/2020,15:52,6.47,6.47,6.47,6.47, 30
04/01/2020,15:56,6.45,6.45,6.45,6.45, 269
04/01/2020,15:56,6.46,6.46,6.43,6.43, 291
04/01/2020,15:59,6.43,6.43,6.31,6.31, 7597
04/01/2020,16:19,6.31,6.37,6.31,6.37, 593
04/01/2020,16:21,6.37,6.37,6.37,6.37, 157
04/01/2020,16:24,6.34,6.34,6.34,6.34, 122
04/01/2020,16:33,6.38,6.4,6.38,6.39, 1280
04/01/2020,16:35,6.42,6.42,6.41,6.41, 1822
04/01/2020,16:38,6.41,6.41,6.38,6.38, 2233
04/01/2020,17:21,6.36,6.36,6.36,6.36, 20
04/01/2020,17:31,6.35,6.35,6.34,6.34, 471
04/01/2020,17:31,6.34,6.34,6.34,6.34, 327
04/01/2020,17:37,6.32,6.32,6.32,6.32, 683
04/02/2020,09:07,6.6,6.6,6.6,6.6, 3186
04/02/2020,09:10,6.6,6.6,6.6,6.6, 36
04/02/2020,09:11,6.55,6.7,6.55,6.7, 976
04/02/2020,09:15,6.66,6.66,6.56,6.56, 1816
04/02/2020,09:18,6.55,6.55,6.55,6.55, 500
04/02/2020,11:03,6.44,6.44,6.37,6.37, 406
04/02/2020,11:03,6.37,6.37,6.3,6.3, 7184
04/02/2020,11:05,6.29,6.29,6.29,6.29, 759
04/02/2020,11:18,6.27,6.27,6.24,6.24, 1880
04/02/2020,11:20,6.1,6.1,6.1,6.1, 307
04/02/2020,11:23,6.17,6.27,6.17,6.27, 251
04/02/2020,11:27,6.21,6.21,6.21,6.21, 260
04/02/2020,11:29,6.25,6.25,6.25,6.25, 829
04/02/2020,11:32,6.27,6.31,6.27,6.3, 1283
04/02/2020,11:48,6.3,6.3,6.3,6.3, 50
04/02/2020,11:56,6.31,6.31,6.31,6.31, 59
04/02/2020,11:58,6.25,6.25,6.16,6.16, 4859
04/02/2020,12:01,6.11,6.11,6.08,6.08, 1867
04/02/2020,12:01,6.15,6.2,6.15,6.2, 1655
04/02/2020,12:15,6.15,6.15,6.15,6.15, 653
04/02/2020,12:20,6.15,6.15,6.15,6.15, 509
04/02/2020,12:32,6.1,6.1,6.1,6.1, 8
04/02/2020,12:46,6.09,6.09,6.09,6.09, 7
04/02/2020,12:54,6.08,6.08,6.08,6.08, 159
04/02/2020,12:56,6.08,6.08,6.08,6.08, 178
04/02/2020,12:59,6.11,6.11,6.11,6.11, 347
04/02/2020,13:05,6.13,6.2,6.13,6.2, 1000
04/02/2020,13:10,6.14,6.14,6.14,6.14, 81
04/02/2020,13:13,6.17,6.17,6.17,6.17, 200
04/02/2020,13:18,6.11,6.11,6.11,6.11, 167
04/02/2020,13:19,6.15,6.15,6.15,6.15, 300
04/02/2020,13:22,6.12,6.12,6.12,6.12, 150
04/02/2020,13:24,6.14,6.15,6.14,6.14, 1011
04/02/2020,13:43,6.1,6.1,6.06,6.06, 890
04/02/2020,14:03,6.04,6.04,6.04,6.04, 166
04/02/2020,14:07,6.09,6.09,6.09,6.09, 141
04/02/2020,14:09,6.13,6.13,6.13,6.13, 519
04/02/2020,14:13,6.14,6.15,6.14,6.15, 381
04/02/2020,14:13,6.15,6.15,6.15,6.15, 141
04/02/2020,14:32,6.17,6.18,6.17,6.18, 1038
04/02/2020,14:38,6.08,6.08,6.08,6.08, 84
04/02/2020,14:41,6.08,6.08,6.08,6.08, 118
04/02/2020,15:09,6.06,6.06,6.02,6.03, 1717
04/02/2020,15:12,6.1,6.1,6.08,6.08, 1098
04/02/2020,15:14,6,6.08,6,6.01, 1110
04/02/2020,15:15,6.05,6.05,6.01,6.01, 1433
04/02/2020,15:26,6.01,6.02,6,6.02, 986
04/02/2020,15:30,6.06,6.09,6.06,6.06, 1326
04/02/2020,15:36,6.1,6.13,6.1,6.13, 228
04/02/2020,15:38,6.19,6.19,6.19,6.19, 500
04/02/2020,15:42,6.19,6.22,6.19,6.22, 400
04/02/2020,15:48,6.14,6.14,6.14,6.14, 161
04/02/2020,15:48,6.1,6.14,6.1,6.14, 989
04/02/2020,15:49,6.14,6.16,6.11,6.16, 695
04/02/2020,15:54,6.15,6.15,6.15,6.15, 250
04/02/2020,15:54,6.12,6.12,6.11,6.11, 391
04/02/2020,15:58,6.1,6.1,6.1,6.1, 601
04/02/2020,15:58,6.11,6.11,6.1,6.11, 7913
04/02/2020,15:59,6.14,6.15,6.14,6.15, 251
04/02/2020,16:06,6.15,6.15,6.15,6.15, 141
04/02/2020,16:18,6.15,6.15,6.15,6.15, 550
04/02/2020,16:26,6.15,6.15,6.11,6.12, 864
04/02/2020,16:32,6.16,6.17,6.16,6.17, 638
04/02/2020,16:34,6.2,6.2,6.2,6.2, 80
04/02/2020,16:36,6.23,6.23,6.23,6.23, 250
04/02/2020,16:39,6.29,6.29,6.29,6.29, 500
04/02/2020,16:45,6.23,6.23,6.23,6.23, 364
04/02/2020,16:46,6.25,6.25,6.25,6.25, 500
04/02/2020,16:50,6.17,6.17,6.17,6.17, 49
04/02/2020,16:51,6.18,6.18,6.18,6.18, 650
04/02/2020,16:51,6.22,6.22,6.22,6.22, 161
04/02/2020,16:56,6.2,6.2,6.2,6.2, 167
04/02/2020,17:22,6.04,6.05,6,6, 1479
04/02/2020,17:23,6,6.03,6,6.03, 196
04/02/2020,17:26,6.05,6.05,6.05,6.05, 650
04/02/2020,17:30,6.02,6.02,6.02,6.02, 425
04/02/2020,17:37,6.11,6.11,6.11,6.11, 2285
04/03/2020,09:05,6.2,6.2,6.2,6.2, 663
04/03/2020,09:08,6.1,6.1,6.1,6.1, 400
04/03/2020,09:12,6.09,6.09,6.09,6.09, 2
04/03/2020,09:31,6.08,6.08,6.08,6.08, 20
04/03/2020,09:37,6.08,6.09,6.08,6.09, 783
04/03/2020,10:09,6.11,6.12,6.11,6.12, 304
04/03/2020,10:31,6.15,6.15,6.14,6.14, 1293
04/03/2020,11:16,6.1,6.12,6.1,6.12, 1849
04/03/2020,11:18,6.12,6.12,6.12,6.12, 83
04/03/2020,11:20,6.11,6.11,6.11,6.11, 84
04/03/2020,11:21,6.11,6.12,6.11,6.11, 2061
04/03/2020,11:23,6.11,6.11,6.11,6.11, 1219
04/03/2020,11:40,6.07,6.07,6.07,6.07, 250
04/03/2020,14:07,6.06,6.06,6.06,6.06, 500
04/03/2020,14:10,6.06,6.07,6.06,6.07, 500
04/03/2020,14:14,6.06,6.07,6.06,6.07, 500
04/03/2020,14:16,6.08,6.08,6.08,6.08, 12
04/03/2020,14:33,6.06,6.17,6.06,6.07, 2750
04/03/2020,14:40,6.08,6.11,6.08,6.08, 703
04/03/2020,14:53,6.05,6.05,6.05,6.05, 147
04/03/2020,15:17,6.03,6.05,6.03,6.05, 882
04/03/2020,15:36,6.05,6.05,6.05,6.05, 43
04/03/2020,15:42,6.05,6.07,6.05,6.06, 1637
04/03/2020,15:59,6.04,6.04,6.02,6.02, 456
04/03/2020,16:19,6.03,6.03,6.03,6.03, 110
04/03/2020,16:30,6.05,6.05,6.05,6.05, 7
04/03/2020,16:31,6.05,6.05,6.05,6.05, 636
04/03/2020,16:33,6.05,6.05,6.05,6.05, 284
04/03/2020,16:39,6.05,6.05,6.05,6.05, 80
04/03/2020,16:40,6.07,6.08,6.07,6.07, 956
04/03/2020,16:48,6.1,6.1,6.1,6.1, 75
04/03/2020,16:51,6.1,6.1,6.1,6.1, 176
04/03/2020,16:52,6.08,6.08,6.08,6.08, 400
04/03/2020,16:59,6.07,6.07,6.07,6.07, 64
04/03/2020,17:14,6.07,6.07,6.07,6.07, 60
04/03/2020,17:27,6.07,6.07,6.07,6.07, 732
04/03/2020,17:29,6.07,6.11,6.07,6.09, 214
04/03/2020,17:30,6.07,6.07,6.07,6.07, 284
04/03/2020,17:31,6.06,6.06,6.06,6.06, 136
04/03/2020,17:37,5.99,5.99,5.99,5.99, 6192
04/06/2020,09:06,6.21,6.21,6.21,6.21, 428
04/06/2020,09:11,6.11,6.11,6.11,6.11, 179
04/06/2020,09:16,6.18,6.2,6.18,6.2, 242
04/06/2020,09:20,6.22,6.22,6.22,6.22, 586
04/06/2020,09:20,6.24,6.25,6.24,6.25, 258
04/06/2020,09:24,6.23,6.23,6.23,6.23, 261
04/06/2020,09:29,6.21,6.21,6.21,6.21, 280
04/06/2020,09:37,6.23,6.26,6.23,6.26, 282
04/06/2020,09:39,6.27,6.29,6.27,6.29, 813
04/06/2020,09:44,6.25,6.25,6.25,6.25, 332
04/06/2020,09:48,6.28,6.35,6.28,6.35, 1600
04/06/2020,09:49,6.35,6.35,6.35,6.35, 848
04/06/2020,09:51,6.43,6.43,6.43,6.43, 152
04/06/2020,10:15,6.34,6.34,6.34,6.34, 38
04/06/2020,10:18,6.22,6.22,6.22,6.22, 417
04/06/2020,10:20,6.22,6.22,6.22,6.22, 229
04/06/2020,10:36,6.22,6.22,6.22,6.22, 245
04/06/2020,10:40,6.26,6.27,6.26,6.27, 1827
04/06/2020,11:08,6.25,6.25,6.25,6.25, 400
04/06/2020,11:33,6.29,6.35,6.29,6.3, 2910
04/06/2020,11:47,6.3,6.3,6.3,6.3, 283
04/06/2020,11:53,6.34,6.34,6.34,6.34, 136
04/06/2020,12:27,6.3,6.3,6.3,6.3, 253
04/06/2020,13:13,6.32,6.32,6.32,6.32, 97
04/06/2020,13:14,6.35,6.36,6.35,6.36, 3088
04/06/2020,13:18,6.36,6.36,6.36,6.36, 371
04/06/2020,13:37,6.41,6.44,6.41,6.44, 450
04/06/2020,13:38,6.47,6.5,6.47,6.5, 1806
04/06/2020,13:48,6.5,6.51,6.5,6.51, 1019
04/06/2020,13:50,6.55,6.55,6.55,6.55, 264
04/06/2020,13:55,6.55,6.55,6.54,6.54, 5031
04/06/2020,13:56,6.49,6.49,6.44,6.44, 1696
04/06/2020,14:54,6.49,6.51,6.49,6.51, 1869
04/06/2020,15:26,6.59,6.59,6.56,6.56, 800
04/06/2020,15:30,6.58,6.58,6.58,6.58, 122
04/06/2020,15:31,6.55,6.55,6.55,6.55, 258
04/06/2020,15:40,6.5,6.5,6.5,6.5, 317
04/06/2020,15:48,6.49,6.51,6.49,6.51, 588
04/06/2020,15:52,6.55,6.55,6.55,6.55, 159
04/06/2020,16:00,6.56,6.56,6.53,6.53, 887
04/06/2020,16:04,6.51,6.51,6.51,6.51, 768
04/06/2020,16:07,6.55,6.55,6.55,6.55, 240
04/06/2020,16:25,6.55,6.55,6.55,6.55, 253
04/06/2020,16:35,6.55,6.55,6.55,6.55, 300
04/06/2020,16:54,6.47,6.47,6.47,6.47, 254
04/06/2020,16:55,6.49,6.49,6.49,6.49, 294
04/06/2020,16:56,6.48,6.48,6.42,6.42, 995
04/06/2020,16:59,6.36,6.41,6.3,6.34, 16965
04/06/2020,16:59,6.35,6.4,6.28,6.4, 5421
04/06/2020,17:05,6.44,6.46,6.44,6.46, 429
04/06/2020,17:15,6.44,6.44,6.44,6.44, 267
04/06/2020,17:21,6.48,6.48,6.48,6.48, 154
04/06/2020,17:23,6.48,6.49,6.48,6.49, 197
04/06/2020,17:26,6.48,6.48,6.48,6.48, 182
04/06/2020,17:30,6.45,6.49,6.45,6.46, 1297
04/06/2020,17:37,6.39,6.39,6.39,6.39, 396
04/07/2020,09:07,6.61,6.67,6.6,6.6, 5601
04/07/2020,09:10,6.45,6.45,6.45,6.45, 1397
04/07/2020,09:11,6.55,6.55,6.55,6.55, 325
04/07/2020,09:19,6.5,6.5,6.5,6.5, 280
04/07/2020,09:21,6.52,6.57,6.49,6.57, 1055
04/07/2020,09:22,6.6,6.6,6.6,6.6, 654
04/07/2020,09:22,6.58,6.6,6.58,6.6, 202
04/07/2020,09:23,6.58,6.58,6.58,6.58, 31
04/07/2020,09:24,6.6,6.6,6.6,6.6, 200
04/07/2020,09:27,6.6,6.6,6.6,6.6, 2306
04/07/2020,09:29,6.61,6.61,6.6,6.6, 2390
04/07/2020,09:39,6.59,6.6,6.55,6.55, 1651
04/07/2020,09:43,6.65,6.65,6.65,6.65, 354
04/07/2020,09:44,6.65,6.65,6.65,6.65, 67
04/07/2020,09:57,6.62,6.62,6.62,6.62, 200
04/07/2020,10:00,6.63,6.63,6.6,6.6, 795
04/07/2020,10:05,6.6,6.6,6.6,6.6, 100
04/07/2020,10:15,6.57,6.57,6.56,6.56, 272
04/07/2020,10:28,6.59,6.59,6.59,6.59, 290
04/07/2020,10:29,6.51,6.51,6.51,6.51, 500
04/07/2020,11:02,6.59,6.6,6.59,6.6, 300
04/07/2020,11:38,6.58,6.58,6.58,6.58, 10
04/07/2020,11:41,6.58,6.6,6.58,6.6, 595
04/07/2020,11:42,6.59,6.6,6.57,6.6, 3013
04/07/2020,11:52,6.63,6.63,6.63,6.63, 384
04/07/2020,11:54,6.63,6.63,6.63,6.63, 77
04/07/2020,12:24,6.66,6.66,6.66,6.66, 399
04/07/2020,13:02,6.63,6.63,6.6,6.6, 500
04/07/2020,13:05,6.65,6.65,6.65,6.65, 150
04/07/2020,13:18,6.55,6.55,6.55,6.55, 298
04/07/2020,13:22,6.56,6.56,6.56,6.56, 800
04/07/2020,13:47,6.6,6.6,6.6,6.6, 80
04/07/2020,13:51,6.6,6.6,6.6,6.6, 270
04/07/2020,14:01,6.57,6.57,6.54,6.56, 1125
04/07/2020,14:04,6.58,6.59,6.58,6.59, 578
04/07/2020,14:04,6.55,6.55,6.55,6.55, 755
04/07/2020,14:27,6.59,6.7,6.59,6.7, 17849
04/07/2020,14:30,6.8,6.8,6.71,6.71, 428
04/07/2020,14:46,6.79,6.79,6.79,6.79, 318
04/07/2020,14:48,6.77,6.82,6.77,6.81, 1776
04/07/2020,14:53,6.8,6.8,6.74,6.74, 3112
04/07/2020,14:53,6.72,6.72,6.7,6.7, 2500
04/07/2020,15:08,6.73,6.95,6.73,6.95, 8235
04/07/2020,15:10,7.01,7.02,7.01,7.02, 401
04/07/2020,15:12,7.05,7.14,7.05,7.14, 651
04/07/2020,15:20,7.4,7.4,7.4,7.4, 6139
04/07/2020,15:22,7.4,7.4,7.4,7.4, 1300
04/07/2020,15:25,7.2,7.21,7.2,7.2, 1101
04/07/2020,15:31,7.11,7.14,7.11,7.11, 610
04/07/2020,15:37,7.05,7.05,7.05,7.05, 2000
04/07/2020,15:41,6.99,7.02,6.99,7.02, 411
04/07/2020,15:45,6.95,6.95,6.95,6.95, 240
04/07/2020,15:59,6.76,6.84,6.76,6.84, 1612
04/07/2020,15:59,6.84,6.84,6.84,6.84, 163
04/07/2020,16:05,6.86,6.86,6.86,6.86, 250
04/07/2020,16:06,6.85,6.85,6.85,6.85, 300
04/07/2020,16:16,6.86,6.86,6.8,6.8, 673
04/07/2020,16:22,6.85,6.85,6.85,6.85, 595
04/07/2020,16:27,6.81,6.81,6.79,6.79, 500
04/07/2020,16:29,6.81,6.81,6.72,6.74, 5106
04/07/2020,16:30,6.75,6.75,6.75,6.75, 165
04/07/2020,16:31,6.75,6.75,6.66,6.7, 1985
04/07/2020,16:40,6.77,6.77,6.74,6.74, 1068
04/07/2020,16:42,6.74,6.74,6.7,6.7, 1818
04/07/2020,17:13,6.69,6.69,6.69,6.69, 2
04/07/2020,17:19,6.69,6.69,6.69,6.69, 779
04/07/2020,17:24,6.62,6.62,6.62,6.62, 4
04/07/2020,17:28,6.64,6.64,6.62,6.62, 1018
04/07/2020,17:31,6.5,6.5,6.5,6.5, 726
04/07/2020,17:31,6.5,6.5,6.5,6.5, 726
04/07/2020,17:37,6.55,6.55,6.55,6.55, 636
04/08/2020,10:17,6.61,6.61,6.6,6.6, 2200
04/08/2020,10:21,6.61,6.61,6.61,6.61, 50
04/08/2020,10:35,6.61,6.63,6.61,6.63, 689
04/08/2020,10:40,6.65,6.65,6.65,6.65, 250
04/08/2020,10:45,6.67,6.67,6.67,6.67, 1340
04/08/2020,10:48,6.66,6.66,6.66,6.66, 239
04/08/2020,11:05,6.61,6.61,6.6,6.6, 3924
04/08/2020,11:05,6.6,6.6,6.6,6.6, 489
04/08/2020,11:12,6.6,6.6,6.6,6.6, 701
04/08/2020,11:13,6.6,6.61,6.6,6.6, 4074
04/08/2020,11:21,6.6,6.61,6.6,6.6, 7912
04/08/2020,11:22,6.6,6.6,6.6,6.6, 625
04/08/2020,11:28,6.6,6.6,6.59,6.59, 3563
04/08/2020,11:30,6.6,6.6,6.6,6.6, 559
04/08/2020,11:31,6.6,6.66,6.6,6.65, 9351
04/08/2020,11:35,6.74,6.74,6.6,6.6, 5782
04/08/2020,11:36,6.61,6.69,6.61,6.69, 4188
04/08/2020,11:42,6.68,6.68,6.65,6.65, 2500
04/08/2020,11:43,6.62,6.62,6.61,6.61, 2192
04/08/2020,11:44,6.6,6.61,6.6,6.61, 802
04/08/2020,11:51,6.6,6.61,6.6,6.61, 2282
04/08/2020,12:44,6.55,6.55,6.55,6.55, 1000
04/08/2020,13:18,6.54,6.54,6.54,6.54, 34
04/08/2020,13:23,6.53,6.53,6.53,6.53, 291
04/08/2020,13:25,6.6,6.62,6.6,6.62, 3599
04/08/2020,13:29,6.6,6.6,6.57,6.57, 4054
04/08/2020,13:30,6.61,6.61,6.61,6.61, 616
04/08/2020,14:18,6.6,6.6,6.6,6.6, 140
04/08/2020,14:20,6.62,6.62,6.62,6.62, 440
04/08/2020,14:34,6.61,6.61,6.61,6.61, 143
04/08/2020,14:36,6.61,6.62,6.61,6.62, 678
04/08/2020,14:41,6.61,6.61,6.5,6.52, 8290
04/08/2020,14:41,6.53,6.54,6.53,6.53, 716
04/08/2020,14:56,6.6,6.6,6.6,6.6, 680
04/08/2020,14:57,6.62,6.62,6.62,6.62, 99
04/08/2020,15:07,6.63,6.64,6.63,6.64, 552
04/08/2020,15:18,6.65,6.65,6.65,6.65, 1820
04/08/2020,15:21,6.66,6.66,6.66,6.66, 42
04/08/2020,15:38,6.62,6.62,6.62,6.62, 490
04/08/2020,15:40,6.59,6.59,6.59,6.59, 250
04/08/2020,15:52,6.62,6.62,6.62,6.62, 64
04/08/2020,16:01,6.59,6.6,6.59,6.6, 1997
04/08/2020,16:12,6.61,6.61,6.61,6.61, 344
04/08/2020,16:29,6.65,6.65,6.65,6.65, 162
04/08/2020,16:37,6.65,6.65,6.65,6.65, 147
04/08/2020,16:44,6.64,6.64,6.64,6.64, 41
04/08/2020,16:45,6.6,6.6,6.58,6.58, 803
04/08/2020,16:47,6.61,6.61,6.61,6.61, 393
04/08/2020,17:03,6.6,6.63,6.6,6.6, 1806
04/08/2020,17:09,6.64,6.67,6.64,6.67, 2113
04/08/2020,17:18,6.72,6.74,6.67,6.74, 2863
04/08/2020,17:24,6.7,6.7,6.7,6.7, 512
04/08/2020,17:30,6.76,6.76,6.76,6.76, 26
04/08/2020,17:31,6.76,6.76,6.76,6.76, 26
04/08/2020,17:37,6.66,6.66,6.66,6.66, 2273
04/09/2020,09:06,6.93,6.94,6.93,6.94, 3042
04/09/2020,09:11,7.02,7.02,7.02,7.02, 1670
04/09/2020,09:17,7.16,7.16,7.16,7.16, 800
04/09/2020,09:23,7.16,7.16,7.16,7.16, 350
04/09/2020,09:23,7.16,7.16,7.16,7.16, 1320
04/09/2020,09:28,7.13,7.13,7.13,7.13, 2000
04/09/2020,09:50,7.16,7.16,7.16,7.16, 100
04/09/2020,09:56,7.16,7.16,7.16,7.16, 200
04/09/2020,09:59,7.1,7.1,7.1,7.1, 386
04/09/2020,10:01,7.09,7.09,7.05,7.05, 1285
04/09/2020,10:39,7.15,7.15,7.15,7.15, 100
04/09/2020,10:42,7.15,7.15,7.15,7.15, 100
04/09/2020,11:30,7.15,7.16,7.15,7.16, 400
04/09/2020,11:49,7.06,7.06,7.03,7.03, 301
04/09/2020,11:55,7.02,7.02,7.02,7.02, 1670
04/09/2020,11:57,7.06,7.06,7.06,7.06, 101
04/09/2020,12:18,6.96,6.96,6.96,6.96, 123
04/09/2020,12:56,6.93,6.93,6.91,6.91, 1970
04/09/2020,12:56,6.91,6.91,6.91,6.91, 233
04/09/2020,12:58,6.91,6.91,6.91,6.91, 624
04/09/2020,13:03,6.91,6.91,6.91,6.91, 153
04/09/2020,13:09,6.96,6.96,6.96,6.96, 1670
04/09/2020,13:20,7.16,7.16,7.16,7.16, 777
04/09/2020,13:29,7.06,7.06,7.06,7.06, 24
04/09/2020,13:47,7.04,7.05,7.04,7.05, 908
04/09/2020,13:49,7.04,7.04,7.04,7.04, 955
04/09/2020,13:50,7.03,7.04,7.03,7.04, 363
04/09/2020,13:51,7.05,7.05,7.05,7.05, 1670
04/09/2020,14:31,7.04,7.04,7.04,7.04, 290
04/09/2020,14:49,7.12,7.12,7.12,7.12, 109
04/09/2020,14:55,7.14,7.14,7.14,7.14, 250
04/09/2020,15:12,7.18,7.23,7.18,7.23, 3069
04/09/2020,15:26,7.23,7.23,7.17,7.18, 7156
04/09/2020,15:42,7.3,7.3,7.3,7.3, 400
04/09/2020,16:01,7.29,7.29,7.29,7.29, 32
04/09/2020,16:07,7.22,7.22,7.22,7.22, 41
04/09/2020,16:18,7.17,7.17,7.15,7.15, 1685
04/09/2020,16:30,7.26,7.26,7.26,7.26, 774
04/09/2020,16:33,7.22,7.22,7.22,7.22, 658
04/09/2020,16:37,7.22,7.22,7.22,7.22, 2000
04/09/2020,16:38,7.22,7.22,7.22,7.22, 1000
04/09/2020,16:40,7.23,7.26,7.23,7.24, 2791
04/09/2020,16:41,7.29,7.3,7.29,7.3, 1037
04/09/2020,16:43,7.34,7.35,7.29,7.29, 9485
04/09/2020,16:58,7.28,7.28,7.28,7.28, 34
04/09/2020,17:01,7.28,7.31,7.28,7.31, 300
04/09/2020,17:04,7.3,7.3,7.3,7.3, 30
04/09/2020,17:12,7.29,7.29,7.29,7.29, 25
04/09/2020,17:19,7.29,7.38,7.29,7.38, 7241
04/09/2020,17:25,7.48,7.48,7.39,7.4, 5146
04/09/2020,17:27,7.47,7.49,7.47,7.49, 715
04/09/2020,17:28,7.46,7.53,7.45,7.52, 7321
04/09/2020,17:30,7.54,7.58,7.52,7.58, 1886
04/09/2020,17:30,7.6,7.6,7.6,7.6, 2025
04/09/2020,17:32,7.55,7.55,7.55,7.55, 1200
04/09/2020,17:37,7.6,7.6,7.6,7.6, 7811
04/14/2020,09:05,7.72,7.78,7.72,7.78, 5748
04/14/2020,09:05,7.87,7.87,7.87,7.87, 1670
04/14/2020,09:09,7.86,7.86,7.86,7.86, 392
04/14/2020,09:10,7.8,7.8,7.72,7.75, 4238
04/14/2020,09:12,7.88,7.88,7.88,7.88, 1000
04/14/2020,09:15,7.8,7.8,7.8,7.8, 88
04/14/2020,09:16,7.8,7.8,7.77,7.77, 2621
04/14/2020,09:18,7.82,7.82,7.82,7.82, 639
04/14/2020,09:18,7.82,7.82,7.8,7.8, 2438
04/14/2020,09:21,7.81,7.81,7.78,7.78, 376
04/14/2020,09:25,7.76,7.76,7.73,7.73, 1920
04/14/2020,14:12,7.9,7.9,7.9,7.9, 13937
04/14/2020,14:27,7.84,7.84,7.75,7.75, 2229
04/14/2020,14:36,7.62,7.62,7.62,7.62, 8
04/14/2020,15:07,7.76,7.76,7.7,7.7, 515
04/14/2020,15:15,7.73,7.74,7.73,7.74, 1154
04/14/2020,15:15,7.74,7.74,7.68,7.68, 788
04/14/2020,15:19,7.73,7.79,7.73,7.79, 2000
04/14/2020,15:22,7.8,7.82,7.79,7.82, 2439
04/14/2020,15:26,7.81,7.84,7.81,7.84, 1000
04/14/2020,15:38,7.77,7.77,7.67,7.67, 1959
04/14/2020,15:39,7.7,7.77,7.7,7.77, 750
04/14/2020,15:52,7.7,7.7,7.7,7.7, 9
04/14/2020,15:55,7.67,7.67,7.67,7.67, 250
04/14/2020,15:55,7.7,7.78,7.7,7.7, 1893
04/14/2020,15:57,7.74,7.74,7.74,7.74, 200
04/14/2020,16:21,7.74,7.79,7.73,7.73, 1809
04/14/2020,16:31,7.7,7.7,7.7,7.7, 330
04/14/2020,16:55,7.71,7.72,7.71,7.72, 100
04/14/2020,16:58,7.67,7.67,7.67,7.67, 21
04/14/2020,17:05,7.7,7.74,7.69,7.69, 1180
04/14/2020,17:07,7.7,7.73,7.69,7.69, 1270
04/14/2020,17:13,7.69,7.69,7.67,7.67, 284
04/14/2020,17:16,7.66,7.66,7.66,7.66, 527
04/14/2020,17:21,7.67,7.7,7.67,7.7, 460
04/14/2020,17:29,7.66,7.66,7.6,7.6, 1199
04/14/2020,17:29,7.64,7.64,7.64,7.64, 250
04/14/2020,17:37,7.68,7.68,7.68,7.68, 1137
04/15/2020,09:03,7.78,7.78,7.78,7.78, 923
04/15/2020,09:06,7.7,7.7,7.64,7.64, 864
04/15/2020,09:06,7.63,7.63,7.63,7.63, 213
04/15/2020,09:13,7.62,7.62,7.62,7.62, 452
04/15/2020,09:14,7.69,7.69,7.69,7.69, 38
04/15/2020,09:19,7.61,7.61,7.59,7.59, 1852
04/15/2020,09:19,7.57,7.57,7.56,7.56, 310
04/15/2020,09:21,7.56,7.56,7.56,7.56, 67
04/15/2020,09:22,7.6,7.6,7.6,7.6, 250
04/15/2020,09:24,7.62,7.62,7.62,7.62, 25
04/15/2020,09:28,7.53,7.53,7.52,7.52, 1100
04/15/2020,09:30,7.51,7.51,7.51,7.51, 1316
04/15/2020,09:35,7.51,7.54,7.51,7.54, 75
04/15/2020,09:41,7.53,7.55,7.53,7.55, 500
04/15/2020,09:42,7.5,7.53,7.5,7.53, 350
04/15/2020,09:44,7.45,7.45,7.45,7.45, 400
04/15/2020,09:44,7.54,7.59,7.54,7.59, 300
04/15/2020,09:54,7.56,7.58,7.56,7.58, 2470
04/15/2020,09:54,7.6,7.6,7.6,7.6, 50
04/15/2020,09:57,7.58,7.6,7.58,7.6, 978
04/15/2020,09:59,7.62,7.62,7.62,7.62, 197
04/15/2020,09:59,7.58,7.62,7.58,7.62, 370
04/15/2020,10:01,7.58,7.58,7.58,7.58, 780
04/15/2020,10:02,7.58,7.58,7.58,7.58, 9
04/15/2020,10:04,7.58,7.58,7.58,7.58, 271
04/15/2020,10:53,7.51,7.51,7.51,7.51, 250
04/15/2020,11:02,7.54,7.56,7.48,7.56, 347
04/15/2020,11:02,7.52,7.59,7.52,7.59, 300
04/15/2020,11:46,7.44,7.46,7.44,7.46, 1450
04/15/2020,11:49,7.5,7.5,7.5,7.5, 50
04/15/2020,12:22,7.5,7.5,7.48,7.48, 597
04/15/2020,12:47,7.44,7.44,7.42,7.42, 930
04/15/2020,12:48,7.4,7.4,7.4,7.4, 1536
04/15/2020,12:51,7.31,7.31,7.31,7.31, 1319
04/15/2020,13:18,7.31,7.31,7.31,7.31, 1
04/15/2020,13:19,7.31,7.36,7.31,7.36, 1010
04/15/2020,13:29,7.35,7.35,7.35,7.35, 150
04/15/2020,13:30,7.35,7.39,7.35,7.39, 250
04/15/2020,13:40,7.35,7.35,7.35,7.35, 64
04/15/2020,13:43,7.35,7.35,7.35,7.35, 150
04/15/2020,14:00,7.3,7.3,7.26,7.26, 1000
04/15/2020,14:00,7.31,7.33,7.31,7.33, 300
04/15/2020,14:14,7.33,7.33,7.33,7.33, 250
04/15/2020,14:43,7.28,7.28,7.27,7.27, 151
04/15/2020,14:49,7.28,7.28,7.28,7.28, 627
04/15/2020,15:15,7.22,7.22,7.22,7.22, 50
04/15/2020,15:34,7.27,7.28,7.27,7.27, 2547
04/15/2020,15:35,7.24,7.24,7.24,7.24, 250
04/15/2020,15:49,7.27,7.27,7.27,7.27, 100
04/15/2020,15:52,7.27,7.31,7.27,7.31, 235
04/15/2020,15:57,7.28,7.28,7.23,7.23, 950
04/15/2020,16:02,7.26,7.27,7.26,7.27, 205
04/15/2020,16:02,7.27,7.27,7.27,7.27, 45
04/15/2020,16:05,7.28,7.28,7.28,7.28, 800
04/15/2020,16:14,7.26,7.26,7.26,7.26, 250
04/15/2020,16:19,7.27,7.27,7.27,7.27, 124
04/15/2020,16:30,7.29,7.34,7.29,7.32, 1452
04/15/2020,16:37,7.35,7.35,7.35,7.35, 1000
04/15/2020,16:48,7.37,7.37,7.36,7.36, 113
04/15/2020,16:49,7.36,7.36,7.36,7.36, 1087
04/15/2020,16:51,7.37,7.37,7.34,7.34, 1065
04/15/2020,16:55,7.36,7.36,7.36,7.36, 5
04/15/2020,16:57,7.36,7.36,7.36,7.36, 64
04/15/2020,17:08,7.32,7.32,7.31,7.31, 730
04/15/2020,17:09,7.31,7.31,7.31,7.31, 2899
04/15/2020,17:19,7.29,7.29,7.26,7.26, 468
04/15/2020,17:21,7.25,7.25,7.25,7.25, 1316
04/15/2020,17:23,7.28,7.3,7.28,7.3, 340
04/15/2020,17:25,7.25,7.25,7.25,7.25, 75
04/15/2020,17:28,7.23,7.23,7.23,7.23, 281
04/15/2020,17:29,7.22,7.22,7.22,7.22, 200
04/15/2020,17:30,7.24,7.24,7.24,7.24, 38
04/15/2020,17:37,7.24,7.24,7.24,7.24, 1083
04/16/2020,09:05,7.44,7.44,7.4,7.4, 2945
04/16/2020,09:13,7.43,7.43,7.42,7.42, 936
04/16/2020,10:00,7.47,7.59,7.47,7.55, 3032
04/16/2020,10:05,7.57,7.57,7.54,7.54, 1564
04/16/2020,10:07,7.57,7.57,7.54,7.54, 311
04/16/2020,10:09,7.67,7.67,7.67,7.67, 650
04/16/2020,10:10,7.64,7.67,7.64,7.67, 631
04/16/2020,10:15,7.57,7.57,7.57,7.57, 250
04/16/2020,10:29,7.56,7.56,7.56,7.56, 21
04/16/2020,10:47,7.55,7.55,7.54,7.54, 536
04/16/2020,10:49,7.47,7.53,7.47,7.53, 637
04/16/2020,10:54,7.53,7.54,7.47,7.52, 3018
04/16/2020,11:11,7.49,7.54,7.49,7.54, 627
04/16/2020,11:28,7.57,7.6,7.57,7.6, 255
04/16/2020,11:32,7.61,7.62,7.61,7.62, 540
04/16/2020,11:35,7.62,7.62,7.62,7.62, 260
04/16/2020,11:48,7.54,7.54,7.54,7.54, 200
04/16/2020,12:08,7.59,7.59,7.59,7.59, 700
04/16/2020,12:08,7.52,7.52,7.5,7.5, 1320
04/16/2020,12:12,7.5,7.5,7.47,7.47, 600
04/16/2020,12:21,7.5,7.56,7.5,7.56, 2405
04/16/2020,12:22,7.56,7.56,7.56,7.56, 1311
04/16/2020,13:15,7.59,7.59,7.59,7.59, 250
04/16/2020,13:19,7.62,7.62,7.62,7.62, 125
04/16/2020,14:06,7.6,7.6,7.6,7.6, 30
04/16/2020,14:21,7.58,7.6,7.58,7.6, 500
04/16/2020,14:35,7.61,7.67,7.61,7.61, 1424
04/16/2020,14:36,7.63,7.63,7.6,7.6, 677
04/16/2020,14:41,7.63,7.63,7.63,7.63, 200
04/16/2020,14:50,7.59,7.59,7.59,7.59, 33
04/16/2020,15:02,7.62,7.62,7.62,7.62, 200
04/16/2020,15:39,7.58,7.58,7.58,7.58, 50
04/16/2020,15:39,7.57,7.58,7.55,7.58, 2040
04/16/2020,15:40,7.54,7.59,7.52,7.59, 283
04/16/2020,15:41,7.52,7.58,7.51,7.58, 442
04/16/2020,15:44,7.5,7.5,7.5,7.5, 785
04/16/2020,15:48,7.53,7.56,7.53,7.56, 85
04/16/2020,16:05,7.53,7.54,7.48,7.48, 2450
04/16/2020,16:06,7.47,7.47,7.47,7.47, 250
04/16/2020,16:07,7.48,7.52,7.48,7.5, 826
04/16/2020,16:08,7.47,7.47,7.47,7.47, 2
04/16/2020,16:10,7.51,7.55,7.51,7.55, 1300
04/16/2020,16:11,7.49,7.49,7.49,7.49, 249
04/16/2020,16:14,7.52,7.52,7.52,7.52, 50
04/16/2020,16:20,7.52,7.55,7.52,7.55, 600
04/16/2020,16:59,7.57,7.6,7.57,7.6, 86
04/16/2020,17:14,7.59,7.59,7.57,7.57, 1733
04/16/2020,17:17,7.6,7.6,7.6,7.6, 60
04/16/2020,17:19,7.59,7.59,7.55,7.55, 719
04/16/2020,17:21,7.56,7.56,7.56,7.56, 239
04/16/2020,17:27,7.56,7.56,7.56,7.56, 235
04/16/2020,17:27,7.56,7.56,7.56,7.56, 169
04/16/2020,17:29,7.56,7.59,7.56,7.59, 342
04/16/2020,17:30,7.6,7.6,7.6,7.6, 177
04/16/2020,17:31,7.64,7.64,7.64,7.64, 4
04/16/2020,17:37,7.57,7.57,7.57,7.57, 200
04/17/2020,09:07,7.85,7.85,7.75,7.75, 1213
04/17/2020,09:08,7.75,7.75,7.75,7.75, 902
04/17/2020,09:23,7.79,7.79,7.79,7.79, 437
04/17/2020,09:25,7.83,7.83,7.83,7.83, 50
04/17/2020,09:34,7.85,7.89,7.85,7.89, 1250
04/17/2020,09:44,7.77,7.77,7.77,7.77, 3064
04/17/2020,09:45,7.84,7.84,7.84,7.84, 200
04/17/2020,09:46,7.84,7.84,7.77,7.77, 416
04/17/2020,10:00,7.83,7.83,7.83,7.83, 500
04/17/2020,10:05,7.77,7.77,7.75,7.75, 750
04/17/2020,10:20,7.82,7.9,7.82,7.85, 4592
04/17/2020,10:21,7.84,7.84,7.84,7.84, 34
04/17/2020,10:22,7.86,7.88,7.86,7.88, 1000
04/17/2020,10:23,7.89,7.89,7.89,7.89, 1816
04/17/2020,10:28,7.9,7.9,7.86,7.86, 1766
04/17/2020,10:40,7.9,7.9,7.9,7.9, 800
04/17/2020,10:49,7.91,7.91,7.91,7.91, 700
04/17/2020,10:50,7.91,7.91,7.91,7.91, 60
04/17/2020,10:54,7.9,7.9,7.83,7.83, 850
04/17/2020,11:10,7.89,7.89,7.89,7.89, 400
04/17/2020,11:20,7.86,7.86,7.86,7.86, 1000
04/17/2020,11:23,7.89,7.92,7.89,7.92, 324
04/17/2020,11:25,7.95,7.95,7.86,7.86, 426
04/17/2020,11:29,7.91,7.95,7.86,7.86, 1125
04/17/2020,11:36,7.94,7.94,7.94,7.94, 130
04/17/2020,11:43,7.94,7.95,7.86,7.86, 2055
04/17/2020,11:57,7.96,7.96,7.87,7.87, 1098
04/17/2020,12:05,7.97,7.97,7.97,7.97, 1000
04/17/2020,12:23,7.9,7.9,7.9,7.9, 82
04/17/2020,12:26,7.98,7.98,7.98,7.98, 6
04/17/2020,12:27,7.96,7.96,7.96,7.96, 250
04/17/2020,12:35,7.96,7.98,7.95,7.95, 941
04/17/2020,12:52,7.93,7.93,7.91,7.91, 500
04/17/2020,12:52,7.99,7.99,7.99,7.99, 200
04/17/2020,12:59,7.99,7.99,7.99,7.99, 250
04/17/2020,13:02,7.95,7.95,7.95,7.95, 129
04/17/2020,13:04,7.91,7.91,7.9,7.9, 1316
04/17/2020,13:05,7.89,7.89,7.89,7.89, 1466
04/17/2020,13:07,7.83,7.83,7.83,7.83, 50
04/17/2020,13:18,7.83,7.83,7.83,7.83, 1
04/17/2020,13:28,7.91,7.95,7.91,7.95, 475
04/17/2020,13:37,7.91,7.94,7.82,7.82, 2562
04/17/2020,13:45,7.82,7.84,7.82,7.83, 1552
04/17/2020,13:50,7.84,7.84,7.84,7.84, 958
04/17/2020,14:14,7.87,7.87,7.87,7.87, 380
04/17/2020,14:32,7.88,7.9,7.88,7.9, 1899
04/17/2020,14:39,7.9,7.9,7.9,7.9, 883
04/17/2020,14:46,7.91,7.91,7.91,7.91, 250
04/17/2020,14:46,7.94,7.94,7.94,7.94, 63
04/17/2020,15:00,7.95,7.98,7.95,7.98, 2020
04/17/2020,15:03,7.98,8,7.98,7.98, 1913
04/17/2020,15:04,8,8,7.99,7.99, 1000
04/17/2020,15:07,7.99,8.02,7.99,8.02, 512
04/17/2020,15:21,8.02,8.02,8.02,8.02, 784
04/17/2020,15:22,7.99,7.99,7.99,7.99, 1941
04/17/2020,15:24,8,8,8,8, 82
04/17/2020,15:27,8,8,8,8, 2
04/17/2020,15:33,7.99,7.99,7.99,7.99, 3
04/17/2020,15:44,7.98,7.99,7.93,7.99, 2076
04/17/2020,15:57,7.98,8.02,7.98,8.02, 554
04/17/2020,15:59,8.03,8.03,8.02,8.02, 5745
04/17/2020,16:03,8.03,8.08,8.03,8.08, 2813
04/17/2020,16:03,8.06,8.06,8.06,8.06, 2428
04/17/2020,16:10,8.06,8.06,8.06,8.06, 2768
04/17/2020,16:12,8.06,8.06,8.06,8.06, 3111
04/17/2020,16:14,8.04,8.05,8.04,8.04, 1042
04/17/2020,16:20,8.04,8.04,8.04,8.04, 108
04/17/2020,16:21,8.06,8.06,8.06,8.06, 468
04/17/2020,16:27,8.01,8.01,8,8, 1170
04/17/2020,16:28,8.07,8.1,8.05,8.05, 504
04/17/2020,16:48,8.01,8.01,8.01,8.01, 137
04/17/2020,16:50,7.98,7.98,7.98,7.98, 3
04/17/2020,17:08,7.96,7.96,7.96,7.96, 250
04/17/2020,17:10,7.96,7.96,7.91,7.91, 800
04/17/2020,17:15,7.95,7.95,7.95,7.95, 250
04/17/2020,17:23,7.96,7.96,7.95,7.95, 63
04/17/2020,17:26,7.96,7.98,7.96,7.98, 1532
04/17/2020,17:27,7.99,8,7.99,7.99, 2741
04/17/2020,17:30,8,8,8,8, 747
04/17/2020,17:32,8,8,8,8, 24
04/17/2020,17:37,8.04,8.04,8.04,8.04, 193

