03/09/2020,18:08,11.285,11.285,11.285,11.285, 100
03/09/2020,18:41,10.99,10.99,10.99,10.99, 100
03/09/2020,18:56,10.37,10.37,10.37,10.37, 100
03/09/2020,18:59,10.22,10.22,10.22,10.22, 100
03/11/2020,18:39,10.3,10.3,10.3,10.3, 100
03/11/2020,19:34,10.315,10.315,10.315,10.315, 147
03/12/2020,20:59,10.12,10.12,10.12,10.12, 300
03/13/2020,17:13,9.69,9.69,9.67,9.67, 222
03/13/2020,19:37,9.75,9.75,9.75,9.75, 141
03/16/2020,18:03,9.25,9.25,9.25,9.25, 200
03/16/2020,18:06,9.25,9.25,9.25,9.25, 300
03/16/2020,18:07,9.25,9.25,9.25,9.25, 400
03/16/2020,20:11,9.296,9.296,9.25,9.25, 300
03/17/2020,20:58,9.89,9.89,9.89,9.89, 500
03/18/2020,18:12,9.9,9.9,9.9,9.9, 200
03/18/2020,18:23,9.9,9.9,9.9,9.9, 199
03/23/2020,15:25,9.639,9.639,9.639,9.639, 400
03/23/2020,15:25,9.21,9.21,8.68,8.68, 600
03/23/2020,16:03,8.5,8.795,8.5,8.795, 1100
03/24/2020,18:55,8.605,8.605,8.605,8.605, 100
03/25/2020,17:26,9.01,9.01,9.01,9.01, 100
03/25/2020,18:03,8.98,8.98,8.98,8.98, 100
03/25/2020,18:08,8.98,8.98,8.98,8.98, 100
03/25/2020,20:59,8.61,8.61,8.6,8.6, 200
03/26/2020,15:33,9.041,9.2,8.67,9, 2300
03/26/2020,15:53,9.18,9.2,8.67,8.67, 700
03/26/2020,19:15,8.875,8.875,8.875,8.875, 100
03/26/2020,19:17,8.86,8.86,8.86,8.86, 100
03/26/2020,19:24,8.8,8.8,8.8,8.8, 100
03/26/2020,19:26,8.6,8.6,8.6,8.6, 100
03/27/2020,17:21,8.85,8.85,8.85,8.85, 100
03/27/2020,18:14,8.81,8.81,8.81,8.81, 100
03/27/2020,18:15,8.6,8.6,8.6,8.6, 100
03/30/2020,17:20,8.67,8.67,8.67,8.67, 100
03/30/2020,17:25,8.68,8.68,8.68,8.68, 100
03/30/2020,18:07,8.585,8.6,8.585,8.591, 1000
03/30/2020,18:08,8.6,8.6,8.6,8.6, 500
03/30/2020,18:10,8.6,8.6,8.6,8.6, 500
03/30/2020,18:11,8.6,8.6,8.6,8.6, 100
03/30/2020,18:13,8.6,8.6,8.6,8.6, 400
03/30/2020,20:13,8.6,8.6,8.6,8.6, 200
03/31/2020,15:43,9,9,9,9, 200
03/31/2020,15:45,9,9,9,9, 100
03/31/2020,17:45,9,9,9,9, 100

