02/03/2020,15:37,11.405,11.405,11.405,11.405, 935
02/03/2020,15:39,11.42,11.44,11.413,11.413, 2828
02/03/2020,15:43,11.44,11.44,11.429,11.44, 1100
02/03/2020,15:49,11.414,11.44,11.414,11.44, 924
02/03/2020,15:52,11.45,11.45,11.45,11.45, 194
02/03/2020,15:58,11.44,11.44,11.44,11.44, 100
02/03/2020,16:01,11.43,11.43,11.43,11.43, 991
02/03/2020,16:03,11.44,11.44,11.436,11.44, 300
02/03/2020,16:05,11.43,11.44,11.43,11.44, 716
02/03/2020,16:05,11.489,11.49,11.489,11.49, 1200
02/03/2020,16:09,11.49,11.49,11.49,11.49, 100
02/03/2020,16:10,11.42,11.42,11.42,11.42, 150
02/03/2020,16:19,11.49,11.49,11.49,11.49, 100
02/03/2020,16:22,11.49,11.53,11.483,11.53, 5700
02/03/2020,16:22,11.53,11.53,11.53,11.53, 200
02/03/2020,16:30,11.52,11.53,11.52,11.53, 300
02/03/2020,16:31,11.52,11.53,11.502,11.53, 3700
02/03/2020,16:38,11.53,11.53,11.53,11.53, 100
02/03/2020,16:56,11.479,11.53,11.479,11.53, 1498
02/03/2020,16:57,11.54,11.6,11.528,11.6, 1200
02/03/2020,16:58,11.66,11.66,11.61,11.61, 400
02/03/2020,16:59,11.607,11.67,11.607,11.64, 4100
02/03/2020,17:00,11.65,11.73,11.65,11.73, 3464
02/03/2020,17:01,11.72,11.73,11.66,11.73, 1700
02/03/2020,17:03,11.73,11.73,11.73,11.73, 100
02/03/2020,17:10,11.62,11.69,11.62,11.69, 1800
02/03/2020,17:12,11.66,11.7,11.66,11.7, 300
02/03/2020,17:14,11.621,11.621,11.621,11.621, 200
02/03/2020,17:17,11.62,11.69,11.62,11.69, 280
02/03/2020,17:28,11.62,11.62,11.62,11.62, 173
02/03/2020,17:37,11.63,11.67,11.63,11.67, 300
02/03/2020,17:51,11.62,11.62,11.62,11.62, 100
02/03/2020,17:53,11.58,11.65,11.58,11.65, 1800
02/03/2020,17:53,11.59,11.65,11.59,11.65, 1500
02/03/2020,18:19,11.6,11.64,11.6,11.64, 350
02/03/2020,18:20,11.626,11.64,11.626,11.64, 1201
02/03/2020,18:21,11.628,11.628,11.628,11.628, 1000
02/03/2020,18:22,11.61,11.61,11.61,11.61, 150
02/03/2020,18:26,11.64,11.64,11.636,11.636, 2000
02/03/2020,18:30,11.64,11.64,11.64,11.64, 100
02/03/2020,18:35,11.64,11.64,11.61,11.61, 2500
02/03/2020,18:36,11.622,11.622,11.622,11.622, 2900
02/03/2020,18:52,11.645,11.645,11.645,11.645, 200
02/03/2020,18:57,11.64,11.64,11.64,11.64, 200
02/03/2020,19:49,11.63,11.63,11.63,11.63, 101
02/03/2020,19:58,11.623,11.623,11.623,11.623, 200
02/03/2020,20:02,11.638,11.65,11.638,11.65, 240
02/03/2020,20:20,11.628,11.628,11.628,11.628, 400
02/03/2020,20:44,11.61,11.61,11.61,11.61, 200
02/03/2020,20:49,11.61,11.61,11.61,11.61, 2000
02/03/2020,20:58,11.633,11.633,11.633,11.633, 850
02/03/2020,21:00,11.617,11.617,11.617,11.617, 3600
02/03/2020,21:05,11.62,11.62,11.62,11.62, 343
02/03/2020,21:16,11.612,11.612,11.612,11.612, 2000
02/03/2020,21:34,11.637,11.637,11.637,11.637, 1400
02/03/2020,21:46,11.63,11.638,11.63,11.638, 200
02/03/2020,21:48,11.65,11.65,11.649,11.649, 800
02/03/2020,21:50,11.63,11.63,11.63,11.63, 100
02/03/2020,21:57,11.63,11.63,11.63,11.63, 1000
02/03/2020,22:00,11.63,11.63,11.63,11.63, 406
02/04/2020,15:42,11.658,11.658,11.658,11.658, 400
02/04/2020,16:20,11.69,11.69,11.69,11.69, 305
02/04/2020,16:30,11.654,11.654,11.654,11.654, 425
02/04/2020,16:45,11.667,11.667,11.667,11.667, 428
02/04/2020,16:49,11.647,11.647,11.63,11.647, 7242
02/04/2020,16:53,11.667,11.667,11.667,11.667, 100
02/04/2020,17:14,11.62,11.62,11.62,11.62, 206
02/04/2020,17:19,11.649,11.649,11.649,11.649, 100
02/04/2020,17:36,11.644,11.644,11.644,11.644, 100
02/04/2020,17:39,11.64,11.64,11.64,11.64, 125
02/04/2020,17:59,11.66,11.67,11.66,11.67, 1110
02/04/2020,18:00,11.68,11.68,11.674,11.674, 3440
02/04/2020,18:08,11.69,11.7,11.69,11.7, 3237
02/04/2020,18:13,11.7,11.7,11.7,11.7, 1200
02/04/2020,18:25,11.7,11.7,11.7,11.7, 1100
02/04/2020,18:26,11.73,11.73,11.73,11.73, 200
02/04/2020,18:27,11.72,11.73,11.72,11.73, 1100
02/04/2020,18:31,11.7,11.7,11.7,11.7, 100
02/04/2020,18:40,11.7,11.7,11.7,11.7, 1211
02/04/2020,18:44,11.707,11.71,11.707,11.71, 600
02/04/2020,18:48,11.69,11.69,11.69,11.69, 100
02/04/2020,19:05,11.69,11.69,11.66,11.664, 9196
02/04/2020,19:09,11.68,11.68,11.678,11.68, 300
02/04/2020,19:14,11.663,11.663,11.663,11.663, 100
02/04/2020,19:19,11.68,11.68,11.68,11.68, 3150
02/04/2020,19:30,11.663,11.663,11.663,11.663, 100
02/04/2020,19:30,11.66,11.66,11.66,11.66, 414
02/04/2020,19:57,11.65,11.65,11.65,11.65, 800
02/04/2020,20:54,11.66,11.66,11.66,11.66, 500
02/04/2020,20:55,11.662,11.662,11.662,11.662, 100
02/04/2020,21:07,11.663,11.663,11.663,11.663, 2674
02/04/2020,21:09,11.668,11.668,11.668,11.668, 1000
02/04/2020,21:13,11.67,11.67,11.67,11.67, 100
02/04/2020,21:26,11.67,11.67,11.67,11.67, 1840
02/04/2020,21:31,11.66,11.66,11.66,11.66, 1250
02/04/2020,21:38,11.661,11.661,11.661,11.661, 2242
02/04/2020,21:43,11.67,11.67,11.67,11.67, 100
02/04/2020,21:49,11.67,11.67,11.67,11.67, 100
02/05/2020,16:00,11.72,11.73,11.72,11.73, 400
02/05/2020,16:07,11.744,11.744,11.744,11.744, 180
02/05/2020,16:08,11.73,11.73,11.73,11.73, 100
02/05/2020,16:11,11.73,11.73,11.73,11.73, 300
02/05/2020,16:20,11.745,11.745,11.745,11.745, 400
02/05/2020,16:22,11.73,11.73,11.73,11.73, 200
02/05/2020,16:30,11.751,11.751,11.751,11.751, 2495
02/05/2020,16:33,11.74,11.74,11.74,11.74, 300
02/05/2020,16:42,11.74,11.74,11.74,11.74, 100
02/05/2020,16:44,11.747,11.747,11.74,11.74, 781
02/05/2020,16:49,11.73,11.73,11.73,11.73, 298
02/05/2020,16:57,11.73,11.73,11.73,11.73, 372
02/05/2020,17:04,11.732,11.732,11.732,11.732, 500
02/05/2020,17:21,11.748,11.748,11.748,11.748, 300
02/05/2020,17:34,11.75,11.75,11.745,11.75, 3288
02/05/2020,17:48,11.75,11.75,11.75,11.75, 500
02/05/2020,17:51,11.75,11.75,11.75,11.75, 100
02/05/2020,17:52,11.75,11.75,11.75,11.75, 100
02/05/2020,18:08,11.75,11.75,11.75,11.75, 104
02/05/2020,18:15,11.747,11.747,11.747,11.747, 510
02/05/2020,18:24,11.731,11.737,11.731,11.737, 1540
02/05/2020,18:26,11.73,11.73,11.73,11.73, 1200
02/05/2020,18:37,11.747,11.747,11.747,11.747, 1000
02/05/2020,19:03,11.75,11.78,11.75,11.78, 9900
02/05/2020,19:13,11.74,11.74,11.74,11.74, 235
02/05/2020,19:24,11.745,11.745,11.745,11.745, 1000
02/05/2020,19:26,11.749,11.749,11.749,11.749, 100
02/05/2020,19:26,11.745,11.745,11.745,11.745, 500
02/05/2020,19:44,11.735,11.745,11.72,11.72, 3395
02/05/2020,19:50,11.735,11.735,11.735,11.735, 250
02/05/2020,19:52,11.74,11.74,11.74,11.74, 500
02/05/2020,19:54,11.75,11.75,11.75,11.75, 500
02/05/2020,20:09,11.747,11.747,11.745,11.745, 1600
02/05/2020,20:10,11.75,11.75,11.75,11.75, 500
02/05/2020,20:13,11.745,11.77,11.745,11.77, 2300
02/05/2020,20:21,11.76,11.762,11.76,11.76, 600
02/05/2020,20:42,11.765,11.765,11.765,11.765, 950
02/05/2020,20:50,11.765,11.765,11.76,11.76, 2100
02/05/2020,20:55,11.76,11.765,11.76,11.765, 2900
02/05/2020,21:26,11.76,11.77,11.754,11.757, 3700
02/05/2020,21:32,11.758,11.758,11.751,11.751, 3450
02/05/2020,21:44,11.756,11.76,11.756,11.76, 200
02/05/2020,21:49,11.77,11.77,11.77,11.77, 1297
02/05/2020,22:00,11.77,11.77,11.77,11.77, 113
02/06/2020,15:31,11.84,11.84,11.84,11.84, 250
02/06/2020,15:48,11.8,11.8,11.799,11.8, 1108
02/06/2020,16:00,11.8,11.8,11.785,11.8, 1337
02/06/2020,16:21,11.78,11.78,11.78,11.78, 400
02/06/2020,16:23,11.78,11.78,11.78,11.78, 300
02/06/2020,16:30,11.78,11.78,11.78,11.78, 250
02/06/2020,17:01,11.78,11.78,11.777,11.777, 400
02/06/2020,17:07,11.77,11.77,11.77,11.77, 425
02/06/2020,17:14,11.772,11.772,11.772,11.772, 114
02/06/2020,17:20,11.77,11.775,11.77,11.77, 3742
02/06/2020,17:25,11.75,11.75,11.75,11.75, 500
02/06/2020,17:35,11.766,11.766,11.766,11.766, 250
02/06/2020,17:41,11.765,11.765,11.765,11.765, 323
02/06/2020,17:50,11.77,11.77,11.766,11.766, 330
02/06/2020,18:19,11.767,11.77,11.767,11.77, 2000
02/06/2020,18:33,11.77,11.79,11.77,11.79, 2271
02/06/2020,19:04,11.79,11.79,11.77,11.77, 2900
02/06/2020,19:45,11.79,11.79,11.79,11.79, 436
02/06/2020,19:48,11.78,11.78,11.78,11.78, 1000
02/06/2020,20:17,11.79,11.79,11.77,11.77, 202
02/06/2020,20:24,11.78,11.78,11.78,11.78, 415
02/06/2020,21:01,11.79,11.79,11.79,11.79, 400
02/06/2020,21:13,11.79,11.8,11.787,11.787, 4778
02/06/2020,21:25,11.8,11.81,11.78,11.78, 3000
02/06/2020,21:39,11.77,11.77,11.77,11.77, 100
02/06/2020,22:01,11.81,11.81,11.81,11.81, 356
02/07/2020,16:01,11.76,11.76,11.76,11.76, 200
02/07/2020,16:05,11.76,11.76,11.76,11.76, 200
02/07/2020,16:09,11.761,11.761,11.761,11.761, 200
02/07/2020,16:18,11.72,11.72,11.72,11.72, 100
02/07/2020,16:37,11.76,11.76,11.76,11.76, 2700
02/07/2020,17:03,11.74,11.74,11.74,11.74, 300
02/07/2020,17:10,11.735,11.735,11.735,11.735, 700
02/07/2020,17:17,11.74,11.74,11.74,11.74, 262
02/07/2020,17:19,11.735,11.735,11.735,11.735, 1438
02/07/2020,17:22,11.735,11.735,11.735,11.735, 200
02/07/2020,17:22,11.735,11.735,11.72,11.72, 2600
02/07/2020,17:33,11.73,11.73,11.727,11.727, 480
02/07/2020,17:50,11.731,11.731,11.731,11.731, 900
02/07/2020,19:29,11.73,11.73,11.73,11.73, 500
02/07/2020,20:31,11.74,11.78,11.74,11.78, 5003
02/07/2020,20:33,11.79,11.79,11.79,11.79, 2600
02/07/2020,20:41,11.796,11.796,11.796,11.796, 200
02/07/2020,20:47,11.8,11.84,11.8,11.84, 3150
02/07/2020,20:48,11.83,11.839,11.82,11.82, 2797
02/07/2020,20:52,11.8,11.8,11.8,11.8, 700
02/07/2020,21:27,11.83,11.84,11.82,11.83, 2393
02/07/2020,21:30,11.84,11.84,11.84,11.84, 3700
02/07/2020,21:34,11.84,11.84,11.84,11.84, 500
02/07/2020,21:37,11.83,11.83,11.83,11.83, 950
02/07/2020,21:51,11.84,11.85,11.825,11.825, 2200
02/07/2020,21:55,11.82,11.82,11.82,11.82, 3600
02/07/2020,21:57,11.82,11.829,11.82,11.829, 5042
02/07/2020,21:57,11.82,11.82,11.79,11.79, 2583
02/10/2020,15:34,11.85,11.85,11.85,11.85, 100
02/10/2020,15:38,11.85,11.85,11.85,11.85, 1600
02/10/2020,15:46,11.829,11.829,11.829,11.829, 1700
02/10/2020,15:50,11.81,11.815,11.81,11.81, 9000
02/10/2020,15:51,11.811,11.811,11.81,11.81, 3300
02/10/2020,15:53,11.81,11.81,11.805,11.805, 200
02/10/2020,15:54,11.8,11.8,11.8,11.8, 400
02/10/2020,16:02,11.79,11.79,11.79,11.79, 100
02/10/2020,16:08,11.794,11.794,11.794,11.794, 200
02/10/2020,16:18,11.81,11.81,11.81,11.81, 100
02/10/2020,16:20,11.81,11.81,11.81,11.81, 100
02/10/2020,16:21,11.81,11.81,11.806,11.806, 200
02/10/2020,16:22,11.81,11.81,11.81,11.81, 100
02/10/2020,16:23,11.81,11.81,11.81,11.81, 100
02/10/2020,16:25,11.81,11.81,11.81,11.81, 100
02/10/2020,16:26,11.805,11.81,11.8,11.81, 900
02/10/2020,16:43,11.803,11.803,11.803,11.803, 800
02/10/2020,16:52,11.796,11.797,11.79,11.797, 1299
02/10/2020,16:57,11.81,11.81,11.804,11.804, 386
02/10/2020,17:22,11.81,11.81,11.79,11.797, 3540
02/10/2020,17:36,11.79,11.79,11.79,11.79, 900
02/10/2020,17:50,11.804,11.804,11.804,11.804, 200
02/10/2020,17:53,11.81,11.81,11.81,11.81, 100
02/10/2020,17:55,11.81,11.81,11.81,11.81, 100
02/10/2020,17:56,11.81,11.81,11.81,11.81, 100
02/10/2020,17:57,11.81,11.81,11.81,11.81, 100
02/10/2020,17:58,11.81,11.81,11.81,11.81, 100
02/10/2020,18:01,11.81,11.81,11.81,11.81, 100
02/10/2020,18:18,11.813,11.813,11.813,11.813, 130
02/10/2020,18:47,11.8,11.8,11.8,11.8, 100
02/10/2020,18:48,11.8,11.8,11.8,11.8, 100
02/10/2020,18:49,11.8,11.8,11.8,11.8, 100
02/10/2020,18:51,11.8,11.8,11.8,11.8, 100
02/10/2020,19:17,11.79,11.81,11.79,11.802, 2369
02/10/2020,19:18,11.8,11.8,11.8,11.8, 1000
02/10/2020,20:04,11.81,11.81,11.81,11.81, 143
02/10/2020,20:15,11.82,11.82,11.82,11.82, 500
02/10/2020,20:22,11.82,11.82,11.82,11.82, 300
02/10/2020,20:24,11.81,11.81,11.81,11.81, 500
02/10/2020,20:26,11.81,11.81,11.81,11.81, 380
02/10/2020,20:31,11.81,11.81,11.81,11.81, 300
02/10/2020,20:56,11.81,11.81,11.81,11.81, 700
02/10/2020,21:20,11.816,11.816,11.816,11.816, 550
02/10/2020,21:34,11.816,11.816,11.816,11.816, 1000
02/10/2020,21:39,11.81,11.81,11.81,11.81, 191
02/10/2020,21:41,11.81,11.81,11.81,11.81, 100
02/10/2020,21:53,11.81,11.81,11.81,11.81, 500
02/10/2020,22:00,11.81,11.81,11.81,11.81, 100
02/11/2020,15:31,11.9,11.9,11.9,11.9, 757
02/11/2020,15:47,11.854,11.854,11.854,11.854, 1000
02/11/2020,16:04,11.855,11.855,11.855,11.855, 350
02/11/2020,16:27,11.851,11.851,11.851,11.851, 1000
02/11/2020,16:38,11.851,11.851,11.85,11.85, 3100
02/11/2020,16:48,11.84,11.84,11.84,11.84, 500
02/11/2020,16:58,11.82,11.82,11.82,11.82, 1607
02/11/2020,17:12,11.829,11.829,11.829,11.829, 200
02/11/2020,17:25,11.82,11.827,11.82,11.827, 400
02/11/2020,17:34,11.82,11.832,11.82,11.832, 893
02/11/2020,17:53,11.838,11.838,11.838,11.838, 300
02/11/2020,18:04,11.835,11.835,11.835,11.835, 1000
02/11/2020,18:08,11.834,11.834,11.834,11.834, 110
02/11/2020,19:02,11.847,11.85,11.847,11.85, 1400
02/11/2020,19:09,11.841,11.85,11.841,11.85, 1000
02/11/2020,19:12,11.84,11.84,11.84,11.84, 240
02/11/2020,19:37,11.82,11.82,11.82,11.82, 422
02/11/2020,20:23,11.82,11.82,11.82,11.82, 200
02/11/2020,21:14,11.82,11.82,11.82,11.82, 100
02/11/2020,21:20,11.81,11.811,11.81,11.811, 1200
02/11/2020,21:22,11.78,11.78,11.78,11.78, 2600
02/11/2020,21:23,11.77,11.77,11.77,11.77, 3546
02/11/2020,21:25,11.76,11.76,11.76,11.76, 2000
02/11/2020,21:35,11.77,11.77,11.77,11.77, 3000
02/11/2020,21:37,11.77,11.785,11.72,11.72, 1710
02/11/2020,21:37,11.73,11.73,11.73,11.73, 538
02/11/2020,21:39,11.732,11.732,11.732,11.732, 952
02/11/2020,21:53,11.73,11.73,11.73,11.73, 548
02/11/2020,22:00,11.73,11.73,11.73,11.73, 294
02/12/2020,15:36,11.759,11.759,11.759,11.759, 1700
02/12/2020,15:50,11.735,11.735,11.735,11.735, 216
02/12/2020,16:17,11.74,11.743,11.74,11.743, 600
02/12/2020,16:33,11.74,11.74,11.74,11.74, 700
02/12/2020,16:51,11.74,11.74,11.74,11.74, 765
02/12/2020,17:19,11.74,11.74,11.74,11.74, 145
02/12/2020,17:23,11.75,11.76,11.75,11.76, 2850
02/12/2020,17:37,11.74,11.74,11.74,11.74, 200
02/12/2020,17:40,11.742,11.742,11.742,11.742, 187
02/12/2020,17:42,11.74,11.74,11.74,11.74, 207
02/12/2020,17:44,11.76,11.76,11.754,11.754, 400
02/12/2020,18:37,11.76,11.76,11.76,11.76, 100
02/12/2020,19:08,11.74,11.74,11.74,11.74, 768
02/12/2020,19:43,11.76,11.76,11.75,11.75, 200
02/12/2020,19:44,11.75,11.75,11.75,11.75, 1116
02/12/2020,19:58,11.753,11.753,11.753,11.753, 250
02/12/2020,20:00,11.752,11.752,11.752,11.752, 250
02/12/2020,20:06,11.752,11.752,11.752,11.752, 175
02/12/2020,20:14,11.754,11.754,11.754,11.754, 1000
02/12/2020,20:17,11.752,11.752,11.752,11.752, 250
02/12/2020,20:22,11.76,11.76,11.75,11.75, 915
02/12/2020,20:39,11.76,11.78,11.76,11.78, 4800
02/12/2020,21:18,11.759,11.759,11.759,11.759, 500
02/12/2020,21:36,11.774,11.774,11.774,11.774, 851
02/12/2020,21:55,11.765,11.765,11.765,11.765, 100
02/13/2020,15:31,11.73,11.73,11.73,11.73, 1222
02/13/2020,15:32,11.73,11.73,11.73,11.73, 1000
02/13/2020,15:42,11.756,11.756,11.756,11.756, 433
02/13/2020,15:50,11.735,11.735,11.735,11.735, 512
02/13/2020,16:00,11.755,11.755,11.755,11.755, 200
02/13/2020,16:21,11.75,11.75,11.75,11.75, 100
02/13/2020,16:22,11.75,11.75,11.75,11.75, 528
02/13/2020,16:23,11.75,11.75,11.75,11.75, 100
02/13/2020,16:25,11.75,11.75,11.75,11.75, 100
02/13/2020,16:26,11.75,11.75,11.75,11.75, 100
02/13/2020,16:27,11.75,11.75,11.75,11.75, 100
02/13/2020,16:28,11.75,11.75,11.75,11.75, 167
02/13/2020,16:36,11.757,11.757,11.757,11.757, 200
02/13/2020,17:33,11.76,11.76,11.76,11.76, 1240
02/13/2020,17:34,11.76,11.771,11.76,11.771, 1700
02/13/2020,17:35,11.771,11.771,11.771,11.771, 200
02/13/2020,17:49,11.79,11.79,11.771,11.771, 470
02/13/2020,17:53,11.78,11.81,11.77,11.81, 4398
02/13/2020,17:53,11.82,11.85,11.82,11.85, 2980
02/13/2020,17:55,11.77,11.78,11.77,11.77, 600
02/13/2020,17:56,11.77,11.77,11.75,11.75, 800
02/13/2020,18:13,11.786,11.786,11.786,11.786, 1285
02/13/2020,18:17,11.81,11.81,11.754,11.754, 3400
02/13/2020,18:18,11.76,11.8,11.75,11.8, 2978
02/13/2020,18:27,11.78,11.78,11.78,11.78, 100
02/13/2020,18:39,11.767,11.767,11.767,11.767, 1000
02/13/2020,18:41,11.75,11.76,11.75,11.76, 700
02/13/2020,18:43,11.78,11.81,11.78,11.81, 2280
02/13/2020,18:49,11.804,11.804,11.804,11.804, 935
02/13/2020,18:54,11.78,11.78,11.78,11.78, 500
02/13/2020,18:55,11.78,11.78,11.78,11.78, 1100
02/13/2020,18:59,11.783,11.783,11.783,11.783, 500
02/13/2020,19:18,11.77,11.77,11.763,11.763, 200
02/13/2020,19:23,11.78,11.78,11.78,11.78, 200
02/13/2020,19:25,11.76,11.76,11.753,11.753, 400
02/13/2020,19:26,11.753,11.753,11.753,11.753, 100
02/13/2020,19:28,11.75,11.75,11.75,11.75, 900
02/13/2020,19:29,11.766,11.766,11.766,11.766, 100
02/13/2020,19:52,11.764,11.764,11.764,11.764, 100
02/13/2020,20:15,11.75,11.75,11.75,11.75, 800
02/13/2020,20:17,11.75,11.75,11.74,11.74, 1300
02/13/2020,20:19,11.743,11.743,11.743,11.743, 100
02/13/2020,20:31,11.77,11.77,11.77,11.77, 100
02/13/2020,20:33,11.77,11.77,11.77,11.77, 900
02/13/2020,20:34,11.74,11.74,11.74,11.74, 100
02/13/2020,20:47,11.743,11.743,11.743,11.743, 100
02/13/2020,20:55,11.77,11.78,11.77,11.78, 800
02/13/2020,20:56,11.75,11.75,11.75,11.75, 400
02/13/2020,21:11,11.74,11.74,11.74,11.74, 100
02/13/2020,21:14,11.74,11.74,11.74,11.74, 100
02/13/2020,21:15,11.733,11.733,11.733,11.733, 100
02/13/2020,21:16,11.73,11.73,11.73,11.73, 150
02/13/2020,21:19,11.733,11.733,11.733,11.733, 400
02/13/2020,21:20,11.733,11.733,11.733,11.733, 100
02/13/2020,21:23,11.733,11.76,11.733,11.76, 427
02/13/2020,21:25,11.74,11.74,11.74,11.74, 100
02/13/2020,21:26,11.74,11.74,11.73,11.73, 300
02/13/2020,21:27,11.73,11.73,11.73,11.73, 100
02/13/2020,21:29,11.73,11.73,11.73,11.73, 100
02/13/2020,21:31,11.73,11.748,11.73,11.748, 200
02/13/2020,21:32,11.73,11.73,11.73,11.73, 200
02/13/2020,21:33,11.73,11.73,11.73,11.73, 200
02/13/2020,21:34,11.73,11.73,11.73,11.73, 200
02/13/2020,21:35,11.73,11.73,11.73,11.73, 400
02/13/2020,21:36,11.73,11.73,11.73,11.73, 500
02/13/2020,21:37,11.73,11.73,11.73,11.73, 200
02/13/2020,21:39,11.73,11.73,11.73,11.73, 200
02/13/2020,21:40,11.73,11.73,11.73,11.73, 600
02/13/2020,21:41,11.73,11.73,11.73,11.73, 100
02/13/2020,21:42,11.72,11.72,11.72,11.72, 200
02/13/2020,21:43,11.72,11.72,11.72,11.72, 300
02/13/2020,21:44,11.72,11.72,11.72,11.72, 100
02/13/2020,21:45,11.72,11.72,11.72,11.72, 400
02/13/2020,21:46,11.71,11.714,11.71,11.71, 500
02/13/2020,21:48,11.71,11.71,11.71,11.71, 200
02/13/2020,21:49,11.71,11.71,11.7,11.71, 700
02/13/2020,21:50,11.7,11.7,11.7,11.7, 500
02/13/2020,21:51,11.7,11.7,11.7,11.7, 300
02/13/2020,21:52,11.703,11.703,11.703,11.703, 200
02/13/2020,21:53,11.7,11.7,11.7,11.7, 400
02/13/2020,21:54,11.7,11.7,11.7,11.7, 300
02/13/2020,21:55,11.7,11.7,11.69,11.69, 600
02/13/2020,21:56,11.69,11.69,11.69,11.69, 600
02/13/2020,21:57,11.69,11.69,11.68,11.68, 723
02/13/2020,21:58,11.68,11.68,11.68,11.68, 300
02/13/2020,21:59,11.68,11.68,11.68,11.68, 100
02/13/2020,22:00,11.68,11.72,11.66,11.66, 3424
02/13/2020,22:00,11.65,11.65,11.65,11.65, 987
02/14/2020,15:31,11.66,11.66,11.66,11.66, 1697
02/14/2020,15:44,11.678,11.678,11.678,11.678, 375
02/14/2020,15:45,11.63,11.654,11.62,11.63, 2500
02/14/2020,15:52,11.67,11.67,11.67,11.67, 1000
02/14/2020,16:23,11.66,11.66,11.66,11.66, 300
02/14/2020,16:27,11.647,11.647,11.647,11.647, 1000
02/14/2020,16:30,11.62,11.63,11.62,11.63, 2000
02/14/2020,16:31,11.631,11.64,11.631,11.64, 1488
02/14/2020,16:53,11.62,11.62,11.62,11.62, 100
02/14/2020,16:55,11.65,11.65,11.65,11.65, 165
02/14/2020,17:16,11.65,11.65,11.65,11.65, 175
02/14/2020,17:18,11.626,11.626,11.626,11.626, 200
02/14/2020,19:00,11.633,11.633,11.633,11.633, 1680
02/14/2020,19:03,11.63,11.63,11.63,11.63, 100
02/14/2020,19:06,11.63,11.63,11.63,11.63, 1000
02/14/2020,19:14,11.631,11.631,11.631,11.631, 526
02/14/2020,19:18,11.63,11.63,11.63,11.63, 100
02/14/2020,19:25,11.63,11.63,11.63,11.63, 160
02/14/2020,19:25,11.63,11.63,11.63,11.63, 259
02/14/2020,19:30,11.635,11.64,11.635,11.64, 1200
02/14/2020,19:32,11.64,11.64,11.64,11.64, 6300
02/14/2020,19:33,11.663,11.663,11.663,11.663, 100
02/14/2020,19:51,11.65,11.65,11.65,11.65, 1000
02/14/2020,20:05,11.657,11.657,11.657,11.657, 100
02/14/2020,20:57,11.66,11.66,11.655,11.655, 1000
02/14/2020,21:10,11.65,11.653,11.65,11.653, 371
02/14/2020,21:11,11.659,11.659,11.659,11.659, 371
02/14/2020,21:12,11.655,11.655,11.655,11.655, 121
02/14/2020,21:19,11.66,11.66,11.658,11.658, 600
02/14/2020,22:00,11.66,11.66,11.66,11.66, 174
02/18/2020,15:31,11.66,11.66,11.58,11.58, 2306
02/18/2020,16:01,11.62,11.65,11.62,11.644, 2200
02/18/2020,16:15,11.645,11.69,11.645,11.69, 1430
02/18/2020,16:22,11.67,11.749,11.67,11.749, 4950
02/18/2020,17:03,11.704,11.704,11.704,11.704, 400
02/18/2020,17:05,11.72,11.72,11.72,11.72, 100
02/18/2020,17:08,11.69,11.69,11.69,11.69, 100
02/18/2020,17:09,11.69,11.69,11.69,11.69, 100
02/18/2020,17:10,11.69,11.69,11.69,11.69, 100
02/18/2020,18:04,11.69,11.69,11.69,11.69, 200
02/18/2020,18:36,11.693,11.693,11.693,11.693, 1000
02/18/2020,19:23,11.7,11.7,11.695,11.695, 600
02/18/2020,20:03,11.699,11.699,11.699,11.699, 166
02/18/2020,20:43,11.708,11.708,11.708,11.708, 107
02/18/2020,20:44,11.72,11.72,11.712,11.712, 221
02/18/2020,20:50,11.707,11.707,11.707,11.707, 150
02/18/2020,20:53,11.7,11.7,11.7,11.7, 700
02/18/2020,20:58,11.73,11.75,11.73,11.75, 1500
02/18/2020,20:59,11.76,11.76,11.75,11.75, 631
02/18/2020,21:10,11.746,11.746,11.746,11.746, 425
02/18/2020,21:38,11.741,11.741,11.741,11.741, 300
02/18/2020,21:58,11.73,11.73,11.73,11.73, 200
02/18/2020,22:00,11.73,11.73,11.73,11.73, 300
02/18/2020,22:00,11.73,11.73,11.73,11.73, 200
02/19/2020,16:11,11.715,11.715,11.715,11.715, 800
02/19/2020,16:14,11.68,11.68,11.68,11.68, 150
02/19/2020,16:17,11.737,11.737,11.737,11.737, 5000
02/19/2020,16:29,11.74,11.79,11.74,11.79, 9897
02/19/2020,16:35,11.78,11.87,11.78,11.809, 5000
02/19/2020,17:07,11.77,11.77,11.77,11.77, 508
02/19/2020,17:40,11.805,11.834,11.805,11.825, 900
02/19/2020,18:56,11.83,11.85,11.83,11.83, 3347
02/19/2020,19:03,11.85,11.88,11.85,11.88, 5000
02/19/2020,19:29,11.863,11.863,11.863,11.863, 100
02/19/2020,19:47,11.861,11.861,11.861,11.861, 100
02/19/2020,19:48,11.861,11.861,11.861,11.861, 100
02/19/2020,19:52,11.86,11.86,11.84,11.84, 2384
02/19/2020,19:53,11.845,11.845,11.845,11.845, 100
02/19/2020,19:58,11.85,11.88,11.85,11.86, 3997
02/19/2020,19:59,11.85,11.85,11.85,11.85, 200
02/19/2020,20:05,11.85,11.85,11.85,11.85, 200
02/19/2020,20:08,11.85,11.85,11.85,11.85, 400
02/19/2020,20:09,11.85,11.85,11.85,11.85, 300
02/19/2020,20:13,11.84,11.84,11.84,11.84, 900
02/19/2020,20:15,11.84,11.84,11.84,11.84, 1105
02/19/2020,20:16,11.844,11.844,11.844,11.844, 900
02/19/2020,20:26,11.864,11.864,11.864,11.864, 100
02/19/2020,20:30,11.84,11.84,11.84,11.84, 200
02/19/2020,20:30,11.84,11.84,11.84,11.84, 300
02/19/2020,20:32,11.833,11.833,11.833,11.833, 100
02/19/2020,20:33,11.833,11.833,11.833,11.833, 100
02/19/2020,20:34,11.83,11.83,11.83,11.83, 300
02/19/2020,20:35,11.83,11.83,11.82,11.82, 200
02/19/2020,20:35,11.82,11.82,11.82,11.82, 200
02/19/2020,20:37,11.82,11.82,11.81,11.82, 300
02/19/2020,20:38,11.813,11.813,11.813,11.813, 300
02/19/2020,20:39,11.813,11.813,11.813,11.813, 100
02/19/2020,20:40,11.81,11.81,11.78,11.798, 2300
02/19/2020,20:41,11.78,11.79,11.76,11.76, 4025
02/19/2020,20:42,11.76,11.76,11.75,11.75, 1900
02/19/2020,20:43,11.73,11.73,11.72,11.72, 1290
02/19/2020,20:44,11.71,11.71,11.7,11.7, 700
02/19/2020,20:45,11.686,11.686,11.68,11.68, 300
02/19/2020,20:46,11.68,11.68,11.68,11.68, 400
02/19/2020,20:47,11.68,11.68,11.68,11.68, 200
02/19/2020,20:48,11.68,11.68,11.68,11.68, 100
02/19/2020,20:49,11.68,11.68,11.68,11.68, 600
02/19/2020,20:50,11.68,11.68,11.68,11.68, 200
02/19/2020,20:52,11.68,11.68,11.68,11.68, 200
02/19/2020,20:53,11.68,11.68,11.68,11.68, 200
02/19/2020,20:54,11.68,11.68,11.68,11.68, 100
02/19/2020,20:55,11.68,11.68,11.68,11.68, 500
02/19/2020,20:56,11.68,11.68,11.68,11.68, 100
02/19/2020,20:57,11.68,11.68,11.68,11.68, 400
02/19/2020,20:58,11.68,11.68,11.68,11.68, 100
02/19/2020,20:59,11.68,11.68,11.68,11.68, 400
02/19/2020,21:01,11.68,11.68,11.67,11.67, 500
02/19/2020,21:03,11.67,11.67,11.67,11.67, 100
02/19/2020,21:04,11.67,11.67,11.67,11.67, 400
02/19/2020,21:06,11.676,11.676,11.67,11.67, 500
02/19/2020,21:08,11.67,11.67,11.67,11.67, 500
02/19/2020,21:10,11.67,11.67,11.67,11.67, 500
02/19/2020,21:12,11.68,11.68,11.68,11.68, 400
02/19/2020,21:14,11.68,11.68,11.67,11.67, 600
02/19/2020,21:16,11.67,11.67,11.67,11.67, 500
02/19/2020,21:19,11.67,11.67,11.666,11.666, 800
02/19/2020,21:21,11.666,11.666,11.666,11.666, 400
02/19/2020,21:23,11.66,11.66,11.66,11.66, 600
02/19/2020,21:25,11.66,11.66,11.66,11.66, 400
02/19/2020,21:27,11.65,11.664,11.625,11.625, 1697
02/19/2020,21:29,11.626,11.626,11.626,11.626, 500
02/19/2020,21:31,11.62,11.62,11.62,11.62, 500
02/19/2020,21:33,11.62,11.62,11.61,11.61, 300
02/19/2020,21:35,11.641,11.641,11.59,11.62, 1693
02/19/2020,21:37,11.61,11.61,11.61,11.61, 400
02/19/2020,21:39,11.61,11.61,11.61,11.61, 600
02/19/2020,21:41,11.61,11.61,11.61,11.61, 500
02/19/2020,21:43,11.61,11.61,11.61,11.61, 500
02/19/2020,21:46,11.62,11.62,11.61,11.61, 600
02/19/2020,21:48,11.61,11.63,11.61,11.63, 400
02/19/2020,21:50,11.63,11.63,11.61,11.61, 397
02/19/2020,21:52,11.61,11.61,11.61,11.61, 700
02/19/2020,21:53,11.61,11.61,11.61,11.61, 100
02/19/2020,21:55,11.61,11.61,11.61,11.61, 600
02/19/2020,21:56,11.61,11.61,11.61,11.61, 100
02/19/2020,21:57,11.61,11.61,11.61,11.61, 500
02/19/2020,21:59,11.6,11.6,11.6,11.6, 599
02/19/2020,22:00,11.6,11.6,11.6,11.6, 1110
02/19/2020,22:00,11.6,11.6,11.6,11.6, 300
02/20/2020,16:15,11.59,11.59,11.59,11.59, 100
02/20/2020,16:38,11.615,11.615,11.615,11.615, 1900
02/20/2020,17:19,11.6,11.6,11.6,11.6, 200
02/20/2020,17:33,11.6,11.6,11.6,11.6, 380
02/20/2020,17:36,11.62,11.62,11.62,11.62, 2300
02/20/2020,18:05,11.6,11.6,11.6,11.6, 300
02/20/2020,18:40,11.62,11.62,11.62,11.62, 2333
02/20/2020,18:40,11.64,11.66,11.64,11.66, 1700
02/20/2020,18:47,11.64,11.64,11.64,11.64, 2749
02/20/2020,19:03,11.635,11.635,11.635,11.635, 1000
02/20/2020,20:00,11.656,11.656,11.656,11.656, 101
02/20/2020,20:45,11.66,11.66,11.66,11.66, 400
02/20/2020,21:14,11.657,11.657,11.657,11.657, 428
02/20/2020,21:54,11.66,11.68,11.66,11.68, 1500
02/20/2020,22:00,11.67,11.67,11.67,11.67, 200
02/21/2020,15:36,11.731,11.77,11.731,11.77, 1000
02/21/2020,15:45,11.76,11.81,11.75,11.81, 3438
02/21/2020,15:59,11.77,11.77,11.77,11.77, 900
02/21/2020,16:00,11.76,11.76,11.76,11.76, 100
02/21/2020,16:02,11.76,11.76,11.76,11.76, 200
02/21/2020,16:03,11.75,11.76,11.75,11.76, 200
02/21/2020,16:25,11.806,11.806,11.806,11.806, 2900
02/21/2020,16:39,11.785,11.785,11.785,11.785, 100
02/21/2020,17:01,11.79,11.79,11.79,11.79, 100
02/21/2020,17:13,11.795,11.795,11.795,11.795, 100
02/21/2020,17:20,11.76,11.76,11.76,11.76, 250
02/21/2020,17:27,11.78,11.78,11.78,11.78, 1000
02/21/2020,17:40,11.78,11.78,11.78,11.78, 200
02/21/2020,17:50,11.76,11.76,11.76,11.76, 3000
02/21/2020,17:51,11.76,11.764,11.76,11.76, 8100
02/21/2020,17:52,11.75,11.75,11.75,11.75, 3000
02/21/2020,17:55,11.776,11.776,11.776,11.776, 100
02/21/2020,18:18,11.773,11.773,11.773,11.773, 1250
02/21/2020,18:24,11.79,11.79,11.79,11.79, 200
02/21/2020,18:31,11.76,11.76,11.75,11.75, 5025
02/21/2020,18:32,11.74,11.74,11.74,11.74, 900
02/21/2020,18:37,11.74,11.74,11.73,11.73, 300
02/21/2020,18:49,11.701,11.701,11.701,11.701, 400
02/21/2020,18:59,11.7,11.7,11.7,11.7, 500
02/21/2020,19:04,11.69,11.69,11.69,11.69, 1900
02/21/2020,19:07,11.68,11.68,11.68,11.68, 803
02/21/2020,19:19,11.713,11.713,11.713,11.713, 1400
02/21/2020,20:01,11.739,11.75,11.739,11.75, 780
02/21/2020,20:20,11.74,11.74,11.74,11.74, 300
02/21/2020,20:56,11.729,11.729,11.729,11.729, 100
02/21/2020,21:14,11.734,11.734,11.734,11.734, 1675
02/24/2020,15:31,11.46,11.47,11.45,11.46, 8944
02/24/2020,15:31,11.525,11.525,11.525,11.525, 1000
02/24/2020,15:36,11.464,11.48,11.462,11.48, 400
02/24/2020,15:37,11.57,11.6,11.528,11.528, 1500
02/24/2020,15:42,11.53,11.53,11.53,11.53, 100
02/24/2020,15:43,11.49,11.49,11.49,11.49, 428
02/24/2020,15:55,11.523,11.59,11.52,11.59, 700
02/24/2020,16:04,11.551,11.551,11.551,11.551, 275
02/24/2020,16:13,11.53,11.53,11.52,11.53, 552
02/24/2020,16:17,11.529,11.529,11.529,11.529, 900
02/24/2020,16:32,11.544,11.55,11.52,11.52, 900
02/24/2020,16:33,11.556,11.556,11.556,11.556, 1900
02/24/2020,16:36,11.51,11.51,11.51,11.51, 100
02/24/2020,16:37,11.51,11.51,11.51,11.51, 100
02/24/2020,16:39,11.508,11.508,11.508,11.508, 3000
02/24/2020,16:40,11.528,11.528,11.528,11.528, 1000
02/24/2020,16:43,11.56,11.56,11.56,11.56, 460
02/24/2020,16:45,11.53,11.53,11.53,11.53, 2200
02/24/2020,16:46,11.51,11.542,11.5,11.542, 1831
02/24/2020,16:48,11.506,11.506,11.506,11.506, 100
02/24/2020,17:14,11.506,11.506,11.506,11.506, 1530
02/24/2020,17:18,11.505,11.505,11.505,11.505, 750
02/24/2020,17:45,11.5,11.503,11.5,11.503, 500
02/24/2020,17:46,11.504,11.504,11.504,11.504, 1000
02/24/2020,17:52,11.504,11.504,11.504,11.504, 500
02/24/2020,17:55,11.509,11.509,11.509,11.509, 500
02/24/2020,18:02,11.5,11.5,11.49,11.49, 1750
02/24/2020,18:05,11.51,11.51,11.51,11.51, 10000
02/24/2020,18:16,11.48,11.497,11.48,11.48, 3000
02/24/2020,18:17,11.47,11.47,11.45,11.45, 6000
02/24/2020,18:18,11.42,11.42,11.42,11.42, 1400
02/24/2020,18:19,11.41,11.417,11.408,11.408, 4092
02/24/2020,18:21,11.422,11.425,11.422,11.425, 1185
02/24/2020,18:26,11.4,11.413,11.4,11.413, 2239
02/24/2020,18:31,11.419,11.419,11.419,11.419, 1000
02/24/2020,18:36,11.4,11.4,11.4,11.4, 200
02/24/2020,18:37,11.4,11.4,11.4,11.4, 100
02/24/2020,18:56,11.4,11.425,11.4,11.425, 2400
02/24/2020,19:16,11.4,11.4,11.38,11.38, 700
02/24/2020,19:17,11.35,11.36,11.35,11.36, 1300
02/24/2020,19:23,11.361,11.361,11.361,11.361, 300
02/24/2020,19:27,11.35,11.36,11.35,11.36, 400
02/24/2020,19:29,11.35,11.35,11.31,11.31, 8965
02/24/2020,19:31,11.346,11.346,11.346,11.346, 305
02/24/2020,19:42,11.32,11.329,11.32,11.329, 2000
02/24/2020,19:44,11.31,11.331,11.3,11.3, 2976
02/24/2020,19:45,11.3,11.3,11.3,11.3, 100
02/24/2020,19:47,11.325,11.325,11.32,11.32, 1000
02/24/2020,19:48,11.31,11.32,11.31,11.32, 1000
02/24/2020,19:49,11.31,11.31,11.31,11.31, 2000
02/24/2020,19:53,11.313,11.313,11.313,11.313, 100
02/24/2020,19:56,11.3,11.31,11.3,11.31, 334
02/24/2020,20:01,11.304,11.304,11.304,11.304, 100
02/24/2020,20:06,11.29,11.29,11.29,11.29, 1068
02/24/2020,20:32,11.31,11.31,11.31,11.31, 2000
02/24/2020,20:46,11.32,11.32,11.3,11.3, 300
02/24/2020,20:48,11.314,11.314,11.314,11.314, 2000
02/24/2020,20:58,11.305,11.305,11.305,11.305, 300
02/24/2020,21:10,11.33,11.33,11.33,11.33, 1000
02/24/2020,21:16,11.3,11.312,11.3,11.312, 600
02/24/2020,21:21,11.33,11.33,11.3,11.317, 2786
02/24/2020,21:39,11.3,11.3,11.3,11.3, 400
02/24/2020,21:47,11.3,11.3,11.3,11.3, 200
02/24/2020,21:59,11.31,11.31,11.31,11.31, 542
02/24/2020,22:00,11.31,11.31,11.31,11.31, 237
02/24/2020,22:01,11.34,11.34,11.34,11.34, 400
02/25/2020,15:31,11.46,11.46,11.46,11.46, 600
02/25/2020,15:33,11.497,11.497,11.497,11.497, 4000
02/25/2020,15:54,11.448,11.448,11.448,11.448, 400
02/25/2020,16:22,11.46,11.46,11.46,11.46, 130
02/25/2020,16:28,11.42,11.42,11.42,11.42, 100
02/25/2020,16:34,11.39,11.39,11.39,11.39, 700
02/25/2020,16:39,11.4,11.4,11.4,11.4, 400
02/25/2020,16:42,11.39,11.39,11.39,11.39, 200
02/25/2020,16:52,11.39,11.39,11.39,11.39, 200
02/25/2020,17:03,11.393,11.393,11.393,11.393, 900
02/25/2020,17:07,11.39,11.39,11.39,11.39, 400
02/25/2020,17:29,11.35,11.35,11.35,11.35, 330
02/25/2020,17:36,11.38,11.38,11.38,11.38, 300
02/25/2020,17:43,11.38,11.38,11.38,11.38, 650
02/25/2020,17:44,11.35,11.35,11.35,11.35, 1500
02/25/2020,18:01,11.366,11.366,11.366,11.366, 315
02/25/2020,18:13,11.35,11.35,11.35,11.35, 4100
02/25/2020,18:21,11.33,11.33,11.33,11.33, 500
02/25/2020,19:01,11.3,11.3,11.28,11.28, 4100
02/25/2020,19:04,11.28,11.28,11.28,11.28, 300
02/25/2020,19:09,11.278,11.278,11.278,11.278, 200
02/25/2020,19:13,11.28,11.285,11.25,11.25, 5100
02/25/2020,19:25,11.25,11.25,11.25,11.25, 200
02/25/2020,19:28,11.25,11.25,11.25,11.25, 100
02/25/2020,19:56,11.25,11.25,11.238,11.238, 1200
02/25/2020,19:57,11.23,11.237,11.23,11.237, 1600
02/25/2020,20:00,11.22,11.22,11.22,11.22, 1400
02/25/2020,20:18,11.22,11.22,11.22,11.22, 730
02/25/2020,20:19,11.214,11.214,11.214,11.214, 168
02/25/2020,20:40,11.16,11.16,11.16,11.16, 1000
02/25/2020,20:41,11.16,11.16,11.16,11.16, 100
02/25/2020,20:43,11.15,11.15,11.15,11.15, 200
02/25/2020,20:48,11.14,11.15,11.14,11.15, 2500
02/25/2020,20:49,11.1,11.15,11.1,11.15, 2317
02/25/2020,20:50,11.15,11.16,11.15,11.16, 2083
02/25/2020,20:52,11.16,11.16,11.16,11.16, 100
02/25/2020,20:57,11.16,11.16,11.16,11.16, 100
02/25/2020,21:00,11.22,11.22,11.22,11.22, 100
02/25/2020,21:01,11.16,11.16,11.16,11.16, 600
02/25/2020,21:09,11.186,11.186,11.16,11.16, 400
02/25/2020,21:11,11.14,11.14,11.14,11.14, 700
02/25/2020,21:12,11.14,11.14,11.14,11.14, 100
02/25/2020,21:34,11.14,11.14,11.14,11.14, 1000
02/25/2020,21:41,11.115,11.115,11.115,11.115, 500
02/25/2020,21:45,11.11,11.11,11.11,11.11, 500
02/25/2020,21:51,11.11,11.11,11.11,11.11, 600
02/25/2020,21:51,11.11,11.11,11.11,11.11, 100
02/25/2020,21:55,11.125,11.125,11.11,11.11, 500
02/25/2020,21:57,11.12,11.12,11.104,11.104, 1400
02/25/2020,21:59,11.1,11.115,11.1,11.115, 1000
02/25/2020,22:00,11.14,11.14,11.14,11.14, 1400
02/26/2020,15:31,11.05,11.05,11.05,11.05, 1000
02/26/2020,15:38,11.11,11.11,11.11,11.11, 200
02/26/2020,15:48,11.15,11.15,11.14,11.14, 200
02/26/2020,15:57,11.08,11.11,11.08,11.11, 1895
02/26/2020,16:01,11.06,11.1,11.06,11.1, 1100
02/26/2020,16:05,11.06,11.12,11.06,11.12, 1077
02/26/2020,16:08,11.11,11.12,11.11,11.11, 600
02/26/2020,16:13,11.115,11.116,11.115,11.116, 829
02/26/2020,16:16,11.138,11.138,11.138,11.138, 220
02/26/2020,16:20,11.13,11.13,11.13,11.13, 100
02/26/2020,16:38,11.159,11.159,11.12,11.12, 1200
02/26/2020,16:40,11.161,11.161,11.135,11.135, 2000
02/26/2020,16:49,11.19,11.21,11.135,11.21, 2900
02/26/2020,17:02,11.175,11.175,11.175,11.175, 350
02/26/2020,17:07,11.215,11.215,11.215,11.215, 100
02/26/2020,17:09,11.23,11.23,11.23,11.23, 411
02/26/2020,17:17,11.22,11.22,11.22,11.22, 200
02/26/2020,17:19,11.223,11.223,11.223,11.223, 444
02/26/2020,17:26,11.22,11.22,11.22,11.22, 100
02/26/2020,17:33,11.2,11.2,11.2,11.2, 617
02/26/2020,18:04,11.22,11.22,11.22,11.22, 100
02/26/2020,18:15,11.2,11.208,11.17,11.208, 1000
02/26/2020,19:04,11.17,11.171,11.17,11.171, 2600
02/26/2020,19:05,11.16,11.16,11.16,11.16, 700
02/26/2020,19:33,11.14,11.14,11.14,11.14, 1309
02/26/2020,19:33,11.14,11.155,11.14,11.155, 3900
02/26/2020,19:34,11.14,11.155,11.131,11.131, 7109
02/26/2020,19:37,11.13,11.13,11.13,11.13, 600
02/26/2020,20:09,11.12,11.12,11.11,11.11, 1350
02/26/2020,20:10,11.11,11.11,11.1,11.1, 950
02/26/2020,20:24,11.169,11.169,11.169,11.169, 147
02/28/2020,15:31,10.52,10.52,10.452,10.452, 5767
02/28/2020,15:32,10.45,10.45,10.43,10.43, 559
02/28/2020,15:37,10.504,10.504,10.504,10.504, 465
02/28/2020,15:40,10.514,10.514,10.514,10.514, 300
02/28/2020,15:40,10.5,10.5,10.44,10.5, 3200
02/28/2020,15:43,10.512,10.512,10.387,10.387, 712
02/28/2020,15:44,10.379,10.379,10.379,10.379, 200
02/28/2020,15:45,10.32,10.38,10.25,10.25, 871
02/28/2020,15:52,10.469,10.469,10.469,10.469, 465
02/28/2020,15:57,10.33,10.33,10.27,10.27, 1200
02/28/2020,16:00,10.2,10.2,10.2,10.2, 1000
02/28/2020,16:03,10.347,10.347,10.347,10.347, 731
02/28/2020,16:18,10.28,10.28,10.27,10.27, 500
02/28/2020,16:33,10.3,10.3,10.3,10.3, 100
02/28/2020,16:34,10.29,10.3,10.25,10.25, 1100
02/28/2020,16:35,10.428,10.428,10.39,10.399, 3000
02/28/2020,16:36,10.24,10.27,10.24,10.27, 1500
02/28/2020,16:43,10.26,10.267,10.25,10.267, 667
02/28/2020,16:49,10.24,10.24,10.21,10.21, 700
02/28/2020,16:54,10.225,10.225,10.225,10.225, 399
02/28/2020,16:57,10.24,10.25,10.24,10.25, 3000
02/28/2020,17:01,10.2,10.2,10.2,10.2, 200
02/28/2020,17:06,10.231,10.231,10.2,10.2, 600
02/28/2020,17:08,10.2,10.2,10.2,10.2, 100
02/28/2020,17:16,10.2,10.2,10.165,10.165, 300
02/28/2020,17:18,10.165,10.2,10.165,10.2, 2200
02/28/2020,17:28,10.165,10.165,10.165,10.165, 314
02/28/2020,17:33,10.2,10.2,10.2,10.2, 1100
02/28/2020,17:34,10.2,10.2,10.191,10.191, 4400
02/28/2020,17:36,10.198,10.198,10.198,10.198, 1000
02/28/2020,17:38,10.181,10.181,10.171,10.171, 1289
02/28/2020,17:40,10.191,10.199,10.191,10.199, 4300
02/28/2020,17:40,10.165,10.2,10.165,10.2, 2300
02/28/2020,17:44,10.192,10.2,10.159,10.2, 5400
02/28/2020,17:45,10.2,10.2,10.2,10.2, 2100
02/28/2020,17:46,10.196,10.23,10.196,10.23, 2500
02/28/2020,17:47,10.23,10.23,10.18,10.18, 1949
02/28/2020,17:48,10.201,10.201,10.201,10.201, 787
02/28/2020,17:56,10.2,10.2,10.15,10.15, 9000
02/28/2020,17:57,10.14,10.14,10.117,10.12, 1580
02/28/2020,17:59,10.11,10.11,10.11,10.11, 600
02/28/2020,18:09,10.12,10.12,10.11,10.11, 200
02/28/2020,18:12,10.11,10.11,10.1,10.1, 1700
02/28/2020,18:13,10.105,10.105,10.1,10.1, 700
02/28/2020,18:15,10.1,10.1,10.1,10.1, 225
02/28/2020,18:16,10.09,10.09,10.09,10.09, 275
02/28/2020,18:17,10.1,10.1,10.1,10.1, 100
02/28/2020,18:21,10.12,10.12,10.12,10.12, 858
02/28/2020,18:23,10.12,10.12,10.07,10.07, 4924
02/28/2020,18:26,10.05,10.07,10.05,10.07, 2468
02/28/2020,18:32,10.065,10.076,10.04,10.04, 3910
02/28/2020,18:33,10.067,10.08,10.067,10.08, 584
02/28/2020,18:35,10.065,10.065,10.065,10.065, 1900
02/28/2020,18:37,10.08,10.08,10.08,10.08, 1500
02/28/2020,18:39,10.08,10.08,10.08,10.08, 700
02/28/2020,18:41,10.08,10.08,10.07,10.08, 5400
02/28/2020,18:42,10.068,10.068,10.068,10.068, 1500
02/28/2020,18:48,10.08,10.08,10.08,10.08, 759
02/28/2020,18:51,10.071,10.071,10.04,10.04, 1525
02/28/2020,18:52,10.03,10.035,10.03,10.03, 1431
02/28/2020,18:55,10.03,10.04,10.01,10.04, 2359
02/28/2020,18:57,10.07,10.07,10.069,10.07, 12384
02/28/2020,18:59,10.06,10.06,10.06,10.06, 700
02/28/2020,19:03,10.07,10.07,10.07,10.07, 1500
02/28/2020,19:03,10.07,10.07,10.06,10.06, 600
02/28/2020,19:08,10.07,10.07,10.07,10.07, 300
02/28/2020,19:10,10.06,10.06,10.04,10.06, 1100
02/28/2020,19:13,10.056,10.056,10.04,10.05, 2100
02/28/2020,19:14,10.05,10.05,10.05,10.05, 500
02/28/2020,19:16,10.041,10.041,10.041,10.041, 200
02/28/2020,19:19,10.03,10.03,10.02,10.02, 600
02/28/2020,19:20,10.035,10.035,10.035,10.035, 100
02/28/2020,19:22,10.048,10.05,10.048,10.05, 1000
02/28/2020,19:23,10.047,10.05,10.047,10.05, 800
02/28/2020,19:26,10.045,10.05,10.045,10.05, 2000
02/28/2020,19:28,10.043,10.049,10.043,10.049, 3500
02/28/2020,19:29,10.05,10.05,10.05,10.05, 600
02/28/2020,19:31,10.04,10.04,10.04,10.04, 2000
02/28/2020,19:34,10.03,10.03,10,10, 1500
02/28/2020,19:35,10,10,9.9,9.955, 6323
02/28/2020,19:36,9.93,9.93,9.85,9.93, 2700
02/28/2020,19:37,9.93,9.93,9.92,9.92, 300
02/28/2020,19:38,9.917,9.917,9.917,9.917, 2000
02/28/2020,19:40,9.9,9.91,9.9,9.9, 746
02/28/2020,19:41,9.889,9.91,9.889,9.91, 1224
02/28/2020,19:42,9.9,9.9,9.9,9.9, 200
02/28/2020,19:43,9.84,9.9,9.79,9.79, 6043
02/28/2020,19:44,9.9,9.9,9.78,9.79, 1712
02/28/2020,19:45,9.833,9.91,9.833,9.91, 1400
02/28/2020,19:46,9.91,9.91,9.871,9.9, 1160
02/28/2020,19:47,9.89,9.9,9.852,9.9, 1223
02/28/2020,19:48,9.9,9.9,9.862,9.862, 2100
02/28/2020,19:50,9.88,9.88,9.88,9.88, 100
02/28/2020,19:52,9.87,9.87,9.87,9.87, 200
02/28/2020,19:54,9.88,9.88,9.88,9.88, 500
02/28/2020,19:56,9.845,9.88,9.81,9.81, 2232
02/28/2020,19:57,9.88,9.88,9.845,9.849, 7114
02/28/2020,19:58,9.88,9.96,9.88,9.96, 1585
02/28/2020,20:00,10.02,10.02,9.997,9.997, 1000
02/28/2020,20:01,9.92,10.027,9.92,10.027, 1550
02/28/2020,20:02,10.001,10.001,10.001,10.001, 600
02/28/2020,20:04,9.9,9.9,9.9,9.9, 125
02/28/2020,20:06,10.018,10.018,10.018,10.018, 1990
02/28/2020,20:16,9.98,9.98,9.98,9.98, 100
02/28/2020,20:18,10.05,10.05,9.94,9.94, 2600
02/28/2020,20:19,9.947,9.957,9.94,9.957, 4500
02/28/2020,20:21,9.96,9.96,9.96,9.96, 700
02/28/2020,20:24,9.96,9.96,9.96,9.96, 1200
02/28/2020,20:28,9.96,9.96,9.96,9.96, 600
02/28/2020,20:46,10.11,10.15,10.11,10.15, 3800
02/28/2020,20:47,10.16,10.17,10.16,10.17, 400
02/28/2020,20:48,10.17,10.17,10.17,10.17, 100
02/28/2020,20:49,10.19,10.2,10.153,10.153, 413
02/28/2020,20:50,10.2,10.2,10.2,10.2, 400
02/28/2020,20:51,10.2,10.2,10.2,10.2, 200
02/28/2020,20:52,10.2,10.2,10.129,10.129, 300
02/28/2020,20:53,9.94,10.19,9.93,10.19, 1700
02/28/2020,20:54,10.2,10.2,10.2,10.2, 200
02/28/2020,20:55,10.2,10.2,10.2,10.2, 200
02/28/2020,20:56,10.2,10.2,10.2,10.2, 200
02/28/2020,20:57,10.2,10.2,10.2,10.2, 100
02/28/2020,20:58,10.2,10.2,10.2,10.2, 100
02/28/2020,20:59,10.2,10.2,10.2,10.2, 200
02/28/2020,21:00,10.22,10.22,10.22,10.22, 200
02/28/2020,21:01,10.22,10.22,10.191,10.191, 222
02/28/2020,21:02,10.22,10.24,10.11,10.11, 3023
02/28/2020,21:10,10.2,10.2,10.176,10.176, 2700
02/28/2020,21:12,10.01,10.01,10.01,10.01, 329
02/28/2020,21:14,10.175,10.175,10.01,10.01, 1600
02/28/2020,21:14,9.98,9.98,9.98,9.98, 100
02/28/2020,21:26,10.04,10.04,10.04,10.04, 200
02/28/2020,21:28,10.01,10.02,10,10, 1347
02/28/2020,21:38,10.11,10.11,10.02,10.02, 921
02/28/2020,21:49,10.025,10.025,10.025,10.025, 1262
02/28/2020,21:54,10.086,10.17,10.086,10.17, 1110
02/28/2020,21:55,10.085,10.16,10.085,10.144, 700
02/28/2020,21:57,10.19,10.2,10.19,10.2, 1000
02/28/2020,22:01,10.2,10.2,10.19,10.2, 1300

