04/01/2020,09:01,3.26,3.26,3.26,3.26, 7030
04/01/2020,09:02,3.25,3.25,3.24,3.25, 4217
04/01/2020,09:02,3.254,3.262,3.254,3.26, 2152
04/01/2020,09:04,3.262,3.262,3.216,3.216, 13039
04/01/2020,09:07,3.246,3.246,3.246,3.246, 1661
04/01/2020,09:07,3.264,3.266,3.26,3.26, 2480
04/01/2020,09:09,3.256,3.266,3.256,3.258, 1919
04/01/2020,09:12,3.248,3.248,3.248,3.248, 850
04/01/2020,09:15,3.26,3.26,3.26,3.26, 424
04/01/2020,09:16,3.266,3.266,3.266,3.266, 341
04/01/2020,09:17,3.26,3.272,3.256,3.262, 3780
04/01/2020,09:20,3.258,3.258,3.258,3.258, 1062
04/01/2020,09:20,3.266,3.266,3.266,3.266, 1037
04/01/2020,09:22,3.272,3.276,3.272,3.276, 3000
04/01/2020,09:24,3.274,3.284,3.274,3.28, 5538
04/01/2020,09:25,3.284,3.284,3.264,3.264, 1409
04/01/2020,09:27,3.276,3.3,3.276,3.284, 9319
04/01/2020,09:28,3.304,3.304,3.304,3.304, 400
04/01/2020,09:35,3.286,3.286,3.284,3.284, 2892
04/01/2020,09:37,3.282,3.298,3.282,3.298, 1092
04/01/2020,09:38,3.3,3.318,3.3,3.318, 6856
04/01/2020,09:39,3.324,3.324,3.324,3.324, 255
04/01/2020,09:41,3.324,3.33,3.324,3.33, 2044
04/01/2020,09:41,3.338,3.338,3.338,3.338, 263
04/01/2020,09:42,3.338,3.35,3.328,3.328, 3813
04/01/2020,09:43,3.324,3.324,3.32,3.32, 1343
04/01/2020,09:45,3.316,3.316,3.316,3.316, 517
04/01/2020,09:48,3.312,3.312,3.312,3.312, 498
04/01/2020,09:49,3.318,3.32,3.318,3.32, 1704
04/01/2020,09:49,3.328,3.33,3.328,3.33, 918
04/01/2020,09:50,3.326,3.326,3.326,3.326, 532
04/01/2020,09:52,3.34,3.342,3.34,3.342, 751
04/01/2020,09:54,3.346,3.346,3.336,3.336, 786
04/01/2020,09:54,3.328,3.328,3.328,3.328, 268
04/01/2020,09:56,3.338,3.338,3.338,3.338, 1000
04/01/2020,09:57,3.34,3.34,3.34,3.34, 660
04/01/2020,09:58,3.336,3.336,3.336,3.336, 1000
04/01/2020,10:00,3.344,3.352,3.344,3.352, 956
04/01/2020,10:01,3.346,3.346,3.328,3.328, 3812
04/01/2020,10:03,3.332,3.332,3.328,3.328, 2203
04/01/2020,10:06,3.322,3.322,3.308,3.308, 4071
04/01/2020,10:10,3.324,3.334,3.324,3.334, 2107
04/01/2020,10:10,3.332,3.332,3.33,3.33, 635
04/01/2020,10:12,3.332,3.332,3.332,3.332, 312
04/01/2020,10:13,3.328,3.328,3.328,3.328, 505
04/01/2020,10:16,3.328,3.328,3.322,3.322, 1712
04/01/2020,10:18,3.314,3.314,3.314,3.314, 510
04/01/2020,10:19,3.318,3.32,3.318,3.32, 646
04/01/2020,10:21,3.312,3.312,3.31,3.31, 765
04/01/2020,10:32,3.292,3.292,3.29,3.29, 730
04/01/2020,10:35,3.29,3.29,3.29,3.29, 528
04/01/2020,10:40,3.298,3.312,3.298,3.3, 6382
04/01/2020,10:48,3.302,3.312,3.302,3.312, 2870
04/01/2020,10:52,3.312,3.312,3.312,3.312, 495
04/01/2020,10:53,3.308,3.308,3.302,3.302, 1807
04/01/2020,10:55,3.312,3.32,3.312,3.32, 545
04/01/2020,10:55,3.31,3.31,3.31,3.31, 503
04/01/2020,10:58,3.318,3.322,3.316,3.316, 1644
04/01/2020,11:01,3.32,3.32,3.32,3.32, 540
04/01/2020,11:06,3.32,3.324,3.32,3.324, 730
04/01/2020,11:07,3.328,3.332,3.328,3.332, 496
04/01/2020,11:08,3.332,3.336,3.332,3.336, 905
04/01/2020,11:08,3.338,3.34,3.338,3.34, 258
04/01/2020,11:10,3.34,3.348,3.34,3.348, 2720
04/01/2020,11:11,3.35,3.35,3.35,3.35, 320
04/01/2020,11:12,3.35,3.352,3.348,3.348, 1262
04/01/2020,11:14,3.342,3.342,3.342,3.342, 1017
04/01/2020,11:15,3.334,3.334,3.334,3.334, 788
04/01/2020,11:15,3.326,3.326,3.324,3.324, 572
04/01/2020,11:17,3.328,3.328,3.328,3.328, 100
04/01/2020,11:19,3.314,3.324,3.306,3.324, 7000
04/01/2020,11:19,3.316,3.316,3.316,3.316, 2750
04/01/2020,11:20,3.322,3.322,3.32,3.32, 2289
04/01/2020,11:22,3.326,3.336,3.326,3.334, 2991
04/01/2020,11:25,3.332,3.332,3.332,3.332, 500
04/01/2020,11:25,3.328,3.328,3.32,3.324, 5241
04/01/2020,11:29,3.33,3.33,3.33,3.33, 796
04/01/2020,11:33,3.326,3.326,3.326,3.326, 778
04/01/2020,11:35,3.334,3.336,3.334,3.336, 1459
04/01/2020,11:37,3.332,3.332,3.332,3.332, 771
04/01/2020,11:38,3.33,3.33,3.33,3.33, 248
04/01/2020,11:45,3.332,3.332,3.332,3.332, 992
04/01/2020,11:50,3.34,3.342,3.34,3.342, 1878
04/01/2020,11:52,3.346,3.35,3.346,3.35, 1083
04/01/2020,12:01,3.368,3.368,3.368,3.368, 248
04/01/2020,12:02,3.366,3.378,3.366,3.378, 5044
04/01/2020,12:03,3.378,3.378,3.368,3.368, 1672
04/01/2020,12:05,3.378,3.378,3.378,3.378, 158
04/01/2020,12:06,3.38,3.38,3.38,3.38, 316
04/01/2020,12:08,3.376,3.376,3.374,3.374, 1401
04/01/2020,12:09,3.372,3.372,3.37,3.37, 758
04/01/2020,12:12,3.366,3.366,3.364,3.364, 578
04/01/2020,12:14,3.36,3.36,3.36,3.36, 214
04/01/2020,12:14,3.36,3.36,3.36,3.36, 2166
04/01/2020,12:17,3.37,3.378,3.37,3.378, 1143
04/01/2020,12:21,3.38,3.382,3.376,3.376, 1953
04/01/2020,12:25,3.374,3.374,3.36,3.36, 4509
04/01/2020,12:29,3.366,3.368,3.366,3.368, 1063
04/01/2020,12:32,3.374,3.374,3.374,3.374, 335
04/01/2020,12:32,3.38,3.38,3.38,3.38, 266
04/01/2020,12:37,3.378,3.378,3.376,3.376, 776
04/01/2020,12:39,3.378,3.378,3.378,3.378, 499
04/01/2020,12:42,3.376,3.39,3.376,3.388, 2761
04/01/2020,12:43,3.388,3.388,3.388,3.388, 652
04/01/2020,12:46,3.384,3.386,3.384,3.386, 1005
04/01/2020,12:47,3.396,3.4,3.396,3.4, 1647
04/01/2020,12:52,3.396,3.402,3.392,3.402, 2926
04/01/2020,12:56,3.394,3.394,3.39,3.39, 2032
04/01/2020,13:00,3.386,3.398,3.386,3.398, 1483
04/01/2020,13:03,3.386,3.386,3.386,3.386, 20
04/01/2020,13:04,3.4,3.408,3.4,3.406, 5234
04/01/2020,13:04,3.414,3.414,3.414,3.414, 207
04/01/2020,13:06,3.408,3.408,3.406,3.408, 1599
04/01/2020,13:10,3.402,3.402,3.392,3.392, 3276
04/01/2020,13:10,3.39,3.39,3.39,3.39, 837
04/01/2020,13:14,3.39,3.39,3.388,3.388, 3472
04/01/2020,13:16,3.392,3.392,3.392,3.392, 547
04/01/2020,13:19,3.4,3.408,3.4,3.404, 3578
04/01/2020,13:27,3.4,3.41,3.4,3.4, 4379
04/01/2020,13:28,3.41,3.412,3.41,3.412, 830
04/01/2020,13:30,3.406,3.408,3.4,3.4, 12529
04/01/2020,13:31,3.4,3.4,3.4,3.4, 825
04/01/2020,13:32,3.406,3.406,3.406,3.406, 500
04/01/2020,13:33,3.41,3.418,3.406,3.418, 2826
04/01/2020,13:34,3.412,3.412,3.412,3.412, 1611
04/01/2020,13:37,3.412,3.412,3.404,3.404, 2520
04/01/2020,13:38,3.414,3.422,3.414,3.414, 5481
04/01/2020,13:48,3.416,3.416,3.404,3.404, 2021
04/01/2020,13:51,3.404,3.404,3.404,3.404, 793
04/01/2020,14:01,3.408,3.408,3.408,3.408, 4
04/01/2020,14:03,3.398,3.398,3.392,3.392, 1534
04/01/2020,14:09,3.384,3.384,3.384,3.384, 747
04/01/2020,14:10,3.39,3.398,3.39,3.398, 8770
04/01/2020,14:11,3.4,3.41,3.4,3.41, 4301
04/01/2020,14:12,3.408,3.408,3.39,3.39, 3668
04/01/2020,14:13,3.392,3.392,3.392,3.392, 150
04/01/2020,14:15,3.386,3.386,3.386,3.386, 891
04/01/2020,14:16,3.38,3.398,3.38,3.398, 1907
04/01/2020,14:16,3.396,3.396,3.396,3.396, 500
04/01/2020,14:18,3.386,3.386,3.386,3.386, 394
04/01/2020,14:19,3.396,3.396,3.392,3.392, 664
04/01/2020,14:20,3.398,3.406,3.398,3.406, 1829
04/01/2020,14:21,3.404,3.404,3.4,3.4, 1124
04/01/2020,14:22,3.396,3.396,3.394,3.394, 1184
04/01/2020,14:23,3.392,3.392,3.386,3.386, 1184
04/01/2020,14:24,3.388,3.388,3.388,3.388, 463
04/01/2020,14:25,3.386,3.386,3.384,3.384, 287
04/01/2020,14:26,3.384,3.384,3.384,3.384, 346
04/01/2020,14:27,3.388,3.388,3.388,3.388, 91
04/01/2020,14:28,3.384,3.384,3.384,3.384, 39
04/01/2020,14:28,3.38,3.38,3.372,3.372, 4000
04/01/2020,14:30,3.38,3.38,3.38,3.38, 343
04/01/2020,14:31,3.388,3.388,3.382,3.382, 722
04/01/2020,14:32,3.372,3.372,3.37,3.37, 546
04/01/2020,14:34,3.37,3.37,3.366,3.366, 1887
04/01/2020,14:35,3.362,3.362,3.362,3.362, 302
04/01/2020,14:36,3.354,3.354,3.344,3.352, 1653
04/01/2020,14:42,3.34,3.348,3.34,3.34, 1998
04/01/2020,14:43,3.34,3.35,3.34,3.35, 1101
04/01/2020,14:48,3.354,3.358,3.354,3.354, 3397
04/01/2020,14:49,3.342,3.342,3.34,3.34, 1042
04/01/2020,14:50,3.34,3.34,3.34,3.34, 182
04/01/2020,14:51,3.34,3.34,3.34,3.34, 172
04/01/2020,14:52,3.34,3.34,3.34,3.34, 1703
04/01/2020,14:53,3.34,3.356,3.34,3.356, 4977
04/01/2020,15:01,3.356,3.368,3.356,3.368, 3021
04/01/2020,15:03,3.362,3.362,3.362,3.362, 796
04/01/2020,15:04,3.356,3.356,3.356,3.356, 455
04/01/2020,15:05,3.364,3.364,3.358,3.358, 185
04/01/2020,15:09,3.37,3.376,3.37,3.37, 3240
04/01/2020,15:10,3.364,3.364,3.364,3.364, 1931
04/01/2020,15:11,3.364,3.364,3.364,3.364, 136
04/01/2020,15:11,3.36,3.36,3.356,3.356, 1559
04/01/2020,15:12,3.356,3.356,3.354,3.354, 2886
04/01/2020,15:13,3.344,3.344,3.34,3.34, 3110
04/01/2020,15:18,3.344,3.344,3.344,3.344, 874
04/01/2020,15:33,3.332,3.342,3.33,3.342, 4775
04/01/2020,15:33,3.338,3.338,3.338,3.338, 500
04/01/2020,15:35,3.33,3.33,3.33,3.33, 8
04/01/2020,15:37,3.346,3.346,3.346,3.346, 156
04/01/2020,15:38,3.346,3.346,3.342,3.342, 697
04/01/2020,15:39,3.348,3.348,3.348,3.348, 39
04/01/2020,15:40,3.342,3.342,3.342,3.342, 993
04/01/2020,15:45,3.348,3.354,3.348,3.354, 2890
04/01/2020,15:47,3.352,3.352,3.352,3.352, 493
04/01/2020,15:53,3.35,3.35,3.348,3.348, 4338
04/01/2020,15:55,3.348,3.356,3.348,3.356, 3157
04/01/2020,15:55,3.352,3.352,3.352,3.352, 256
04/01/2020,16:00,3.342,3.342,3.342,3.342, 268
04/01/2020,16:01,3.346,3.354,3.346,3.354, 2658
04/01/2020,16:03,3.346,3.346,3.346,3.346, 2255
04/01/2020,16:04,3.344,3.344,3.344,3.344, 42
04/01/2020,16:06,3.342,3.342,3.334,3.334, 1441
04/01/2020,16:10,3.346,3.354,3.346,3.354, 2244
04/01/2020,16:11,3.348,3.348,3.348,3.348, 538
04/01/2020,16:16,3.352,3.354,3.352,3.354, 1660
04/01/2020,16:17,3.358,3.368,3.358,3.362, 2062
04/01/2020,16:17,3.364,3.364,3.364,3.364, 526
04/01/2020,16:19,3.368,3.368,3.368,3.368, 406
04/01/2020,16:20,3.364,3.364,3.364,3.364, 519
04/01/2020,16:22,3.368,3.368,3.368,3.368, 423
04/01/2020,16:22,3.366,3.366,3.366,3.366, 525
04/01/2020,16:24,3.362,3.372,3.362,3.364, 15328
04/01/2020,16:25,3.362,3.362,3.36,3.36, 1646
04/01/2020,16:26,3.364,3.37,3.364,3.37, 2746
04/01/2020,16:26,3.368,3.37,3.368,3.37, 1618
04/01/2020,16:28,3.364,3.364,3.36,3.36, 4000
04/01/2020,16:32,3.366,3.368,3.366,3.368, 1110
04/01/2020,16:34,3.37,3.37,3.37,3.37, 1301
04/01/2020,16:35,3.37,3.37,3.37,3.37, 3154
04/01/2020,16:36,3.374,3.376,3.374,3.376, 2006
04/01/2020,16:37,3.376,3.378,3.376,3.378, 783
04/01/2020,16:38,3.376,3.376,3.376,3.376, 540
04/01/2020,16:42,3.378,3.38,3.378,3.378, 3427
04/01/2020,16:42,3.378,3.378,3.378,3.378, 400
04/01/2020,16:43,3.382,3.384,3.382,3.384, 1423
04/01/2020,16:45,3.388,3.388,3.378,3.378, 7070
04/01/2020,16:50,3.378,3.378,3.378,3.378, 5769
04/01/2020,16:50,3.378,3.384,3.378,3.384, 2127
04/01/2020,16:52,3.39,3.394,3.39,3.394, 2767
04/01/2020,16:56,3.388,3.388,3.382,3.382, 992
04/01/2020,17:01,3.384,3.386,3.384,3.386, 7296
04/01/2020,17:02,3.384,3.386,3.384,3.386, 140
04/01/2020,17:03,3.382,3.382,3.382,3.382, 234
04/01/2020,17:04,3.388,3.388,3.388,3.388, 1500
04/01/2020,17:05,3.388,3.388,3.388,3.388, 782
04/01/2020,17:06,3.388,3.388,3.388,3.388, 20
04/01/2020,17:08,3.388,3.388,3.388,3.388, 3
04/01/2020,17:09,3.388,3.388,3.388,3.388, 1
04/01/2020,17:10,3.388,3.39,3.388,3.39, 1200
04/01/2020,17:19,3.386,3.398,3.386,3.398, 2694
04/01/2020,17:20,3.398,3.4,3.39,3.39, 2384
04/01/2020,17:21,3.382,3.384,3.382,3.384, 848
04/01/2020,17:21,3.39,3.394,3.39,3.39, 1698
04/01/2020,17:24,3.388,3.388,3.388,3.388, 1761
04/01/2020,17:25,3.386,3.386,3.38,3.38, 1830
04/01/2020,17:26,3.37,3.37,3.37,3.37, 160
04/01/2020,17:28,3.37,3.372,3.37,3.372, 134
04/01/2020,17:28,3.378,3.378,3.378,3.378, 95
04/01/2020,17:30,3.364,3.364,3.362,3.362, 105
04/01/2020,17:32,3.362,3.362,3.362,3.362, 39
04/01/2020,17:36,3.342,3.342,3.342,3.342, 54837
04/02/2020,09:01,3.298,3.298,3.298,3.298, 161
04/02/2020,09:06,3.29,3.372,3.29,3.332, 11988
04/02/2020,09:08,3.322,3.322,3.314,3.314, 2100
04/02/2020,09:13,3.33,3.33,3.33,3.33, 415
04/02/2020,09:22,3.348,3.368,3.348,3.368, 2888
04/02/2020,09:32,3.4,3.4,3.378,3.378, 3565
04/02/2020,10:02,3.364,3.366,3.364,3.366, 767
04/02/2020,10:03,3.366,3.368,3.366,3.368, 237
04/02/2020,10:10,3.376,3.376,3.376,3.376, 288
04/02/2020,10:11,3.364,3.364,3.364,3.364, 500
04/02/2020,10:26,3.338,3.338,3.338,3.338, 647
04/02/2020,10:34,3.344,3.35,3.344,3.35, 139
04/02/2020,10:37,3.34,3.34,3.34,3.34, 1100
04/02/2020,10:44,3.34,3.34,3.32,3.32, 2000
04/02/2020,10:54,3.328,3.328,3.328,3.328, 360
04/02/2020,11:02,3.34,3.35,3.32,3.32, 1042
04/02/2020,11:06,3.326,3.326,3.32,3.32, 2500
04/02/2020,11:12,3.322,3.322,3.322,3.322, 90
04/02/2020,11:19,3.31,3.31,3.31,3.31, 90
04/02/2020,11:57,3.302,3.302,3.3,3.3, 930
04/02/2020,12:02,3.29,3.29,3.29,3.29, 460
04/02/2020,12:22,3.298,3.312,3.298,3.312, 793
04/02/2020,12:26,3.312,3.312,3.312,3.312, 37
04/02/2020,12:32,3.312,3.314,3.312,3.314, 890
04/02/2020,12:38,3.322,3.322,3.322,3.322, 300
04/02/2020,12:49,3.308,3.308,3.308,3.308, 100
04/02/2020,12:54,3.304,3.304,3.304,3.304, 40
04/02/2020,12:56,3.312,3.312,3.312,3.312, 375
04/02/2020,12:57,3.312,3.312,3.312,3.312, 113
04/02/2020,13:00,3.314,3.316,3.314,3.316, 817
04/02/2020,13:03,3.31,3.31,3.31,3.31, 4
04/02/2020,13:32,3.32,3.32,3.32,3.32, 300
04/02/2020,13:33,3.3,3.3,3.284,3.296, 19176
04/02/2020,13:46,3.27,3.27,3.254,3.268, 2315
04/02/2020,13:48,3.27,3.28,3.27,3.28, 5553
04/02/2020,13:49,3.274,3.274,3.272,3.272, 1000
04/02/2020,13:50,3.27,3.27,3.27,3.27, 730
04/02/2020,13:54,3.268,3.268,3.254,3.254, 1550
04/02/2020,13:55,3.268,3.274,3.268,3.268, 7918
04/02/2020,13:56,3.268,3.274,3.268,3.268, 1813
04/02/2020,13:59,3.278,3.28,3.278,3.28, 2142
04/02/2020,14:00,3.278,3.278,3.278,3.278, 84
04/02/2020,14:09,3.268,3.276,3.268,3.27, 3733
04/02/2020,14:09,3.268,3.268,3.268,3.268, 1815
04/02/2020,14:29,3.268,3.27,3.268,3.27, 3500
04/02/2020,14:29,3.268,3.268,3.256,3.256, 2438
04/02/2020,14:32,3.26,3.26,3.26,3.26, 75
04/02/2020,14:36,3.25,3.25,3.242,3.242, 724
04/02/2020,14:37,3.24,3.24,3.24,3.24, 1800
04/02/2020,14:38,3.24,3.24,3.24,3.24, 900
04/02/2020,14:43,3.228,3.228,3.216,3.216, 967
04/02/2020,14:46,3.208,3.208,3.208,3.208, 500
04/02/2020,14:47,3.222,3.222,3.21,3.21, 1009
04/02/2020,14:52,3.22,3.22,3.22,3.22, 300
04/02/2020,14:54,3.208,3.208,3.184,3.184, 8757
04/02/2020,14:56,3.178,3.178,3.178,3.178, 800
04/02/2020,14:59,3.186,3.186,3.17,3.17, 1843
04/02/2020,15:00,3.18,3.18,3.18,3.18, 800
04/02/2020,15:00,3.18,3.18,3.178,3.178, 680
04/02/2020,15:02,3.18,3.18,3.18,3.18, 1113
04/02/2020,15:02,3.188,3.188,3.188,3.188, 114
04/02/2020,15:05,3.194,3.194,3.194,3.194, 1000
04/02/2020,15:09,3.17,3.17,3.17,3.17, 300
04/02/2020,15:11,3.16,3.16,3.15,3.15, 1010
04/02/2020,15:11,3.15,3.154,3.15,3.154, 2239
04/02/2020,15:15,3.126,3.126,3.124,3.124, 1297
04/02/2020,15:16,3.122,3.128,3.122,3.128, 1752
04/02/2020,15:18,3.134,3.136,3.13,3.13, 6279
04/02/2020,15:19,3.13,3.144,3.13,3.132, 3189
04/02/2020,15:20,3.144,3.144,3.102,3.114, 9747
04/02/2020,15:21,3.128,3.148,3.128,3.148, 1173
04/02/2020,15:21,3.15,3.152,3.14,3.14, 6753
04/02/2020,15:24,3.146,3.15,3.138,3.138, 3092
04/02/2020,15:31,3.15,3.158,3.114,3.12, 19005
04/02/2020,15:32,3.136,3.136,3.136,3.136, 1369
04/02/2020,15:33,3.146,3.146,3.146,3.146, 319
04/02/2020,15:35,3.148,3.15,3.148,3.15, 1665
04/02/2020,15:36,3.158,3.162,3.158,3.162, 2145
04/02/2020,15:36,3.158,3.158,3.158,3.158, 265
04/02/2020,15:42,3.144,3.144,3.144,3.144, 690
04/02/2020,15:45,3.14,3.14,3.118,3.118, 5903
04/02/2020,15:46,3.12,3.12,3.116,3.116, 1051
04/02/2020,15:46,3.124,3.124,3.124,3.124, 420
04/02/2020,15:48,3.122,3.126,3.118,3.118, 3929
04/02/2020,15:48,3.128,3.13,3.128,3.13, 336
04/02/2020,15:50,3.136,3.142,3.136,3.142, 2000
04/02/2020,15:52,3.138,3.138,3.136,3.136, 1947
04/02/2020,15:54,3.13,3.13,3.13,3.13, 500
04/02/2020,15:58,3.138,3.146,3.138,3.146, 844
04/02/2020,16:00,3.148,3.15,3.146,3.146, 2250
04/02/2020,16:00,3.142,3.142,3.142,3.142, 359
04/02/2020,16:01,3.148,3.148,3.148,3.148, 178
04/02/2020,16:02,3.156,3.156,3.156,3.156, 153
04/02/2020,16:03,3.152,3.152,3.152,3.152, 160
04/02/2020,16:09,3.156,3.156,3.156,3.156, 37
04/02/2020,16:12,3.158,3.158,3.158,3.158, 112
04/02/2020,16:15,3.136,3.136,3.136,3.136, 1536
04/02/2020,16:20,3.148,3.148,3.148,3.148, 40
04/02/2020,16:20,3.15,3.15,3.15,3.15, 500
04/02/2020,16:21,3.156,3.156,3.144,3.144, 585
04/02/2020,16:23,3.15,3.154,3.15,3.154, 693
04/02/2020,16:29,3.128,3.134,3.126,3.134, 2505
04/02/2020,16:30,3.14,3.142,3.14,3.142, 1625
04/02/2020,16:30,3.132,3.132,3.132,3.132, 500
04/02/2020,16:31,3.144,3.16,3.144,3.16, 1466
04/02/2020,16:32,3.16,3.16,3.158,3.158, 462
04/02/2020,16:33,3.164,3.166,3.152,3.152, 1590
04/02/2020,16:35,3.174,3.174,3.174,3.174, 525
04/02/2020,16:36,3.186,3.186,3.186,3.186, 398
04/02/2020,16:37,3.212,3.212,3.202,3.202, 430
04/02/2020,16:38,3.22,3.22,3.22,3.22, 92
04/02/2020,16:42,3.214,3.24,3.214,3.24, 6251
04/02/2020,16:42,3.24,3.24,3.24,3.24, 66
04/02/2020,16:45,3.22,3.242,3.22,3.242, 3241
04/02/2020,16:45,3.23,3.242,3.23,3.242, 1729
04/02/2020,16:45,3.242,3.242,3.228,3.236, 725
04/02/2020,16:47,3.24,3.242,3.24,3.242, 462
04/02/2020,16:47,3.254,3.254,3.24,3.24, 1016
04/02/2020,16:50,3.23,3.236,3.23,3.236, 174
04/02/2020,16:51,3.236,3.238,3.236,3.238, 176
04/02/2020,16:51,3.218,3.218,3.218,3.218, 500
04/02/2020,16:52,3.236,3.236,3.234,3.234, 213
04/02/2020,16:52,3.236,3.236,3.236,3.236, 94
04/02/2020,16:53,3.236,3.236,3.236,3.236, 80
04/02/2020,16:53,3.236,3.236,3.236,3.236, 91
04/02/2020,16:55,3.236,3.236,3.23,3.23, 240
04/02/2020,16:56,3.228,3.228,3.226,3.228, 723
04/02/2020,16:59,3.228,3.24,3.222,3.232, 1414
04/02/2020,17:00,3.232,3.244,3.23,3.244, 1076
04/02/2020,17:01,3.246,3.246,3.246,3.246, 58
04/02/2020,17:07,3.258,3.264,3.258,3.264, 277
04/02/2020,17:07,3.264,3.264,3.264,3.264, 63
04/02/2020,17:16,3.26,3.26,3.26,3.26, 48
04/02/2020,17:18,3.26,3.26,3.228,3.232, 7498
04/02/2020,17:18,3.232,3.238,3.232,3.238, 397
04/02/2020,17:24,3.228,3.23,3.214,3.23, 3828
04/02/2020,17:26,3.232,3.232,3.214,3.214, 224
04/02/2020,17:29,3.22,3.228,3.22,3.222, 3169
04/02/2020,17:30,3.222,3.236,3.222,3.236, 1322
04/02/2020,17:36,3.22,3.22,3.22,3.22, 66650
04/03/2020,09:01,3.286,3.286,3.234,3.234, 4930
04/03/2020,09:07,3.2,3.202,3.2,3.202, 1565
04/03/2020,09:09,3.228,3.228,3.224,3.224, 1132
04/03/2020,09:17,3.206,3.206,3.206,3.206, 1500
04/03/2020,09:25,3.222,3.222,3.222,3.222, 1296
04/03/2020,09:29,3.234,3.242,3.234,3.242, 2636
04/03/2020,09:32,3.256,3.256,3.256,3.256, 536
04/03/2020,09:35,3.254,3.254,3.248,3.248, 2209
04/03/2020,09:44,3.26,3.266,3.258,3.258, 6137
04/03/2020,09:46,3.272,3.272,3.272,3.272, 299
04/03/2020,09:48,3.284,3.284,3.284,3.284, 329
04/03/2020,09:52,3.328,3.328,3.328,3.328, 2000
04/03/2020,09:53,3.328,3.328,3.328,3.328, 18
04/03/2020,09:55,3.318,3.318,3.31,3.31, 2475
04/03/2020,09:57,3.294,3.298,3.294,3.298, 1875
04/03/2020,09:58,3.296,3.296,3.296,3.296, 202
04/03/2020,10:01,3.316,3.33,3.286,3.286, 10500
04/03/2020,10:04,3.3,3.3,3.292,3.292, 136
04/03/2020,10:11,3.3,3.312,3.3,3.312, 5000
04/03/2020,10:13,3.3,3.302,3.3,3.3, 2265
04/03/2020,10:18,3.318,3.318,3.318,3.318, 454
04/03/2020,10:22,3.324,3.324,3.31,3.31, 1064
04/03/2020,10:23,3.3,3.3,3.28,3.28, 30325
04/03/2020,10:25,3.264,3.268,3.262,3.268, 2443
04/03/2020,10:27,3.258,3.258,3.258,3.258, 1160
04/03/2020,10:28,3.258,3.258,3.242,3.242, 780
04/03/2020,10:30,3.248,3.252,3.236,3.236, 4288
04/03/2020,10:30,3.242,3.242,3.24,3.24, 863
04/03/2020,10:48,3.24,3.24,3.24,3.24, 440
04/03/2020,10:53,3.244,3.244,3.244,3.244, 1200
04/03/2020,10:55,3.236,3.236,3.23,3.23, 1415
04/03/2020,10:55,3.224,3.224,3.224,3.224, 500
04/03/2020,10:59,3.236,3.236,3.236,3.236, 1546
04/03/2020,11:07,3.234,3.234,3.234,3.234, 468
04/03/2020,11:17,3.23,3.23,3.23,3.23, 568
04/03/2020,11:20,3.232,3.232,3.232,3.232, 200
04/03/2020,11:23,3.228,3.228,3.228,3.228, 455
04/03/2020,11:31,3.22,3.22,3.22,3.22, 1202
04/03/2020,11:36,3.224,3.224,3.224,3.224, 1524
04/03/2020,11:39,3.21,3.21,3.198,3.198, 7217
04/03/2020,11:45,3.202,3.206,3.202,3.202, 3635
04/03/2020,11:55,3.212,3.228,3.212,3.228, 2311
04/03/2020,11:55,3.238,3.242,3.238,3.242, 2500
04/03/2020,11:58,3.232,3.232,3.232,3.232, 513
04/03/2020,12:05,3.22,3.224,3.218,3.218, 4219
04/03/2020,12:07,3.22,3.22,3.22,3.22, 1172
04/03/2020,12:21,3.254,3.254,3.254,3.254, 402
04/03/2020,12:25,3.258,3.258,3.25,3.25, 708
04/03/2020,12:27,3.254,3.254,3.254,3.254, 1318
04/03/2020,12:37,3.286,3.286,3.268,3.274, 10125
04/03/2020,12:38,3.262,3.262,3.256,3.256, 3792
04/03/2020,12:43,3.262,3.262,3.262,3.262, 942
04/03/2020,12:43,3.266,3.266,3.266,3.266, 450
04/03/2020,12:46,3.27,3.27,3.27,3.27, 866
04/03/2020,12:53,3.28,3.282,3.28,3.282, 1349
04/03/2020,12:55,3.274,3.274,3.266,3.266, 3624
04/03/2020,12:58,3.258,3.258,3.258,3.258, 214
04/03/2020,13:03,3.272,3.272,3.272,3.272, 2032
04/03/2020,13:16,3.26,3.26,3.256,3.256, 913
04/03/2020,13:21,3.26,3.26,3.258,3.258, 2088
04/03/2020,13:41,3.264,3.264,3.264,3.264, 1379
04/03/2020,13:47,3.256,3.256,3.256,3.256, 840
04/03/2020,13:50,3.26,3.264,3.26,3.264, 3770
04/03/2020,13:51,3.262,3.262,3.262,3.262, 310
04/03/2020,13:52,3.27,3.27,3.27,3.27, 1100
04/03/2020,13:57,3.274,3.286,3.274,3.278, 2147
04/03/2020,13:59,3.294,3.294,3.294,3.294, 972
04/03/2020,14:02,3.284,3.284,3.284,3.284, 808
04/03/2020,14:06,3.288,3.294,3.288,3.294, 1000
04/03/2020,14:09,3.274,3.274,3.274,3.274, 218
04/03/2020,14:17,3.256,3.256,3.244,3.244, 663
04/03/2020,14:23,3.248,3.248,3.248,3.248, 1741
04/03/2020,14:25,3.256,3.256,3.256,3.256, 216
04/03/2020,14:26,3.248,3.248,3.248,3.248, 468
04/03/2020,14:31,3.244,3.244,3.236,3.236, 1855
04/03/2020,14:33,3.244,3.244,3.244,3.244, 126
04/03/2020,14:34,3.258,3.264,3.258,3.262, 1865
04/03/2020,14:36,3.266,3.266,3.252,3.252, 3588
04/03/2020,14:37,3.26,3.26,3.26,3.26, 127
04/03/2020,14:46,3.268,3.268,3.254,3.254, 360
04/03/2020,14:46,3.262,3.27,3.262,3.27, 2300
04/03/2020,14:48,3.268,3.268,3.258,3.258, 735
04/03/2020,15:01,3.246,3.246,3.246,3.246, 1989
04/03/2020,15:03,3.252,3.256,3.252,3.256, 1078
04/03/2020,15:05,3.256,3.256,3.256,3.256, 54
04/03/2020,15:06,3.254,3.254,3.254,3.254, 475
04/03/2020,15:06,3.262,3.262,3.262,3.262, 500
04/03/2020,15:08,3.25,3.25,3.248,3.248, 750
04/03/2020,15:10,3.246,3.246,3.24,3.24, 1998
04/03/2020,15:12,3.246,3.254,3.246,3.254, 2000
04/03/2020,15:25,3.25,3.256,3.25,3.256, 589
04/03/2020,15:28,3.248,3.248,3.242,3.242, 723
04/03/2020,15:29,3.242,3.242,3.242,3.242, 489
04/03/2020,15:35,3.246,3.248,3.246,3.248, 2844
04/03/2020,15:37,3.246,3.246,3.234,3.234, 1531
04/03/2020,15:38,3.238,3.242,3.238,3.242, 300
04/03/2020,15:42,3.252,3.254,3.252,3.254, 639
04/03/2020,15:48,3.25,3.25,3.24,3.248, 3350
04/03/2020,15:50,3.232,3.232,3.228,3.228, 2118
04/03/2020,15:50,3.216,3.216,3.216,3.216, 224
04/03/2020,15:52,3.206,3.214,3.206,3.214, 745
04/03/2020,15:54,3.212,3.212,3.212,3.212, 1250
04/03/2020,15:56,3.212,3.214,3.212,3.214, 2482
04/03/2020,15:57,3.216,3.22,3.216,3.22, 1782
04/03/2020,16:01,3.22,3.22,3.218,3.218, 950
04/03/2020,16:05,3.212,3.212,3.204,3.204, 1064
04/03/2020,16:08,3.212,3.214,3.212,3.214, 1368
04/03/2020,16:09,3.216,3.216,3.216,3.216, 721
04/03/2020,16:15,3.208,3.208,3.204,3.204, 1304
04/03/2020,16:17,3.2,3.2,3.2,3.2, 1500
04/03/2020,16:19,3.196,3.196,3.196,3.196, 546
04/03/2020,16:23,3.192,3.194,3.192,3.194, 1109
04/03/2020,16:26,3.188,3.194,3.188,3.194, 1820
04/03/2020,16:27,3.2,3.2,3.2,3.2, 20
04/03/2020,16:30,3.194,3.194,3.192,3.192, 771
04/03/2020,16:32,3.192,3.192,3.192,3.192, 1566
04/03/2020,16:34,3.188,3.188,3.188,3.188, 469
04/03/2020,16:34,3.192,3.194,3.192,3.194, 1221
04/03/2020,16:38,3.188,3.188,3.188,3.188, 434
04/03/2020,16:42,3.18,3.18,3.18,3.18, 497
04/03/2020,16:43,3.184,3.184,3.184,3.184, 500
04/03/2020,16:44,3.178,3.188,3.178,3.188, 3501
04/03/2020,16:47,3.196,3.198,3.196,3.198, 879
04/03/2020,16:48,3.202,3.202,3.202,3.202, 1399
04/03/2020,16:49,3.206,3.206,3.206,3.206, 294
04/03/2020,16:51,3.208,3.208,3.196,3.196, 5377
04/03/2020,16:51,3.202,3.204,3.202,3.204, 317
04/03/2020,16:53,3.21,3.212,3.204,3.204, 2080
04/03/2020,16:57,3.202,3.202,3.202,3.202, 257
04/03/2020,16:59,3.196,3.196,3.192,3.192, 975
04/03/2020,17:02,3.2,3.218,3.2,3.216, 6378
04/03/2020,17:06,3.208,3.208,3.208,3.208, 477
04/03/2020,17:08,3.2,3.2,3.2,3.2, 500
04/03/2020,17:08,3.198,3.198,3.194,3.194, 2155
04/03/2020,17:12,3.202,3.202,3.202,3.202, 84
04/03/2020,17:14,3.198,3.198,3.194,3.194, 1363
04/03/2020,17:17,3.192,3.192,3.192,3.192, 503
04/03/2020,17:18,3.192,3.192,3.19,3.19, 526
04/03/2020,17:19,3.192,3.192,3.192,3.192, 88
04/03/2020,17:21,3.194,3.194,3.194,3.194, 1072
04/03/2020,17:21,3.194,3.194,3.192,3.194, 1072
04/03/2020,17:23,3.196,3.196,3.196,3.196, 11
04/03/2020,17:24,3.196,3.196,3.188,3.188, 3025
04/03/2020,17:25,3.188,3.188,3.188,3.188, 1076
04/03/2020,17:26,3.188,3.188,3.178,3.178, 317
04/03/2020,17:28,3.178,3.178,3.172,3.178, 3927
04/03/2020,17:30,3.176,3.18,3.172,3.172, 2619
04/03/2020,17:30,3.18,3.192,3.174,3.192, 1664
04/03/2020,17:32,3.192,3.192,3.192,3.192, 284
04/03/2020,17:36,3.166,3.166,3.166,3.166, 31324
04/06/2020,09:01,3.322,3.322,3.322,3.322, 8593
04/06/2020,09:01,3.33,3.342,3.33,3.342, 870
04/06/2020,09:04,3.36,3.36,3.34,3.34, 3369
04/06/2020,09:06,3.344,3.344,3.296,3.296, 4492
04/06/2020,09:08,3.296,3.296,3.296,3.296, 500
04/06/2020,09:14,3.344,3.356,3.344,3.356, 1538
04/06/2020,09:17,3.374,3.4,3.374,3.4, 1647
04/06/2020,09:18,3.414,3.414,3.406,3.406, 1411
04/06/2020,09:19,3.428,3.428,3.42,3.42, 1265
04/06/2020,09:21,3.432,3.432,3.432,3.432, 161
04/06/2020,09:22,3.408,3.408,3.408,3.408, 244
04/06/2020,09:23,3.414,3.414,3.414,3.414, 71
04/06/2020,09:25,3.4,3.4,3.394,3.394, 1556
04/06/2020,09:26,3.41,3.41,3.386,3.386, 2830
04/06/2020,09:30,3.42,3.42,3.42,3.42, 1200
04/06/2020,09:31,3.428,3.428,3.406,3.406, 671
04/06/2020,09:36,3.382,3.382,3.378,3.378, 3435
04/06/2020,09:38,3.362,3.362,3.326,3.354, 33201
04/06/2020,09:39,3.364,3.366,3.364,3.366, 991
04/06/2020,09:40,3.382,3.45,3.382,3.426, 11853
04/06/2020,09:42,3.416,3.416,3.408,3.414, 3215
04/06/2020,09:43,3.406,3.406,3.402,3.402, 2631
04/06/2020,09:43,3.374,3.374,3.358,3.358, 2556
04/06/2020,09:44,3.392,3.404,3.392,3.404, 2060
04/06/2020,09:56,3.396,3.396,3.372,3.372, 908
04/06/2020,10:01,3.398,3.398,3.398,3.398, 1043
04/06/2020,10:03,3.414,3.414,3.414,3.414, 500
04/06/2020,10:07,3.396,3.396,3.386,3.386, 676
04/06/2020,10:17,3.41,3.41,3.41,3.41, 200
04/06/2020,10:29,3.426,3.426,3.392,3.392, 2056
04/06/2020,10:30,3.418,3.418,3.418,3.418, 151
04/06/2020,10:31,3.426,3.432,3.426,3.432, 850
04/06/2020,10:36,3.434,3.434,3.424,3.426, 1390
04/06/2020,10:37,3.424,3.424,3.424,3.424, 367
04/06/2020,10:41,3.41,3.41,3.404,3.404, 1332
04/06/2020,10:44,3.41,3.418,3.41,3.416, 1408
04/06/2020,10:45,3.434,3.436,3.434,3.434, 2122
04/06/2020,10:47,3.448,3.448,3.428,3.432, 2084
04/06/2020,10:48,3.424,3.424,3.418,3.418, 410
04/06/2020,10:54,3.428,3.428,3.428,3.428, 810
04/06/2020,10:57,3.44,3.444,3.44,3.444, 1500
04/06/2020,10:58,3.45,3.454,3.44,3.452, 19962
04/06/2020,10:59,3.44,3.44,3.438,3.438, 651
04/06/2020,11:01,3.45,3.45,3.45,3.45, 600
04/06/2020,11:02,3.432,3.448,3.426,3.448, 1692
04/06/2020,11:08,3.446,3.446,3.436,3.436, 653
04/06/2020,11:09,3.448,3.46,3.448,3.46, 1511
04/06/2020,11:14,3.456,3.456,3.456,3.456, 97
04/06/2020,11:15,3.474,3.474,3.474,3.474, 500
04/06/2020,11:18,3.464,3.464,3.442,3.442, 3721
04/06/2020,11:26,3.464,3.48,3.45,3.45, 19910
04/06/2020,11:29,3.468,3.476,3.468,3.476, 1673
04/06/2020,11:35,3.482,3.482,3.482,3.482, 341
04/06/2020,11:38,3.482,3.482,3.478,3.478, 4367
04/06/2020,11:43,3.5,3.502,3.5,3.502, 8340
04/06/2020,11:49,3.52,3.53,3.52,3.526, 4650
04/06/2020,11:50,3.514,3.514,3.492,3.51, 29808
04/06/2020,11:51,3.512,3.524,3.512,3.524, 836
04/06/2020,11:51,3.52,3.53,3.5,3.53, 7945
04/06/2020,11:53,3.518,3.518,3.518,3.518, 363
04/06/2020,11:55,3.518,3.518,3.5,3.5, 5000
04/06/2020,11:56,3.526,3.526,3.526,3.526, 582
04/06/2020,12:02,3.518,3.518,3.51,3.51, 1057
04/06/2020,12:02,3.51,3.51,3.51,3.51, 3000
04/06/2020,12:06,3.51,3.51,3.496,3.496, 5974
04/06/2020,12:07,3.514,3.514,3.484,3.484, 1999
04/06/2020,12:10,3.474,3.474,3.474,3.474, 135
04/06/2020,12:13,3.466,3.466,3.45,3.45, 1764
04/06/2020,12:15,3.44,3.452,3.438,3.452, 1737
04/06/2020,12:16,3.464,3.464,3.464,3.464, 500
04/06/2020,12:17,3.468,3.468,3.468,3.468, 300
04/06/2020,12:18,3.478,3.478,3.478,3.478, 667
04/06/2020,12:23,3.466,3.466,3.452,3.452, 1925
04/06/2020,12:25,3.468,3.47,3.468,3.47, 682
04/06/2020,12:26,3.48,3.482,3.48,3.482, 2025
04/06/2020,12:29,3.48,3.48,3.48,3.48, 500
04/06/2020,12:39,3.48,3.496,3.47,3.496, 3056
04/06/2020,12:40,3.5,3.51,3.5,3.51, 10406
04/06/2020,12:40,3.5,3.5,3.49,3.49, 6500
04/06/2020,12:52,3.484,3.484,3.476,3.484, 1162
04/06/2020,12:54,3.476,3.486,3.472,3.486, 2839
04/06/2020,13:03,3.462,3.468,3.462,3.468, 2399
04/06/2020,13:06,3.474,3.474,3.474,3.474, 1000
04/06/2020,13:08,3.48,3.48,3.48,3.48, 3300
04/06/2020,13:09,3.49,3.5,3.49,3.5, 9549
04/06/2020,13:16,3.484,3.502,3.48,3.498, 3455
04/06/2020,13:23,3.488,3.488,3.488,3.488, 117
04/06/2020,13:28,3.496,3.504,3.496,3.504, 2645
04/06/2020,13:36,3.51,3.51,3.51,3.51, 2623
04/06/2020,13:39,3.52,3.52,3.52,3.52, 890
04/06/2020,13:42,3.514,3.514,3.514,3.514, 509
04/06/2020,13:43,3.52,3.52,3.52,3.52, 1000
04/06/2020,13:49,3.516,3.516,3.516,3.516, 271
04/06/2020,13:57,3.52,3.52,3.518,3.518, 850
04/06/2020,14:01,3.51,3.51,3.504,3.504, 2167
04/06/2020,14:13,3.508,3.512,3.508,3.512, 1300
04/06/2020,14:16,3.526,3.526,3.508,3.508, 4169
04/06/2020,14:17,3.512,3.512,3.5,3.5, 6500
04/06/2020,14:22,3.496,3.496,3.484,3.484, 1070
04/06/2020,14:23,3.486,3.49,3.48,3.48, 2120
04/06/2020,14:23,3.478,3.478,3.478,3.478, 147
04/06/2020,14:25,3.478,3.478,3.478,3.478, 184
04/06/2020,14:25,3.478,3.478,3.478,3.478, 34
04/06/2020,14:34,3.49,3.49,3.49,3.49, 500
04/06/2020,14:37,3.482,3.482,3.482,3.482, 500
04/06/2020,14:38,3.484,3.484,3.48,3.48, 2500
04/06/2020,14:48,3.5,3.5,3.5,3.5, 5000
04/06/2020,14:52,3.512,3.512,3.512,3.512, 1431
04/06/2020,14:54,3.51,3.51,3.504,3.504, 5497
04/06/2020,14:57,3.504,3.504,3.498,3.5, 903
04/06/2020,14:58,3.496,3.496,3.49,3.49, 512
04/06/2020,15:00,3.502,3.504,3.502,3.504, 1842
04/06/2020,15:01,3.5,3.5,3.494,3.494, 1082
04/06/2020,15:06,3.492,3.492,3.492,3.492, 182
04/06/2020,15:07,3.49,3.49,3.49,3.49, 14
04/06/2020,15:09,3.492,3.492,3.492,3.492, 662
04/06/2020,15:13,3.502,3.502,3.502,3.502, 150
04/06/2020,15:26,3.492,3.492,3.492,3.492, 409
04/06/2020,15:31,3.498,3.502,3.498,3.498, 2865
04/06/2020,15:35,3.49,3.498,3.486,3.498, 1501
04/06/2020,15:35,3.496,3.5,3.496,3.5, 1000
04/06/2020,15:36,3.486,3.486,3.472,3.474, 1536
04/06/2020,15:42,3.488,3.488,3.488,3.488, 631
04/06/2020,15:52,3.502,3.502,3.502,3.502, 453
04/06/2020,16:00,3.51,3.51,3.51,3.51, 3250
04/06/2020,16:04,3.508,3.508,3.492,3.492, 2640
04/06/2020,16:05,3.486,3.486,3.482,3.482, 731
04/06/2020,16:08,3.474,3.474,3.46,3.46, 843
04/06/2020,16:09,3.464,3.464,3.464,3.464, 2543
04/06/2020,16:10,3.47,3.47,3.47,3.47, 156
04/06/2020,16:15,3.458,3.458,3.456,3.456, 553
04/06/2020,16:17,3.46,3.468,3.46,3.468, 1304
04/06/2020,16:19,3.46,3.46,3.46,3.46, 459
04/06/2020,16:19,3.466,3.466,3.466,3.466, 310
04/06/2020,16:22,3.468,3.468,3.468,3.468, 225
04/06/2020,16:23,3.47,3.476,3.47,3.476, 1428
04/06/2020,16:32,3.454,3.454,3.43,3.43, 2222
04/06/2020,16:33,3.426,3.426,3.41,3.41, 4985
04/06/2020,16:36,3.418,3.418,3.41,3.41, 1004
04/06/2020,16:36,3.406,3.406,3.394,3.396, 3750
04/06/2020,16:37,3.394,3.4,3.384,3.384, 1979
04/06/2020,16:39,3.388,3.39,3.388,3.39, 2666
04/06/2020,16:40,3.396,3.396,3.396,3.396, 121
04/06/2020,16:42,3.396,3.396,3.396,3.396, 583
04/06/2020,16:49,3.378,3.378,3.378,3.378, 1830
04/06/2020,16:50,3.388,3.388,3.388,3.388, 300
04/06/2020,16:51,3.388,3.388,3.388,3.388, 1563
04/06/2020,16:53,3.386,3.386,3.386,3.386, 186
04/06/2020,17:00,3.398,3.4,3.398,3.4, 2989
04/06/2020,17:01,3.398,3.398,3.394,3.394, 801
04/06/2020,17:07,3.394,3.394,3.394,3.394, 505
04/06/2020,17:09,3.402,3.424,3.402,3.418, 16622
04/06/2020,17:11,3.428,3.428,3.428,3.428, 671
04/06/2020,17:11,3.428,3.428,3.428,3.428, 50
04/06/2020,17:17,3.428,3.436,3.422,3.428, 5420
04/06/2020,17:21,3.428,3.428,3.416,3.42, 3384
04/06/2020,17:24,3.412,3.422,3.412,3.414, 3791
04/06/2020,17:25,3.418,3.418,3.404,3.41, 5457
04/06/2020,17:26,3.406,3.41,3.4,3.41, 1844
04/06/2020,17:27,3.408,3.412,3.39,3.402, 6125
04/06/2020,17:30,3.402,3.406,3.402,3.404, 1198
04/06/2020,17:30,3.406,3.406,3.4,3.406, 2655
04/06/2020,17:36,3.384,3.384,3.384,3.384, 52435
04/07/2020,09:01,3.46,3.476,3.46,3.476, 4901
04/07/2020,09:02,3.494,3.544,3.492,3.544, 3526
04/07/2020,09:03,3.582,3.644,3.55,3.57, 17818
04/07/2020,09:03,3.57,3.57,3.57,3.57, 1242
04/07/2020,09:06,3.532,3.554,3.532,3.554, 2782
04/07/2020,09:09,3.548,3.55,3.548,3.55, 4126
04/07/2020,09:10,3.532,3.538,3.524,3.538, 2065
04/07/2020,09:10,3.544,3.56,3.544,3.56, 3353
04/07/2020,09:12,3.57,3.596,3.57,3.596, 7605
04/07/2020,09:12,3.584,3.584,3.584,3.584, 905
04/07/2020,09:13,3.582,3.586,3.582,3.586, 2170
04/07/2020,09:15,3.556,3.56,3.556,3.56, 601
04/07/2020,09:16,3.56,3.564,3.56,3.564, 1443
04/07/2020,09:17,3.544,3.544,3.536,3.536, 1047
04/07/2020,09:18,3.548,3.552,3.548,3.552, 1376
04/07/2020,09:21,3.558,3.558,3.558,3.558, 813
04/07/2020,09:22,3.542,3.542,3.538,3.54, 1998
04/07/2020,09:23,3.528,3.528,3.512,3.512, 4020
04/07/2020,09:23,3.518,3.518,3.518,3.518, 100
04/07/2020,09:25,3.508,3.508,3.504,3.504, 956
04/07/2020,09:27,3.49,3.49,3.49,3.49, 967
04/07/2020,09:28,3.482,3.488,3.474,3.488, 3323
04/07/2020,09:28,3.488,3.492,3.488,3.492, 850
04/07/2020,09:31,3.484,3.484,3.478,3.48, 2035
04/07/2020,09:33,3.474,3.49,3.474,3.49, 4462
04/07/2020,09:35,3.492,3.502,3.492,3.502, 2084
04/07/2020,09:36,3.496,3.496,3.488,3.488, 1344
04/07/2020,09:37,3.49,3.49,3.49,3.49, 896
04/07/2020,09:37,3.496,3.502,3.49,3.49, 2010
04/07/2020,09:40,3.496,3.502,3.496,3.502, 311
04/07/2020,09:42,3.514,3.514,3.514,3.514, 801
04/07/2020,09:44,3.53,3.53,3.53,3.53, 7124
04/07/2020,09:45,3.53,3.532,3.53,3.532, 907
04/07/2020,09:45,3.536,3.54,3.536,3.54, 1617
04/07/2020,09:48,3.56,3.56,3.56,3.56, 618
04/07/2020,09:51,3.564,3.568,3.564,3.568, 1284
04/07/2020,09:52,3.58,3.58,3.58,3.58, 1000
04/07/2020,09:55,3.572,3.572,3.556,3.556, 5445
04/07/2020,09:58,3.536,3.536,3.532,3.532, 779
04/07/2020,09:59,3.54,3.554,3.538,3.538, 11483
04/07/2020,10:00,3.556,3.556,3.546,3.548, 3398
04/07/2020,10:00,3.538,3.55,3.538,3.55, 10000
04/07/2020,10:02,3.54,3.556,3.54,3.554, 3409
04/07/2020,10:03,3.56,3.568,3.544,3.55, 11944
04/07/2020,10:05,3.54,3.54,3.54,3.54, 600
04/07/2020,10:06,3.522,3.532,3.518,3.52, 3551
04/07/2020,10:11,3.512,3.514,3.512,3.514, 2475
04/07/2020,10:17,3.502,3.502,3.498,3.498, 5321
04/07/2020,10:20,3.476,3.492,3.474,3.492, 9426
04/07/2020,10:21,3.488,3.49,3.47,3.47, 2615
04/07/2020,10:23,3.45,3.45,3.45,3.45, 300
04/07/2020,10:24,3.458,3.464,3.458,3.458, 1870
04/07/2020,10:25,3.456,3.456,3.456,3.456, 1064
04/07/2020,10:30,3.46,3.46,3.44,3.44, 887
04/07/2020,10:32,3.432,3.44,3.432,3.44, 923
04/07/2020,10:33,3.436,3.442,3.434,3.434, 4500
04/07/2020,10:33,3.428,3.428,3.416,3.428, 2075
04/07/2020,10:36,3.41,3.412,3.41,3.412, 2513
04/07/2020,10:37,3.416,3.434,3.416,3.434, 5493
04/07/2020,10:38,3.444,3.444,3.444,3.444, 440
04/07/2020,10:39,3.44,3.44,3.428,3.428, 1000
04/07/2020,10:40,3.43,3.43,3.424,3.424, 2500
04/07/2020,10:42,3.44,3.446,3.44,3.44, 4196
04/07/2020,10:43,3.45,3.45,3.45,3.45, 1124
04/07/2020,10:47,3.454,3.454,3.454,3.454, 1235
04/07/2020,10:48,3.45,3.454,3.446,3.454, 1741
04/07/2020,10:52,3.452,3.452,3.452,3.452, 1139
04/07/2020,10:53,3.45,3.45,3.446,3.45, 1615
04/07/2020,10:57,3.442,3.442,3.442,3.442, 408
04/07/2020,10:59,3.45,3.45,3.446,3.446, 750
04/07/2020,11:01,3.452,3.452,3.452,3.452, 920
04/07/2020,11:10,3.448,3.448,3.43,3.442, 2067
04/07/2020,11:11,3.438,3.438,3.438,3.438, 298
04/07/2020,11:12,3.44,3.442,3.44,3.442, 1428
04/07/2020,11:24,3.436,3.436,3.432,3.432, 3000
04/07/2020,11:27,3.462,3.466,3.452,3.466, 852
04/07/2020,11:29,3.472,3.472,3.47,3.47, 1274
04/07/2020,11:35,3.48,3.48,3.48,3.48, 100
04/07/2020,11:36,3.476,3.476,3.476,3.476, 600
04/07/2020,11:41,3.47,3.476,3.47,3.476, 2989
04/07/2020,11:52,3.48,3.48,3.476,3.476, 1686
04/07/2020,12:03,3.482,3.482,3.482,3.482, 1207
04/07/2020,12:03,3.502,3.502,3.502,3.502, 20
04/07/2020,12:08,3.494,3.494,3.494,3.494, 1693
04/07/2020,12:14,3.502,3.504,3.502,3.504, 1012
04/07/2020,12:16,3.508,3.508,3.508,3.508, 586
04/07/2020,12:18,3.502,3.502,3.5,3.5, 800
04/07/2020,12:21,3.518,3.518,3.518,3.518, 139
04/07/2020,12:27,3.508,3.508,3.504,3.504, 1329
04/07/2020,12:36,3.51,3.522,3.51,3.522, 9620
04/07/2020,12:38,3.522,3.522,3.518,3.518, 636
04/07/2020,12:40,3.514,3.52,3.512,3.52, 1617
04/07/2020,12:42,3.514,3.514,3.502,3.502, 1279
04/07/2020,12:44,3.506,3.512,3.506,3.512, 1621
04/07/2020,13:03,3.524,3.524,3.498,3.498, 2300
04/07/2020,13:04,3.478,3.478,3.446,3.446, 13075
04/07/2020,13:05,3.472,3.476,3.472,3.476, 2699
04/07/2020,13:10,3.462,3.474,3.462,3.474, 528
04/07/2020,13:14,3.448,3.448,3.448,3.448, 546
04/07/2020,13:15,3.46,3.466,3.452,3.456, 6654
04/07/2020,13:18,3.462,3.462,3.436,3.446, 13564
04/07/2020,13:21,3.442,3.442,3.442,3.442, 1038
04/07/2020,13:23,3.442,3.442,3.442,3.442, 1929
04/07/2020,13:25,3.444,3.444,3.444,3.444, 111
04/07/2020,13:27,3.442,3.446,3.442,3.446, 10000
04/07/2020,13:29,3.446,3.45,3.418,3.418, 5736
04/07/2020,13:31,3.422,3.424,3.42,3.42, 3742
04/07/2020,13:32,3.42,3.42,3.41,3.41, 1727
04/07/2020,13:33,3.412,3.412,3.412,3.412, 332
04/07/2020,13:33,3.412,3.414,3.412,3.414, 3797
04/07/2020,13:36,3.418,3.418,3.418,3.418, 288
04/07/2020,13:38,3.414,3.414,3.414,3.414, 288
04/07/2020,13:39,3.422,3.422,3.422,3.422, 153
04/07/2020,13:41,3.426,3.426,3.392,3.392, 8345
04/07/2020,13:42,3.392,3.392,3.392,3.392, 131
04/07/2020,13:45,3.398,3.398,3.394,3.394, 1922
04/07/2020,13:47,3.404,3.404,3.388,3.388, 1814
04/07/2020,13:55,3.388,3.388,3.374,3.374, 3710
04/07/2020,13:56,3.366,3.366,3.366,3.366, 133
04/07/2020,13:57,3.372,3.378,3.364,3.364, 5250
04/07/2020,13:59,3.362,3.374,3.36,3.374, 28233
04/07/2020,14:01,3.372,3.376,3.364,3.376, 15930
04/07/2020,14:04,3.388,3.394,3.388,3.394, 2500
04/07/2020,14:05,3.392,3.398,3.392,3.398, 773
04/07/2020,14:06,3.394,3.394,3.37,3.382, 34771
04/07/2020,14:07,3.382,3.394,3.382,3.394, 1907
04/07/2020,14:08,3.4,3.406,3.4,3.4, 7163
04/07/2020,14:09,3.416,3.416,3.416,3.416, 336
04/07/2020,14:11,3.418,3.418,3.418,3.418, 445
04/07/2020,14:12,3.406,3.412,3.4,3.412, 11706
04/07/2020,14:15,3.408,3.408,3.408,3.408, 1476
04/07/2020,14:16,3.416,3.416,3.416,3.416, 550
04/07/2020,14:17,3.422,3.426,3.422,3.426, 4717
04/07/2020,14:17,3.444,3.444,3.444,3.444, 990
04/07/2020,14:20,3.444,3.444,3.432,3.432, 2342
04/07/2020,14:25,3.418,3.418,3.418,3.418, 1041
04/07/2020,14:29,3.424,3.438,3.424,3.438, 2189
04/07/2020,14:31,3.436,3.436,3.436,3.436, 500
04/07/2020,14:31,3.436,3.436,3.436,3.436, 244
04/07/2020,14:32,3.434,3.434,3.434,3.434, 281
04/07/2020,14:34,3.434,3.436,3.434,3.436, 1041
04/07/2020,14:35,3.438,3.438,3.438,3.438, 2505
04/07/2020,14:36,3.448,3.448,3.436,3.436, 1965
04/07/2020,14:38,3.428,3.428,3.424,3.424, 1986
04/07/2020,14:40,3.426,3.428,3.426,3.426, 5853
04/07/2020,14:40,3.424,3.424,3.424,3.424, 1182
04/07/2020,14:42,3.434,3.434,3.434,3.434, 257
04/07/2020,14:44,3.422,3.422,3.406,3.406, 2209
04/07/2020,14:46,3.41,3.41,3.41,3.41, 2746
04/07/2020,14:49,3.412,3.418,3.4,3.418, 8705
04/07/2020,14:50,3.418,3.418,3.418,3.418, 303
04/07/2020,14:52,3.406,3.418,3.406,3.418, 2986
04/07/2020,14:54,3.412,3.416,3.412,3.412, 824
04/07/2020,14:55,3.414,3.42,3.414,3.42, 1832
04/07/2020,14:57,3.412,3.412,3.408,3.412, 4111
04/07/2020,14:58,3.418,3.42,3.414,3.414, 3863
04/07/2020,15:01,3.414,3.414,3.4,3.4, 20895
04/07/2020,15:03,3.406,3.414,3.406,3.414, 362
04/07/2020,15:04,3.414,3.414,3.414,3.414, 1064
04/07/2020,15:04,3.416,3.416,3.416,3.416, 508
04/07/2020,15:06,3.41,3.41,3.404,3.404, 964
04/07/2020,15:07,3.41,3.41,3.404,3.404, 1696
04/07/2020,15:08,3.402,3.406,3.4,3.404, 11296
04/07/2020,15:10,3.404,3.404,3.404,3.404, 765
04/07/2020,15:12,3.404,3.408,3.404,3.408, 3577
04/07/2020,15:14,3.408,3.408,3.408,3.408, 258
04/07/2020,15:15,3.408,3.408,3.408,3.408, 264
04/07/2020,15:16,3.408,3.41,3.406,3.406, 3690
04/07/2020,15:17,3.41,3.414,3.41,3.414, 294
04/07/2020,15:17,3.408,3.408,3.4,3.4, 4769
04/07/2020,15:20,3.394,3.394,3.394,3.394, 1075
04/07/2020,15:24,3.402,3.402,3.388,3.388, 5179
04/07/2020,15:26,3.382,3.382,3.38,3.38, 934
04/07/2020,15:29,3.388,3.392,3.386,3.39, 6900
04/07/2020,15:30,3.394,3.396,3.39,3.39, 2570
04/07/2020,15:32,3.4,3.406,3.398,3.406, 7161
04/07/2020,15:33,3.398,3.398,3.398,3.398, 782
04/07/2020,15:34,3.398,3.398,3.392,3.392, 2949
04/07/2020,15:36,3.392,3.434,3.392,3.434, 35242
04/07/2020,15:36,3.416,3.416,3.416,3.416, 120
04/07/2020,15:37,3.428,3.428,3.428,3.428, 500
04/07/2020,15:38,3.424,3.424,3.418,3.418, 263
04/07/2020,15:41,3.42,3.42,3.412,3.412, 1233
04/07/2020,15:44,3.41,3.41,3.41,3.41, 3197
04/07/2020,15:46,3.42,3.424,3.42,3.424, 2005
04/07/2020,15:47,3.432,3.432,3.432,3.432, 550
04/07/2020,15:47,3.444,3.444,3.444,3.444, 266
04/07/2020,15:48,3.436,3.436,3.434,3.434, 1204
04/07/2020,15:49,3.438,3.448,3.438,3.448, 3014
04/07/2020,15:52,3.442,3.442,3.432,3.432, 1295
04/07/2020,15:52,3.438,3.45,3.434,3.434, 10111
04/07/2020,15:53,3.444,3.45,3.444,3.45, 2888
04/07/2020,15:54,3.45,3.45,3.448,3.448, 19449
04/07/2020,15:54,3.46,3.46,3.46,3.46, 2896
04/07/2020,15:57,3.454,3.454,3.442,3.45, 7855
04/07/2020,15:58,3.452,3.452,3.452,3.452, 2
04/07/2020,15:59,3.452,3.452,3.452,3.452, 4620
04/07/2020,15:59,3.452,3.452,3.45,3.45, 944
04/07/2020,16:01,3.454,3.454,3.454,3.454, 1370
04/07/2020,16:01,3.458,3.472,3.458,3.47, 4201
04/07/2020,16:03,3.466,3.466,3.466,3.466, 810
04/07/2020,16:04,3.47,3.486,3.47,3.486, 4058
04/07/2020,16:05,3.48,3.48,3.48,3.48, 721
04/07/2020,16:06,3.478,3.484,3.478,3.484, 1981
04/07/2020,16:07,3.49,3.49,3.49,3.49, 982
04/07/2020,16:07,3.494,3.494,3.494,3.494, 272
04/07/2020,16:08,3.494,3.494,3.494,3.494, 1316
04/07/2020,16:09,3.488,3.488,3.486,3.486, 1875
04/07/2020,16:09,3.484,3.484,3.482,3.482, 436
04/07/2020,16:12,3.468,3.468,3.468,3.468, 1172
04/07/2020,16:13,3.474,3.474,3.474,3.474, 500
04/07/2020,16:15,3.46,3.464,3.46,3.464, 4373
04/07/2020,16:16,3.46,3.46,3.448,3.448, 1878
04/07/2020,16:17,3.436,3.436,3.43,3.43, 730
04/07/2020,16:18,3.436,3.436,3.436,3.436, 109
04/07/2020,16:19,3.43,3.43,3.43,3.43, 498
04/07/2020,16:19,3.434,3.442,3.434,3.442, 550
04/07/2020,16:20,3.432,3.432,3.428,3.428, 1000
04/07/2020,16:22,3.43,3.43,3.418,3.418, 2539
04/07/2020,16:24,3.404,3.404,3.404,3.404, 379
04/07/2020,16:29,3.402,3.404,3.4,3.4, 4394
04/07/2020,16:29,3.394,3.398,3.39,3.398, 3353
04/07/2020,16:30,3.39,3.39,3.388,3.388, 800
04/07/2020,16:33,3.402,3.406,3.398,3.406, 5910
04/07/2020,16:37,3.416,3.416,3.398,3.398, 6204
04/07/2020,16:38,3.398,3.398,3.394,3.394, 5764
04/07/2020,16:40,3.394,3.396,3.394,3.394, 3856
04/07/2020,16:43,3.39,3.39,3.39,3.39, 127
04/07/2020,16:43,3.406,3.406,3.406,3.406, 400
04/07/2020,16:44,3.408,3.408,3.408,3.408, 564
04/07/2020,16:44,3.404,3.404,3.384,3.384, 3669
04/07/2020,16:46,3.392,3.392,3.392,3.392, 1490
04/07/2020,16:47,3.388,3.388,3.384,3.384, 1451
04/07/2020,16:48,3.392,3.402,3.392,3.398, 6322
04/07/2020,16:48,3.394,3.394,3.392,3.392, 845
04/07/2020,16:49,3.39,3.39,3.39,3.39, 88
04/07/2020,16:50,3.39,3.39,3.39,3.39, 963
04/07/2020,16:51,3.394,3.396,3.394,3.396, 1540
04/07/2020,16:52,3.386,3.386,3.38,3.38, 2686
04/07/2020,16:52,3.378,3.378,3.37,3.37, 1662
04/07/2020,16:54,3.362,3.368,3.36,3.368, 3271
04/07/2020,16:55,3.36,3.36,3.36,3.36, 616
04/07/2020,17:03,3.378,3.38,3.37,3.38, 4699
04/07/2020,17:04,3.372,3.372,3.372,3.372, 1495
04/07/2020,17:08,3.398,3.398,3.398,3.398, 2774
04/07/2020,17:08,3.404,3.404,3.404,3.404, 247
04/07/2020,17:10,3.396,3.396,3.388,3.39, 1674
04/07/2020,17:12,3.4,3.4,3.4,3.4, 1563
04/07/2020,17:12,3.398,3.398,3.396,3.398, 3764
04/07/2020,17:14,3.394,3.394,3.392,3.392, 1399
04/07/2020,17:15,3.394,3.394,3.394,3.394, 1184
04/07/2020,17:17,3.4,3.4,3.398,3.398, 1827
04/07/2020,17:18,3.394,3.394,3.394,3.394, 1296
04/07/2020,17:19,3.396,3.398,3.394,3.398, 3582
04/07/2020,17:19,3.394,3.394,3.39,3.39, 2562
04/07/2020,17:21,3.392,3.398,3.39,3.398, 5902
04/07/2020,17:22,3.394,3.412,3.39,3.394, 12138
04/07/2020,17:23,3.394,3.394,3.392,3.392, 1256
04/07/2020,17:24,3.396,3.396,3.394,3.394, 920
04/07/2020,17:26,3.402,3.402,3.402,3.402, 91
04/07/2020,17:27,3.402,3.402,3.394,3.394, 3085
04/07/2020,17:28,3.394,3.396,3.394,3.396, 2506
04/07/2020,17:30,3.4,3.4,3.392,3.392, 2645
04/07/2020,17:30,3.398,3.398,3.392,3.394, 1567
04/07/2020,17:30,3.392,3.392,3.39,3.392, 2092
04/07/2020,17:32,3.392,3.392,3.392,3.392, 5
04/07/2020,17:36,3.406,3.406,3.406,3.406, 84159
04/08/2020,09:01,3.448,3.448,3.448,3.448, 624
04/08/2020,09:02,3.408,3.408,3.366,3.392, 11869
04/08/2020,09:02,3.394,3.394,3.394,3.394, 1533
04/08/2020,09:06,3.422,3.47,3.422,3.45, 14217
04/08/2020,09:07,3.47,3.474,3.464,3.464, 2279
04/08/2020,09:10,3.436,3.438,3.436,3.438, 805
04/08/2020,09:24,3.444,3.448,3.444,3.448, 2000
04/08/2020,09:25,3.456,3.464,3.456,3.464, 560
04/08/2020,09:26,3.47,3.48,3.47,3.48, 3397
04/08/2020,09:28,3.508,3.508,3.508,3.508, 10
04/08/2020,09:29,3.486,3.486,3.486,3.486, 1952
04/08/2020,09:31,3.5,3.5,3.5,3.5, 430
04/08/2020,09:32,3.484,3.484,3.48,3.48, 2806
04/08/2020,09:33,3.478,3.478,3.478,3.478, 3890
04/08/2020,09:35,3.496,3.506,3.496,3.5, 7616
04/08/2020,09:36,3.502,3.502,3.494,3.494, 1634
04/08/2020,09:37,3.51,3.514,3.51,3.514, 2947
04/08/2020,09:39,3.53,3.54,3.53,3.54, 1190
04/08/2020,09:42,3.546,3.546,3.546,3.546, 1395
04/08/2020,09:43,3.546,3.56,3.536,3.536, 8374
04/08/2020,09:46,3.528,3.528,3.518,3.518, 3510
04/08/2020,10:02,3.502,3.51,3.496,3.496, 3488
04/08/2020,10:06,3.5,3.508,3.5,3.508, 1070
04/08/2020,10:08,3.508,3.508,3.508,3.508, 185
04/08/2020,10:09,3.506,3.506,3.506,3.506, 415
04/08/2020,10:14,3.518,3.528,3.518,3.528, 6751
04/08/2020,10:14,3.528,3.528,3.522,3.522, 1930
04/08/2020,10:16,3.502,3.502,3.494,3.494, 1889
04/08/2020,10:17,3.47,3.478,3.456,3.478, 3346
04/08/2020,10:23,3.478,3.478,3.47,3.47, 6500
04/08/2020,10:31,3.474,3.474,3.468,3.468, 2531
04/08/2020,10:34,3.454,3.454,3.454,3.454, 625
04/08/2020,10:36,3.46,3.46,3.46,3.46, 762
04/08/2020,10:37,3.458,3.458,3.458,3.458, 225
04/08/2020,10:41,3.472,3.476,3.472,3.476, 1444
04/08/2020,10:53,3.48,3.48,3.48,3.48, 441
04/08/2020,10:55,3.496,3.502,3.496,3.502, 1412
04/08/2020,10:56,3.492,3.492,3.49,3.49, 804
04/08/2020,11:02,3.506,3.52,3.506,3.52, 1249
04/08/2020,11:03,3.506,3.506,3.506,3.506, 441
04/08/2020,11:07,3.52,3.52,3.518,3.518, 6768
04/08/2020,11:07,3.518,3.518,3.512,3.512, 1589
04/08/2020,11:12,3.494,3.496,3.494,3.494, 2554
04/08/2020,11:18,3.492,3.492,3.486,3.486, 3780
04/08/2020,11:21,3.476,3.478,3.438,3.438, 26097
04/08/2020,11:22,3.438,3.44,3.438,3.44, 401
04/08/2020,11:22,3.436,3.436,3.428,3.436, 4895
04/08/2020,11:24,3.434,3.436,3.43,3.434, 5147
04/08/2020,11:24,3.44,3.44,3.44,3.44, 649
04/08/2020,11:26,3.43,3.43,3.43,3.43, 715
04/08/2020,11:27,3.424,3.436,3.424,3.436, 7011
04/08/2020,11:29,3.448,3.45,3.438,3.438, 1000
04/08/2020,11:30,3.45,3.462,3.45,3.462, 1572
04/08/2020,11:31,3.474,3.474,3.474,3.474, 308
04/08/2020,11:32,3.49,3.49,3.49,3.49, 244
04/08/2020,11:34,3.478,3.478,3.472,3.478, 2409
04/08/2020,11:37,3.458,3.458,3.458,3.458, 541
04/08/2020,11:43,3.45,3.45,3.442,3.448, 1873
04/08/2020,11:49,3.446,3.464,3.446,3.464, 1020
04/08/2020,11:51,3.444,3.444,3.44,3.44, 814
04/08/2020,11:51,3.43,3.43,3.43,3.43, 493
04/08/2020,11:53,3.418,3.418,3.418,3.418, 502
04/08/2020,11:54,3.418,3.42,3.418,3.42, 1168
04/08/2020,11:55,3.42,3.42,3.42,3.42, 1561
04/08/2020,11:56,3.43,3.43,3.43,3.43, 281
04/08/2020,11:58,3.44,3.44,3.44,3.44, 5
04/08/2020,12:01,3.43,3.43,3.43,3.43, 342
04/08/2020,12:04,3.436,3.436,3.436,3.436, 954
04/08/2020,12:10,3.424,3.424,3.424,3.424, 615
04/08/2020,12:12,3.428,3.428,3.428,3.428, 830
04/08/2020,12:14,3.422,3.422,3.418,3.418, 1053
04/08/2020,12:22,3.438,3.438,3.438,3.438, 400
04/08/2020,12:25,3.424,3.424,3.424,3.424, 3199
04/08/2020,12:38,3.422,3.422,3.418,3.418, 2473
04/08/2020,12:39,3.418,3.418,3.418,3.418, 713
04/08/2020,12:45,3.418,3.418,3.416,3.416, 879
04/08/2020,12:51,3.41,3.41,3.41,3.41, 483
04/08/2020,12:54,3.422,3.424,3.422,3.422, 1494
04/08/2020,12:55,3.426,3.43,3.426,3.43, 780
04/08/2020,12:57,3.422,3.422,3.42,3.42, 1108
04/08/2020,12:57,3.414,3.414,3.414,3.414, 2015
04/08/2020,13:00,3.404,3.412,3.404,3.404, 3454
04/08/2020,13:00,3.408,3.408,3.408,3.408, 39
04/08/2020,13:03,3.404,3.404,3.4,3.4, 444
04/08/2020,13:08,3.402,3.402,3.402,3.402, 88
04/08/2020,13:12,3.422,3.422,3.414,3.414, 994
04/08/2020,13:13,3.426,3.428,3.426,3.428, 1063
04/08/2020,13:14,3.42,3.42,3.42,3.42, 814
04/08/2020,13:15,3.41,3.41,3.4,3.4, 1957
04/08/2020,13:20,3.406,3.41,3.39,3.39, 6755
04/08/2020,13:20,3.408,3.408,3.4,3.4, 1000
04/08/2020,13:23,3.412,3.42,3.412,3.42, 1090
04/08/2020,13:23,3.412,3.412,3.412,3.412, 571
04/08/2020,13:26,3.422,3.424,3.422,3.422, 863
04/08/2020,13:28,3.416,3.416,3.416,3.416, 550
04/08/2020,13:32,3.412,3.412,3.402,3.402, 4544
04/08/2020,13:32,3.4,3.4,3.4,3.4, 800
04/08/2020,13:35,3.408,3.408,3.408,3.408, 195
04/08/2020,13:41,3.414,3.418,3.414,3.418, 1274
04/08/2020,13:44,3.402,3.402,3.402,3.402, 895
04/08/2020,13:45,3.41,3.41,3.41,3.41, 452
04/08/2020,13:50,3.424,3.426,3.424,3.426, 1306
04/08/2020,14:05,3.448,3.448,3.448,3.448, 3500
04/08/2020,14:07,3.458,3.458,3.458,3.458, 364
04/08/2020,14:09,3.452,3.456,3.43,3.43, 5920
04/08/2020,14:09,3.43,3.43,3.43,3.43, 480
04/08/2020,14:10,3.43,3.43,3.43,3.43, 500
04/08/2020,14:12,3.422,3.422,3.422,3.422, 463
04/08/2020,14:22,3.442,3.448,3.442,3.448, 1391
04/08/2020,14:31,3.452,3.454,3.452,3.454, 616
04/08/2020,14:31,3.458,3.458,3.458,3.458, 500
04/08/2020,14:37,3.464,3.466,3.464,3.466, 712
04/08/2020,14:39,3.438,3.438,3.438,3.438, 500
04/08/2020,14:47,3.456,3.456,3.454,3.454, 1044
04/08/2020,14:49,3.446,3.446,3.446,3.446, 433
04/08/2020,14:50,3.46,3.46,3.46,3.46, 281
04/08/2020,14:53,3.452,3.452,3.452,3.452, 49
04/08/2020,14:57,3.456,3.456,3.456,3.456, 500
04/08/2020,14:58,3.448,3.448,3.448,3.448, 491
04/08/2020,15:00,3.452,3.452,3.452,3.452, 1000
04/08/2020,15:07,3.466,3.47,3.466,3.47, 584
04/08/2020,15:08,3.47,3.474,3.45,3.45, 2369
04/08/2020,15:12,3.444,3.444,3.442,3.442, 770
04/08/2020,15:17,3.452,3.452,3.452,3.452, 665
04/08/2020,15:19,3.45,3.45,3.444,3.444, 613
04/08/2020,15:20,3.45,3.452,3.45,3.452, 46
04/08/2020,15:26,3.456,3.456,3.442,3.446, 5547
04/08/2020,15:28,3.438,3.444,3.438,3.44, 3218
04/08/2020,15:28,3.428,3.428,3.428,3.428, 571
04/08/2020,15:29,3.436,3.436,3.436,3.436, 1204
04/08/2020,15:30,3.432,3.438,3.432,3.438, 827
04/08/2020,15:35,3.432,3.432,3.432,3.432, 630
04/08/2020,15:36,3.436,3.436,3.432,3.434, 1910
04/08/2020,15:38,3.43,3.43,3.426,3.426, 1228
04/08/2020,15:43,3.444,3.446,3.444,3.446, 794
04/08/2020,15:47,3.452,3.458,3.452,3.458, 2000
04/08/2020,15:48,3.44,3.44,3.44,3.44, 464
04/08/2020,15:50,3.45,3.458,3.45,3.458, 1100
04/08/2020,15:50,3.436,3.436,3.434,3.434, 557
04/08/2020,15:52,3.43,3.432,3.422,3.432, 2693
04/08/2020,15:53,3.428,3.43,3.426,3.43, 2820
04/08/2020,15:58,3.43,3.43,3.426,3.426, 1033
04/08/2020,15:59,3.426,3.426,3.414,3.42, 3169
04/08/2020,16:00,3.414,3.414,3.414,3.414, 1286
04/08/2020,16:02,3.416,3.418,3.416,3.418, 840
04/08/2020,16:08,3.422,3.43,3.422,3.43, 1200
04/08/2020,16:09,3.41,3.41,3.392,3.392, 2169
04/08/2020,16:13,3.39,3.398,3.39,3.394, 3374
04/08/2020,16:13,3.404,3.406,3.404,3.406, 2772
04/08/2020,16:20,3.422,3.424,3.414,3.414, 2143
04/08/2020,16:25,3.422,3.422,3.422,3.422, 783
04/08/2020,16:26,3.422,3.422,3.422,3.422, 226
04/08/2020,16:27,3.42,3.42,3.414,3.414, 2344
04/08/2020,16:28,3.41,3.41,3.408,3.408, 961
04/08/2020,16:43,3.412,3.412,3.41,3.412, 3099
04/08/2020,16:43,3.406,3.406,3.382,3.382, 12379
04/08/2020,16:46,3.398,3.406,3.398,3.406, 1840
04/08/2020,16:47,3.408,3.41,3.408,3.41, 492
04/08/2020,17:05,3.412,3.412,3.41,3.41, 1229
04/08/2020,17:08,3.41,3.41,3.408,3.408, 1435
04/08/2020,17:09,3.414,3.414,3.414,3.414, 476
04/08/2020,17:10,3.42,3.424,3.42,3.424, 1350
04/08/2020,17:10,3.414,3.414,3.414,3.414, 541
04/08/2020,17:12,3.428,3.43,3.428,3.43, 1000
04/08/2020,17:13,3.424,3.424,3.422,3.422, 573
04/08/2020,17:13,3.426,3.426,3.426,3.426, 300
04/08/2020,17:18,3.43,3.434,3.42,3.42, 3696
04/08/2020,17:22,3.428,3.436,3.428,3.436, 1807
04/08/2020,17:22,3.438,3.438,3.438,3.438, 1842
04/08/2020,17:24,3.438,3.44,3.434,3.44, 524
04/08/2020,17:26,3.444,3.444,3.444,3.444, 418
04/08/2020,17:27,3.436,3.44,3.434,3.434, 2077
04/08/2020,17:27,3.442,3.442,3.442,3.442, 410
04/08/2020,17:29,3.436,3.438,3.436,3.438, 639
04/08/2020,17:30,3.44,3.44,3.43,3.43, 582
04/08/2020,17:31,3.43,3.43,3.43,3.43, 359
04/08/2020,17:36,3.432,3.432,3.432,3.432, 48974
04/09/2020,09:01,3.47,3.478,3.47,3.478, 5451
04/09/2020,09:03,3.478,3.482,3.478,3.482, 2014
04/09/2020,09:03,3.488,3.526,3.488,3.526, 2123
04/09/2020,09:05,3.52,3.52,3.52,3.52, 150
04/09/2020,09:06,3.526,3.548,3.526,3.532, 4694
04/09/2020,09:15,3.574,3.576,3.526,3.534, 6283
04/09/2020,09:18,3.534,3.546,3.534,3.546, 3237
04/09/2020,09:21,3.57,3.57,3.57,3.57, 1100
04/09/2020,09:22,3.55,3.55,3.54,3.54, 1636
04/09/2020,09:28,3.552,3.552,3.552,3.552, 700
04/09/2020,09:28,3.524,3.524,3.52,3.52, 1784
04/09/2020,09:30,3.526,3.538,3.526,3.528, 3026
04/09/2020,09:32,3.536,3.538,3.536,3.538, 741
04/09/2020,09:33,3.546,3.556,3.546,3.556, 2212
04/09/2020,09:35,3.564,3.568,3.564,3.568, 357
04/09/2020,09:40,3.568,3.568,3.546,3.546, 8168
04/09/2020,09:41,3.56,3.57,3.556,3.562, 4236
04/09/2020,09:42,3.556,3.556,3.548,3.548, 1738
04/09/2020,09:43,3.542,3.544,3.542,3.542, 1642
04/09/2020,09:45,3.53,3.53,3.53,3.53, 207
04/09/2020,09:48,3.534,3.534,3.534,3.534, 586
04/09/2020,09:48,3.534,3.536,3.534,3.536, 957
04/09/2020,09:51,3.516,3.516,3.502,3.514, 5221
04/09/2020,09:53,3.514,3.514,3.512,3.512, 981
04/09/2020,09:53,3.52,3.524,3.52,3.524, 1150
04/09/2020,09:57,3.516,3.516,3.516,3.516, 145
04/09/2020,09:57,3.512,3.518,3.51,3.518, 3145
04/09/2020,09:59,3.524,3.528,3.524,3.528, 427
04/09/2020,10:00,3.536,3.536,3.536,3.536, 1031
04/09/2020,10:01,3.552,3.552,3.552,3.552, 325
04/09/2020,10:03,3.544,3.554,3.542,3.554, 4933
04/09/2020,10:04,3.548,3.566,3.548,3.566, 1922
04/09/2020,10:05,3.556,3.556,3.556,3.556, 1092
04/09/2020,10:07,3.566,3.566,3.566,3.566, 1125
04/09/2020,10:07,3.554,3.554,3.546,3.554, 5121
04/09/2020,10:10,3.574,3.584,3.574,3.584, 10556
04/09/2020,10:11,3.588,3.588,3.588,3.588, 699
04/09/2020,10:14,3.594,3.594,3.594,3.594, 126
04/09/2020,10:15,3.59,3.62,3.588,3.62, 6547
04/09/2020,10:16,3.614,3.62,3.61,3.61, 6543
04/09/2020,10:17,3.606,3.614,3.606,3.614, 1406
04/09/2020,10:19,3.624,3.626,3.622,3.622, 2040
04/09/2020,10:20,3.618,3.626,3.614,3.626, 12116
04/09/2020,10:24,3.644,3.644,3.626,3.644, 717
04/09/2020,10:25,3.644,3.644,3.644,3.644, 522
04/09/2020,10:26,3.634,3.65,3.632,3.65, 3112
04/09/2020,10:26,3.65,3.65,3.65,3.65, 126
04/09/2020,10:27,3.642,3.644,3.64,3.644, 4207
04/09/2020,10:29,3.642,3.642,3.642,3.642, 300
04/09/2020,10:29,3.632,3.632,3.626,3.626, 1878
04/09/2020,10:30,3.618,3.618,3.618,3.618, 302
04/09/2020,10:33,3.608,3.608,3.606,3.606, 1044
04/09/2020,10:36,3.586,3.586,3.586,3.586, 1100
04/09/2020,10:38,3.576,3.578,3.576,3.578, 3291
04/09/2020,10:41,3.556,3.556,3.522,3.522, 8092
04/09/2020,10:43,3.54,3.552,3.54,3.552, 5554
04/09/2020,10:44,3.568,3.57,3.568,3.57, 3976
04/09/2020,10:45,3.558,3.558,3.552,3.558, 1570
04/09/2020,10:50,3.574,3.574,3.574,3.574, 401
04/09/2020,10:54,3.584,3.584,3.57,3.576, 1504
04/09/2020,10:55,3.57,3.574,3.566,3.566, 1951
04/09/2020,10:57,3.566,3.566,3.558,3.558, 864
04/09/2020,10:58,3.55,3.55,3.55,3.55, 1756
04/09/2020,11:01,3.57,3.574,3.57,3.574, 1400
04/09/2020,11:01,3.57,3.57,3.57,3.57, 145
04/09/2020,11:04,3.57,3.57,3.566,3.57, 4635
04/09/2020,11:05,3.57,3.57,3.57,3.57, 1188
04/09/2020,11:06,3.564,3.564,3.558,3.558, 1750
04/09/2020,11:09,3.548,3.548,3.548,3.548, 540
04/09/2020,11:11,3.544,3.544,3.544,3.544, 66
04/09/2020,11:12,3.542,3.542,3.542,3.542, 78
04/09/2020,11:13,3.524,3.524,3.52,3.52, 1339
04/09/2020,11:16,3.522,3.524,3.522,3.524, 434
04/09/2020,11:18,3.514,3.514,3.512,3.512, 863
04/09/2020,11:21,3.528,3.528,3.528,3.528, 338
04/09/2020,11:22,3.528,3.528,3.528,3.528, 87
04/09/2020,11:23,3.528,3.534,3.528,3.534, 198
04/09/2020,11:25,3.534,3.538,3.534,3.536, 2548
04/09/2020,11:26,3.542,3.542,3.542,3.542, 132
04/09/2020,11:27,3.548,3.548,3.542,3.542, 1448
04/09/2020,11:29,3.554,3.554,3.54,3.54, 4053
04/09/2020,11:30,3.554,3.56,3.554,3.56, 6811
04/09/2020,11:30,3.564,3.564,3.564,3.564, 911
04/09/2020,11:32,3.58,3.58,3.574,3.578, 1719
04/09/2020,11:33,3.576,3.576,3.576,3.576, 1000
04/09/2020,11:34,3.576,3.576,3.572,3.576, 1356
04/09/2020,11:36,3.562,3.562,3.562,3.562, 404
04/09/2020,11:39,3.564,3.564,3.56,3.56, 1106
04/09/2020,11:40,3.548,3.548,3.548,3.548, 826
04/09/2020,11:42,3.542,3.542,3.542,3.542, 971
04/09/2020,11:44,3.546,3.546,3.546,3.546, 74
04/09/2020,11:45,3.546,3.55,3.546,3.546, 2220
04/09/2020,11:46,3.544,3.552,3.544,3.552, 6000
04/09/2020,11:48,3.55,3.566,3.55,3.566, 7536
04/09/2020,11:49,3.57,3.57,3.55,3.554, 2476
04/09/2020,11:51,3.558,3.558,3.55,3.55, 670
04/09/2020,11:53,3.538,3.542,3.536,3.538, 4930
04/09/2020,11:58,3.522,3.522,3.522,3.522, 233
04/09/2020,12:03,3.536,3.536,3.536,3.536, 51
04/09/2020,12:06,3.54,3.54,3.54,3.54, 79
04/09/2020,12:06,3.54,3.54,3.54,3.54, 976
04/09/2020,12:13,3.55,3.55,3.55,3.55, 207
04/09/2020,12:15,3.542,3.542,3.528,3.528, 3487
04/09/2020,12:28,3.508,3.508,3.508,3.508, 862
04/09/2020,12:34,3.504,3.504,3.504,3.504, 905
04/09/2020,12:36,3.516,3.516,3.516,3.516, 136
04/09/2020,12:38,3.516,3.52,3.5,3.5, 7610
04/09/2020,12:39,3.49,3.49,3.484,3.484, 894
04/09/2020,12:40,3.484,3.488,3.472,3.472, 4142
04/09/2020,12:41,3.474,3.482,3.474,3.482, 1613
04/09/2020,12:43,3.486,3.494,3.484,3.484, 1702
04/09/2020,12:46,3.498,3.498,3.498,3.498, 500
04/09/2020,12:49,3.496,3.496,3.49,3.49, 227
04/09/2020,12:50,3.49,3.49,3.49,3.49, 442
04/09/2020,12:52,3.49,3.49,3.49,3.49, 195
04/09/2020,12:58,3.504,3.504,3.504,3.504, 106
04/09/2020,12:58,3.504,3.518,3.504,3.516, 5554
04/09/2020,13:03,3.53,3.53,3.53,3.53, 1993
04/09/2020,13:06,3.544,3.548,3.544,3.548, 11772
04/09/2020,13:10,3.53,3.53,3.53,3.53, 541
04/09/2020,13:11,3.516,3.52,3.516,3.52, 1454
04/09/2020,13:25,3.52,3.52,3.52,3.52, 596
04/09/2020,13:26,3.514,3.516,3.514,3.516, 1000
04/09/2020,13:30,3.5,3.502,3.5,3.502, 592
04/09/2020,13:31,3.488,3.488,3.48,3.48, 6128
04/09/2020,13:33,3.488,3.492,3.488,3.492, 2068
04/09/2020,13:38,3.504,3.504,3.504,3.504, 84
04/09/2020,13:38,3.506,3.506,3.506,3.506, 600
04/09/2020,13:40,3.514,3.514,3.51,3.51, 155
04/09/2020,13:42,3.5,3.5,3.5,3.5, 570
04/09/2020,13:47,3.498,3.498,3.498,3.498, 638
04/09/2020,13:47,3.502,3.506,3.502,3.506, 1032
04/09/2020,13:50,3.51,3.522,3.51,3.522, 926
04/09/2020,13:50,3.51,3.51,3.51,3.51, 562
04/09/2020,13:56,3.504,3.504,3.504,3.504, 401
04/09/2020,14:00,3.52,3.52,3.506,3.506, 2882
04/09/2020,14:03,3.498,3.498,3.498,3.498, 1694
04/09/2020,14:04,3.504,3.504,3.504,3.504, 93
04/09/2020,14:08,3.498,3.498,3.498,3.498, 450
04/09/2020,14:09,3.494,3.494,3.494,3.494, 476
04/09/2020,14:10,3.492,3.492,3.492,3.492, 776
04/09/2020,14:14,3.496,3.496,3.496,3.496, 113
04/09/2020,14:20,3.488,3.488,3.488,3.488, 1350
04/09/2020,14:24,3.492,3.494,3.492,3.494, 1135
04/09/2020,14:30,3.492,3.492,3.492,3.492, 240
04/09/2020,14:31,3.498,3.5,3.498,3.5, 1174
04/09/2020,14:32,3.522,3.522,3.522,3.522, 296
04/09/2020,14:32,3.528,3.528,3.528,3.528, 560
04/09/2020,14:34,3.524,3.524,3.52,3.52, 2437
04/09/2020,14:36,3.53,3.53,3.53,3.53, 1288
04/09/2020,14:39,3.51,3.51,3.51,3.51, 1351
04/09/2020,14:45,3.51,3.51,3.51,3.51, 71
04/09/2020,14:45,3.508,3.508,3.508,3.508, 73
04/09/2020,14:46,3.504,3.504,3.504,3.504, 89
04/09/2020,14:49,3.506,3.506,3.506,3.506, 1924
04/09/2020,14:50,3.522,3.522,3.522,3.522, 171
04/09/2020,14:50,3.522,3.532,3.522,3.532, 901
04/09/2020,14:52,3.546,3.548,3.546,3.546, 1417
04/09/2020,14:53,3.538,3.538,3.538,3.538, 1053
04/09/2020,14:55,3.54,3.54,3.54,3.54, 82
04/09/2020,14:57,3.542,3.542,3.542,3.542, 82
04/09/2020,14:57,3.542,3.542,3.542,3.542, 1095
04/09/2020,14:59,3.552,3.552,3.54,3.54, 1689
04/09/2020,15:04,3.55,3.55,3.538,3.538, 1863
04/09/2020,15:08,3.54,3.54,3.538,3.538, 526
04/09/2020,15:08,3.538,3.538,3.538,3.538, 33
04/09/2020,15:10,3.548,3.55,3.548,3.55, 1351
04/09/2020,15:11,3.538,3.542,3.538,3.542, 686
04/09/2020,15:15,3.532,3.532,3.532,3.532, 452
04/09/2020,15:16,3.536,3.554,3.536,3.554, 10000
04/09/2020,15:17,3.546,3.546,3.526,3.526, 1706
04/09/2020,15:20,3.526,3.526,3.526,3.526, 2129
04/09/2020,15:25,3.564,3.564,3.564,3.564, 85
04/09/2020,15:26,3.554,3.556,3.548,3.556, 1894
04/09/2020,15:27,3.56,3.56,3.56,3.56, 1179
04/09/2020,15:33,3.57,3.58,3.57,3.58, 6646
04/09/2020,15:34,3.59,3.59,3.568,3.568, 3193
04/09/2020,15:35,3.558,3.558,3.558,3.558, 219
04/09/2020,15:37,3.568,3.568,3.568,3.568, 406
04/09/2020,15:42,3.574,3.578,3.574,3.578, 4257
04/09/2020,15:42,3.572,3.58,3.57,3.58, 4126
04/09/2020,15:43,3.584,3.584,3.564,3.564, 3893
04/09/2020,15:44,3.568,3.57,3.568,3.57, 760
04/09/2020,15:45,3.556,3.556,3.556,3.556, 23
04/09/2020,15:46,3.56,3.562,3.56,3.562, 1201
04/09/2020,15:50,3.552,3.554,3.548,3.548, 2616
04/09/2020,15:51,3.536,3.536,3.536,3.536, 4615
04/09/2020,15:52,3.544,3.544,3.544,3.544, 300
04/09/2020,15:54,3.554,3.56,3.554,3.554, 1177
04/09/2020,15:56,3.556,3.558,3.556,3.556, 983
04/09/2020,15:57,3.584,3.584,3.584,3.584, 300
04/09/2020,16:05,3.59,3.59,3.58,3.58, 3046
04/09/2020,16:05,3.566,3.566,3.566,3.566, 227
04/09/2020,16:07,3.552,3.552,3.55,3.55, 294
04/09/2020,16:08,3.536,3.536,3.536,3.536, 223
04/09/2020,16:08,3.53,3.536,3.528,3.536, 6427
04/09/2020,16:09,3.538,3.538,3.538,3.538, 135
04/09/2020,16:10,3.54,3.54,3.54,3.54, 553
04/09/2020,16:13,3.558,3.558,3.558,3.558, 119
04/09/2020,16:15,3.57,3.57,3.57,3.57, 93
04/09/2020,16:21,3.552,3.554,3.54,3.54, 3114
04/09/2020,16:23,3.526,3.53,3.524,3.53, 1242
04/09/2020,16:25,3.508,3.51,3.502,3.51, 5562
04/09/2020,16:26,3.52,3.52,3.52,3.52, 117
04/09/2020,16:27,3.52,3.52,3.52,3.52, 930
04/09/2020,16:28,3.516,3.516,3.506,3.512, 5291
04/09/2020,16:28,3.52,3.52,3.52,3.52, 1232
04/09/2020,16:29,3.528,3.528,3.528,3.528, 793
04/09/2020,16:30,3.522,3.522,3.508,3.516, 6452
04/09/2020,16:33,3.508,3.508,3.508,3.508, 157
04/09/2020,16:34,3.51,3.516,3.51,3.516, 3640
04/09/2020,16:35,3.52,3.52,3.52,3.52, 1107
04/09/2020,16:36,3.524,3.524,3.52,3.52, 741
04/09/2020,16:37,3.524,3.528,3.524,3.524, 4705
04/09/2020,16:38,3.53,3.532,3.53,3.532, 1129
04/09/2020,16:39,3.534,3.534,3.532,3.532, 665
04/09/2020,16:48,3.536,3.536,3.536,3.536, 215
04/09/2020,16:49,3.536,3.536,3.536,3.536, 76
04/09/2020,16:50,3.524,3.534,3.52,3.53, 2661
04/09/2020,16:50,3.524,3.524,3.514,3.514, 1000
04/09/2020,16:52,3.516,3.516,3.516,3.516, 500
04/09/2020,16:54,3.522,3.522,3.522,3.522, 1268
04/09/2020,17:00,3.528,3.528,3.514,3.52, 392
04/09/2020,17:01,3.516,3.516,3.516,3.516, 746
04/09/2020,17:05,3.512,3.518,3.508,3.518, 2119
04/09/2020,17:06,3.516,3.516,3.516,3.516, 104
04/09/2020,17:08,3.508,3.516,3.506,3.516, 9472
04/09/2020,17:13,3.538,3.558,3.538,3.558, 2062
04/09/2020,17:14,3.57,3.57,3.55,3.55, 5176
04/09/2020,17:15,3.552,3.566,3.552,3.562, 5183
04/09/2020,17:17,3.568,3.568,3.562,3.562, 1830
04/09/2020,17:17,3.574,3.574,3.574,3.574, 441
04/09/2020,17:19,3.58,3.58,3.58,3.58, 800
04/09/2020,17:21,3.574,3.578,3.574,3.578, 2468
04/09/2020,17:22,3.58,3.584,3.58,3.584, 3802
04/09/2020,17:23,3.576,3.588,3.574,3.588, 2403
04/09/2020,17:24,3.578,3.58,3.576,3.58, 1320
04/09/2020,17:26,3.572,3.578,3.572,3.572, 3198
04/09/2020,17:28,3.572,3.604,3.572,3.604, 6885
04/09/2020,17:30,3.606,3.624,3.602,3.614, 11720
04/09/2020,17:30,3.616,3.63,3.616,3.618, 7563
04/09/2020,17:32,3.618,3.618,3.618,3.618, 4
04/09/2020,17:36,3.618,3.618,3.618,3.618, 66383
04/14/2020,09:01,3.6,3.6,3.6,3.6, 26597
04/14/2020,09:03,3.6,3.84,3.6,3.816, 35685
04/14/2020,09:04,3.818,3.84,3.818,3.84, 2943
04/14/2020,09:05,3.82,3.82,3.82,3.82, 700
04/14/2020,09:06,3.84,3.84,3.84,3.84, 22
04/14/2020,09:08,3.838,3.84,3.82,3.82, 3376
04/14/2020,09:09,3.814,3.814,3.776,3.776, 8902
04/14/2020,09:10,3.698,3.724,3.698,3.724, 3380
04/14/2020,09:15,3.7,3.702,3.69,3.702, 1643
04/14/2020,09:18,3.682,3.682,3.68,3.68, 492
04/14/2020,09:21,3.654,3.654,3.65,3.65, 1090
04/14/2020,09:24,3.662,3.662,3.662,3.662, 594
04/14/2020,14:08,3.77,3.77,3.77,3.77, 6210
04/14/2020,14:10,3.782,3.79,3.782,3.79, 1674
04/14/2020,14:11,3.754,3.788,3.754,3.754, 10118
04/14/2020,14:12,3.748,3.748,3.748,3.748, 1945
04/14/2020,14:12,3.75,3.75,3.748,3.748, 3253
04/14/2020,14:14,3.754,3.754,3.748,3.748, 5587
04/14/2020,14:19,3.772,3.772,3.772,3.772, 513
04/14/2020,14:22,3.762,3.762,3.758,3.762, 3703
04/14/2020,14:25,3.766,3.766,3.766,3.766, 256
04/14/2020,14:25,3.768,3.768,3.768,3.768, 112
04/14/2020,14:28,3.76,3.76,3.76,3.76, 2087
04/14/2020,14:37,3.768,3.776,3.762,3.762, 3716
04/14/2020,14:38,3.758,3.758,3.752,3.752, 3061
04/14/2020,14:41,3.746,3.746,3.746,3.746, 205
04/14/2020,14:43,3.748,3.748,3.748,3.748, 87
04/14/2020,14:48,3.744,3.748,3.744,3.748, 540
04/14/2020,14:50,3.756,3.756,3.756,3.756, 170
04/14/2020,14:52,3.752,3.752,3.752,3.752, 200
04/14/2020,14:55,3.75,3.764,3.75,3.764, 1060
04/14/2020,15:00,3.756,3.756,3.754,3.754, 2134
04/14/2020,15:04,3.75,3.75,3.75,3.75, 298
04/14/2020,15:06,3.76,3.782,3.76,3.782, 1554
04/14/2020,15:06,3.788,3.788,3.788,3.788, 115
04/14/2020,15:09,3.792,3.804,3.792,3.804, 1077
04/14/2020,15:12,3.8,3.804,3.796,3.804, 2648
04/14/2020,15:16,3.816,3.816,3.816,3.816, 126
04/14/2020,15:19,3.818,3.84,3.818,3.84, 1451
04/14/2020,15:22,3.83,3.838,3.824,3.824, 1954
04/14/2020,15:23,3.82,3.82,3.818,3.818, 14570
04/14/2020,15:25,3.83,3.83,3.824,3.824, 1087
04/14/2020,15:26,3.836,3.86,3.836,3.854, 19247
04/14/2020,15:28,3.87,3.886,3.87,3.878, 5693
04/14/2020,15:29,3.868,3.892,3.862,3.892, 9672
04/14/2020,15:30,3.892,3.9,3.892,3.896, 2201
04/14/2020,15:31,3.9,3.9,3.884,3.884, 4784
04/14/2020,15:31,3.87,3.87,3.866,3.866, 1275
04/14/2020,15:34,3.876,3.876,3.866,3.876, 827
04/14/2020,15:35,3.862,3.872,3.862,3.872, 900
04/14/2020,15:35,3.872,3.872,3.872,3.872, 218
04/14/2020,15:40,3.88,3.88,3.872,3.872, 456
04/14/2020,15:42,3.874,3.874,3.874,3.874, 1514
04/14/2020,15:44,3.876,3.876,3.876,3.876, 124
04/14/2020,15:47,3.874,3.888,3.874,3.878, 8385
04/14/2020,15:47,3.878,3.9,3.878,3.89, 4602
04/14/2020,15:48,3.902,3.902,3.902,3.902, 221
04/14/2020,15:52,3.906,3.906,3.894,3.894, 1423
04/14/2020,15:53,3.894,3.894,3.884,3.884, 2679
04/14/2020,15:56,3.894,3.894,3.894,3.894, 116
04/14/2020,15:57,3.894,3.894,3.894,3.894, 104
04/14/2020,15:58,3.894,3.894,3.894,3.894, 106
04/14/2020,15:59,3.894,3.894,3.864,3.864, 3393
04/14/2020,16:00,3.848,3.848,3.848,3.848, 601
04/14/2020,16:00,3.852,3.862,3.852,3.858, 2063
04/14/2020,16:01,3.864,3.864,3.864,3.864, 524
04/14/2020,16:04,3.864,3.864,3.864,3.864, 1027
04/14/2020,16:04,3.866,3.866,3.866,3.866, 78
04/14/2020,16:06,3.856,3.856,3.844,3.844, 2082
04/14/2020,16:06,3.844,3.844,3.844,3.844, 252
04/14/2020,16:09,3.838,3.858,3.832,3.858, 3393
04/14/2020,16:10,3.856,3.856,3.856,3.856, 529
04/14/2020,16:11,3.846,3.846,3.846,3.846, 532
04/14/2020,16:12,3.848,3.856,3.842,3.85, 8486
04/14/2020,16:12,3.852,3.852,3.842,3.842, 3302
04/14/2020,16:13,3.836,3.85,3.832,3.85, 7102
04/14/2020,16:14,3.85,3.852,3.846,3.846, 2745
04/14/2020,16:16,3.85,3.856,3.85,3.85, 6291
04/14/2020,16:17,3.844,3.844,3.844,3.844, 287
04/14/2020,16:19,3.832,3.832,3.832,3.832, 66
04/14/2020,16:20,3.844,3.846,3.844,3.846, 1204
04/14/2020,16:20,3.846,3.846,3.846,3.846, 1281
04/14/2020,16:22,3.844,3.844,3.844,3.844, 420
04/14/2020,16:23,3.844,3.844,3.844,3.844, 1600
04/14/2020,16:24,3.842,3.842,3.84,3.84, 1120
04/14/2020,16:25,3.836,3.836,3.828,3.828, 2077
04/14/2020,16:28,3.826,3.826,3.814,3.814, 1127
04/14/2020,16:29,3.808,3.808,3.808,3.808, 270
04/14/2020,16:30,3.8,3.8,3.8,3.8, 50
04/14/2020,16:30,3.808,3.808,3.808,3.808, 225
04/14/2020,16:31,3.81,3.81,3.81,3.81, 86
04/14/2020,16:33,3.804,3.804,3.796,3.796, 610
04/14/2020,16:35,3.792,3.794,3.792,3.794, 968
04/14/2020,16:37,3.79,3.79,3.79,3.79, 286
04/14/2020,16:38,3.798,3.798,3.798,3.798, 205
04/14/2020,16:38,3.8,3.8,3.8,3.8, 67
04/14/2020,16:39,3.792,3.792,3.79,3.79, 1379
04/14/2020,16:40,3.782,3.782,3.778,3.778, 1127
04/14/2020,16:43,3.772,3.774,3.772,3.774, 1074
04/14/2020,16:44,3.768,3.77,3.768,3.77, 1534
04/14/2020,16:46,3.774,3.796,3.774,3.796, 10627
04/14/2020,16:47,3.79,3.79,3.79,3.79, 539
04/14/2020,16:50,3.796,3.796,3.796,3.796, 196
04/14/2020,16:52,3.796,3.796,3.796,3.796, 76
04/14/2020,16:53,3.796,3.796,3.796,3.796, 76
04/14/2020,16:56,3.784,3.784,3.782,3.782, 1391
04/14/2020,17:00,3.772,3.776,3.772,3.776, 253
04/14/2020,17:01,3.774,3.774,3.77,3.77, 4000
04/14/2020,17:03,3.798,3.798,3.798,3.798, 70
04/14/2020,17:05,3.788,3.788,3.766,3.766, 2398
04/14/2020,17:10,3.768,3.768,3.764,3.768, 1038
04/14/2020,17:12,3.762,3.762,3.762,3.762, 786
04/14/2020,17:13,3.756,3.756,3.75,3.75, 469
04/14/2020,17:16,3.752,3.752,3.75,3.75, 645
04/14/2020,17:16,3.744,3.744,3.742,3.742, 123
04/14/2020,17:19,3.744,3.744,3.74,3.74, 1005
04/14/2020,17:22,3.726,3.726,3.726,3.726, 314
04/14/2020,17:22,3.726,3.726,3.72,3.72, 5000
04/14/2020,17:25,3.734,3.74,3.734,3.74, 959
04/14/2020,17:26,3.74,3.74,3.736,3.736, 513
04/14/2020,17:29,3.74,3.74,3.728,3.736, 2683
04/14/2020,17:30,3.736,3.74,3.732,3.738, 1273
04/14/2020,17:36,3.726,3.726,3.726,3.726, 97897
04/15/2020,09:01,3.804,3.804,3.8,3.8, 2567
04/15/2020,09:06,3.77,3.77,3.704,3.722, 14604
04/15/2020,09:07,3.73,3.73,3.73,3.73, 360
04/15/2020,09:08,3.71,3.718,3.7,3.718, 3600
04/15/2020,09:09,3.702,3.722,3.702,3.722, 911
04/15/2020,09:10,3.742,3.752,3.738,3.74, 4693
04/15/2020,09:11,3.722,3.722,3.714,3.714, 2430
04/15/2020,09:12,3.694,3.694,3.68,3.68, 3055
04/15/2020,09:16,3.666,3.666,3.666,3.666, 265
04/15/2020,09:16,3.65,3.65,3.646,3.646, 700
04/15/2020,09:23,3.64,3.656,3.612,3.656, 15507
04/15/2020,09:24,3.65,3.65,3.65,3.65, 1218
04/15/2020,09:24,3.64,3.64,3.64,3.64, 3000
04/15/2020,09:30,3.64,3.64,3.632,3.632, 4208
04/15/2020,09:31,3.636,3.636,3.6,3.6, 2400
04/15/2020,09:33,3.612,3.63,3.612,3.63, 4275
04/15/2020,09:33,3.63,3.63,3.63,3.63, 1011
04/15/2020,09:36,3.642,3.642,3.642,3.642, 835
04/15/2020,09:37,3.644,3.662,3.644,3.662, 7403
04/15/2020,09:42,3.656,3.656,3.644,3.644, 3227
04/15/2020,09:45,3.664,3.668,3.664,3.668, 1000
04/15/2020,10:02,3.628,3.63,3.628,3.63, 2941
04/15/2020,10:03,3.648,3.648,3.648,3.648, 600
04/15/2020,10:03,3.662,3.662,3.662,3.662, 874
04/15/2020,10:08,3.644,3.644,3.634,3.634, 832
04/15/2020,10:14,3.618,3.618,3.614,3.614, 1455
04/15/2020,10:28,3.6,3.6,3.6,3.6, 200
04/15/2020,10:29,3.584,3.584,3.582,3.584, 650
04/15/2020,10:50,3.57,3.59,3.57,3.59, 3432
04/15/2020,10:51,3.576,3.586,3.574,3.574, 1605
04/15/2020,10:57,3.554,3.554,3.55,3.55, 1840
04/15/2020,11:00,3.542,3.542,3.538,3.538, 1265
04/15/2020,11:06,3.54,3.566,3.536,3.552, 7914
04/15/2020,11:25,3.54,3.54,3.54,3.54, 545
04/15/2020,11:26,3.548,3.548,3.548,3.548, 500
04/15/2020,11:30,3.538,3.548,3.538,3.54, 1362
04/15/2020,11:31,3.536,3.546,3.524,3.536, 9936
04/15/2020,11:34,3.532,3.532,3.52,3.52, 850
04/15/2020,11:47,3.598,3.598,3.552,3.552, 4586
04/15/2020,11:53,3.55,3.55,3.532,3.532, 1040
04/15/2020,11:54,3.532,3.54,3.52,3.53, 7638
04/15/2020,11:58,3.536,3.536,3.536,3.536, 151
04/15/2020,12:01,3.536,3.536,3.536,3.536, 139
04/15/2020,12:03,3.534,3.534,3.534,3.534, 500
04/15/2020,12:09,3.534,3.54,3.534,3.534, 2748
04/15/2020,12:12,3.53,3.53,3.524,3.526, 3681
04/15/2020,12:15,3.52,3.54,3.52,3.538, 7358
04/15/2020,12:20,3.544,3.544,3.544,3.544, 125
04/15/2020,12:21,3.544,3.544,3.544,3.544, 239
04/15/2020,12:22,3.546,3.546,3.542,3.542, 545
04/15/2020,12:27,3.542,3.55,3.542,3.55, 3000
04/15/2020,12:30,3.56,3.56,3.56,3.56, 67
04/15/2020,12:35,3.56,3.56,3.54,3.542, 1436
04/15/2020,12:38,3.53,3.538,3.53,3.534, 2832
04/15/2020,12:38,3.538,3.542,3.538,3.542, 514
04/15/2020,12:43,3.564,3.564,3.556,3.556, 610
04/15/2020,12:44,3.562,3.562,3.552,3.556, 3543
04/15/2020,12:51,3.552,3.552,3.552,3.552, 63
04/15/2020,12:51,3.55,3.55,3.55,3.55, 64
04/15/2020,12:53,3.55,3.558,3.55,3.558, 2115
04/15/2020,12:54,3.546,3.546,3.546,3.546, 402
04/15/2020,12:56,3.548,3.548,3.548,3.548, 787
04/15/2020,12:59,3.562,3.562,3.562,3.562, 70
04/15/2020,13:03,3.542,3.542,3.542,3.542, 360
04/15/2020,13:07,3.546,3.546,3.546,3.546, 595
04/15/2020,13:11,3.554,3.554,3.554,3.554, 114
04/15/2020,13:13,3.55,3.55,3.532,3.532, 14357
04/15/2020,13:15,3.534,3.554,3.534,3.554, 5077
04/15/2020,13:15,3.568,3.572,3.556,3.566, 3321
04/15/2020,13:18,3.572,3.572,3.572,3.572, 108
04/15/2020,13:21,3.562,3.564,3.556,3.562, 6874
04/15/2020,13:28,3.578,3.58,3.578,3.58, 1080
04/15/2020,13:31,3.576,3.582,3.574,3.582, 2385
04/15/2020,13:32,3.584,3.584,3.574,3.574, 955
04/15/2020,13:34,3.56,3.56,3.56,3.56, 500
04/15/2020,13:37,3.558,3.558,3.554,3.554, 1364
04/15/2020,13:38,3.566,3.566,3.566,3.566, 300
04/15/2020,13:45,3.544,3.548,3.544,3.548, 1636
04/15/2020,13:50,3.54,3.548,3.54,3.548, 2253
04/15/2020,13:52,3.544,3.548,3.544,3.548, 1808
04/15/2020,14:04,3.54,3.54,3.538,3.538, 2280
04/15/2020,14:10,3.526,3.538,3.526,3.532, 2601
04/15/2020,14:15,3.534,3.534,3.534,3.534, 136
04/15/2020,14:17,3.53,3.53,3.53,3.53, 136
04/15/2020,14:20,3.52,3.52,3.504,3.504, 18653
04/15/2020,14:22,3.5,3.5,3.498,3.5, 6512
04/15/2020,14:24,3.496,3.508,3.496,3.506, 3405
04/15/2020,14:27,3.504,3.504,3.494,3.494, 1764
04/15/2020,14:28,3.494,3.504,3.494,3.504, 4045
04/15/2020,14:29,3.5,3.506,3.5,3.504, 1484
04/15/2020,14:31,3.506,3.506,3.506,3.506, 634
04/15/2020,14:33,3.508,3.508,3.508,3.508, 500
04/15/2020,14:34,3.502,3.502,3.498,3.5, 3041
04/15/2020,14:35,3.49,3.49,3.49,3.49, 523
04/15/2020,14:36,3.492,3.504,3.492,3.496, 11756
04/15/2020,14:36,3.502,3.504,3.498,3.504, 2544
04/15/2020,14:40,3.512,3.518,3.512,3.518, 907
04/15/2020,14:43,3.516,3.516,3.514,3.514, 802
04/15/2020,14:47,3.504,3.504,3.5,3.5, 1000
04/15/2020,14:50,3.488,3.488,3.488,3.488, 500
04/15/2020,14:52,3.48,3.48,3.478,3.478, 1055
04/15/2020,14:55,3.482,3.486,3.482,3.486, 2770
04/15/2020,15:00,3.498,3.498,3.494,3.494, 1666
04/15/2020,15:01,3.488,3.496,3.488,3.496, 1435
04/15/2020,15:05,3.504,3.508,3.504,3.504, 1618
04/15/2020,15:08,3.512,3.512,3.498,3.498, 3217
04/15/2020,15:09,3.5,3.51,3.498,3.498, 7106
04/15/2020,15:12,3.498,3.498,3.494,3.496, 3232
04/15/2020,15:14,3.496,3.496,3.496,3.496, 802
04/15/2020,15:16,3.518,3.518,3.518,3.518, 133
04/15/2020,15:17,3.518,3.526,3.518,3.526, 738
04/15/2020,15:18,3.514,3.514,3.504,3.504, 1738
04/15/2020,15:21,3.5,3.5,3.496,3.496, 1554
04/15/2020,15:23,3.506,3.506,3.506,3.506, 100
04/15/2020,15:27,3.494,3.51,3.494,3.51, 7480
04/15/2020,15:30,3.512,3.512,3.512,3.512, 1361
04/15/2020,15:31,3.516,3.52,3.516,3.52, 397
04/15/2020,15:31,3.526,3.534,3.526,3.534, 2139
04/15/2020,15:32,3.53,3.53,3.526,3.526, 6115
04/15/2020,15:34,3.524,3.538,3.524,3.528, 3756
04/15/2020,15:35,3.524,3.524,3.524,3.524, 132
04/15/2020,15:37,3.522,3.526,3.522,3.526, 1330
04/15/2020,15:39,3.528,3.528,3.528,3.528, 259
04/15/2020,15:40,3.524,3.524,3.524,3.524, 500
04/15/2020,15:44,3.51,3.51,3.5,3.5, 2541
04/15/2020,15:44,3.508,3.512,3.508,3.512, 2392
04/15/2020,15:47,3.512,3.512,3.512,3.512, 143
04/15/2020,15:49,3.5,3.51,3.5,3.51, 2980
04/15/2020,15:52,3.516,3.528,3.514,3.514, 3342
04/15/2020,15:56,3.502,3.502,3.5,3.5, 2025
04/15/2020,15:59,3.508,3.508,3.508,3.508, 1657
04/15/2020,15:59,3.502,3.514,3.502,3.514, 655
04/15/2020,16:00,3.518,3.518,3.518,3.518, 123
04/15/2020,16:02,3.526,3.528,3.524,3.528, 6722
04/15/2020,16:10,3.524,3.53,3.524,3.524, 1726
04/15/2020,16:11,3.528,3.528,3.504,3.52, 5581
04/15/2020,16:17,3.522,3.522,3.498,3.498, 1215
04/15/2020,16:17,3.498,3.498,3.498,3.498, 740
04/15/2020,16:19,3.49,3.49,3.488,3.49, 1729
04/15/2020,16:21,3.508,3.508,3.494,3.5, 2351
04/15/2020,16:21,3.49,3.49,3.488,3.488, 352
04/15/2020,16:22,3.49,3.502,3.486,3.502, 8338
04/15/2020,16:27,3.498,3.498,3.498,3.498, 509
04/15/2020,16:27,3.508,3.508,3.508,3.508, 80
04/15/2020,16:28,3.508,3.508,3.508,3.508, 65
04/15/2020,16:31,3.508,3.508,3.508,3.508, 78
04/15/2020,16:32,3.506,3.506,3.506,3.506, 93
04/15/2020,16:34,3.496,3.506,3.496,3.506, 177
04/15/2020,16:35,3.506,3.506,3.506,3.506, 600
04/15/2020,16:36,3.492,3.504,3.492,3.502, 2747
04/15/2020,16:39,3.488,3.488,3.488,3.488, 504
04/15/2020,16:44,3.5,3.5,3.5,3.5, 131
04/15/2020,16:48,3.484,3.484,3.484,3.484, 219
04/15/2020,16:48,3.486,3.486,3.486,3.486, 2000
04/15/2020,16:49,3.486,3.486,3.486,3.486, 1
04/15/2020,16:51,3.474,3.486,3.474,3.48, 9963
04/15/2020,16:54,3.484,3.484,3.484,3.484, 200
04/15/2020,16:56,3.476,3.484,3.476,3.484, 1716
04/15/2020,16:57,3.482,3.492,3.482,3.492, 2079
04/15/2020,17:01,3.49,3.502,3.49,3.502, 5757
04/15/2020,17:03,3.508,3.51,3.508,3.51, 1105
04/15/2020,17:04,3.506,3.506,3.498,3.504, 3007
04/15/2020,17:05,3.498,3.498,3.498,3.498, 290
04/15/2020,17:06,3.492,3.492,3.49,3.49, 9055
04/15/2020,17:07,3.476,3.476,3.476,3.476, 500
04/15/2020,17:08,3.482,3.482,3.482,3.482, 145
04/15/2020,17:08,3.482,3.482,3.482,3.482, 145
04/15/2020,17:10,3.48,3.48,3.472,3.472, 1575
04/15/2020,17:11,3.478,3.478,3.474,3.474, 3956
04/15/2020,17:12,3.47,3.476,3.47,3.476, 916
04/15/2020,17:12,3.47,3.47,3.47,3.47, 1451
04/15/2020,17:14,3.474,3.474,3.462,3.462, 847
04/15/2020,17:15,3.474,3.474,3.474,3.474, 290
04/15/2020,17:16,3.462,3.468,3.446,3.466, 16651
04/15/2020,17:17,3.468,3.468,3.468,3.468, 500
04/15/2020,17:18,3.464,3.466,3.464,3.466, 2766
04/15/2020,17:19,3.466,3.466,3.466,3.466, 146
04/15/2020,17:20,3.464,3.466,3.458,3.466, 3918
04/15/2020,17:21,3.466,3.466,3.46,3.46, 1986
04/15/2020,17:22,3.464,3.464,3.464,3.464, 538
04/15/2020,17:23,3.456,3.462,3.456,3.462, 2418
04/15/2020,17:24,3.462,3.462,3.448,3.45, 1576
04/15/2020,17:24,3.45,3.458,3.448,3.458, 5581
04/15/2020,17:25,3.464,3.468,3.464,3.468, 537
04/15/2020,17:26,3.478,3.48,3.474,3.48, 3381
04/15/2020,17:28,3.484,3.484,3.468,3.468, 3105
04/15/2020,17:29,3.474,3.474,3.46,3.46, 3384
04/15/2020,17:30,3.468,3.476,3.466,3.472, 1526
04/15/2020,17:30,3.458,3.47,3.458,3.46, 2460
04/15/2020,17:32,3.46,3.46,3.46,3.46, 95
04/15/2020,17:36,3.46,3.46,3.46,3.46, 74508
04/16/2020,09:01,3.54,3.546,3.54,3.546, 309
04/16/2020,09:03,3.546,3.594,3.546,3.594, 4773
04/16/2020,09:04,3.63,3.63,3.586,3.586, 4448
04/16/2020,09:06,3.544,3.544,3.54,3.54, 5528
04/16/2020,09:06,3.532,3.532,3.532,3.532, 124
04/16/2020,09:08,3.542,3.542,3.542,3.542, 330
04/16/2020,09:08,3.548,3.548,3.548,3.548, 330
04/16/2020,09:12,3.504,3.504,3.48,3.49, 4046
04/16/2020,09:13,3.5,3.5,3.5,3.5, 63
04/16/2020,09:15,3.48,3.494,3.472,3.494, 5781
04/16/2020,09:18,3.482,3.482,3.482,3.482, 388
04/16/2020,09:21,3.5,3.522,3.5,3.522, 1732
04/16/2020,09:26,3.556,3.562,3.556,3.562, 965
04/16/2020,09:27,3.57,3.57,3.558,3.558, 707
04/16/2020,09:28,3.562,3.562,3.562,3.562, 158
04/16/2020,09:29,3.57,3.57,3.57,3.57, 100
04/16/2020,09:31,3.572,3.584,3.572,3.584, 1223
04/16/2020,09:31,3.606,3.606,3.606,3.606, 2061
04/16/2020,09:35,3.59,3.59,3.566,3.572, 14931
04/16/2020,09:36,3.586,3.586,3.584,3.584, 1128
04/16/2020,09:37,3.584,3.586,3.584,3.586, 4914
04/16/2020,09:39,3.588,3.588,3.586,3.588, 2663
04/16/2020,09:40,3.576,3.58,3.576,3.58, 852
04/16/2020,09:42,3.58,3.58,3.576,3.58, 612
04/16/2020,10:00,3.558,3.558,3.558,3.558, 599
04/16/2020,10:02,3.554,3.554,3.554,3.554, 529
04/16/2020,10:02,3.55,3.55,3.548,3.548, 1043
04/16/2020,10:03,3.54,3.54,3.54,3.54, 700
04/16/2020,10:04,3.548,3.55,3.548,3.55, 1694
04/16/2020,10:05,3.564,3.566,3.564,3.566, 600
04/16/2020,10:10,3.566,3.568,3.562,3.562, 675
04/16/2020,10:12,3.562,3.562,3.558,3.558, 1268
04/16/2020,10:25,3.546,3.548,3.546,3.548, 2464
04/16/2020,10:34,3.536,3.536,3.524,3.524, 1808
04/16/2020,10:35,3.524,3.528,3.524,3.528, 907
04/16/2020,10:36,3.534,3.534,3.534,3.534, 847
04/16/2020,10:37,3.53,3.53,3.53,3.53, 396
04/16/2020,10:38,3.52,3.52,3.518,3.518, 135
04/16/2020,10:44,3.506,3.506,3.496,3.496, 9878
04/16/2020,10:49,3.492,3.528,3.492,3.528, 17381
04/16/2020,10:58,3.53,3.53,3.53,3.53, 117
04/16/2020,11:01,3.522,3.522,3.518,3.518, 943
04/16/2020,11:02,3.51,3.51,3.51,3.51, 435
04/16/2020,11:03,3.506,3.506,3.506,3.506, 979
04/16/2020,11:03,3.506,3.506,3.5,3.5, 516
04/16/2020,11:05,3.49,3.5,3.49,3.5, 1311
04/16/2020,11:05,3.506,3.506,3.506,3.506, 478
04/16/2020,11:06,3.506,3.506,3.506,3.506, 500
04/16/2020,11:11,3.51,3.51,3.51,3.51, 461
04/16/2020,11:13,3.51,3.516,3.506,3.506, 1252
04/16/2020,11:16,3.506,3.514,3.5,3.514, 5605
04/16/2020,11:17,3.52,3.52,3.52,3.52, 572
04/16/2020,11:21,3.508,3.516,3.508,3.516, 5026
04/16/2020,11:21,3.52,3.52,3.52,3.52, 7
04/16/2020,11:22,3.526,3.526,3.526,3.526, 500
04/16/2020,11:24,3.512,3.518,3.512,3.514, 650
04/16/2020,11:25,3.508,3.508,3.506,3.506, 3948
04/16/2020,11:26,3.506,3.512,3.498,3.504, 2489
04/16/2020,11:28,3.496,3.508,3.492,3.502, 4421
04/16/2020,11:29,3.51,3.518,3.51,3.516, 1856
04/16/2020,11:30,3.514,3.514,3.512,3.512, 988
04/16/2020,11:32,3.516,3.516,3.514,3.514, 1021
04/16/2020,11:32,3.518,3.518,3.518,3.518, 590
04/16/2020,11:35,3.524,3.524,3.508,3.508, 5831
04/16/2020,11:35,3.504,3.506,3.504,3.506, 1664
04/16/2020,11:39,3.498,3.498,3.498,3.498, 1634
04/16/2020,11:42,3.512,3.512,3.512,3.512, 81
04/16/2020,11:44,3.514,3.514,3.514,3.514, 72
04/16/2020,11:54,3.5,3.5,3.5,3.5, 416
04/16/2020,11:59,3.488,3.488,3.488,3.488, 93
04/16/2020,12:01,3.498,3.504,3.49,3.5, 2526
04/16/2020,12:02,3.496,3.496,3.496,3.496, 913
04/16/2020,12:03,3.496,3.496,3.496,3.496, 252
04/16/2020,12:05,3.496,3.502,3.492,3.492, 11883
04/16/2020,12:06,3.486,3.49,3.482,3.486, 7253
04/16/2020,12:06,3.494,3.496,3.494,3.496, 929
04/16/2020,12:07,3.496,3.496,3.496,3.496, 969
04/16/2020,12:10,3.508,3.508,3.508,3.508, 2152
04/16/2020,12:11,3.508,3.508,3.508,3.508, 398
04/16/2020,12:17,3.504,3.504,3.488,3.488, 2333
04/16/2020,12:23,3.49,3.492,3.49,3.49, 1275
04/16/2020,12:23,3.49,3.498,3.488,3.496, 8934
04/16/2020,12:26,3.506,3.506,3.506,3.506, 185
04/16/2020,12:37,3.516,3.52,3.516,3.52, 901
04/16/2020,12:39,3.522,3.522,3.522,3.522, 68
04/16/2020,12:40,3.516,3.516,3.516,3.516, 62
04/16/2020,12:43,3.516,3.52,3.516,3.52, 494
04/16/2020,12:47,3.53,3.53,3.53,3.53, 56
04/16/2020,12:50,3.52,3.52,3.52,3.52, 70
04/16/2020,12:54,3.52,3.52,3.512,3.512, 1349
04/16/2020,12:55,3.52,3.52,3.52,3.52, 74
04/16/2020,12:56,3.514,3.514,3.514,3.514, 78
04/16/2020,12:57,3.514,3.514,3.514,3.514, 77
04/16/2020,12:59,3.512,3.512,3.512,3.512, 116
04/16/2020,13:04,3.486,3.486,3.484,3.484, 1673
04/16/2020,13:11,3.496,3.496,3.496,3.496, 584
04/16/2020,13:20,3.502,3.502,3.502,3.502, 123
04/16/2020,13:21,3.502,3.502,3.502,3.502, 122
04/16/2020,13:23,3.504,3.51,3.504,3.51, 1191
04/16/2020,13:28,3.52,3.52,3.52,3.52, 64
04/16/2020,13:31,3.52,3.52,3.512,3.512, 601
04/16/2020,13:37,3.492,3.492,3.48,3.488, 853
04/16/2020,13:38,3.48,3.486,3.48,3.486, 6730
04/16/2020,13:39,3.492,3.492,3.492,3.492, 168
04/16/2020,13:41,3.482,3.496,3.48,3.49, 5884
04/16/2020,13:42,3.498,3.498,3.498,3.498, 149
04/16/2020,13:45,3.492,3.498,3.488,3.492, 5391
04/16/2020,13:46,3.492,3.492,3.492,3.492, 135
04/16/2020,13:47,3.48,3.48,3.48,3.48, 405
04/16/2020,13:48,3.484,3.484,3.48,3.48, 4603
04/16/2020,13:51,3.478,3.5,3.47,3.5, 13002
04/16/2020,13:54,3.5,3.5,3.5,3.5, 513
04/16/2020,13:54,3.496,3.496,3.49,3.496, 3307
04/16/2020,13:59,3.486,3.486,3.482,3.482, 453
04/16/2020,14:00,3.472,3.476,3.468,3.476, 1537
04/16/2020,14:00,3.48,3.48,3.48,3.48, 66
04/16/2020,14:03,3.476,3.476,3.476,3.476, 179
04/16/2020,14:15,3.478,3.478,3.478,3.478, 49
04/16/2020,14:17,3.476,3.476,3.476,3.476, 97
04/16/2020,14:19,3.478,3.478,3.478,3.478, 48
04/16/2020,14:21,3.466,3.466,3.464,3.464, 484
04/16/2020,14:26,3.46,3.464,3.46,3.464, 441
04/16/2020,14:31,3.458,3.458,3.458,3.458, 1328
04/16/2020,14:32,3.464,3.464,3.464,3.464, 330
04/16/2020,14:33,3.474,3.482,3.474,3.482, 1750
04/16/2020,14:36,3.484,3.484,3.484,3.484, 483
04/16/2020,14:36,3.476,3.476,3.476,3.476, 31
04/16/2020,14:45,3.478,3.478,3.478,3.478, 51
04/16/2020,14:47,3.478,3.486,3.476,3.486, 6383
04/16/2020,14:54,3.476,3.476,3.476,3.476, 285
04/16/2020,14:55,3.478,3.48,3.478,3.48, 2111
04/16/2020,14:56,3.484,3.49,3.484,3.49, 6345
04/16/2020,14:59,3.49,3.49,3.484,3.484, 585
04/16/2020,14:59,3.48,3.48,3.48,3.48, 488
04/16/2020,15:05,3.484,3.484,3.48,3.48, 174
04/16/2020,15:06,3.478,3.478,3.478,3.478, 66
04/16/2020,15:08,3.48,3.48,3.48,3.48, 695
04/16/2020,15:13,3.48,3.48,3.476,3.478, 4543
04/16/2020,15:16,3.478,3.478,3.478,3.478, 788
04/16/2020,15:19,3.47,3.47,3.47,3.47, 836
04/16/2020,15:20,3.468,3.468,3.468,3.468, 179
04/16/2020,15:20,3.468,3.47,3.468,3.47, 2167
04/16/2020,15:21,3.47,3.47,3.47,3.47, 366
04/16/2020,15:28,3.47,3.47,3.47,3.47, 289
04/16/2020,15:32,3.476,3.476,3.476,3.476, 55
04/16/2020,15:33,3.476,3.476,3.476,3.476, 54
04/16/2020,15:36,3.472,3.478,3.472,3.478, 2819
04/16/2020,15:36,3.466,3.466,3.466,3.466, 928
04/16/2020,15:37,3.468,3.48,3.468,3.48, 2152
04/16/2020,15:38,3.478,3.48,3.478,3.48, 105
04/16/2020,15:39,3.47,3.48,3.47,3.48, 3904
04/16/2020,15:41,3.48,3.48,3.48,3.48, 691
04/16/2020,15:42,3.482,3.482,3.482,3.482, 72
04/16/2020,15:45,3.482,3.486,3.482,3.486, 4021
04/16/2020,15:45,3.478,3.494,3.478,3.488, 10969
04/16/2020,15:46,3.5,3.5,3.494,3.494, 2831
04/16/2020,15:48,3.486,3.49,3.486,3.49, 6028
04/16/2020,15:48,3.494,3.494,3.494,3.494, 2679
04/16/2020,15:51,3.498,3.498,3.49,3.498, 5261
04/16/2020,15:52,3.488,3.492,3.474,3.48, 6055
04/16/2020,15:52,3.482,3.482,3.482,3.482, 246
04/16/2020,15:56,3.492,3.492,3.492,3.492, 1377
04/16/2020,15:59,3.488,3.488,3.488,3.488, 5989
04/16/2020,16:00,3.48,3.488,3.48,3.488, 308
04/16/2020,16:01,3.49,3.49,3.49,3.49, 1800
04/16/2020,16:08,3.484,3.484,3.484,3.484, 293
04/16/2020,16:09,3.488,3.488,3.488,3.488, 81
04/16/2020,16:10,3.484,3.486,3.484,3.484, 794
04/16/2020,16:11,3.484,3.484,3.484,3.484, 73
04/16/2020,16:13,3.482,3.482,3.48,3.48, 1987
04/16/2020,16:14,3.478,3.478,3.478,3.478, 323
04/16/2020,16:15,3.476,3.476,3.476,3.476, 73
04/16/2020,16:17,3.476,3.476,3.476,3.476, 73
04/16/2020,16:18,3.476,3.476,3.476,3.476, 146
04/16/2020,16:19,3.478,3.478,3.478,3.478, 580
04/16/2020,16:20,3.48,3.488,3.472,3.488, 3999
04/16/2020,16:22,3.476,3.476,3.474,3.474, 747
04/16/2020,16:23,3.47,3.47,3.468,3.468, 936
04/16/2020,16:24,3.476,3.476,3.476,3.476, 84
04/16/2020,16:26,3.484,3.484,3.484,3.484, 91
04/16/2020,16:28,3.484,3.484,3.484,3.484, 176
04/16/2020,16:28,3.484,3.484,3.484,3.484, 81
04/16/2020,16:30,3.484,3.484,3.476,3.484, 636
04/16/2020,16:31,3.484,3.486,3.484,3.486, 1026
04/16/2020,16:32,3.488,3.488,3.484,3.484, 2022
04/16/2020,16:36,3.484,3.484,3.472,3.472, 800
04/16/2020,16:37,3.48,3.484,3.48,3.484, 596
04/16/2020,16:38,3.47,3.47,3.47,3.47, 890
04/16/2020,16:41,3.47,3.484,3.47,3.484, 3360
04/16/2020,16:42,3.486,3.492,3.48,3.492, 3397
04/16/2020,16:43,3.5,3.5,3.49,3.5, 1842
04/16/2020,16:44,3.5,3.502,3.5,3.502, 960
04/16/2020,16:47,3.498,3.5,3.492,3.5, 1590
04/16/2020,16:52,3.488,3.496,3.488,3.496, 1829
04/16/2020,16:55,3.494,3.494,3.494,3.494, 4000
04/16/2020,16:56,3.494,3.494,3.494,3.494, 4737
04/16/2020,16:58,3.494,3.5,3.494,3.5, 4175
04/16/2020,16:59,3.5,3.5,3.5,3.5, 817
04/16/2020,17:01,3.508,3.508,3.508,3.508, 211
04/16/2020,17:03,3.502,3.502,3.488,3.488, 2338
04/16/2020,17:04,3.498,3.498,3.494,3.494, 193
04/16/2020,17:05,3.492,3.492,3.492,3.492, 438
04/16/2020,17:06,3.494,3.5,3.494,3.5, 3015
04/16/2020,17:07,3.5,3.5,3.5,3.5, 1450
04/16/2020,17:14,3.5,3.5,3.498,3.498, 735
04/16/2020,17:15,3.492,3.492,3.492,3.492, 152
04/16/2020,17:16,3.488,3.488,3.484,3.484, 1040
04/16/2020,17:17,3.484,3.484,3.484,3.484, 493
04/16/2020,17:18,3.49,3.496,3.49,3.496, 424
04/16/2020,17:20,3.486,3.49,3.486,3.49, 93
04/16/2020,17:22,3.482,3.488,3.48,3.486, 597
04/16/2020,17:23,3.476,3.484,3.476,3.482, 974
04/16/2020,17:25,3.482,3.486,3.482,3.486, 1653
04/16/2020,17:25,3.486,3.492,3.486,3.492, 2417
04/16/2020,17:26,3.488,3.492,3.488,3.49, 2418
04/16/2020,17:27,3.488,3.488,3.488,3.488, 430
04/16/2020,17:29,3.488,3.488,3.484,3.488, 310
04/16/2020,17:30,3.488,3.492,3.488,3.492, 2026
04/16/2020,17:32,3.494,3.494,3.494,3.494, 131
04/16/2020,17:36,3.462,3.462,3.462,3.462, 100665
04/17/2020,09:02,3.542,3.568,3.542,3.568, 3054
04/17/2020,09:02,3.626,3.626,3.626,3.626, 1928
04/17/2020,09:05,3.674,3.674,3.562,3.592, 8334
04/17/2020,09:05,3.592,3.592,3.592,3.592, 466
04/17/2020,09:16,3.652,3.652,3.652,3.652, 36
04/17/2020,09:16,3.694,3.694,3.656,3.656, 4476
04/17/2020,09:19,3.622,3.622,3.62,3.62, 1303
04/17/2020,09:27,3.646,3.646,3.646,3.646, 561
04/17/2020,09:28,3.65,3.654,3.616,3.62, 19071
04/17/2020,09:34,3.602,3.602,3.596,3.596, 3663
04/17/2020,09:34,3.58,3.58,3.58,3.58, 390
04/17/2020,09:37,3.61,3.61,3.61,3.61, 1036
04/17/2020,09:39,3.612,3.612,3.612,3.612, 505
04/17/2020,09:42,3.624,3.624,3.624,3.624, 48
04/17/2020,09:43,3.624,3.624,3.604,3.604, 2811
04/17/2020,09:45,3.59,3.596,3.59,3.596, 427
04/17/2020,09:49,3.598,3.6,3.594,3.596, 5048
04/17/2020,09:52,3.6,3.6,3.6,3.6, 1000
04/17/2020,09:57,3.616,3.616,3.614,3.614, 600
04/17/2020,10:00,3.626,3.626,3.626,3.626, 870
04/17/2020,10:01,3.638,3.65,3.638,3.65, 5939
04/17/2020,10:03,3.656,3.656,3.656,3.656, 348
04/17/2020,10:06,3.666,3.674,3.666,3.674, 610
04/17/2020,10:06,3.682,3.682,3.682,3.682, 957
04/17/2020,10:09,3.7,3.7,3.7,3.7, 605
04/17/2020,10:09,3.702,3.702,3.694,3.694, 13211
04/17/2020,10:12,3.704,3.706,3.704,3.706, 921
04/17/2020,10:15,3.68,3.68,3.68,3.68, 650
04/17/2020,10:17,3.682,3.694,3.682,3.694, 1985
04/17/2020,10:17,3.696,3.696,3.696,3.696, 544
04/17/2020,10:20,3.7,3.7,3.7,3.7, 3000
04/17/2020,10:24,3.696,3.696,3.692,3.692, 420
04/17/2020,10:25,3.678,3.678,3.678,3.678, 145
04/17/2020,10:27,3.684,3.69,3.684,3.69, 1686
04/17/2020,10:34,3.69,3.698,3.69,3.698, 1272
04/17/2020,10:34,3.698,3.698,3.698,3.698, 3889
04/17/2020,10:35,3.708,3.708,3.708,3.708, 54
04/17/2020,10:38,3.706,3.706,3.706,3.706, 53
04/17/2020,10:39,3.7,3.7,3.692,3.692, 3745
04/17/2020,10:40,3.682,3.682,3.682,3.682, 403
04/17/2020,10:41,3.686,3.686,3.686,3.686, 108
04/17/2020,10:44,3.67,3.67,3.664,3.664, 600
04/17/2020,10:47,3.672,3.672,3.668,3.668, 1500
04/17/2020,10:49,3.68,3.682,3.68,3.682, 1185
04/17/2020,10:53,3.674,3.674,3.674,3.674, 517
04/17/2020,10:58,3.678,3.678,3.678,3.678, 55
04/17/2020,10:59,3.668,3.668,3.668,3.668, 303
04/17/2020,11:01,3.66,3.66,3.66,3.66, 446
04/17/2020,11:04,3.67,3.68,3.67,3.68, 241
04/17/2020,11:05,3.682,3.686,3.682,3.686, 150
04/17/2020,11:10,3.672,3.672,3.666,3.672, 854
04/17/2020,11:12,3.688,3.688,3.688,3.688, 3000
04/17/2020,11:16,3.69,3.69,3.69,3.69, 900
04/17/2020,11:22,3.7,3.7,3.7,3.7, 104
04/17/2020,11:22,3.702,3.702,3.702,3.702, 500
04/17/2020,11:27,3.686,3.686,3.686,3.686, 269
04/17/2020,11:27,3.698,3.7,3.698,3.698, 1662
04/17/2020,11:30,3.686,3.686,3.686,3.686, 95
04/17/2020,11:33,3.69,3.69,3.69,3.69, 34
04/17/2020,11:34,3.692,3.696,3.692,3.696, 451
04/17/2020,11:39,3.702,3.708,3.702,3.708, 2405
04/17/2020,11:41,3.712,3.716,3.712,3.716, 1000
04/17/2020,11:48,3.71,3.72,3.71,3.716, 1111
04/17/2020,11:49,3.72,3.72,3.72,3.72, 36
04/17/2020,11:50,3.72,3.72,3.72,3.72, 500
04/17/2020,11:51,3.718,3.72,3.708,3.72, 4665
04/17/2020,11:52,3.722,3.722,3.716,3.722, 3028
04/17/2020,11:56,3.716,3.716,3.71,3.71, 2709
04/17/2020,11:57,3.73,3.73,3.73,3.73, 138
04/17/2020,11:58,3.738,3.738,3.738,3.738, 300
04/17/2020,12:03,3.748,3.748,3.748,3.748, 453
04/17/2020,12:07,3.75,3.75,3.75,3.75, 111
04/17/2020,12:09,3.758,3.758,3.758,3.758, 69
04/17/2020,12:09,3.742,3.748,3.742,3.748, 933
04/17/2020,12:11,3.76,3.76,3.76,3.76, 667
04/17/2020,12:12,3.758,3.758,3.752,3.752, 923
04/17/2020,12:19,3.758,3.766,3.758,3.766, 605
04/17/2020,12:20,3.77,3.77,3.77,3.77, 3000
04/17/2020,12:21,3.77,3.77,3.77,3.77, 731
04/17/2020,12:25,3.778,3.778,3.778,3.778, 48
04/17/2020,12:32,3.782,3.784,3.776,3.784, 2100
04/17/2020,12:35,3.784,3.784,3.784,3.784, 688
04/17/2020,12:43,3.78,3.78,3.764,3.764, 2506
04/17/2020,12:43,3.756,3.756,3.756,3.756, 200
04/17/2020,12:45,3.768,3.768,3.768,3.768, 10
04/17/2020,12:47,3.748,3.748,3.748,3.748, 500
04/17/2020,12:48,3.744,3.744,3.744,3.744, 169
04/17/2020,12:50,3.754,3.754,3.754,3.754, 2139
04/17/2020,12:51,3.754,3.754,3.754,3.754, 897
04/17/2020,12:53,3.754,3.754,3.754,3.754, 1186
04/17/2020,12:53,3.756,3.756,3.756,3.756, 139
04/17/2020,12:56,3.754,3.754,3.734,3.734, 1925
04/17/2020,13:03,3.746,3.746,3.746,3.746, 2
04/17/2020,13:05,3.744,3.746,3.744,3.746, 529
04/17/2020,13:07,3.748,3.752,3.748,3.752, 2946
04/17/2020,13:08,3.756,3.758,3.756,3.758, 627
04/17/2020,13:10,3.758,3.762,3.752,3.762, 2533
04/17/2020,13:13,3.746,3.746,3.742,3.742, 570
04/17/2020,13:15,3.734,3.746,3.72,3.746, 5489
04/17/2020,13:15,3.736,3.74,3.732,3.74, 959
04/17/2020,13:25,3.74,3.742,3.74,3.74, 1856
04/17/2020,13:31,3.75,3.752,3.74,3.74, 2249
04/17/2020,13:31,3.732,3.732,3.728,3.732, 2357
04/17/2020,13:33,3.732,3.736,3.732,3.736, 1000
04/17/2020,13:34,3.728,3.728,3.728,3.728, 84
04/17/2020,13:37,3.716,3.716,3.716,3.716, 463
04/17/2020,13:37,3.724,3.724,3.724,3.724, 76
04/17/2020,13:39,3.72,3.722,3.71,3.71, 2080
04/17/2020,13:41,3.732,3.736,3.724,3.724, 1068
04/17/2020,13:42,3.73,3.73,3.73,3.73, 354
04/17/2020,13:46,3.73,3.73,3.73,3.73, 1060
04/17/2020,13:52,3.732,3.738,3.732,3.738, 1467
04/17/2020,13:53,3.74,3.75,3.74,3.75, 2124
04/17/2020,13:54,3.74,3.74,3.74,3.74, 317
04/17/2020,13:55,3.744,3.744,3.744,3.744, 366
04/17/2020,14:06,3.75,3.75,3.75,3.75, 164
04/17/2020,14:08,3.75,3.75,3.75,3.75, 446
04/17/2020,14:08,3.742,3.742,3.74,3.74, 2942
04/17/2020,14:13,3.744,3.744,3.73,3.73, 589
04/17/2020,14:13,3.724,3.724,3.724,3.724, 72
04/17/2020,14:14,3.722,3.726,3.722,3.726, 1497
04/17/2020,14:21,3.724,3.724,3.724,3.724, 1641
04/17/2020,14:22,3.726,3.726,3.726,3.726, 45
04/17/2020,14:28,3.718,3.718,3.718,3.718, 605
04/17/2020,14:29,3.724,3.724,3.724,3.724, 39
04/17/2020,14:37,3.716,3.716,3.708,3.708, 1037
04/17/2020,14:46,3.716,3.718,3.7,3.7, 1964
04/17/2020,14:46,3.704,3.71,3.704,3.71, 918
04/17/2020,14:50,3.692,3.704,3.692,3.704, 5318
04/17/2020,14:51,3.686,3.686,3.686,3.686, 222
04/17/2020,14:54,3.678,3.678,3.67,3.67, 752
04/17/2020,14:57,3.684,3.686,3.684,3.686, 2222
04/17/2020,15:00,3.696,3.696,3.696,3.696, 523
04/17/2020,15:03,3.682,3.682,3.68,3.68, 512
04/17/2020,15:04,3.676,3.676,3.676,3.676, 247
04/17/2020,15:07,3.682,3.682,3.682,3.682, 72
04/17/2020,15:09,3.68,3.68,3.68,3.68, 92
04/17/2020,15:14,3.68,3.68,3.68,3.68, 83
04/17/2020,15:20,3.68,3.68,3.68,3.68, 85
04/17/2020,15:21,3.68,3.68,3.666,3.666, 2469
04/17/2020,15:24,3.674,3.674,3.674,3.674, 69
04/17/2020,15:27,3.674,3.676,3.674,3.676, 800
04/17/2020,15:29,3.678,3.678,3.678,3.678, 63
04/17/2020,15:31,3.664,3.674,3.652,3.652, 11177
04/17/2020,15:31,3.654,3.656,3.654,3.656, 801
04/17/2020,15:32,3.642,3.642,3.642,3.642, 279
04/17/2020,15:33,3.628,3.628,3.628,3.628, 191
04/17/2020,15:34,3.634,3.644,3.634,3.644, 1149
04/17/2020,15:35,3.648,3.648,3.648,3.648, 3623
04/17/2020,15:38,3.644,3.646,3.644,3.646, 1919
04/17/2020,15:43,3.646,3.648,3.646,3.648, 125
04/17/2020,15:46,3.638,3.638,3.638,3.638, 100
04/17/2020,15:47,3.632,3.632,3.632,3.632, 1832
04/17/2020,15:49,3.63,3.63,3.63,3.63, 353
04/17/2020,15:52,3.644,3.644,3.644,3.644, 373
04/17/2020,15:55,3.646,3.646,3.646,3.646, 53
04/17/2020,15:56,3.63,3.63,3.63,3.63, 2764
04/17/2020,16:00,3.646,3.646,3.646,3.646, 498
04/17/2020,16:07,3.646,3.646,3.644,3.644, 624
04/17/2020,16:12,3.638,3.638,3.638,3.638, 128
04/17/2020,16:13,3.638,3.638,3.61,3.61, 4069
04/17/2020,16:14,3.604,3.604,3.602,3.602, 1195
04/17/2020,16:16,3.572,3.572,3.558,3.57, 3604
04/17/2020,16:16,3.58,3.596,3.58,3.596, 3174
04/17/2020,16:18,3.594,3.594,3.594,3.594, 223
04/17/2020,16:19,3.58,3.588,3.576,3.588, 2058
04/17/2020,16:21,3.582,3.582,3.58,3.58, 218
04/17/2020,16:22,3.58,3.582,3.58,3.582, 557
04/17/2020,16:23,3.582,3.582,3.582,3.582, 33
04/17/2020,16:25,3.59,3.592,3.59,3.592, 2540
04/17/2020,16:26,3.594,3.594,3.594,3.594, 102
04/17/2020,16:29,3.596,3.6,3.596,3.6, 883
04/17/2020,16:31,3.602,3.602,3.602,3.602, 250
04/17/2020,16:32,3.602,3.602,3.602,3.602, 64
04/17/2020,16:34,3.586,3.588,3.58,3.588, 853
04/17/2020,16:41,3.588,3.588,3.588,3.588, 58
04/17/2020,16:42,3.592,3.6,3.592,3.6, 1635
04/17/2020,16:44,3.588,3.588,3.588,3.588, 175
04/17/2020,16:45,3.578,3.578,3.566,3.566, 1000
04/17/2020,16:47,3.576,3.58,3.576,3.58, 1392
04/17/2020,16:48,3.572,3.572,3.572,3.572, 1250
04/17/2020,16:49,3.578,3.578,3.578,3.578, 54
04/17/2020,16:50,3.568,3.568,3.568,3.568, 187
04/17/2020,16:53,3.572,3.58,3.572,3.58, 1775
04/17/2020,16:54,3.58,3.58,3.58,3.58, 1917
04/17/2020,16:56,3.582,3.59,3.582,3.584, 431
04/17/2020,16:59,3.588,3.588,3.588,3.588, 54
04/17/2020,16:59,3.58,3.584,3.58,3.584, 1566
04/17/2020,17:01,3.58,3.586,3.574,3.586, 1357
04/17/2020,17:02,3.588,3.59,3.588,3.59, 92
04/17/2020,17:03,3.59,3.59,3.59,3.59, 165
04/17/2020,17:07,3.596,3.596,3.596,3.596, 500
04/17/2020,17:07,3.59,3.59,3.588,3.59, 1402
04/17/2020,17:09,3.59,3.59,3.59,3.59, 2415
04/17/2020,17:10,3.59,3.59,3.59,3.59, 2279
04/17/2020,17:12,3.596,3.596,3.596,3.596, 61
04/17/2020,17:14,3.596,3.596,3.596,3.596, 619
04/17/2020,17:16,3.596,3.6,3.584,3.594, 7584
04/17/2020,17:17,3.584,3.588,3.584,3.586, 922
04/17/2020,17:18,3.586,3.586,3.574,3.578, 1751
04/17/2020,17:19,3.584,3.586,3.58,3.584, 3162
04/17/2020,17:19,3.574,3.586,3.572,3.586, 1096
04/17/2020,17:21,3.588,3.588,3.588,3.588, 5651
04/17/2020,17:22,3.588,3.588,3.58,3.586, 3515
04/17/2020,17:22,3.578,3.578,3.578,3.578, 22
04/17/2020,17:24,3.576,3.576,3.554,3.566, 1360
04/17/2020,17:25,3.566,3.568,3.566,3.566, 2101
04/17/2020,17:26,3.578,3.578,3.568,3.578, 915
04/17/2020,17:27,3.576,3.576,3.566,3.576, 1663
04/17/2020,17:28,3.574,3.574,3.574,3.574, 252
04/17/2020,17:30,3.576,3.576,3.576,3.576, 501
04/17/2020,17:30,3.572,3.578,3.57,3.578, 3666
04/17/2020,17:31,3.578,3.578,3.578,3.578, 66
04/17/2020,17:36,3.568,3.568,3.568,3.568, 65692

