02/03/2020,00:23,.155,.155,.155,.155, 50000
02/03/2020,00:29,.16,.16,.16,.16, 5000
02/03/2020,00:48,.16,.16,.16,.16, 7677
02/03/2020,01:02,.165,.165,.165,.165, 7558
02/03/2020,01:03,.162,.162,.162,.162, 1936
02/03/2020,01:14,.165,.165,.165,.165, 7039
02/03/2020,03:12,.165,.165,.165,.165, 2881
02/03/2020,03:29,.16,.16,.16,.16, 450
02/03/2020,04:40,.16,.16,.16,.16, 3550
02/03/2020,05:04,.16,.16,.16,.16, 1903
02/03/2020,05:29,.157,.165,.157,.165, 124689
02/03/2020,05:54,.165,.165,.165,.165, 2863
02/03/2020,06:00,.165,.165,.165,.165, 20239
02/04/2020,00:48,.16,.16,.16,.16, 3333
02/04/2020,01:07,.16,.16,.16,.16, 3520
02/04/2020,05:53,.16,.16,.16,.16, 3124
02/04/2020,05:53,.16,.16,.16,.16, 2083
02/05/2020,00:23,.16,.16,.16,.16, 4583
02/05/2020,00:48,.16,.16,.16,.16, 3970
02/05/2020,01:00,.16,.16,.16,.16, 3842
02/05/2020,01:13,.16,.16,.16,.16, 3318
02/05/2020,01:25,.16,.16,.16,.16, 2971
02/05/2020,01:29,.16,.16,.16,.16, 2963
02/05/2020,01:41,.16,.16,.16,.16, 2823
02/05/2020,01:50,.16,.16,.16,.16, 2671
02/05/2020,02:02,.16,.16,.16,.16, 2682
02/05/2020,02:14,.16,.16,.16,.16, 2674
02/05/2020,02:26,.16,.16,.16,.16, 2694
02/05/2020,02:38,.16,.16,.16,.16, 2682
02/05/2020,02:50,.16,.16,.16,.16, 2686
02/05/2020,02:57,.157,.157,.157,.157, 50000
02/05/2020,03:12,.16,.16,.16,.16, 2381
02/05/2020,03:24,.16,.16,.16,.16, 2391
02/05/2020,03:37,.16,.16,.16,.16, 2651
02/05/2020,03:49,.16,.16,.16,.16, 2686
02/05/2020,04:02,.16,.16,.16,.16, 2679
02/05/2020,04:07,.157,.157,.157,.157, 100000
02/05/2020,04:14,.16,.16,.16,.16, 2671
02/05/2020,04:28,.16,.16,.16,.16, 2678
02/05/2020,04:40,.16,.16,.16,.16, 2679
02/05/2020,04:42,.157,.157,.157,.157, 30000
02/05/2020,04:50,.16,.16,.16,.16, 2336
02/05/2020,04:53,.16,.16,.16,.16, 2689
02/05/2020,05:05,.16,.16,.16,.16, 2690
02/05/2020,05:19,.16,.16,.16,.16, 3460
02/05/2020,05:30,.16,.16,.16,.16, 4439
02/05/2020,05:44,.16,.16,.16,.16, 2794
02/05/2020,05:55,.16,.16,.16,.16, 3158
02/05/2020,06:09,.16,.16,.16,.16, 3771
02/05/2020,06:14,.157,.157,.157,.157, 1358
02/05/2020,06:31,.16,.16,.16,.16, 26545
02/06/2020,01:10,.157,.16,.157,.157, 89003
02/06/2020,01:35,.16,.16,.157,.16, 19162
02/06/2020,02:00,.16,.16,.157,.157, 8579
02/06/2020,02:10,.16,.16,.16,.16, 3086
02/06/2020,04:40,.157,.16,.157,.157, 2634
02/06/2020,04:40,.16,.16,.157,.157, 36
02/06/2020,04:45,.16,.16,.16,.16, 2142
02/06/2020,04:55,.16,.16,.16,.16, 1429
02/06/2020,05:37,.16,.16,.16,.16, 4649
02/07/2020,00:23,.16,.16,.16,.16, 11049
02/07/2020,00:29,.16,.16,.16,.16, 2811
02/07/2020,00:32,.157,.157,.157,.157, 1318
02/07/2020,00:35,.155,.157,.155,.157, 1424
02/07/2020,00:38,.157,.157,.157,.157, 4564
02/07/2020,00:47,.157,.157,.157,.157, 2023
02/07/2020,00:59,.157,.157,.157,.157, 1062
02/07/2020,01:00,.157,.16,.155,.155, 4251
02/07/2020,01:01,.157,.157,.157,.157, 284
02/07/2020,01:12,.16,.16,.157,.157, 3549
02/07/2020,01:25,.16,.16,.157,.157, 3756
02/07/2020,01:27,.16,.16,.16,.16, 3064
02/07/2020,01:32,.157,.157,.157,.157, 250
02/07/2020,01:41,.16,.16,.157,.157, 3798
02/07/2020,01:41,.157,.157,.157,.157, 45
02/07/2020,01:43,.157,.157,.157,.157, 50000
02/07/2020,02:00,.16,.16,.16,.16, 2750
02/07/2020,02:12,.16,.16,.16,.16, 3154
02/07/2020,02:26,.16,.16,.157,.157, 3885
02/07/2020,02:37,.16,.16,.16,.16, 3152
02/07/2020,02:51,.16,.16,.16,.16, 3227
02/07/2020,02:52,.157,.157,.157,.157, 30000
02/07/2020,03:02,.16,.16,.157,.157, 4325
02/07/2020,03:16,.16,.16,.16,.16, 3525
02/07/2020,03:28,.16,.16,.16,.16, 3545
02/07/2020,03:42,.16,.16,.16,.16, 3535
02/07/2020,03:53,.16,.16,.157,.157, 4706
02/07/2020,04:07,.16,.16,.16,.16, 4037
02/07/2020,04:19,.16,.16,.16,.16, 5278
02/07/2020,04:22,.16,.16,.16,.16, 3545
02/07/2020,04:34,.16,.16,.16,.16, 3708
02/07/2020,04:46,.16,.16,.157,.157, 5163
02/07/2020,04:56,.16,.16,.16,.16, 2164
02/07/2020,04:58,.16,.16,.16,.16, 3560
02/07/2020,04:59,.157,.157,.157,.157, 3000
02/07/2020,05:10,.16,.16,.16,.16, 3899
02/07/2020,05:22,.16,.16,.16,.16, 3884
02/07/2020,05:34,.16,.16,.16,.16, 3915
02/07/2020,05:46,.16,.16,.16,.16, 4189
02/07/2020,05:56,.157,.157,.157,.157, 818
02/07/2020,05:58,.16,.16,.16,.16, 5012
02/07/2020,06:10,.16,.16,.16,.16, 6580
02/07/2020,06:20,.16,.16,.16,.16, 2304
02/07/2020,06:31,.16,.16,.16,.16, 24824
02/10/2020,01:10,.16,.16,.155,.155, 22221
02/10/2020,02:00,.155,.155,.155,.155, 810
02/10/2020,03:06,.16,.16,.155,.155, 16138
02/10/2020,05:47,.16,.16,.155,.155, 2886
02/10/2020,06:20,.16,.16,.16,.16, 1155
02/11/2020,00:23,.16,.16,.16,.16, 13586
02/11/2020,01:32,.16,.16,.155,.16, 3322
02/11/2020,01:40,.16,.16,.155,.155, 3853
02/11/2020,01:58,.155,.155,.155,.155, 1510
02/11/2020,02:07,.155,.155,.155,.155, 1111
02/11/2020,03:55,.16,.165,.16,.165, 124983
02/11/2020,04:33,.16,.16,.155,.155, 101499
02/11/2020,04:40,.155,.155,.155,.155, 603
02/11/2020,05:00,.155,.155,.155,.155, 16084
02/11/2020,06:16,.155,.155,.155,.155, 25556
02/11/2020,06:31,.16,.16,.16,.16, 13240
02/13/2020,00:23,.16,.16,.16,.16, 80715
02/13/2020,00:33,.155,.155,.155,.155, 4748
02/13/2020,00:36,.157,.157,.157,.157, 2510
02/13/2020,01:31,.157,.157,.157,.157, 15139
02/13/2020,02:00,.157,.157,.157,.157, 5000000
02/13/2020,02:05,.157,.157,.157,.157, 5000000
02/13/2020,02:10,.157,.157,.157,.157, 5000000
02/13/2020,02:15,.16,.16,.16,.16, 3332
02/13/2020,02:17,.157,.157,.157,.157, 2121
02/13/2020,02:30,.157,.157,.157,.157, 5000000
02/13/2020,02:40,.157,.157,.157,.157, 5000000
02/13/2020,02:46,.157,.157,.157,.157, 15000
02/13/2020,03:14,.157,.157,.157,.157, 4967740
02/13/2020,03:22,.155,.155,.155,.155, 15674
02/13/2020,04:59,.155,.155,.155,.155, 455
02/13/2020,05:15,.155,.155,.155,.155, 1132
02/13/2020,05:50,.157,.157,.157,.157, 50000
02/13/2020,06:16,.155,.155,.155,.155, 2072
02/13/2020,06:31,.155,.155,.155,.155, 201413
02/14/2020,00:23,.155,.155,.155,.155, 250000
02/14/2020,00:38,.153,.16,.15,.15, 272445
02/14/2020,01:12,.15,.15,.15,.15, 957
02/14/2020,04:23,.15,.155,.15,.155, 3664
02/14/2020,05:14,.155,.16,.155,.16, 6474
02/14/2020,06:01,.155,.155,.155,.155, 42757
02/14/2020,06:31,.15,.15,.15,.15, 30000
02/17/2020,00:23,.15,.15,.15,.15, 10000
02/17/2020,01:23,.15,.15,.15,.15, 15028
02/17/2020,06:31,.15,.15,.15,.15, 2848
02/18/2020,00:23,.15,.15,.15,.15, 1000
02/18/2020,01:12,.15,.15,.15,.15, 81500
02/18/2020,02:33,.15,.15,.15,.15, 4878
02/18/2020,03:52,.153,.155,.153,.155, 89338
02/18/2020,04:27,.155,.155,.155,.155, 4451
02/18/2020,04:31,.155,.155,.155,.155, 69000
02/18/2020,05:22,.155,.155,.155,.155, 1451
02/18/2020,05:34,.155,.155,.155,.155, 1740
02/18/2020,06:01,.15,.15,.15,.15, 580
02/19/2020,00:23,.155,.155,.155,.155, 4375
02/19/2020,00:51,.155,.155,.155,.155, 125
02/19/2020,01:35,.155,.155,.155,.155, 750
02/19/2020,01:52,.155,.155,.155,.155, 15325
02/19/2020,02:01,.155,.155,.155,.155, 125
02/19/2020,02:45,.155,.155,.155,.155, 11422
02/19/2020,02:54,.155,.155,.155,.155, 212
02/19/2020,03:25,.155,.155,.155,.155, 1613
02/19/2020,04:37,.155,.155,.155,.155, 1592
02/19/2020,05:20,.155,.155,.155,.155, 4908
02/19/2020,05:29,.155,.155,.155,.155, 1227
02/19/2020,05:51,.155,.155,.155,.155, 5000
02/20/2020,00:58,.15,.15,.15,.15, 747
02/20/2020,02:40,.155,.16,.155,.16, 11345
02/20/2020,03:46,.16,.16,.16,.16, 3745
02/20/2020,04:27,.16,.16,.16,.16, 1131
02/20/2020,05:41,.155,.155,.155,.155, 221
02/20/2020,06:20,.16,.16,.16,.16, 1663
02/21/2020,00:23,.16,.16,.16,.16, 349666
02/21/2020,00:28,.16,.16,.16,.16, 2382
02/21/2020,00:35,.16,.16,.16,.16, 45240
02/21/2020,03:41,.16,.16,.16,.16, 10000
02/24/2020,01:41,.16,.16,.16,.16, 79632
02/24/2020,01:48,.16,.16,.16,.16, 551
02/24/2020,01:51,.16,.16,.16,.16, 535
02/24/2020,01:54,.16,.16,.16,.16, 514
02/24/2020,01:57,.16,.16,.16,.16, 539
02/24/2020,02:00,.16,.16,.16,.16, 509
02/24/2020,02:03,.16,.16,.16,.16, 526
02/24/2020,02:06,.16,.16,.16,.16, 516
02/24/2020,02:09,.16,.16,.16,.16, 512
02/24/2020,02:12,.16,.16,.16,.16, 432
02/24/2020,02:14,.16,.16,.16,.16, 500
02/24/2020,02:17,.16,.16,.16,.16, 427
02/24/2020,02:20,.16,.16,.16,.16, 495
02/24/2020,02:23,.16,.16,.16,.16, 489
02/24/2020,02:26,.16,.16,.16,.16, 485
02/24/2020,02:28,.16,.16,.16,.16, 400
02/24/2020,02:31,.16,.16,.16,.16, 407
02/24/2020,02:33,.16,.16,.16,.16, 399
02/24/2020,02:36,.16,.16,.16,.16, 460
02/24/2020,02:39,.16,.16,.16,.16, 395
02/24/2020,02:41,.16,.16,.16,.16, 392
02/24/2020,02:46,.16,.16,.16,.16, 15000
02/24/2020,02:47,.157,.157,.157,.157, 458
02/24/2020,02:48,.16,.16,.16,.16, 3990
02/24/2020,02:50,.157,.157,.157,.157, 460
02/24/2020,02:53,.157,.157,.157,.157, 459
02/24/2020,02:56,.157,.157,.157,.157, 460
02/24/2020,03:00,.157,.157,.157,.157, 459
02/24/2020,03:03,.157,.157,.157,.157, 457
02/24/2020,03:06,.157,.157,.157,.157, 456
02/24/2020,03:09,.157,.16,.157,.16, 3847
02/24/2020,03:10,.16,.16,.16,.16, 700
02/24/2020,03:12,.16,.16,.16,.16, 540
02/24/2020,03:14,.16,.16,.16,.16, 471
02/24/2020,03:18,.16,.16,.16,.16, 484
02/24/2020,03:21,.16,.16,.16,.16, 490
02/24/2020,03:33,.16,.16,.16,.16, 963
02/24/2020,03:34,.16,.16,.16,.16, 993
02/24/2020,03:37,.16,.16,.16,.16, 394
02/24/2020,03:40,.16,.16,.16,.16, 396
02/24/2020,03:43,.16,.16,.16,.16, 397
02/24/2020,03:45,.16,.16,.16,.16, 341
02/24/2020,03:48,.16,.16,.16,.16, 338
02/24/2020,03:51,.16,.16,.16,.16, 365
02/24/2020,04:03,.16,.16,.16,.16, 3010
02/24/2020,04:23,.16,.16,.16,.16, 294
02/24/2020,04:25,.16,.16,.16,.16, 291
02/24/2020,04:27,.16,.16,.16,.16, 283
02/24/2020,04:29,.16,.16,.16,.16, 280
02/24/2020,04:31,.16,.16,.16,.16, 283
02/24/2020,04:33,.16,.16,.16,.16, 282
02/24/2020,04:35,.16,.16,.16,.16, 287
02/24/2020,04:37,.16,.16,.16,.16, 283
02/24/2020,04:39,.16,.16,.16,.16, 286
02/24/2020,04:41,.16,.16,.16,.16, 276
02/24/2020,04:43,.16,.16,.16,.16, 290
02/24/2020,04:44,.16,.16,.16,.16, 3005
02/24/2020,04:45,.16,.16,.16,.16, 1149
02/24/2020,04:46,.16,.16,.16,.16, 326
02/24/2020,04:48,.16,.16,.16,.16, 310
02/24/2020,04:51,.16,.16,.16,.16, 328
02/24/2020,04:53,.16,.16,.16,.16, 315
02/24/2020,05:04,.16,.16,.16,.16, 5095
02/24/2020,05:26,.16,.16,.16,.16, 860
02/24/2020,05:35,.162,.162,.162,.162, 473
02/24/2020,05:38,.162,.162,.162,.162, 474
02/24/2020,05:41,.162,.162,.162,.162, 473
02/24/2020,05:43,.162,.162,.162,.162, 456
02/24/2020,05:46,.16,.16,.16,.16, 473
02/24/2020,05:49,.16,.16,.16,.16, 464
02/24/2020,05:51,.16,.16,.16,.16, 463
02/24/2020,05:54,.16,.16,.16,.16, 1369
02/24/2020,05:58,.16,.16,.16,.16, 1520
02/24/2020,05:59,.16,.16,.16,.16, 1537
02/24/2020,06:17,.16,.16,.16,.16, 2030
02/24/2020,06:19,.16,.16,.16,.16, 1257
02/24/2020,06:31,.165,.165,.165,.165, 10842
02/25/2020,00:57,.165,.17,.165,.17, 75036
02/25/2020,01:10,.17,.17,.17,.17, 2063
02/25/2020,01:23,.17,.17,.17,.17, 1446
02/25/2020,01:35,.17,.17,.17,.17, 1525
02/25/2020,01:47,.17,.17,.17,.17, 117
02/25/2020,01:59,.175,.175,.175,.175, 1773
02/25/2020,02:11,.175,.175,.175,.175, 1170
02/25/2020,02:21,.175,.175,.175,.175, 1291
02/25/2020,02:32,.175,.175,.175,.175, 1363
02/25/2020,02:42,.175,.175,.175,.175, 1398
02/25/2020,02:44,.17,.17,.17,.17, 7954
02/25/2020,02:52,.175,.175,.175,.175, 1411
02/25/2020,03:02,.175,.175,.175,.175, 1393
02/25/2020,03:21,.175,.175,.175,.175, 4063
02/25/2020,03:35,.17,.17,.17,.17, 36717
02/25/2020,03:44,.17,.17,.17,.17, 1386
02/25/2020,03:53,.17,.17,.17,.17, 1381
02/25/2020,04:02,.17,.17,.17,.17, 1388
02/25/2020,04:11,.17,.17,.17,.17, 1402
02/25/2020,04:20,.17,.17,.17,.17, 1422
02/25/2020,04:29,.17,.17,.17,.17, 1452
02/25/2020,05:43,.17,.17,.17,.17, 25344
02/25/2020,06:17,.165,.165,.165,.165, 1086
02/25/2020,06:31,.17,.17,.17,.17, 11573
02/26/2020,00:23,.155,.155,.155,.155, 264418
02/26/2020,00:27,.155,.155,.155,.155, 25985
02/26/2020,00:30,.155,.155,.155,.155, 146327
02/26/2020,00:31,.155,.155,.155,.155, 3800
02/26/2020,00:35,.155,.155,.155,.155, 21041
02/26/2020,00:48,.155,.155,.155,.155, 93860
02/26/2020,01:20,.155,.155,.155,.155, 20000
02/26/2020,02:30,.155,.155,.155,.155, 14000
02/26/2020,06:08,.155,.155,.155,.155, 9820

