02/03/2020,18:59,3.55,3.59,3.55,3.59, 400
02/03/2020,19:02,3.57,3.57,3.57,3.57, 200
02/03/2020,19:03,3.59,3.6,3.59,3.6, 400
02/03/2020,19:07,3.62,3.62,3.61,3.62, 400
02/03/2020,20:03,3.651,3.651,3.6,3.6, 1039
02/03/2020,20:14,3.6,3.6,3.6,3.6, 704
02/03/2020,20:29,3.6,3.6,3.6,3.6, 100
02/04/2020,17:37,3.617,3.617,3.617,3.617, 100
02/04/2020,18:34,3.55,3.55,3.55,3.55, 100
02/04/2020,19:05,3.56,3.56,3.56,3.56, 200
02/04/2020,19:06,3.56,3.56,3.56,3.56, 100
02/04/2020,19:13,3.64,3.64,3.63,3.63, 200
02/04/2020,19:14,3.63,3.65,3.63,3.65, 600
02/04/2020,21:27,3.64,3.64,3.64,3.64, 100
02/05/2020,15:34,3.678,3.68,3.678,3.68, 399
02/05/2020,15:59,3.7,3.7,3.7,3.7, 100
02/05/2020,16:17,3.72,3.72,3.72,3.72, 500
02/05/2020,16:23,3.72,3.72,3.72,3.72, 200
02/05/2020,16:25,3.7,3.7,3.67,3.67, 200
02/05/2020,16:26,3.652,3.652,3.652,3.652, 500
02/05/2020,16:36,3.67,3.68,3.67,3.68, 850
02/05/2020,16:36,3.705,3.705,3.705,3.705, 250
02/05/2020,16:38,3.71,3.71,3.705,3.71, 1200
02/05/2020,16:39,3.7,3.7,3.7,3.7, 248
02/05/2020,16:42,3.7,3.81,3.7,3.801, 3606
02/05/2020,16:42,3.87,3.87,3.87,3.87, 300
02/05/2020,16:43,3.835,3.84,3.832,3.84, 700
02/05/2020,17:11,3.9,3.9,3.9,3.9, 200
02/05/2020,17:18,3.8,3.8,3.8,3.8, 100
02/05/2020,17:25,3.72,3.72,3.72,3.72, 245
02/05/2020,21:59,3.77,3.77,3.76,3.76, 200
02/06/2020,15:31,3.84,3.84,3.84,3.84, 182
02/06/2020,18:00,3.83,3.83,3.83,3.83, 200
02/06/2020,18:01,3.849,3.849,3.82,3.82, 600
02/06/2020,18:07,3.848,3.848,3.848,3.848, 100
02/06/2020,20:34,3.82,3.82,3.72,3.72, 200
02/06/2020,21:52,3.719,3.719,3.719,3.719, 640
02/07/2020,16:10,3.7,3.7,3.7,3.7, 100
02/07/2020,16:59,3.58,3.58,3.58,3.58, 699
02/07/2020,17:24,3.664,3.664,3.664,3.664, 600
02/07/2020,19:36,3.667,3.667,3.667,3.667, 400
02/07/2020,19:59,3.667,3.667,3.58,3.58, 800
02/07/2020,20:04,3.6,3.6,3.6,3.6, 500
02/07/2020,20:11,3.607,3.607,3.607,3.607, 750
02/10/2020,19:33,3.6,3.6,3.6,3.6, 100
02/12/2020,17:03,3.7,3.7,3.7,3.7, 100
02/12/2020,20:31,3.76,4.09,3.76,3.986, 6849
02/12/2020,20:32,4,4.3,4,4.29, 10911
02/12/2020,20:33,4.327,4.332,4.193,4.22, 2400
02/12/2020,20:34,4.2,4.23,4.07,4.11, 3568
02/12/2020,20:35,4.121,4.15,4.07,4.07, 3561
02/12/2020,20:36,4.07,4.085,4.06,4.06, 3000
02/12/2020,20:37,4,4,3.96,3.96, 1600
02/12/2020,20:40,3.93,3.93,3.93,3.93, 200
02/12/2020,20:41,3.95,3.95,3.95,3.95, 400
02/12/2020,20:43,3.93,3.93,3.91,3.91, 500
02/12/2020,20:44,3.96,3.96,3.96,3.96, 900
02/12/2020,21:23,3.904,3.904,3.904,3.904, 150
02/12/2020,21:46,3.82,3.82,3.8,3.8, 1100
02/12/2020,22:01,3.77,3.77,3.77,3.77, 200
02/13/2020,17:25,3.8,3.8,3.8,3.8, 100
02/13/2020,17:26,3.73,3.73,3.6,3.6, 1546
02/13/2020,17:29,3.56,3.56,3.56,3.56, 100
02/13/2020,17:30,3.6,3.71,3.6,3.706, 2100
02/13/2020,17:31,3.68,3.71,3.68,3.71, 1150
02/13/2020,17:32,3.74,3.74,3.74,3.74, 377
02/13/2020,17:35,3.7,3.7,3.7,3.7, 200
02/13/2020,17:50,3.7,3.7,3.7,3.7, 117
02/13/2020,18:38,3.65,3.66,3.65,3.66, 200
02/13/2020,18:39,3.65,3.66,3.64,3.66, 600
02/13/2020,18:40,3.7,3.76,3.7,3.7, 2000
02/13/2020,19:15,3.75,3.75,3.75,3.75, 200
02/13/2020,19:56,3.7,3.7,3.7,3.7, 200
02/13/2020,20:06,3.7,3.7,3.7,3.7, 200
02/13/2020,20:33,3.7,3.7,3.7,3.7, 200
02/14/2020,16:34,3.65,3.69,3.65,3.69, 300
02/14/2020,16:42,3.81,3.81,3.81,3.81, 100
02/14/2020,16:43,3.76,3.76,3.76,3.76, 100
02/14/2020,18:37,3.65,3.65,3.65,3.65, 200
02/14/2020,20:48,3.65,3.65,3.58,3.58, 1200
02/18/2020,15:48,3.65,3.65,3.52,3.52, 2174
02/18/2020,16:07,3.52,3.52,3.52,3.52, 278
02/18/2020,18:41,3.566,3.566,3.566,3.566, 200
02/18/2020,20:17,3.54,3.54,3.54,3.54, 1500
02/18/2020,20:51,3.52,3.52,3.52,3.52, 100
02/18/2020,20:53,3.52,3.52,3.52,3.52, 200
02/18/2020,21:52,3.52,3.52,3.52,3.52, 200
02/19/2020,19:19,3.58,3.58,3.58,3.58, 100
02/19/2020,19:42,3.6,3.65,3.6,3.65, 1200
02/19/2020,19:43,3.64,3.65,3.63,3.65, 2000
02/19/2020,19:46,3.69,3.69,3.68,3.68, 300
02/19/2020,19:57,3.66,3.66,3.66,3.66, 100
02/19/2020,20:01,3.676,3.676,3.676,3.676, 475
02/19/2020,20:02,3.66,3.68,3.66,3.68, 350
02/19/2020,20:23,3.68,3.68,3.68,3.68, 100
02/19/2020,20:23,3.68,3.68,3.68,3.68, 100
02/19/2020,20:27,3.61,3.61,3.61,3.61, 400
02/19/2020,20:34,3.675,3.675,3.675,3.675, 100
02/19/2020,20:43,3.68,3.68,3.68,3.68, 100
02/19/2020,21:09,3.68,3.68,3.68,3.68, 200
02/19/2020,21:27,3.58,3.58,3.58,3.58, 361
02/19/2020,21:29,3.54,3.54,3.54,3.54, 600
02/20/2020,15:37,3.53,3.53,3.52,3.52, 4251
02/20/2020,15:41,3.56,3.56,3.56,3.56, 100
02/20/2020,15:42,3.56,3.56,3.56,3.56, 300
02/20/2020,15:52,3.567,3.593,3.567,3.593, 1000
02/20/2020,15:53,3.602,3.602,3.602,3.602, 500
02/20/2020,15:55,3.673,3.673,3.673,3.673, 500
02/20/2020,16:11,3.718,3.718,3.68,3.68, 650
02/20/2020,16:12,3.638,3.638,3.638,3.638, 100
02/20/2020,16:32,3.75,3.75,3.75,3.75, 600
02/20/2020,17:29,3.625,3.625,3.625,3.625, 1500
02/20/2020,19:44,3.71,3.71,3.71,3.71, 500
02/21/2020,17:36,3.72,3.72,3.72,3.72, 500
02/21/2020,18:36,3.68,3.68,3.68,3.68, 100
02/21/2020,18:55,3.685,3.685,3.665,3.665, 1600
02/21/2020,21:33,3.61,3.61,3.61,3.61, 150
02/24/2020,15:31,3.61,3.61,3.61,3.61, 705
02/24/2020,16:04,3.61,3.68,3.61,3.68, 500
02/24/2020,16:41,3.61,3.61,3.61,3.61, 3000
02/24/2020,17:47,3.628,3.628,3.628,3.628, 2000
02/24/2020,20:20,3.67,3.67,3.5,3.62, 8950
02/24/2020,20:49,3.549,3.549,3.549,3.549, 300
02/24/2020,20:50,3.53,3.53,3.52,3.52, 200
02/24/2020,20:54,3.51,3.52,3.51,3.52, 200
02/24/2020,20:59,3.52,3.52,3.52,3.52, 500
02/24/2020,20:59,3.52,3.52,3.52,3.52, 100
02/24/2020,21:08,3.55,3.55,3.54,3.54, 500
02/24/2020,21:09,3.55,3.55,3.54,3.54, 300
02/24/2020,21:10,3.55,3.55,3.54,3.54, 200
02/25/2020,18:23,3.532,3.532,3.532,3.532, 3500
02/25/2020,18:24,3.52,3.577,3.51,3.577, 1478
02/25/2020,18:29,3.51,3.51,3.51,3.51, 4200
02/25/2020,18:30,3.51,3.51,3.51,3.51, 100
02/25/2020,18:33,3.51,3.51,3.51,3.51, 1192
02/25/2020,18:48,3.504,3.504,3.504,3.504, 1000
02/25/2020,18:51,3.5,3.5,3.5,3.5, 200
02/25/2020,18:55,3.504,3.504,3.504,3.504, 1000
02/25/2020,19:15,3.5,3.502,3.5,3.502, 536
02/25/2020,19:16,3.5,3.5,3.5,3.5, 2100
02/25/2020,19:19,3.425,3.45,3.425,3.447, 900
02/25/2020,19:20,3.45,3.45,3.45,3.45, 600
02/25/2020,19:23,3.56,3.56,3.55,3.55, 200
02/25/2020,19:58,3.605,3.605,3.605,3.605, 175
02/25/2020,21:48,3.603,3.603,3.603,3.603, 395
02/25/2020,21:49,3.615,3.615,3.615,3.615, 300
02/26/2020,18:09,3.359,3.39,3.359,3.39, 495
02/26/2020,18:11,3.4,3.4,3.4,3.4, 300
02/26/2020,18:12,3.4,3.4,3.4,3.4, 100
02/26/2020,18:13,3.419,3.43,3.41,3.43, 500
02/26/2020,18:14,3.49,3.51,3.49,3.49, 400
02/26/2020,18:15,3.57,3.57,3.513,3.551, 400
02/26/2020,18:15,3.57,3.57,3.56,3.57, 400
02/26/2020,18:17,3.51,3.513,3.51,3.513, 400
02/26/2020,18:28,3.611,3.628,3.611,3.628, 1200
02/28/2020,15:31,3.39,3.39,3.39,3.39, 400
02/28/2020,16:15,3.293,3.293,3.24,3.24, 338
02/28/2020,16:55,3.327,3.327,3.327,3.327, 275
02/28/2020,17:47,3.3,3.3,3.3,3.3, 100
02/28/2020,18:54,3.3,3.3,3.3,3.3, 200
02/28/2020,19:23,3.3,3.3,3.3,3.3, 100
02/28/2020,19:24,3.3,3.3,3.3,3.3, 100
02/28/2020,19:25,3.294,3.31,3.294,3.31, 1200
02/28/2020,19:26,3.31,3.31,3.307,3.31, 1200
02/28/2020,19:27,3.294,3.294,3.294,3.294, 400
02/28/2020,19:30,3.28,3.297,3.28,3.297, 900
02/28/2020,20:05,3.28,3.28,3.28,3.28, 700
02/28/2020,20:38,3.32,3.32,3.32,3.32, 500
02/28/2020,20:40,3.28,3.283,3.28,3.28, 400
02/28/2020,21:40,3.28,3.28,3.28,3.28, 200
02/28/2020,21:51,3.48,3.48,3.48,3.48, 100

