01/02/2020,15:48,38.518,38.518,38.518,38.518, 100
01/02/2020,16:31,38.86,38.86,38.8,38.8, 300
01/02/2020,16:33,38.69,38.69,38.69,38.69, 100
01/02/2020,16:35,38.5,38.5,38.5,38.5, 100
01/02/2020,16:37,38.59,38.59,38.59,38.59, 100
01/02/2020,16:41,38.59,38.59,38.59,38.59, 100
01/02/2020,16:43,38.647,38.647,38.63,38.63, 415
01/02/2020,16:44,38.6,38.73,38.6,38.73, 311
01/02/2020,16:47,39.11,39.11,39.06,39.11, 600
01/02/2020,16:51,39.47,39.5,39.44,39.5, 700
01/02/2020,16:55,39.32,39.32,39.21,39.21, 200
01/02/2020,16:56,39.12,39.12,39.12,39.12, 100
01/02/2020,17:00,39.16,39.16,39.16,39.16, 100
01/02/2020,17:03,38.99,38.99,38.99,38.99, 100
01/02/2020,17:05,39.12,39.12,39.12,39.12, 100
01/02/2020,17:08,39.1,39.1,39.1,39.1, 100
01/02/2020,17:14,38.95,38.95,38.95,38.95, 100
01/02/2020,17:15,39.1,39.1,39.1,39.1, 100
01/02/2020,17:15,39.1,39.1,39.1,39.1, 100
01/02/2020,17:27,39.083,39.15,39.08,39.15, 500
01/02/2020,17:35,39.12,39.12,39.05,39.05, 685
01/02/2020,17:42,38.95,38.95,38.95,38.95, 275
01/02/2020,17:45,38.71,38.72,38.71,38.72, 200
01/02/2020,17:46,38.78,38.78,38.78,38.78, 100
01/02/2020,17:50,38.75,38.75,38.75,38.75, 100
01/02/2020,17:56,38.59,38.697,38.59,38.59, 800
01/02/2020,18:00,38.8,38.8,38.75,38.75, 200
01/02/2020,18:01,38.7,38.7,38.7,38.7, 200
01/02/2020,18:02,38.68,38.68,38.68,38.68, 100
01/02/2020,18:03,38.75,38.75,38.68,38.75, 400
01/02/2020,18:04,38.65,38.65,38.65,38.65, 100
01/02/2020,18:07,38.73,38.73,38.68,38.68, 200
01/02/2020,18:13,38.8,38.8,38.8,38.8, 505
01/02/2020,19:14,38.733,38.733,38.733,38.733, 200
01/02/2020,19:31,38.84,38.84,38.84,38.84, 100
01/02/2020,19:35,38.807,38.807,38.807,38.807, 300
01/02/2020,20:01,38.667,38.667,38.667,38.667, 1100
01/02/2020,20:18,38.728,38.728,38.728,38.728, 100
01/02/2020,20:33,38.85,38.85,38.85,38.85, 100
01/02/2020,20:41,38.8,38.8,38.8,38.8, 297
01/02/2020,20:52,38.634,38.83,38.634,38.639, 400
01/02/2020,20:56,38.707,38.84,38.707,38.744, 300
01/02/2020,21:18,38.749,38.749,38.749,38.749, 300
01/02/2020,21:35,38.96,38.98,38.767,38.787, 400
01/02/2020,21:45,38.622,38.98,38.622,38.98, 400
01/02/2020,21:49,38.785,38.785,38.785,38.785, 380
01/02/2020,21:59,38.96,38.99,38.96,38.99, 200
01/02/2020,22:01,38.97,39,38.94,38.94, 844
01/03/2020,15:34,38.31,38.32,38.25,38.25, 300
01/03/2020,15:36,38.37,38.37,38.37,38.37, 300
01/03/2020,15:40,37.85,37.85,37.85,37.85, 100
01/03/2020,15:40,37.9,37.9,37.9,37.9, 100
01/03/2020,15:41,37.95,37.95,37.95,37.95, 100
01/03/2020,15:53,38.1,38.1,38.1,38.1, 100
01/03/2020,15:57,38.19,38.19,37.85,37.85, 200
01/03/2020,15:58,38.19,38.19,38.19,38.19, 301
01/03/2020,16:08,38.19,38.19,37.99,38.19, 1193
01/03/2020,16:13,38.07,38.07,38.07,38.07, 579
01/03/2020,16:38,38.56,38.56,38.56,38.56, 103
01/03/2020,16:39,38.61,38.66,38.6,38.66, 700
01/03/2020,16:41,38.62,38.62,38.55,38.55, 400
01/03/2020,16:45,38.6,38.6,38.6,38.6, 100
01/03/2020,16:46,38.4,38.4,38.4,38.4, 100
01/03/2020,16:50,38.2,38.2,38.2,38.2, 100
01/03/2020,16:53,38.29,38.29,38.29,38.29, 100
01/03/2020,16:55,38.4,38.4,38.26,38.26, 200
01/03/2020,16:59,37.55,37.55,37.502,37.502, 200
01/03/2020,17:08,38.22,38.3,38.22,38.3, 200
01/03/2020,17:16,38.33,38.33,38.18,38.18, 400
01/03/2020,17:22,38.34,38.34,38.18,38.18, 400
01/03/2020,17:24,38.34,38.34,38.34,38.34, 100
01/03/2020,17:26,38,38.39,38,38.39, 347
01/03/2020,17:28,38.387,38.39,38.387,38.39, 400
01/03/2020,17:30,38.39,38.39,38.39,38.39, 100
01/03/2020,17:34,38.01,38.39,38.01,38.39, 358
01/03/2020,17:35,38.45,38.45,38.45,38.45, 100
01/03/2020,17:36,38.25,38.25,38.25,38.25, 340
01/03/2020,18:40,38.9,38.9,38.9,38.9, 467
01/03/2020,18:49,39,39,39,39, 500
01/03/2020,19:00,39.3,39.3,39.3,39.3, 292
01/03/2020,19:34,38.68,38.68,38.602,38.602, 300
01/03/2020,19:34,38.72,38.74,38.72,38.74, 200
01/03/2020,19:40,38.81,38.81,38.81,38.81, 300
01/03/2020,19:41,38.784,38.784,38.784,38.784, 300
01/03/2020,19:43,38.619,38.619,38.619,38.619, 190
01/03/2020,19:43,38.8,38.8,38.609,38.609, 380
01/03/2020,19:45,38.7,38.7,38.7,38.7, 379
01/03/2020,19:48,38.941,38.941,38.941,38.941, 171
01/03/2020,19:49,39.151,39.151,39.151,39.151, 140
01/03/2020,20:20,39.09,39.09,39.09,39.09, 300
01/03/2020,20:27,38.705,38.705,38.705,38.705, 100
01/03/2020,20:36,38.85,38.85,38.85,38.85, 100
01/03/2020,21:22,39.04,39.04,39.04,39.04, 200
01/03/2020,21:48,38.865,38.865,38.865,38.865, 100
01/03/2020,22:00,39,39,39,39, 100
01/03/2020,22:01,39,39,39,39, 356
01/06/2020,16:00,38.885,38.885,38.885,38.885, 100
01/06/2020,16:01,38.79,38.79,38.79,38.79, 100
01/06/2020,16:18,38.82,38.938,38.82,38.938, 350
01/06/2020,16:19,38.95,38.95,38.905,38.905, 200
01/06/2020,16:20,39.168,39.168,39.168,39.168, 150
01/06/2020,17:05,38.832,38.832,38.832,38.832, 113
01/06/2020,17:28,39.05,39.05,39.05,39.05, 100
01/06/2020,18:06,39.03,39.05,39.03,39.05, 1053
01/06/2020,18:16,39.41,39.41,39.41,39.41, 443
01/06/2020,18:49,39.11,39.11,39.11,39.11, 100
01/06/2020,18:51,39.1,39.1,39.1,39.1, 300
01/06/2020,18:52,39.22,39.22,39.22,39.22, 100
01/06/2020,18:57,39.1,39.1,39.1,39.1, 140
01/06/2020,19:05,39.08,39.08,39.08,39.08, 100
01/06/2020,19:06,39.1,39.1,39.1,39.1, 100
01/06/2020,19:06,39.1,39.1,39.1,39.1, 386
01/06/2020,19:21,39.142,39.142,39.142,39.142, 150
01/06/2020,19:25,39.08,39.08,39.08,39.08, 200
01/06/2020,19:51,39.05,39.07,39.05,39.07, 300
01/06/2020,19:52,39.08,39.08,39.08,39.08, 100
01/06/2020,19:53,39.08,39.08,39.08,39.08, 200
01/06/2020,20:08,39.08,39.08,39.08,39.08, 100
01/06/2020,21:08,39.13,39.13,39.13,39.13, 200
01/06/2020,21:34,39.09,39.09,39.09,39.09, 100
01/06/2020,21:51,39.05,39.05,39.05,39.05, 100
01/07/2020,15:31,39.25,39.25,39.25,39.25, 400
01/07/2020,15:58,38.81,38.81,38.81,38.81, 100
01/07/2020,16:22,38.83,38.83,38.83,38.83, 100
01/07/2020,16:23,38.83,38.83,38.83,38.83, 100
01/07/2020,16:33,38.832,38.832,38.832,38.832, 310
01/07/2020,16:34,38.764,38.764,38.525,38.525, 290
01/07/2020,16:35,38.761,38.91,38.637,38.775, 500
01/07/2020,16:45,38.59,38.59,38.59,38.59, 100
01/07/2020,16:52,38.718,38.718,38.718,38.718, 100
01/07/2020,16:53,38.945,38.945,38.7,38.7, 500
01/07/2020,16:54,38.55,38.55,38.55,38.55, 100
01/07/2020,16:55,38.588,38.604,38.588,38.604, 380
01/07/2020,16:56,38.6,38.6,38.6,38.6, 320
01/07/2020,16:58,38.528,38.55,38.5,38.55, 390
01/07/2020,16:59,38.6,38.6,38.46,38.509, 400
01/07/2020,17:00,38.504,38.504,38.504,38.504, 100
01/07/2020,17:13,38.21,38.21,38.21,38.21, 100
01/07/2020,17:34,38.07,38.07,38.07,38.07, 100
01/07/2020,17:36,38.05,38.145,38,38.145, 700
01/07/2020,17:38,38,38.05,38,38.05, 1414
01/07/2020,18:00,38.24,38.24,38.125,38.125, 215
01/07/2020,18:10,38.25,38.25,38.25,38.25, 100
01/07/2020,18:20,38.336,38.336,38.336,38.336, 100
01/07/2020,18:50,38.12,38.12,38.12,38.12, 100
01/07/2020,19:44,38.12,38.12,38.12,38.12, 100
01/07/2020,20:37,38.622,38.622,38.622,38.622, 102
01/07/2020,20:41,38.5,38.5,38.5,38.5, 107
01/07/2020,20:43,38.5,38.5,38.5,38.5, 100
01/07/2020,20:47,38.3,38.3,38.3,38.3, 100
01/07/2020,21:59,38.45,38.45,38.12,38.12, 200
01/07/2020,22:00,38.47,38.7,38.47,38.7, 996
01/08/2020,15:31,38.95,38.95,38.95,38.95, 510
01/08/2020,15:49,39.303,39.303,39.3,39.3, 200
01/08/2020,15:50,39.14,39.14,39.05,39.05, 200
01/08/2020,16:14,38.76,38.8,38.76,38.8, 400
01/08/2020,16:30,38.9,38.9,38.9,38.9, 200
01/08/2020,16:38,38.025,38.025,38.025,38.025, 100
01/08/2020,16:43,38.816,38.816,38.816,38.816, 100
01/08/2020,17:39,38.6,38.65,38.6,38.65, 200
01/08/2020,17:41,38.94,38.94,38.94,38.94, 100
01/08/2020,18:03,38.92,38.94,38.92,38.94, 400
01/08/2020,19:26,38.71,38.71,38.71,38.71, 100
01/08/2020,19:40,38.75,38.75,38.528,38.528, 500
01/08/2020,19:41,38.7,38.7,38.7,38.7, 141
01/08/2020,19:42,38.444,38.444,38.444,38.444, 195
01/08/2020,19:43,38.429,38.429,38.429,38.429, 195
01/08/2020,19:46,38.608,38.608,38.608,38.608, 190
01/08/2020,19:47,38.877,38.877,38.75,38.75, 200
01/08/2020,19:48,38.889,38.889,38.769,38.769, 230
01/08/2020,20:45,38.6,38.6,38.6,38.6, 100
01/08/2020,20:52,38.613,38.613,38.613,38.613, 280
01/08/2020,21:24,38.9,38.9,38.9,38.9, 300
01/08/2020,21:25,38.9,38.9,38.9,38.9, 100
01/08/2020,21:25,38.9,38.9,38.9,38.9, 100
01/08/2020,21:30,39,39,39,39, 195
01/08/2020,21:44,39.02,39.05,39.02,39.05, 250
01/08/2020,21:50,39.05,39.05,39.05,39.05, 1194
01/08/2020,21:51,38.71,38.71,38.71,38.71, 100
01/08/2020,22:00,38.6,38.6,38.6,38.6, 158
01/08/2020,22:01,38.6,38.6,38.6,38.6, 154
01/09/2020,15:41,38.68,38.68,38.68,38.68, 100
01/09/2020,17:14,38.23,38.23,38.23,38.23, 100
01/09/2020,17:32,38.582,38.582,38.582,38.582, 100
01/09/2020,17:41,38.48,38.48,38.48,38.48, 100
01/09/2020,18:04,38.505,38.505,38.505,38.505, 100
01/09/2020,18:21,38.37,38.37,38.37,38.37, 100
01/09/2020,18:57,38.05,38.05,38.05,38.05, 100
01/09/2020,19:26,38.438,38.438,38.438,38.438, 200
01/09/2020,19:31,38.06,38.28,38.06,38.28, 700
01/09/2020,19:33,38.45,38.45,38.45,38.45, 200
01/09/2020,20:03,38.44,38.44,38.44,38.44, 100
01/09/2020,20:45,38.34,38.34,38.34,38.34, 100
01/09/2020,21:18,38.095,38.095,38.095,38.095, 100
01/09/2020,21:23,37.674,37.674,37.674,37.674, 128
01/09/2020,21:25,37.5,37.5,37.5,37.5, 500
01/09/2020,21:26,37.5,37.5,37.5,37.5, 245
01/09/2020,21:27,37.93,37.93,37.93,37.93, 100
01/09/2020,21:29,37.545,37.545,37.545,37.545, 100
01/10/2020,15:31,37.52,37.52,37.52,37.52, 117
01/10/2020,16:02,37.7,37.7,37.7,37.7, 414
01/10/2020,16:04,37.59,37.68,37.59,37.68, 200
01/10/2020,16:12,37.16,37.16,37.16,37.16, 100
01/10/2020,16:28,37.6,37.6,37.6,37.6, 200
01/10/2020,18:24,37.21,37.21,37.21,37.21, 100
01/10/2020,18:51,37.583,37.583,37.583,37.583, 131
01/10/2020,20:01,37.31,37.31,37.31,37.31, 100
01/10/2020,21:08,37.67,37.67,37.67,37.67, 100
01/10/2020,21:31,37.99,38,37.99,38, 400
01/10/2020,21:42,38.13,38.13,38.13,38.13, 113
01/10/2020,21:45,38.83,38.83,38.83,38.83, 100
01/10/2020,22:00,37.5,37.5,37.5,37.5, 100
01/10/2020,22:00,38.8,38.8,38.8,38.8, 100
01/13/2020,15:31,38.14,38.14,38.14,38.14, 136
01/13/2020,15:40,38.6,38.6,38.6,38.6, 100
01/13/2020,15:46,38.858,38.858,38.858,38.858, 400
01/13/2020,16:06,38.85,38.85,38.85,38.85, 200
01/13/2020,19:26,39.024,39.024,39.024,39.024, 500
01/13/2020,19:54,39,39,39,39, 400
01/13/2020,20:39,38.81,38.81,38.81,38.81, 100
01/13/2020,21:52,38.92,38.92,38.92,38.92, 100
01/14/2020,15:31,38.83,38.83,38.83,38.83, 300
01/14/2020,15:58,38.6,38.6,38.234,38.474, 460
01/14/2020,16:00,38.65,38.68,38.293,38.293, 500
01/14/2020,16:01,38.408,38.408,38.408,38.408, 100
01/14/2020,16:01,37.777,38.68,37.777,38.293, 600
01/14/2020,16:02,38.73,38.73,38.73,38.73, 100
01/14/2020,16:08,38.904,38.904,38.904,38.904, 150
01/14/2020,16:10,38.913,38.914,38.89,38.914, 300
01/14/2020,16:10,38.78,38.78,38.78,38.78, 100
01/14/2020,16:11,38.81,38.81,38.81,38.81, 100
01/14/2020,16:12,38.941,38.941,38.941,38.941, 100
01/14/2020,16:23,39.039,39.039,39.039,39.039, 100
01/14/2020,17:50,39.03,39.3,39.03,39.3, 1650
01/14/2020,18:02,39.26,39.26,39.26,39.26, 100
01/14/2020,18:07,38.866,38.866,38.866,38.866, 150
01/14/2020,18:12,39.008,39.044,39.008,39.044, 200
01/14/2020,18:46,38.735,38.735,38.735,38.735, 100
01/14/2020,18:56,38.767,38.767,38.767,38.767, 242
01/14/2020,18:59,39,39,39,39, 100
01/14/2020,19:59,39,39,39,39, 100
01/14/2020,21:06,38.85,38.85,38.85,38.85, 100
01/14/2020,21:07,38.86,38.86,38.86,38.86, 100
01/14/2020,21:24,38.78,38.78,38.78,38.78, 200
01/14/2020,22:00,38.98,38.98,38.98,38.98, 100
01/15/2020,16:01,38.77,38.77,38.611,38.611, 400
01/15/2020,17:08,38.775,38.775,38.775,38.775, 100
01/15/2020,18:12,38.93,38.93,38.93,38.93, 100
01/15/2020,19:25,38.819,38.819,38.819,38.819, 100
01/15/2020,20:46,39,39,39,39, 100
01/15/2020,21:01,38.985,38.985,38.985,38.985, 100
01/15/2020,21:03,38.75,38.75,38.75,38.75, 100
01/15/2020,21:39,38.845,38.98,38.845,38.98, 1100
01/15/2020,21:45,39,39,39,39, 100
01/15/2020,21:52,39,39,39,39, 794
01/15/2020,21:58,39,39,39,39, 100
01/16/2020,15:31,39.02,39.02,39.02,39.02, 100
01/16/2020,15:55,39,39.02,39,39.02, 400
01/16/2020,16:00,39,39,39,39, 150
01/16/2020,16:25,39.403,39.403,39.4,39.4, 400
01/16/2020,16:30,39.05,39.05,39.03,39.03, 200
01/16/2020,16:33,38.85,38.89,38.85,38.89, 200
01/16/2020,16:34,38.97,39,38.97,39, 200
01/16/2020,16:36,38.182,38.182,38.182,38.182, 1000
01/16/2020,16:54,38.847,38.847,38.847,38.847, 100
01/16/2020,17:03,38.96,38.96,38.96,38.96, 100
01/16/2020,17:05,39.025,39.025,39.025,39.025, 100
01/16/2020,17:26,38.9,38.9,38.9,38.9, 100
01/16/2020,17:27,38.96,38.96,38.85,38.85, 200
01/16/2020,17:46,38.96,38.96,38.96,38.96, 100
01/16/2020,20:52,38.92,38.92,38.92,38.92, 200
01/16/2020,21:26,38.85,38.85,38.85,38.85, 100
01/16/2020,21:48,38.865,38.865,38.865,38.865, 100
01/16/2020,21:51,38.865,38.865,38.865,38.865, 100
01/16/2020,21:57,39.08,39.08,38.87,38.879, 300
01/16/2020,21:58,39.05,39.05,38.87,38.87, 200
01/17/2020,15:38,38.753,38.753,38.753,38.753, 317
01/17/2020,15:44,38.4,38.5,38.4,38.5, 200
01/17/2020,15:46,38.35,38.35,38.35,38.35, 100
01/17/2020,15:48,38.25,38.25,38.25,38.25, 100
01/17/2020,15:50,38.222,38.222,38.222,38.222, 100
01/17/2020,15:51,38.5,38.591,38.002,38.591, 600
01/17/2020,15:52,38.311,38.311,37.276,37.276, 200
01/17/2020,15:53,38.44,38.44,38.44,38.44, 334
01/17/2020,15:54,37.58,38.396,37.58,38.396, 400
01/17/2020,15:55,38.3,38.3,37.68,37.68, 250
01/17/2020,15:56,38.45,38.45,38.45,38.45, 140
01/17/2020,15:58,37.92,37.92,37.92,37.92, 100
01/17/2020,16:05,38.4,38.4,38.4,38.4, 100
01/17/2020,16:09,38.103,38.575,38.103,38.575, 390
01/17/2020,16:10,38.575,38.575,38.465,38.465, 410
01/17/2020,16:36,38.7,38.7,38.7,38.7, 100
01/17/2020,16:44,38.2,38.2,38.2,38.2, 100
01/17/2020,16:52,38.07,38.07,38.07,38.07, 300
01/17/2020,18:17,38.01,38.01,38.01,38.01, 100
01/17/2020,19:16,38.01,38.01,38.01,38.01, 100
01/17/2020,19:27,38.28,38.28,37.96,37.998, 500
01/17/2020,21:50,37.88,37.88,37.88,37.88, 100
01/17/2020,22:00,37.81,37.81,37.81,37.81, 100
01/21/2020,15:31,37.33,37.33,37.33,37.33, 240
01/21/2020,15:56,37.046,37.046,37.046,37.046, 317
01/21/2020,16:30,37.51,37.51,37.51,37.51, 100
01/21/2020,16:48,37.595,37.595,37.595,37.595, 100
01/21/2020,17:21,37.453,37.453,37.453,37.453, 121
01/21/2020,18:11,37.45,37.45,37.45,37.45, 100
01/21/2020,18:19,37.3,37.3,37.3,37.3, 100
01/21/2020,18:48,37.3,37.3,37.3,37.3, 100
01/21/2020,18:53,37.6,37.6,37.6,37.6, 100
01/21/2020,19:03,37.55,37.55,37.55,37.55, 100
01/21/2020,19:37,37.75,37.75,37.75,37.75, 100
01/21/2020,19:44,37.49,37.49,37.49,37.49, 100
01/21/2020,19:57,37.76,37.76,37.76,37.76, 100
01/21/2020,20:25,37.4,37.4,37.4,37.4, 100
01/21/2020,20:45,37.24,37.24,37.24,37.24, 100
01/21/2020,21:05,37.01,37.01,37.01,37.01, 100
01/21/2020,21:39,37.05,37.05,37.05,37.05, 100
01/21/2020,21:47,37.395,37.395,37.395,37.395, 100
01/21/2020,21:52,37.61,37.61,37.61,37.61, 100
01/21/2020,21:53,37.36,37.585,37.05,37.05, 400
01/21/2020,21:54,37.19,37.19,37.19,37.19, 100
01/21/2020,21:55,37.5,37.7,37.5,37.5, 600
01/21/2020,21:58,38,38,38,38, 100
01/21/2020,22:00,37.55,38.5,37.5,37.5, 300
01/22/2020,15:31,37.85,37.85,36.9,36.9, 500
01/22/2020,15:49,37.75,37.75,37.75,37.75, 500
01/22/2020,16:17,38.45,38.45,38.45,38.45, 100
01/22/2020,16:25,38.52,38.52,38.52,38.52, 100
01/22/2020,16:31,38.079,38.079,38.079,38.079, 200
01/22/2020,17:40,37.395,37.395,37.395,37.395, 100
01/22/2020,17:47,37.395,37.395,37.395,37.395, 181
01/22/2020,18:06,37.605,37.605,37.605,37.605, 400
01/22/2020,18:23,37.345,37.345,37.345,37.345, 200
01/22/2020,19:04,37.39,37.399,37.39,37.399, 600
01/22/2020,19:32,37.42,37.42,37.42,37.42, 100
01/22/2020,19:34,37.42,37.42,37.42,37.42, 100
01/22/2020,19:41,37.42,37.42,37.42,37.42, 100
01/22/2020,20:10,37.74,37.74,37.74,37.74, 200
01/22/2020,20:38,37.435,37.435,37.435,37.435, 181
01/22/2020,20:41,37.435,37.435,37.435,37.435, 100
01/22/2020,21:21,37.49,37.49,37.49,37.49, 100
01/22/2020,21:23,37.517,37.517,37.265,37.265, 200
01/22/2020,21:32,37.49,37.49,37.49,37.49, 100
01/22/2020,21:32,37.49,37.5,37.49,37.5, 200
01/22/2020,21:45,37.49,37.49,37.49,37.49, 142
01/22/2020,21:50,37.49,37.49,37.49,37.49, 200
01/23/2020,15:31,35.65,35.65,35.65,35.65, 2150
01/23/2020,16:12,36.77,36.77,36.77,36.77, 200
01/23/2020,17:12,36.377,36.377,36.377,36.377, 100
01/23/2020,17:23,36.38,36.38,36.38,36.38, 300
01/23/2020,17:29,36.47,36.47,36.47,36.47, 100
01/23/2020,17:40,36.46,36.46,36.46,36.46, 100
01/23/2020,18:53,35.81,35.81,35.81,35.81, 100
01/23/2020,19:57,36.1,36.1,36.1,36.1, 100
01/23/2020,20:36,35.955,36.1,35.955,36.1, 500
01/23/2020,20:45,36.1,36.1,36.1,36.1, 100
01/23/2020,20:57,35.985,35.985,35.985,35.985, 100
01/23/2020,21:26,35.815,35.82,35.815,35.82, 200
01/23/2020,21:35,35.815,35.815,35.815,35.815, 100
01/23/2020,21:39,35.81,35.81,35.81,35.81, 110
01/23/2020,21:45,36.2,36.2,36.2,36.2, 100
01/23/2020,21:53,35.8,35.8,35.8,35.8, 193
01/23/2020,22:00,35.98,35.98,35.98,35.98, 500
01/24/2020,15:31,35.78,35.78,35.78,35.78, 210
01/24/2020,17:20,35.62,35.62,35.62,35.62, 100
01/24/2020,17:46,35.62,35.655,35.62,35.62, 700
01/24/2020,18:22,35.565,35.565,35.565,35.565, 100
01/24/2020,18:45,35.411,35.411,35.411,35.411, 300
01/24/2020,19:17,35.4,35.4,35.4,35.4, 100
01/24/2020,19:17,35.4,35.4,35.4,35.4, 100
01/24/2020,19:29,35.41,35.41,35.41,35.41, 100
01/24/2020,19:42,35.52,35.52,35.52,35.52, 200
01/24/2020,20:30,35.42,35.42,35.42,35.42, 100
01/24/2020,21:46,35.458,35.458,35.458,35.458, 188
01/27/2020,15:38,34.864,34.864,34.864,34.864, 200
01/27/2020,15:44,34.8,34.8,34.8,34.8, 100
01/27/2020,15:50,34.6,34.6,34,34, 600
01/27/2020,15:57,34.1,34.1,34.1,34.1, 350
01/27/2020,16:17,34.8,34.8,34.72,34.72, 300
01/27/2020,18:14,34.223,34.223,34.179,34.179, 300
01/27/2020,18:15,34.115,34.356,34.115,34.187, 490
01/27/2020,18:16,34.188,34.188,34.188,34.188, 195
01/27/2020,18:28,34.538,34.538,34.538,34.538, 195
01/27/2020,18:29,34.437,34.585,34.437,34.585, 295
01/27/2020,18:30,34.4,34.512,34.4,34.512, 387
01/27/2020,18:30,34.467,34.467,34.467,34.467, 100
01/27/2020,18:39,34.765,34.765,34.765,34.765, 200
01/27/2020,19:09,34.575,34.77,34.575,34.77, 1029
01/27/2020,19:09,34.77,34.77,34.705,34.77, 500
01/27/2020,19:13,35.28,35.28,35.21,35.21, 200
01/27/2020,19:16,35.32,35.32,35.32,35.32, 100
01/27/2020,20:04,35.66,35.66,35.31,35.42, 700
01/27/2020,20:33,35,35,35,35, 100
01/27/2020,20:40,35.212,35.212,35.212,35.212, 100
01/27/2020,22:01,35,35,35,35, 207
01/28/2020,16:01,35.58,35.58,35.58,35.58, 100
01/28/2020,16:01,35.57,35.57,35.57,35.57, 100
01/28/2020,16:55,35.99,36.62,35.99,36.62, 1800
01/28/2020,16:56,36.405,36.505,36.405,36.505, 200
01/28/2020,17:01,36.155,36.295,36.155,36.295, 300
01/28/2020,17:02,36.295,36.295,36.295,36.295, 200
01/28/2020,17:08,35.995,36.009,35.995,36.009, 200
01/28/2020,17:36,36.04,36.04,36.04,36.04, 100
01/28/2020,17:51,35.62,35.62,35.62,35.62, 219
01/28/2020,17:51,35.5,35.5,35.5,35.5, 100
01/28/2020,17:55,35.455,35.455,35.455,35.455, 100
01/28/2020,17:57,35.41,35.41,35.41,35.41, 100
01/28/2020,18:52,35.645,35.645,35.645,35.645, 100
01/28/2020,19:23,35.176,35.176,35.176,35.176, 300
01/28/2020,19:41,35.558,35.558,35.558,35.558, 300
01/28/2020,20:38,35.795,35.795,35.795,35.795, 248
01/28/2020,20:39,35.26,35.26,35.26,35.26, 100
01/28/2020,20:53,36.38,36.38,36.38,36.38, 100
01/28/2020,21:31,35.705,35.705,35.705,35.705, 100
01/28/2020,21:34,35.725,35.725,35.725,35.725, 100
01/28/2020,21:39,36.185,36.185,36.185,36.185, 100
01/28/2020,21:39,35.725,35.725,35.725,35.725, 100
01/28/2020,21:42,35.86,35.86,35.86,35.86, 157
01/28/2020,21:44,35.55,35.55,35.46,35.46, 300
01/29/2020,15:31,35.92,35.92,35.92,35.92, 100
01/29/2020,15:37,36.76,36.76,36.76,36.76, 100
01/29/2020,15:53,36.142,36.142,36.142,36.142, 100
01/29/2020,16:44,35.995,35.995,35.995,35.995, 100
01/29/2020,17:22,35.723,35.723,35.545,35.545, 300
01/29/2020,17:22,35.495,35.495,35.495,35.495, 100
01/29/2020,17:25,35.528,35.74,35.43,35.493, 545
01/29/2020,17:32,36.488,36.488,36.05,36.05, 445
01/29/2020,17:33,35.857,36.05,35.857,36.05, 352
01/29/2020,17:39,35.699,35.699,35.699,35.699, 352
01/29/2020,18:04,35.85,35.85,35.85,35.85, 100
01/29/2020,18:05,35.6,35.6,35.6,35.6, 100
01/29/2020,18:52,35.89,36.45,35.89,36.45, 400
01/29/2020,19:36,35.434,35.5,35.434,35.5, 200
01/29/2020,20:37,35.5,35.5,35.5,35.5, 162
01/29/2020,21:07,35.11,35.11,35.11,35.11, 181
01/29/2020,21:08,34.9,35.42,34.9,35.42, 300
01/29/2020,21:09,35.151,35.17,35.151,35.17, 200
01/29/2020,21:13,35.1,35.18,35.1,35.18, 200
01/29/2020,21:45,35.3,35.3,35.3,35.3, 100
01/29/2020,22:00,35.44,35.44,35.44,35.44, 100
01/30/2020,15:52,35.337,35.41,34.896,35.254, 700
01/30/2020,15:53,35.3,35.3,35.3,35.3, 300
01/30/2020,15:54,35.46,35.51,35.32,35.51, 395
01/30/2020,15:54,35.29,35.29,35.29,35.29, 190
01/30/2020,16:16,35.989,35.989,35.989,35.989, 155
01/30/2020,16:17,36.14,36.55,35.643,36.55, 330
01/30/2020,16:32,35.455,35.455,35.455,35.455, 100
01/30/2020,18:11,35.26,35.26,35.26,35.26, 100
01/30/2020,18:34,36.36,36.36,36.36,36.36, 100
01/30/2020,18:37,35.825,35.825,35.825,35.825, 200
01/30/2020,19:15,35.74,35.74,35.74,35.74, 100
01/30/2020,19:41,35.73,35.73,35.73,35.73, 100
01/30/2020,20:03,35.5,35.5,35.5,35.5, 100
01/30/2020,20:17,35.51,35.51,35.5,35.51, 800
01/30/2020,20:26,35.22,35.22,35.22,35.22, 100
01/30/2020,20:29,36.21,36.21,36.21,36.21, 100
01/30/2020,21:51,36.08,36.08,36.08,36.08, 100
01/30/2020,22:00,35.12,35.12,35.12,35.12, 100
01/31/2020,15:42,35,35,35,35, 200
01/31/2020,15:42,35,35,35,35, 100
01/31/2020,16:28,35.04,35.092,34.806,34.968, 400
01/31/2020,16:30,35,35.14,34.65,35.14, 685
01/31/2020,16:30,35.15,35.15,34.705,34.705, 200
01/31/2020,16:54,35.6,35.6,35.1,35.1, 280
01/31/2020,16:55,35.516,36.045,35.262,35.262, 370
01/31/2020,17:12,35.196,35.196,35.196,35.196, 588
01/31/2020,18:42,35,35,35,35, 100
01/31/2020,19:11,35.1,35.1,35.1,35.1, 400
01/31/2020,20:43,35,35,35,35, 100
01/31/2020,21:05,35.012,35.012,35.012,35.012, 100
01/31/2020,21:07,35.012,35.012,35.012,35.012, 100
01/31/2020,21:08,35,35.05,35,35.05, 400
01/31/2020,21:52,35.01,35.01,35.01,35.01, 100

