04/01/2020,15:39,1.1,1.1,1.1,1.1, 500
04/01/2020,15:50,1.1,1.1,1.1,1.1, 150
04/01/2020,15:52,1.07,1.08,1.07,1.08, 1850
04/01/2020,16:33,1.063,1.063,1.063,1.063, 200
04/01/2020,17:08,1.07,1.08,1.07,1.08, 3710
04/01/2020,17:11,1.074,1.074,1.074,1.074, 2390
04/01/2020,17:13,1.066,1.066,1.066,1.066, 2490
04/01/2020,17:15,1.079,1.079,1.079,1.079, 2490
04/01/2020,17:30,1.06,1.06,1.03,1.03, 5950
04/01/2020,19:32,1.04,1.065,1.04,1.06, 9600
04/01/2020,20:21,1.05,1.05,1.05,1.05, 367
04/01/2020,20:24,1.042,1.042,1.04,1.04, 1000
04/01/2020,20:30,1.04,1.04,1.04,1.04, 561
04/01/2020,21:13,1.04,1.04,1.04,1.04, 700
04/01/2020,21:49,1.04,1.047,1.04,1.047, 200
04/01/2020,21:59,1.02,1.02,1.01,1.01, 10100
04/01/2020,22:00,1,1,1,1, 3315
04/02/2020,15:35,1.065,1.065,1.065,1.065, 100
04/02/2020,16:13,1.09,1.09,1.09,1.09, 100
04/02/2020,16:18,1.09,1.09,1.09,1.09, 100
04/02/2020,16:24,1.09,1.09,1.09,1.09, 100
04/02/2020,16:30,1.09,1.09,1.09,1.09, 100
04/02/2020,16:43,1.09,1.09,1.09,1.09, 100
04/02/2020,16:49,1.09,1.09,1.09,1.09, 100
04/02/2020,16:53,1.09,1.09,1.09,1.09, 2200
04/02/2020,16:56,1.09,1.09,1.09,1.09, 100
04/02/2020,17:09,1.09,1.09,1.09,1.09, 100
04/02/2020,17:16,1.09,1.09,1.09,1.09, 100
04/02/2020,17:22,1.09,1.09,1.09,1.09, 100
04/02/2020,17:29,1.09,1.09,1.09,1.09, 100
04/02/2020,17:37,1.09,1.09,1.09,1.09, 100
04/02/2020,17:44,1.09,1.09,1.09,1.09, 100
04/02/2020,17:52,1.09,1.09,1.09,1.09, 100
04/02/2020,17:56,1.09,1.09,1.09,1.09, 200
04/02/2020,18:04,1.09,1.09,1.09,1.09, 100
04/02/2020,18:25,1.09,1.09,1.09,1.09, 100
04/02/2020,18:27,1.09,1.09,1.09,1.09, 100
04/02/2020,18:29,1.09,1.09,1.09,1.09, 100
04/02/2020,18:38,1.09,1.09,1.09,1.09, 100
04/02/2020,18:46,1.09,1.09,1.09,1.09, 100
04/02/2020,18:47,1.09,1.09,1.09,1.09, 2739
04/02/2020,18:52,1.087,1.09,1.087,1.09, 1700
04/02/2020,18:52,1.087,1.09,1.087,1.09, 1200
04/02/2020,18:54,1.087,1.09,1.087,1.09, 1300
04/02/2020,18:57,1.087,1.09,1.087,1.09, 1900
04/02/2020,19:09,1.09,1.09,1.087,1.09, 11300
04/02/2020,19:18,1.087,1.09,1.087,1.09, 1200
04/02/2020,19:18,1.09,1.09,1.09,1.09, 100
04/02/2020,19:25,1.087,1.09,1.087,1.09, 1000
04/02/2020,19:27,1.087,1.09,1.087,1.09, 1100
04/02/2020,19:28,1.09,1.09,1.09,1.09, 100
04/02/2020,19:37,1.09,1.09,1.09,1.09, 100
04/02/2020,19:41,1.09,1.09,1.087,1.09, 1300
04/02/2020,19:46,1.09,1.09,1.09,1.09, 100
04/02/2020,19:55,1.09,1.09,1.09,1.09, 100
04/02/2020,20:04,1.09,1.09,1.09,1.09, 100
04/02/2020,20:12,1.09,1.09,1.09,1.09, 100
04/02/2020,20:21,1.09,1.09,1.09,1.09, 100
04/02/2020,20:30,1.09,1.09,1.09,1.09, 100
04/02/2020,20:38,1.09,1.09,1.09,1.09, 100
04/02/2020,20:47,1.09,1.09,1.09,1.09, 100
04/02/2020,20:48,1.087,1.087,1.087,1.087, 200
04/02/2020,20:55,1.09,1.09,1.09,1.09, 100
04/02/2020,21:02,1.09,1.09,1.09,1.09, 10000
04/02/2020,21:03,1.09,1.09,1.09,1.09, 100
04/02/2020,21:09,1.087,1.09,1.087,1.09, 1200
04/02/2020,21:10,1.087,1.09,1.087,1.09, 1300
04/02/2020,21:11,1.09,1.09,1.09,1.09, 100
04/02/2020,21:19,1.09,1.09,1.09,1.09, 100
04/02/2020,21:26,1.09,1.09,1.09,1.09, 100
04/02/2020,21:33,1.09,1.09,1.09,1.09, 100
04/02/2020,21:39,1.09,1.09,1.09,1.09, 100
04/02/2020,21:44,1.09,1.09,1.09,1.09, 100
04/02/2020,21:48,1.09,1.09,1.09,1.09, 100
04/02/2020,21:52,1.09,1.09,1.09,1.09, 100
04/02/2020,21:56,1.09,1.09,1.09,1.09, 100
04/02/2020,21:58,1.09,1.09,1.09,1.09, 100
04/02/2020,22:00,1.09,1.09,1.09,1.09, 200
04/03/2020,16:40,1.11,1.11,1.11,1.11, 4000
04/03/2020,18:30,1.08,1.08,1.048,1.048, 6900
04/03/2020,19:33,1.05,1.05,1.05,1.05, 451
04/03/2020,21:03,1.073,1.073,1.073,1.073, 350
04/06/2020,15:31,1.12,1.12,1.12,1.12, 233
04/06/2020,15:44,1.074,1.074,1.074,1.074, 3000
04/06/2020,16:11,1.095,1.095,1.095,1.095, 909
04/06/2020,16:14,1.097,1.1,1.097,1.1, 481
04/06/2020,16:24,1.105,1.105,1.105,1.105, 892
04/06/2020,18:10,1.1,1.1,1.1,1.1, 100
04/06/2020,18:36,1.101,1.101,1.101,1.101, 300
04/06/2020,19:12,1.1,1.1,1.1,1.1, 350
04/06/2020,19:30,1.1,1.1,1.1,1.1, 300
04/06/2020,19:47,1.1,1.1,1.1,1.1, 100
04/06/2020,20:06,1.107,1.11,1.107,1.11, 300
04/06/2020,20:07,1.117,1.117,1.117,1.117, 400
04/06/2020,22:00,1.09,1.09,1.09,1.09, 100
04/07/2020,15:31,1.15,1.15,1.15,1.15, 758
04/07/2020,15:59,1.14,1.14,1.14,1.14, 500
04/07/2020,17:39,1.13,1.13,1.1,1.13, 6200
04/07/2020,18:08,1.13,1.14,1.12,1.12, 3899
04/07/2020,19:31,1.12,1.12,1.12,1.12, 100
04/08/2020,16:49,1.13,1.13,1.13,1.13, 200
04/08/2020,17:05,1.12,1.12,1.12,1.12, 100
04/08/2020,17:08,1.116,1.116,1.116,1.116, 200
04/08/2020,17:17,1.13,1.13,1.13,1.13, 100
04/08/2020,17:41,1.125,1.125,1.125,1.125, 100
04/08/2020,18:08,1.14,1.14,1.14,1.14, 100
04/08/2020,18:22,1.14,1.14,1.14,1.14, 100
04/08/2020,18:27,1.11,1.11,1.11,1.11, 112
04/08/2020,18:37,1.14,1.14,1.14,1.14, 100
04/08/2020,18:52,1.14,1.14,1.14,1.14, 100
04/08/2020,18:56,1.14,1.14,1.1,1.1, 10200
04/08/2020,19:23,1.12,1.12,1.12,1.12, 100
04/08/2020,19:39,1.14,1.14,1.14,1.14, 100
04/08/2020,19:49,1.122,1.122,1.122,1.122, 1400
04/08/2020,19:54,1.125,1.125,1.125,1.125, 100
04/08/2020,20:09,1.14,1.14,1.14,1.14, 100
04/08/2020,20:24,1.14,1.14,1.14,1.14, 100
04/08/2020,20:39,1.14,1.14,1.14,1.14, 100
04/08/2020,20:53,1.14,1.14,1.14,1.14, 100
04/08/2020,21:07,1.14,1.14,1.14,1.14, 100
04/08/2020,21:20,1.14,1.14,1.14,1.14, 100
04/08/2020,21:32,1.14,1.14,1.14,1.14, 100
04/08/2020,21:35,1.139,1.139,1.125,1.125, 400
04/08/2020,21:42,1.14,1.14,1.14,1.14, 100
04/08/2020,21:49,1.14,1.14,1.14,1.14, 100
04/08/2020,21:49,1.14,1.14,1.14,1.14, 100
04/08/2020,21:52,1.14,1.14,1.135,1.135, 200
04/08/2020,21:54,1.14,1.14,1.14,1.14, 100
04/08/2020,21:58,1.14,1.14,1.13,1.13, 9100
04/08/2020,21:58,1.14,1.14,1.14,1.14, 100
04/08/2020,22:00,1.13,1.13,1.13,1.13, 100
04/08/2020,22:01,1.14,1.14,1.14,1.14, 500
04/09/2020,15:44,1.133,1.133,1.133,1.133, 100
04/09/2020,15:48,1.135,1.135,1.135,1.135, 300
04/09/2020,15:49,1.13,1.13,1.13,1.13, 100
04/09/2020,15:51,1.14,1.14,1.14,1.14, 1000
04/09/2020,15:58,1.14,1.14,1.137,1.14, 1500
04/09/2020,16:00,1.13,1.14,1.13,1.14, 200
04/09/2020,16:04,1.14,1.14,1.14,1.14, 6000
04/09/2020,16:04,1.14,1.14,1.14,1.14, 1000
04/09/2020,16:05,1.13,1.13,1.13,1.13, 100
04/09/2020,16:13,1.13,1.14,1.13,1.14, 2300
04/09/2020,16:14,1.133,1.133,1.133,1.133, 100
04/09/2020,16:23,1.12,1.12,1.12,1.12, 2200
04/09/2020,16:28,1.11,1.12,1.11,1.12, 5000
04/09/2020,16:32,1.117,1.12,1.117,1.12, 1000
04/09/2020,16:54,1.13,1.13,1.13,1.13, 100
04/09/2020,17:27,1.1,1.106,1.09,1.09, 3300
04/09/2020,17:30,1.095,1.1,1.095,1.1, 200
04/09/2020,17:33,1.092,1.1,1.092,1.1, 200
04/09/2020,17:37,1.097,1.1,1.09,1.1, 2239
04/09/2020,18:11,1.12,1.12,1.12,1.12, 100
04/09/2020,18:29,1.135,1.135,1.135,1.135, 700
04/09/2020,19:02,1.133,1.133,1.133,1.133, 1200
04/09/2020,19:24,1.125,1.125,1.125,1.125, 265
04/09/2020,20:02,1.133,1.133,1.133,1.133, 500
04/09/2020,20:07,1.12,1.12,1.1,1.1, 3498
04/09/2020,20:11,1.11,1.11,1.11,1.11, 2500
04/09/2020,20:55,1.1,1.13,1.1,1.13, 2501
04/09/2020,20:57,1.13,1.13,1.13,1.13, 3899
04/09/2020,21:21,1.139,1.139,1.11,1.11, 3100
04/09/2020,21:41,1.11,1.11,1.11,1.11, 100
04/09/2020,21:54,1.116,1.116,1.116,1.116, 885
04/09/2020,22:00,1.11,1.11,1.11,1.11, 100
04/13/2020,15:37,1.12,1.12,1.12,1.12, 100
04/13/2020,15:45,1.13,1.13,1.13,1.13, 400
04/13/2020,21:50,1.11,1.11,1.11,1.11, 1997
04/13/2020,21:56,1.13,1.13,1.12,1.12, 10224
04/13/2020,21:57,1.125,1.125,1.125,1.125, 100
04/13/2020,21:58,1.12,1.12,1.12,1.12, 2200
04/14/2020,15:34,1.14,1.14,1.14,1.14, 2500
04/14/2020,15:59,1.134,1.134,1.134,1.134, 1500
04/14/2020,16:01,1.14,1.14,1.14,1.14, 1996
04/14/2020,16:52,1.11,1.139,1.11,1.139, 4600
04/14/2020,17:05,1.125,1.125,1.125,1.125, 100
04/14/2020,17:35,1.14,1.14,1.14,1.14, 100
04/14/2020,18:58,1.135,1.135,1.135,1.135, 100
04/14/2020,19:36,1.132,1.132,1.132,1.132, 300
04/14/2020,19:39,1.139,1.139,1.139,1.139, 176
04/14/2020,20:03,1.14,1.14,1.14,1.14, 1700
04/14/2020,20:12,1.14,1.14,1.14,1.14, 5000
04/14/2020,20:47,1.135,1.135,1.135,1.135, 100
04/14/2020,21:55,1.135,1.135,1.135,1.135, 100
04/15/2020,15:31,1.14,1.14,1.14,1.14, 6024
04/15/2020,15:57,1.13,1.13,1.13,1.13, 4000
04/15/2020,16:25,1.13,1.13,1.13,1.13, 100
04/15/2020,16:40,1.13,1.13,1.13,1.13, 5201
04/15/2020,16:48,1.13,1.13,1.13,1.13, 100
04/15/2020,18:06,1.13,1.13,1.13,1.13, 100
04/15/2020,18:10,1.14,1.14,1.13,1.135, 10176
04/15/2020,18:57,1.14,1.14,1.14,1.14, 946
04/15/2020,19:24,1.14,1.14,1.14,1.14, 350
04/15/2020,20:04,1.138,1.138,1.138,1.138, 400
04/15/2020,20:10,1.13,1.135,1.13,1.13, 2300
04/15/2020,20:13,1.13,1.13,1.11,1.11, 11900
04/15/2020,20:25,1.12,1.12,1.11,1.11, 624
04/15/2020,22:00,1.1,1.1,1.1,1.1, 100
04/16/2020,15:31,1.1,1.1,1.1,1.1, 200
04/16/2020,15:36,1.123,1.123,1.123,1.123, 250
04/16/2020,15:50,1.14,1.14,1.14,1.14, 9958
04/16/2020,16:14,1.09,1.09,1.09,1.09, 100
04/16/2020,16:38,1.09,1.09,1.09,1.09, 100
04/16/2020,17:42,1.09,1.09,1.09,1.09, 100
04/16/2020,20:49,1.12,1.12,1.12,1.12, 200
04/16/2020,20:51,1.12,1.12,1.12,1.12, 100
04/16/2020,20:53,1.123,1.123,1.12,1.12, 3100
04/16/2020,20:55,1.12,1.12,1.12,1.12, 100
04/16/2020,21:00,1.105,1.105,1.09,1.09, 3907
04/16/2020,21:01,1.112,1.112,1.112,1.112, 100
04/17/2020,17:49,1.13,1.14,1.13,1.14, 2000
04/17/2020,17:56,1.134,1.134,1.13,1.13, 1100
04/17/2020,18:11,1.132,1.132,1.13,1.13, 3721
04/17/2020,18:29,1.14,1.14,1.13,1.13, 11100
04/17/2020,18:30,1.135,1.14,1.13,1.13, 11000
04/17/2020,18:31,1.135,1.14,1.13,1.14, 11100
04/17/2020,18:32,1.135,1.14,1.135,1.14, 2000
04/17/2020,18:33,1.14,1.14,1.135,1.139, 7300
04/17/2020,19:07,1.135,1.135,1.135,1.135, 100
04/17/2020,19:40,1.14,1.14,1.14,1.14, 500
04/17/2020,20:15,1.12,1.12,1.12,1.12, 100
04/17/2020,20:45,1.136,1.136,1.136,1.136, 200
04/17/2020,20:47,1.135,1.136,1.135,1.136, 400
04/17/2020,20:47,1.136,1.136,1.136,1.136, 400
04/17/2020,20:58,1.14,1.14,1.13,1.13, 10800
04/17/2020,21:31,1.13,1.135,1.13,1.135, 200

