02/06/2020,00:50,.032,.032,.032,.032, 33054
02/06/2020,03:09,.032,.032,.032,.032, 16946
02/06/2020,05:19,.035,.035,.035,.035, 3004
02/06/2020,05:22,.038,.038,.038,.038, 11296
02/13/2020,00:30,.039,.039,.039,.039, 12822
02/13/2020,02:07,.035,.035,.035,.035, 17142
02/13/2020,02:08,.033,.033,.033,.033, 2858
02/14/2020,00:29,.035,.035,.035,.035, 1381
02/14/2020,00:40,.035,.035,.035,.035, 619
02/14/2020,04:56,.035,.035,.035,.035, 867
02/14/2020,05:05,.035,.035,.035,.035, 16133
02/17/2020,00:30,.033,.033,.033,.033, 20925
02/18/2020,02:47,.033,.033,.033,.033, 28133
02/19/2020,02:20,.033,.033,.033,.033, 8790
02/20/2020,02:22,.033,.033,.033,.033, 69030
02/21/2020,04:01,.034,.034,.034,.034, 25000
02/21/2020,04:40,.034,.034,.034,.034, 1973
02/21/2020,06:16,.034,.034,.034,.034, 21027
02/25/2020,04:43,.035,.035,.035,.035, 2550
02/25/2020,04:55,.035,.035,.035,.035, 2457
02/25/2020,05:14,.035,.035,.035,.035, 3756
02/25/2020,05:30,.035,.035,.035,.035, 11773
02/25/2020,05:33,.035,.035,.035,.035, 710
02/25/2020,05:35,.035,.035,.035,.035, 434
02/25/2020,05:37,.035,.035,.035,.035, 353
02/25/2020,05:38,.035,.035,.035,.035, 244
02/25/2020,05:38,.035,.035,.035,.035, 23

