03/02/2020,09:01,10.86,10.86,10.86,10.86, 10
03/02/2020,09:11,10.96,10.96,10.96,10.96, 1
03/02/2020,09:20,10.92,10.92,10.92,10.92, 1
03/02/2020,09:46,10.8,10.8,10.72,10.72, 13
03/02/2020,09:52,10.76,10.78,10.72,10.72, 7
03/02/2020,09:55,10.72,10.72,10.7,10.7, 7
03/02/2020,09:58,10.78,10.78,10.7,10.7, 3
03/02/2020,10:00,10.72,10.72,10.72,10.72, 2
03/02/2020,10:01,10.72,10.72,10.72,10.72, 1
03/02/2020,10:06,10.68,10.68,10.68,10.68, 1
03/02/2020,10:13,10.7,10.7,10.7,10.7, 1
03/02/2020,10:16,10.62,10.62,10.62,10.62, 4
03/02/2020,10:27,10.6,10.6,10.56,10.56, 2
03/02/2020,10:29,10.54,10.54,10.48,10.54, 25
03/02/2020,10:30,10.5,10.5,10.5,10.5, 2
03/02/2020,10:32,10.48,10.48,10.48,10.48, 2
03/02/2020,10:38,10.42,10.44,10.4,10.44, 7
03/02/2020,10:44,10.4,10.4,10.4,10.4, 3
03/02/2020,10:47,10.38,10.38,10.38,10.38, 1
03/02/2020,10:48,10.32,10.34,10.32,10.34, 7
03/02/2020,10:51,10.34,10.34,10.34,10.34, 3
03/02/2020,10:51,10.32,10.32,10.32,10.32, 2
03/02/2020,10:53,10.36,10.36,10.36,10.36, 2
03/02/2020,10:55,10.34,10.34,10.34,10.34, 1
03/02/2020,10:58,10.32,10.32,10.32,10.32, 2
03/02/2020,11:01,10.3,10.3,10.28,10.28, 5
03/02/2020,11:01,10.28,10.28,10.28,10.28, 1
03/02/2020,11:05,10.28,10.28,10.28,10.28, 1
03/02/2020,11:05,10.3,10.3,10.3,10.3, 2
03/02/2020,11:11,10.34,10.34,10.34,10.34, 4
03/02/2020,11:12,10.36,10.36,10.34,10.36, 8
03/02/2020,11:14,10.38,10.38,10.38,10.38, 2
03/02/2020,11:21,10.4,10.4,10.4,10.4, 3
03/02/2020,11:32,10.4,10.4,10.4,10.4, 2
03/02/2020,11:51,10.4,10.4,10.4,10.4, 4
03/02/2020,11:54,10.38,10.38,10.38,10.38, 2
03/02/2020,12:00,10.32,10.32,10.32,10.32, 2
03/02/2020,12:04,10.32,10.32,10.32,10.32, 5
03/02/2020,12:07,10.3,10.3,10.28,10.28, 3
03/02/2020,12:09,10.32,10.32,10.32,10.32, 8
03/02/2020,12:14,10.3,10.3,10.3,10.3, 2
03/02/2020,12:18,10.3,10.3,10.28,10.28, 3
03/02/2020,12:18,10.28,10.28,10.28,10.28, 5
03/02/2020,12:22,10.24,10.24,10.24,10.24, 3
03/02/2020,12:25,10.24,10.28,10.24,10.28, 4
03/02/2020,12:29,10.24,10.26,10.24,10.26, 4
03/02/2020,12:42,10.26,10.26,10.26,10.26, 5
03/02/2020,12:46,10.26,10.26,10.26,10.26, 7
03/02/2020,12:46,10.26,10.26,10.26,10.26, 4
03/02/2020,12:48,10.26,10.26,10.26,10.26, 1
03/02/2020,12:51,10.28,10.28,10.28,10.28, 7
03/02/2020,12:56,10.28,10.28,10.26,10.26, 4
03/02/2020,12:59,10.26,10.26,10.26,10.26, 7
03/02/2020,13:02,10.26,10.26,10.26,10.26, 1
03/02/2020,13:06,10.26,10.26,10.26,10.26, 1
03/02/2020,13:10,10.26,10.26,10.26,10.26, 1
03/02/2020,13:14,10.26,10.26,10.26,10.26, 3
03/02/2020,13:18,10.26,10.26,10.26,10.26, 1
03/02/2020,13:19,10.26,10.26,10.26,10.26, 1
03/02/2020,13:21,10.26,10.26,10.26,10.26, 8
03/02/2020,13:21,10.26,10.26,10.26,10.26, 2
03/02/2020,13:25,10.24,10.24,10.24,10.24, 2
03/02/2020,13:29,10.24,10.26,10.24,10.26, 8
03/02/2020,13:29,10.26,10.26,10.26,10.26, 1
03/02/2020,13:34,10.24,10.24,10.24,10.24, 4
03/02/2020,13:36,10.22,10.22,10.22,10.22, 2
03/02/2020,13:40,10.22,10.22,10.22,10.22, 1
03/02/2020,13:44,10.22,10.22,10.22,10.22, 1
03/02/2020,13:47,10.22,10.22,10.22,10.22, 1
03/02/2020,13:50,10.22,10.24,10.22,10.24, 3
03/02/2020,13:53,10.24,10.26,10.24,10.26, 9
03/02/2020,13:59,10.26,10.28,10.26,10.28, 10
03/02/2020,14:03,10.3,10.3,10.3,10.3, 2
03/02/2020,14:22,10.26,10.26,10.26,10.26, 5
03/02/2020,14:22,10.24,10.24,10.24,10.24, 1
03/02/2020,14:26,10.22,10.22,10.2,10.2, 9
03/02/2020,14:26,10.2,10.2,10.2,10.2, 3
03/02/2020,14:27,10.14,10.14,10.1,10.1, 4
03/02/2020,14:29,10.08,10.08,10.08,10.08, 2
03/02/2020,14:31,10.16,10.18,10.16,10.18, 8
03/02/2020,14:34,10.14,10.14,10.14,10.14, 1
03/02/2020,14:37,10.18,10.18,10.16,10.16, 4
03/02/2020,14:39,10.16,10.16,10.16,10.16, 3
03/02/2020,14:42,10.16,10.16,10.16,10.16, 4
03/02/2020,14:48,10.2,10.2,10.14,10.14, 3
03/02/2020,14:50,10.1,10.1,10.1,10.1, 3
03/02/2020,14:52,10.14,10.22,10.14,10.22, 17
03/02/2020,15:01,10.18,10.22,10.18,10.22, 5
03/02/2020,15:07,10.24,10.24,10.24,10.24, 3
03/02/2020,15:09,10.22,10.22,10.22,10.22, 1
03/02/2020,15:11,10.24,10.24,10.24,10.24, 1
03/02/2020,15:12,10.26,10.26,10.26,10.26, 4
03/02/2020,15:16,10.26,10.26,10.26,10.26, 3
03/02/2020,15:19,10.26,10.26,10.26,10.26, 4
03/02/2020,15:20,10.26,10.26,10.26,10.26, 2
03/02/2020,15:22,10.32,10.32,10.26,10.3, 9
03/02/2020,15:24,10.3,10.3,10.3,10.3, 1
03/02/2020,15:24,10.32,10.34,10.32,10.34, 2
03/02/2020,15:29,10.3,10.32,10.3,10.32, 3
03/02/2020,15:29,10.36,10.36,10.36,10.36, 3
03/02/2020,15:34,10.3,10.3,10.28,10.3, 8
03/02/2020,15:39,10.24,10.24,10.24,10.24, 1
03/02/2020,15:42,10.24,10.24,10.24,10.24, 2
03/02/2020,15:43,10.24,10.24,10.22,10.24, 20
03/02/2020,15:44,10.22,10.22,10.22,10.22, 1
03/02/2020,15:53,10.22,10.22,10.22,10.22, 8
03/02/2020,15:55,10.22,10.22,10.22,10.22, 1
03/02/2020,15:57,10.22,10.22,10.22,10.22, 6
03/02/2020,15:58,10.22,10.22,10.2,10.2, 2
03/02/2020,16:04,10.2,10.2,10.2,10.2, 4
03/02/2020,16:09,10.2,10.2,10.18,10.18, 5
03/02/2020,16:09,10.18,10.18,10.18,10.18, 1
03/02/2020,16:11,10.18,10.18,10.18,10.18, 2
03/02/2020,16:12,10.18,10.18,10.18,10.18, 3
03/02/2020,16:14,10.18,10.2,10.18,10.2, 11
03/02/2020,16:15,10.22,10.24,10.22,10.24, 11
03/02/2020,16:16,10.24,10.24,10.24,10.24, 3
03/02/2020,16:21,10.24,10.24,10.22,10.22, 2
03/02/2020,16:23,10.2,10.2,10.2,10.2, 2
03/02/2020,16:24,10.2,10.2,10.2,10.2, 1
03/02/2020,16:26,10.2,10.2,10.2,10.2, 5
03/02/2020,16:31,10.18,10.18,10.18,10.18, 3
03/02/2020,16:31,10.2,10.2,10.2,10.2, 2
03/02/2020,16:33,10.16,10.16,10.16,10.16, 2
03/02/2020,16:33,10.16,10.16,10.16,10.16, 2
03/02/2020,16:35,10.16,10.16,10.16,10.16, 2
03/02/2020,16:35,10.16,10.16,10.16,10.16, 3
03/02/2020,16:36,10.16,10.16,10.16,10.16, 3
03/02/2020,16:37,10.18,10.18,10.18,10.18, 1
03/02/2020,16:38,10.2,10.2,10.2,10.2, 3
03/02/2020,16:40,10.14,10.14,10.14,10.14, 2
03/02/2020,16:41,10.16,10.16,10.16,10.16, 1
03/02/2020,16:42,10.16,10.16,10.16,10.16, 3
03/02/2020,16:44,10.14,10.14,10.14,10.14, 3
03/02/2020,16:46,10.12,10.12,10.12,10.12, 1
03/02/2020,16:47,10.14,10.14,10.12,10.12, 7
03/02/2020,16:48,10.12,10.12,10.12,10.12, 3
03/02/2020,16:49,10.1,10.14,10.1,10.14, 12
03/02/2020,16:52,10.16,10.18,10.16,10.18, 8
03/02/2020,16:53,10.22,10.24,10.22,10.24, 5
03/02/2020,16:55,10.26,10.26,10.26,10.26, 4
03/02/2020,16:58,10.26,10.26,10.26,10.26, 4
03/02/2020,16:59,10.24,10.24,10.24,10.24, 1
03/02/2020,17:01,10.22,10.22,10.22,10.22, 1
03/02/2020,17:02,10.22,10.22,10.22,10.22, 1
03/02/2020,17:04,10.22,10.22,10.22,10.22, 1
03/02/2020,17:05,10.22,10.22,10.22,10.22, 1
03/02/2020,17:06,10.22,10.22,10.22,10.22, 2
03/02/2020,17:08,10.22,10.22,10.22,10.22, 2
03/02/2020,17:10,10.2,10.2,10.2,10.2, 4
03/02/2020,17:13,10.2,10.24,10.2,10.24, 18
03/02/2020,17:16,10.24,10.26,10.24,10.26, 10
03/02/2020,17:16,10.28,10.28,10.28,10.28, 5
03/02/2020,17:17,10.28,10.28,10.28,10.28, 3
03/02/2020,17:18,10.28,10.3,10.28,10.3, 2
03/02/2020,17:20,10.3,10.3,10.3,10.3, 4
03/02/2020,17:21,10.32,10.32,10.32,10.32, 7
03/02/2020,17:22,10.3,10.3,10.3,10.3, 5
03/02/2020,17:23,10.28,10.28,10.28,10.28, 1
03/02/2020,17:25,10.3,10.3,10.28,10.28, 2
03/02/2020,17:27,10.32,10.32,10.32,10.32, 11
03/02/2020,17:29,10.32,10.32,10.32,10.32, 6
03/02/2020,17:30,10.32,10.34,10.3,10.34, 12
03/02/2020,17:30,10.3,10.36,10.3,10.36, 3
03/02/2020,17:36,10.3,10.3,10.3,10.3, 55
03/03/2020,09:01,10.4,10.4,10.4,10.4, 13
03/03/2020,09:06,10.6,10.6,10.6,10.6, 1
03/03/2020,09:17,10.52,10.6,10.52,10.6, 10
03/03/2020,09:31,10.58,10.62,10.58,10.62, 9
03/03/2020,09:31,10.62,10.62,10.62,10.62, 2
03/03/2020,09:36,10.62,10.62,10.62,10.62, 4
03/03/2020,09:48,10.6,10.6,10.6,10.6, 5
03/03/2020,09:55,10.58,10.6,10.54,10.54, 7
03/03/2020,09:58,10.54,10.54,10.52,10.52, 4
03/03/2020,10:24,10.56,10.56,10.56,10.56, 2
03/03/2020,10:35,10.58,10.6,10.58,10.6, 2
03/03/2020,10:35,10.58,10.58,10.58,10.58, 2
03/03/2020,11:00,10.62,10.62,10.62,10.62, 1
03/03/2020,11:26,10.58,10.58,10.58,10.58, 1
03/03/2020,11:34,10.58,10.58,10.58,10.58, 6
03/03/2020,11:47,10.58,10.58,10.58,10.58, 4
03/03/2020,11:47,10.56,10.56,10.56,10.56, 1
03/03/2020,11:54,10.56,10.56,10.56,10.56, 2
03/03/2020,12:08,10.6,10.6,10.56,10.56, 5
03/03/2020,12:17,10.56,10.56,10.5,10.52, 16
03/03/2020,12:18,10.5,10.5,10.5,10.5, 1
03/03/2020,12:28,10.52,10.52,10.52,10.52, 1
03/03/2020,12:44,10.5,10.5,10.5,10.5, 4
03/03/2020,12:44,10.46,10.46,10.46,10.46, 1
03/03/2020,12:47,10.48,10.48,10.48,10.48, 1
03/03/2020,12:50,10.48,10.48,10.48,10.48, 2
03/03/2020,12:54,10.46,10.46,10.42,10.42, 2
03/03/2020,13:02,10.48,10.48,10.48,10.48, 4
03/03/2020,13:02,10.46,10.46,10.46,10.46, 1
03/03/2020,13:12,10.5,10.54,10.48,10.54, 6
03/03/2020,13:19,10.58,10.58,10.58,10.58, 2
03/03/2020,13:24,10.58,10.58,10.56,10.58, 20
03/03/2020,13:25,10.58,10.58,10.58,10.58, 1
03/03/2020,13:29,10.58,10.58,10.58,10.58, 1
03/03/2020,13:32,10.58,10.58,10.58,10.58, 8
03/03/2020,13:35,10.58,10.58,10.58,10.58, 2
03/03/2020,13:36,10.58,10.58,10.58,10.58, 3
03/03/2020,13:37,10.58,10.58,10.58,10.58, 1
03/03/2020,13:40,10.58,10.6,10.56,10.6, 15
03/03/2020,13:44,10.58,10.58,10.58,10.58, 3
03/03/2020,13:45,10.58,10.58,10.58,10.58, 1
03/03/2020,13:47,10.58,10.58,10.58,10.58, 6
03/03/2020,13:48,10.58,10.58,10.58,10.58, 6
03/03/2020,13:49,10.58,10.58,10.58,10.58, 2
03/03/2020,13:54,10.58,10.58,10.58,10.58, 2
03/03/2020,13:58,10.58,10.58,10.58,10.58, 2
03/03/2020,14:03,10.58,10.58,10.58,10.58, 1
03/03/2020,14:04,10.58,10.58,10.58,10.58, 1
03/03/2020,14:06,10.58,10.58,10.58,10.58, 1
03/03/2020,14:08,10.58,10.58,10.56,10.56, 9
03/03/2020,14:14,10.54,10.54,10.54,10.54, 2
03/03/2020,14:14,10.56,10.56,10.56,10.56, 2
03/03/2020,14:19,10.56,10.56,10.56,10.56, 1
03/03/2020,14:24,10.58,10.58,10.58,10.58, 7
03/03/2020,14:26,10.6,10.6,10.6,10.6, 7
03/03/2020,14:35,10.6,10.6,10.6,10.6, 2
03/03/2020,14:38,10.6,10.6,10.6,10.6, 1
03/03/2020,14:42,10.6,10.6,10.6,10.6, 3
03/03/2020,14:46,10.58,10.58,10.58,10.58, 6
03/03/2020,14:48,10.58,10.58,10.58,10.58, 1
03/03/2020,14:50,10.58,10.58,10.58,10.58, 2
03/03/2020,14:50,10.56,10.56,10.56,10.56, 1
03/03/2020,14:54,10.58,10.58,10.58,10.58, 2
03/03/2020,14:57,10.6,10.6,10.6,10.6, 3
03/03/2020,15:03,10.54,10.54,10.54,10.54, 4
03/03/2020,15:05,10.52,10.52,10.52,10.52, 1
03/03/2020,15:09,10.52,10.52,10.52,10.52, 3
03/03/2020,15:11,10.52,10.52,10.52,10.52, 1
03/03/2020,15:16,10.52,10.52,10.52,10.52, 2
03/03/2020,15:18,10.52,10.52,10.52,10.52, 1
03/03/2020,15:23,10.5,10.5,10.5,10.5, 1
03/03/2020,15:24,10.54,10.54,10.52,10.52, 6
03/03/2020,15:30,10.54,10.54,10.54,10.54, 2
03/03/2020,15:32,10.54,10.54,10.54,10.54, 2
03/03/2020,15:33,10.52,10.52,10.52,10.52, 2
03/03/2020,15:34,10.52,10.52,10.52,10.52, 1
03/03/2020,15:36,10.5,10.5,10.5,10.5, 2
03/03/2020,15:38,10.5,10.5,10.5,10.5, 6
03/03/2020,15:43,10.48,10.48,10.48,10.48, 2
03/03/2020,15:45,10.46,10.46,10.46,10.46, 2
03/03/2020,15:49,10.46,10.46,10.46,10.46, 1
03/03/2020,15:50,10.46,10.46,10.46,10.46, 1
03/03/2020,15:54,10.46,10.46,10.44,10.44, 5
03/03/2020,15:55,10.44,10.44,10.44,10.44, 2
03/03/2020,15:59,10.44,10.44,10.44,10.44, 1
03/03/2020,16:01,10.5,10.5,10.48,10.48, 7
03/03/2020,16:02,10.56,10.58,10.54,10.58, 11
03/03/2020,16:12,10.58,10.58,10.58,10.58, 1
03/03/2020,16:14,10.62,10.62,10.62,10.62, 2
03/03/2020,16:16,10.56,10.58,10.56,10.58, 5
03/03/2020,16:21,10.52,10.52,10.5,10.5, 4
03/03/2020,16:22,10.52,10.52,10.52,10.52, 2
03/03/2020,16:23,10.48,10.48,10.48,10.48, 3
03/03/2020,16:26,10.5,10.52,10.5,10.52, 7
03/03/2020,16:30,10.54,10.56,10.54,10.56, 10
03/03/2020,16:31,10.54,10.54,10.54,10.54, 1
03/03/2020,16:34,10.54,10.54,10.54,10.54, 6
03/03/2020,16:34,10.52,10.52,10.52,10.52, 1
03/03/2020,16:37,10.52,10.52,10.52,10.52, 2
03/03/2020,16:41,10.52,10.6,10.52,10.6, 9
03/03/2020,16:43,10.6,10.6,10.58,10.58, 3
03/03/2020,16:45,10.6,10.6,10.6,10.6, 2
03/03/2020,16:47,10.6,10.6,10.6,10.6, 3
03/03/2020,16:48,10.6,10.6,10.6,10.6, 1
03/03/2020,16:50,10.58,10.58,10.58,10.58, 3
03/03/2020,16:53,10.56,10.64,10.56,10.58, 19
03/03/2020,17:02,10.6,10.62,10.6,10.62, 14
03/03/2020,17:07,10.62,10.62,10.6,10.6, 19
03/03/2020,17:10,10.6,10.6,10.6,10.6, 3
03/03/2020,17:18,10.56,10.56,10.56,10.56, 10
03/03/2020,17:21,10.56,10.56,10.56,10.56, 8
03/03/2020,17:23,10.56,10.56,10.56,10.56, 8
03/04/2020,09:01,10.52,10.52,10.52,10.52, 7
03/04/2020,09:04,10.52,10.52,10.48,10.48, 4
03/04/2020,09:14,10.46,10.46,10.44,10.44, 3
03/04/2020,09:24,10.44,10.5,10.44,10.5, 11
03/04/2020,09:45,10.46,10.46,10.44,10.44, 3
03/04/2020,09:49,10.44,10.46,10.44,10.46, 8
03/04/2020,09:49,10.44,10.44,10.44,10.44, 2
03/04/2020,10:12,10.46,10.46,10.46,10.46, 1
03/04/2020,10:14,10.44,10.44,10.44,10.44, 1
03/04/2020,10:29,10.46,10.54,10.46,10.54, 19
03/04/2020,10:31,10.56,10.56,10.56,10.56, 3
03/04/2020,10:40,10.58,10.58,10.58,10.58, 1
03/04/2020,10:48,10.58,10.58,10.58,10.58, 3
03/04/2020,10:50,10.6,10.6,10.54,10.54, 4
03/04/2020,10:54,10.54,10.54,10.54,10.54, 3
03/04/2020,10:59,10.54,10.54,10.54,10.54, 1
03/04/2020,11:17,10.52,10.52,10.52,10.52, 3
03/04/2020,11:29,10.5,10.5,10.5,10.5, 2
03/04/2020,11:31,10.44,10.44,10.44,10.44, 3
03/04/2020,11:41,10.46,10.46,10.46,10.46, 6
03/04/2020,12:01,10.48,10.48,10.48,10.48, 8
03/04/2020,12:19,10.48,10.48,10.48,10.48, 2
03/04/2020,12:21,10.48,10.48,10.48,10.48, 4
03/04/2020,12:39,10.5,10.5,10.5,10.5, 2
03/04/2020,12:54,10.52,10.58,10.52,10.56, 19
03/04/2020,12:54,10.54,10.54,10.54,10.54, 5
03/04/2020,13:11,10.52,10.52,10.52,10.52, 1
03/04/2020,13:12,10.52,10.52,10.52,10.52, 1
03/04/2020,13:13,10.52,10.52,10.52,10.52, 3
03/04/2020,13:18,10.5,10.5,10.5,10.5, 2
03/04/2020,13:31,10.52,10.52,10.52,10.52, 3
03/04/2020,13:48,10.5,10.5,10.5,10.5, 2
03/04/2020,13:49,10.48,10.48,10.48,10.48, 1
03/04/2020,13:49,10.48,10.48,10.48,10.48, 1
03/04/2020,14:00,10.48,10.48,10.48,10.48, 1
03/04/2020,14:06,10.46,10.46,10.46,10.46, 3
03/04/2020,14:22,10.44,10.44,10.44,10.44, 12
03/04/2020,14:35,10.42,10.42,10.42,10.42, 3
03/04/2020,14:49,10.4,10.4,10.4,10.4, 3
03/04/2020,15:01,10.4,10.4,10.4,10.4, 1
03/04/2020,15:05,10.36,10.36,10.36,10.36, 3
03/04/2020,15:06,10.34,10.34,10.34,10.34, 5
03/04/2020,15:12,10.36,10.36,10.36,10.36, 5
03/04/2020,15:38,10.3,10.3,10.3,10.3, 1
03/04/2020,15:48,10.32,10.42,10.32,10.36, 24
03/04/2020,15:48,10.38,10.38,10.38,10.38, 2
03/04/2020,15:52,10.38,10.38,10.38,10.38, 6
03/04/2020,15:58,10.36,10.36,10.36,10.36, 1
03/04/2020,16:03,10.32,10.34,10.32,10.32, 11
03/04/2020,16:11,10.28,10.28,10.28,10.28, 2
03/04/2020,16:17,10.32,10.32,10.28,10.3, 9
03/04/2020,16:20,10.32,10.32,10.32,10.32, 3
03/04/2020,16:34,10.34,10.34,10.32,10.32, 7
03/04/2020,16:39,10.3,10.3,10.3,10.3, 2
03/04/2020,16:43,10.28,10.28,10.28,10.28, 1
03/04/2020,16:47,10.3,10.32,10.3,10.3, 14
03/04/2020,16:50,10.3,10.3,10.3,10.3, 3
03/04/2020,16:53,10.32,10.34,10.32,10.34, 2
03/04/2020,16:56,10.38,10.38,10.38,10.38, 2
03/04/2020,17:00,10.38,10.38,10.38,10.38, 2
03/04/2020,17:01,10.38,10.46,10.38,10.38, 18
03/04/2020,17:03,10.38,10.44,10.36,10.42, 10
03/04/2020,17:07,10.44,10.44,10.44,10.44, 2
03/04/2020,17:09,10.42,10.42,10.42,10.42, 11
03/04/2020,17:10,10.44,10.44,10.44,10.44, 10
03/04/2020,17:11,10.44,10.44,10.44,10.44, 2
03/04/2020,17:14,10.42,10.44,10.42,10.44, 18
03/04/2020,17:20,10.46,10.46,10.46,10.46, 5
03/04/2020,17:21,10.44,10.44,10.44,10.44, 7
03/04/2020,17:25,10.44,10.46,10.44,10.46, 16
03/04/2020,17:26,10.46,10.46,10.46,10.46, 19
03/04/2020,17:28,10.46,10.5,10.46,10.5, 12
03/04/2020,17:30,10.48,10.5,10.48,10.5, 13
03/04/2020,17:30,10.5,10.54,10.5,10.54, 6
03/04/2020,17:36,10.54,10.54,10.54,10.54, 56
03/05/2020,09:01,10.64,10.64,10.64,10.64, 6
03/05/2020,09:21,10.44,10.44,10.44,10.44, 3
03/05/2020,09:29,10.4,10.4,10.4,10.4, 6
03/05/2020,09:41,10.32,10.36,10.32,10.36, 5
03/05/2020,09:41,10.34,10.34,10.34,10.34, 6
03/05/2020,09:43,10.36,10.36,10.36,10.36, 5
03/05/2020,09:44,10.34,10.34,10.32,10.32, 3
03/05/2020,09:47,10.34,10.34,10.34,10.34, 4
03/05/2020,10:00,10.32,10.34,10.32,10.34, 3
03/05/2020,10:03,10.32,10.32,10.32,10.32, 6
03/05/2020,10:11,10.3,10.3,10.3,10.3, 1
03/05/2020,10:12,10.26,10.26,10.26,10.26, 2
03/05/2020,10:18,10.28,10.28,10.28,10.28, 2
03/05/2020,10:19,10.28,10.28,10.28,10.28, 2
03/05/2020,10:38,10.26,10.28,10.26,10.28, 5
03/05/2020,10:47,10.24,10.24,10.24,10.24, 2
03/05/2020,10:58,10.24,10.24,10.24,10.24, 6
03/05/2020,10:59,10.24,10.24,10.24,10.24, 1
03/05/2020,11:05,10.22,10.22,10.22,10.22, 2
03/05/2020,11:05,10.22,10.22,10.22,10.22, 2
03/05/2020,11:13,10.22,10.22,10.22,10.22, 5
03/05/2020,11:15,10.2,10.22,10.2,10.22, 2
03/05/2020,11:16,10.2,10.2,10.2,10.2, 13
03/05/2020,11:16,10.2,10.2,10.12,10.14, 15
03/05/2020,11:21,10.14,10.14,10.14,10.14, 5
03/05/2020,11:21,10.12,10.12,10.12,10.12, 1
03/05/2020,11:23,10.14,10.14,10.12,10.12, 3
03/05/2020,11:25,10.14,10.14,10.12,10.12, 6
03/05/2020,11:28,10.14,10.16,10.12,10.16, 13
03/05/2020,11:38,10.2,10.2,10.16,10.2, 11
03/05/2020,11:40,10.18,10.2,10.18,10.2, 10
03/05/2020,11:42,10.2,10.2,10.16,10.16, 15
03/05/2020,11:48,10.18,10.18,10.18,10.18, 3
03/05/2020,11:51,10.2,10.2,10.2,10.2, 1
03/05/2020,11:56,10.22,10.22,10.22,10.22, 2
03/05/2020,11:58,10.2,10.2,10.2,10.2, 1
03/05/2020,12:00,10.22,10.22,10.22,10.22, 1
03/05/2020,12:08,10.22,10.22,10.22,10.22, 8
03/05/2020,12:16,10.22,10.22,10.22,10.22, 4
03/05/2020,13:03,10.2,10.2,10.2,10.2, 1
03/05/2020,13:20,10.2,10.2,10.2,10.2, 8
03/05/2020,13:47,10.22,10.22,10.22,10.22, 5
03/05/2020,13:47,10.22,10.22,10.22,10.22, 1
03/05/2020,13:58,10.22,10.22,10.22,10.22, 1
03/05/2020,14:04,10.22,10.22,10.22,10.22, 3
03/05/2020,14:36,10.2,10.2,10.2,10.2, 5
03/05/2020,14:44,10.18,10.18,10.18,10.18, 5
03/05/2020,15:07,10.16,10.16,10.16,10.16, 7
03/05/2020,15:08,10.16,10.16,10.16,10.16, 1
03/05/2020,15:09,10.16,10.16,10.16,10.16, 1
03/05/2020,15:24,10.12,10.12,10.12,10.12, 1
03/05/2020,15:36,10.12,10.12,10.12,10.12, 8
03/05/2020,15:36,10.1,10.1,10.08,10.08, 3
03/05/2020,15:47,10.06,10.06,10.06,10.06, 6
03/05/2020,15:52,10.08,10.08,10.08,10.08, 3
03/05/2020,15:53,10.08,10.08,10.08,10.08, 9
03/05/2020,15:58,10.06,10.06,10.06,10.06, 6
03/05/2020,16:05,10.06,10.06,10.06,10.06, 3
03/05/2020,16:06,10.06,10.06,10.06,10.06, 4
03/05/2020,16:08,10.06,10.08,10.06,10.08, 14
03/05/2020,16:12,10.1,10.1,10.1,10.1, 8
03/05/2020,16:14,10.12,10.12,10.12,10.12, 4
03/05/2020,16:19,10.14,10.14,10.14,10.14, 1
03/05/2020,16:20,10.14,10.2,10.14,10.16, 8
03/05/2020,16:35,10.14,10.14,10.14,10.14, 6
03/05/2020,16:41,10.12,10.12,10.12,10.12, 7
03/05/2020,16:49,10.1,10.1,10.08,10.08, 5
03/05/2020,16:51,10.08,10.08,10.06,10.06, 6
03/05/2020,16:55,10.06,10.06,10.06,10.06, 4
03/05/2020,17:02,10.06,10.06,10.06,10.06, 9
03/05/2020,17:04,10.06,10.06,10.06,10.06, 2
03/05/2020,17:07,10.08,10.08,10.08,10.08, 8
03/05/2020,17:14,10.1,10.12,10.1,10.12, 4
03/05/2020,17:17,10.08,10.08,10.04,10.04, 9
03/05/2020,17:20,10.06,10.06,10.06,10.06, 6
03/05/2020,17:22,10.04,10.06,10.04,10.06, 10
03/05/2020,17:28,10.04,10.04,10.04,10.04, 1
03/05/2020,17:29,10.06,10.06,10.04,10.04, 2
03/05/2020,17:30,10.04,10.06,10.04,10.06, 7
03/05/2020,17:38,10.02,10.02,10.02,10.02, 67
03/06/2020,09:01,9.7,9.73,9.68,9.69, 30
03/06/2020,09:10,9.69,9.69,9.68,9.68, 7
03/06/2020,09:11,9.72,9.78,9.71,9.78, 4
03/06/2020,09:11,9.78,9.78,9.78,9.78, 1
03/06/2020,09:12,9.75,9.76,9.75,9.75, 5
03/06/2020,09:14,9.79,9.79,9.78,9.79, 7
03/06/2020,09:23,9.75,9.75,9.75,9.75, 3
03/06/2020,09:26,9.76,9.76,9.75,9.75, 11
03/06/2020,09:26,9.73,9.73,9.72,9.72, 2
03/06/2020,09:31,9.71,9.71,9.69,9.69, 4
03/06/2020,09:34,9.68,9.68,9.68,9.68, 7
03/06/2020,09:35,9.66,9.66,9.66,9.66, 16
03/06/2020,09:37,9.64,9.64,9.64,9.64, 3
03/06/2020,09:39,9.63,9.63,9.63,9.63, 1
03/06/2020,09:42,9.62,9.63,9.62,9.63, 3
03/06/2020,09:42,9.64,9.64,9.64,9.64, 2
03/06/2020,09:44,9.67,9.67,9.67,9.67, 2
03/06/2020,09:44,9.67,9.67,9.67,9.67, 1
03/06/2020,09:46,9.69,9.69,9.67,9.67, 7
03/06/2020,09:48,9.7,9.7,9.67,9.67, 5
03/06/2020,09:54,9.66,9.66,9.66,9.66, 4
03/06/2020,09:54,9.64,9.64,9.64,9.64, 1
03/06/2020,09:57,9.66,9.67,9.66,9.66, 9
03/06/2020,10:03,9.65,9.66,9.65,9.66, 3
03/06/2020,10:07,9.68,9.68,9.68,9.68, 1
03/06/2020,10:08,9.69,9.69,9.69,9.69, 2
03/06/2020,10:09,9.67,9.67,9.67,9.67, 3
03/06/2020,10:12,9.67,9.67,9.64,9.64, 3
03/06/2020,10:24,9.65,9.65,9.63,9.65, 4
03/06/2020,10:24,9.66,9.66,9.66,9.66, 3
03/06/2020,10:25,9.65,9.66,9.65,9.66, 22
03/06/2020,10:36,9.65,9.65,9.65,9.65, 6
03/06/2020,10:41,9.65,9.65,9.65,9.65, 9
03/06/2020,10:45,9.65,9.65,9.65,9.65, 6
03/06/2020,10:46,9.65,9.65,9.65,9.65, 2
03/06/2020,10:47,9.66,9.66,9.66,9.66, 1
03/06/2020,10:48,9.66,9.66,9.66,9.66, 4
03/06/2020,10:55,9.66,9.66,9.66,9.66, 4
03/06/2020,10:56,9.67,9.67,9.67,9.67, 1
03/06/2020,11:01,9.67,9.67,9.67,9.67, 4
03/06/2020,11:01,9.65,9.65,9.65,9.65, 5
03/06/2020,11:04,9.66,9.66,9.66,9.66, 2
03/06/2020,11:05,9.65,9.65,9.65,9.65, 6
03/06/2020,11:11,9.66,9.66,9.65,9.65, 7
03/06/2020,11:15,9.67,9.67,9.67,9.67, 6
03/06/2020,11:18,9.65,9.65,9.65,9.65, 1
03/06/2020,11:23,9.65,9.65,9.65,9.65, 3
03/06/2020,11:25,9.65,9.65,9.65,9.65, 3
03/06/2020,11:28,9.65,9.65,9.65,9.65, 1
03/06/2020,11:33,9.65,9.65,9.65,9.65, 3
03/06/2020,11:38,9.65,9.65,9.65,9.65, 2
03/06/2020,11:51,9.65,9.65,9.64,9.64, 5
03/06/2020,11:52,9.64,9.64,9.64,9.64, 3
03/06/2020,11:58,9.64,9.65,9.64,9.65, 11
03/06/2020,12:03,9.66,9.66,9.66,9.66, 3
03/06/2020,12:24,9.65,9.65,9.65,9.65, 2
03/06/2020,12:28,9.65,9.65,9.65,9.65, 1
03/06/2020,12:47,9.61,9.61,9.61,9.61, 6
03/06/2020,12:48,9.61,9.61,9.61,9.61, 1
03/06/2020,12:52,9.62,9.62,9.62,9.62, 1
03/06/2020,13:11,9.61,9.61,9.61,9.61, 1
03/06/2020,13:16,9.61,9.61,9.61,9.61, 5
03/06/2020,13:17,9.61,9.61,9.6,9.6, 4
03/06/2020,13:19,9.6,9.6,9.52,9.54, 17
03/06/2020,13:22,9.59,9.59,9.59,9.59, 5
03/06/2020,13:33,9.58,9.58,9.58,9.58, 4
03/06/2020,13:40,9.58,9.58,9.58,9.58, 1
03/06/2020,13:45,9.57,9.57,9.57,9.57, 4
03/06/2020,14:00,9.55,9.55,9.55,9.55, 4
03/06/2020,14:05,9.58,9.58,9.58,9.58, 1
03/06/2020,14:06,9.55,9.55,9.54,9.54, 2
03/06/2020,14:13,9.55,9.56,9.55,9.56, 2
03/06/2020,14:14,9.55,9.55,9.55,9.55, 1
03/06/2020,14:17,9.57,9.57,9.57,9.57, 6
03/06/2020,14:18,9.56,9.56,9.56,9.56, 1
03/06/2020,14:19,9.58,9.58,9.58,9.58, 9
03/06/2020,14:26,9.56,9.56,9.56,9.56, 3
03/06/2020,14:27,9.56,9.56,9.56,9.56, 1
03/06/2020,14:33,9.56,9.57,9.56,9.57, 6
03/06/2020,14:59,9.59,9.59,9.59,9.59, 5
03/06/2020,15:05,9.59,9.59,9.59,9.59, 2
03/06/2020,15:09,9.56,9.56,9.56,9.56, 2
03/06/2020,15:30,9.53,9.53,9.53,9.53, 2
03/06/2020,15:31,9.51,9.51,9.45,9.45, 13
03/06/2020,15:38,9.47,9.5,9.47,9.5, 13
03/06/2020,15:43,9.48,9.48,9.43,9.48, 11
03/06/2020,15:45,9.43,9.44,9.42,9.44, 5
03/06/2020,15:46,9.42,9.42,9.42,9.42, 1
03/06/2020,15:55,9.43,9.43,9.43,9.43, 1
03/06/2020,15:57,9.45,9.45,9.45,9.45, 7
03/06/2020,16:06,9.41,9.41,9.41,9.41, 5
03/06/2020,16:07,9.41,9.42,9.41,9.41, 15
03/06/2020,16:14,9.35,9.35,9.35,9.35, 3
03/06/2020,16:19,9.41,9.42,9.4,9.41, 8
03/06/2020,16:21,9.51,9.56,9.51,9.56, 4
03/06/2020,16:22,9.59,9.59,9.56,9.56, 10
03/06/2020,16:23,9.52,9.52,9.51,9.51, 4
03/06/2020,16:25,9.53,9.53,9.53,9.53, 4
03/06/2020,16:28,9.53,9.56,9.53,9.56, 7
03/06/2020,16:32,9.61,9.61,9.61,9.61, 5
03/06/2020,16:35,9.61,9.61,9.61,9.61, 3
03/06/2020,16:36,9.61,9.61,9.6,9.6, 3
03/06/2020,16:43,9.6,9.64,9.6,9.61, 10
03/06/2020,16:45,9.67,9.67,9.67,9.67, 3
03/06/2020,16:47,9.64,9.67,9.64,9.67, 3
03/06/2020,16:50,9.67,9.67,9.67,9.67, 5
03/06/2020,16:59,9.63,9.63,9.63,9.63, 4
03/06/2020,17:02,9.59,9.61,9.59,9.61, 7
03/06/2020,17:03,9.61,9.61,9.61,9.61, 5
03/06/2020,17:05,9.64,9.66,9.64,9.66, 6
03/06/2020,17:07,9.65,9.65,9.64,9.64, 11
03/06/2020,17:11,9.64,9.64,9.64,9.64, 2
03/06/2020,17:12,9.66,9.66,9.66,9.66, 3
03/06/2020,17:15,9.64,9.64,9.64,9.64, 2
03/06/2020,17:16,9.64,9.64,9.64,9.64, 4
03/06/2020,17:18,9.65,9.67,9.65,9.67, 15
03/06/2020,17:20,9.67,9.67,9.67,9.67, 4
03/06/2020,17:22,9.68,9.7,9.68,9.7, 8
03/06/2020,17:25,9.7,9.7,9.7,9.7, 1
03/06/2020,17:27,9.7,9.71,9.7,9.71, 12
03/06/2020,17:29,9.73,9.73,9.71,9.71, 7
03/06/2020,17:30,9.75,9.75,9.74,9.74, 6
03/06/2020,17:36,9.74,9.74,9.74,9.74, 52
03/09/2020,09:01,9.47,9.47,9.47,9.47, 26
03/09/2020,09:02,9.31,9.31,8.93,8.93, 8
03/09/2020,09:08,9.1,9.1,9.1,9.1, 2
03/09/2020,09:09,9.09,9.13,9.09,9.13, 6
03/09/2020,09:10,9.22,9.22,9.22,9.22, 2
03/09/2020,09:11,9.22,9.22,9.17,9.21, 11
03/09/2020,09:16,9.19,9.22,9.19,9.22, 5
03/09/2020,09:16,9.28,9.31,9.27,9.31, 12
03/09/2020,09:17,9.36,9.39,9.36,9.39, 6
03/09/2020,09:19,9.37,9.37,9.22,9.23, 16
03/09/2020,09:20,9.16,9.21,9.16,9.21, 7
03/09/2020,09:23,9.23,9.23,9.2,9.2, 4
03/09/2020,09:33,9.25,9.25,9.25,9.25, 3
03/09/2020,09:33,9.21,9.21,9.21,9.21, 1
03/09/2020,09:35,9.23,9.23,9.23,9.23, 2
03/09/2020,09:43,9.19,9.19,9.19,9.19, 2
03/09/2020,09:46,9.19,9.24,9.19,9.24, 25
03/09/2020,09:51,9.25,9.27,9.25,9.27, 6
03/09/2020,09:52,9.28,9.29,9.28,9.29, 4
03/09/2020,10:00,9.34,9.34,9.32,9.34, 9
03/09/2020,10:05,9.32,9.32,9.32,9.32, 2
03/09/2020,10:05,9.36,9.36,9.36,9.36, 1
03/09/2020,10:11,9.32,9.32,9.32,9.32, 1
03/09/2020,10:15,9.3,9.3,9.26,9.27, 11
03/09/2020,10:19,9.27,9.27,9.26,9.26, 3
03/09/2020,10:20,9.27,9.27,9.27,9.27, 5
03/09/2020,10:21,9.29,9.29,9.29,9.29, 5
03/09/2020,10:31,9.28,9.29,9.21,9.27, 22
03/09/2020,10:34,9.17,9.2,9.17,9.2, 10
03/09/2020,10:41,9.16,9.16,9.15,9.16, 7
03/09/2020,10:42,9.16,9.17,9.16,9.16, 12
03/09/2020,10:46,9.15,9.21,9.14,9.21, 14
03/09/2020,11:00,9.24,9.24,9.24,9.24, 15
03/09/2020,11:02,9.25,9.25,9.25,9.25, 1
03/09/2020,11:04,9.22,9.22,9.22,9.22, 1
03/09/2020,11:06,9.2,9.2,9.2,9.2, 4
03/09/2020,11:11,9.17,9.17,9.17,9.17, 2
03/09/2020,11:21,9.15,9.15,9.14,9.14, 7
03/09/2020,11:22,9.07,9.07,9.07,9.07, 4
03/09/2020,11:29,9.03,9.03,9.03,9.03, 3
03/09/2020,11:34,9.07,9.07,9.07,9.07, 2
03/09/2020,11:35,9.04,9.04,9.04,9.04, 2
03/09/2020,11:40,9.06,9.06,9.06,9.06, 3
03/09/2020,11:42,9.08,9.08,9.08,9.08, 1
03/09/2020,11:47,9.03,9.03,9.03,9.03, 2
03/09/2020,11:50,9.03,9.03,9,9, 4
03/09/2020,11:52,8.98,9,8.98,9, 2
03/09/2020,12:00,8.96,9.02,8.96,9.02, 5
03/09/2020,12:08,9,9,8.95,8.95, 14
03/09/2020,12:10,8.95,8.95,8.95,8.95, 1
03/09/2020,12:13,8.98,8.98,8.98,8.98, 6
03/09/2020,12:17,8.98,8.98,8.98,8.98, 2
03/09/2020,12:17,8.96,8.96,8.95,8.96, 3
03/09/2020,12:19,8.98,9.04,8.98,9.04, 12
03/09/2020,12:22,9.06,9.06,9.06,9.06, 1
03/09/2020,12:30,9.08,9.08,9.08,9.08, 1
03/09/2020,12:41,9.02,9.02,8.99,8.99, 3
03/09/2020,12:55,8.98,8.98,8.98,8.98, 4
03/09/2020,12:57,8.96,8.96,8.96,8.96, 3
03/09/2020,13:02,8.95,8.95,8.93,8.93, 4
03/09/2020,13:04,8.96,9.03,8.96,9.03, 9
03/09/2020,13:05,9.07,9.07,9.07,9.07, 2
03/09/2020,13:09,9.08,9.08,9.03,9.03, 5
03/09/2020,13:22,9.05,9.05,9.04,9.04, 2
03/09/2020,13:26,9.01,9.01,9.01,9.01, 1
03/09/2020,13:27,8.99,8.99,8.99,8.99, 1
03/09/2020,13:31,8.94,8.94,8.94,8.94, 2
03/09/2020,13:36,8.94,8.94,8.94,8.94, 2
03/09/2020,13:37,8.95,8.96,8.95,8.96, 7
03/09/2020,13:38,8.95,8.95,8.94,8.94, 7
03/09/2020,13:40,8.98,8.98,8.98,8.98, 1
03/09/2020,13:41,8.95,8.95,8.95,8.95, 2
03/09/2020,13:42,8.93,8.93,8.92,8.92, 2
03/09/2020,13:49,8.92,8.92,8.92,8.92, 3
03/09/2020,13:51,8.92,8.93,8.92,8.93, 2
03/09/2020,13:52,8.95,8.95,8.95,8.95, 2
03/09/2020,13:55,8.95,8.95,8.95,8.95, 2
03/09/2020,14:02,8.93,8.93,8.92,8.92, 3
03/09/2020,14:07,8.91,8.91,8.91,8.91, 2
03/09/2020,14:10,8.91,8.91,8.91,8.91, 2
03/09/2020,14:12,8.89,8.89,8.86,8.86, 4
03/09/2020,14:12,8.82,8.82,8.78,8.78, 3
03/09/2020,14:13,8.84,8.96,8.8,8.96, 18
03/09/2020,14:16,8.94,8.94,8.94,8.94, 2
03/09/2020,14:23,8.92,8.92,8.92,8.92, 1
03/09/2020,14:30,8.92,8.92,8.92,8.92, 5
03/09/2020,14:34,8.94,8.96,8.94,8.96, 6
03/09/2020,14:37,8.94,8.94,8.89,8.89, 9
03/09/2020,14:39,8.91,8.91,8.91,8.91, 6
03/09/2020,14:40,8.92,8.94,8.92,8.94, 3
03/09/2020,14:49,8.94,8.94,8.94,8.94, 6
03/09/2020,14:51,8.97,8.97,8.97,8.97, 3
03/09/2020,14:52,8.97,9,8.97,9, 5
03/09/2020,14:52,9.03,9.03,9.02,9.02, 3
03/09/2020,14:54,9.03,9.03,9.03,9.03, 4
03/09/2020,14:58,9.02,9.07,9.02,9.07, 8
03/09/2020,15:01,9.07,9.07,9.07,9.07, 7
03/09/2020,15:10,9.06,9.16,9.06,9.15, 14
03/09/2020,15:11,9.15,9.15,9.15,9.15, 2
03/09/2020,15:12,9.12,9.12,9.12,9.12, 1
03/09/2020,15:17,9.15,9.15,9.15,9.15, 1
03/09/2020,15:18,9.1,9.1,9.1,9.1, 1
03/09/2020,15:24,9.08,9.09,9.04,9.04, 9
03/09/2020,15:31,9.02,9.02,9.02,9.02, 1
03/09/2020,15:31,9.03,9.03,9.03,9.03, 1
03/09/2020,15:37,9.06,9.06,9.01,9.01, 5
03/09/2020,15:44,9.01,9.01,8.97,8.97, 4
03/09/2020,15:47,8.97,8.97,8.96,8.96, 5
03/09/2020,15:48,8.92,8.92,8.92,8.92, 3
03/09/2020,15:54,8.91,8.91,8.89,8.89, 5
03/09/2020,16:05,8.88,8.88,8.87,8.87, 7
03/09/2020,16:12,8.92,8.95,8.92,8.95, 7
03/09/2020,16:17,8.98,8.98,8.94,8.94, 5
03/09/2020,16:19,8.99,8.99,8.99,8.99, 2
03/09/2020,16:20,8.99,8.99,8.94,8.94, 2
03/09/2020,16:23,8.98,8.98,8.98,8.98, 3
03/09/2020,16:27,8.96,8.96,8.96,8.96, 1
03/09/2020,16:30,8.96,8.96,8.96,8.96, 1
03/09/2020,16:33,8.95,8.95,8.95,8.95, 1
03/09/2020,16:40,8.95,8.95,8.93,8.95, 6
03/09/2020,16:46,8.93,8.93,8.93,8.93, 1
03/09/2020,16:47,8.93,9.02,8.93,9.02, 20
03/09/2020,16:50,9.03,9.03,9.03,9.03, 1
03/09/2020,16:53,9,9,9,9, 5
03/09/2020,16:55,9,9,9,9, 3
03/09/2020,17:00,8.97,8.97,8.97,8.97, 1
03/09/2020,17:02,8.95,8.95,8.81,8.81, 14
03/09/2020,17:04,8.8,8.83,8.8,8.83, 12
03/09/2020,17:06,8.83,8.83,8.83,8.83, 7
03/09/2020,17:07,8.82,8.82,8.81,8.81, 3
03/09/2020,17:09,8.85,8.85,8.85,8.85, 5
03/09/2020,17:12,8.85,8.86,8.85,8.86, 7
03/09/2020,17:13,8.85,8.85,8.84,8.84, 3
03/09/2020,17:15,8.8,8.8,8.8,8.8, 2
03/09/2020,17:17,8.8,8.8,8.78,8.78, 4
03/09/2020,17:18,8.78,8.78,8.78,8.78, 1
03/09/2020,17:19,8.78,8.78,8.77,8.77, 2
03/09/2020,17:20,8.77,8.78,8.73,8.73, 3
03/09/2020,17:22,8.78,8.79,8.76,8.76, 18
03/09/2020,17:25,8.76,8.76,8.76,8.76, 3
03/09/2020,17:27,8.77,8.8,8.77,8.8, 7
03/09/2020,17:30,8.77,8.8,8.77,8.8, 3
03/09/2020,17:36,8.75,8.75,8.75,8.75, 54
03/10/2020,09:01,8.78,8.78,8.78,8.78, 19
03/10/2020,09:16,8.77,8.77,8.67,8.67, 9
03/10/2020,09:17,8.7,8.7,8.7,8.7, 1
03/10/2020,09:20,8.65,8.69,8.65,8.69, 14
03/10/2020,09:24,8.66,8.74,8.66,8.74, 6
03/10/2020,09:30,8.68,8.68,8.68,8.68, 1
03/10/2020,09:36,8.7,8.7,8.7,8.7, 2
03/10/2020,09:40,8.79,8.79,8.79,8.79, 2
03/10/2020,09:41,8.85,8.85,8.85,8.85, 1
03/10/2020,09:48,8.91,8.92,8.91,8.92, 5
03/10/2020,09:48,8.93,8.93,8.92,8.92, 3
03/10/2020,09:50,8.93,8.93,8.93,8.93, 4
03/10/2020,09:51,8.93,8.93,8.93,8.93, 3
03/10/2020,09:59,9.02,9.02,9.02,9.02, 1
03/10/2020,10:03,9.07,9.09,9.07,9.09, 3
03/10/2020,10:08,9,9,8.99,8.99, 2
03/10/2020,10:12,8.97,8.97,8.92,8.92, 6
03/10/2020,10:15,8.94,8.94,8.94,8.94, 1
03/10/2020,10:18,8.91,8.91,8.91,8.91, 5
03/10/2020,10:20,8.94,8.96,8.94,8.96, 4
03/10/2020,10:28,9.01,9.01,9.01,9.01, 1
03/10/2020,10:33,9.01,9.01,9.01,9.01, 2
03/10/2020,10:33,9.01,9.01,9.01,9.01, 2
03/10/2020,10:37,9.05,9.05,9.04,9.04, 2
03/10/2020,10:38,9.08,9.09,9.08,9.09, 7
03/10/2020,10:38,9.06,9.06,9.06,9.06, 2
03/10/2020,10:43,9.06,9.06,9.06,9.06, 1
03/10/2020,10:54,9.06,9.06,9.05,9.05, 12
03/10/2020,10:54,9.04,9.04,9.02,9.02, 3
03/10/2020,11:01,9.02,9.02,9.02,9.02, 1
03/10/2020,11:02,9.04,9.04,9.04,9.04, 3
03/10/2020,11:12,9.06,9.06,9.06,9.06, 1
03/10/2020,11:22,9.05,9.07,9.04,9.07, 12
03/10/2020,11:22,9.11,9.11,9.09,9.09, 5
03/10/2020,11:37,9.08,9.08,9.08,9.08, 1
03/10/2020,11:46,9.14,9.19,9.14,9.19, 9
03/10/2020,11:54,9.18,9.18,9.18,9.18, 1
03/10/2020,11:55,9.18,9.18,9.18,9.18, 1
03/10/2020,11:59,9.16,9.16,9.14,9.14, 9
03/10/2020,12:11,9.12,9.12,9.07,9.07, 9
03/10/2020,12:12,9.1,9.1,9.1,9.1, 2
03/10/2020,12:16,9.09,9.09,9.09,9.09, 1
03/10/2020,12:21,9.06,9.06,9.06,9.06, 7
03/10/2020,12:23,9.03,9.03,9.03,9.03, 3
03/10/2020,12:24,9.01,9.01,9.01,9.01, 1
03/10/2020,12:25,9.01,9.01,9.01,9.01, 1
03/10/2020,12:27,9,9,9,9, 2
03/10/2020,12:29,8.98,8.98,8.98,8.98, 2
03/10/2020,12:32,8.99,9.02,8.99,9.02, 6
03/10/2020,12:46,9.03,9.03,9.02,9.02, 9
03/10/2020,12:49,8.99,8.99,8.99,8.99, 5
03/10/2020,12:51,8.96,8.96,8.96,8.96, 2
03/10/2020,12:58,8.97,8.98,8.97,8.98, 8
03/10/2020,13:05,9,9.02,9,9.02, 2
03/10/2020,13:06,8.99,8.99,8.99,8.99, 8
03/10/2020,13:09,8.98,8.98,8.97,8.97, 4
03/10/2020,13:12,8.95,8.95,8.95,8.95, 1
03/10/2020,13:13,8.94,8.94,8.94,8.94, 1
03/10/2020,13:23,8.93,8.93,8.91,8.91, 11
03/10/2020,13:24,8.91,8.91,8.91,8.91, 1
03/10/2020,13:24,8.91,8.91,8.91,8.91, 3
03/10/2020,13:26,8.91,8.91,8.91,8.91, 1
03/10/2020,13:35,8.93,8.93,8.93,8.93, 1
03/10/2020,13:39,8.91,8.91,8.9,8.9, 9
03/10/2020,13:44,8.91,8.91,8.89,8.91, 3
03/10/2020,13:44,8.87,8.87,8.87,8.87, 1
03/10/2020,13:46,8.86,8.86,8.81,8.81, 7
03/10/2020,13:47,8.82,8.82,8.82,8.82, 1
03/10/2020,13:48,8.81,8.81,8.81,8.81, 2
03/10/2020,13:49,8.84,8.84,8.84,8.84, 4
03/10/2020,13:51,8.9,8.9,8.9,8.9, 7
03/10/2020,14:05,8.93,8.93,8.91,8.91, 6
03/10/2020,14:22,8.95,8.95,8.95,8.95, 1
03/10/2020,14:26,8.98,8.98,8.98,8.98, 2
03/10/2020,14:27,8.99,8.99,8.99,8.99, 2
03/10/2020,14:28,8.99,8.99,8.97,8.97, 8
03/10/2020,14:37,8.94,8.94,8.9,8.9, 5
03/10/2020,14:43,8.86,8.86,8.86,8.86, 1
03/10/2020,14:50,8.86,8.86,8.85,8.85, 8
03/10/2020,14:52,8.82,8.82,8.82,8.82, 2
03/10/2020,14:52,8.82,8.82,8.82,8.82, 1
03/10/2020,14:58,8.8,8.8,8.8,8.8, 1
03/10/2020,14:59,8.82,8.84,8.82,8.84, 9
03/10/2020,15:00,8.87,8.87,8.87,8.87, 6
03/10/2020,15:07,8.87,8.87,8.87,8.87, 1
03/10/2020,15:19,8.85,8.85,8.85,8.85, 6
03/10/2020,15:21,8.86,8.86,8.86,8.86, 1
03/10/2020,15:39,8.87,8.87,8.78,8.78, 22
03/10/2020,15:44,8.77,8.77,8.77,8.77, 7
03/10/2020,15:58,8.72,8.72,8.71,8.71, 4
03/10/2020,16:00,8.72,8.72,8.72,8.72, 6
03/10/2020,16:01,8.72,8.72,8.72,8.72, 2
03/10/2020,16:03,8.72,8.72,8.67,8.67, 12
03/10/2020,16:05,8.71,8.71,8.71,8.71, 3
03/10/2020,16:11,8.71,8.71,8.71,8.71, 1
03/10/2020,16:12,8.7,8.7,8.7,8.7, 3
03/10/2020,16:15,8.68,8.68,8.68,8.68, 4
03/10/2020,16:23,8.65,8.66,8.63,8.63, 12
03/10/2020,16:27,8.6,8.6,8.6,8.6, 4
03/10/2020,16:28,8.58,8.58,8.58,8.58, 3
03/10/2020,16:29,8.57,8.62,8.57,8.58, 25
03/10/2020,16:40,8.6,8.6,8.6,8.6, 1
03/10/2020,16:43,8.58,8.58,8.52,8.52, 13
03/10/2020,16:44,8.56,8.61,8.56,8.59, 9
03/10/2020,16:47,8.68,8.68,8.68,8.68, 1
03/10/2020,16:53,8.67,8.67,8.63,8.63, 16
03/10/2020,16:54,8.61,8.61,8.61,8.61, 1
03/10/2020,16:55,8.58,8.58,8.58,8.58, 1
03/10/2020,16:56,8.6,8.6,8.59,8.6, 3
03/10/2020,16:56,8.62,8.62,8.62,8.62, 5
03/10/2020,16:57,8.6,8.6,8.6,8.6, 1
03/10/2020,16:58,8.58,8.58,8.56,8.56, 4
03/10/2020,17:00,8.6,8.67,8.6,8.67, 9
03/10/2020,17:02,8.68,8.68,8.68,8.68, 4
03/10/2020,17:09,8.66,8.68,8.66,8.66, 14
03/10/2020,17:13,8.64,8.65,8.64,8.65, 6
03/10/2020,17:15,8.66,8.68,8.6,8.65, 36
03/10/2020,17:16,8.65,8.69,8.65,8.68, 4
03/10/2020,17:18,8.66,8.66,8.66,8.66, 4
03/10/2020,17:21,8.65,8.65,8.64,8.64, 4
03/10/2020,17:22,8.64,8.64,8.61,8.64, 7
03/10/2020,17:23,8.61,8.61,8.61,8.61, 1
03/10/2020,17:25,8.62,8.62,8.62,8.62, 8
03/10/2020,17:26,8.62,8.62,8.62,8.62, 2
03/10/2020,17:27,8.62,8.62,8.62,8.62, 2
03/10/2020,17:28,8.62,8.62,8.61,8.61, 13
03/10/2020,17:29,8.61,8.63,8.61,8.63, 5
03/10/2020,17:30,8.64,8.64,8.63,8.63, 3
03/10/2020,17:30,8.63,8.63,8.61,8.61, 7
03/10/2020,17:36,8.64,8.64,8.64,8.64, 47
03/11/2020,09:01,8.74,8.74,8.74,8.74, 5
03/11/2020,09:10,8.74,8.74,8.74,8.74, 8
03/11/2020,09:12,8.74,8.74,8.74,8.74, 1
03/11/2020,09:12,8.74,8.74,8.74,8.74, 1
03/11/2020,09:30,8.69,8.69,8.69,8.69, 1
03/11/2020,09:33,8.69,8.72,8.69,8.72, 5
03/11/2020,09:39,8.78,8.78,8.74,8.74, 3
03/11/2020,09:53,8.72,8.72,8.69,8.69, 5
03/11/2020,09:55,8.66,8.66,8.64,8.64, 8
03/11/2020,09:55,8.61,8.63,8.61,8.63, 4
03/11/2020,10:15,8.65,8.65,8.65,8.65, 5
03/11/2020,10:28,8.61,8.63,8.61,8.61, 5
03/11/2020,10:35,8.6,8.6,8.6,8.6, 2
03/11/2020,10:38,8.52,8.52,8.52,8.52, 2
03/11/2020,10:41,8.51,8.51,8.5,8.5, 5
03/11/2020,10:45,8.55,8.55,8.55,8.55, 2
03/11/2020,10:47,8.51,8.51,8.51,8.51, 2
03/11/2020,10:50,8.55,8.55,8.55,8.55, 1
03/11/2020,10:53,8.54,8.54,8.54,8.54, 1
03/11/2020,10:56,8.52,8.53,8.51,8.51, 7
03/11/2020,11:05,8.52,8.52,8.52,8.52, 3
03/11/2020,11:25,8.51,8.51,8.51,8.51, 2
03/11/2020,11:27,8.52,8.52,8.5,8.5, 6
03/11/2020,11:34,8.5,8.52,8.5,8.52, 5
03/11/2020,11:34,8.5,8.5,8.5,8.5, 2
03/11/2020,11:42,8.5,8.5,8.5,8.5, 3
03/11/2020,11:50,8.51,8.51,8.47,8.49, 5
03/11/2020,11:52,8.5,8.5,8.5,8.5, 2
03/11/2020,11:56,8.49,8.49,8.49,8.49, 1
03/11/2020,12:05,8.52,8.53,8.51,8.51, 4
03/11/2020,12:07,8.54,8.54,8.54,8.54, 3
03/11/2020,12:13,8.49,8.49,8.49,8.49, 2
03/11/2020,12:15,8.48,8.48,8.48,8.48, 1
03/11/2020,12:18,8.48,8.48,8.47,8.47, 7
03/11/2020,12:19,8.46,8.46,8.43,8.44, 6
03/11/2020,12:24,8.47,8.47,8.47,8.47, 2
03/11/2020,12:27,8.45,8.45,8.45,8.45, 1
03/11/2020,12:39,8.42,8.42,8.42,8.42, 6
03/11/2020,12:43,8.39,8.42,8.39,8.4, 11
03/11/2020,12:57,8.44,8.45,8.44,8.44, 5
03/11/2020,12:58,8.44,8.44,8.44,8.44, 1
03/11/2020,13:17,8.44,8.44,8.44,8.44, 3
03/11/2020,13:27,8.44,8.44,8.42,8.42, 4
03/11/2020,13:31,8.42,8.42,8.42,8.42, 3
03/11/2020,13:34,8.42,8.42,8.37,8.37, 7
03/11/2020,13:34,8.36,8.36,8.36,8.36, 1
03/11/2020,13:36,8.36,8.38,8.36,8.37, 6
03/11/2020,13:43,8.39,8.41,8.39,8.41, 2
03/11/2020,13:44,8.38,8.38,8.35,8.38, 11
03/11/2020,13:48,8.39,8.4,8.39,8.39, 7
03/11/2020,14:16,8.39,8.39,8.36,8.36, 12
03/11/2020,14:17,8.36,8.36,8.36,8.36, 1
03/11/2020,14:17,8.36,8.36,8.36,8.36, 1
03/11/2020,14:27,8.36,8.36,8.36,8.36, 3
03/11/2020,14:30,8.37,8.37,8.37,8.37, 1
03/11/2020,14:31,8.38,8.38,8.38,8.38, 2
03/11/2020,14:49,8.37,8.38,8.28,8.28, 10
03/11/2020,14:50,8.31,8.32,8.31,8.32, 7
03/11/2020,14:50,8.36,8.36,8.36,8.36, 5
03/11/2020,15:05,8.38,8.38,8.38,8.38, 4
03/11/2020,15:06,8.38,8.38,8.38,8.38, 3
03/11/2020,15:07,8.38,8.38,8.38,8.38, 8
03/11/2020,15:11,8.36,8.36,8.35,8.35, 3
03/11/2020,15:12,8.4,8.4,8.38,8.38, 3
03/11/2020,15:15,8.37,8.37,8.37,8.37, 1
03/11/2020,15:20,8.37,8.4,8.37,8.4, 2
03/11/2020,15:29,8.37,8.37,8.37,8.37, 5
03/11/2020,15:32,8.37,8.37,8.37,8.37, 1
03/11/2020,15:35,8.37,8.37,8.34,8.34, 5
03/11/2020,15:35,8.34,8.34,8.34,8.34, 3
03/11/2020,15:36,8.36,8.4,8.36,8.4, 16
03/11/2020,15:37,8.4,8.4,8.4,8.4, 8
03/11/2020,15:37,8.4,8.44,8.39,8.44, 10
03/11/2020,15:50,8.39,8.39,8.39,8.39, 9
03/11/2020,15:51,8.39,8.39,8.39,8.39, 2
03/11/2020,15:52,8.4,8.4,8.4,8.4, 1
03/11/2020,15:54,8.39,8.39,8.39,8.39, 1
03/11/2020,15:55,8.33,8.33,8.33,8.33, 6
03/11/2020,16:02,8.33,8.35,8.33,8.35, 7
03/11/2020,16:03,8.34,8.34,8.29,8.34, 21
03/11/2020,16:04,8.37,8.37,8.37,8.37, 1
03/11/2020,16:12,8.35,8.35,8.35,8.35, 1
03/11/2020,16:21,8.35,8.35,8.31,8.31, 7
03/11/2020,16:24,8.31,8.31,8.31,8.31, 5
03/11/2020,16:30,8.31,8.31,8.28,8.28, 9
03/11/2020,16:31,8.27,8.27,8.27,8.27, 3
03/11/2020,16:33,8.28,8.29,8.28,8.29, 2
03/11/2020,16:35,8.29,8.29,8.29,8.29, 3
03/11/2020,16:38,8.29,8.3,8.29,8.29, 7
03/11/2020,16:39,8.32,8.32,8.32,8.32, 3
03/11/2020,16:41,8.35,8.35,8.35,8.35, 5
03/11/2020,16:57,8.35,8.35,8.35,8.35, 6
03/11/2020,17:00,8.33,8.33,8.33,8.33, 1
03/11/2020,17:01,8.32,8.34,8.32,8.32, 10
03/11/2020,17:04,8.3,8.3,8.3,8.3, 1
03/11/2020,17:11,8.33,8.33,8.33,8.33, 6
03/11/2020,17:20,8.39,8.4,8.39,8.4, 6
03/11/2020,17:20,8.4,8.4,8.4,8.4, 4
03/11/2020,17:23,8.41,8.41,8.4,8.4, 11
03/11/2020,17:24,8.39,8.39,8.39,8.39, 1
03/11/2020,17:27,8.39,8.39,8.39,8.39, 10
03/11/2020,17:27,8.39,8.39,8.39,8.39, 2
03/11/2020,17:30,8.38,8.4,8.38,8.4, 11
03/11/2020,17:36,8.41,8.41,8.41,8.41, 50
03/12/2020,09:02,8.05,8.05,7.91,8.01, 24
03/12/2020,09:05,7.93,7.93,7.91,7.91, 3
03/12/2020,09:07,7.93,8,7.93,8, 6
03/12/2020,09:11,7.93,8.05,7.93,8.01, 8
03/12/2020,09:24,8,8,8,8, 1
03/12/2020,09:26,8.01,8.01,8,8.01, 13
03/12/2020,09:26,8,8,8,8, 5
03/12/2020,09:28,7.99,8,7.99,8, 2
03/12/2020,09:30,8,8,7.95,7.95, 8
03/12/2020,09:30,7.96,7.96,7.95,7.95, 7
03/12/2020,09:32,7.99,8,7.99,8, 3
03/12/2020,09:39,7.96,7.96,7.94,7.94, 7
03/12/2020,09:42,7.9,7.9,7.84,7.84, 11
03/12/2020,09:46,7.86,7.86,7.86,7.86, 2
03/12/2020,09:47,7.85,7.85,7.84,7.84, 3
03/12/2020,09:50,7.84,7.84,7.84,7.84, 2
03/12/2020,09:51,7.84,7.84,7.84,7.84, 2
03/12/2020,09:55,7.83,7.83,7.82,7.82, 3
03/12/2020,09:56,7.81,7.89,7.81,7.89, 15
03/12/2020,10:01,7.89,7.89,7.89,7.89, 2
03/12/2020,10:02,7.89,7.89,7.89,7.89, 2
03/12/2020,10:11,7.89,7.89,7.88,7.88, 6
03/12/2020,10:11,7.89,7.89,7.89,7.89, 1
03/12/2020,10:13,7.86,7.86,7.86,7.86, 3
03/12/2020,10:14,7.84,7.84,7.83,7.83, 2
03/12/2020,10:19,7.84,7.84,7.84,7.84, 1
03/12/2020,10:19,7.85,7.85,7.85,7.85, 2
03/12/2020,10:21,7.88,7.89,7.88,7.89, 3
03/12/2020,10:35,7.91,7.91,7.91,7.91, 3
03/12/2020,10:37,7.87,7.87,7.87,7.87, 1
03/12/2020,10:43,7.91,7.91,7.91,7.91, 7
03/12/2020,10:44,7.93,7.93,7.93,7.93, 6
03/12/2020,10:45,7.95,7.96,7.92,7.95, 6
03/12/2020,10:52,7.98,8,7.96,7.98, 16
03/12/2020,10:53,7.98,7.98,7.98,7.98, 1
03/12/2020,10:54,7.98,8.01,7.98,8.01, 7
03/12/2020,11:13,7.98,7.98,7.97,7.97, 15
03/12/2020,11:14,7.97,7.97,7.97,7.97, 1
03/12/2020,11:17,7.97,7.97,7.92,7.92, 7
03/12/2020,11:17,7.9,7.9,7.89,7.89, 2
03/12/2020,11:18,7.88,7.88,7.88,7.88, 2
03/12/2020,11:23,7.88,7.88,7.88,7.88, 2
03/12/2020,11:27,7.86,7.86,7.86,7.86, 1
03/12/2020,11:27,7.86,7.86,7.82,7.82, 11
03/12/2020,11:33,7.82,7.82,7.82,7.82, 1
03/12/2020,11:40,7.82,7.82,7.82,7.82, 6
03/12/2020,11:45,7.85,7.92,7.85,7.92, 9
03/12/2020,11:46,7.88,7.88,7.88,7.88, 1
03/12/2020,12:02,7.88,7.89,7.88,7.88, 6
03/12/2020,12:05,7.91,7.92,7.91,7.92, 3
03/12/2020,12:11,7.88,7.88,7.84,7.84, 13
03/12/2020,12:22,7.81,7.81,7.8,7.8, 2
03/12/2020,12:23,7.8,7.8,7.8,7.8, 1
03/12/2020,12:24,7.8,7.8,7.8,7.8, 2
03/12/2020,12:28,7.8,7.8,7.79,7.79, 7
03/12/2020,12:28,7.78,7.78,7.78,7.78, 1
03/12/2020,12:31,7.78,7.78,7.78,7.78, 1
03/12/2020,12:35,7.76,7.76,7.76,7.76, 1
03/12/2020,12:35,7.74,7.74,7.74,7.74, 2
03/12/2020,12:36,7.73,7.74,7.73,7.74, 3
03/12/2020,12:37,7.73,7.74,7.73,7.74, 7
03/12/2020,12:38,7.76,7.77,7.76,7.76, 6
03/12/2020,12:42,7.83,7.85,7.83,7.85, 2
03/12/2020,12:45,7.82,7.83,7.8,7.81, 10
03/12/2020,12:46,7.82,7.85,7.82,7.85, 7
03/12/2020,12:48,7.82,7.82,7.82,7.82, 1
03/12/2020,12:48,7.82,7.82,7.81,7.81, 4
03/12/2020,12:53,7.78,7.78,7.78,7.78, 4
03/12/2020,13:03,7.78,7.78,7.78,7.78, 1
03/12/2020,13:09,7.77,7.77,7.77,7.77, 4
03/12/2020,13:12,7.81,7.82,7.8,7.82, 11
03/12/2020,13:16,7.79,7.79,7.79,7.79, 2
03/12/2020,13:18,7.79,7.79,7.78,7.78, 5
03/12/2020,13:20,7.78,7.78,7.78,7.78, 3
03/12/2020,13:21,7.77,7.77,7.77,7.77, 5
03/12/2020,13:23,7.76,7.76,7.76,7.76, 2
03/12/2020,13:24,7.76,7.76,7.76,7.76, 1
03/12/2020,13:25,7.75,7.75,7.72,7.72, 7
03/12/2020,13:30,7.72,7.74,7.72,7.74, 4
03/12/2020,13:33,7.74,7.74,7.74,7.74, 2
03/12/2020,13:37,7.74,7.74,7.74,7.74, 4
03/12/2020,13:38,7.73,7.73,7.73,7.73, 3
03/12/2020,13:41,7.76,7.78,7.74,7.78, 11
03/12/2020,13:48,7.78,7.78,7.73,7.73, 7
03/12/2020,13:50,7.71,7.71,7.7,7.7, 3
03/12/2020,13:53,7.66,7.66,7.66,7.66, 1
03/12/2020,13:54,7.66,7.66,7.66,7.66, 3
03/12/2020,13:55,7.66,7.69,7.66,7.69, 6
03/12/2020,13:56,7.67,7.67,7.65,7.65, 2
03/12/2020,13:57,7.64,7.64,7.64,7.64, 1
03/12/2020,14:01,7.65,7.65,7.65,7.65, 3
03/12/2020,14:16,7.69,7.7,7.62,7.62, 12
03/12/2020,14:18,7.62,7.62,7.62,7.62, 1
03/12/2020,14:21,7.6,7.6,7.6,7.6, 3
03/12/2020,14:24,7.59,7.59,7.59,7.59, 2
03/12/2020,14:29,7.61,7.61,7.61,7.61, 6
03/12/2020,14:31,7.59,7.59,7.59,7.59, 2
03/12/2020,14:47,7.12,7.12,7.12,7.12, 5
03/12/2020,14:53,7.14,7.14,7.14,7.14, 5
03/12/2020,15:03,7.59,7.63,7.59,7.63, 5
03/12/2020,15:04,7.58,7.58,7.58,7.58, 3
03/12/2020,15:06,7.53,7.53,7.49,7.5, 11
03/12/2020,15:12,7.48,7.49,7.47,7.47, 12
03/12/2020,15:13,7.45,7.45,7.45,7.45, 3
03/12/2020,15:22,7.48,7.48,7.46,7.46, 2
03/12/2020,15:23,7.45,7.45,7.3,7.3, 7
03/12/2020,15:24,7.37,7.41,7.37,7.41, 16
03/12/2020,15:26,7.43,7.44,7.43,7.44, 4
03/12/2020,15:28,7.45,7.45,7.44,7.45, 3
03/12/2020,15:30,7.38,7.38,7.38,7.38, 1
03/12/2020,15:42,7.39,7.4,7.39,7.4, 3
03/12/2020,15:43,7.4,7.4,7.4,7.4, 4
03/12/2020,15:44,7.43,7.43,7.43,7.43, 1
03/12/2020,15:49,7.39,7.39,7.37,7.37, 2
03/12/2020,15:49,7.34,7.34,7.34,7.34, 1
03/12/2020,15:50,7.33,7.33,7.33,7.33, 1
03/12/2020,15:52,7.38,7.52,7.38,7.52, 17
03/12/2020,15:53,7.46,7.49,7.42,7.42, 11
03/12/2020,15:55,7.48,7.5,7.48,7.49, 9
03/12/2020,16:00,7.46,7.46,7.44,7.44, 3
03/12/2020,16:03,7.43,7.43,7.43,7.43, 1
03/12/2020,16:08,7.36,7.36,7.36,7.36, 2
03/12/2020,16:09,7.37,7.4,7.37,7.4, 10
03/12/2020,16:17,7.38,7.38,7.3,7.3, 10
03/12/2020,16:17,7.4,7.41,7.38,7.41, 11
03/12/2020,16:18,7.44,7.52,7.44,7.52, 4
03/12/2020,16:19,7.5,7.52,7.5,7.52, 2
03/12/2020,16:20,7.5,7.5,7.5,7.5, 7
03/12/2020,16:22,7.47,7.53,7.47,7.53, 10
03/12/2020,16:23,7.46,7.49,7.33,7.48, 79
03/12/2020,16:26,7.47,7.47,7.47,7.47, 6
03/12/2020,16:26,7.44,7.44,7.44,7.44, 5
03/12/2020,16:31,7.42,7.42,7.42,7.42, 1
03/12/2020,16:37,7.37,7.37,7.37,7.37, 1
03/12/2020,16:41,7.26,7.34,7.15,7.34, 14
03/12/2020,16:43,7.27,7.27,7.27,7.27, 1
03/12/2020,16:45,7.31,7.31,7.31,7.31, 3
03/12/2020,16:45,7.28,7.28,7.28,7.28, 5
03/12/2020,16:49,7.18,7.18,7.18,7.18, 1
03/12/2020,16:53,7.17,7.17,7.17,7.17, 3
03/12/2020,16:55,7.2,7.2,7.2,7.2, 9
03/12/2020,16:56,7.28,7.28,7.28,7.28, 1
03/12/2020,17:05,7.4,7.4,7.4,7.4, 1
03/12/2020,17:06,7.41,7.45,7.32,7.32, 24
03/12/2020,17:06,7.29,7.29,7.29,7.29, 1
03/12/2020,17:17,7.25,7.25,7.25,7.25, 3
03/12/2020,17:21,7.25,7.25,7.25,7.25, 7
03/12/2020,17:25,7.27,7.27,7.27,7.27, 1
03/12/2020,17:29,7.28,7.28,7.26,7.26, 3
03/12/2020,17:38,7.48,7.48,7.48,7.48, 79
03/13/2020,09:01,7.53,7.53,7.53,7.53, 13
03/13/2020,09:09,7.69,7.7,7.69,7.7, 2
03/13/2020,09:26,7.98,7.98,7.98,7.98, 1
03/13/2020,09:30,7.85,7.85,7.85,7.85, 1
03/13/2020,09:32,7.85,7.85,7.85,7.85, 2
03/13/2020,09:46,7.49,7.49,7.49,7.49, 8
03/13/2020,09:49,7.67,7.67,7.67,7.67, 1
03/13/2020,09:58,7.78,7.78,7.78,7.78, 5
03/13/2020,10:00,7.68,7.68,7.6,7.6, 8
03/13/2020,10:07,7.61,7.61,7.61,7.61, 2
03/13/2020,10:12,7.71,7.71,7.71,7.71, 2
03/13/2020,10:16,7.71,7.84,7.71,7.84, 2
03/13/2020,10:21,7.9,7.9,7.9,7.9, 1
03/13/2020,10:34,8.08,8.08,7.83,7.83, 12
03/13/2020,10:41,8.05,8.06,7.98,7.98, 8
03/13/2020,10:42,8.07,8.21,8.07,8.21, 6
03/13/2020,10:48,8.21,8.24,8.21,8.21, 11
03/13/2020,10:48,8.13,8.13,8.13,8.13, 1
03/13/2020,10:51,8.15,8.29,8.15,8.29, 3
03/13/2020,10:52,8.29,8.29,8.29,8.29, 1
03/13/2020,10:58,8.14,8.14,8.14,8.14, 3
03/13/2020,11:00,8.14,8.14,8.14,8.14, 1
03/13/2020,11:01,8.12,8.2,8.12,8.2, 3
03/13/2020,11:04,8.09,8.09,8.09,8.09, 2
03/13/2020,11:11,8.2,8.2,8.2,8.2, 4
03/13/2020,11:12,8.21,8.23,8.2,8.23, 6
03/13/2020,11:20,8.23,8.23,8.23,8.23, 1
03/13/2020,11:21,8.23,8.26,8.23,8.23, 5
03/13/2020,11:28,8.23,8.24,8.21,8.21, 4
03/13/2020,11:28,8.22,8.22,8.21,8.21, 2
03/13/2020,11:31,8.21,8.24,8.21,8.24, 3
03/13/2020,11:32,8.21,8.21,8.21,8.21, 5
03/13/2020,11:34,8.23,8.23,8.23,8.23, 3
03/13/2020,11:41,8.27,8.27,8.27,8.27, 2
03/13/2020,11:51,8.28,8.28,8.28,8.28, 3
03/13/2020,12:01,8.3,8.3,8.26,8.26, 4
03/13/2020,12:09,8.3,8.5,8.3,8.5, 12
03/13/2020,12:09,8.66,8.66,8.66,8.66, 1
03/13/2020,12:15,8.59,8.74,8.59,8.74, 9
03/13/2020,12:17,8.74,9.05,8.74,9.05, 13
03/13/2020,12:23,9.56,9.56,9.55,9.55, 4
03/13/2020,12:25,9.36,9.36,9.36,9.36, 3
03/13/2020,12:25,9.35,9.52,9.35,9.52, 2
03/13/2020,12:27,9.35,9.35,9.35,9.35, 2
03/13/2020,12:29,9.35,9.41,9.23,9.41, 7
03/13/2020,12:31,9.3,9.3,9.3,9.3, 1
03/13/2020,12:35,9.09,9.09,9.09,9.09, 2
03/13/2020,12:37,9.19,9.19,9.19,9.19, 2
03/13/2020,12:41,9.19,9.19,9.08,9.19, 4
03/13/2020,12:47,9.08,9.08,9.08,9.08, 4
03/13/2020,12:51,9.19,9.19,9.19,9.19, 2
03/13/2020,12:56,9.06,9.2,9.06,9.2, 3
03/13/2020,13:01,9.2,9.2,9.2,9.2, 2
03/13/2020,13:11,9.2,9.2,9.2,9.2, 1
03/13/2020,13:15,9.09,9.2,9.09,9.2, 7
03/13/2020,13:16,9.12,9.12,9.08,9.09, 3
03/13/2020,13:17,9.07,9.07,9.07,9.07, 1
03/13/2020,13:19,9.03,9.03,9.03,9.03, 1
03/13/2020,13:21,9.16,9.16,9.16,9.16, 1
03/13/2020,13:23,9.16,9.16,9.16,9.16, 4
03/13/2020,13:31,9.24,9.24,9.24,9.24, 1
03/13/2020,13:31,9,9.24,9,9.24, 2
03/13/2020,13:35,9.16,9.16,9.1,9.1, 4
03/13/2020,13:36,9.1,9.1,9.02,9.02, 3
03/13/2020,13:41,9.11,9.11,9.11,9.11, 2
03/13/2020,13:48,9.05,9.05,9.05,9.05, 1
03/13/2020,13:51,9.05,9.05,9.05,9.05, 2
03/13/2020,13:51,9.05,9.05,9.05,9.05, 2
03/13/2020,13:57,8.99,9.1,8.99,9.1, 5
03/13/2020,13:57,8.99,8.99,8.99,8.99, 3
03/13/2020,13:58,8.99,8.99,8.99,8.99, 3
03/13/2020,14:01,9.1,9.1,9.02,9.02, 7
03/13/2020,14:04,9.02,9.1,9,9.1, 4
03/13/2020,14:09,9.02,9.02,9.02,9.02, 3
03/13/2020,14:09,8.99,8.99,8.9,8.9, 3
03/13/2020,14:11,9.1,9.1,9.1,9.1, 4
03/13/2020,14:16,9.1,9.1,9.1,9.1, 4
03/13/2020,14:21,9.1,9.1,9.1,9.1, 2
03/13/2020,14:22,8.99,9.07,8.99,9.07, 3
03/13/2020,14:23,8.95,8.95,8.95,8.95, 1
03/13/2020,14:29,8.87,8.87,8.85,8.85, 4
03/13/2020,14:31,8.79,8.79,8.79,8.79, 5
03/13/2020,14:35,8.82,8.82,8.82,8.82, 2
03/13/2020,14:36,8.78,8.78,8.78,8.78, 1
03/13/2020,14:37,8.77,8.77,8.77,8.77, 1
03/13/2020,14:39,8.81,8.81,8.81,8.81, 1
03/13/2020,14:41,8.85,8.85,8.85,8.85, 1
03/13/2020,14:44,8.85,8.85,8.85,8.85, 2
03/13/2020,14:46,8.81,8.81,8.81,8.81, 3
03/13/2020,14:47,8.81,8.81,8.79,8.79, 3
03/13/2020,14:47,8.77,8.77,8.77,8.77, 2
03/13/2020,14:51,8.81,8.81,8.81,8.81, 4
03/13/2020,14:55,8.81,9.05,8.81,8.81, 17
03/13/2020,15:00,8.79,8.82,8.71,8.82, 9
03/13/2020,15:01,8.82,8.82,8.82,8.82, 2
03/13/2020,15:07,8.76,8.79,8.76,8.79, 3
03/13/2020,15:11,8.77,8.77,8.77,8.77, 1
03/13/2020,15:13,8.75,8.75,8.75,8.75, 3
03/13/2020,15:21,8.75,8.75,8.75,8.75, 2
03/13/2020,15:21,8.75,8.75,8.73,8.73, 3
03/13/2020,15:23,8.75,8.75,8.75,8.75, 3
03/13/2020,15:28,8.78,8.8,8.76,8.8, 11
03/13/2020,15:31,8.8,8.8,8.8,8.8, 2
03/13/2020,15:32,8.76,8.76,8.76,8.76, 2
03/13/2020,15:33,8.8,8.81,8.8,8.81, 9
03/13/2020,15:38,8.73,8.73,8.71,8.71, 2
03/13/2020,15:40,8.68,8.72,8.61,8.61, 6
03/13/2020,15:41,8.64,8.64,8.64,8.64, 1
03/13/2020,15:51,8.64,8.64,8.64,8.64, 2
03/13/2020,15:54,8.64,8.64,8.64,8.64, 4
03/13/2020,15:59,8.64,8.64,8.64,8.64, 3
03/13/2020,16:01,8.69,8.69,8.69,8.69, 2
03/13/2020,16:02,8.64,8.64,8.59,8.59, 3
03/13/2020,16:04,8.64,8.64,8.62,8.62, 6
03/13/2020,16:05,8.59,8.59,8.57,8.57, 2
03/13/2020,16:11,8.58,8.62,8.58,8.62, 3
03/13/2020,16:11,8.54,8.54,8.51,8.51, 3
03/13/2020,16:17,8.55,8.55,8.55,8.55, 5
03/13/2020,16:21,8.56,8.56,8.56,8.56, 3
03/13/2020,16:27,8.51,8.51,8.51,8.51, 2
03/13/2020,16:31,8.52,8.52,8.45,8.45, 3
03/13/2020,16:34,8.38,8.38,8.36,8.36, 2
03/13/2020,16:34,8.38,8.42,8.38,8.42, 5
03/13/2020,16:41,8.37,8.4,8.37,8.4, 8
03/13/2020,16:43,8.37,8.37,8.37,8.37, 1
03/13/2020,16:51,8.36,8.38,8.36,8.38, 4
03/13/2020,16:54,8.38,8.39,8.38,8.39, 5
03/13/2020,16:56,8.38,8.38,8.38,8.38, 8
03/13/2020,16:59,8.43,8.47,8.43,8.47, 2
03/13/2020,17:00,8.4,8.4,8.37,8.37, 2
03/13/2020,17:01,8.49,8.49,8.49,8.49, 1
03/13/2020,17:06,8.45,8.45,8.45,8.45, 4
03/13/2020,17:09,8.38,8.38,8.38,8.38, 1
03/13/2020,17:11,8.44,8.44,8.44,8.44, 1
03/13/2020,17:12,8.42,8.42,8.42,8.42, 3
03/13/2020,17:12,8.43,8.43,8.43,8.43, 1
03/13/2020,17:13,8.5,8.5,8.36,8.5, 9
03/13/2020,17:16,8.46,8.46,8.42,8.42, 8
03/13/2020,17:18,8.39,8.39,8.39,8.39, 2
03/13/2020,17:19,8.33,8.33,8.33,8.33, 10
03/13/2020,17:21,8.33,8.39,8.31,8.33, 8
03/13/2020,17:22,8.31,8.31,8.24,8.24, 19
03/13/2020,17:26,8.16,8.2,8.13,8.2, 4
03/13/2020,17:26,8.2,8.2,8.2,8.2, 4
03/13/2020,17:28,8.17,8.17,8.06,8.06, 8
03/13/2020,17:29,8.14,8.14,8.06,8.06, 3
03/13/2020,17:30,8.06,8.3,8.06,8.3, 3
03/13/2020,17:36,8.5,8.5,8.5,8.5, 33
03/16/2020,09:01,8.4,8.4,8.24,8.24, 21
03/16/2020,09:02,8,8,7.85,7.87, 5
03/16/2020,09:07,7.92,7.92,7.92,7.92, 4
03/16/2020,09:10,7.96,7.96,7.92,7.92, 3
03/16/2020,09:13,7.92,7.92,7.92,7.92, 3
03/16/2020,09:24,7.84,7.84,7.84,7.84, 5
03/16/2020,09:29,7.73,7.73,7.65,7.65, 3
03/16/2020,09:31,7.52,7.52,7.52,7.52, 3
03/16/2020,09:35,7.56,7.56,7.52,7.52, 5
03/16/2020,09:36,7.53,7.53,7.52,7.52, 3
03/16/2020,09:36,7.51,7.51,7.51,7.51, 1
03/16/2020,09:43,7.59,7.59,7.59,7.59, 8
03/16/2020,09:44,7.62,7.62,7.62,7.62, 9
03/16/2020,09:48,7.65,7.65,7.65,7.65, 2
03/16/2020,09:49,7.65,7.65,7.65,7.65, 4
03/16/2020,09:52,7.66,7.66,7.66,7.66, 2
03/16/2020,09:57,7.69,7.69,7.69,7.69, 2
03/16/2020,10:02,7.7,7.7,7.7,7.7, 6
03/16/2020,10:05,7.7,7.7,7.7,7.7, 5
03/16/2020,10:14,7.65,7.65,7.65,7.65, 1
03/16/2020,10:28,7.65,7.68,7.65,7.68, 5
03/16/2020,10:38,7.7,7.7,7.7,7.7, 5
03/16/2020,10:51,7.75,7.75,7.65,7.65, 4
03/16/2020,10:54,7.59,7.69,7.59,7.64, 5
03/16/2020,10:55,7.69,7.69,7.69,7.69, 1
03/16/2020,11:01,7.67,7.67,7.67,7.67, 3
03/16/2020,11:08,7.58,7.58,7.58,7.58, 4
03/16/2020,11:25,7.55,7.55,7.55,7.55, 5
03/16/2020,11:28,7.51,7.56,7.46,7.56, 13
03/16/2020,11:31,7.54,7.54,7.49,7.54, 11
03/16/2020,11:33,7.58,7.62,7.45,7.62, 9
03/16/2020,11:43,7.62,7.62,7.62,7.62, 2
03/16/2020,11:47,7.62,7.62,7.62,7.62, 2
03/16/2020,11:50,7.62,7.62,7.62,7.62, 2
03/16/2020,11:51,7.61,7.61,7.61,7.61, 1
03/16/2020,11:52,7.63,7.63,7.63,7.63, 1
03/16/2020,11:58,7.63,7.64,7.63,7.64, 3
03/16/2020,12:03,7.7,7.7,7.7,7.7, 7
03/16/2020,12:04,7.7,7.7,7.67,7.67, 4
03/16/2020,12:14,7.67,7.67,7.67,7.67, 7
03/16/2020,12:20,7.58,7.58,7.58,7.58, 2
03/16/2020,12:25,7.58,7.58,7.58,7.58, 2
03/16/2020,12:28,7.55,7.55,7.55,7.55, 1
03/16/2020,12:32,7.56,7.56,7.56,7.56, 2
03/16/2020,13:01,7.56,7.56,7.56,7.56, 6
03/16/2020,13:08,7.56,7.56,7.56,7.56, 10
03/16/2020,13:14,7.57,7.57,7.56,7.56, 20
03/16/2020,13:15,7.56,7.58,7.56,7.58, 2
03/16/2020,13:19,7.58,7.58,7.58,7.58, 1
03/16/2020,13:24,7.56,7.56,7.56,7.56, 8
03/16/2020,13:26,7.58,7.6,7.58,7.6, 8
03/16/2020,13:29,7.56,7.56,7.56,7.56, 13
03/16/2020,13:31,7.6,7.6,7.6,7.6, 1
03/16/2020,13:32,7.56,7.56,7.56,7.56, 7
03/16/2020,13:35,7.6,7.6,7.6,7.6, 2
03/16/2020,13:43,7.58,7.58,7.56,7.56, 21
03/16/2020,13:48,7.56,7.56,7.56,7.56, 4
03/16/2020,14:01,7.56,7.56,7.56,7.56, 6
03/16/2020,14:05,7.56,7.56,7.56,7.56, 4
03/16/2020,14:06,7.56,7.56,7.56,7.56, 1
03/16/2020,14:11,7.56,7.56,7.56,7.56, 19
03/16/2020,14:12,7.56,7.6,7.56,7.6, 31
03/16/2020,14:16,7.59,7.59,7.59,7.59, 2
03/16/2020,14:20,7.62,7.64,7.62,7.64, 9
03/16/2020,14:24,7.65,7.65,7.65,7.65, 1
03/16/2020,14:35,7.67,7.67,7.64,7.67, 8
03/16/2020,14:41,7.69,7.69,7.69,7.69, 1
03/16/2020,14:44,7.65,7.65,7.62,7.62, 4
03/16/2020,14:45,7.59,7.59,7.54,7.54, 3
03/16/2020,14:55,7.64,7.64,7.62,7.63, 9
03/16/2020,14:56,7.71,7.79,7.71,7.72, 8
03/16/2020,14:59,7.79,7.79,7.79,7.79, 1
03/16/2020,15:00,7.78,7.78,7.78,7.78, 1
03/16/2020,15:06,7.65,7.65,7.63,7.63, 6
03/16/2020,15:11,7.64,7.64,7.64,7.64, 2
03/16/2020,15:15,7.59,7.59,7.59,7.59, 1
03/16/2020,15:17,7.59,7.59,7.59,7.59, 7
03/16/2020,15:17,7.59,7.59,7.59,7.59, 1
03/16/2020,15:19,7.59,7.59,7.59,7.59, 2
03/16/2020,15:20,7.55,7.55,7.51,7.51, 4
03/16/2020,15:20,7.54,7.59,7.54,7.59, 13
03/16/2020,15:21,7.59,7.59,7.59,7.59, 2
03/16/2020,15:23,7.76,7.78,7.76,7.78, 6
03/16/2020,15:35,7.74,7.76,7.74,7.76, 10
03/16/2020,15:42,7.71,7.75,7.71,7.75, 5
03/16/2020,15:46,7.73,7.78,7.73,7.78, 18
03/16/2020,15:48,7.83,7.83,7.83,7.83, 6
03/16/2020,15:50,7.89,7.89,7.89,7.89, 1
03/16/2020,15:50,7.82,7.82,7.74,7.74, 7
03/16/2020,15:54,7.74,7.74,7.74,7.74, 1
03/16/2020,15:54,7.75,7.75,7.71,7.71, 4
03/16/2020,16:02,7.73,7.73,7.73,7.73, 4
03/16/2020,16:03,7.65,7.65,7.65,7.65, 1
03/16/2020,16:14,7.81,7.81,7.81,7.81, 1
03/16/2020,16:18,7.77,7.77,7.77,7.77, 1
03/16/2020,16:21,7.77,7.93,7.77,7.93, 8
03/16/2020,16:25,7.9,7.9,7.9,7.9, 1
03/16/2020,16:27,7.83,7.83,7.83,7.83, 1
03/16/2020,16:33,7.9,7.9,7.84,7.84, 2
03/16/2020,16:33,7.82,7.82,7.82,7.82, 3
03/16/2020,16:34,7.82,7.82,7.82,7.82, 1
03/16/2020,16:40,7.74,7.74,7.74,7.74, 2
03/16/2020,16:41,7.81,7.81,7.81,7.81, 4
03/16/2020,16:41,7.81,7.81,7.81,7.81, 2
03/16/2020,16:47,7.68,7.68,7.68,7.68, 3
03/16/2020,16:51,7.73,7.73,7.73,7.73, 5
03/16/2020,16:51,7.75,7.75,7.75,7.75, 1
03/16/2020,16:54,7.75,7.75,7.75,7.75, 1
03/16/2020,17:02,7.68,7.73,7.68,7.73, 4
03/16/2020,17:05,7.73,7.86,7.73,7.86, 20
03/16/2020,17:07,7.91,7.92,7.91,7.91, 9
03/16/2020,17:12,7.89,7.89,7.89,7.89, 1
03/16/2020,17:15,7.88,7.88,7.88,7.88, 1
03/16/2020,17:19,7.86,7.86,7.85,7.85, 6
03/16/2020,17:20,7.76,7.76,7.76,7.76, 1
03/16/2020,17:23,7.76,7.76,7.76,7.76, 5
03/16/2020,17:23,7.76,7.76,7.76,7.76, 3
03/16/2020,17:25,7.76,7.76,7.76,7.76, 2
03/16/2020,17:29,7.78,7.78,7.78,7.78, 3
03/16/2020,17:36,7.78,7.78,7.78,7.78, 42
03/17/2020,09:01,7.94,7.94,7.94,7.94, 13
03/17/2020,09:17,8.09,8.09,8.09,8.09, 3
03/17/2020,09:18,8.1,8.1,8,8, 3
03/17/2020,09:27,7.99,8.13,7.99,8.13, 4
03/17/2020,09:40,8.01,8.01,8.01,8.01, 1
03/17/2020,09:50,7.92,7.92,7.92,7.92, 1
03/17/2020,09:51,7.72,7.72,7.72,7.72, 1
03/17/2020,10:17,7.67,7.67,7.67,7.67, 1
03/17/2020,10:24,7.66,7.66,7.66,7.66, 1
03/17/2020,10:33,7.66,7.66,7.66,7.66, 1
03/17/2020,10:34,7.66,7.66,7.66,7.66, 1
03/17/2020,10:35,7.66,7.66,7.66,7.66, 2
03/17/2020,10:36,7.65,7.65,7.4,7.4, 11
03/17/2020,10:43,7.3,7.3,7.3,7.3, 1
03/17/2020,10:47,7.32,7.32,7.26,7.26, 4
03/17/2020,10:50,7.39,7.39,7.19,7.19, 2
03/17/2020,10:55,7.15,7.15,7.15,7.15, 1
03/17/2020,11:05,7.19,7.19,7.19,7.19, 3
03/17/2020,11:09,7.34,7.34,7.34,7.34, 1
03/17/2020,11:09,7.23,7.23,7.23,7.23, 1
03/17/2020,11:13,7.4,7.44,7.4,7.44, 2
03/17/2020,11:21,7.45,7.45,7.45,7.45, 1
03/17/2020,11:23,7.51,7.51,7.46,7.46, 2
03/17/2020,11:23,7.51,7.51,7.51,7.51, 2
03/17/2020,11:25,7.51,7.51,7.51,7.51, 1
03/17/2020,11:28,7.54,7.54,7.54,7.54, 1
03/17/2020,11:36,7.55,7.55,7.55,7.55, 1
03/17/2020,11:38,7.56,7.56,7.56,7.56, 1
03/17/2020,11:39,7.65,7.65,7.6,7.6, 7
03/17/2020,11:42,7.56,7.56,7.55,7.55, 4
03/17/2020,11:54,7.56,7.56,7.56,7.56, 3
03/17/2020,11:58,7.65,7.65,7.65,7.65, 2
03/17/2020,12:07,7.65,7.65,7.65,7.65, 1
03/17/2020,12:12,7.62,7.64,7.61,7.61, 4
03/17/2020,12:13,7.61,7.61,7.55,7.55, 2
03/17/2020,12:17,7.57,7.57,7.54,7.54, 4
03/17/2020,12:18,7.51,7.51,7.51,7.51, 2
03/17/2020,12:26,7.59,7.59,7.59,7.59, 2
03/17/2020,12:38,7.54,7.54,7.54,7.54, 1
03/17/2020,12:43,7.54,7.54,7.54,7.54, 2
03/17/2020,12:47,7.54,7.54,7.54,7.54, 2
03/17/2020,12:57,7.56,7.56,7.56,7.56, 4
03/17/2020,13:02,7.56,7.56,7.56,7.56, 1
03/17/2020,13:05,7.59,7.59,7.59,7.59, 2
03/17/2020,13:07,7.58,7.58,7.58,7.58, 2
03/17/2020,13:13,7.58,7.58,7.58,7.58, 1
03/17/2020,13:15,7.55,7.55,7.55,7.55, 9
03/17/2020,13:16,7.55,7.55,7.55,7.55, 10
03/17/2020,13:17,7.55,7.55,7.55,7.55, 3
03/17/2020,13:18,7.55,7.55,7.55,7.55, 6
03/17/2020,13:20,7.58,7.58,7.58,7.58, 2
03/17/2020,13:21,7.58,7.58,7.58,7.58, 2
03/17/2020,13:23,7.58,7.58,7.58,7.58, 4
03/17/2020,13:30,7.58,7.58,7.58,7.58, 1
03/17/2020,13:31,7.56,7.56,7.56,7.56, 2
03/17/2020,13:33,7.58,7.58,7.58,7.58, 2
03/17/2020,13:34,7.58,7.6,7.58,7.6, 2
03/17/2020,13:36,7.63,7.63,7.63,7.63, 2
03/17/2020,13:39,7.66,7.7,7.63,7.63, 4
03/17/2020,13:41,7.62,7.62,7.61,7.61, 5
03/17/2020,13:51,7.64,7.64,7.64,7.64, 1
03/17/2020,13:57,7.64,7.64,7.64,7.64, 2
03/17/2020,14:01,7.61,7.61,7.61,7.61, 1
03/17/2020,14:09,7.64,7.64,7.62,7.62, 8
03/17/2020,14:10,7.62,7.62,7.62,7.62, 1
03/17/2020,14:11,7.64,7.64,7.62,7.62, 5
03/17/2020,14:15,7.64,7.64,7.62,7.62, 6
03/17/2020,14:21,7.64,7.64,7.64,7.64, 3
03/17/2020,14:33,7.65,7.65,7.65,7.65, 2
03/17/2020,14:38,7.62,7.62,7.61,7.61, 3
03/17/2020,14:38,7.61,7.61,7.61,7.61, 2
03/17/2020,14:50,7.64,7.64,7.61,7.61, 3
03/17/2020,15:00,7.61,7.61,7.61,7.61, 1
03/17/2020,15:02,7.61,7.61,7.56,7.56, 10
03/17/2020,15:03,7.56,7.56,7.56,7.56, 3
03/17/2020,15:03,7.56,7.56,7.56,7.56, 3
03/17/2020,15:04,7.6,7.6,7.6,7.6, 1
03/17/2020,15:31,7.63,7.63,7.63,7.63, 4
03/17/2020,15:32,7.63,7.63,7.63,7.63, 2
03/17/2020,15:40,7.6,7.6,7.6,7.6, 2
03/17/2020,15:41,7.64,7.64,7.64,7.64, 3
03/17/2020,15:47,7.65,7.65,7.65,7.65, 1
03/17/2020,15:49,7.7,7.7,7.7,7.7, 1
03/17/2020,15:53,7.76,7.77,7.76,7.77, 7
03/17/2020,15:54,7.77,7.77,7.77,7.77, 2
03/17/2020,16:02,7.77,7.77,7.77,7.77, 1
03/17/2020,16:06,7.77,7.77,7.77,7.77, 2
03/17/2020,16:07,7.77,7.77,7.77,7.77, 1
03/17/2020,16:08,7.77,7.77,7.66,7.66, 6
03/17/2020,16:11,7.78,7.83,7.69,7.69, 7
03/17/2020,16:20,7.88,7.88,7.88,7.88, 1
03/17/2020,16:23,7.88,7.93,7.8,7.8, 6
03/17/2020,16:23,7.9,7.9,7.81,7.81, 2
03/17/2020,16:24,7.94,7.94,7.9,7.9, 4
03/17/2020,16:27,8.03,8.03,8.03,8.03, 2
03/17/2020,16:28,8.08,8.08,8.08,8.08, 1
03/17/2020,16:29,8.14,8.22,8.14,8.21, 7
03/17/2020,16:30,8.21,8.22,8.21,8.21, 5
03/17/2020,16:33,8.23,8.23,8.23,8.23, 2
03/17/2020,16:34,8.27,8.32,8.27,8.32, 4
03/17/2020,16:37,8.36,8.39,8.36,8.39, 2
03/17/2020,16:46,8.45,8.45,8.45,8.45, 2
03/17/2020,16:50,8.4,8.4,8.4,8.4, 4
03/17/2020,16:57,8.48,8.58,8.41,8.41, 6
03/17/2020,17:01,8.5,8.5,8.5,8.5, 2
03/17/2020,17:01,8.5,8.5,8.5,8.5, 1
03/17/2020,17:04,8.57,8.67,8.57,8.63, 3
03/17/2020,17:05,8.64,8.64,8.57,8.57, 11
03/17/2020,17:10,8.69,8.69,8.54,8.54, 3
03/17/2020,17:14,8.55,8.59,8.55,8.59, 5
03/17/2020,17:15,8.54,8.63,8.54,8.63, 4
03/17/2020,17:18,8.72,8.72,8.72,8.72, 3
03/17/2020,17:20,8.72,8.72,8.72,8.72, 2
03/17/2020,17:24,8.89,8.9,8.89,8.9, 7
03/17/2020,17:27,8.93,8.93,8.8,8.8, 5
03/17/2020,17:30,8.93,8.93,8.93,8.93, 2
03/17/2020,17:30,8.93,8.93,8.93,8.93, 1
03/17/2020,17:38,9.13,9.13,9.13,9.13, 31
03/18/2020,09:01,8.1,8.1,8.1,8.1, 11
03/18/2020,09:22,8.5,8.64,8.5,8.64, 4
03/18/2020,09:29,8.6,8.6,8.6,8.6, 1
03/18/2020,09:47,8.51,8.51,8.5,8.5, 5
03/18/2020,09:55,8.44,8.44,8.44,8.44, 2
03/18/2020,09:56,8.38,8.41,8.38,8.41, 2
03/18/2020,10:02,8.36,8.36,8.35,8.35, 4
03/18/2020,10:07,8.27,8.31,8.26,8.31, 8
03/18/2020,10:18,8.15,8.15,8.14,8.14, 2
03/18/2020,10:26,8.25,8.25,8.25,8.25, 1
03/18/2020,10:30,8.25,8.25,8.25,8.25, 4
03/18/2020,10:31,8.25,8.26,8.25,8.26, 5
03/18/2020,10:40,8.25,8.25,8.25,8.25, 1
03/18/2020,10:51,8.32,8.32,8.32,8.32, 2
03/18/2020,11:19,8.47,8.56,8.47,8.56, 2
03/18/2020,11:25,8.56,8.56,8.56,8.56, 1
03/18/2020,11:28,8.31,8.31,8.31,8.31, 1
03/18/2020,11:50,8.35,8.35,8.35,8.35, 4
03/18/2020,12:15,8.38,8.38,8.38,8.38, 1
03/18/2020,12:17,8.39,8.39,8.39,8.39, 1
03/18/2020,12:35,8.48,8.48,8.48,8.48, 6
03/18/2020,12:39,8.42,8.42,8.42,8.42, 2
03/18/2020,12:46,8.42,8.42,8.42,8.42, 1
03/18/2020,12:54,8.44,8.44,8.44,8.44, 3
03/18/2020,13:02,8.5,8.5,8.5,8.5, 4
03/18/2020,13:02,8.5,8.5,8.5,8.5, 2
03/18/2020,13:30,8.44,8.44,8.44,8.44, 7
03/18/2020,13:38,8.51,8.51,8.51,8.51, 2
03/18/2020,13:38,8.53,8.53,8.53,8.53, 1
03/18/2020,13:44,8.53,8.53,8.53,8.53, 3
03/18/2020,13:48,8.54,8.56,8.54,8.56, 4
03/18/2020,13:48,8.56,8.56,8.56,8.56, 1
03/18/2020,14:01,8.52,8.52,8.51,8.52, 10
03/18/2020,14:19,8.42,8.42,8.38,8.38, 5
03/18/2020,14:25,8.42,8.42,8.42,8.42, 2
03/18/2020,14:56,8.42,8.42,8.42,8.42, 2
03/18/2020,15:01,8.42,8.42,8.42,8.42, 1
03/18/2020,15:05,8.48,8.48,8.48,8.48, 2
03/18/2020,15:06,8.48,8.48,8.48,8.48, 4
03/18/2020,15:16,8.48,8.48,8.48,8.48, 7
03/18/2020,15:18,8.48,8.48,8.48,8.48, 2
03/18/2020,15:18,8.42,8.42,8.42,8.42, 5
03/18/2020,15:20,8.42,8.42,8.39,8.39, 5
03/18/2020,15:20,8.38,8.38,8.38,8.38, 4
03/18/2020,15:28,8.38,8.38,8.38,8.38, 5
03/18/2020,15:38,8.41,8.41,8.41,8.41, 2
03/18/2020,15:40,8.41,8.47,8.41,8.47, 10
03/18/2020,15:42,8.48,8.48,8.48,8.48, 3
03/18/2020,15:48,8.48,8.48,8.48,8.48, 2
03/18/2020,15:48,8.48,8.48,8.48,8.48, 4
03/18/2020,15:51,8.5,8.5,8.5,8.5, 1
03/18/2020,15:57,8.5,8.5,8.5,8.5, 2
03/18/2020,16:05,8.54,8.54,8.54,8.54, 3
03/18/2020,16:16,8.49,8.49,8.49,8.49, 4
03/18/2020,16:23,8.49,8.49,8.49,8.49, 9
03/18/2020,16:34,8.49,8.49,8.48,8.48, 6
03/18/2020,16:45,8.51,8.56,8.51,8.56, 8
03/18/2020,16:50,8.52,8.52,8.52,8.52, 1
03/18/2020,17:12,8.56,8.56,8.56,8.56, 1
03/18/2020,17:23,8.56,8.56,8.56,8.56, 4
03/18/2020,17:24,8.56,8.56,8.56,8.56, 2
03/18/2020,17:25,8.56,8.56,8.56,8.56, 1
03/18/2020,17:26,8.55,8.55,8.55,8.55, 4
03/18/2020,17:29,8.54,8.56,8.51,8.51, 7
03/18/2020,17:30,8.56,8.56,8.56,8.56, 3
03/18/2020,17:36,8.49,8.49,8.49,8.49, 63
03/19/2020,09:01,8.79,8.79,8.79,8.79, 5
03/19/2020,09:11,8.6,8.6,8.6,8.6, 1
03/19/2020,09:24,8.6,8.6,8.6,8.6, 1
03/19/2020,10:05,8.58,8.58,8.5,8.5, 11
03/19/2020,10:06,8.5,8.5,8.5,8.5, 3
03/19/2020,10:18,8.54,8.54,8.39,8.39, 11
03/19/2020,10:20,8.39,8.39,8.39,8.39, 3
03/19/2020,10:21,8.39,8.39,8.39,8.39, 1
03/19/2020,10:23,8.33,8.33,8.33,8.33, 3
03/19/2020,10:25,8.31,8.31,8.31,8.31, 1
03/19/2020,10:32,8.36,8.36,8.36,8.36, 1
03/19/2020,10:36,8.36,8.36,8.36,8.36, 1
03/19/2020,10:39,8.35,8.35,8.35,8.35, 1
03/19/2020,10:42,8.35,8.35,8.35,8.35, 2
03/19/2020,10:45,8.31,8.31,8.28,8.28, 8
03/19/2020,10:57,8.22,8.22,8.22,8.22, 1
03/19/2020,11:02,8.17,8.17,8.17,8.17, 1
03/19/2020,11:06,8.13,8.13,8.13,8.13, 1
03/19/2020,11:10,8.16,8.16,8.16,8.16, 1
03/19/2020,11:14,8.15,8.15,8.15,8.15, 1
03/19/2020,11:17,8.06,8.15,8.06,8.15, 5
03/19/2020,11:29,8.12,8.12,8.12,8.12, 1
03/19/2020,11:34,8.11,8.11,8.11,8.11, 3
03/19/2020,11:37,8.11,8.12,8.1,8.1, 4
03/19/2020,11:38,8.12,8.12,8.12,8.12, 3
03/19/2020,11:39,8.16,8.16,8.16,8.16, 1
03/19/2020,11:39,8.17,8.17,8.17,8.17, 1
03/19/2020,11:43,8.17,8.17,8.17,8.17, 2
03/19/2020,11:48,8.2,8.2,8.2,8.2, 1
03/19/2020,11:51,8.14,8.14,8.14,8.14, 2
03/19/2020,11:51,8.2,8.2,8.2,8.2, 1
03/19/2020,11:54,8.19,8.19,8.19,8.19, 2
03/19/2020,11:59,8.2,8.2,8.2,8.2, 2
03/19/2020,12:02,8.19,8.19,8.19,8.19, 1
03/19/2020,12:03,8.23,8.23,8.23,8.23, 1
03/19/2020,12:08,8.23,8.23,8.23,8.23, 2
03/19/2020,12:13,8.22,8.22,8.22,8.22, 1
03/19/2020,12:17,8.22,8.22,8.22,8.22, 1
03/19/2020,12:19,8.2,8.2,8.2,8.2, 2
03/19/2020,12:23,8.18,8.22,8.18,8.22, 3
03/19/2020,12:24,8.22,8.22,8.22,8.22, 2
03/19/2020,12:24,8.22,8.22,8.22,8.22, 1
03/19/2020,12:32,8.22,8.22,8.12,8.12, 6
03/19/2020,12:37,8.19,8.19,8.19,8.19, 3
03/19/2020,12:38,8.18,8.18,8.18,8.18, 3
03/19/2020,12:44,8.1,8.1,8.08,8.08, 9
03/19/2020,12:58,8.09,8.09,8.09,8.09, 1
03/19/2020,13:03,8.09,8.09,8.09,8.09, 1
03/19/2020,13:09,8.09,8.09,8.09,8.09, 2
03/19/2020,13:14,8.1,8.1,8.1,8.1, 1
03/19/2020,13:19,8.1,8.1,8.1,8.1, 1
03/19/2020,13:21,8.09,8.09,8.09,8.09, 2
03/19/2020,13:22,8.1,8.1,8.1,8.1, 1
03/19/2020,13:26,8.1,8.1,8.1,8.1, 1
03/19/2020,13:27,8.1,8.1,8.1,8.1, 3
03/19/2020,13:30,8.1,8.1,8.1,8.1, 1
03/19/2020,13:34,8.09,8.09,8.09,8.09, 1
03/19/2020,13:38,8.09,8.09,8.09,8.09, 1
03/19/2020,13:41,8.09,8.09,8.09,8.09, 1
03/19/2020,13:45,8.09,8.09,8.09,8.09, 2
03/19/2020,13:47,8.09,8.09,8.09,8.09, 4
03/19/2020,13:49,8.1,8.1,8.1,8.1, 1
03/19/2020,13:52,8.09,8.1,8.09,8.1, 4
03/19/2020,13:53,8.1,8.1,8.03,8.03, 25
03/19/2020,13:53,8.02,8.02,8.02,8.02, 1
03/19/2020,13:54,8.03,8.03,8.03,8.03, 1
03/19/2020,13:57,8.02,8.02,8.02,8.02, 1
03/19/2020,13:57,8.02,8.02,8,8, 7
03/19/2020,14:05,7.97,7.97,7.95,7.95, 6
03/19/2020,14:26,7.91,7.91,7.91,7.91, 6
03/19/2020,14:27,7.91,7.91,7.85,7.85, 22
03/19/2020,14:34,7.83,7.84,7.83,7.84, 8
03/19/2020,14:37,7.86,7.86,7.86,7.86, 1
03/19/2020,14:38,7.86,7.86,7.86,7.86, 15
03/19/2020,14:42,7.86,7.87,7.86,7.87, 5
03/19/2020,14:42,7.87,7.9,7.87,7.87, 9
03/19/2020,14:51,7.9,7.9,7.9,7.9, 2
03/19/2020,14:52,7.87,7.87,7.87,7.87, 28
03/19/2020,14:53,7.87,7.87,7.87,7.87, 21
03/19/2020,15:00,7.87,7.87,7.87,7.87, 1
03/19/2020,15:04,7.87,7.87,7.87,7.87, 3
03/19/2020,15:11,7.94,7.97,7.94,7.97, 2
03/19/2020,15:13,7.92,7.92,7.92,7.92, 1
03/19/2020,15:17,8.01,8.08,8.01,8.08, 13
03/19/2020,15:18,8.09,8.1,8.09,8.1, 11
03/19/2020,15:18,8.12,8.12,8.11,8.11, 5
03/19/2020,15:19,8.12,8.12,8.12,8.12, 4
03/19/2020,15:24,8.11,8.11,8.11,8.11, 1
03/19/2020,15:28,8.09,8.09,8.09,8.09, 3
03/19/2020,15:32,8.1,8.1,8.1,8.1, 2
03/19/2020,15:33,8.1,8.1,8.1,8.1, 7
03/19/2020,15:34,8.1,8.1,8.1,8.1, 1
03/19/2020,15:43,8.19,8.19,8.19,8.19, 9
03/19/2020,15:44,8.21,8.21,8.21,8.21, 5
03/19/2020,15:45,8.21,8.21,8.21,8.21, 1
03/19/2020,15:45,8.21,8.21,8.21,8.21, 2
03/19/2020,15:46,8.23,8.23,8.23,8.23, 1
03/19/2020,15:50,8.23,8.23,8.23,8.23, 2
03/19/2020,15:52,8.23,8.23,8.23,8.23, 6
03/19/2020,15:59,8.28,8.28,8.28,8.28, 2
03/19/2020,16:04,8.28,8.28,8.28,8.28, 3
03/19/2020,16:08,8.37,8.37,8.37,8.37, 2
03/19/2020,16:10,8.38,8.38,8.38,8.38, 2
03/19/2020,16:13,8.28,8.28,8.28,8.28, 15
03/19/2020,16:18,8.29,8.29,8.29,8.29, 1
03/19/2020,16:20,8.23,8.23,8.23,8.23, 8
03/19/2020,16:23,8.28,8.28,8.28,8.28, 1
03/19/2020,16:26,8.23,8.25,8.21,8.22, 18
03/19/2020,16:28,8.21,8.21,8.21,8.21, 6
03/19/2020,16:29,8.21,8.21,8.2,8.2, 6
03/19/2020,16:30,8.19,8.19,8.19,8.19, 1
03/19/2020,16:30,8.19,8.19,8.19,8.19, 1
03/19/2020,16:35,8.19,8.19,8.18,8.18, 3
03/19/2020,16:36,8.2,8.21,8.2,8.21, 3
03/19/2020,16:41,8.16,8.16,8.16,8.16, 9
03/19/2020,16:41,8.16,8.16,8.15,8.15, 4
03/19/2020,16:43,8.1,8.13,8.09,8.13, 12
03/19/2020,16:44,8.13,8.13,8.09,8.09, 14
03/19/2020,16:46,8.04,8.04,8.04,8.04, 3
03/19/2020,16:50,8.07,8.07,8.07,8.07, 2
03/19/2020,16:52,8.01,8.01,8.01,8.01, 5
03/19/2020,16:53,8,8,8,8, 1
03/19/2020,17:06,8.03,8.03,8.03,8.03, 4
03/19/2020,17:09,8.06,8.06,8.06,8.06, 1
03/19/2020,17:10,8.07,8.07,8.07,8.07, 3
03/19/2020,17:10,8.09,8.1,8.09,8.09, 8
03/19/2020,17:14,8.09,8.1,8.09,8.09, 6
03/19/2020,17:19,8.08,8.08,8.08,8.08, 7
03/19/2020,17:21,8.08,8.08,8.08,8.08, 2
03/19/2020,17:23,8.08,8.08,8.08,8.08, 1
03/19/2020,17:24,8.08,8.08,8.08,8.08, 1
03/19/2020,17:25,8.08,8.08,8.07,8.07, 10
03/19/2020,17:26,8.02,8.04,8.02,8.04, 4
03/19/2020,17:27,8.01,8.01,8.01,8.01, 2
03/19/2020,17:28,8.02,8.02,8.02,8.02, 1
03/19/2020,17:30,8.05,8.05,8.05,8.05, 2
03/19/2020,17:30,8.08,8.08,8.08,8.08, 1
03/19/2020,17:36,8,8,8,8, 37
03/20/2020,09:01,8.1,8.1,8.1,8.1, 8
03/20/2020,09:02,8.09,8.1,8.09,8.1, 2
03/20/2020,09:05,8.1,8.1,8.1,8.1, 2
03/20/2020,09:08,8.1,8.1,8.1,8.1, 1
03/20/2020,09:10,8.02,8.02,8.02,8.02, 2
03/20/2020,09:10,8.1,8.1,8.1,8.1, 2
03/20/2020,09:12,8.1,8.1,8.1,8.1, 3
03/20/2020,09:13,8.1,8.1,8.1,8.1, 1
03/20/2020,09:14,8.1,8.1,8.1,8.1, 7
03/20/2020,09:16,8.1,8.1,8.1,8.1, 1
03/20/2020,09:17,8.1,8.1,8.1,8.1, 2
03/20/2020,09:19,8.1,8.1,8.09,8.09, 6
03/20/2020,09:21,8.1,8.1,8.1,8.1, 2
03/20/2020,09:22,8.09,8.09,8.09,8.09, 1
03/20/2020,09:23,8.09,8.09,8.08,8.09, 5
03/20/2020,09:25,8.1,8.1,8.1,8.1, 4
03/20/2020,09:43,8.16,8.16,8.16,8.16, 2
03/20/2020,09:46,8.18,8.18,8.18,8.18, 1
03/20/2020,09:48,8.18,8.2,8.18,8.2, 4
03/20/2020,09:56,8.18,8.18,8.18,8.18, 3
03/20/2020,10:10,8.12,8.12,8.1,8.1, 9
03/20/2020,10:15,8.16,8.16,8.16,8.16, 4
03/20/2020,10:16,8.1,8.1,8.1,8.1, 4
03/20/2020,10:22,8.19,8.24,8.16,8.24, 19
03/20/2020,10:22,8.24,8.24,8.24,8.24, 5
03/20/2020,10:27,8.19,8.19,8.18,8.19, 4
03/20/2020,10:32,8.23,8.23,8.16,8.16, 3
03/20/2020,10:32,8.14,8.14,8.14,8.14, 1
03/20/2020,10:35,8.24,8.24,8.24,8.24, 4
03/20/2020,10:38,8.14,8.14,8.13,8.13, 2
03/20/2020,10:39,8.12,8.12,8.12,8.12, 2
03/20/2020,10:46,8.22,8.22,8.12,8.12, 3
03/20/2020,10:57,8.2,8.2,8.2,8.2, 1
03/20/2020,10:58,8.2,8.2,8.2,8.2, 1
03/20/2020,11:00,8.14,8.2,8.14,8.2, 3
03/20/2020,11:08,8.14,8.14,8.14,8.14, 3
03/20/2020,11:09,8.19,8.19,8.19,8.19, 2
03/20/2020,11:11,8.14,8.14,8.14,8.14, 1
03/20/2020,11:13,8.14,8.14,8.14,8.14, 2
03/20/2020,11:17,8.09,8.09,8.03,8.03, 5
03/20/2020,11:39,8.02,8.02,8,8, 3
03/20/2020,11:54,7.89,7.89,7.89,7.89, 2
03/20/2020,11:55,7.89,7.89,7.89,7.89, 2
03/20/2020,12:03,7.89,7.9,7.89,7.9, 6
03/20/2020,12:06,7.91,7.91,7.9,7.9, 2
03/20/2020,12:08,7.9,7.9,7.9,7.9, 1
03/20/2020,12:18,7.94,7.94,7.94,7.94, 3
03/20/2020,12:26,7.9,7.9,7.9,7.9, 3
03/20/2020,12:26,7.81,7.81,7.81,7.81, 1
03/20/2020,12:32,7.75,7.75,7.75,7.75, 1
03/20/2020,12:33,7.75,7.75,7.75,7.75, 1
03/20/2020,12:37,7.8,7.8,7.8,7.8, 3
03/20/2020,12:39,7.89,7.89,7.89,7.89, 2
03/20/2020,12:40,7.9,7.9,7.81,7.81, 5
03/20/2020,12:45,7.83,7.83,7.8,7.8, 8
03/20/2020,12:46,7.8,7.86,7.8,7.81, 12
03/20/2020,12:52,7.8,7.8,7.8,7.8, 1
03/20/2020,13:01,7.84,7.89,7.84,7.89, 3
03/20/2020,13:10,7.8,7.8,7.8,7.8, 6
03/20/2020,13:14,7.77,7.77,7.77,7.77, 2
03/20/2020,13:20,7.87,7.9,7.87,7.9, 5
03/20/2020,13:20,7.79,7.79,7.79,7.79, 1
03/20/2020,13:35,7.81,7.81,7.81,7.81, 7
03/20/2020,13:35,7.8,7.8,7.8,7.8, 1
03/20/2020,13:38,7.8,7.8,7.8,7.8, 2
03/20/2020,13:41,7.78,7.78,7.78,7.78, 1
03/20/2020,14:38,7.8,7.8,7.8,7.8, 3
03/20/2020,14:38,7.78,7.78,7.78,7.78, 1
03/20/2020,14:40,7.78,7.78,7.78,7.78, 5
03/20/2020,14:48,7.75,7.77,7.75,7.75, 12
03/20/2020,14:48,7.75,7.75,7.75,7.75, 2
03/20/2020,14:53,7.76,7.76,7.76,7.76, 6
03/20/2020,14:54,7.75,7.75,7.75,7.75, 1
03/20/2020,14:57,7.77,7.77,7.77,7.77, 2
03/20/2020,14:58,7.77,7.77,7.75,7.75, 4
03/20/2020,15:04,7.75,7.75,7.75,7.75, 1
03/20/2020,15:18,7.75,7.75,7.75,7.75, 1
03/20/2020,15:26,7.76,7.76,7.76,7.76, 1
03/20/2020,15:29,7.77,7.77,7.77,7.77, 1
03/20/2020,15:41,7.76,7.76,7.75,7.75, 10
03/20/2020,15:47,7.75,7.75,7.75,7.75, 2
03/20/2020,15:52,7.75,7.75,7.75,7.75, 2
03/20/2020,16:14,7.77,7.77,7.75,7.75, 10
03/20/2020,16:14,7.77,7.77,7.75,7.75, 3
03/20/2020,16:15,7.77,7.77,7.75,7.75, 7
03/20/2020,16:16,7.77,7.77,7.77,7.77, 3
03/20/2020,16:17,7.85,7.85,7.85,7.85, 1
03/20/2020,16:19,7.89,7.89,7.89,7.89, 2
03/20/2020,16:21,7.9,7.9,7.86,7.9, 5
03/20/2020,16:23,7.88,7.88,7.88,7.88, 3
03/20/2020,16:27,7.88,7.88,7.88,7.88, 1
03/20/2020,16:29,7.88,7.88,7.88,7.88, 2
03/20/2020,16:32,7.89,7.89,7.89,7.89, 1
03/20/2020,16:34,7.88,7.88,7.88,7.88, 4
03/20/2020,16:36,7.87,7.88,7.87,7.88, 2
03/20/2020,16:36,7.77,7.77,7.77,7.77, 1
03/20/2020,16:44,7.73,7.73,7.72,7.72, 2
03/20/2020,16:48,7.74,7.74,7.74,7.74, 1
03/20/2020,17:07,7.75,7.75,7.75,7.75, 1
03/20/2020,17:16,7.75,7.75,7.75,7.75, 4
03/20/2020,17:17,7.83,7.83,7.83,7.83, 2
03/20/2020,17:19,7.81,7.81,7.81,7.81, 1
03/20/2020,17:21,7.82,7.82,7.82,7.82, 1
03/20/2020,17:22,7.82,7.82,7.82,7.82, 1
03/20/2020,17:24,7.82,7.84,7.82,7.84, 2
03/20/2020,17:26,7.81,7.81,7.8,7.8, 6
03/20/2020,17:27,7.8,7.83,7.8,7.83, 2
03/20/2020,17:28,7.83,7.83,7.83,7.83, 2
03/20/2020,17:29,7.83,7.83,7.83,7.83, 3
03/20/2020,17:30,7.8,7.8,7.8,7.8, 3
03/20/2020,17:36,7.57,7.57,7.57,7.57, 102
03/23/2020,09:01,7.84,7.84,7.84,7.84, 9
03/23/2020,09:11,7.54,7.54,7.3,7.38, 10
03/23/2020,09:37,7.35,7.35,7.35,7.35, 1
03/23/2020,09:39,7.33,7.33,7.33,7.33, 1
03/23/2020,09:42,7.33,7.35,7.33,7.35, 3
03/23/2020,09:45,7.32,7.32,7.3,7.3, 3
03/23/2020,09:48,7.34,7.34,7.34,7.34, 2
03/23/2020,09:53,7.35,7.35,7.35,7.35, 2
03/23/2020,09:55,7.35,7.35,7.3,7.3, 3
03/23/2020,09:56,7.26,7.29,7.16,7.29, 15
03/23/2020,09:57,7.26,7.35,7.26,7.35, 6
03/23/2020,10:18,7.3,7.3,7.27,7.27, 9
03/23/2020,10:21,7.27,7.27,7.27,7.27, 2
03/23/2020,11:02,7.28,7.28,7.28,7.28, 1
03/23/2020,11:03,7.31,7.31,7.31,7.31, 4
03/23/2020,11:04,7.31,7.31,7.31,7.31, 1
03/23/2020,11:11,7.32,7.33,7.32,7.33, 4
03/23/2020,11:12,7.32,7.32,7.32,7.32, 1
03/23/2020,11:13,7.34,7.34,7.34,7.34, 1
03/23/2020,11:31,7.32,7.32,7.32,7.32, 1
03/23/2020,11:38,7.32,7.32,7.32,7.32, 1
03/23/2020,11:47,7.34,7.34,7.34,7.34, 5
03/23/2020,11:49,7.34,7.34,7.34,7.34, 2
03/23/2020,11:50,7.35,7.35,7.35,7.35, 7
03/23/2020,11:51,7.35,7.35,7.35,7.35, 1
03/23/2020,11:55,7.35,7.35,7.35,7.35, 1
03/23/2020,11:58,7.35,7.35,7.35,7.35, 1
03/23/2020,12:03,7.35,7.35,7.35,7.35, 1
03/23/2020,12:04,7.35,7.35,7.35,7.35, 1
03/23/2020,12:13,7.35,7.35,7.35,7.35, 1
03/23/2020,12:14,7.35,7.35,7.35,7.35, 1
03/23/2020,12:16,7.35,7.35,7.35,7.35, 1
03/23/2020,12:30,7.35,7.35,7.35,7.35, 1
03/23/2020,12:30,7.35,7.35,7.33,7.33, 2
03/23/2020,12:33,7.33,7.33,7.32,7.32, 11
03/23/2020,12:36,7.32,7.32,7.32,7.32, 1
03/23/2020,12:45,7.32,7.32,7.32,7.32, 4
03/23/2020,12:49,7.32,7.32,7.32,7.32, 1
03/23/2020,12:53,7.3,7.3,7.3,7.3, 2
03/23/2020,12:55,7.3,7.3,7.3,7.3, 1
03/23/2020,12:58,7.27,7.27,7.27,7.27, 1
03/23/2020,13:02,7.29,7.29,7.29,7.29, 5
03/23/2020,13:04,7.32,7.32,7.32,7.32, 1
03/23/2020,13:20,7.34,7.35,7.31,7.31, 12
03/23/2020,13:22,7.34,7.35,7.34,7.35, 5
03/23/2020,13:23,7.34,7.35,7.34,7.35, 23
03/23/2020,13:24,7.39,7.49,7.39,7.49, 8
03/23/2020,13:26,7.45,7.45,7.45,7.45, 1
03/23/2020,13:26,7.45,7.45,7.45,7.45, 2
03/23/2020,13:30,7.44,7.44,7.44,7.44, 4
03/23/2020,13:35,7.43,7.43,7.43,7.43, 1
03/23/2020,13:37,7.45,7.45,7.45,7.45, 3
03/23/2020,13:37,7.45,7.45,7.45,7.45, 3
03/23/2020,13:40,7.45,7.45,7.45,7.45, 3
03/23/2020,14:04,7.45,7.45,7.45,7.45, 3
03/23/2020,14:06,7.45,7.45,7.45,7.45, 1
03/23/2020,14:13,7.43,7.43,7.42,7.42, 2
03/23/2020,14:17,7.37,7.37,7.29,7.31, 8
03/23/2020,14:24,7.3,7.3,7.3,7.3, 2
03/23/2020,14:39,7.31,7.31,7.3,7.3, 10
03/23/2020,14:47,7.3,7.3,7.3,7.3, 2
03/23/2020,14:50,7.3,7.34,7.3,7.34, 11
03/23/2020,14:51,7.31,7.31,7.31,7.31, 2
03/23/2020,15:02,7.31,7.31,7.31,7.31, 3
03/23/2020,15:22,7.31,7.31,7.31,7.31, 1
03/23/2020,15:36,7.34,7.34,7.34,7.34, 3
03/23/2020,15:41,7.34,7.34,7.34,7.34, 1
03/23/2020,15:48,7.3,7.3,7.3,7.3, 2
03/23/2020,15:48,7.28,7.28,7.28,7.28, 2
03/23/2020,15:52,7.28,7.28,7.28,7.28, 1
03/23/2020,15:55,7.3,7.3,7.3,7.3, 1
03/23/2020,15:59,7.27,7.27,7.27,7.27, 4
03/23/2020,16:09,7.25,7.25,7.25,7.25, 2
03/23/2020,16:11,7.25,7.25,7.21,7.21, 4
03/23/2020,16:20,7.2,7.2,7.2,7.2, 1
03/23/2020,16:30,7.2,7.2,7.2,7.2, 3
03/23/2020,16:52,7.2,7.2,7.19,7.19, 5
03/23/2020,17:04,7.23,7.24,7.23,7.24, 2
03/23/2020,17:11,7.24,7.24,7.24,7.24, 3
03/23/2020,17:18,7.21,7.21,7.21,7.21, 3
03/23/2020,17:20,7.21,7.21,7.21,7.21, 3
03/23/2020,17:21,7.21,7.21,7.21,7.21, 2
03/23/2020,17:26,7.21,7.21,7.21,7.21, 1
03/23/2020,17:27,7.23,7.23,7.23,7.23, 2
03/23/2020,17:30,7.27,7.27,7.2,7.2, 3
03/23/2020,17:36,7.19,7.19,7.19,7.19, 38
03/24/2020,09:01,7.45,7.45,7.45,7.45, 14
03/24/2020,09:08,7.45,7.49,7.45,7.49, 4
03/24/2020,09:11,7.56,7.61,7.56,7.61, 2
03/24/2020,09:13,7.6,7.6,7.6,7.6, 1
03/24/2020,09:22,7.6,7.6,7.6,7.6, 1
03/24/2020,09:24,7.56,7.57,7.54,7.57, 5
03/24/2020,09:31,7.56,7.56,7.53,7.53, 9
03/24/2020,09:52,7.43,7.43,7.4,7.4, 4
03/24/2020,09:53,7.4,7.4,7.4,7.4, 3
03/24/2020,09:53,7.4,7.4,7.4,7.4, 2
03/24/2020,10:18,7.33,7.33,7.33,7.33, 1
03/24/2020,10:26,7.33,7.33,7.33,7.33, 9
03/24/2020,10:27,7.29,7.29,7.29,7.29, 2
03/24/2020,10:31,7.25,7.26,7.25,7.26, 3
03/24/2020,10:31,7.25,7.25,7.25,7.25, 2
03/24/2020,10:36,7.25,7.25,7.25,7.25, 2
03/24/2020,10:37,7.25,7.25,7.25,7.25, 1
03/24/2020,10:39,7.26,7.26,7.26,7.26, 2
03/24/2020,10:59,7.27,7.27,7.26,7.26, 2
03/24/2020,11:03,7.27,7.27,7.25,7.27, 11
03/24/2020,11:10,7.25,7.25,7.25,7.25, 1
03/24/2020,11:14,7.29,7.29,7.29,7.29, 1
03/24/2020,11:15,7.34,7.34,7.34,7.34, 1
03/24/2020,11:16,7.35,7.35,7.35,7.35, 2
03/24/2020,11:21,7.37,7.37,7.37,7.37, 4
03/24/2020,11:32,7.34,7.34,7.34,7.34, 1
03/24/2020,11:37,7.37,7.37,7.37,7.37, 1
03/24/2020,11:40,7.35,7.35,7.35,7.35, 1
03/24/2020,11:56,7.31,7.31,7.31,7.31, 2
03/24/2020,11:56,7.32,7.32,7.32,7.32, 1
03/24/2020,12:09,7.3,7.3,7.29,7.29, 4
03/24/2020,12:15,7.3,7.3,7.3,7.3, 1
03/24/2020,12:20,7.29,7.29,7.29,7.29, 1
03/24/2020,12:54,7.29,7.29,7.29,7.29, 1
03/24/2020,13:09,7.29,7.29,7.29,7.29, 1
03/24/2020,13:13,7.28,7.29,7.28,7.28, 6
03/24/2020,13:15,7.25,7.25,7.25,7.25, 1
03/24/2020,13:23,7.24,7.24,7.24,7.24, 1
03/24/2020,13:33,7.28,7.28,7.28,7.28, 1
03/24/2020,14:11,7.26,7.26,7.26,7.26, 2
03/24/2020,14:23,7.22,7.22,7.22,7.22, 1
03/24/2020,15:01,7.23,7.23,7.22,7.22, 2
03/24/2020,15:08,7.25,7.26,7.25,7.26, 6
03/24/2020,15:08,7.26,7.26,7.26,7.26, 1
03/24/2020,15:10,7.26,7.26,7.26,7.26, 5
03/24/2020,15:27,7.27,7.27,7.26,7.26, 5
03/24/2020,15:28,7.28,7.28,7.28,7.28, 2
03/24/2020,15:30,7.24,7.24,7.23,7.23, 3
03/24/2020,15:39,7.28,7.28,7.28,7.28, 4
03/24/2020,15:55,7.28,7.28,7.28,7.28, 1
03/24/2020,15:57,7.26,7.26,7.26,7.26, 2
03/24/2020,15:57,7.25,7.25,7.25,7.25, 5
03/24/2020,16:06,7.23,7.23,7.23,7.23, 1
03/24/2020,16:11,7.24,7.24,7.24,7.24, 1
03/24/2020,16:17,7.23,7.23,7.21,7.21, 5
03/24/2020,16:25,7.2,7.2,7.2,7.2, 3
03/24/2020,16:46,7.21,7.21,7.21,7.21, 1
03/24/2020,16:56,7.23,7.23,7.23,7.23, 2
03/24/2020,16:59,7.23,7.23,7.23,7.23, 2
03/24/2020,17:02,7.23,7.24,7.23,7.24, 6
03/24/2020,17:07,7.25,7.29,7.25,7.29, 4
03/24/2020,17:12,7.31,7.32,7.3,7.31, 21
03/24/2020,17:13,7.27,7.27,7.27,7.27, 3
03/24/2020,17:16,7.24,7.24,7.22,7.22, 6
03/24/2020,17:16,7.21,7.21,7.21,7.21, 2
03/24/2020,17:18,7.19,7.2,7.19,7.2, 5
03/24/2020,17:20,7.18,7.19,7.18,7.19, 2
03/24/2020,17:21,7.19,7.19,7.19,7.19, 2
03/24/2020,17:22,7.17,7.17,7.17,7.17, 1
03/24/2020,17:24,7.17,7.17,7.17,7.17, 1
03/24/2020,17:26,7.2,7.2,7.2,7.2, 1
03/24/2020,17:29,7.2,7.2,7.2,7.2, 3
03/24/2020,17:36,7.17,7.17,7.17,7.17, 40
03/25/2020,09:01,7.41,7.41,7.41,7.41, 6
03/25/2020,09:09,7.4,7.4,7.4,7.4, 2
03/25/2020,09:10,7.39,7.39,7.39,7.39, 1
03/25/2020,09:11,7.4,7.4,7.4,7.4, 1
03/25/2020,09:16,7.4,7.4,7.4,7.4, 3
03/25/2020,09:22,7.43,7.48,7.43,7.48, 4
03/25/2020,09:23,7.4,7.4,7.4,7.4, 1
03/25/2020,09:27,7.4,7.4,7.4,7.4, 2
03/25/2020,09:29,7.5,7.55,7.5,7.55, 6
03/25/2020,09:33,7.6,7.6,7.6,7.6, 1
03/25/2020,09:43,7.64,7.64,7.64,7.64, 1
03/25/2020,09:59,7.6,7.6,7.6,7.6, 2
03/25/2020,10:00,7.6,7.6,7.6,7.6, 1
03/25/2020,10:05,7.6,7.6,7.6,7.6, 2
03/25/2020,10:14,7.64,7.68,7.64,7.68, 4
03/25/2020,10:15,7.68,7.68,7.68,7.68, 2
03/25/2020,10:21,7.69,7.69,7.69,7.69, 1
03/25/2020,10:21,7.69,7.69,7.69,7.69, 1
03/25/2020,10:23,7.69,7.69,7.69,7.69, 1
03/25/2020,10:24,7.57,7.57,7.57,7.57, 1
03/25/2020,10:26,7.68,7.74,7.68,7.74, 5
03/25/2020,10:34,7.75,7.75,7.7,7.7, 11
03/25/2020,10:34,7.68,7.68,7.68,7.68, 1
03/25/2020,10:41,7.6,7.6,7.6,7.6, 1
03/25/2020,10:52,7.57,7.57,7.57,7.57, 1
03/25/2020,10:54,7.55,7.73,7.54,7.6, 22
03/25/2020,11:04,7.55,7.55,7.55,7.55, 1
03/25/2020,11:17,7.55,7.55,7.54,7.54, 21
03/25/2020,11:18,7.54,7.54,7.49,7.49, 9
03/25/2020,11:18,7.48,7.48,7.48,7.48, 2
03/25/2020,11:24,7.42,7.42,7.42,7.42, 6
03/25/2020,11:24,7.37,7.37,7.37,7.37, 5
03/25/2020,11:25,7.3,7.3,7.3,7.3, 3
03/25/2020,11:44,7.31,7.31,7.31,7.31, 1
03/25/2020,11:46,7.31,7.31,7.31,7.31, 3
03/25/2020,11:55,7.25,7.26,7.25,7.26, 3
03/25/2020,12:01,7.22,7.22,7.22,7.22, 3
03/25/2020,12:05,7.2,7.2,7.2,7.2, 7
03/25/2020,12:18,7.22,7.22,7.22,7.22, 1
03/25/2020,12:24,7.26,7.26,7.26,7.26, 2
03/25/2020,12:34,7.37,7.37,7.37,7.37, 1
03/25/2020,12:36,7.32,7.32,7.32,7.32, 3
03/25/2020,12:50,7.38,7.38,7.38,7.38, 1
03/25/2020,12:55,7.38,7.38,7.38,7.38, 1
03/25/2020,13:09,7.4,7.4,7.4,7.4, 3
03/25/2020,13:23,7.34,7.34,7.34,7.34, 1
03/25/2020,13:23,7.35,7.35,7.35,7.35, 1
03/25/2020,13:28,7.45,7.45,7.45,7.45, 2
03/25/2020,13:42,7.33,7.33,7.33,7.33, 2
03/25/2020,13:51,7.44,7.49,7.44,7.49, 6
03/25/2020,15:52,7.39,7.39,7.37,7.37, 6
03/25/2020,15:53,7.32,7.32,7.32,7.32, 3
03/25/2020,16:09,7.39,7.39,7.39,7.39, 2
03/25/2020,16:25,7.4,7.4,7.4,7.4, 2
03/25/2020,16:27,7.39,7.39,7.38,7.39, 4
03/25/2020,16:32,7.35,7.35,7.35,7.35, 1
03/25/2020,16:34,7.39,7.39,7.39,7.39, 1
03/25/2020,16:57,7.37,7.4,7.37,7.4, 5
03/25/2020,16:58,7.45,7.5,7.45,7.5, 3
03/25/2020,17:04,7.5,7.5,7.5,7.5, 1
03/25/2020,17:07,7.5,7.5,7.5,7.5, 2
03/25/2020,17:09,7.4,7.4,7.4,7.4, 2
03/25/2020,17:14,7.5,7.5,7.5,7.5, 2
03/25/2020,17:17,7.5,7.5,7.5,7.5, 3
03/25/2020,17:18,7.5,7.5,7.5,7.5, 5
03/25/2020,17:19,7.5,7.5,7.5,7.5, 4
03/25/2020,17:21,7.5,7.5,7.49,7.49, 8
03/25/2020,17:24,7.49,7.49,7.49,7.49, 2
03/25/2020,17:28,7.48,7.5,7.48,7.5, 4
03/25/2020,17:30,7.5,7.6,7.49,7.6, 20
03/25/2020,17:30,7.62,7.62,7.6,7.62, 6
03/25/2020,17:36,7.5,7.5,7.5,7.5, 43
03/26/2020,09:01,7.6,7.6,7.6,7.6, 3
03/26/2020,09:07,7.51,7.51,7.51,7.51, 1
03/26/2020,09:12,7.63,7.66,7.63,7.66, 2
03/26/2020,09:16,7.65,7.71,7.65,7.71, 5
03/26/2020,09:24,7.65,7.72,7.65,7.72, 2
03/26/2020,09:28,7.66,7.66,7.66,7.66, 3
03/26/2020,09:31,7.6,7.65,7.6,7.65, 2
03/26/2020,10:07,7.65,7.65,7.65,7.65, 3
03/26/2020,10:07,7.72,7.72,7.72,7.72, 1
03/26/2020,10:10,7.65,7.72,7.65,7.65, 7
03/26/2020,10:10,7.72,7.72,7.65,7.65, 2
03/26/2020,10:12,7.65,7.65,7.65,7.65, 3
03/26/2020,10:13,7.65,7.65,7.65,7.65, 9
03/26/2020,10:14,7.65,7.65,7.65,7.65, 9
03/26/2020,10:34,7.65,7.65,7.65,7.65, 4
03/26/2020,10:36,7.63,7.63,7.63,7.63, 1
03/26/2020,10:42,7.57,7.57,7.57,7.57, 4
03/26/2020,10:49,7.69,7.69,7.69,7.69, 1
03/26/2020,10:52,7.68,7.68,7.68,7.68, 1
03/26/2020,11:12,7.68,7.68,7.68,7.68, 2
03/26/2020,11:22,7.62,7.65,7.62,7.65, 5
03/26/2020,11:22,7.65,7.65,7.62,7.62, 4
03/26/2020,11:24,7.62,7.62,7.62,7.62, 3
03/26/2020,11:32,7.6,7.6,7.6,7.6, 1
03/26/2020,11:39,7.62,7.62,7.62,7.62, 1
03/26/2020,11:45,7.6,7.6,7.6,7.6, 1
03/26/2020,11:47,7.62,7.62,7.62,7.62, 1
03/26/2020,11:53,7.62,7.66,7.62,7.66, 3
03/26/2020,11:54,7.62,7.62,7.62,7.62, 2
03/26/2020,11:57,7.61,7.66,7.61,7.66, 10
03/26/2020,11:58,7.61,7.67,7.61,7.67, 8
03/26/2020,11:59,7.62,7.62,7.62,7.62, 1
03/26/2020,12:02,7.65,7.65,7.65,7.65, 3
03/26/2020,12:17,7.66,7.66,7.66,7.66, 1
03/26/2020,12:20,7.64,7.64,7.62,7.62, 4
03/26/2020,12:20,7.64,7.66,7.64,7.66, 4
03/26/2020,12:30,7.68,7.68,7.68,7.68, 1
03/26/2020,12:46,7.62,7.62,7.62,7.62, 2
03/26/2020,12:56,7.61,7.61,7.6,7.61, 6
03/26/2020,13:11,7.58,7.58,7.54,7.56, 3
03/26/2020,13:12,7.49,7.49,7.49,7.49, 2
03/26/2020,13:27,7.39,7.39,7.34,7.34, 6
03/26/2020,13:37,7.41,7.41,7.41,7.41, 5
03/26/2020,13:38,7.36,7.36,7.32,7.32, 4
03/26/2020,14:18,7.35,7.41,7.35,7.41, 5
03/26/2020,14:20,7.35,7.35,7.35,7.35, 1
03/26/2020,14:32,7.41,7.48,7.37,7.48, 7
03/26/2020,14:33,7.39,7.39,7.39,7.39, 1
03/26/2020,14:40,7.37,7.37,7.36,7.36, 3
03/26/2020,14:41,7.36,7.36,7.35,7.35, 2
03/26/2020,14:42,7.35,7.35,7.35,7.35, 2
03/26/2020,14:51,7.36,7.36,7.36,7.36, 2
03/26/2020,14:52,7.31,7.33,7.31,7.33, 3
03/26/2020,14:57,7.36,7.36,7.36,7.36, 4
03/26/2020,14:57,7.32,7.35,7.32,7.35, 3
03/26/2020,14:58,7.35,7.35,7.35,7.35, 2
03/26/2020,14:59,7.36,7.36,7.36,7.36, 1
03/26/2020,14:59,7.36,7.36,7.36,7.36, 1
03/26/2020,15:02,7.36,7.36,7.36,7.36, 2
03/26/2020,15:04,7.36,7.4,7.36,7.4, 6
03/26/2020,15:16,7.36,7.36,7.36,7.36, 1
03/26/2020,15:27,7.41,7.41,7.41,7.41, 3
03/26/2020,15:30,7.38,7.38,7.32,7.34, 8
03/26/2020,15:32,7.38,7.38,7.38,7.38, 5
03/26/2020,15:32,7.38,7.38,7.38,7.38, 3
03/26/2020,15:42,7.34,7.34,7.34,7.34, 1
03/26/2020,16:07,7.39,7.39,7.39,7.39, 2
03/26/2020,16:11,7.36,7.36,7.36,7.36, 1
03/26/2020,16:12,7.39,7.39,7.39,7.39, 3
03/26/2020,16:14,7.36,7.36,7.36,7.36, 1
03/26/2020,16:15,7.39,7.39,7.39,7.39, 2
03/26/2020,16:16,7.4,7.41,7.4,7.41, 6
03/26/2020,16:17,7.43,7.43,7.43,7.43, 2
03/26/2020,16:18,7.51,7.52,7.51,7.52, 3
03/26/2020,16:25,7.45,7.45,7.45,7.45, 1
03/26/2020,16:43,7.42,7.45,7.42,7.45, 2
03/26/2020,16:47,7.41,7.41,7.41,7.41, 2
03/26/2020,16:52,7.45,7.45,7.45,7.45, 1
03/26/2020,16:53,7.45,7.45,7.45,7.45, 2
03/26/2020,17:01,7.45,7.45,7.45,7.45, 1
03/26/2020,17:03,7.45,7.55,7.45,7.55, 6
03/26/2020,17:07,7.51,7.51,7.51,7.51, 3
03/26/2020,17:10,7.5,7.5,7.5,7.5, 1
03/26/2020,17:13,7.5,7.5,7.49,7.49, 5
03/26/2020,17:15,7.51,7.51,7.51,7.51, 1
03/26/2020,17:19,7.47,7.47,7.46,7.46, 2
03/26/2020,17:21,7.49,7.49,7.49,7.49, 5
03/26/2020,17:26,7.5,7.55,7.5,7.55, 6
03/26/2020,17:28,7.5,7.5,7.5,7.5, 1
03/26/2020,17:29,7.5,7.5,7.5,7.5, 2
03/26/2020,17:30,7.51,7.51,7.49,7.49, 8
03/26/2020,17:36,7.51,7.51,7.51,7.51, 34
03/27/2020,09:01,7.55,7.56,7.55,7.55, 15
03/27/2020,09:06,7.55,7.55,7.55,7.55, 3
03/27/2020,09:12,7.59,7.59,7.59,7.59, 2
03/27/2020,09:13,7.6,7.6,7.6,7.6, 2
03/27/2020,09:27,7.69,7.69,7.69,7.69, 2
03/27/2020,09:27,7.8,7.8,7.8,7.8, 1
03/27/2020,09:28,7.69,7.69,7.69,7.69, 2
03/27/2020,09:54,7.7,7.7,7.69,7.69, 5
03/27/2020,09:59,7.63,7.63,7.6,7.6, 8
03/27/2020,10:25,7.61,7.61,7.6,7.6, 5
03/27/2020,11:03,7.61,7.61,7.52,7.52, 10
03/27/2020,11:15,7.52,7.52,7.52,7.52, 5
03/27/2020,11:24,7.54,7.54,7.54,7.54, 2
03/27/2020,11:37,7.54,7.54,7.54,7.54, 3
03/27/2020,11:51,7.55,7.55,7.55,7.55, 2
03/27/2020,12:17,7.53,7.53,7.53,7.53, 2
03/27/2020,12:55,7.53,7.53,7.51,7.53, 10
03/27/2020,13:00,7.51,7.51,7.51,7.51, 2
03/27/2020,13:06,7.51,7.51,7.5,7.5, 5
03/27/2020,13:07,7.48,7.51,7.48,7.51, 4
03/27/2020,13:09,7.51,7.51,7.46,7.46, 4
03/27/2020,13:14,7.45,7.45,7.45,7.45, 1
03/27/2020,13:24,7.45,7.45,7.45,7.45, 1
03/27/2020,13:25,7.44,7.44,7.44,7.44, 3
03/27/2020,13:30,7.45,7.45,7.45,7.45, 1
03/27/2020,13:36,7.44,7.44,7.44,7.44, 1
03/27/2020,13:37,7.46,7.46,7.46,7.46, 1
03/27/2020,13:42,7.44,7.44,7.44,7.44, 1
03/27/2020,14:17,7.44,7.44,7.44,7.44, 6
03/27/2020,14:31,7.46,7.46,7.46,7.46, 2
03/27/2020,14:34,7.41,7.41,7.41,7.41, 2
03/27/2020,15:06,7.43,7.43,7.43,7.43, 1
03/27/2020,15:13,7.38,7.38,7.38,7.38, 4
03/27/2020,15:21,7.43,7.43,7.43,7.43, 1
03/27/2020,15:46,7.4,7.4,7.36,7.36, 10
03/27/2020,15:47,7.35,7.35,7.26,7.26, 13
03/27/2020,15:48,7.26,7.26,7.26,7.26, 1
03/27/2020,15:49,7.25,7.25,7.25,7.25, 1
03/27/2020,15:51,7.25,7.25,7.25,7.25, 1
03/27/2020,15:57,7.25,7.26,7.25,7.26, 4
03/27/2020,15:57,7.22,7.22,7.22,7.22, 1
03/27/2020,15:59,7.22,7.22,7.22,7.22, 1
03/27/2020,16:02,7.22,7.22,7.22,7.22, 2
03/27/2020,16:13,7.26,7.26,7.26,7.26, 3
03/27/2020,16:16,7.31,7.31,7.26,7.26, 8
03/27/2020,16:16,7.27,7.27,7.27,7.27, 1
03/27/2020,16:25,7.22,7.22,7.22,7.22, 4
03/27/2020,16:28,7.24,7.3,7.24,7.3, 4
03/27/2020,16:45,7.3,7.3,7.3,7.3, 1
03/27/2020,16:51,7.31,7.31,7.31,7.31, 1
03/27/2020,16:58,7.31,7.35,7.31,7.35, 4
03/27/2020,17:01,7.35,7.39,7.35,7.39, 4
03/27/2020,17:07,7.39,7.41,7.39,7.41, 4
03/27/2020,17:08,7.51,7.51,7.51,7.51, 4
03/27/2020,17:10,7.53,7.53,7.53,7.53, 3
03/27/2020,17:17,7.49,7.49,7.49,7.49, 2
03/27/2020,17:19,7.45,7.45,7.45,7.45, 4
03/27/2020,17:22,7.45,7.45,7.45,7.45, 2
03/27/2020,17:23,7.45,7.45,7.39,7.39, 2
03/27/2020,17:25,7.4,7.4,7.4,7.4, 2
03/27/2020,17:29,7.48,7.48,7.48,7.48, 2
03/27/2020,17:30,7.49,7.49,7.49,7.49, 2
03/27/2020,17:36,7.5,7.5,7.5,7.5, 28
03/30/2020,09:01,7.5,7.5,7.5,7.5, 3
03/30/2020,09:08,7.5,7.5,7.5,7.5, 1
03/30/2020,09:10,7.3,7.3,7.3,7.3, 2
03/30/2020,09:16,7.22,7.22,7.22,7.22, 1
03/30/2020,09:31,7.3,7.3,7.3,7.3, 1
03/30/2020,09:39,7.3,7.3,7.3,7.3, 1
03/30/2020,09:55,7.23,7.23,7.21,7.21, 3
03/30/2020,09:58,7.21,7.21,7.21,7.21, 1
03/30/2020,10:00,7.3,7.3,7.3,7.3, 2
03/30/2020,10:01,7.3,7.3,7.3,7.3, 1
03/30/2020,10:24,7.3,7.3,7.3,7.3, 2
03/30/2020,10:38,7.3,7.3,7.3,7.3, 1
03/30/2020,11:50,7.4,7.43,7.4,7.43, 3
03/30/2020,12:21,7.35,7.35,7.35,7.35, 1
03/30/2020,12:36,7.35,7.35,7.35,7.35, 3
03/30/2020,12:36,7.34,7.34,7.34,7.34, 2
03/30/2020,12:45,7.33,7.34,7.33,7.34, 2
03/30/2020,12:46,7.34,7.34,7.32,7.32, 6
03/30/2020,12:50,7.32,7.32,7.32,7.32, 1
03/30/2020,12:51,7.32,7.32,7.32,7.32, 1
03/30/2020,12:53,7.32,7.32,7.32,7.32, 1
03/30/2020,13:15,7.33,7.33,7.33,7.33, 3
03/30/2020,13:16,7.35,7.35,7.35,7.35, 1
03/30/2020,13:19,7.32,7.32,7.32,7.32, 1
03/30/2020,13:22,7.32,7.32,7.32,7.32, 1
03/30/2020,13:25,7.32,7.32,7.32,7.32, 1
03/30/2020,13:38,7.33,7.33,7.32,7.32, 3
03/30/2020,13:39,7.32,7.32,7.32,7.32, 1
03/30/2020,13:41,7.32,7.32,7.32,7.32, 6
03/30/2020,13:42,7.32,7.32,7.32,7.32, 6
03/30/2020,13:44,7.32,7.32,7.32,7.32, 1
03/30/2020,13:45,7.32,7.32,7.32,7.32, 1
03/30/2020,13:46,7.32,7.32,7.32,7.32, 2
03/30/2020,13:48,7.32,7.32,7.32,7.32, 1
03/30/2020,13:51,7.32,7.32,7.32,7.32, 1
03/30/2020,14:02,7.33,7.33,7.33,7.33, 1
03/30/2020,14:05,7.33,7.33,7.33,7.33, 1
03/30/2020,14:08,7.37,7.4,7.37,7.4, 7
03/30/2020,14:11,7.33,7.33,7.33,7.33, 1
03/30/2020,14:14,7.33,7.33,7.33,7.33, 1
03/30/2020,14:19,7.33,7.33,7.33,7.33, 1
03/30/2020,14:26,7.34,7.34,7.34,7.34, 1
03/30/2020,14:28,7.33,7.33,7.33,7.33, 1
03/30/2020,14:32,7.4,7.41,7.4,7.41, 3
03/30/2020,15:10,7.39,7.39,7.39,7.39, 1
03/30/2020,15:12,7.39,7.39,7.39,7.39, 1
03/30/2020,15:15,7.39,7.39,7.39,7.39, 1
03/30/2020,15:22,7.42,7.44,7.42,7.44, 5
03/30/2020,15:26,7.4,7.44,7.4,7.44, 11
03/30/2020,15:33,7.4,7.4,7.4,7.4, 1
03/30/2020,15:36,7.4,7.4,7.4,7.4, 2
03/30/2020,15:39,7.4,7.4,7.4,7.4, 1
03/30/2020,15:41,7.4,7.4,7.4,7.4, 1
03/30/2020,15:44,7.4,7.4,7.4,7.4, 2
03/30/2020,15:47,7.4,7.4,7.4,7.4, 1
03/30/2020,15:49,7.4,7.4,7.4,7.4, 2
03/30/2020,15:52,7.4,7.4,7.4,7.4, 1
03/30/2020,15:54,7.4,7.4,7.4,7.4, 1
03/30/2020,16:09,7.4,7.4,7.4,7.4, 4
03/30/2020,16:22,7.4,7.4,7.4,7.4, 1
03/30/2020,16:24,7.39,7.39,7.39,7.39, 8
03/30/2020,16:31,7.37,7.37,7.36,7.36, 10
03/30/2020,16:33,7.36,7.36,7.36,7.36, 1
03/30/2020,16:36,7.36,7.36,7.36,7.36, 2
03/30/2020,16:36,7.36,7.36,7.36,7.36, 1
03/30/2020,16:38,7.36,7.36,7.36,7.36, 1
03/30/2020,16:40,7.38,7.38,7.35,7.35, 3
03/30/2020,16:43,7.36,7.36,7.35,7.35, 2
03/30/2020,16:43,7.36,7.36,7.36,7.36, 1
03/30/2020,16:46,7.36,7.36,7.36,7.36, 1
03/30/2020,16:47,7.35,7.35,7.35,7.35, 1
03/30/2020,16:49,7.35,7.35,7.35,7.35, 1
03/30/2020,16:51,7.35,7.35,7.35,7.35, 1
03/30/2020,16:53,7.35,7.36,7.35,7.35, 5
03/30/2020,16:54,7.34,7.34,7.32,7.32, 4
03/30/2020,16:55,7.32,7.32,7.32,7.32, 5
03/30/2020,16:57,7.32,7.32,7.32,7.32, 2
03/30/2020,16:58,7.32,7.32,7.32,7.32, 1
03/30/2020,16:59,7.32,7.32,7.32,7.32, 2
03/30/2020,17:01,7.32,7.32,7.32,7.32, 2
03/30/2020,17:02,7.32,7.35,7.32,7.34, 12
03/30/2020,17:03,7.36,7.36,7.36,7.36, 2
03/30/2020,17:03,7.38,7.38,7.38,7.38, 4
03/30/2020,17:04,7.38,7.38,7.38,7.38, 1
03/30/2020,17:06,7.38,7.38,7.38,7.38, 2
03/30/2020,17:06,7.34,7.34,7.34,7.34, 1
03/30/2020,17:08,7.38,7.38,7.34,7.34, 3
03/30/2020,17:09,7.33,7.33,7.33,7.33, 1
03/30/2020,17:13,7.35,7.35,7.33,7.33, 5
03/30/2020,17:13,7.33,7.33,7.33,7.33, 1
03/30/2020,17:17,7.35,7.35,7.35,7.35, 2
03/30/2020,17:20,7.33,7.33,7.33,7.33, 1
03/30/2020,17:21,7.33,7.38,7.33,7.35, 9
03/30/2020,17:22,7.35,7.35,7.35,7.35, 2
03/30/2020,17:23,7.35,7.35,7.35,7.35, 1
03/30/2020,17:25,7.35,7.4,7.35,7.4, 2
03/30/2020,17:26,7.39,7.39,7.32,7.32, 11
03/30/2020,17:27,7.32,7.32,7.32,7.32, 4
03/30/2020,17:28,7.32,7.34,7.32,7.34, 5
03/30/2020,17:30,7.32,7.33,7.32,7.32, 7
03/30/2020,17:30,7.32,7.37,7.32,7.33, 8
03/30/2020,17:36,7.33,7.33,7.33,7.33, 32
03/31/2020,09:01,7.32,7.32,7.32,7.32, 13
03/31/2020,09:08,7.34,7.44,7.34,7.44, 2
03/31/2020,09:13,7.48,7.5,7.48,7.5, 3
03/31/2020,09:24,7.48,7.49,7.48,7.49, 4
03/31/2020,09:28,7.48,7.48,7.48,7.48, 2
03/31/2020,09:29,7.49,7.49,7.49,7.49, 3
03/31/2020,09:34,7.49,7.49,7.49,7.49, 1
03/31/2020,09:43,7.49,7.5,7.49,7.49, 9
03/31/2020,09:44,7.49,7.49,7.49,7.49, 7
03/31/2020,09:47,7.5,7.53,7.5,7.53, 14
03/31/2020,09:49,7.59,7.59,7.59,7.59, 2
03/31/2020,09:52,7.59,7.59,7.59,7.59, 1
03/31/2020,09:54,7.67,7.67,7.67,7.67, 4
03/31/2020,10:09,7.6,7.6,7.6,7.6, 3
03/31/2020,10:10,7.67,7.67,7.67,7.67, 1
03/31/2020,10:22,7.56,7.56,7.56,7.56, 2
03/31/2020,10:29,7.56,7.56,7.56,7.56, 2
03/31/2020,10:30,7.53,7.54,7.52,7.53, 8
03/31/2020,10:43,7.53,7.53,7.49,7.49, 5
03/31/2020,10:49,7.5,7.5,7.45,7.45, 7
03/31/2020,10:57,7.49,7.49,7.49,7.49, 4
03/31/2020,11:11,7.45,7.45,7.45,7.45, 1
03/31/2020,11:28,7.45,7.45,7.45,7.45, 3
03/31/2020,11:44,7.48,7.48,7.48,7.48, 5
03/31/2020,12:18,7.49,7.49,7.49,7.49, 2
03/31/2020,12:44,7.45,7.45,7.41,7.41, 8
03/31/2020,13:06,7.41,7.41,7.4,7.41, 5
03/31/2020,13:11,7.4,7.4,7.33,7.33, 21
03/31/2020,13:13,7.33,7.33,7.32,7.32, 7
03/31/2020,13:17,7.32,7.32,7.29,7.29, 16
03/31/2020,13:19,7.3,7.31,7.3,7.3, 3
03/31/2020,13:44,7.3,7.3,7.26,7.26, 7
03/31/2020,13:44,7.26,7.26,7.25,7.25, 3
03/31/2020,13:51,7.25,7.25,7.23,7.23, 3
03/31/2020,13:51,7.23,7.23,7.23,7.23, 2
03/31/2020,14:06,7.28,7.28,7.28,7.28, 1
03/31/2020,14:18,7.26,7.26,7.26,7.26, 1
03/31/2020,14:47,7.27,7.27,7.25,7.25, 9
03/31/2020,14:53,7.27,7.27,7.27,7.27, 5
03/31/2020,14:57,7.26,7.26,7.22,7.22, 13
03/31/2020,14:58,7.22,7.22,7.2,7.2, 16
03/31/2020,15:03,7.24,7.24,7.24,7.24, 8
03/31/2020,15:15,7.24,7.24,7.24,7.24, 3
03/31/2020,15:25,7.24,7.26,7.24,7.26, 17
03/31/2020,15:31,7.28,7.35,7.28,7.28, 12
03/31/2020,15:31,7.26,7.26,7.26,7.26, 1
03/31/2020,15:33,7.28,7.28,7.28,7.28, 3
03/31/2020,15:35,7.29,7.29,7.29,7.29, 3
03/31/2020,15:38,7.31,7.31,7.31,7.31, 4
03/31/2020,15:41,7.31,7.31,7.31,7.31, 1
03/31/2020,15:46,7.33,7.33,7.31,7.31, 5
03/31/2020,15:50,7.29,7.29,7.26,7.26, 10
03/31/2020,15:50,7.26,7.26,7.26,7.26, 1
03/31/2020,15:54,7.28,7.28,7.28,7.28, 2
03/31/2020,15:58,7.28,7.28,7.26,7.26, 9
03/31/2020,15:59,7.26,7.26,7.26,7.26, 1
03/31/2020,16:03,7.26,7.26,7.26,7.26, 9
03/31/2020,16:06,7.26,7.26,7.26,7.26, 5
03/31/2020,16:08,7.28,7.29,7.28,7.28, 8
03/31/2020,16:14,7.32,7.32,7.32,7.32, 1
03/31/2020,16:22,7.32,7.32,7.32,7.32, 6
03/31/2020,16:25,7.33,7.36,7.33,7.33, 5
03/31/2020,16:29,7.38,7.38,7.38,7.38, 2
03/31/2020,16:30,7.4,7.4,7.4,7.4, 5
03/31/2020,16:32,7.41,7.42,7.41,7.41, 7
03/31/2020,16:38,7.43,7.43,7.38,7.38, 5
03/31/2020,16:46,7.43,7.43,7.43,7.43, 3
03/31/2020,16:47,7.43,7.43,7.43,7.43, 1
03/31/2020,16:52,7.43,7.44,7.43,7.44, 3
03/31/2020,16:55,7.43,7.43,7.43,7.43, 3
03/31/2020,16:57,7.45,7.45,7.4,7.4, 15
03/31/2020,16:57,7.4,7.45,7.37,7.39, 22
03/31/2020,16:58,7.37,7.4,7.37,7.4, 13
03/31/2020,17:00,7.42,7.42,7.42,7.42, 2
03/31/2020,17:08,7.39,7.39,7.38,7.38, 6
03/31/2020,17:13,7.39,7.39,7.39,7.39, 1
03/31/2020,17:14,7.42,7.42,7.42,7.42, 2
03/31/2020,17:17,7.42,7.42,7.42,7.42, 4
03/31/2020,17:21,7.41,7.41,7.41,7.41, 2
03/31/2020,17:22,7.44,7.44,7.44,7.44, 2
03/31/2020,17:23,7.44,7.44,7.44,7.44, 1
03/31/2020,17:26,7.44,7.44,7.44,7.44, 3
03/31/2020,17:28,7.41,7.46,7.37,7.44, 23
03/31/2020,17:29,7.44,7.44,7.44,7.44, 2
03/31/2020,17:30,7.44,7.44,7.44,7.44, 4
03/31/2020,17:30,7.45,7.45,7.45,7.45, 1
03/31/2020,17:36,7.42,7.42,7.42,7.42, 36

