04/01/2020,09:01,13.07,13.07,13.07,13.07, 1991
04/01/2020,09:02,12.97,12.97,12.88,12.88, 770
04/01/2020,09:05,12.88,12.88,12.88,12.88, 228
04/01/2020,09:08,12.85,12.89,12.85,12.89, 1187
04/01/2020,09:12,12.86,12.86,12.84,12.84, 1774
04/01/2020,09:13,12.81,12.92,12.81,12.92, 2462
04/01/2020,09:14,12.96,12.96,12.96,12.96, 74
04/01/2020,09:14,12.95,12.96,12.95,12.96, 489
04/01/2020,09:16,12.93,12.93,12.92,12.92, 775
04/01/2020,09:19,12.93,12.95,12.93,12.95, 932
04/01/2020,09:20,12.95,12.96,12.95,12.96, 600
04/01/2020,09:20,12.96,12.99,12.96,12.99, 1327
04/01/2020,09:21,13,13.02,13,13.02, 376
04/01/2020,09:22,13.04,13.04,13.04,13.04, 16
04/01/2020,09:24,13.01,13.01,12.93,12.93, 2665
04/01/2020,09:32,12.93,12.94,12.93,12.94, 1798
04/01/2020,09:33,12.91,12.94,12.91,12.93, 3057
04/01/2020,09:37,12.95,12.95,12.95,12.95, 273
04/01/2020,09:37,12.97,12.97,12.97,12.97, 221
04/01/2020,09:42,12.96,12.96,12.9,12.93, 1988
04/01/2020,09:42,12.92,12.92,12.92,12.92, 300
04/01/2020,09:46,12.89,12.89,12.87,12.87, 500
04/01/2020,09:49,12.9,12.9,12.9,12.9, 150
04/01/2020,09:52,12.9,12.92,12.9,12.92, 891
04/01/2020,09:55,12.93,12.95,12.93,12.95, 1050
04/01/2020,09:56,12.97,12.97,12.97,12.97, 736
04/01/2020,09:58,12.96,12.96,12.96,12.96, 737
04/01/2020,10:00,12.94,12.97,12.94,12.97, 1181
04/01/2020,10:00,12.96,12.96,12.96,12.96, 59
04/01/2020,10:04,12.99,12.99,12.99,12.99, 41
04/01/2020,10:08,13,13,13,13, 511
04/01/2020,10:18,12.99,12.99,12.97,12.97, 1153
04/01/2020,10:20,12.94,12.94,12.93,12.93, 587
04/01/2020,10:21,12.9,12.9,12.89,12.89, 455
04/01/2020,10:27,12.85,12.85,12.85,12.85, 127
04/01/2020,10:28,12.83,12.83,12.83,12.83, 416
04/01/2020,10:29,12.82,12.82,12.81,12.81, 1422
04/01/2020,10:30,12.8,12.81,12.8,12.81, 695
04/01/2020,10:30,12.82,12.84,12.81,12.84, 3642
04/01/2020,10:40,12.82,12.82,12.81,12.81, 846
04/01/2020,10:41,12.76,12.76,12.76,12.76, 300
04/01/2020,10:48,12.79,12.81,12.79,12.81, 872
04/01/2020,10:49,12.8,12.8,12.8,12.8, 172
04/01/2020,10:53,12.79,12.79,12.79,12.79, 355
04/01/2020,10:56,12.78,12.78,12.77,12.77, 919
04/01/2020,10:56,12.78,12.78,12.78,12.78, 133
04/01/2020,10:59,12.8,12.8,12.8,12.8, 300
04/01/2020,11:00,12.83,12.83,12.83,12.83, 200
04/01/2020,11:01,12.85,12.85,12.85,12.85, 14
04/01/2020,11:06,12.85,12.9,12.85,12.9, 3687
04/01/2020,11:07,12.88,12.88,12.88,12.88, 204
04/01/2020,11:08,12.88,12.88,12.88,12.88, 27
04/01/2020,11:11,12.88,12.89,12.88,12.89, 1098
04/01/2020,11:15,12.91,12.92,12.84,12.84, 11749
04/01/2020,11:17,12.83,12.83,12.83,12.83, 185
04/01/2020,11:24,12.82,12.82,12.82,12.82, 817
04/01/2020,11:30,12.82,12.82,12.82,12.82, 807
04/01/2020,11:30,12.82,12.83,12.82,12.83, 230
04/01/2020,11:37,12.81,12.81,12.79,12.79, 1469
04/01/2020,11:41,12.8,12.82,12.8,12.82, 929
04/01/2020,11:50,12.84,12.85,12.84,12.85, 808
04/01/2020,11:52,12.86,12.87,12.86,12.87, 677
04/01/2020,11:56,12.85,12.86,12.85,12.86, 713
04/01/2020,11:58,12.87,12.87,12.87,12.87, 542
04/01/2020,12:02,12.87,12.87,12.86,12.86, 1139
04/01/2020,12:04,12.83,12.83,12.83,12.83, 45
04/01/2020,12:07,12.86,12.86,12.84,12.84, 818
04/01/2020,12:09,12.84,12.84,12.81,12.81, 1522
04/01/2020,12:09,12.85,12.85,12.81,12.81, 962
04/01/2020,12:17,12.82,12.83,12.82,12.82, 1172
04/01/2020,12:23,12.83,12.83,12.79,12.79, 1408
04/01/2020,12:25,12.78,12.78,12.74,12.74, 1815
04/01/2020,12:30,12.76,12.76,12.76,12.76, 66
04/01/2020,12:31,12.78,12.78,12.78,12.78, 227
04/01/2020,12:32,12.77,12.78,12.76,12.76, 1996
04/01/2020,12:36,12.78,12.78,12.78,12.78, 394
04/01/2020,12:41,12.8,12.81,12.77,12.77, 1947
04/01/2020,12:42,12.77,12.77,12.74,12.74, 659
04/01/2020,12:43,12.74,12.74,12.74,12.74, 175
04/01/2020,12:44,12.72,12.72,12.7,12.7, 546
04/01/2020,12:45,12.7,12.7,12.7,12.7, 448
04/01/2020,12:48,12.72,12.72,12.72,12.72, 298
04/01/2020,12:48,12.7,12.7,12.7,12.7, 195
04/01/2020,12:54,12.7,12.7,12.65,12.65, 3684
04/01/2020,12:55,12.68,12.7,12.66,12.66, 2378
04/01/2020,12:55,12.66,12.66,12.65,12.65, 260
04/01/2020,13:03,12.69,12.69,12.65,12.65, 1307
04/01/2020,13:05,12.63,12.67,12.63,12.66, 985
04/01/2020,13:06,12.62,12.62,12.62,12.62, 210
04/01/2020,13:07,12.66,12.66,12.65,12.65, 914
04/01/2020,13:11,12.63,12.63,12.63,12.63, 181
04/01/2020,13:13,12.64,12.65,12.64,12.65, 303
04/01/2020,13:16,12.65,12.69,12.65,12.69, 1124
04/01/2020,13:17,12.69,12.69,12.67,12.67, 354
04/01/2020,13:19,12.69,12.69,12.66,12.69, 2913
04/01/2020,13:23,12.65,12.65,12.65,12.65, 51
04/01/2020,13:26,12.67,12.67,12.66,12.66, 593
04/01/2020,13:29,12.68,12.68,12.68,12.68, 157
04/01/2020,13:31,12.69,12.7,12.68,12.68, 1375
04/01/2020,13:32,12.71,12.71,12.71,12.71, 262
04/01/2020,13:34,12.72,12.72,12.72,12.72, 271
04/01/2020,13:39,12.7,12.7,12.7,12.7, 1148
04/01/2020,13:40,12.71,12.72,12.71,12.72, 766
04/01/2020,13:41,12.7,12.7,12.7,12.7, 182
04/01/2020,13:43,12.71,12.71,12.71,12.71, 11
04/01/2020,13:46,12.7,12.7,12.7,12.7, 595
04/01/2020,13:49,12.68,12.68,12.67,12.67, 373
04/01/2020,13:49,12.66,12.66,12.66,12.66, 129
04/01/2020,13:54,12.66,12.66,12.66,12.66, 62
04/01/2020,13:55,12.69,12.69,12.69,12.69, 235
04/01/2020,13:59,12.69,12.71,12.69,12.7, 537
04/01/2020,14:02,12.68,12.68,12.68,12.68, 66
04/01/2020,14:04,12.69,12.74,12.69,12.74, 2553
04/01/2020,14:08,12.73,12.73,12.72,12.72, 705
04/01/2020,14:12,12.72,12.72,12.72,12.72, 606
04/01/2020,14:16,12.73,12.76,12.73,12.76, 1574
04/01/2020,14:19,12.78,12.78,12.76,12.76, 1508
04/01/2020,14:20,12.77,12.77,12.77,12.77, 2129
04/01/2020,14:25,12.75,12.75,12.75,12.75, 490
04/01/2020,14:30,12.77,12.78,12.77,12.78, 407
04/01/2020,14:31,12.79,12.8,12.79,12.8, 931
04/01/2020,14:31,12.81,12.81,12.81,12.81, 814
04/01/2020,14:32,12.81,12.83,12.81,12.82, 1193
04/01/2020,14:34,12.81,12.81,12.81,12.81, 911
04/01/2020,14:37,12.81,12.81,12.81,12.81, 11
04/01/2020,14:38,12.82,12.82,12.82,12.82, 27
04/01/2020,14:41,12.83,12.83,12.83,12.83, 875
04/01/2020,14:47,12.85,12.86,12.85,12.86, 917
04/01/2020,14:49,12.84,12.84,12.83,12.83, 1615
04/01/2020,14:50,12.81,12.81,12.8,12.8, 813
04/01/2020,14:50,12.8,12.83,12.8,12.83, 1413
04/01/2020,14:52,12.84,12.84,12.84,12.84, 18
04/01/2020,15:00,12.83,12.83,12.81,12.82, 3222
04/01/2020,15:06,12.79,12.8,12.79,12.79, 3653
04/01/2020,15:07,12.79,12.8,12.78,12.8, 4245
04/01/2020,15:08,12.79,12.79,12.79,12.79, 726
04/01/2020,15:09,12.79,12.79,12.79,12.79, 72
04/01/2020,15:10,12.8,12.8,12.79,12.79, 899
04/01/2020,15:10,12.78,12.78,12.78,12.78, 567
04/01/2020,15:13,12.77,12.78,12.75,12.75, 3316
04/01/2020,15:13,12.76,12.76,12.76,12.76, 710
04/01/2020,15:15,12.76,12.76,12.76,12.76, 300
04/01/2020,15:17,12.76,12.76,12.75,12.75, 751
04/01/2020,15:18,12.73,12.73,12.71,12.71, 511
04/01/2020,15:20,12.73,12.73,12.73,12.73, 220
04/01/2020,15:21,12.73,12.73,12.66,12.66, 11287
04/01/2020,15:23,12.69,12.7,12.68,12.68, 1246
04/01/2020,15:24,12.68,12.68,12.66,12.66, 927
04/01/2020,15:24,12.66,12.66,12.63,12.63, 970
04/01/2020,15:26,12.64,12.64,12.64,12.64, 50
04/01/2020,15:28,12.64,12.64,12.64,12.64, 494
04/01/2020,15:29,12.64,12.64,12.62,12.63, 3216
04/01/2020,15:29,12.62,12.62,12.61,12.61, 931
04/01/2020,15:30,12.62,12.65,12.62,12.65, 2035
04/01/2020,15:32,12.64,12.64,12.64,12.64, 652
04/01/2020,15:32,12.65,12.65,12.65,12.65, 812
04/01/2020,15:33,12.66,12.66,12.65,12.65, 804
04/01/2020,15:34,12.64,12.64,12.63,12.64, 591
04/01/2020,15:35,12.64,12.64,12.64,12.64, 334
04/01/2020,15:36,12.64,12.64,12.64,12.64, 2192
04/01/2020,15:36,12.64,12.64,12.64,12.64, 292
04/01/2020,15:37,12.66,12.69,12.66,12.69, 992
04/01/2020,15:38,12.71,12.71,12.71,12.71, 104
04/01/2020,15:38,12.72,12.74,12.72,12.74, 628
04/01/2020,15:40,12.73,12.75,12.73,12.75, 1161
04/01/2020,15:41,12.74,12.74,12.74,12.74, 146
04/01/2020,15:43,12.74,12.74,12.74,12.74, 119
04/01/2020,15:47,12.73,12.73,12.71,12.71, 834
04/01/2020,15:48,12.73,12.73,12.73,12.73, 7
04/01/2020,15:51,12.73,12.73,12.73,12.73, 820
04/01/2020,15:53,12.71,12.73,12.71,12.73, 978
04/01/2020,15:54,12.74,12.75,12.74,12.75, 678
04/01/2020,15:55,12.75,12.75,12.75,12.75, 170
04/01/2020,15:59,12.77,12.77,12.74,12.74, 1758
04/01/2020,16:00,12.73,12.73,12.73,12.73, 1103
04/01/2020,16:02,12.72,12.72,12.72,12.72, 782
04/01/2020,16:05,12.72,12.72,12.72,12.72, 56
04/01/2020,16:05,12.73,12.74,12.73,12.74, 845
04/01/2020,16:06,12.72,12.72,12.71,12.71, 919
04/01/2020,16:11,12.71,12.71,12.71,12.71, 762
04/01/2020,16:13,12.72,12.72,12.72,12.72, 652
04/01/2020,16:13,12.72,12.72,12.72,12.72, 300
04/01/2020,16:15,12.72,12.72,12.7,12.7, 564
04/01/2020,16:17,12.73,12.74,12.73,12.74, 481
04/01/2020,16:20,12.73,12.74,12.73,12.74, 1190
04/01/2020,16:21,12.73,12.73,12.73,12.73, 462
04/01/2020,16:22,12.74,12.74,12.74,12.74, 300
04/01/2020,16:24,12.73,12.73,12.73,12.73, 123
04/01/2020,16:25,12.74,12.74,12.71,12.71, 795
04/01/2020,16:26,12.71,12.71,12.7,12.7, 163
04/01/2020,16:28,12.69,12.69,12.69,12.69, 935
04/01/2020,16:29,12.67,12.69,12.67,12.69, 941
04/01/2020,16:29,12.7,12.7,12.69,12.69, 1360
04/01/2020,16:31,12.68,12.68,12.68,12.68, 1132
04/01/2020,16:32,12.69,12.69,12.69,12.69, 817
04/01/2020,16:34,12.7,12.71,12.7,12.71, 995
04/01/2020,16:34,12.72,12.72,12.72,12.72, 411
04/01/2020,16:36,12.71,12.71,12.71,12.71, 780
04/01/2020,16:37,12.7,12.72,12.7,12.72, 1600
04/01/2020,16:37,12.71,12.71,12.7,12.7, 446
04/01/2020,16:38,12.71,12.71,12.71,12.71, 7
04/01/2020,16:41,12.72,12.72,12.72,12.72, 345
04/01/2020,16:42,12.72,12.72,12.71,12.71, 717
04/01/2020,16:42,12.7,12.7,12.7,12.7, 136
04/01/2020,16:44,12.71,12.73,12.71,12.72, 924
04/01/2020,16:45,12.72,12.72,12.71,12.71, 144
04/01/2020,16:46,12.7,12.7,12.7,12.7, 61
04/01/2020,16:49,12.73,12.74,12.73,12.74, 2621
04/01/2020,16:50,12.7,12.7,12.69,12.69, 712
04/01/2020,16:51,12.69,12.69,12.69,12.69, 952
04/01/2020,16:52,12.69,12.69,12.67,12.67, 3641
04/01/2020,16:54,12.66,12.66,12.65,12.66, 624
04/01/2020,16:56,12.64,12.64,12.62,12.64, 560
04/01/2020,16:58,12.64,12.64,12.62,12.64, 1901
04/01/2020,17:02,12.65,12.65,12.65,12.65, 1130
04/01/2020,17:02,12.64,12.64,12.63,12.63, 1440
04/01/2020,17:03,12.64,12.64,12.64,12.64, 827
04/01/2020,17:04,12.65,12.65,12.65,12.65, 636
04/01/2020,17:05,12.66,12.66,12.66,12.66, 682
04/01/2020,17:06,12.64,12.64,12.64,12.64, 71
04/01/2020,17:08,12.64,12.64,12.64,12.64, 71
04/01/2020,17:10,12.66,12.66,12.66,12.66, 114
04/01/2020,17:11,12.67,12.68,12.67,12.68, 846
04/01/2020,17:15,12.68,12.68,12.65,12.65, 1960
04/01/2020,17:16,12.64,12.64,12.64,12.64, 130
04/01/2020,17:17,12.64,12.66,12.64,12.66, 1767
04/01/2020,17:19,12.67,12.67,12.65,12.65, 1150
04/01/2020,17:19,12.66,12.66,12.66,12.66, 377
04/01/2020,17:21,12.65,12.65,12.64,12.64, 1733
04/01/2020,17:21,12.64,12.65,12.64,12.65, 761
04/01/2020,17:24,12.63,12.63,12.58,12.58, 3357
04/01/2020,17:25,12.57,12.58,12.55,12.55, 2085
04/01/2020,17:26,12.57,12.57,12.53,12.54, 3600
04/01/2020,17:27,12.54,12.56,12.53,12.53, 3053
04/01/2020,17:29,12.55,12.55,12.48,12.51, 8283
04/01/2020,17:30,12.5,12.5,12.48,12.48, 4422
04/01/2020,17:30,12.46,12.47,12.44,12.44, 359
04/01/2020,17:31,12.44,12.44,12.44,12.44, 3
04/01/2020,17:36,12.44,12.44,12.44,12.44, 89875
04/02/2020,09:01,12.32,12.38,12.32,12.38, 1351
04/02/2020,09:02,12.37,12.4,12.37,12.4, 569
04/02/2020,09:05,12.48,12.48,12.42,12.42, 8433
04/02/2020,09:06,12.43,12.45,12.42,12.45, 4416
04/02/2020,09:09,12.45,12.49,12.44,12.49, 2365
04/02/2020,09:26,12.56,12.65,12.56,12.6, 35973
04/02/2020,09:27,12.6,12.6,12.55,12.6, 5332
04/02/2020,09:27,12.59,12.6,12.58,12.6, 459
04/02/2020,09:32,12.5,12.51,12.48,12.48, 797
04/02/2020,09:32,12.5,12.5,12.5,12.5, 949
04/02/2020,09:33,12.49,12.49,12.49,12.49, 814
04/02/2020,09:40,12.47,12.47,12.47,12.47, 100
04/02/2020,09:44,12.44,12.44,12.43,12.43, 149
04/02/2020,09:58,12.4,12.44,12.4,12.44, 2107
04/02/2020,10:00,12.43,12.45,12.43,12.43, 394
04/02/2020,10:01,12.44,12.44,12.42,12.42, 1724
04/02/2020,10:01,12.42,12.42,12.42,12.42, 201
04/02/2020,10:04,12.43,12.43,12.43,12.43, 79
04/02/2020,10:04,12.44,12.45,12.44,12.45, 912
04/02/2020,10:10,12.44,12.44,12.44,12.44, 812
04/02/2020,10:20,12.46,12.49,12.46,12.49, 606
04/02/2020,10:21,12.48,12.48,12.47,12.47, 676
04/02/2020,10:22,12.47,12.49,12.44,12.44, 3144
04/02/2020,10:23,12.45,12.45,12.45,12.45, 2396
04/02/2020,10:24,12.44,12.51,12.44,12.5, 6827
04/02/2020,10:25,12.46,12.46,12.46,12.46, 227
04/02/2020,10:30,12.43,12.43,12.39,12.39, 1636
04/02/2020,10:33,12.36,12.36,12.36,12.36, 300
04/02/2020,10:35,12.35,12.35,12.35,12.35, 303
04/02/2020,10:35,12.36,12.37,12.36,12.37, 624
04/02/2020,10:42,12.35,12.35,12.34,12.34, 648
04/02/2020,10:44,12.31,12.31,12.28,12.28, 281
04/02/2020,10:52,12.3,12.31,12.3,12.31, 483
04/02/2020,10:53,12.32,12.32,12.32,12.32, 95
04/02/2020,10:56,12.3,12.3,12.3,12.3, 133
04/02/2020,11:01,12.3,12.32,12.3,12.32, 434
04/02/2020,11:03,12.32,12.33,12.32,12.33, 475
04/02/2020,11:05,12.34,12.4,12.34,12.4, 1032
04/02/2020,11:07,12.39,12.42,12.39,12.41, 2610
04/02/2020,11:08,12.43,12.44,12.43,12.44, 1455
04/02/2020,11:09,12.44,12.44,12.44,12.44, 272
04/02/2020,11:11,12.46,12.48,12.46,12.46, 2473
04/02/2020,11:13,12.46,12.46,12.45,12.45, 977
04/02/2020,11:20,12.47,12.47,12.47,12.47, 1134
04/02/2020,11:27,12.47,12.47,12.47,12.47, 67
04/02/2020,11:27,12.46,12.46,12.45,12.45, 142
04/02/2020,11:31,12.43,12.43,12.42,12.42, 34
04/02/2020,11:36,12.41,12.41,12.41,12.41, 5
04/02/2020,11:42,12.38,12.38,12.38,12.38, 173
04/02/2020,11:48,12.37,12.39,12.37,12.38, 1554
04/02/2020,11:51,12.38,12.42,12.38,12.42, 1842
04/02/2020,11:51,12.42,12.43,12.42,12.43, 522
04/02/2020,11:53,12.43,12.43,12.43,12.43, 330
04/02/2020,11:59,12.41,12.41,12.41,12.41, 228
04/02/2020,11:59,12.41,12.41,12.39,12.39, 1239
04/02/2020,12:02,12.37,12.37,12.37,12.37, 128
04/02/2020,12:04,12.39,12.43,12.39,12.43, 4387
04/02/2020,12:14,12.44,12.45,12.43,12.44, 1187
04/02/2020,12:20,12.42,12.43,12.42,12.43, 2444
04/02/2020,12:23,12.45,12.46,12.45,12.46, 676
04/02/2020,12:24,12.46,12.46,12.46,12.46, 3
04/02/2020,12:29,12.47,12.47,12.46,12.46, 1759
04/02/2020,12:33,12.47,12.49,12.47,12.49, 483
04/02/2020,12:45,12.5,12.52,12.5,12.52, 286
04/02/2020,12:49,12.53,12.56,12.52,12.52, 3722
04/02/2020,12:50,12.54,12.54,12.52,12.52, 816
04/02/2020,12:52,12.54,12.55,12.54,12.55, 770
04/02/2020,12:55,12.54,12.54,12.54,12.54, 416
04/02/2020,13:00,12.55,12.56,12.55,12.56, 316
04/02/2020,13:03,12.53,12.53,12.53,12.53, 371
04/02/2020,13:05,12.55,12.56,12.55,12.56, 603
04/02/2020,13:06,12.55,12.58,12.52,12.58, 24656
04/02/2020,13:07,12.58,12.58,12.55,12.57, 2227
04/02/2020,13:08,12.57,12.57,12.49,12.51, 27603
04/02/2020,13:09,12.52,12.52,12.5,12.5, 807
04/02/2020,13:10,12.49,12.49,12.44,12.44, 6119
04/02/2020,13:11,12.43,12.43,12.42,12.42, 428
04/02/2020,13:12,12.41,12.41,12.38,12.38, 4905
04/02/2020,13:12,12.39,12.39,12.39,12.39, 800
04/02/2020,13:16,12.39,12.4,12.39,12.4, 1104
04/02/2020,13:21,12.41,12.42,12.41,12.42, 554
04/02/2020,13:21,12.42,12.43,12.42,12.42, 2719
04/02/2020,13:28,12.38,12.38,12.35,12.36, 2647
04/02/2020,13:29,12.38,12.38,12.38,12.38, 540
04/02/2020,13:30,12.39,12.39,12.39,12.39, 68
04/02/2020,13:32,12.39,12.4,12.38,12.38, 2300
04/02/2020,13:33,12.37,12.37,12.36,12.36, 438
04/02/2020,13:41,12.35,12.35,12.35,12.35, 163
04/02/2020,13:42,12.35,12.35,12.35,12.35, 305
04/02/2020,13:44,12.36,12.36,12.36,12.36, 235
04/02/2020,13:45,12.35,12.35,12.34,12.34, 124
04/02/2020,13:46,12.34,12.34,12.34,12.34, 172
04/02/2020,13:50,12.34,12.34,12.33,12.33, 500
04/02/2020,13:55,12.32,12.32,12.32,12.32, 51
04/02/2020,13:57,12.35,12.37,12.35,12.37, 2794
04/02/2020,13:57,12.35,12.35,12.35,12.35, 2292
04/02/2020,13:58,12.36,12.37,12.36,12.37, 3899
04/02/2020,14:00,12.37,12.37,12.37,12.37, 384
04/02/2020,14:08,12.31,12.31,12.3,12.3, 4178
04/02/2020,14:10,12.3,12.32,12.3,12.32, 2348
04/02/2020,14:11,12.34,12.34,12.34,12.34, 267
04/02/2020,14:15,12.33,12.33,12.33,12.33, 300
04/02/2020,14:16,12.34,12.34,12.34,12.34, 162
04/02/2020,14:27,12.3,12.3,12.3,12.3, 56
04/02/2020,14:31,12.32,12.32,12.32,12.32, 1628
04/02/2020,14:32,12.3,12.3,12.3,12.3, 2
04/02/2020,14:33,12.31,12.32,12.31,12.32, 1000
04/02/2020,14:35,12.31,12.31,12.28,12.28, 7659
04/02/2020,14:36,12.28,12.28,12.27,12.27, 284
04/02/2020,14:40,12.25,12.25,12.23,12.23, 1240
04/02/2020,14:42,12.2,12.2,12.18,12.18, 10480
04/02/2020,14:43,12.17,12.18,12.16,12.18, 3236
04/02/2020,14:44,12.19,12.22,12.19,12.22, 1813
04/02/2020,14:45,12.23,12.23,12.2,12.2, 3149
04/02/2020,14:46,12.2,12.2,12.2,12.2, 458
04/02/2020,14:48,12.2,12.2,12.18,12.2, 704
04/02/2020,14:51,12.21,12.22,12.21,12.22, 1514
04/02/2020,14:52,12.21,12.21,12.18,12.2, 3500
04/02/2020,14:54,12.2,12.2,12.2,12.2, 132
04/02/2020,14:59,12.18,12.19,12.18,12.19, 480
04/02/2020,15:00,12.18,12.18,12.18,12.18, 141
04/02/2020,15:03,12.18,12.18,12.18,12.18, 627
04/02/2020,15:04,12.16,12.16,12.16,12.16, 605
04/02/2020,15:08,12.15,12.15,12.13,12.13, 874
04/02/2020,15:09,12.13,12.13,12.13,12.13, 45
04/02/2020,15:10,12.13,12.13,12.12,12.12, 329
04/02/2020,15:14,12.09,12.12,12.09,12.12, 1629
04/02/2020,15:15,12.1,12.11,12.1,12.11, 169
04/02/2020,15:17,12.14,12.18,12.14,12.16, 2839
04/02/2020,15:19,12.16,12.16,12.16,12.16, 117
04/02/2020,15:20,12.16,12.16,12.16,12.16, 507
04/02/2020,15:24,12.17,12.17,12.17,12.17, 224
04/02/2020,15:26,12.16,12.16,12.16,12.16, 130
04/02/2020,15:29,12.14,12.14,12.14,12.14, 1444
04/02/2020,15:31,12.14,12.17,12.14,12.16, 1443
04/02/2020,15:33,12.16,12.16,12.16,12.16, 490
04/02/2020,15:35,12.15,12.15,12.15,12.15, 51
04/02/2020,15:36,12.18,12.19,12.18,12.19, 571
04/02/2020,15:39,12.2,12.21,12.2,12.21, 398
04/02/2020,15:40,12.2,12.2,12.2,12.2, 172
04/02/2020,15:41,12.18,12.18,12.18,12.18, 984
04/02/2020,15:42,12.16,12.16,12.16,12.16, 511
04/02/2020,15:44,12.15,12.15,12.15,12.15, 629
04/02/2020,15:46,12.13,12.13,12.13,12.13, 59
04/02/2020,15:48,12.13,12.13,12.13,12.13, 242
04/02/2020,15:49,12.15,12.17,12.15,12.17, 1122
04/02/2020,15:50,12.18,12.2,12.18,12.2, 978
04/02/2020,15:51,12.21,12.21,12.21,12.21, 128
04/02/2020,15:54,12.2,12.2,12.2,12.2, 56
04/02/2020,15:55,12.2,12.2,12.19,12.19, 664
04/02/2020,15:56,12.19,12.24,12.19,12.24, 1235
04/02/2020,15:58,12.25,12.25,12.25,12.25, 387
04/02/2020,16:01,12.24,12.25,12.23,12.25, 2772
04/02/2020,16:03,12.26,12.26,12.26,12.26, 272
04/02/2020,16:03,12.26,12.26,12.26,12.26, 350
04/02/2020,16:04,12.25,12.25,12.25,12.25, 59
04/02/2020,16:05,12.25,12.25,12.25,12.25, 54
04/02/2020,16:06,12.25,12.25,12.25,12.25, 896
04/02/2020,16:09,12.27,12.37,12.27,12.3, 21809
04/02/2020,16:10,12.37,12.37,12.33,12.34, 3309
04/02/2020,16:10,12.33,12.33,12.33,12.33, 171
04/02/2020,16:11,12.34,12.34,12.33,12.33, 1834
04/02/2020,16:12,12.31,12.31,12.31,12.31, 434
04/02/2020,16:15,12.28,12.31,12.28,12.31, 2894
04/02/2020,16:19,12.28,12.28,12.28,12.28, 54
04/02/2020,16:20,12.28,12.28,12.28,12.28, 211
04/02/2020,16:26,12.22,12.22,12.22,12.22, 634
04/02/2020,16:26,12.22,12.22,12.22,12.22, 79
04/02/2020,16:27,12.25,12.28,12.25,12.28, 3740
04/02/2020,16:28,12.28,12.28,12.28,12.28, 188
04/02/2020,16:30,12.29,12.29,12.29,12.29, 742
04/02/2020,16:32,12.29,12.3,12.29,12.3, 438
04/02/2020,16:32,12.32,12.32,12.32,12.32, 321
04/02/2020,16:33,12.33,12.33,12.32,12.32, 1570
04/02/2020,16:33,12.31,12.31,12.31,12.31, 555
04/02/2020,16:34,12.3,12.3,12.3,12.3, 70
04/02/2020,16:35,12.32,12.32,12.32,12.32, 501
04/02/2020,16:36,12.3,12.3,12.3,12.3, 450
04/02/2020,16:36,12.33,12.34,12.33,12.34, 869
04/02/2020,16:38,12.34,12.35,12.34,12.35, 849
04/02/2020,16:41,12.33,12.33,12.33,12.33, 730
04/02/2020,16:42,12.31,12.31,12.31,12.31, 346
04/02/2020,16:43,12.3,12.32,12.3,12.32, 1395
04/02/2020,16:44,12.34,12.37,12.34,12.35, 8489
04/02/2020,16:45,12.35,12.35,12.35,12.35, 393
04/02/2020,16:45,12.35,12.35,12.35,12.35, 2256
04/02/2020,16:46,12.36,12.36,12.36,12.36, 734
04/02/2020,16:48,12.35,12.36,12.35,12.36, 896
04/02/2020,16:48,12.36,12.37,12.36,12.37, 1549
04/02/2020,16:50,12.37,12.37,12.37,12.37, 423
04/02/2020,16:52,12.38,12.41,12.38,12.38, 1980
04/02/2020,16:54,12.37,12.37,12.36,12.36, 115
04/02/2020,16:56,12.36,12.36,12.36,12.36, 652
04/02/2020,16:57,12.38,12.38,12.38,12.38, 128
04/02/2020,16:59,12.39,12.42,12.38,12.39, 2919
04/02/2020,17:01,12.37,12.37,12.37,12.37, 443
04/02/2020,17:04,12.36,12.37,12.36,12.37, 81
04/02/2020,17:08,12.37,12.37,12.37,12.37, 1267
04/02/2020,17:14,12.37,12.37,12.37,12.37, 161
04/02/2020,17:16,12.37,12.37,12.36,12.36, 697
04/02/2020,17:18,12.37,12.38,12.37,12.37, 758
04/02/2020,17:18,12.38,12.38,12.38,12.38, 100
04/02/2020,17:23,12.37,12.38,12.37,12.37, 1364
04/02/2020,17:24,12.36,12.36,12.36,12.36, 1149
04/02/2020,17:26,12.35,12.37,12.35,12.37, 917
04/02/2020,17:27,12.37,12.38,12.36,12.36, 1821
04/02/2020,17:28,12.37,12.38,12.36,12.36, 2302
04/02/2020,17:29,12.36,12.36,12.36,12.36, 1139
04/02/2020,17:30,12.37,12.38,12.37,12.38, 928
04/02/2020,17:36,12.41,12.41,12.41,12.41, 65026
04/03/2020,09:01,12.21,12.29,12.21,12.29, 938
04/03/2020,09:10,12.29,12.29,12.28,12.28, 772
04/03/2020,09:15,12.31,12.31,12.31,12.31, 160
04/03/2020,09:38,12.37,12.4,12.37,12.4, 2418
04/03/2020,09:38,12.39,12.39,12.37,12.37, 807
04/03/2020,09:39,12.34,12.34,12.34,12.34, 3724
04/03/2020,09:40,12.36,12.37,12.36,12.37, 1127
04/03/2020,09:42,12.38,12.4,12.38,12.38, 1241
04/03/2020,09:45,12.38,12.38,12.38,12.38, 1000
04/03/2020,09:56,12.38,12.38,12.38,12.38, 7
04/03/2020,09:57,12.39,12.39,12.39,12.39, 252
04/03/2020,10:00,12.44,12.45,12.44,12.45, 3055
04/03/2020,10:00,12.45,12.5,12.45,12.48, 3853
04/03/2020,10:01,12.48,12.5,12.48,12.5, 1181
04/03/2020,10:03,12.52,12.52,12.5,12.5, 2705
04/03/2020,10:05,12.47,12.51,12.43,12.51, 10658
04/03/2020,10:05,12.43,12.43,12.43,12.43, 383
04/03/2020,10:24,12.41,12.43,12.39,12.41, 1648
04/03/2020,10:37,12.38,12.4,12.38,12.4, 955
04/03/2020,10:53,12.34,12.34,12.34,12.34, 587
04/03/2020,10:57,12.36,12.36,12.36,12.36, 313
04/03/2020,11:03,12.37,12.37,12.35,12.35, 437
04/03/2020,11:11,12.34,12.34,12.34,12.34, 273
04/03/2020,11:22,12.33,12.33,12.33,12.33, 769
04/03/2020,11:40,12.3,12.3,12.3,12.3, 110
04/03/2020,11:48,12.31,12.31,12.31,12.31, 74
04/03/2020,11:52,12.29,12.29,12.29,12.29, 228
04/03/2020,11:54,12.3,12.34,12.3,12.34, 828
04/03/2020,11:58,12.32,12.32,12.32,12.32, 397
04/03/2020,12:04,12.37,12.38,12.37,12.38, 1000
04/03/2020,12:07,12.39,12.39,12.39,12.39, 415
04/03/2020,12:09,12.38,12.38,12.38,12.38, 102
04/03/2020,12:10,12.38,12.38,12.38,12.38, 476
04/03/2020,12:42,12.4,12.42,12.4,12.42, 2723
04/03/2020,12:46,12.45,12.45,12.45,12.45, 111
04/03/2020,12:49,12.46,12.46,12.46,12.46, 750
04/03/2020,13:03,12.54,12.54,12.54,12.54, 386
04/03/2020,13:11,12.44,12.44,12.44,12.44, 777
04/03/2020,13:12,12.45,12.45,12.45,12.45, 351
04/03/2020,13:18,12.43,12.43,12.43,12.43, 736
04/03/2020,13:20,12.42,12.42,12.42,12.42, 102
04/03/2020,13:22,12.4,12.4,12.4,12.4, 300
04/03/2020,13:23,12.38,12.38,12.38,12.38, 300
04/03/2020,13:32,12.4,12.4,12.4,12.4, 1115
04/03/2020,13:35,12.4,12.4,12.4,12.4, 35
04/03/2020,13:37,12.41,12.41,12.41,12.41, 27
04/03/2020,13:42,12.39,12.39,12.39,12.39, 396
04/03/2020,13:57,12.39,12.39,12.37,12.37, 666
04/03/2020,13:58,12.4,12.4,12.4,12.4, 81
04/03/2020,13:59,12.39,12.39,12.39,12.39, 375
04/03/2020,14:01,12.41,12.41,12.41,12.41, 297
04/03/2020,14:02,12.41,12.41,12.41,12.41, 178
04/03/2020,14:07,12.36,12.36,12.34,12.35, 1049
04/03/2020,14:20,12.32,12.32,12.31,12.31, 674
04/03/2020,14:27,12.31,12.31,12.3,12.3, 512
04/03/2020,14:31,12.26,12.26,12.25,12.25, 480
04/03/2020,14:35,12.27,12.3,12.27,12.3, 1552
04/03/2020,14:39,12.28,12.28,12.28,12.28, 338
04/03/2020,14:39,12.28,12.28,12.28,12.28, 110
04/03/2020,14:40,12.26,12.26,12.26,12.26, 200
04/03/2020,14:43,12.31,12.32,12.31,12.32, 1000
04/03/2020,14:45,12.29,12.29,12.29,12.29, 122
04/03/2020,14:56,12.29,12.29,12.29,12.29, 468
04/03/2020,14:58,12.26,12.26,12.26,12.26, 1131
04/03/2020,15:10,12.27,12.28,12.26,12.26, 2341
04/03/2020,15:14,12.27,12.28,12.27,12.28, 457
04/03/2020,15:18,12.31,12.33,12.31,12.33, 500
04/03/2020,15:26,12.29,12.29,12.29,12.29, 500
04/03/2020,15:30,12.29,12.29,12.28,12.28, 1286
04/03/2020,15:31,12.29,12.29,12.29,12.29, 1565
04/03/2020,15:38,12.3,12.3,12.3,12.3, 705
04/03/2020,15:39,12.28,12.28,12.27,12.27, 863
04/03/2020,15:43,12.29,12.31,12.29,12.31, 2307
04/03/2020,15:48,12.33,12.33,12.33,12.33, 199
04/03/2020,15:51,12.33,12.33,12.31,12.32, 983
04/03/2020,15:52,12.3,12.31,12.3,12.3, 1352
04/03/2020,15:54,12.28,12.28,12.28,12.28, 98
04/03/2020,16:00,12.33,12.33,12.33,12.33, 307
04/03/2020,16:01,12.34,12.34,12.33,12.33, 1381
04/03/2020,16:02,12.34,12.35,12.34,12.35, 5388
04/03/2020,16:04,12.35,12.35,12.35,12.35, 192
04/03/2020,16:08,12.36,12.36,12.35,12.35, 2313
04/03/2020,16:09,12.36,12.36,12.36,12.36, 806
04/03/2020,16:10,12.37,12.37,12.37,12.37, 160
04/03/2020,16:11,12.37,12.37,12.37,12.37, 181
04/03/2020,16:13,12.37,12.37,12.37,12.37, 302
04/03/2020,16:15,12.35,12.35,12.35,12.35, 792
04/03/2020,16:17,12.33,12.33,12.32,12.33, 458
04/03/2020,16:20,12.34,12.34,12.34,12.34, 203
04/03/2020,16:25,12.3,12.3,12.3,12.3, 600
04/03/2020,16:26,12.32,12.33,12.32,12.33, 669
04/03/2020,16:26,12.33,12.33,12.33,12.33, 303
04/03/2020,16:28,12.32,12.32,12.32,12.32, 404
04/03/2020,16:33,12.33,12.33,12.33,12.33, 41
04/03/2020,16:36,12.33,12.33,12.33,12.33, 634
04/03/2020,16:38,12.35,12.35,12.35,12.35, 622
04/03/2020,16:40,12.34,12.34,12.34,12.34, 429
04/03/2020,16:41,12.35,12.35,12.35,12.35, 390
04/03/2020,16:44,12.38,12.38,12.38,12.38, 192
04/03/2020,16:45,12.38,12.38,12.38,12.38, 477
04/03/2020,16:45,12.38,12.38,12.37,12.37, 659
04/03/2020,16:48,12.4,12.4,12.4,12.4, 646
04/03/2020,16:54,12.4,12.44,12.4,12.43, 2719
04/03/2020,16:55,12.45,12.45,12.45,12.45, 603
04/03/2020,16:56,12.43,12.43,12.43,12.43, 82
04/03/2020,16:57,12.46,12.46,12.46,12.46, 7
04/03/2020,17:02,12.48,12.48,12.46,12.46, 299
04/03/2020,17:09,12.44,12.44,12.42,12.43, 2336
04/03/2020,17:16,12.42,12.42,12.4,12.4, 670
04/03/2020,17:22,12.4,12.4,12.4,12.4, 454
04/03/2020,17:24,12.4,12.4,12.4,12.4, 489
04/03/2020,17:27,12.38,12.4,12.36,12.4, 1342
04/03/2020,17:28,12.41,12.41,12.41,12.41, 1326
04/03/2020,17:30,12.43,12.43,12.42,12.42, 429
04/03/2020,17:32,12.42,12.42,12.42,12.42, 129
04/03/2020,17:36,12.38,12.38,12.38,12.38, 80959
04/06/2020,09:03,12.78,12.88,12.78,12.88, 422
04/06/2020,09:04,12.81,12.88,12.81,12.88, 1016
04/06/2020,09:05,12.87,12.9,12.87,12.9, 1935
04/06/2020,09:06,12.89,12.96,12.8,12.8, 10715
04/06/2020,09:07,12.8,12.85,12.8,12.8, 1625
04/06/2020,09:10,12.8,12.8,12.8,12.8, 3000
04/06/2020,09:12,12.85,12.85,12.84,12.85, 20084
04/06/2020,09:13,12.85,12.91,12.85,12.9, 9043
04/06/2020,09:14,12.89,12.89,12.89,12.89, 579
04/06/2020,09:15,12.88,12.9,12.88,12.9, 1348
04/06/2020,09:16,12.94,12.94,12.91,12.91, 1796
04/06/2020,09:18,12.9,12.9,12.9,12.9, 654
04/06/2020,09:19,12.92,12.92,12.92,12.92, 30
04/06/2020,09:22,12.95,13.02,12.93,13, 6083
04/06/2020,09:23,13,13.02,12.99,12.99, 1387
04/06/2020,09:24,12.97,12.97,12.97,12.97, 6
04/06/2020,09:27,13.02,13.02,13.02,13.02, 300
04/06/2020,09:30,13.05,13.06,13.05,13.05, 1766
04/06/2020,09:32,13.04,13.04,13,13, 979
04/06/2020,09:35,13.01,13.01,12.97,12.97, 1491
04/06/2020,09:36,12.96,12.96,12.96,12.96, 180
04/06/2020,09:37,12.96,12.96,12.94,12.94, 780
04/06/2020,09:39,12.91,12.91,12.91,12.91, 15
04/06/2020,09:42,12.9,12.9,12.87,12.87, 1410
04/06/2020,09:43,12.85,12.85,12.85,12.85, 555
04/06/2020,09:44,12.84,12.84,12.84,12.84, 9
04/06/2020,09:48,12.87,12.87,12.87,12.87, 878
04/06/2020,09:49,12.86,12.86,12.83,12.83, 480
04/06/2020,09:56,12.85,12.86,12.85,12.86, 991
04/06/2020,09:56,12.85,12.85,12.85,12.85, 278
04/06/2020,09:58,12.85,12.86,12.82,12.82, 1061
04/06/2020,09:59,12.81,12.83,12.81,12.81, 3393
04/06/2020,10:00,12.8,12.87,12.8,12.87, 17102
04/06/2020,10:01,12.88,12.9,12.88,12.9, 200
04/06/2020,10:02,12.86,12.91,12.86,12.89, 12460
04/06/2020,10:04,12.86,12.86,12.85,12.85, 2915
04/06/2020,10:05,12.82,12.84,12.82,12.84, 1185
04/06/2020,10:06,12.84,12.85,12.84,12.85, 200
04/06/2020,10:07,12.83,12.84,12.82,12.82, 2645
04/06/2020,10:08,12.81,12.85,12.79,12.85, 27373
04/06/2020,10:09,12.85,12.89,12.85,12.89, 2749
04/06/2020,10:10,12.89,12.89,12.87,12.88, 2506
04/06/2020,10:11,12.87,12.87,12.83,12.83, 3370
04/06/2020,10:12,12.85,12.87,12.81,12.81, 21803
04/06/2020,10:14,12.81,12.82,12.79,12.82, 2099
04/06/2020,10:15,12.79,12.8,12.79,12.8, 500
04/06/2020,10:16,12.8,12.8,12.68,12.76, 27832
04/06/2020,10:17,12.72,12.72,12.68,12.68, 2544
04/06/2020,10:18,12.66,12.66,12.63,12.63, 1473
04/06/2020,10:21,12.62,12.62,12.62,12.62, 41
04/06/2020,10:22,12.6,12.6,12.58,12.58, 623
04/06/2020,10:25,12.61,12.61,12.61,12.61, 1375
04/06/2020,10:25,12.63,12.63,12.63,12.63, 897
04/06/2020,10:27,12.64,12.64,12.64,12.64, 242
04/06/2020,10:30,12.62,12.62,12.58,12.58, 1903
04/06/2020,10:34,12.56,12.57,12.56,12.57, 933
04/06/2020,10:36,12.58,12.58,12.58,12.58, 200
04/06/2020,10:37,12.58,12.58,12.56,12.56, 652
04/06/2020,10:39,12.56,12.56,12.56,12.56, 395
04/06/2020,10:40,12.56,12.56,12.56,12.56, 233
04/06/2020,10:41,12.58,12.58,12.58,12.58, 47
04/06/2020,10:46,12.57,12.6,12.57,12.6, 1915
04/06/2020,10:47,12.6,12.62,12.6,12.61, 674
04/06/2020,10:49,12.58,12.58,12.58,12.58, 133
04/06/2020,10:56,12.59,12.62,12.59,12.61, 7394
04/06/2020,10:57,12.62,12.62,12.6,12.6, 1185
04/06/2020,10:59,12.58,12.58,12.57,12.57, 518
04/06/2020,10:59,12.56,12.57,12.56,12.57, 357
04/06/2020,11:01,12.57,12.59,12.54,12.54, 2056
04/06/2020,11:02,12.54,12.54,12.54,12.54, 94
04/06/2020,11:06,12.55,12.55,12.55,12.55, 12
04/06/2020,11:10,12.53,12.53,12.53,12.53, 26
04/06/2020,11:11,12.53,12.54,12.53,12.54, 592
04/06/2020,11:17,12.54,12.54,12.54,12.54, 26
04/06/2020,11:21,12.56,12.56,12.56,12.56, 234
04/06/2020,11:23,12.54,12.56,12.54,12.56, 1328
04/06/2020,11:23,12.58,12.58,12.55,12.55, 3500
04/06/2020,11:29,12.55,12.55,12.55,12.55, 523
04/06/2020,11:34,12.54,12.57,12.54,12.57, 1291
04/06/2020,11:34,12.55,12.55,12.55,12.55, 100
04/06/2020,11:37,12.54,12.54,12.54,12.54, 200
04/06/2020,11:42,12.55,12.55,12.55,12.55, 197
04/06/2020,11:46,12.57,12.62,12.57,12.62, 2682
04/06/2020,11:47,12.59,12.59,12.58,12.58, 592
04/06/2020,11:49,12.59,12.63,12.59,12.63, 4788
04/06/2020,11:54,12.62,12.62,12.62,12.62, 561
04/06/2020,11:58,12.63,12.67,12.63,12.67, 1070
04/06/2020,12:04,12.69,12.71,12.69,12.71, 243
04/06/2020,12:07,12.7,12.7,12.68,12.68, 1035
04/06/2020,12:08,12.66,12.66,12.66,12.66, 635
04/06/2020,12:11,12.66,12.66,12.66,12.66, 385
04/06/2020,12:13,12.68,12.68,12.67,12.67, 398
04/06/2020,12:21,12.68,12.68,12.68,12.68, 175
04/06/2020,12:27,12.69,12.69,12.69,12.69, 422
04/06/2020,12:30,12.68,12.68,12.67,12.67, 826
04/06/2020,12:31,12.68,12.68,12.68,12.68, 20
04/06/2020,12:35,12.68,12.7,12.68,12.69, 2639
04/06/2020,12:44,12.73,12.75,12.73,12.75, 856
04/06/2020,12:45,12.75,12.75,12.74,12.74, 607
04/06/2020,12:49,12.74,12.74,12.73,12.73, 826
04/06/2020,12:57,12.74,12.75,12.72,12.72, 1389
04/06/2020,12:59,12.71,12.72,12.71,12.72, 602
04/06/2020,13:01,12.73,12.73,12.73,12.73, 924
04/06/2020,13:03,12.73,12.73,12.73,12.73, 26
04/06/2020,13:09,12.74,12.74,12.74,12.74, 300
04/06/2020,13:25,12.73,12.76,12.73,12.76, 56
04/06/2020,13:30,12.76,12.76,12.75,12.76, 1490
04/06/2020,13:39,12.76,12.76,12.76,12.76, 56
04/06/2020,13:40,12.76,12.76,12.76,12.76, 844
04/06/2020,13:46,12.8,12.8,12.8,12.8, 938
04/06/2020,13:47,12.8,12.8,12.8,12.8, 1
04/06/2020,13:53,12.82,12.82,12.82,12.82, 420
04/06/2020,13:57,12.78,12.78,12.78,12.78, 573
04/06/2020,13:58,12.75,12.75,12.75,12.75, 225
04/06/2020,14:06,12.71,12.73,12.71,12.71, 775
04/06/2020,14:06,12.7,12.7,12.68,12.68, 4208
04/06/2020,14:09,12.68,12.68,12.68,12.68, 646
04/06/2020,14:12,12.67,12.67,12.67,12.67, 26
04/06/2020,14:13,12.67,12.7,12.67,12.69, 3167
04/06/2020,14:13,12.72,12.72,12.72,12.72, 341
04/06/2020,14:18,12.71,12.71,12.71,12.71, 4
04/06/2020,14:23,12.71,12.71,12.71,12.71, 775
04/06/2020,14:26,12.7,12.7,12.7,12.7, 73
04/06/2020,14:29,12.7,12.7,12.7,12.7, 555
04/06/2020,14:30,12.69,12.69,12.68,12.68, 855
04/06/2020,14:32,12.68,12.7,12.68,12.69, 1193
04/06/2020,14:33,12.69,12.69,12.69,12.69, 90
04/06/2020,14:35,12.69,12.69,12.69,12.69, 540
04/06/2020,14:38,12.71,12.71,12.71,12.71, 160
04/06/2020,14:43,12.72,12.72,12.72,12.72, 202
04/06/2020,14:52,12.72,12.74,12.72,12.72, 944
04/06/2020,14:56,12.72,12.72,12.7,12.7, 835
04/06/2020,15:01,12.69,12.7,12.69,12.69, 1164
04/06/2020,15:03,12.69,12.69,12.67,12.67, 1368
04/06/2020,15:05,12.67,12.67,12.67,12.67, 310
04/06/2020,15:06,12.67,12.67,12.67,12.67, 102
04/06/2020,15:09,12.67,12.67,12.67,12.67, 70
04/06/2020,15:12,12.68,12.68,12.63,12.63, 1222
04/06/2020,15:15,12.67,12.67,12.67,12.67, 80
04/06/2020,15:21,12.63,12.63,12.63,12.63, 29
04/06/2020,15:26,12.63,12.63,12.63,12.63, 1407
04/06/2020,15:28,12.63,12.63,12.63,12.63, 29
04/06/2020,15:32,12.67,12.7,12.66,12.66, 1431
04/06/2020,15:32,12.66,12.66,12.66,12.66, 997
04/06/2020,15:34,12.66,12.66,12.66,12.66, 107
04/06/2020,15:35,12.63,12.63,12.63,12.63, 309
04/06/2020,15:41,12.62,12.62,12.62,12.62, 900
04/06/2020,15:45,12.61,12.61,12.6,12.61, 1788
04/06/2020,15:46,12.59,12.59,12.58,12.58, 1550
04/06/2020,15:49,12.57,12.58,12.57,12.58, 348
04/06/2020,15:50,12.57,12.57,12.57,12.57, 378
04/06/2020,15:51,12.57,12.58,12.57,12.58, 506
04/06/2020,15:52,12.59,12.59,12.59,12.59, 3000
04/06/2020,15:53,12.58,12.58,12.58,12.58, 471
04/06/2020,15:57,12.59,12.6,12.59,12.6, 5372
04/06/2020,16:00,12.59,12.6,12.59,12.6, 916
04/06/2020,16:01,12.61,12.61,12.61,12.61, 772
04/06/2020,16:02,12.62,12.62,12.62,12.62, 1126
04/06/2020,16:04,12.6,12.61,12.6,12.61, 450
04/06/2020,16:05,12.59,12.61,12.59,12.61, 5067
04/06/2020,16:07,12.59,12.6,12.59,12.6, 1698
04/06/2020,16:08,12.59,12.59,12.59,12.59, 3277
04/06/2020,16:10,12.6,12.6,12.6,12.6, 385
04/06/2020,16:11,12.59,12.59,12.58,12.58, 1051
04/06/2020,16:15,12.58,12.58,12.58,12.58, 490
04/06/2020,16:16,12.56,12.56,12.56,12.56, 997
04/06/2020,16:18,12.56,12.56,12.56,12.56, 380
04/06/2020,16:20,12.58,12.59,12.58,12.59, 1343
04/06/2020,16:21,12.59,12.59,12.57,12.57, 734
04/06/2020,16:27,12.55,12.55,12.55,12.55, 2778
04/06/2020,16:31,12.53,12.53,12.53,12.53, 432
04/06/2020,16:33,12.5,12.5,12.5,12.5, 386
04/06/2020,16:34,12.5,12.5,12.5,12.5, 12
04/06/2020,16:37,12.51,12.55,12.51,12.51, 1727
04/06/2020,16:38,12.54,12.54,12.54,12.54, 39
04/06/2020,16:40,12.55,12.55,12.55,12.55, 409
04/06/2020,16:42,12.54,12.55,12.54,12.55, 2744
04/06/2020,16:43,12.53,12.53,12.53,12.53, 50
04/06/2020,16:45,12.55,12.56,12.55,12.55, 1447
04/06/2020,16:47,12.54,12.54,12.53,12.53, 909
04/06/2020,16:54,12.52,12.52,12.52,12.52, 2000
04/06/2020,16:55,12.52,12.52,12.52,12.52, 323
04/06/2020,16:58,12.51,12.51,12.5,12.51, 1176
04/06/2020,17:02,12.49,12.49,12.48,12.49, 602
04/06/2020,17:03,12.47,12.47,12.47,12.47, 224
04/06/2020,17:04,12.47,12.48,12.47,12.48, 47
04/06/2020,17:06,12.49,12.49,12.49,12.49, 591
04/06/2020,17:07,12.5,12.5,12.5,12.5, 160
04/06/2020,17:07,12.5,12.52,12.5,12.52, 886
04/06/2020,17:11,12.53,12.53,12.53,12.53, 518
04/06/2020,17:12,12.52,12.53,12.52,12.53, 170
04/06/2020,17:13,12.53,12.58,12.53,12.58, 3760
04/06/2020,17:14,12.59,12.61,12.59,12.6, 3724
04/06/2020,17:16,12.59,12.6,12.59,12.59, 505
04/06/2020,17:17,12.57,12.57,12.57,12.57, 536
04/06/2020,17:20,12.55,12.55,12.55,12.55, 705
04/06/2020,17:23,12.57,12.57,12.56,12.56, 1078
04/06/2020,17:25,12.55,12.56,12.54,12.54, 1082
04/06/2020,17:27,12.56,12.58,12.55,12.56, 4100
04/06/2020,17:27,12.58,12.58,12.57,12.57, 1111
04/06/2020,17:30,12.59,12.61,12.58,12.61, 2995
04/06/2020,17:30,12.59,12.59,12.59,12.59, 691
04/06/2020,17:36,12.57,12.57,12.57,12.57, 51508
04/07/2020,09:03,12.91,12.92,12.89,12.92, 2052
04/07/2020,09:04,12.87,12.91,12.85,12.91, 1471
04/07/2020,09:07,12.92,12.92,12.92,12.92, 200
04/07/2020,09:18,12.77,12.77,12.77,12.77, 111
04/07/2020,09:19,12.77,12.77,12.77,12.77, 262
04/07/2020,09:22,12.8,12.84,12.8,12.84, 2297
04/07/2020,09:24,12.84,12.85,12.84,12.85, 11372
04/07/2020,09:25,12.85,12.85,12.85,12.85, 15
04/07/2020,09:27,12.82,12.82,12.79,12.8, 2174
04/07/2020,09:29,12.76,12.8,12.75,12.8, 3052
04/07/2020,09:36,12.8,12.8,12.8,12.8, 77
04/07/2020,09:38,12.84,12.84,12.84,12.84, 87
04/07/2020,09:44,12.84,12.84,12.84,12.84, 160
04/07/2020,09:45,12.84,12.84,12.81,12.81, 1857
04/07/2020,09:48,12.81,12.83,12.78,12.79, 2001
04/07/2020,09:50,12.81,12.81,12.81,12.81, 31
04/07/2020,09:53,12.84,12.84,12.78,12.82, 2153
04/07/2020,09:55,12.78,12.78,12.78,12.78, 108
04/07/2020,09:58,12.75,12.75,12.75,12.75, 169
04/07/2020,10:03,12.7,12.7,12.7,12.7, 568
04/07/2020,10:05,12.68,12.68,12.68,12.68, 500
04/07/2020,10:06,12.68,12.68,12.68,12.68, 272
04/07/2020,10:07,12.7,12.72,12.7,12.72, 8346
04/07/2020,10:08,12.72,12.72,12.72,12.72, 93
04/07/2020,10:12,12.76,12.83,12.74,12.74, 2856
04/07/2020,10:19,12.75,12.75,12.75,12.75, 300
04/07/2020,10:22,12.78,12.78,12.78,12.78, 30
04/07/2020,10:23,12.77,12.77,12.74,12.74, 1130
04/07/2020,10:32,12.76,12.76,12.76,12.76, 428
04/07/2020,10:36,12.73,12.74,12.68,12.7, 11097
04/07/2020,10:40,12.74,12.77,12.74,12.76, 4350
04/07/2020,10:43,12.76,12.76,12.75,12.75, 3000
04/07/2020,10:44,12.72,12.72,12.72,12.72, 1000
04/07/2020,10:47,12.73,12.73,12.73,12.73, 109
04/07/2020,10:47,12.73,12.73,12.72,12.72, 191
04/07/2020,10:51,12.71,12.71,12.71,12.71, 125
04/07/2020,10:52,12.72,12.72,12.72,12.72, 150
04/07/2020,10:53,12.7,12.7,12.7,12.7, 161
04/07/2020,10:53,12.68,12.68,12.67,12.67, 400
04/07/2020,11:02,12.67,12.67,12.67,12.67, 413
04/07/2020,11:06,12.67,12.7,12.67,12.7, 530
04/07/2020,11:13,12.67,12.67,12.67,12.67, 2007
04/07/2020,11:20,12.64,12.67,12.64,12.67, 52
04/07/2020,11:25,12.69,12.69,12.69,12.69, 34
04/07/2020,11:27,12.74,12.74,12.74,12.74, 206
04/07/2020,11:29,12.76,12.76,12.76,12.76, 112
04/07/2020,11:31,12.75,12.75,12.75,12.75, 323
04/07/2020,11:40,12.75,12.75,12.75,12.75, 6
04/07/2020,11:46,12.78,12.78,12.78,12.78, 2
04/07/2020,11:59,12.78,12.79,12.78,12.79, 355
04/07/2020,12:00,12.8,12.85,12.8,12.82, 10819
04/07/2020,12:03,12.84,12.84,12.83,12.83, 682
04/07/2020,12:04,12.82,12.82,12.82,12.82, 56
04/07/2020,12:06,12.8,12.8,12.78,12.78, 2341
04/07/2020,12:06,12.79,12.79,12.79,12.79, 138
04/07/2020,12:13,12.81,12.82,12.81,12.82, 354
04/07/2020,12:15,12.83,12.87,12.83,12.87, 7840
04/07/2020,12:22,12.86,12.87,12.86,12.87, 1108
04/07/2020,12:23,12.88,12.88,12.88,12.88, 551
04/07/2020,12:25,12.89,12.89,12.89,12.89, 339
04/07/2020,12:25,12.85,12.85,12.82,12.82, 2000
04/07/2020,12:30,12.85,12.85,12.85,12.85, 69
04/07/2020,12:40,12.87,12.87,12.87,12.87, 161
04/07/2020,12:42,12.85,12.85,12.85,12.85, 1303
04/07/2020,12:51,12.87,12.87,12.87,12.87, 601
04/07/2020,12:54,12.86,12.87,12.86,12.87, 505
04/07/2020,13:03,12.83,12.83,12.83,12.83, 500
04/07/2020,13:18,12.86,12.86,12.86,12.86, 813
04/07/2020,13:25,12.84,12.84,12.84,12.84, 645
04/07/2020,13:26,12.85,12.86,12.85,12.86, 687
04/07/2020,13:28,12.87,12.87,12.87,12.87, 648
04/07/2020,13:51,12.89,12.89,12.89,12.89, 400
04/07/2020,14:01,12.86,12.86,12.85,12.85, 680
04/07/2020,14:04,12.86,12.86,12.86,12.86, 800
04/07/2020,14:23,12.83,12.83,12.79,12.79, 1092
04/07/2020,14:48,12.82,12.85,12.82,12.85, 1370
04/07/2020,14:49,12.83,12.84,12.83,12.84, 1423
04/07/2020,14:50,12.85,12.87,12.85,12.87, 1308
04/07/2020,14:56,12.86,12.87,12.86,12.87, 1476
04/07/2020,15:00,12.88,12.88,12.88,12.88, 655
04/07/2020,15:02,12.89,12.89,12.89,12.89, 1189
04/07/2020,15:09,12.88,12.88,12.88,12.88, 519
04/07/2020,15:23,12.9,12.94,12.89,12.94, 13223
04/07/2020,15:25,12.94,12.96,12.94,12.96, 841
04/07/2020,15:26,12.97,12.98,12.96,12.97, 2125
04/07/2020,15:27,12.96,12.96,12.96,12.96, 704
04/07/2020,15:28,12.98,12.98,12.97,12.97, 905
04/07/2020,15:29,12.98,12.98,12.98,12.98, 188
04/07/2020,15:33,12.97,13.02,12.97,13.02, 5213
04/07/2020,15:33,13,13,13,13, 179
04/07/2020,15:36,13,13,13,13, 1188
04/07/2020,15:37,13.02,13.02,13.02,13.02, 440
04/07/2020,15:37,13.03,13.03,13.03,13.03, 167
04/07/2020,15:38,13.01,13.01,13.01,13.01, 358
04/07/2020,15:43,12.98,13.01,12.98,13, 2080
04/07/2020,16:02,13,13,12.98,12.98, 1276
04/07/2020,16:03,12.97,12.98,12.95,12.98, 1713
04/07/2020,16:05,12.94,12.94,12.93,12.94, 1172
04/07/2020,16:05,12.91,12.91,12.91,12.91, 139
04/07/2020,16:06,12.89,12.89,12.89,12.89, 2500
04/07/2020,16:07,12.91,12.91,12.91,12.91, 152
04/07/2020,16:10,12.87,12.87,12.86,12.87, 1644
04/07/2020,16:13,12.83,12.83,12.83,12.83, 252
04/07/2020,16:20,12.83,12.83,12.83,12.83, 50
04/07/2020,16:27,12.8,12.8,12.77,12.77, 732
04/07/2020,16:28,12.79,12.79,12.79,12.79, 47
04/07/2020,16:31,12.79,12.79,12.79,12.79, 141
04/07/2020,16:32,12.79,12.79,12.79,12.79, 10
04/07/2020,16:33,12.76,12.79,12.76,12.79, 3316
04/07/2020,16:37,12.76,12.76,12.76,12.76, 41
04/07/2020,16:40,12.76,12.76,12.76,12.76, 428
04/07/2020,16:40,12.78,12.78,12.78,12.78, 426
04/07/2020,16:41,12.76,12.76,12.76,12.76, 343
04/07/2020,16:42,12.77,12.77,12.77,12.77, 97
04/07/2020,16:45,12.78,12.79,12.78,12.79, 439
04/07/2020,16:48,12.77,12.78,12.77,12.78, 249
04/07/2020,16:51,12.75,12.75,12.73,12.73, 460
04/07/2020,16:52,12.72,12.72,12.72,12.72, 100
04/07/2020,16:53,12.74,12.74,12.74,12.74, 420
04/07/2020,16:53,12.73,12.73,12.73,12.73, 845
04/07/2020,16:54,12.73,12.73,12.73,12.73, 145
04/07/2020,17:06,12.75,12.75,12.75,12.75, 200
04/07/2020,17:07,12.75,12.75,12.74,12.74, 959
04/07/2020,17:08,12.76,12.76,12.75,12.75, 762
04/07/2020,17:09,12.76,12.76,12.76,12.76, 187
04/07/2020,17:12,12.75,12.76,12.75,12.76, 469
04/07/2020,17:12,12.75,12.75,12.75,12.75, 34
04/07/2020,17:14,12.75,12.75,12.75,12.75, 617
04/07/2020,17:16,12.75,12.75,12.75,12.75, 362
04/07/2020,17:17,12.76,12.77,12.76,12.76, 561
04/07/2020,17:19,12.76,12.76,12.76,12.76, 551
04/07/2020,17:21,12.76,12.76,12.76,12.76, 29
04/07/2020,17:23,12.76,12.76,12.75,12.75, 544
04/07/2020,17:25,12.77,12.78,12.76,12.77, 1449
04/07/2020,17:26,12.79,12.79,12.78,12.78, 198
04/07/2020,17:27,12.79,12.8,12.79,12.8, 409
04/07/2020,17:28,12.79,12.81,12.79,12.81, 805
04/07/2020,17:30,12.82,12.83,12.78,12.78, 4240
04/07/2020,17:30,12.79,12.8,12.78,12.8, 2219
04/07/2020,17:30,12.8,12.8,12.8,12.8, 2
04/07/2020,17:32,12.8,12.8,12.8,12.8, 2
04/07/2020,17:36,12.7,12.7,12.7,12.7, 100389
04/08/2020,09:01,12.73,12.85,12.73,12.85, 1213
04/08/2020,09:03,12.83,12.83,12.73,12.76, 2729
04/08/2020,09:06,12.75,12.75,12.7,12.71, 3559
04/08/2020,09:07,12.71,12.71,12.71,12.71, 165
04/08/2020,09:07,12.67,12.67,12.67,12.67, 195
04/08/2020,09:10,12.68,12.7,12.68,12.7, 1348
04/08/2020,09:12,12.7,12.71,12.63,12.63, 11087
04/08/2020,09:14,12.7,12.71,12.7,12.71, 638
04/08/2020,09:17,12.69,12.69,12.69,12.69, 250
04/08/2020,09:19,12.71,12.71,12.71,12.71, 40
04/08/2020,09:21,12.66,12.66,12.64,12.65, 3087
04/08/2020,09:25,12.69,12.7,12.69,12.7, 294
04/08/2020,09:26,12.74,12.74,12.74,12.74, 184
04/08/2020,09:28,12.77,12.8,12.77,12.8, 1209
04/08/2020,09:29,12.79,12.79,12.77,12.77, 1642
04/08/2020,09:29,12.77,12.77,12.77,12.77, 219
04/08/2020,09:31,12.73,12.73,12.73,12.73, 86
04/08/2020,09:31,12.74,12.74,12.74,12.74, 465
04/08/2020,09:39,12.8,12.82,12.79,12.82, 250
04/08/2020,09:40,12.8,12.8,12.78,12.78, 752
04/08/2020,09:43,12.82,12.82,12.81,12.81, 424
04/08/2020,09:43,12.83,12.85,12.83,12.85, 501
04/08/2020,09:46,12.83,12.83,12.78,12.78, 3271
04/08/2020,09:48,12.81,12.81,12.81,12.81, 76
04/08/2020,09:50,12.81,12.81,12.81,12.81, 122
04/08/2020,09:51,12.81,12.83,12.81,12.83, 1082
04/08/2020,09:59,12.85,12.85,12.82,12.82, 1387
04/08/2020,10:01,12.82,12.82,12.82,12.82, 479
04/08/2020,10:02,12.81,12.81,12.81,12.81, 289
04/08/2020,10:03,12.79,12.79,12.79,12.79, 166
04/08/2020,10:06,12.81,12.81,12.81,12.81, 6
04/08/2020,10:09,12.79,12.79,12.79,12.79, 818
04/08/2020,10:17,12.78,12.78,12.78,12.78, 67
04/08/2020,10:18,12.76,12.76,12.76,12.76, 194
04/08/2020,10:27,12.77,12.77,12.77,12.77, 929
04/08/2020,10:30,12.77,12.77,12.77,12.77, 515
04/08/2020,10:31,12.76,12.76,12.76,12.76, 201
04/08/2020,10:32,12.77,12.77,12.77,12.77, 51
04/08/2020,10:32,12.78,12.78,12.78,12.78, 420
04/08/2020,10:34,12.78,12.78,12.78,12.78, 342
04/08/2020,10:35,12.76,12.76,12.74,12.75, 1242
04/08/2020,10:38,12.73,12.73,12.73,12.73, 42
04/08/2020,10:39,12.75,12.75,12.75,12.75, 20
04/08/2020,10:41,12.75,12.75,12.75,12.75, 274
04/08/2020,10:48,12.75,12.75,12.75,12.75, 134
04/08/2020,10:55,12.75,12.75,12.75,12.75, 448
04/08/2020,11:02,12.75,12.75,12.74,12.74, 904
04/08/2020,11:05,12.76,12.76,12.76,12.76, 262
04/08/2020,11:07,12.78,12.78,12.78,12.78, 660
04/08/2020,11:09,12.79,12.79,12.79,12.79, 496
04/08/2020,11:09,12.78,12.78,12.78,12.78, 865
04/08/2020,11:20,12.76,12.76,12.75,12.75, 3425
04/08/2020,11:21,12.75,12.76,12.74,12.74, 3229
04/08/2020,11:21,12.74,12.74,12.74,12.74, 214
04/08/2020,11:42,12.72,12.72,12.7,12.7, 3014
04/08/2020,11:47,12.7,12.7,12.7,12.7, 808
04/08/2020,11:52,12.69,12.69,12.69,12.69, 257
04/08/2020,11:52,12.7,12.72,12.7,12.7, 2052
04/08/2020,11:59,12.71,12.72,12.71,12.71, 2102
04/08/2020,12:01,12.72,12.73,12.72,12.73, 690
04/08/2020,12:09,12.71,12.71,12.69,12.69, 1147
04/08/2020,12:19,12.7,12.71,12.7,12.71, 936
04/08/2020,12:22,12.73,12.74,12.73,12.74, 1539
04/08/2020,12:47,12.7,12.7,12.7,12.7, 47
04/08/2020,12:58,12.7,12.7,12.7,12.7, 22
04/08/2020,12:59,12.71,12.75,12.71,12.75, 2303
04/08/2020,13:03,12.75,12.75,12.75,12.75, 578
04/08/2020,13:13,12.74,12.74,12.74,12.74, 170
04/08/2020,13:17,12.75,12.75,12.75,12.75, 186
04/08/2020,13:28,12.72,12.72,12.72,12.72, 534
04/08/2020,13:36,12.74,12.76,12.74,12.75, 947
04/08/2020,13:38,12.75,12.75,12.75,12.75, 23
04/08/2020,13:47,12.77,12.77,12.77,12.77, 523
04/08/2020,14:01,12.77,12.77,12.77,12.77, 9
04/08/2020,14:01,12.78,12.78,12.78,12.78, 174
04/08/2020,14:06,12.8,12.82,12.8,12.82, 1724
04/08/2020,14:18,12.84,12.85,12.84,12.85, 1000
04/08/2020,14:21,12.86,12.86,12.86,12.86, 422
04/08/2020,14:26,12.85,12.85,12.84,12.84, 300
04/08/2020,14:36,12.86,12.86,12.86,12.86, 126
04/08/2020,14:38,12.85,12.85,12.85,12.85, 676
04/08/2020,14:44,12.87,12.87,12.87,12.87, 220
04/08/2020,14:45,12.86,12.86,12.85,12.86, 3160
04/08/2020,15:05,12.86,12.87,12.85,12.87, 1776
04/08/2020,15:07,12.87,12.87,12.87,12.87, 717
04/08/2020,15:07,12.88,12.88,12.88,12.88, 26
04/08/2020,15:13,12.91,12.91,12.91,12.91, 263
04/08/2020,15:24,12.91,12.93,12.91,12.93, 952
04/08/2020,15:29,12.91,12.93,12.91,12.93, 5832
04/08/2020,15:32,12.96,12.96,12.96,12.96, 149
04/08/2020,15:33,12.94,12.94,12.94,12.94, 211
04/08/2020,15:35,12.92,12.92,12.92,12.92, 502
04/08/2020,15:37,12.92,12.92,12.91,12.91, 275
04/08/2020,15:38,12.9,12.9,12.9,12.9, 400
04/08/2020,15:40,12.92,12.92,12.92,12.92, 530
04/08/2020,15:41,12.92,12.92,12.92,12.92, 265
04/08/2020,15:42,12.92,12.92,12.92,12.92, 149
04/08/2020,15:50,12.89,12.89,12.87,12.87, 1990
04/08/2020,15:51,12.87,12.87,12.87,12.87, 199
04/08/2020,15:54,12.86,12.86,12.83,12.83, 2547
04/08/2020,15:58,12.87,12.87,12.87,12.87, 279
04/08/2020,15:59,12.86,12.86,12.86,12.86, 866
04/08/2020,16:01,12.86,12.86,12.86,12.86, 762
04/08/2020,16:02,12.88,12.89,12.88,12.89, 361
04/08/2020,16:02,12.88,12.88,12.88,12.88, 137
04/08/2020,16:07,12.86,12.86,12.86,12.86, 211
04/08/2020,16:10,12.87,12.87,12.87,12.87, 100
04/08/2020,16:14,12.89,12.93,12.89,12.93, 4025
04/08/2020,16:15,12.91,12.91,12.91,12.91, 227
04/08/2020,16:28,12.91,12.91,12.91,12.91, 2000
04/08/2020,16:30,12.93,12.93,12.93,12.93, 882
04/08/2020,16:32,12.9,12.9,12.9,12.9, 298
04/08/2020,16:42,12.91,12.91,12.91,12.91, 801
04/08/2020,16:45,12.92,12.92,12.92,12.92, 30
04/08/2020,16:47,12.93,12.93,12.93,12.93, 52
04/08/2020,16:51,12.95,12.96,12.95,12.96, 807
04/08/2020,16:52,12.96,12.98,12.96,12.98, 1064
04/08/2020,16:59,12.96,12.98,12.96,12.98, 807
04/08/2020,16:59,12.98,12.98,12.98,12.98, 55
04/08/2020,17:01,12.97,12.97,12.97,12.97, 875
04/08/2020,17:01,12.97,12.97,12.97,12.97, 446
04/08/2020,17:04,12.96,12.96,12.95,12.95, 713
04/08/2020,17:06,12.94,12.94,12.94,12.94, 500
04/08/2020,17:06,12.94,12.94,12.94,12.94, 14
04/08/2020,17:07,12.94,12.94,12.94,12.94, 485
04/08/2020,17:09,12.95,12.96,12.95,12.96, 3760
04/08/2020,17:12,12.96,12.96,12.96,12.96, 48
04/08/2020,17:14,12.96,12.96,12.96,12.96, 18
04/08/2020,17:20,12.97,12.97,12.95,12.97, 4430
04/08/2020,17:21,12.95,12.96,12.94,12.96, 2548
04/08/2020,17:23,12.97,12.97,12.95,12.95, 1350
04/08/2020,17:23,12.94,12.94,12.94,12.94, 300
04/08/2020,17:25,12.94,12.94,12.93,12.93, 518
04/08/2020,17:26,12.92,12.93,12.92,12.93, 677
04/08/2020,17:27,12.92,12.92,12.92,12.92, 1509
04/08/2020,17:28,12.93,12.93,12.93,12.93, 111
04/08/2020,17:29,12.92,12.92,12.92,12.92, 119
04/08/2020,17:30,12.91,12.92,12.9,12.92, 1306
04/08/2020,17:30,12.91,12.91,12.89,12.89, 502
04/08/2020,17:32,12.89,12.89,12.89,12.89, 141
04/08/2020,17:36,12.94,12.94,12.94,12.94, 44006
04/09/2020,09:01,13.01,13.01,13.01,13.01, 6076
04/09/2020,09:02,13.1,13.17,13.1,13.17, 4806
04/09/2020,09:09,13.09,13.09,13.09,13.09, 1000
04/09/2020,09:11,13.17,13.17,13.17,13.17, 399
04/09/2020,09:12,13.19,13.22,13.15,13.22, 7015
04/09/2020,09:14,13.21,13.22,13.21,13.22, 3606
04/09/2020,09:14,13.22,13.26,13.22,13.25, 3064
04/09/2020,09:18,13.28,13.28,13.26,13.26, 575
04/09/2020,09:20,13.26,13.26,13.26,13.26, 514
04/09/2020,09:23,13.23,13.23,13.21,13.21, 492
04/09/2020,09:23,13.21,13.21,13.2,13.2, 457
04/09/2020,09:25,13.17,13.17,13.17,13.17, 175
04/09/2020,09:27,13.17,13.17,13.1,13.15, 16495
04/09/2020,09:28,13.17,13.17,13.17,13.17, 83
04/09/2020,09:28,13.17,13.17,13.17,13.17, 1518
04/09/2020,09:33,13.17,13.2,13.17,13.19, 1242
04/09/2020,09:33,13.21,13.21,13.21,13.21, 6
04/09/2020,09:35,13.21,13.23,13.2,13.21, 1980
04/09/2020,09:37,13.22,13.22,13.22,13.22, 431
04/09/2020,09:37,13.21,13.21,13.21,13.21, 131
04/09/2020,09:40,13.22,13.23,13.22,13.23, 450
04/09/2020,09:43,13.18,13.18,13.11,13.14, 8095
04/09/2020,09:45,13.1,13.1,13.1,13.1, 68
04/09/2020,09:46,13.09,13.09,13.09,13.09, 399
04/09/2020,09:48,13.06,13.06,13.06,13.06, 100
04/09/2020,09:49,13.09,13.09,13.09,13.09, 141
04/09/2020,09:50,13.06,13.06,13.05,13.05, 490
04/09/2020,09:52,13.03,13.03,13.03,13.03, 252
04/09/2020,09:54,13.03,13.08,13.03,13.08, 5615
04/09/2020,09:56,13.04,13.04,13.03,13.03, 1000
04/09/2020,09:57,13.03,13.03,13.03,13.03, 598
04/09/2020,09:59,13,13,12.92,12.92, 21334
04/09/2020,10:00,13.02,13.02,13.02,13.02, 1704
04/09/2020,10:00,13,13,12.98,12.99, 2404
04/09/2020,10:01,12.99,13,12.99,13, 884
04/09/2020,10:03,12.96,12.98,12.95,12.98, 2016
04/09/2020,10:03,13,13.01,13,13.01, 442
04/09/2020,10:04,12.99,12.99,12.98,12.98, 434
04/09/2020,10:07,12.96,12.96,12.96,12.96, 375
04/09/2020,10:09,12.99,13,12.99,13, 3525
04/09/2020,10:11,12.99,12.99,12.99,12.99, 4
04/09/2020,10:11,12.99,13,12.98,13, 2046
04/09/2020,10:13,13,13,12.99,12.99, 1113
04/09/2020,10:17,13.02,13.03,13.02,13.03, 3350
04/09/2020,10:24,13.05,13.05,13.05,13.05, 207
04/09/2020,10:24,13.06,13.06,13.06,13.06, 418
04/09/2020,10:26,13.06,13.06,13.06,13.06, 370
04/09/2020,10:29,13.04,13.04,13.04,13.04, 354
04/09/2020,10:33,13.06,13.06,13.05,13.06, 2977
04/09/2020,10:33,13.04,13.04,13.04,13.04, 989
04/09/2020,10:35,13.04,13.04,13.04,13.04, 1418
04/09/2020,10:37,13.02,13.04,13,13.04, 2924
04/09/2020,10:42,13.05,13.05,13.05,13.05, 1273
04/09/2020,10:44,13.05,13.05,13.05,13.05, 438
04/09/2020,10:49,13.02,13.02,13.02,13.02, 154
04/09/2020,10:50,13.04,13.04,12.99,12.99, 4264
04/09/2020,10:54,12.98,12.99,12.98,12.99, 287
04/09/2020,10:54,13,13,13,13, 142
04/09/2020,10:57,13,13,13,13, 775
04/09/2020,10:59,13,13,13,13, 300
04/09/2020,11:00,13,13,13,13, 170
04/09/2020,11:04,13,13.02,13,13.02, 1080
04/09/2020,11:06,13.01,13.01,13.01,13.01, 1184
04/09/2020,11:10,13.02,13.02,13.02,13.02, 10
04/09/2020,11:13,13,13,12.99,12.99, 573
04/09/2020,11:15,12.97,12.97,12.97,12.97, 424
04/09/2020,11:16,12.99,13,12.99,13, 787
04/09/2020,11:19,12.99,12.99,12.99,12.99, 838
04/09/2020,11:21,13.01,13.02,13.01,13.02, 910
04/09/2020,11:24,13.02,13.02,13.02,13.02, 282
04/09/2020,11:26,13.04,13.05,13.04,13.04, 989
04/09/2020,11:28,13.06,13.07,13.06,13.07, 1664
04/09/2020,11:33,13.05,13.05,13.05,13.05, 190
04/09/2020,11:36,13.05,13.05,13.04,13.04, 539
04/09/2020,11:36,13.02,13.02,13.02,13.02, 884
04/09/2020,11:37,13.05,13.05,13.05,13.05, 500
04/09/2020,11:39,13.03,13.03,13.02,13.02, 189
04/09/2020,11:39,12.99,12.99,12.99,12.99, 201
04/09/2020,11:42,13.02,13.02,13.02,13.02, 1045
04/09/2020,11:44,13.01,13.01,13,13, 1014
04/09/2020,11:45,13.01,13.01,13.01,13.01, 30
04/09/2020,11:48,13,13,13,13, 7
04/09/2020,11:59,12.98,12.98,12.98,12.98, 198
04/09/2020,12:01,12.97,12.97,12.97,12.97, 505
04/09/2020,12:02,12.98,12.99,12.98,12.99, 942
04/09/2020,12:06,12.99,13,12.99,13, 195
04/09/2020,12:19,13.03,13.03,13.03,13.03, 159
04/09/2020,12:24,13.03,13.03,13.03,13.03, 612
04/09/2020,12:36,13.01,13.01,13.01,13.01, 4
04/09/2020,12:42,13.02,13.02,13.02,13.02, 490
04/09/2020,12:43,13.03,13.05,13.03,13.05, 336
04/09/2020,12:56,13.04,13.04,13.03,13.03, 1637
04/09/2020,13:00,13.05,13.05,13.05,13.05, 707
04/09/2020,13:03,13.02,13.02,13.02,13.02, 489
04/09/2020,13:05,13.04,13.04,13.04,13.04, 364
04/09/2020,13:08,13.02,13.02,13.02,13.02, 4300
04/09/2020,13:09,13.04,13.04,13.04,13.04, 927
04/09/2020,13:21,13.02,13.02,13.02,13.02, 218
04/09/2020,13:24,13,13,13,13, 159
04/09/2020,13:24,12.98,12.98,12.98,12.98, 160
04/09/2020,13:25,12.98,12.98,12.98,12.98, 1517
04/09/2020,13:30,12.96,12.96,12.96,12.96, 470
04/09/2020,13:32,12.94,12.94,12.94,12.94, 34
04/09/2020,13:36,12.99,12.99,12.99,12.99, 131
04/09/2020,13:39,12.97,12.97,12.97,12.97, 181
04/09/2020,13:42,12.96,12.97,12.96,12.96, 1148
04/09/2020,13:50,12.98,12.98,12.98,12.98, 235
04/09/2020,13:58,12.96,12.96,12.96,12.96, 64
04/09/2020,14:00,12.98,13,12.98,13, 2186
04/09/2020,14:02,13,13,13,13, 2216
04/09/2020,14:05,13.02,13.02,13,13.02, 3022
04/09/2020,14:06,13.02,13.02,13.02,13.02, 1421
04/09/2020,14:06,13.02,13.03,13.02,13.03, 1083
04/09/2020,14:07,13.03,13.03,13.03,13.03, 300
04/09/2020,14:10,13.02,13.02,13.02,13.02, 274
04/09/2020,14:12,13.03,13.03,13.03,13.03, 490
04/09/2020,14:12,13.02,13.02,13.01,13.02, 1182
04/09/2020,14:14,13.03,13.03,13.03,13.03, 118
04/09/2020,14:15,13.03,13.03,13.02,13.03, 3271
04/09/2020,14:15,13.03,13.03,13.03,13.03, 154
04/09/2020,14:17,13.02,13.02,13.02,13.02, 695
04/09/2020,14:21,13.03,13.03,13.03,13.03, 387
04/09/2020,14:24,13.03,13.03,13.03,13.03, 986
04/09/2020,14:24,13.04,13.04,13.04,13.04, 60
04/09/2020,14:30,13.03,13.04,13.02,13.02, 1841
04/09/2020,14:32,13.05,13.05,13.05,13.05, 39
04/09/2020,14:33,13.05,13.05,13.05,13.05, 174
04/09/2020,14:36,13.05,13.05,13.05,13.05, 800
04/09/2020,14:37,13.06,13.06,13.06,13.06, 44
04/09/2020,14:50,13.04,13.05,13.04,13.05, 367
04/09/2020,14:56,13.06,13.06,13.06,13.06, 595
04/09/2020,14:57,13.06,13.06,13.06,13.06, 690
04/09/2020,14:58,13.08,13.08,13.08,13.08, 24
04/09/2020,15:00,13.06,13.06,13.06,13.06, 522
04/09/2020,15:05,13.06,13.08,13.06,13.08, 767
04/09/2020,15:08,13.09,13.12,13.09,13.12, 1364
04/09/2020,15:11,13.1,13.1,13.1,13.1, 169
04/09/2020,15:13,13.1,13.11,13.1,13.11, 2771
04/09/2020,15:19,13.1,13.11,13.1,13.1, 2300
04/09/2020,15:19,13.12,13.12,13.12,13.12, 35
04/09/2020,15:22,13.12,13.14,13.12,13.14, 1567
04/09/2020,15:22,13.12,13.12,13.12,13.12, 300
04/09/2020,15:24,13.12,13.12,13.12,13.12, 35
04/09/2020,15:24,13.11,13.12,13.11,13.12, 715
04/09/2020,15:25,13.12,13.12,13.12,13.12, 300
04/09/2020,15:28,13.13,13.15,13.13,13.15, 2500
04/09/2020,15:29,13.12,13.12,13.12,13.12, 204
04/09/2020,15:35,13.12,13.12,13.11,13.11, 624
04/09/2020,15:36,13.14,13.15,13.14,13.15, 384
04/09/2020,15:46,13.16,13.16,13.16,13.16, 271
04/09/2020,15:46,13.15,13.15,13.14,13.14, 731
04/09/2020,15:49,13.15,13.15,13.15,13.15, 36
04/09/2020,15:56,13.14,13.16,13.14,13.16, 3242
04/09/2020,15:59,13.17,13.17,13.17,13.17, 200
04/09/2020,16:01,13.15,13.16,13.15,13.16, 1020
04/09/2020,16:02,13.16,13.16,13.16,13.16, 141
04/09/2020,16:06,13.12,13.12,13.12,13.12, 173
04/09/2020,16:07,13.11,13.14,13.1,13.1, 788
04/09/2020,16:09,13.09,13.1,13.09,13.1, 378
04/09/2020,16:10,13.1,13.1,13.1,13.1, 143
04/09/2020,16:10,13.09,13.09,13.09,13.09, 97
04/09/2020,16:11,13.07,13.07,13.03,13.06, 18167
04/09/2020,16:13,13.06,13.07,13.06,13.07, 612
04/09/2020,16:15,13.08,13.08,13.08,13.08, 444
04/09/2020,16:16,13.07,13.07,13.07,13.07, 10
04/09/2020,16:18,13.04,13.04,13.04,13.04, 1070
04/09/2020,16:19,13.02,13.02,13.02,13.02, 597
04/09/2020,16:22,13.04,13.04,13.04,13.04, 196
04/09/2020,16:24,13.01,13.03,13.01,13.03, 2204
04/09/2020,16:25,13.04,13.04,13.04,13.04, 1194
04/09/2020,16:26,13.04,13.04,13.03,13.03, 231
04/09/2020,16:27,13.04,13.04,13.04,13.04, 1237
04/09/2020,16:28,13.05,13.05,13.05,13.05, 293
04/09/2020,16:34,13.04,13.04,13.04,13.04, 474
04/09/2020,16:34,13.03,13.03,13.03,13.03, 770
04/09/2020,16:39,13.04,13.06,13.04,13.06, 1624
04/09/2020,16:40,13.06,13.06,13.06,13.06, 20
04/09/2020,16:46,13.06,13.06,13.06,13.06, 115
04/09/2020,16:50,13.05,13.05,13.05,13.05, 139
04/09/2020,16:51,13.06,13.06,13.06,13.06, 28
04/09/2020,16:52,13.06,13.06,13.05,13.05, 326
04/09/2020,16:58,13.06,13.06,13.06,13.06, 933
04/09/2020,17:00,13.06,13.06,13.05,13.05, 373
04/09/2020,17:01,13.06,13.08,13.06,13.07, 4678
04/09/2020,17:02,13.07,13.07,13.07,13.07, 790
04/09/2020,17:03,13.07,13.07,13.07,13.07, 464
04/09/2020,17:07,13.06,13.06,13.06,13.06, 300
04/09/2020,17:08,13.07,13.07,13.07,13.07, 857
04/09/2020,17:14,13.05,13.05,13.04,13.04, 547
04/09/2020,17:15,13.03,13.03,13.03,13.03, 2946
04/09/2020,17:17,13.05,13.05,13.05,13.05, 381
04/09/2020,17:20,13.02,13.03,13.02,13.03, 940
04/09/2020,17:22,13.01,13.03,13.01,13.03, 4008
04/09/2020,17:24,13.03,13.03,13.01,13.01, 1763
04/09/2020,17:24,13.01,13.01,12.98,12.98, 1041
04/09/2020,17:27,12.99,12.99,12.99,12.99, 1871
04/09/2020,17:28,12.98,12.99,12.98,12.99, 1816
04/09/2020,17:30,13.01,13.01,13.01,13.01, 20
04/09/2020,17:30,13.01,13.03,12.97,13.03, 5310
04/09/2020,17:32,13.03,13.03,13.03,13.03, 15
04/09/2020,17:36,13.07,13.07,13.07,13.07, 70320
04/14/2020,09:01,13.25,13.25,13.25,13.25, 1871
04/14/2020,09:01,13.29,13.3,13.29,13.3, 241
04/14/2020,09:04,13.38,13.38,13.38,13.38, 200
04/14/2020,09:05,13.38,13.46,13.35,13.46, 3595
04/14/2020,09:07,13.38,13.38,13.37,13.37, 1500
04/14/2020,09:09,13.39,13.39,13.39,13.39, 31
04/14/2020,09:11,13.34,13.34,13.2,13.2, 7356
04/14/2020,09:12,13.2,13.2,13.14,13.14, 2688
04/14/2020,09:13,13.17,13.22,13.17,13.22, 943
04/14/2020,09:18,13.19,13.19,13.19,13.19, 300
04/14/2020,09:21,13.23,13.24,13.2,13.2, 1298
04/14/2020,09:21,13.2,13.2,13.2,13.2, 102
04/14/2020,14:09,13.16,13.28,13.16,13.16, 8156
04/14/2020,14:13,13.23,13.23,13.23,13.23, 327
04/14/2020,14:18,13.24,13.25,13.22,13.25, 1752
04/14/2020,14:20,13.25,13.28,13.24,13.25, 1289
04/14/2020,14:33,13.22,13.23,13.22,13.23, 1104
04/14/2020,14:34,13.26,13.26,13.26,13.26, 277
04/14/2020,14:37,13.28,13.28,13.28,13.28, 371
04/14/2020,14:38,13.28,13.31,13.28,13.3, 3116
04/14/2020,14:39,13.31,13.32,13.31,13.32, 67
04/14/2020,14:41,13.32,13.33,13.32,13.33, 52
04/14/2020,14:43,13.34,13.34,13.32,13.34, 8832
04/14/2020,14:44,13.36,13.4,13.36,13.4, 665
04/14/2020,14:45,13.4,13.4,13.4,13.4, 761
04/14/2020,14:46,13.39,13.39,13.39,13.39, 23
04/14/2020,14:50,13.4,13.42,13.4,13.42, 466
04/14/2020,14:50,13.41,13.41,13.38,13.38, 1112
04/14/2020,14:52,13.39,13.39,13.39,13.39, 300
04/14/2020,14:53,13.41,13.41,13.41,13.41, 182
04/14/2020,14:54,13.41,13.41,13.41,13.41, 212
04/14/2020,14:58,13.42,13.42,13.39,13.4, 1337
04/14/2020,15:00,13.4,13.4,13.4,13.4, 445
04/14/2020,15:01,13.37,13.37,13.35,13.35, 1182
04/14/2020,15:03,13.39,13.4,13.39,13.4, 424
04/14/2020,15:07,13.36,13.36,13.36,13.36, 215
04/14/2020,15:07,13.36,13.36,13.36,13.36, 46
04/14/2020,15:11,13.38,13.38,13.38,13.38, 1399
04/14/2020,15:13,13.4,13.4,13.4,13.4, 694
04/14/2020,15:13,13.38,13.38,13.38,13.38, 546
04/14/2020,15:16,13.38,13.38,13.38,13.38, 115
04/14/2020,15:21,13.38,13.39,13.38,13.39, 777
04/14/2020,15:22,13.37,13.37,13.37,13.37, 46
04/14/2020,15:23,13.36,13.37,13.35,13.37, 3869
04/14/2020,15:25,13.39,13.39,13.39,13.39, 342
04/14/2020,15:26,13.37,13.37,13.37,13.37, 23
04/14/2020,15:27,13.36,13.36,13.36,13.36, 28
04/14/2020,15:27,13.35,13.35,13.35,13.35, 25
04/14/2020,15:29,13.36,13.36,13.36,13.36, 190
04/14/2020,15:30,13.36,13.36,13.36,13.36, 80
04/14/2020,15:34,13.35,13.35,13.32,13.32, 7335
04/14/2020,15:35,13.31,13.31,13.29,13.3, 2893
04/14/2020,15:35,13.28,13.28,13.28,13.28, 172
04/14/2020,15:36,13.29,13.29,13.29,13.29, 300
04/14/2020,15:37,13.3,13.33,13.3,13.33, 2365
04/14/2020,15:37,13.31,13.33,13.29,13.29, 1967
04/14/2020,15:38,13.29,13.29,13.25,13.26, 2449
04/14/2020,15:38,13.27,13.27,13.2,13.2, 1284
04/14/2020,15:39,13.23,13.23,13.23,13.23, 600
04/14/2020,15:40,13.25,13.34,13.25,13.34, 8470
04/14/2020,15:40,13.34,13.35,13.34,13.35, 596
04/14/2020,15:41,13.36,13.36,13.36,13.36, 75
04/14/2020,15:44,13.38,13.38,13.38,13.38, 297
04/14/2020,15:44,13.4,13.4,13.4,13.4, 95
04/14/2020,15:45,13.39,13.42,13.38,13.39, 4294
04/14/2020,15:46,13.38,13.38,13.36,13.38, 950
04/14/2020,15:48,13.41,13.41,13.41,13.41, 23
04/14/2020,15:48,13.42,13.42,13.42,13.42, 173
04/14/2020,15:50,13.42,13.42,13.42,13.42, 707
04/14/2020,15:52,13.46,13.46,13.46,13.46, 120
04/14/2020,15:53,13.47,13.47,13.44,13.45, 1706
04/14/2020,15:54,13.45,13.46,13.45,13.46, 503
04/14/2020,15:55,13.48,13.48,13.48,13.48, 50
04/14/2020,15:56,13.49,13.49,13.49,13.49, 254
04/14/2020,15:57,13.5,13.51,13.5,13.51, 2160
04/14/2020,15:58,13.52,13.52,13.5,13.51, 937
04/14/2020,16:03,13.51,13.51,13.51,13.51, 508
04/14/2020,16:06,13.51,13.51,13.51,13.51, 600
04/14/2020,16:06,13.51,13.51,13.49,13.49, 1257
04/14/2020,16:06,13.48,13.48,13.48,13.48, 72
04/14/2020,16:08,13.49,13.49,13.49,13.49, 461
04/14/2020,16:08,13.49,13.49,13.49,13.49, 329
04/14/2020,16:09,13.5,13.5,13.5,13.5, 50
04/14/2020,16:10,13.52,13.52,13.51,13.51, 976
04/14/2020,16:10,13.54,13.54,13.54,13.54, 726
04/14/2020,16:12,13.57,13.57,13.57,13.57, 60
04/14/2020,16:14,13.56,13.56,13.56,13.56, 557
04/14/2020,16:17,13.58,13.61,13.58,13.58, 3569
04/14/2020,16:18,13.6,13.6,13.58,13.59, 2389
04/14/2020,16:19,13.6,13.6,13.6,13.6, 32
04/14/2020,16:20,13.61,13.62,13.61,13.62, 970
04/14/2020,16:21,13.6,13.6,13.57,13.57, 1820
04/14/2020,16:24,13.6,13.6,13.58,13.58, 574
04/14/2020,16:25,13.55,13.55,13.54,13.54, 1454
04/14/2020,16:26,13.56,13.56,13.56,13.56, 42
04/14/2020,16:27,13.55,13.55,13.55,13.55, 500
04/14/2020,16:30,13.53,13.53,13.53,13.53, 801
04/14/2020,16:31,13.52,13.52,13.52,13.52, 540
04/14/2020,16:31,13.52,13.52,13.5,13.52, 1501
04/14/2020,16:34,13.52,13.54,13.52,13.54, 1827
04/14/2020,16:40,13.56,13.56,13.56,13.56, 300
04/14/2020,16:41,13.56,13.58,13.55,13.58, 2026
04/14/2020,16:42,13.57,13.57,13.57,13.57, 958
04/14/2020,16:46,13.61,13.61,13.6,13.6, 451
04/14/2020,16:46,13.61,13.61,13.61,13.61, 227
04/14/2020,16:48,13.59,13.59,13.56,13.57, 2825
04/14/2020,16:50,13.57,13.57,13.57,13.57, 300
04/14/2020,16:52,13.59,13.6,13.59,13.59, 3981
04/14/2020,16:55,13.58,13.59,13.58,13.59, 814
04/14/2020,16:58,13.63,13.63,13.62,13.62, 1733
04/14/2020,17:02,13.62,13.62,13.62,13.62, 804
04/14/2020,17:03,13.63,13.64,13.6,13.6, 2929
04/14/2020,17:07,13.59,13.6,13.59,13.6, 1106
04/14/2020,17:08,13.59,13.59,13.58,13.58, 1162
04/14/2020,17:12,13.58,13.58,13.58,13.58, 867
04/14/2020,17:14,13.6,13.6,13.59,13.59, 1287
04/14/2020,17:18,13.6,13.6,13.6,13.6, 40
04/14/2020,17:22,13.6,13.6,13.59,13.59, 427
04/14/2020,17:23,13.62,13.62,13.62,13.62, 402
04/14/2020,17:25,13.61,13.65,13.61,13.65, 421
04/14/2020,17:27,13.67,13.68,13.67,13.68, 2180
04/14/2020,17:28,13.69,13.69,13.69,13.69, 300
04/14/2020,17:30,13.65,13.67,13.63,13.66, 5250
04/14/2020,17:36,13.57,13.57,13.57,13.57, 106824
04/15/2020,09:01,13.8,13.89,13.8,13.89, 5841
04/15/2020,09:02,13.9,14.07,13.9,14.07, 4459
04/15/2020,09:04,14.07,14.1,13.99,13.99, 4240
04/15/2020,09:04,13.97,13.97,13.96,13.96, 3000
04/15/2020,09:06,13.96,13.96,13.89,13.93, 1035
04/15/2020,09:07,13.91,13.91,13.89,13.89, 3428
04/15/2020,09:14,13.69,13.7,13.69,13.7, 1560
04/15/2020,09:15,13.65,13.67,13.62,13.65, 1875
04/15/2020,09:16,13.6,13.6,13.6,13.6, 1000
04/15/2020,09:17,13.57,13.6,13.55,13.6, 2370
04/15/2020,09:19,13.58,13.58,13.58,13.58, 500
04/15/2020,09:20,13.63,13.68,13.63,13.68, 3273
04/15/2020,09:23,13.68,13.74,13.68,13.74, 3177
04/15/2020,09:24,13.72,13.72,13.71,13.72, 2370
04/15/2020,09:24,13.75,13.75,13.75,13.75, 100
04/15/2020,09:27,13.75,13.8,13.75,13.8, 1676
04/15/2020,09:29,13.85,13.85,13.85,13.85, 330
04/15/2020,09:31,13.82,13.82,13.81,13.81, 1328
04/15/2020,09:34,13.79,13.79,13.78,13.78, 1000
04/15/2020,09:35,13.78,13.78,13.78,13.78, 220
04/15/2020,09:37,13.84,13.85,13.84,13.85, 1500
04/15/2020,09:37,13.81,13.81,13.81,13.81, 300
04/15/2020,09:39,13.77,13.77,13.69,13.69, 2134
04/15/2020,09:40,13.66,13.66,13.63,13.63, 2000
04/15/2020,09:42,13.7,13.74,13.7,13.73, 2660
04/15/2020,09:44,13.74,13.75,13.74,13.75, 1028
04/15/2020,09:46,13.71,13.71,13.7,13.7, 859
04/15/2020,09:52,13.64,13.64,13.64,13.64, 506
04/15/2020,09:54,13.64,13.64,13.64,13.64, 15
04/15/2020,09:55,13.67,13.68,13.67,13.68, 1096
04/15/2020,09:58,13.68,13.68,13.67,13.67, 558
04/15/2020,10:03,13.65,13.65,13.65,13.65, 134
04/15/2020,10:07,13.64,13.66,13.64,13.66, 2159
04/15/2020,10:16,13.7,13.7,13.7,13.7, 430
04/15/2020,10:19,13.71,13.71,13.65,13.65, 650
04/15/2020,10:28,13.72,13.72,13.68,13.68, 1635
04/15/2020,10:30,13.68,13.68,13.65,13.65, 910
04/15/2020,10:32,13.63,13.63,13.62,13.63, 679
04/15/2020,10:33,13.67,13.7,13.67,13.7, 1589
04/15/2020,10:38,13.67,13.67,13.66,13.66, 1422
04/15/2020,10:39,13.67,13.7,13.67,13.67, 3335
04/15/2020,10:41,13.63,13.63,13.63,13.63, 225
04/15/2020,10:42,13.61,13.61,13.61,13.61, 2045
04/15/2020,10:44,13.61,13.61,13.59,13.59, 822
04/15/2020,10:46,13.58,13.58,13.58,13.58, 1710
04/15/2020,10:50,13.52,13.58,13.52,13.56, 8085
04/15/2020,10:52,13.57,13.57,13.56,13.56, 212
04/15/2020,10:53,13.55,13.55,13.54,13.54, 1197
04/15/2020,10:55,13.57,13.58,13.52,13.58, 4152
04/15/2020,10:55,13.6,13.61,13.59,13.59, 950
04/15/2020,10:57,13.6,13.6,13.58,13.58, 2085
04/15/2020,10:58,13.6,13.6,13.6,13.6, 60
04/15/2020,11:00,13.61,13.61,13.61,13.61, 71
04/15/2020,11:01,13.62,13.62,13.62,13.62, 166
04/15/2020,11:03,13.61,13.61,13.61,13.61, 185
04/15/2020,11:04,13.61,13.61,13.59,13.6, 1588
04/15/2020,11:06,13.57,13.57,13.55,13.55, 2360
04/15/2020,11:09,13.52,13.52,13.51,13.51, 400
04/15/2020,11:13,13.53,13.53,13.53,13.53, 481
04/15/2020,11:14,13.53,13.53,13.53,13.53, 145
04/15/2020,11:18,13.53,13.53,13.53,13.53, 1016
04/15/2020,11:31,13.51,13.51,13.49,13.49, 3986
04/15/2020,11:37,13.46,13.46,13.46,13.46, 151
04/15/2020,11:39,13.46,13.46,13.45,13.45, 1224
04/15/2020,11:40,13.46,13.46,13.46,13.46, 139
04/15/2020,11:41,13.47,13.48,13.47,13.48, 695
04/15/2020,11:43,13.47,13.47,13.44,13.44, 501
04/15/2020,11:48,13.41,13.41,13.37,13.39, 3684
04/15/2020,11:51,13.38,13.38,13.38,13.38, 153
04/15/2020,11:53,13.39,13.41,13.39,13.41, 2000
04/15/2020,12:01,13.41,13.41,13.39,13.4, 619
04/15/2020,12:04,13.4,13.4,13.4,13.4, 1040
04/15/2020,12:05,13.41,13.42,13.41,13.42, 764
04/15/2020,12:05,13.41,13.41,13.37,13.37, 1663
04/15/2020,12:07,13.4,13.4,13.4,13.4, 717
04/15/2020,12:07,13.39,13.39,13.39,13.39, 723
04/15/2020,12:10,13.37,13.37,13.31,13.32, 3671
04/15/2020,12:11,13.34,13.34,13.33,13.33, 1314
04/15/2020,12:11,13.36,13.38,13.36,13.38, 1352
04/15/2020,12:12,13.39,13.39,13.39,13.39, 154
04/15/2020,12:16,13.41,13.41,13.41,13.41, 148
04/15/2020,12:19,13.43,13.43,13.43,13.43, 200
04/15/2020,12:27,13.37,13.37,13.36,13.36, 1473
04/15/2020,12:29,13.37,13.37,13.37,13.37, 1327
04/15/2020,12:34,13.4,13.4,13.4,13.4, 214
04/15/2020,12:37,13.4,13.4,13.4,13.4, 275
04/15/2020,12:39,13.38,13.38,13.37,13.37, 250
04/15/2020,12:42,13.37,13.37,13.37,13.37, 200
04/15/2020,12:44,13.35,13.35,13.35,13.35, 300
04/15/2020,12:47,13.36,13.36,13.36,13.36, 130
04/15/2020,12:50,13.38,13.38,13.37,13.37, 2088
04/15/2020,12:52,13.34,13.34,13.34,13.34, 1402
04/15/2020,12:53,13.35,13.35,13.35,13.35, 1066
04/15/2020,12:55,13.33,13.33,13.32,13.33, 1687
04/15/2020,13:03,13.35,13.35,13.34,13.35, 800
04/15/2020,13:09,13.33,13.35,13.33,13.35, 158
04/15/2020,13:11,13.33,13.33,13.33,13.33, 294
04/15/2020,13:13,13.33,13.34,13.33,13.34, 149
04/15/2020,13:18,13.32,13.32,13.2,13.31, 49436
04/15/2020,13:20,13.31,13.32,13.31,13.32, 850
04/15/2020,13:21,13.31,13.31,13.31,13.31, 1532
04/15/2020,13:21,13.3,13.3,13.3,13.3, 500
04/15/2020,13:23,13.29,13.29,13.29,13.29, 1385
04/15/2020,13:24,13.3,13.3,13.29,13.29, 1037
04/15/2020,13:25,13.3,13.32,13.3,13.32, 1352
04/15/2020,13:34,13.36,13.36,13.36,13.36, 364
04/15/2020,13:34,13.38,13.38,13.37,13.37, 353
04/15/2020,13:38,13.36,13.37,13.36,13.37, 1066
04/15/2020,13:40,13.33,13.34,13.33,13.34, 1244
04/15/2020,13:45,13.33,13.33,13.33,13.33, 1448
04/15/2020,13:56,13.32,13.32,13.32,13.32, 215
04/15/2020,13:59,13.3,13.3,13.3,13.3, 449
04/15/2020,14:02,13.3,13.32,13.3,13.32, 3090
04/15/2020,14:03,13.33,13.35,13.33,13.35, 1031
04/15/2020,14:04,13.36,13.36,13.36,13.36, 354
04/15/2020,14:05,13.36,13.36,13.36,13.36, 143
04/15/2020,14:08,13.37,13.38,13.37,13.38, 969
04/15/2020,14:10,13.39,13.4,13.35,13.36, 3175
04/15/2020,14:12,13.35,13.35,13.35,13.35, 110
04/15/2020,14:14,13.35,13.35,13.35,13.35, 375
04/15/2020,14:16,13.37,13.37,13.37,13.37, 40
04/15/2020,14:17,13.36,13.36,13.34,13.34, 442
04/15/2020,14:19,13.34,13.34,13.34,13.34, 737
04/15/2020,14:23,13.33,13.33,13.31,13.31, 563
04/15/2020,14:27,13.33,13.33,13.33,13.33, 529
04/15/2020,14:31,13.3,13.3,13.3,13.3, 1217
04/15/2020,14:32,13.32,13.34,13.32,13.34, 1602
04/15/2020,14:38,13.35,13.35,13.32,13.32, 1300
04/15/2020,14:50,13.35,13.37,13.35,13.37, 1455
04/15/2020,14:54,13.35,13.35,13.35,13.35, 863
04/15/2020,14:55,13.33,13.33,13.31,13.31, 672
04/15/2020,15:00,13.3,13.3,13.3,13.3, 639
04/15/2020,15:01,13.28,13.28,13.28,13.28, 185
04/15/2020,15:04,13.28,13.28,13.28,13.28, 961
04/15/2020,15:06,13.3,13.3,13.3,13.3, 713
04/15/2020,15:07,13.28,13.28,13.28,13.28, 779
04/15/2020,15:08,13.28,13.28,13.28,13.28, 786
04/15/2020,15:12,13.3,13.3,13.3,13.3, 2552
04/15/2020,15:14,13.32,13.32,13.32,13.32, 630
04/15/2020,15:14,13.27,13.27,13.26,13.26, 914
04/15/2020,15:17,13.23,13.27,13.23,13.27, 1383
04/15/2020,15:18,13.26,13.27,13.26,13.27, 224
04/15/2020,15:20,13.27,13.27,13.27,13.27, 771
04/15/2020,15:32,13.26,13.26,13.26,13.26, 185
04/15/2020,15:33,13.26,13.28,13.26,13.28, 1184
04/15/2020,15:36,13.28,13.28,13.28,13.28, 356
04/15/2020,15:37,13.31,13.31,13.31,13.31, 70
04/15/2020,15:42,13.28,13.28,13.24,13.24, 2026
04/15/2020,15:42,13.22,13.22,13.22,13.22, 700
04/15/2020,15:46,13.22,13.23,13.22,13.23, 2057
04/15/2020,15:49,13.26,13.26,13.26,13.26, 197
04/15/2020,15:52,13.27,13.29,13.27,13.29, 1366
04/15/2020,15:54,13.3,13.3,13.3,13.3, 561
04/15/2020,15:56,13.28,13.28,13.28,13.28, 70
04/15/2020,15:57,13.28,13.29,13.28,13.28, 1329
04/15/2020,15:58,13.28,13.28,13.28,13.28, 840
04/15/2020,15:59,13.3,13.3,13.3,13.3, 385
04/15/2020,16:01,13.28,13.28,13.28,13.28, 984
04/15/2020,16:06,13.3,13.3,13.28,13.28, 242
04/15/2020,16:06,13.28,13.28,13.28,13.28, 834
04/15/2020,16:09,13.26,13.26,13.26,13.26, 357
04/15/2020,16:14,13.26,13.26,13.26,13.26, 487
04/15/2020,16:15,13.25,13.28,13.25,13.28, 1320
04/15/2020,16:18,13.28,13.28,13.27,13.27, 659
04/15/2020,16:18,13.26,13.26,13.26,13.26, 359
04/15/2020,16:20,13.25,13.26,13.25,13.26, 688
04/15/2020,16:20,13.26,13.26,13.26,13.26, 475
04/15/2020,16:21,13.26,13.26,13.24,13.24, 820
04/15/2020,16:23,13.28,13.28,13.28,13.28, 152
04/15/2020,16:33,13.27,13.27,13.27,13.27, 387
04/15/2020,16:34,13.27,13.27,13.27,13.27, 5
04/15/2020,16:35,13.28,13.35,13.28,13.34, 8131
04/15/2020,16:36,13.33,13.35,13.33,13.35, 1278
04/15/2020,16:38,13.35,13.35,13.35,13.35, 458
04/15/2020,16:39,13.34,13.34,13.34,13.34, 185
04/15/2020,16:40,13.35,13.35,13.35,13.35, 1098
04/15/2020,16:41,13.37,13.38,13.37,13.38, 987
04/15/2020,16:42,13.39,13.39,13.39,13.39, 600
04/15/2020,16:44,13.41,13.41,13.41,13.41, 855
04/15/2020,16:48,13.4,13.4,13.38,13.38, 1215
04/15/2020,16:48,13.38,13.38,13.38,13.38, 802
04/15/2020,16:49,13.4,13.4,13.4,13.4, 1
04/15/2020,16:57,13.36,13.36,13.29,13.3, 5504
04/15/2020,16:57,13.31,13.35,13.31,13.32, 4017
04/15/2020,17:00,13.33,13.33,13.3,13.3, 1187
04/15/2020,17:02,13.3,13.31,13.3,13.31, 747
04/15/2020,17:06,13.32,13.33,13.32,13.32, 1712
04/15/2020,17:06,13.31,13.31,13.3,13.3, 1184
04/15/2020,17:08,13.3,13.31,13.3,13.31, 1054
04/15/2020,17:11,13.3,13.3,13.3,13.3, 160
04/15/2020,17:14,13.31,13.31,13.31,13.31, 600
04/15/2020,17:16,13.3,13.3,13.3,13.3, 407
04/15/2020,17:18,13.3,13.3,13.28,13.28, 493
04/15/2020,17:18,13.27,13.27,13.26,13.26, 1727
04/15/2020,17:22,13.29,13.29,13.27,13.27, 1015
04/15/2020,17:23,13.29,13.29,13.27,13.27, 1025
04/15/2020,17:23,13.27,13.27,13.27,13.27, 206
04/15/2020,17:25,13.27,13.27,13.26,13.26, 1151
04/15/2020,17:26,13.26,13.29,13.26,13.27, 2422
04/15/2020,17:27,13.27,13.27,13.27,13.27, 902
04/15/2020,17:28,13.27,13.27,13.27,13.27, 447
04/15/2020,17:28,13.27,13.27,13.27,13.27, 471
04/15/2020,17:30,13.26,13.27,13.25,13.27, 1302
04/15/2020,17:30,13.26,13.26,13.26,13.26, 126
04/15/2020,17:36,13.22,13.22,13.22,13.22, 81857
04/16/2020,09:01,13.3,13.32,13.27,13.27, 1448
04/16/2020,09:03,13.32,13.43,13.32,13.43, 2852
04/16/2020,09:04,13.38,13.4,13.38,13.4, 473
04/16/2020,09:05,13.38,13.38,13.35,13.35, 1634
04/16/2020,09:07,13.38,13.42,13.32,13.32, 5273
04/16/2020,09:08,13.26,13.26,13.25,13.25, 1032
04/16/2020,09:09,13.21,13.23,13.19,13.19, 3841
04/16/2020,09:10,13.21,13.25,13.21,13.25, 1876
04/16/2020,09:17,13.21,13.21,13.21,13.21, 966
04/16/2020,09:19,13.21,13.22,13.19,13.19, 750
04/16/2020,09:30,13.24,13.24,13.21,13.22, 2699
04/16/2020,09:31,13.27,13.27,13.27,13.27, 236
04/16/2020,09:34,13.26,13.26,13.24,13.25, 1565
04/16/2020,09:40,13.21,13.26,13.2,13.2, 29656
04/16/2020,09:41,13.19,13.21,13.19,13.19, 1628
04/16/2020,09:42,13.18,13.21,13.18,13.2, 711
04/16/2020,09:46,13.28,13.28,13.26,13.26, 377
04/16/2020,09:51,13.28,13.3,13.28,13.3, 1553
04/16/2020,09:58,13.32,13.32,13.32,13.32, 755
04/16/2020,10:02,13.34,13.36,13.33,13.36, 2150
04/16/2020,10:03,13.36,13.36,13.3,13.3, 5789
04/16/2020,10:04,13.28,13.28,13.26,13.26, 1100
04/16/2020,10:08,13.28,13.3,13.28,13.3, 919
04/16/2020,10:08,13.31,13.31,13.31,13.31, 572
04/16/2020,10:17,13.35,13.37,13.34,13.37, 3620
04/16/2020,10:17,13.39,13.42,13.39,13.42, 2821
04/16/2020,10:20,13.43,13.43,13.43,13.43, 438
04/16/2020,10:22,13.42,13.42,13.42,13.42, 348
04/16/2020,10:22,13.42,13.42,13.39,13.39, 2411
04/16/2020,10:24,13.4,13.43,13.39,13.43, 3263
04/16/2020,10:26,13.45,13.46,13.44,13.44, 435
04/16/2020,10:30,13.43,13.46,13.43,13.46, 3003
04/16/2020,10:31,13.44,13.44,13.41,13.42, 2521
04/16/2020,10:33,13.45,13.45,13.45,13.45, 100
04/16/2020,10:35,13.47,13.48,13.47,13.48, 304
04/16/2020,10:40,13.47,13.47,13.47,13.47, 88
04/16/2020,10:40,13.47,13.47,13.45,13.45, 432
04/16/2020,10:47,13.47,13.47,13.47,13.47, 1500
04/16/2020,10:55,13.49,13.49,13.46,13.46, 1485
04/16/2020,10:58,13.48,13.48,13.48,13.48, 101
04/16/2020,10:59,13.5,13.53,13.5,13.53, 2000
04/16/2020,11:00,13.53,13.55,13.53,13.55, 3158
04/16/2020,11:01,13.58,13.58,13.58,13.58, 156
04/16/2020,11:03,13.56,13.56,13.56,13.56, 878
04/16/2020,11:03,13.54,13.54,13.54,13.54, 139
04/16/2020,11:05,13.54,13.55,13.54,13.55, 317
04/16/2020,11:05,13.52,13.52,13.49,13.49, 1868
04/16/2020,11:07,13.49,13.49,13.49,13.49, 316
04/16/2020,11:12,13.51,13.51,13.51,13.51, 578
04/16/2020,11:15,13.5,13.51,13.48,13.51, 2184
04/16/2020,11:18,13.52,13.52,13.52,13.52, 405
04/16/2020,11:20,13.51,13.51,13.51,13.51, 30
04/16/2020,11:23,13.52,13.54,13.52,13.53, 517
04/16/2020,11:25,13.53,13.54,13.52,13.53, 1809
04/16/2020,11:29,13.5,13.51,13.5,13.51, 15375
04/16/2020,11:29,13.49,13.49,13.49,13.49, 1046
04/16/2020,11:30,13.47,13.48,13.47,13.48, 938
04/16/2020,11:32,13.49,13.54,13.49,13.54, 1980
04/16/2020,11:34,13.57,13.57,13.57,13.57, 188
04/16/2020,11:37,13.56,13.56,13.56,13.56, 517
04/16/2020,11:45,13.6,13.62,13.6,13.62, 6767
04/16/2020,11:50,13.63,13.65,13.63,13.64, 2194
04/16/2020,11:52,13.62,13.62,13.62,13.62, 423
04/16/2020,11:53,13.6,13.6,13.59,13.59, 790
04/16/2020,11:54,13.6,13.6,13.6,13.6, 500
04/16/2020,12:08,13.61,13.61,13.61,13.61, 80
04/16/2020,12:10,13.6,13.62,13.6,13.62, 714
04/16/2020,12:12,13.63,13.65,13.62,13.62, 1083
04/16/2020,12:12,13.62,13.62,13.62,13.62, 64
04/16/2020,12:14,13.62,13.62,13.62,13.62, 911
04/16/2020,12:20,13.62,13.62,13.62,13.62, 538
04/16/2020,12:21,13.62,13.62,13.62,13.62, 845
04/16/2020,12:26,13.64,13.64,13.64,13.64, 258
04/16/2020,12:28,13.65,13.65,13.65,13.65, 409
04/16/2020,12:31,13.67,13.67,13.67,13.67, 215
04/16/2020,12:33,13.65,13.65,13.65,13.65, 1018
04/16/2020,12:37,13.65,13.65,13.62,13.62, 1765
04/16/2020,12:38,13.64,13.64,13.64,13.64, 347
04/16/2020,12:38,13.63,13.63,13.63,13.63, 173
04/16/2020,12:51,13.63,13.63,13.59,13.59, 3975
04/16/2020,12:55,13.61,13.61,13.61,13.61, 195
04/16/2020,13:03,13.64,13.64,13.64,13.64, 276
04/16/2020,13:05,13.6,13.6,13.57,13.57, 1880
04/16/2020,13:07,13.56,13.56,13.56,13.56, 453
04/16/2020,13:10,13.57,13.57,13.57,13.57, 706
04/16/2020,13:10,13.59,13.59,13.59,13.59, 604
04/16/2020,13:12,13.57,13.57,13.57,13.57, 503
04/16/2020,13:21,13.57,13.57,13.57,13.57, 708
04/16/2020,13:23,13.59,13.59,13.59,13.59, 2
04/16/2020,13:26,13.61,13.61,13.61,13.61, 10
04/16/2020,13:27,13.59,13.59,13.59,13.59, 1097
04/16/2020,13:43,13.61,13.61,13.61,13.61, 35
04/16/2020,13:51,13.58,13.58,13.56,13.56, 2251
04/16/2020,13:53,13.57,13.57,13.57,13.57, 1197
04/16/2020,14:02,13.6,13.65,13.6,13.65, 13176
04/16/2020,14:03,13.67,13.67,13.67,13.67, 122
04/16/2020,14:05,13.69,13.69,13.69,13.69, 135
04/16/2020,14:07,13.69,13.69,13.68,13.68, 2172
04/16/2020,14:10,13.67,13.67,13.67,13.67, 669
04/16/2020,14:15,13.66,13.66,13.66,13.66, 595
04/16/2020,14:15,13.66,13.67,13.66,13.67, 1966
04/16/2020,14:19,13.68,13.68,13.68,13.68, 2519
04/16/2020,14:26,13.66,13.66,13.66,13.66, 1656
04/16/2020,14:31,13.68,13.68,13.67,13.67, 1524
04/16/2020,14:33,13.7,13.7,13.7,13.7, 2022
04/16/2020,14:34,13.72,13.72,13.72,13.72, 776
04/16/2020,14:36,13.7,13.7,13.68,13.68, 3495
04/16/2020,14:36,13.66,13.66,13.66,13.66, 300
04/16/2020,14:41,13.64,13.64,13.64,13.64, 949
04/16/2020,14:53,13.59,13.59,13.58,13.59, 2554
04/16/2020,14:54,13.59,13.59,13.59,13.59, 461
04/16/2020,14:56,13.6,13.6,13.6,13.6, 674
04/16/2020,14:58,13.61,13.61,13.6,13.6, 1848
04/16/2020,15:00,13.58,13.58,13.58,13.58, 346
04/16/2020,15:01,13.57,13.57,13.57,13.57, 220
04/16/2020,15:03,13.58,13.6,13.58,13.6, 1819
04/16/2020,15:08,13.6,13.6,13.6,13.6, 824
04/16/2020,15:16,13.62,13.63,13.62,13.63, 744
04/16/2020,15:21,13.62,13.62,13.62,13.62, 2074
04/16/2020,15:27,13.62,13.62,13.62,13.62, 300
04/16/2020,15:28,13.63,13.64,13.63,13.64, 3756
04/16/2020,15:30,13.62,13.62,13.61,13.62, 1203
04/16/2020,15:32,13.63,13.64,13.63,13.64, 1404
04/16/2020,15:36,13.63,13.63,13.62,13.62, 1890
04/16/2020,15:36,13.61,13.61,13.6,13.6, 986
04/16/2020,15:37,13.6,13.61,13.6,13.6, 704
04/16/2020,15:46,13.62,13.63,13.62,13.63, 2231
04/16/2020,15:48,13.64,13.65,13.61,13.61, 5309
04/16/2020,15:49,13.6,13.6,13.6,13.6, 162
04/16/2020,15:50,13.61,13.61,13.61,13.61, 387
04/16/2020,15:51,13.58,13.58,13.58,13.58, 851
04/16/2020,15:54,13.57,13.57,13.57,13.57, 1695
04/16/2020,15:55,13.57,13.58,13.57,13.58, 1179
04/16/2020,15:56,13.58,13.58,13.58,13.58, 151
04/16/2020,15:57,13.57,13.57,13.57,13.57, 2241
04/16/2020,15:58,13.56,13.56,13.54,13.54, 590
04/16/2020,15:59,13.53,13.53,13.52,13.53, 399
04/16/2020,16:01,13.53,13.53,13.53,13.53, 384
04/16/2020,16:04,13.52,13.52,13.52,13.52, 172
04/16/2020,16:05,13.52,13.52,13.49,13.49, 2982
04/16/2020,16:12,13.48,13.48,13.48,13.48, 509
04/16/2020,16:13,13.47,13.47,13.47,13.47, 652
04/16/2020,16:14,13.48,13.48,13.48,13.48, 516
04/16/2020,16:15,13.48,13.48,13.48,13.48, 384
04/16/2020,16:16,13.49,13.49,13.49,13.49, 639
04/16/2020,16:18,13.5,13.5,13.49,13.49, 1906
04/16/2020,16:20,13.51,13.52,13.5,13.5, 2366
04/16/2020,16:24,13.51,13.51,13.51,13.51, 710
04/16/2020,16:25,13.52,13.52,13.52,13.52, 176
04/16/2020,16:26,13.52,13.52,13.47,13.47, 4673
04/16/2020,16:28,13.47,13.47,13.45,13.46, 9510
04/16/2020,16:29,13.45,13.45,13.43,13.43, 1237
04/16/2020,16:29,13.44,13.44,13.44,13.44, 1118
04/16/2020,16:33,13.44,13.44,13.43,13.43, 1851
04/16/2020,16:34,13.44,13.44,13.44,13.44, 408
04/16/2020,16:35,13.43,13.43,13.41,13.41, 1901
04/16/2020,16:39,13.43,13.44,13.43,13.44, 621
04/16/2020,16:39,13.44,13.44,13.44,13.44, 528
04/16/2020,16:41,13.44,13.44,13.44,13.44, 28
04/16/2020,16:43,13.46,13.46,13.42,13.42, 301
04/16/2020,16:44,13.41,13.42,13.41,13.42, 871
04/16/2020,16:45,13.43,13.43,13.43,13.43, 203
04/16/2020,16:50,13.44,13.45,13.44,13.44, 2116
04/16/2020,16:54,13.43,13.43,13.4,13.4, 3256
04/16/2020,16:55,13.4,13.4,13.39,13.39, 5304
04/16/2020,16:55,13.39,13.39,13.39,13.39, 24
04/16/2020,16:57,13.39,13.39,13.39,13.39, 53
04/16/2020,17:03,13.38,13.38,13.35,13.36, 2305
04/16/2020,17:04,13.36,13.36,13.36,13.36, 437
04/16/2020,17:05,13.37,13.37,13.35,13.35, 3051
04/16/2020,17:06,13.36,13.36,13.36,13.36, 560
04/16/2020,17:07,13.37,13.38,13.37,13.38, 1820
04/16/2020,17:10,13.39,13.39,13.39,13.39, 36
04/16/2020,17:12,13.39,13.39,13.37,13.39, 2627
04/16/2020,17:14,13.39,13.39,13.39,13.39, 222
04/16/2020,17:15,13.39,13.4,13.38,13.38, 5310
04/16/2020,17:18,13.38,13.38,13.38,13.38, 556
04/16/2020,17:20,13.38,13.38,13.38,13.38, 479
04/16/2020,17:20,13.38,13.38,13.38,13.38, 1562
04/16/2020,17:21,13.39,13.39,13.38,13.38, 3358
04/16/2020,17:22,13.37,13.38,13.36,13.37, 4704
04/16/2020,17:23,13.36,13.36,13.36,13.36, 15
04/16/2020,17:26,13.36,13.36,13.36,13.36, 119
04/16/2020,17:26,13.35,13.36,13.35,13.36, 423
04/16/2020,17:28,13.37,13.39,13.37,13.39, 3121
04/16/2020,17:29,13.39,13.39,13.38,13.38, 893
04/16/2020,17:30,13.38,13.4,13.37,13.4, 929
04/16/2020,17:32,13.39,13.4,13.39,13.4, 327
04/16/2020,17:36,13.41,13.41,13.41,13.41, 81015
04/17/2020,09:01,13.7,13.7,13.7,13.7, 88
04/17/2020,09:03,13.57,13.7,13.53,13.7, 2717
04/17/2020,09:04,13.65,13.65,13.65,13.65, 298
04/17/2020,09:05,13.64,13.69,13.64,13.69, 2512
04/17/2020,09:11,13.52,13.52,13.52,13.52, 180
04/17/2020,09:13,13.52,13.52,13.52,13.52, 120
04/17/2020,09:15,13.55,13.55,13.55,13.55, 56
04/17/2020,09:20,13.62,13.62,13.58,13.58, 2062
04/17/2020,09:21,13.57,13.57,13.56,13.56, 216
04/17/2020,09:27,13.58,13.58,13.58,13.58, 449
04/17/2020,09:28,13.58,13.58,13.54,13.54, 335
04/17/2020,09:30,13.59,13.59,13.59,13.59, 2500
04/17/2020,09:31,13.61,13.61,13.59,13.59, 607
04/17/2020,09:37,13.63,13.63,13.61,13.61, 449
04/17/2020,09:41,13.62,13.62,13.62,13.62, 83
04/17/2020,09:42,13.64,13.64,13.64,13.64, 120
04/17/2020,09:43,13.66,13.66,13.65,13.66, 1192
04/17/2020,09:44,13.64,13.64,13.62,13.62, 1250
04/17/2020,09:58,13.56,13.56,13.53,13.53, 2381
04/17/2020,10:00,13.53,13.53,13.53,13.53, 826
04/17/2020,10:02,13.52,13.52,13.52,13.52, 592
04/17/2020,10:03,13.5,13.5,13.5,13.5, 153
04/17/2020,10:06,13.5,13.5,13.5,13.5, 222
04/17/2020,10:06,13.5,13.5,13.5,13.5, 143
04/17/2020,10:08,13.49,13.5,13.49,13.5, 629
04/17/2020,10:18,13.51,13.52,13.51,13.52, 605
04/17/2020,10:21,13.5,13.5,13.48,13.48, 958
04/17/2020,10:29,13.49,13.49,13.49,13.49, 662
04/17/2020,10:33,13.51,13.52,13.51,13.52, 40
04/17/2020,10:34,13.51,13.51,13.51,13.51, 460
04/17/2020,10:50,13.52,13.54,13.52,13.54, 1532
04/17/2020,10:53,13.55,13.55,13.53,13.53, 981
04/17/2020,11:00,13.52,13.52,13.51,13.52, 994
04/17/2020,11:03,13.54,13.55,13.54,13.55, 150
04/17/2020,11:11,13.58,13.58,13.57,13.57, 1092
04/17/2020,11:12,13.56,13.56,13.56,13.56, 11
04/17/2020,11:14,13.57,13.6,13.57,13.6, 5541
04/17/2020,11:16,13.6,13.6,13.59,13.59, 600
04/17/2020,11:20,13.6,13.61,13.6,13.61, 580
04/17/2020,11:20,13.62,13.62,13.62,13.62, 54
04/17/2020,11:26,13.63,13.65,13.63,13.64, 3940
04/17/2020,11:26,13.63,13.63,13.62,13.62, 455
04/17/2020,11:27,13.62,13.62,13.62,13.62, 200
04/17/2020,11:33,13.65,13.65,13.62,13.62, 1756
04/17/2020,11:41,13.64,13.64,13.64,13.64, 745
04/17/2020,11:42,13.65,13.65,13.64,13.64, 774
04/17/2020,11:44,13.65,13.65,13.65,13.65, 348
04/17/2020,11:46,13.65,13.65,13.65,13.65, 20
04/17/2020,11:49,13.67,13.67,13.67,13.67, 132
04/17/2020,11:51,13.69,13.72,13.69,13.72, 1231
04/17/2020,11:52,13.73,13.73,13.72,13.72, 889
04/17/2020,11:54,13.73,13.73,13.73,13.73, 616
04/17/2020,11:55,13.73,13.73,13.71,13.71, 1755
04/17/2020,12:05,13.7,13.7,13.7,13.7, 699
04/17/2020,12:12,13.68,13.68,13.68,13.68, 300
04/17/2020,12:13,13.69,13.7,13.69,13.7, 331
04/17/2020,12:22,13.75,13.75,13.74,13.74, 1662
04/17/2020,12:31,13.75,13.75,13.73,13.73, 516
04/17/2020,12:32,13.72,13.72,13.72,13.72, 1044
04/17/2020,12:35,13.72,13.74,13.72,13.74, 603
04/17/2020,12:46,13.76,13.76,13.75,13.75, 623
04/17/2020,12:55,13.78,13.78,13.78,13.78, 198
04/17/2020,12:57,13.77,13.79,13.75,13.79, 5074
04/17/2020,12:59,13.77,13.77,13.77,13.77, 19
04/17/2020,13:03,13.75,13.77,13.75,13.77, 1001
04/17/2020,13:06,13.77,13.77,13.77,13.77, 10
04/17/2020,13:07,13.74,13.74,13.74,13.74, 153
04/17/2020,13:10,13.75,13.77,13.75,13.77, 600
04/17/2020,13:13,13.76,13.76,13.75,13.75, 877
04/17/2020,13:15,13.72,13.72,13.71,13.71, 9683
04/17/2020,13:15,13.75,13.75,13.75,13.75, 978
04/17/2020,13:25,13.76,13.77,13.76,13.77, 1337
04/17/2020,13:27,13.76,13.76,13.76,13.76, 190
04/17/2020,13:28,13.79,13.79,13.79,13.79, 192
04/17/2020,13:32,13.78,13.78,13.78,13.78, 8
04/17/2020,13:33,13.77,13.77,13.73,13.73, 1128
04/17/2020,13:34,13.72,13.72,13.72,13.72, 230
04/17/2020,13:39,13.73,13.74,13.73,13.73, 1037
04/17/2020,13:43,13.74,13.74,13.74,13.74, 8
04/17/2020,13:44,13.74,13.74,13.73,13.73, 1186
04/17/2020,13:46,13.75,13.76,13.75,13.76, 399
04/17/2020,13:57,13.74,13.74,13.73,13.73, 1104
04/17/2020,14:14,13.73,13.75,13.71,13.75, 4696
04/17/2020,14:14,13.74,13.74,13.74,13.74, 121
04/17/2020,14:18,13.74,13.74,13.74,13.74, 81
04/17/2020,14:23,13.71,13.71,13.71,13.71, 313
04/17/2020,14:25,13.7,13.7,13.7,13.7, 142
04/17/2020,14:28,13.68,13.68,13.66,13.67, 2980
04/17/2020,14:30,13.67,13.68,13.67,13.67, 1729
04/17/2020,14:38,13.67,13.67,13.67,13.67, 678
04/17/2020,14:38,13.67,13.67,13.66,13.66, 2635
04/17/2020,14:40,13.65,13.65,13.65,13.65, 8
04/17/2020,14:40,13.64,13.64,13.64,13.64, 222
04/17/2020,14:41,13.65,13.65,13.65,13.65, 403
04/17/2020,14:48,13.65,13.66,13.65,13.66, 900
04/17/2020,14:49,13.66,13.66,13.66,13.66, 282
04/17/2020,15:03,13.68,13.68,13.68,13.68, 405
04/17/2020,15:09,13.66,13.66,13.65,13.65, 1311
04/17/2020,15:12,13.66,13.66,13.66,13.66, 300
04/17/2020,15:27,13.68,13.68,13.68,13.68, 618
04/17/2020,15:30,13.7,13.7,13.7,13.7, 100
04/17/2020,15:32,13.7,13.7,13.69,13.69, 1290
04/17/2020,15:35,13.7,13.7,13.7,13.7, 479
04/17/2020,15:37,13.69,13.69,13.69,13.69, 1
04/17/2020,15:38,13.7,13.7,13.7,13.7, 128
04/17/2020,15:44,13.7,13.7,13.68,13.68, 522
04/17/2020,15:46,13.7,13.7,13.7,13.7, 118
04/17/2020,15:49,13.71,13.71,13.71,13.71, 57
04/17/2020,15:50,13.69,13.69,13.69,13.69, 626
04/17/2020,15:52,13.68,13.68,13.67,13.67, 776
04/17/2020,15:53,13.7,13.7,13.7,13.7, 63
04/17/2020,15:56,13.67,13.67,13.66,13.67, 1149
04/17/2020,15:57,13.7,13.7,13.7,13.7, 96
04/17/2020,16:01,13.71,13.71,13.71,13.71, 57
04/17/2020,16:04,13.71,13.71,13.69,13.69, 3406
04/17/2020,16:05,13.67,13.67,13.67,13.67, 350
04/17/2020,16:10,13.69,13.69,13.69,13.69, 609
04/17/2020,16:14,13.7,13.7,13.67,13.67, 706
04/17/2020,16:15,13.64,13.64,13.64,13.64, 300
04/17/2020,16:16,13.63,13.63,13.63,13.63, 453
04/17/2020,16:17,13.63,13.63,13.62,13.62, 3642
04/17/2020,16:19,13.62,13.62,13.59,13.59, 3174
04/17/2020,16:21,13.59,13.59,13.59,13.59, 363
04/17/2020,16:22,13.6,13.62,13.6,13.62, 1284
04/17/2020,16:23,13.61,13.61,13.61,13.61, 1037
04/17/2020,16:24,13.61,13.61,13.6,13.61, 1640
04/17/2020,16:25,13.61,13.61,13.61,13.61, 514
04/17/2020,16:26,13.61,13.61,13.61,13.61, 400
04/17/2020,16:31,13.65,13.65,13.65,13.65, 166
04/17/2020,16:33,13.66,13.66,13.66,13.66, 64
04/17/2020,16:33,13.65,13.65,13.65,13.65, 418
04/17/2020,16:37,13.66,13.66,13.66,13.66, 64
04/17/2020,16:39,13.63,13.63,13.63,13.63, 247
04/17/2020,16:41,13.64,13.64,13.64,13.64, 72
04/17/2020,16:42,13.64,13.65,13.64,13.65, 241
04/17/2020,16:43,13.63,13.63,13.63,13.63, 635
04/17/2020,16:44,13.62,13.62,13.62,13.62, 146
04/17/2020,16:49,13.62,13.62,13.61,13.62, 2053
04/17/2020,16:51,13.61,13.61,13.61,13.61, 1
04/17/2020,16:52,13.61,13.61,13.6,13.6, 241
04/17/2020,16:53,13.6,13.6,13.6,13.6, 163
04/17/2020,16:55,13.61,13.62,13.61,13.62, 1798
04/17/2020,17:04,13.66,13.66,13.65,13.65, 1431
04/17/2020,17:05,13.64,13.64,13.63,13.63, 562
04/17/2020,17:06,13.63,13.63,13.63,13.63, 53
04/17/2020,17:07,13.63,13.63,13.63,13.63, 289
04/17/2020,17:09,13.63,13.63,13.62,13.62, 1529
04/17/2020,17:16,13.6,13.6,13.59,13.59, 785
04/17/2020,17:17,13.58,13.58,13.58,13.58, 166
04/17/2020,17:19,13.58,13.58,13.57,13.57, 184
04/17/2020,17:19,13.57,13.57,13.57,13.57, 23
04/17/2020,17:21,13.58,13.58,13.58,13.58, 845
04/17/2020,17:23,13.56,13.56,13.56,13.56, 521
04/17/2020,17:24,13.56,13.56,13.54,13.55, 255
04/17/2020,17:25,13.55,13.57,13.55,13.57, 2573
04/17/2020,17:26,13.58,13.59,13.57,13.58, 972
04/17/2020,17:27,13.59,13.59,13.59,13.59, 93
04/17/2020,17:28,13.58,13.6,13.58,13.59, 614
04/17/2020,17:29,13.6,13.6,13.6,13.6, 596
04/17/2020,17:30,13.61,13.61,13.6,13.61, 1356
04/17/2020,17:30,13.61,13.61,13.61,13.61, 176
04/17/2020,17:31,13.61,13.61,13.61,13.61, 129
04/17/2020,17:36,13.57,13.57,13.57,13.57, 67151

