03/02/2020,15:31,1,1,1,1, 1000
03/02/2020,15:32,.98,.98,.98,.98, 500
03/02/2020,15:37,1,1,1,1, 500
03/02/2020,15:39,.991,.991,.991,.991, 100
03/02/2020,15:48,.981,.981,.981,.981, 111
03/02/2020,15:49,1,1,1,1, 100
03/02/2020,16:00,.995,.995,.995,.995, 100
03/02/2020,16:04,.972,.972,.972,.972, 100
03/02/2020,16:11,1,1,1,1, 100
03/02/2020,16:14,1,1,.997,.997, 5500
03/02/2020,16:16,1,1,.995,1, 10700
03/02/2020,16:22,1,1.02,.99,.99, 11490
03/02/2020,16:24,1.02,1.02,1.02,1.02, 100
03/02/2020,16:25,1,1,1,1, 6000
03/02/2020,16:27,.99,.99,.99,.99, 400
03/02/2020,16:27,.99,.99,.99,.99, 100
03/02/2020,16:30,1,1,1,1, 6950
03/02/2020,16:31,1,1,1,1, 400
03/02/2020,16:35,1.01,1.02,1,1.02, 10700
03/02/2020,16:39,1,1.01,1,1.005, 2600
03/02/2020,16:41,1,1.01,1,1, 2600
03/02/2020,16:43,1,1,1,1, 300
03/02/2020,16:45,1,1,1,1, 100
03/02/2020,16:46,1,1,1,1, 100
03/02/2020,16:49,1,1,1,1, 100
03/02/2020,16:50,1,1,1,1, 300
03/02/2020,16:53,1,1,1,1, 100
03/02/2020,16:56,1,1,1,1, 100
03/02/2020,16:58,.99,.99,.99,.99, 1000
03/02/2020,17:00,1,1,.998,.998, 484
03/02/2020,17:03,.995,1,.995,1, 800
03/02/2020,17:08,1,1,1,1, 100
03/02/2020,17:16,1,1,1,1, 100
03/02/2020,17:19,1,1,1,1, 100
03/02/2020,17:21,1,1,1,1, 1000
03/02/2020,17:23,.995,1,.995,1, 200
03/02/2020,17:27,1,1,1,1, 400
03/02/2020,17:31,1,1,1,1, 100
03/02/2020,17:33,1,1.01,1,1.01, 17803
03/02/2020,17:35,1.01,1.01,1.01,1.01, 100
03/02/2020,17:36,1.01,1.01,1.01,1.01, 400
03/02/2020,17:37,1.01,1.01,1.01,1.01, 300
03/02/2020,17:42,1.01,1.01,1.01,1.01, 100
03/02/2020,17:42,1,1.01,1,1.01, 9700
03/02/2020,17:46,1.01,1.01,1.01,1.01, 100
03/02/2020,17:47,1.01,1.02,1.01,1.01, 1918
03/02/2020,17:47,1.01,1.01,1.01,1.01, 500
03/02/2020,17:50,1.01,1.01,1.01,1.01, 100
03/02/2020,17:53,1.01,1.01,1.01,1.01, 200
03/02/2020,17:55,1.01,1.02,1.01,1.02, 900
03/02/2020,17:56,1.01,1.018,1.01,1.01, 7100
03/02/2020,18:02,1.015,1.015,1.01,1.01, 200
03/02/2020,18:02,1.01,1.01,1.01,1.01, 200
03/02/2020,18:04,1,1.02,1,1.02, 9497
03/02/2020,18:05,1.02,1.02,1.02,1.02, 900
03/02/2020,18:09,1.005,1.005,1.005,1.005, 1983
03/02/2020,18:09,1.005,1.005,1.005,1.005, 1100
03/02/2020,18:13,1.005,1.005,1.005,1.005, 200
03/02/2020,18:15,1.005,1.005,1.005,1.005, 600
03/02/2020,18:21,1.005,1.01,1.005,1.01, 735
03/02/2020,18:22,1,1,1,1, 984
03/02/2020,18:28,1,1,1,1, 2500
03/02/2020,18:28,1,1,1,1, 2566
03/02/2020,18:30,1.03,1.03,1.03,1.03, 100
03/02/2020,18:40,1,1,1,1, 100
03/02/2020,18:43,1,1,1,1, 100
03/02/2020,18:47,1,1,1,1, 100
03/02/2020,18:48,.98,.98,.98,.98, 100
03/02/2020,18:50,1,1,1,1, 300
03/02/2020,18:54,1,1,1,1, 100
03/02/2020,18:55,.98,.98,.98,.98, 1100
03/02/2020,18:58,1,1,1,1, 100
03/02/2020,19:01,.995,1,.995,1, 3700
03/02/2020,19:01,1,1,1,1, 100
03/02/2020,19:02,1,1,1,1, 100
03/02/2020,19:05,1,1,1,1, 200
03/02/2020,19:07,1,1,1,1, 100
03/02/2020,19:11,1,1,1,1, 100
03/02/2020,19:14,1,1,1,1, 200
03/02/2020,19:16,1,1,1,1, 100
03/02/2020,19:17,1,1,1,1, 1000
03/02/2020,19:21,1,1,1,1, 100
03/02/2020,19:26,.99,.99,.99,.99, 322
03/02/2020,19:28,1.01,1.01,1.01,1.01, 100
03/02/2020,19:28,1.005,1.005,1,1, 200
03/02/2020,19:34,1.01,1.01,1.01,1.01, 100
03/02/2020,19:39,1.01,1.01,1.01,1.01, 100
03/02/2020,19:44,.99,.99,.99,.99, 100
03/02/2020,19:46,.995,.995,.995,.995, 2200
03/02/2020,19:47,1,1,1,1, 100
03/02/2020,19:50,1,1,1,1, 200
03/02/2020,19:52,1,1,1,1, 100
03/02/2020,19:57,1,1,1,1, 100
03/02/2020,20:01,1,1,1,1, 100
03/02/2020,20:06,1,1,1,1, 100
03/02/2020,20:08,1,1,.999,.999, 4000
03/02/2020,20:11,1,1,1,1, 1779
03/02/2020,20:16,1,1,1,1, 5000
03/02/2020,20:18,1.02,1.02,1,1, 1600
03/02/2020,20:19,1,1,1,1, 1500
03/02/2020,20:20,1,1.02,1,1, 2500
03/02/2020,20:20,1,1,1,1, 700
03/02/2020,20:23,1.02,1.02,1,1, 1524
03/02/2020,20:28,1.02,1.02,1.02,1.02, 300
03/02/2020,20:33,1.02,1.02,1.02,1.02, 100
03/02/2020,20:34,1.02,1.02,1.02,1.02, 200
03/02/2020,20:38,1.02,1.02,1.02,1.02, 100
03/02/2020,20:43,1.011,1.02,1.011,1.02, 300
03/02/2020,20:46,1,1.01,1,1.01, 700
03/02/2020,20:47,1,1.02,1,1, 1900
03/02/2020,20:48,1,1,1,1, 300
03/02/2020,20:49,1,1,1,1, 200
03/02/2020,20:50,1.01,1.01,1,1, 300
03/02/2020,20:51,1,1,1,1, 200
03/02/2020,20:52,1,1,1,1, 800
03/02/2020,20:57,1.02,1.02,1.02,1.02, 200
03/02/2020,21:00,1.02,1.02,1.02,1.02, 200
03/02/2020,21:05,1.016,1.016,1.016,1.016, 500
03/02/2020,21:09,1.01,1.01,1.01,1.01, 2800
03/02/2020,21:14,1.01,1.01,1.01,1.01, 100
03/02/2020,21:18,1.01,1.01,1.01,1.01, 100
03/02/2020,21:20,1.004,1.004,1.004,1.004, 175
03/02/2020,21:21,1.01,1.01,1.01,1.01, 200
03/02/2020,21:22,1.01,1.01,1.01,1.01, 100
03/02/2020,21:28,1.005,1.005,1.005,1.005, 500
03/02/2020,21:28,1.005,1.005,1.005,1.005, 100
03/02/2020,21:36,1.006,1.006,1.006,1.006, 350
03/02/2020,21:38,1.005,1.005,1.005,1.005, 200
03/02/2020,21:40,1.005,1.005,1.005,1.005, 5000
03/02/2020,21:41,1.005,1.01,1,1.005, 6388
03/02/2020,21:43,1,1,1,1, 1400
03/02/2020,21:44,1.006,1.006,1.006,1.006, 1000
03/02/2020,21:44,1,1,1,1, 2700
03/02/2020,21:49,1.001,1.001,1.001,1.001, 265
03/02/2020,21:53,1.01,1.01,.992,.992, 4300
03/02/2020,21:55,1,1,1,1, 100
03/02/2020,21:57,1.01,1.01,1,1, 700
03/02/2020,21:58,1,1,1,1, 300
03/02/2020,22:00,1.02,1.02,1.02,1.02, 100
03/02/2020,22:01,1.02,1.02,.995,.995, 375
03/03/2020,15:31,1.07,1.07,1.07,1.07, 2705
03/03/2020,15:36,1.01,1.01,1.01,1.01, 100
03/03/2020,15:39,1.01,1.01,1.01,1.01, 200
03/03/2020,15:40,1.064,1.064,1.02,1.03, 5300
03/03/2020,15:44,1.07,1.07,1.052,1.06, 1650
03/03/2020,15:53,1.05,1.06,1.05,1.06, 16700
03/03/2020,15:55,1.06,1.06,1.06,1.06, 100
03/03/2020,16:00,1.02,1.02,1.02,1.02, 100
03/03/2020,16:15,1.06,1.06,1.06,1.06, 210
03/03/2020,16:27,1.03,1.03,1.03,1.03, 1080
03/03/2020,16:29,1.03,1.03,1.03,1.03, 1500
03/03/2020,16:31,1.05,1.05,1.03,1.05, 1100
03/03/2020,16:35,1.03,1.03,1.03,1.03, 11800
03/03/2020,16:41,1.05,1.05,1.05,1.05, 10799
03/03/2020,16:41,1.05,1.05,1.05,1.05, 2292
03/03/2020,16:50,1.03,1.03,1.03,1.03, 400
03/03/2020,16:55,1.05,1.06,1.033,1.033, 2350
03/03/2020,16:59,1.03,1.03,1.03,1.03, 135
03/03/2020,17:12,1.05,1.05,1.05,1.05, 200
03/03/2020,17:17,1.03,1.03,1.03,1.03, 4598
03/03/2020,17:19,1.04,1.04,1.04,1.04, 100
03/03/2020,17:53,1.045,1.06,1.03,1.03, 350
03/03/2020,18:01,1.05,1.05,1.05,1.05, 1200
03/03/2020,18:06,1.043,1.043,1.043,1.043, 295
03/03/2020,18:11,1.04,1.04,1.04,1.04, 1785
03/03/2020,18:23,1.04,1.04,1.04,1.04, 400
03/03/2020,18:42,1.04,1.04,1.03,1.04, 885
03/03/2020,18:47,1.045,1.045,1.045,1.045, 9050
03/03/2020,18:49,1.04,1.04,1.04,1.04, 1000
03/03/2020,18:52,1.04,1.04,1.03,1.04, 2599
03/03/2020,18:56,1.028,1.028,1.028,1.028, 350
03/03/2020,19:04,1.02,1.02,1.02,1.02, 100
03/03/2020,19:21,1.03,1.03,1.03,1.03, 220
03/03/2020,19:40,1.03,1.03,1.03,1.03, 3922
03/03/2020,19:43,1.03,1.03,1.03,1.03, 100
03/03/2020,20:01,1.01,1.01,1.01,1.01, 100
03/03/2020,20:15,1.01,1.01,1.01,1.01, 100
03/03/2020,20:20,1.01,1.01,1,1.01, 9261
03/03/2020,20:30,.99,.99,.99,.99, 100
03/03/2020,20:30,1.01,1.01,1.01,1.01, 100
03/03/2020,20:40,.99,.99,.99,.99, 200
03/03/2020,20:42,1.01,1.01,1.01,1.01, 100
03/03/2020,20:47,.99,.99,.99,.99, 260
03/03/2020,21:19,.979,.979,.979,.979, 2000
03/03/2020,21:21,1.01,1.01,1.01,1.01, 100
03/03/2020,21:31,1.01,1.01,1.01,1.01, 100
03/03/2020,21:32,.996,.996,.996,.996, 200
03/03/2020,21:38,.99,.99,.99,.99, 150
03/03/2020,21:42,1.007,1.01,1.007,1.01, 2000
03/03/2020,21:44,1.01,1.01,1.01,1.01, 100
03/03/2020,21:53,1.01,1.01,1.01,1.01, 100
03/03/2020,21:58,1.01,1.01,1.01,1.01, 100
03/03/2020,22:00,1.01,1.01,1.01,1.01, 151
03/04/2020,15:31,1.04,1.04,1.04,1.04, 720
03/04/2020,15:35,1.03,1.03,1.03,1.03, 100
03/04/2020,15:39,1.01,1.01,1.01,1.01, 10000
03/04/2020,15:44,1.03,1.03,1.03,1.03, 100
03/04/2020,16:09,1.025,1.03,1.025,1.03, 1800
03/04/2020,16:13,1.025,1.03,1.025,1.03, 460
03/04/2020,16:46,1.03,1.06,1.03,1.06, 7359
03/04/2020,16:50,1.06,1.06,1.06,1.06, 100
03/04/2020,16:58,1.04,1.06,1.04,1.06, 2100
03/04/2020,17:03,1.04,1.06,1.04,1.06, 1800
03/04/2020,17:07,1.06,1.06,1.06,1.06, 100
03/04/2020,17:13,1.05,1.05,1.05,1.05, 2100
03/04/2020,17:15,1.05,1.05,1.05,1.05, 100
03/04/2020,17:16,1.054,1.054,1.054,1.054, 177
03/04/2020,17:24,1.05,1.06,1.05,1.06, 2299
03/04/2020,17:26,1.055,1.06,1.055,1.06, 1200
03/04/2020,17:27,1.06,1.06,1.058,1.06, 6100
03/04/2020,17:29,1.06,1.07,1.06,1.06, 7500
03/04/2020,17:30,1.063,1.063,1.063,1.063, 400
03/04/2020,17:33,1.07,1.07,1.07,1.07, 2100
03/04/2020,17:35,1.07,1.09,1.065,1.09, 5732
03/04/2020,17:37,1.08,1.08,1.08,1.08, 200
03/04/2020,17:40,1.099,1.099,1.099,1.099, 800
03/04/2020,17:42,1.1,1.1,1.09,1.09, 5700
03/04/2020,17:45,1.091,1.091,1.091,1.091, 4000
03/04/2020,17:45,1.09,1.09,1.09,1.09, 200
03/04/2020,17:47,1.094,1.094,1.094,1.094, 150
03/04/2020,17:48,1.1,1.1,1.1,1.1, 100
03/04/2020,17:54,1.1,1.1,1.1,1.1, 500
03/04/2020,17:54,1.092,1.092,1.092,1.092, 2000
03/04/2020,17:56,1.09,1.09,1.09,1.09, 1061
03/04/2020,17:57,1.1,1.1,1.1,1.1, 100
03/04/2020,18:02,1.1,1.1,1.1,1.1, 300
03/04/2020,18:05,1.095,1.095,1.09,1.09, 2476
03/04/2020,18:06,1.092,1.092,1.092,1.092, 272
03/04/2020,18:24,1.07,1.07,1.07,1.07, 100
03/04/2020,18:27,1.075,1.075,1.075,1.075, 100
03/04/2020,18:29,1.07,1.07,1.04,1.04, 3634
03/04/2020,18:36,1.08,1.08,1.08,1.08, 100
03/04/2020,18:42,1.08,1.08,1.08,1.08, 100
03/04/2020,18:43,1.06,1.06,1.057,1.057, 610
03/04/2020,18:45,1.08,1.08,1.079,1.08, 12600
03/04/2020,18:46,1.08,1.08,1.08,1.08, 100
03/04/2020,18:51,1.062,1.062,1.06,1.06, 4000
03/04/2020,19:01,1.09,1.09,1.09,1.09, 100
03/04/2020,19:02,1.09,1.09,1.09,1.09, 275
03/04/2020,19:10,1.09,1.09,1.09,1.09, 100
03/04/2020,19:14,1.081,1.081,1.081,1.081, 900
03/04/2020,19:15,1.088,1.088,1.088,1.088, 200
03/04/2020,19:19,1.09,1.09,1.09,1.09, 100
03/04/2020,19:24,1.087,1.087,1.086,1.086, 628
03/04/2020,19:27,1.085,1.085,1.085,1.085, 276
03/04/2020,19:30,1.085,1.09,1.085,1.09, 400
03/04/2020,19:40,1.083,1.083,1.083,1.083, 2000
03/04/2020,19:43,1.09,1.09,1.09,1.09, 100
03/04/2020,19:48,1.085,1.085,1.08,1.08, 5000
03/04/2020,19:50,1.09,1.09,1.09,1.09, 100
03/04/2020,19:54,1.09,1.09,1.09,1.09, 100
03/04/2020,19:59,1.08,1.08,1.08,1.08, 1000
03/04/2020,20:02,1.09,1.09,1.09,1.09, 500
03/04/2020,20:10,1.085,1.085,1.085,1.085, 100
03/04/2020,20:12,1.085,1.085,1.085,1.085, 200
03/04/2020,20:14,1.09,1.09,1.09,1.09, 100
03/04/2020,20:15,1.085,1.09,1.085,1.09, 3051
03/04/2020,20:20,1.1,1.1,1.1,1.1, 200
03/04/2020,20:20,1.1,1.1,1.1,1.1, 1000
03/04/2020,20:21,1.09,1.105,1.09,1.105, 4500
03/04/2020,20:24,1.105,1.12,1.105,1.12, 400
03/04/2020,20:25,1.105,1.105,1.105,1.105, 100
03/04/2020,20:25,1.12,1.12,1.12,1.12, 175
03/04/2020,20:30,1.113,1.113,1.1,1.1, 600
03/04/2020,20:32,1.12,1.12,1.12,1.12, 500
03/04/2020,20:34,1.12,1.12,1.12,1.12, 2600
03/04/2020,20:36,1.115,1.12,1.115,1.12, 3170
03/04/2020,20:36,1.13,1.13,1.128,1.128, 1000
03/04/2020,20:37,1.125,1.125,1.125,1.125, 1000
03/04/2020,20:39,1.13,1.13,1.13,1.13, 1035
03/04/2020,20:43,1.12,1.13,1.12,1.12, 7880
03/04/2020,20:46,1.12,1.12,1.12,1.12, 13940
03/04/2020,20:46,1.11,1.11,1.11,1.11, 1000
03/04/2020,20:51,1.123,1.123,1.123,1.123, 100
03/04/2020,20:52,1.11,1.11,1.11,1.11, 400
03/04/2020,20:53,1.11,1.11,1.11,1.11, 500
03/04/2020,21:02,1.12,1.12,1.12,1.12, 400
03/04/2020,21:06,1.12,1.12,1.12,1.12, 100
03/04/2020,21:12,1.11,1.11,1.11,1.11, 1000
03/04/2020,21:12,1.11,1.11,1.1,1.103, 3996
03/04/2020,21:13,1.1,1.105,1.1,1.105, 2902
03/04/2020,21:19,1.093,1.093,1.09,1.09, 5400
03/04/2020,21:19,1.105,1.105,1.105,1.105, 1500
03/04/2020,21:24,1.103,1.103,1.103,1.103, 400
03/04/2020,21:27,1.105,1.105,1.105,1.105, 100
03/04/2020,21:29,1.11,1.11,1.11,1.11, 100
03/04/2020,21:32,1.11,1.11,1.11,1.11, 100
03/04/2020,21:34,1.1,1.1,1.1,1.1, 639
03/04/2020,21:35,1.11,1.11,1.08,1.08, 200
03/04/2020,21:38,1.095,1.095,1.095,1.095, 200
03/04/2020,21:39,1.11,1.11,1.11,1.11, 1000
03/04/2020,21:50,1.09,1.09,1.088,1.088, 1300
03/04/2020,21:51,1.085,1.089,1.085,1.089, 1200
03/04/2020,21:56,1.08,1.08,1.08,1.08, 100
03/04/2020,22:00,1.08,1.085,1.08,1.085, 1022
03/04/2020,22:01,1.09,1.09,1.09,1.09, 329
03/05/2020,15:31,1.06,1.06,1.06,1.06, 4650
03/05/2020,15:31,1.088,1.088,1.07,1.07, 1700
03/05/2020,15:32,1.08,1.08,1.08,1.08, 300
03/05/2020,15:36,1.07,1.07,1.06,1.06, 4033
03/05/2020,15:38,1.07,1.07,1.07,1.07, 1500
03/05/2020,15:39,1.07,1.07,1.07,1.07, 100
03/05/2020,15:40,1.07,1.07,1.07,1.07, 100
03/05/2020,15:41,1.07,1.07,1.07,1.07, 200
03/05/2020,15:42,1.07,1.07,1.07,1.07, 275
03/05/2020,15:43,1.07,1.07,1.07,1.07, 200
03/05/2020,15:43,1.07,1.07,1.07,1.07, 100
03/05/2020,15:44,1.07,1.07,1.07,1.07, 200
03/05/2020,15:52,1.08,1.08,1.08,1.08, 2000
03/05/2020,15:54,1.07,1.07,1.07,1.07, 2485
03/05/2020,16:02,1.07,1.07,1.07,1.07, 200
03/05/2020,16:03,1.07,1.07,1.07,1.07, 800
03/05/2020,16:04,1.07,1.07,1.07,1.07, 2050
03/05/2020,16:05,1.065,1.07,1.06,1.06, 1215
03/05/2020,16:07,1.07,1.07,1.07,1.07, 10000
03/05/2020,16:10,1.07,1.07,1.07,1.07, 1300
03/05/2020,16:13,1.07,1.07,1.07,1.07, 2867
03/05/2020,16:27,1.07,1.07,1.06,1.06, 600
03/05/2020,16:28,1.066,1.066,1.06,1.06, 200
03/05/2020,16:29,1.06,1.06,1.06,1.06, 100
03/05/2020,16:31,1.065,1.065,1.065,1.065, 100
03/05/2020,16:32,1.065,1.065,1.065,1.065, 100
03/05/2020,16:33,1.065,1.065,1.063,1.063, 600
03/05/2020,16:34,1.06,1.06,1.06,1.06, 100
03/05/2020,16:36,1.065,1.065,1.065,1.065, 100
03/05/2020,16:36,1.065,1.065,1.06,1.065, 2500
03/05/2020,16:37,1.06,1.06,1.06,1.06, 10600
03/05/2020,16:38,1.065,1.065,1.065,1.065, 100
03/05/2020,16:39,1.065,1.065,1.065,1.065, 100
03/05/2020,16:41,1.06,1.06,1.06,1.06, 100
03/05/2020,16:41,1.06,1.06,1.06,1.06, 200
03/05/2020,16:42,1.06,1.07,1.06,1.07, 200
03/05/2020,16:51,1.07,1.07,1.07,1.07, 100
03/05/2020,16:52,1.066,1.066,1.066,1.066, 177
03/05/2020,16:55,1.069,1.069,1.069,1.069, 300
03/05/2020,17:01,1.08,1.08,1.08,1.08, 100
03/05/2020,17:01,1.07,1.07,1.07,1.07, 700
03/05/2020,17:03,1.07,1.07,1.07,1.07, 400
03/05/2020,17:10,1.07,1.07,1.07,1.07, 100
03/05/2020,17:20,1.071,1.071,1.071,1.071, 200
03/05/2020,17:20,1.07,1.07,1.07,1.07, 100
03/05/2020,17:25,1.07,1.075,1.07,1.075, 642
03/05/2020,17:27,1.07,1.07,1.07,1.07, 2200
03/05/2020,17:28,1.07,1.07,1.07,1.07, 3200
03/05/2020,17:30,1.08,1.08,1.08,1.08, 100
03/05/2020,17:31,1.07,1.07,1.05,1.05, 933
03/05/2020,17:34,1.076,1.076,1.076,1.076, 500
03/05/2020,17:41,1.069,1.069,1.06,1.06, 2239
03/05/2020,17:48,1.07,1.07,1.07,1.07, 100
03/05/2020,18:01,1.075,1.075,1.07,1.075, 1500
03/05/2020,18:03,1.07,1.07,1.05,1.05, 1600
03/05/2020,18:04,1.05,1.05,1.03,1.03, 4717
03/05/2020,18:05,1.036,1.05,1.036,1.05, 400
03/05/2020,18:07,1.05,1.05,1.05,1.05, 139
03/05/2020,18:17,1.06,1.06,1.06,1.06, 500
03/05/2020,18:21,1.05,1.05,1.04,1.04, 500
03/05/2020,18:28,1.05,1.05,1.05,1.05, 100
03/05/2020,18:33,1.045,1.045,1.04,1.04, 300
03/05/2020,18:35,1.04,1.043,1.02,1.02, 5572
03/05/2020,18:35,1.04,1.04,1.04,1.04, 500
03/05/2020,18:38,1.01,1.01,1.01,1.01, 4100
03/05/2020,18:39,1.04,1.04,1.04,1.04, 100
03/05/2020,18:49,1.04,1.04,1.04,1.04, 100
03/05/2020,18:55,1.04,1.04,1.03,1.04, 300
03/05/2020,18:57,1.03,1.03,1.03,1.03, 1200
03/05/2020,19:16,1.03,1.03,1.03,1.03, 100
03/05/2020,19:28,1.03,1.03,1.03,1.03, 100
03/05/2020,19:40,1.03,1.03,1.03,1.03, 100
03/05/2020,19:41,1.02,1.02,1,1, 2330
03/05/2020,19:42,1.01,1.01,.99,.99, 420
03/05/2020,19:45,1.05,1.05,1.05,1.05, 100
03/05/2020,19:48,1,1,1,1, 800
03/05/2020,19:50,1,1,1,1, 400
03/05/2020,19:50,1,1,1,1, 400
03/05/2020,19:51,1,1,1,1, 600
03/05/2020,20:03,1.025,1.025,1.025,1.025, 100
03/05/2020,20:06,1.02,1.02,1.02,1.02, 300
03/05/2020,20:13,1.027,1.027,1.02,1.02, 700
03/05/2020,20:30,1.03,1.03,1.03,1.03, 100
03/05/2020,20:32,1.02,1.02,1.02,1.02, 700
03/05/2020,20:45,1,1,1,1, 400
03/05/2020,20:45,1,1,1,1, 400
03/05/2020,20:47,1,1.02,1,1, 15952
03/05/2020,20:48,1.007,1.007,1.007,1.007, 350
03/05/2020,20:49,1.01,1.01,1.01,1.01, 100
03/05/2020,20:49,1.01,1.01,1.01,1.01, 100
03/05/2020,20:52,1,1,1,1, 100
03/05/2020,20:52,1.01,1.01,1.01,1.01, 100
03/05/2020,20:55,1,1,1,1, 100
03/05/2020,20:58,1,1,1,1, 1200
03/05/2020,21:00,1.01,1.01,1.01,1.01, 100
03/05/2020,21:14,1.01,1.01,1.01,1.01, 100
03/05/2020,21:17,1.01,1.01,1.01,1.01, 620
03/05/2020,21:18,1.01,1.01,1.01,1.01, 228
03/05/2020,21:27,1.02,1.02,1.02,1.02, 100
03/05/2020,21:29,1,1,1,1, 4300
03/05/2020,21:35,1,1.005,1,1.005, 222
03/05/2020,21:37,1.02,1.02,1.019,1.019, 300
03/05/2020,21:40,1.02,1.02,1.02,1.02, 100
03/05/2020,21:44,1,1,1,1, 4300
03/05/2020,21:46,1.02,1.02,1.01,1.01, 895
03/05/2020,21:53,1.02,1.02,1.02,1.02, 100
03/05/2020,21:54,1.01,1.01,1,1, 2200
03/05/2020,21:56,1.02,1.02,1,1, 3200
03/05/2020,21:58,1.02,1.02,1.02,1.02, 100
03/05/2020,21:59,1.015,1.015,1.015,1.015, 1000
03/05/2020,22:00,1,1.011,1,1.011, 800
03/06/2020,15:31,1.03,1.03,1.03,1.03, 900
03/06/2020,15:35,1.035,1.035,1.035,1.035, 1000
03/06/2020,15:36,1.03,1.03,1.01,1.01, 10576
03/06/2020,15:41,1.01,1.01,1.01,1.01, 5889
03/06/2020,15:43,1.02,1.02,1.02,1.02, 100
03/06/2020,15:47,1.01,1.01,1.01,1.01, 211
03/06/2020,15:48,1.02,1.02,1.02,1.02, 100
03/06/2020,15:49,1.01,1.01,1.01,1.01, 1500
03/06/2020,15:50,1.01,1.01,1.01,1.01, 700
03/06/2020,15:52,1.01,1.01,1.01,1.01, 250
03/06/2020,15:54,1.01,1.024,1.01,1.024, 1186
03/06/2020,15:56,1.01,1.017,1.01,1.017, 1689
03/06/2020,15:57,1.01,1.01,1.01,1.01, 800
03/06/2020,15:57,1.01,1.01,1.01,1.01, 600
03/06/2020,16:04,1.03,1.03,1.03,1.03, 7800
03/06/2020,16:14,1.03,1.03,1.03,1.03, 5000
03/06/2020,16:15,1.05,1.05,1.05,1.05, 4507
03/06/2020,16:18,1.03,1.03,1.03,1.03, 1000
03/06/2020,16:22,1.035,1.035,1.035,1.035, 1000
03/06/2020,16:30,1.03,1.03,1.03,1.03, 980
03/06/2020,16:31,1.02,1.02,1.02,1.02, 1000
03/06/2020,16:31,1.01,1.02,1.01,1.01, 5300
03/06/2020,16:45,1.01,1.01,1.01,1.01, 100
03/06/2020,16:47,1.01,1.01,1.01,1.01, 400
03/06/2020,16:51,1.012,1.012,1.01,1.012, 600
03/06/2020,16:58,1.024,1.024,1.024,1.024, 500
03/06/2020,16:59,1.02,1.02,1.02,1.02, 600
03/06/2020,17:00,1.028,1.028,1.028,1.028, 4000
03/06/2020,17:03,1.02,1.02,1.02,1.02, 400
03/06/2020,17:05,1.025,1.03,1.025,1.025, 1600
03/06/2020,17:07,1.023,1.023,1.023,1.023, 500
03/06/2020,17:09,1.025,1.025,1.025,1.025, 100
03/06/2020,17:11,1.025,1.025,1.025,1.025, 2500
03/06/2020,17:12,1.025,1.025,1.025,1.025, 16400
03/06/2020,17:13,1.025,1.025,1.025,1.025, 200
03/06/2020,17:15,1.025,1.025,1.025,1.025, 200
03/06/2020,17:18,1.025,1.025,1.025,1.025, 200
03/06/2020,17:20,1.025,1.025,1.025,1.025, 200
03/06/2020,17:22,1.025,1.025,1.025,1.025, 200
03/06/2020,17:24,1.025,1.025,1.025,1.025, 200
03/06/2020,17:27,1.025,1.025,1.025,1.025, 200
03/06/2020,17:34,1.026,1.026,1.026,1.026, 1500
03/06/2020,17:35,1.021,1.021,1.021,1.021, 300
03/06/2020,17:37,1.025,1.025,1.025,1.025, 4200
03/06/2020,17:39,1.025,1.025,1.025,1.025, 10000
03/06/2020,17:40,1.023,1.023,1.023,1.023, 980
03/06/2020,17:42,1.025,1.025,1.02,1.02, 800
03/06/2020,17:43,1.025,1.025,1.02,1.02, 3200
03/06/2020,17:44,1.02,1.02,1.02,1.02, 500
03/06/2020,17:46,1.025,1.025,1.025,1.025, 200
03/06/2020,17:48,1.025,1.025,1.025,1.025, 200
03/06/2020,17:50,1.025,1.025,1.025,1.025, 200
03/06/2020,17:56,1.025,1.025,1.025,1.025, 200
03/06/2020,17:59,1.04,1.05,1.03,1.05, 25000
03/06/2020,18:01,1.02,1.02,1.02,1.02, 2941
03/06/2020,18:06,1.02,1.02,1.02,1.02, 2600
03/06/2020,18:07,1.035,1.035,1.035,1.035, 100
03/06/2020,18:14,1.035,1.035,1.035,1.035, 100
03/06/2020,18:15,1.046,1.046,1.046,1.046, 750
03/06/2020,18:19,1.043,1.043,1.043,1.043, 400
03/06/2020,18:28,1.03,1.03,1.03,1.03, 100
03/06/2020,18:50,1.043,1.043,1.043,1.043, 400
03/06/2020,18:52,1.05,1.05,1.05,1.05, 100
03/06/2020,18:54,1.03,1.03,1.03,1.03, 200
03/06/2020,18:56,1.03,1.03,1.03,1.03, 1700
03/06/2020,19:05,1.043,1.043,1.043,1.043, 250
03/06/2020,19:15,1.025,1.025,1.025,1.025, 1500
03/06/2020,19:19,1.034,1.034,1.034,1.034, 500
03/06/2020,19:21,1.021,1.021,1.021,1.021, 1675
03/06/2020,19:22,1.035,1.035,1.02,1.025, 3575
03/06/2020,19:23,1.035,1.05,1.035,1.05, 200
03/06/2020,19:29,1.044,1.044,1.044,1.044, 598
03/06/2020,19:34,1.05,1.05,1.05,1.05, 2000
03/06/2020,19:37,1.03,1.03,1.03,1.03, 2912
03/06/2020,19:38,1.04,1.04,1.04,1.04, 400
03/06/2020,19:40,1.04,1.04,1.04,1.04, 100
03/06/2020,19:47,1.035,1.035,1.035,1.035, 200
03/06/2020,19:52,1.03,1.03,1.03,1.03, 2040
03/06/2020,19:52,1.03,1.03,1.03,1.03, 210
03/06/2020,20:41,1.035,1.035,1.03,1.035, 3092
03/06/2020,20:41,1.03,1.035,1.03,1.03, 4367
03/06/2020,20:42,1.03,1.03,1.03,1.03, 2800
03/06/2020,20:43,1.03,1.03,1.03,1.03, 800
03/06/2020,20:44,1.03,1.03,1.03,1.03, 400
03/06/2020,20:45,1.03,1.03,1.03,1.03, 600
03/06/2020,20:46,1.036,1.036,1.036,1.036, 144
03/06/2020,20:52,1.035,1.035,1.03,1.03, 500
03/06/2020,21:08,1.035,1.04,1.03,1.03, 3100
03/06/2020,21:10,1.03,1.03,1.03,1.03, 2038
03/06/2020,21:13,1.03,1.04,1.02,1.02, 4700
03/06/2020,21:17,1.01,1.01,1.01,1.01, 992
03/06/2020,21:30,1.01,1.01,1,1, 1750
03/06/2020,21:35,1.01,1.01,1,1, 5300
03/06/2020,21:38,1.005,1.01,1,1.005, 7100
03/06/2020,21:39,1.005,1.005,1.002,1.002, 400
03/06/2020,21:40,1.005,1.01,1,1, 3000
03/06/2020,21:41,1,1,1,1, 300
03/06/2020,21:42,1.005,1.01,1.005,1.01, 1800
03/06/2020,21:43,1.01,1.01,1.005,1.01, 3200
03/06/2020,21:44,1.005,1.01,1,1, 2600
03/06/2020,21:47,1.005,1.01,1.005,1.01, 12300
03/06/2020,21:49,1.015,1.015,1.015,1.015, 100
03/06/2020,21:51,1.015,1.015,1,1, 400
03/06/2020,21:52,1.015,1.015,1,1, 400
03/06/2020,21:53,1,1.015,1,1, 600
03/06/2020,21:55,1.03,1.03,1.03,1.03, 100
03/06/2020,21:56,1.02,1.03,1.02,1.03, 1332
03/06/2020,21:57,1.025,1.03,1.01,1.03, 800
03/06/2020,21:59,1.02,1.02,1.02,1.02, 100
03/06/2020,22:00,1.03,1.03,1.03,1.03, 100
03/09/2020,14:31,1,1,1,1, 3274
03/09/2020,14:32,1.05,1.05,1.032,1.032, 1100
03/09/2020,14:34,.995,.995,.995,.995, 150
03/09/2020,14:35,.99,.99,.99,.99, 350
03/09/2020,14:50,.99,.99,.99,.99, 365
03/09/2020,14:53,1.005,1.005,1.005,1.005, 1000
03/09/2020,14:54,1.004,1.004,1.004,1.004, 100
03/09/2020,14:56,1.01,1.01,1.01,1.01, 100
03/09/2020,15:03,1.015,1.015,1.01,1.01, 6300
03/09/2020,15:05,1.02,1.02,1.01,1.02, 2400
03/09/2020,15:06,1.013,1.013,1.01,1.01, 1258
03/09/2020,15:08,1.03,1.03,1.03,1.03, 4912
03/09/2020,15:17,1.02,1.02,1.02,1.02, 960
03/09/2020,15:19,1.01,1.01,.99,.99, 1900
03/09/2020,15:21,1.02,1.02,1.02,1.02, 1310
03/09/2020,15:21,1.03,1.03,1.03,1.03, 100
03/09/2020,15:22,1.03,1.03,1.025,1.025, 3856
03/09/2020,15:23,1.03,1.03,1.03,1.03, 10000
03/09/2020,15:25,1.03,1.03,1.02,1.02, 300
03/09/2020,15:28,.99,.99,.99,.99, 100
03/09/2020,15:37,1.03,1.03,1.03,1.03, 250
03/09/2020,15:38,1.01,1.03,.99,1.03, 38500
03/09/2020,15:43,1.01,1.03,1.01,1.03, 10200
03/09/2020,15:49,1.02,1.02,1.02,1.02, 100
03/09/2020,15:50,1.025,1.025,1.025,1.025, 4100
03/09/2020,15:50,1.025,1.025,1.025,1.025, 900
03/09/2020,15:51,1.025,1.03,1.025,1.03, 500
03/09/2020,15:52,1.025,1.025,1.025,1.025, 500
03/09/2020,15:53,1.025,1.025,1.025,1.025, 100
03/09/2020,15:53,1.025,1.025,1.025,1.025, 100
03/09/2020,15:54,1.025,1.025,1.025,1.025, 100
03/09/2020,15:55,1.025,1.025,1.025,1.025, 100
03/09/2020,15:56,1.03,1.03,1.03,1.03, 600
03/09/2020,15:57,1.025,1.025,1.025,1.025, 100
03/09/2020,15:58,1.025,1.025,1.025,1.025, 116
03/09/2020,15:58,1.025,1.025,1.02,1.02, 5884
03/09/2020,15:59,1.025,1.025,1.025,1.025, 200
03/09/2020,16:01,1.025,1.025,1.025,1.025, 200
03/09/2020,16:02,1.025,1.025,1.02,1.02, 700
03/09/2020,16:03,1.02,1.02,1.02,1.02, 100
03/09/2020,16:18,1.03,1.03,1.03,1.03, 100
03/09/2020,16:20,1.01,1.01,1.01,1.01, 300
03/09/2020,16:24,.99,1.01,.99,.99, 6781
03/09/2020,16:25,1.005,1.005,1.005,1.005, 1000
03/09/2020,16:47,1.02,1.02,1.02,1.02, 1000
03/09/2020,16:54,.99,.99,.99,.99, 150
03/09/2020,16:56,1.015,1.02,1.015,1.02, 899
03/09/2020,16:57,1.015,1.02,1.015,1.015, 900
03/09/2020,16:58,1.015,1.03,1.015,1.03, 8396
03/09/2020,16:59,1.025,1.03,1.025,1.03, 3200
03/09/2020,17:01,1.03,1.03,1.03,1.03, 499
03/09/2020,17:08,1.025,1.025,1.025,1.025, 200
03/09/2020,17:11,1.02,1.02,1.02,1.02, 500
03/09/2020,17:12,1.03,1.03,1.025,1.025, 1000
03/09/2020,17:13,1.025,1.025,1.025,1.025, 600
03/09/2020,17:13,1.025,1.025,1.025,1.025, 800
03/09/2020,17:15,1.02,1.03,1.02,1.03, 2900
03/09/2020,17:18,1.03,1.03,1.03,1.03, 1000
03/09/2020,17:26,1.025,1.03,1.02,1.02, 3600
03/09/2020,17:45,1.025,1.025,1.025,1.025, 1100
03/09/2020,17:47,1.03,1.03,1.025,1.025, 1300
03/09/2020,17:51,1.03,1.03,1.025,1.026, 900
03/09/2020,17:53,1.025,1.025,1.025,1.025, 200
03/09/2020,18:01,1.025,1.025,1.025,1.025, 210
03/09/2020,18:11,1.02,1.02,1.02,1.02, 100
03/09/2020,18:30,1.025,1.03,1.025,1.03, 6614
03/09/2020,18:32,1.02,1.03,1.02,1.03, 2750
03/09/2020,18:43,1.024,1.024,1.024,1.024, 125
03/09/2020,18:54,1.025,1.03,1.02,1.025, 1800
03/09/2020,19:00,1.026,1.026,1.026,1.026, 100
03/09/2020,19:02,1.025,1.03,1.025,1.03, 1665
03/09/2020,19:05,1.02,1.025,1.01,1.01, 6705
03/09/2020,19:05,1.02,1.02,1.02,1.02, 901
03/09/2020,19:07,.993,1.02,.993,1.02, 3691
03/09/2020,19:14,1.01,1.01,1.01,1.01, 700
03/09/2020,19:41,1,1,1,1, 700
03/09/2020,19:52,1.01,1.01,1.01,1.01, 200
03/09/2020,19:58,1.005,1.01,1,1.01, 8662
03/09/2020,19:59,1.005,1.005,1.005,1.005, 200
03/09/2020,20:01,1.01,1.01,1.01,1.01, 3300
03/09/2020,20:06,1.01,1.01,1.01,1.01, 140
03/09/2020,20:15,1,1,1,1, 100
03/09/2020,20:18,1.005,1.005,1.005,1.005, 300
03/09/2020,20:18,1.005,1.01,1.005,1.01, 590
03/09/2020,20:32,1.005,1.005,1.005,1.005, 250
03/09/2020,20:40,1.005,1.005,1.005,1.005, 1000
03/09/2020,20:49,1.005,1.005,1,1, 3050
03/09/2020,20:49,1.01,1.01,1.01,1.01, 400
03/09/2020,20:59,1.02,1.02,1.02,1.02, 100
03/10/2020,14:31,1.02,1.02,1.02,1.02, 1381
03/10/2020,14:34,1.02,1.02,1.02,1.02, 4000
03/10/2020,14:36,1.02,1.02,1.02,1.02, 3000
03/10/2020,14:39,1.005,1.005,1.005,1.005, 400
03/10/2020,14:39,1.01,1.011,1.01,1.011, 5911
03/10/2020,14:47,1.01,1.01,1.01,1.01, 8456
03/10/2020,14:53,.99,.99,.99,.99, 100
03/10/2020,14:57,.999,.999,.999,.999, 1200
03/10/2020,15:08,.995,.995,.995,.995, 200
03/10/2020,15:09,.99,.99,.95,.95, 10448
03/10/2020,15:09,.995,.995,.995,.995, 1000
03/10/2020,15:11,.978,.985,.978,.985, 600
03/10/2020,15:19,.99,.99,.99,.99, 1700
03/10/2020,15:19,.995,.995,.99,.995, 500
03/10/2020,15:20,.99,1,.99,.99, 1800
03/10/2020,15:21,.99,1,.99,.99, 3150
03/10/2020,15:22,.99,.99,.99,.99, 350
03/10/2020,15:57,.99,.99,.988,.988, 13297
03/10/2020,16:01,.98,.98,.98,.98, 265
03/10/2020,16:13,.98,.98,.98,.98, 100
03/10/2020,16:36,.991,.991,.99,.99, 2400
03/10/2020,16:38,.992,.992,.992,.992, 461
03/10/2020,16:49,.992,.992,.992,.992, 1089
03/10/2020,16:52,.992,.992,.992,.992, 500
03/10/2020,16:53,.992,1,.992,1, 7785
03/10/2020,16:53,.991,.991,.99,.99, 5000
03/10/2020,17:14,.998,.998,.998,.998, 300
03/10/2020,17:20,.995,.995,.995,.995, 200
03/10/2020,17:28,1,1,1,1, 1000
03/10/2020,17:36,.99,1.01,.99,1.01, 18241
03/10/2020,17:58,.996,.996,.996,.996, 200
03/10/2020,18:26,1,1,1,1, 100
03/10/2020,18:38,1.01,1.01,1.01,1.01, 100
03/10/2020,19:05,1,1,1,1, 300
03/10/2020,19:28,.98,.98,.98,.98, 208
03/10/2020,19:29,.984,.984,.984,.984, 100
03/10/2020,19:29,.984,.984,.984,.984, 100
03/10/2020,19:31,.989,.989,.989,.989, 4395
03/10/2020,19:32,.989,1,.989,1, 500
03/10/2020,19:35,.98,.98,.98,.98, 100
03/10/2020,19:41,.98,.98,.98,.98, 10000
03/10/2020,19:46,.984,.984,.984,.984, 6000
03/10/2020,19:50,1,1,1,1, 136
03/10/2020,20:00,.98,.98,.98,.98, 9938
03/10/2020,20:25,.998,.998,.998,.998, 2750
03/10/2020,20:27,1,1,1,1, 1000
03/10/2020,20:29,1,1,1,1, 2000
03/10/2020,20:33,1,1,1,1, 400
03/10/2020,20:41,.99,.99,.99,.99, 4000
03/10/2020,20:45,.992,.992,.992,.992, 300
03/10/2020,20:55,.992,.992,.992,.992, 500
03/10/2020,20:59,.991,.991,.99,.99, 2400
03/10/2020,21:00,.999,.999,.999,.999, 500
03/11/2020,14:31,.99,.99,.99,.99, 701
03/11/2020,14:35,.975,.975,.975,.975, 2912
03/11/2020,14:51,.977,.977,.977,.977, 500
03/11/2020,14:58,.955,.955,.955,.955, 200
03/11/2020,15:08,.99,.99,.99,.99, 100
03/11/2020,15:14,.98,.98,.98,.98, 100
03/11/2020,15:15,.98,.98,.95,.95, 7323
03/11/2020,15:17,.97,.97,.97,.97, 100
03/11/2020,15:20,.96,.96,.96,.96, 2500
03/11/2020,15:21,.97,.97,.96,.96, 2100
03/11/2020,15:23,.98,1,.98,.985, 8255
03/11/2020,15:24,.97,.97,.97,.97, 300
03/11/2020,15:25,.985,.985,.985,.985, 100
03/11/2020,15:27,.97,.97,.97,.97, 400
03/11/2020,15:28,.97,.985,.97,.985, 600
03/11/2020,15:29,.97,.97,.97,.97, 3100
03/11/2020,15:30,.975,.975,.975,.975, 100
03/11/2020,15:47,1,1,1,1, 2000
03/11/2020,15:51,.95,.95,.95,.95, 5600
03/11/2020,15:53,.965,.98,.965,.98, 2700
03/11/2020,16:00,.95,.95,.95,.95, 3000
03/11/2020,16:01,.95,.95,.95,.95, 700
03/11/2020,16:03,.965,.965,.95,.965, 300
03/11/2020,16:17,.965,.965,.965,.965, 500
03/11/2020,16:24,.965,.965,.965,.965, 1200
03/11/2020,16:24,.95,.95,.95,.95, 200
03/11/2020,16:28,.98,.98,.98,.98, 100
03/11/2020,16:42,.95,.95,.95,.95, 1000
03/11/2020,16:44,.964,.964,.964,.964, 1000
03/11/2020,16:51,.968,.968,.968,.968, 100
03/11/2020,17:01,.95,.95,.95,.95, 1200
03/11/2020,17:17,.965,.965,.965,.965, 1000
03/11/2020,17:18,.964,.964,.964,.964, 1000
03/11/2020,17:33,.955,.955,.955,.955, 1000
03/11/2020,17:34,.955,.955,.955,.955, 500
03/11/2020,17:56,.955,.955,.955,.955, 100
03/11/2020,17:58,.955,.955,.955,.955, 200
03/11/2020,18:04,.955,.955,.955,.955, 700
03/11/2020,18:08,.95,.95,.95,.95, 200
03/11/2020,18:10,.97,.97,.97,.97, 100
03/11/2020,18:11,.95,.97,.95,.97, 3500
03/11/2020,18:13,.97,.97,.96,.96, 500
03/11/2020,18:15,.97,.97,.97,.97, 500
03/11/2020,18:18,.97,.97,.97,.97, 500
03/11/2020,18:19,.97,.97,.97,.97, 1030
03/11/2020,18:20,.97,.97,.97,.97, 500
03/11/2020,18:22,.97,.97,.97,.97, 500
03/11/2020,18:24,.97,.97,.97,.97, 500
03/11/2020,18:26,.97,.97,.97,.97, 500
03/11/2020,18:28,.97,.97,.97,.97, 730
03/11/2020,18:31,.97,.97,.97,.97, 500
03/11/2020,18:36,.965,.965,.965,.965, 500
03/11/2020,18:36,.97,.97,.97,.97, 215
03/11/2020,18:52,.95,.958,.95,.958, 300
03/11/2020,19:04,.96,.96,.96,.96, 485
03/11/2020,19:08,.95,.95,.93,.93, 10099
03/11/2020,19:08,.96,.96,.96,.96, 100
03/11/2020,19:10,.95,.956,.95,.956, 1001
03/11/2020,19:11,.965,.965,.965,.965, 500
03/11/2020,19:12,.965,.965,.965,.965, 250
03/11/2020,19:15,.95,.95,.95,.95, 300
03/11/2020,19:20,.97,.97,.95,.95, 5600
03/11/2020,19:20,.95,.95,.95,.95, 100
03/11/2020,19:22,.93,.93,.93,.93, 100
03/11/2020,19:23,.95,.95,.95,.95, 100
03/11/2020,19:41,.945,.945,.945,.945, 2375
03/11/2020,19:42,.945,.945,.945,.945, 2000
03/11/2020,19:46,.97,.97,.97,.97, 100
03/11/2020,20:00,.95,.95,.95,.95, 400
03/11/2020,20:03,.96,.96,.96,.96, 400
03/11/2020,20:40,.94,.97,.93,.97, 880
03/11/2020,20:42,.961,.961,.961,.961, 120
03/11/2020,20:44,.955,.955,.955,.955, 100
03/11/2020,20:47,.94,.94,.94,.94, 300
03/11/2020,20:51,.95,.95,.95,.95, 100
03/11/2020,20:54,.953,.955,.953,.955, 400
03/11/2020,20:59,.953,.953,.94,.94, 8490
03/11/2020,21:00,.94,.94,.94,.94, 100
03/11/2020,21:01,.967,.967,.955,.955, 7700
03/12/2020,14:31,.93,.94,.93,.94, 10033
03/12/2020,14:31,.93,.93,.91,.925, 3903
03/12/2020,14:33,.904,.904,.904,.904, 4000
03/12/2020,14:34,.904,.904,.904,.904, 650
03/12/2020,14:35,.9,.9,.9,.9, 100
03/12/2020,14:36,.9,.9,.9,.9, 3000
03/12/2020,14:51,.94,.94,.9,.9, 2011
03/12/2020,14:52,.9,.9,.9,.9, 4000
03/12/2020,14:53,.9,.919,.9,.919, 1300
03/12/2020,14:55,.9,.9,.9,.9, 250
03/12/2020,14:57,.9,.9,.9,.9, 2000
03/12/2020,14:58,.9,.9,.9,.9, 100
03/12/2020,14:59,.935,.935,.935,.935, 110
03/12/2020,15:07,.914,.914,.914,.914, 321
03/12/2020,15:09,.9,.9,.9,.9, 200
03/12/2020,15:16,.88,.88,.86,.861, 1974
03/12/2020,15:20,.91,.91,.91,.91, 100
03/12/2020,15:22,.91,.91,.91,.91, 100
03/12/2020,15:23,.91,.91,.91,.91, 100
03/12/2020,15:23,.9,.9,.9,.9, 10000
03/12/2020,15:24,.903,.903,.903,.903, 100
03/12/2020,15:25,.903,.903,.903,.903, 100
03/12/2020,15:27,.903,.903,.903,.903, 100
03/12/2020,15:28,.88,.88,.88,.88, 577
03/12/2020,15:34,.91,.91,.91,.91, 100
03/12/2020,15:35,.91,.91,.91,.91, 100
03/12/2020,15:36,.91,.91,.91,.91, 100
03/12/2020,15:37,.91,.91,.91,.91, 100
03/12/2020,15:40,.91,.91,.91,.91, 100
03/12/2020,15:41,.905,.905,.905,.905, 300
03/12/2020,15:41,.905,.905,.905,.905, 100
03/12/2020,15:42,.905,.905,.905,.905, 100
03/12/2020,15:45,.9,.9,.9,.9, 380
03/12/2020,15:46,.89,.9,.89,.9, 3674
03/12/2020,16:08,.888,.89,.888,.89, 2290
03/12/2020,16:09,.9,.9,.9,.9, 300
03/12/2020,16:14,.89,.89,.89,.89, 1100
03/12/2020,16:18,.89,.89,.89,.89, 600
03/12/2020,16:20,.89,.89,.89,.89, 100
03/12/2020,16:20,.88,.885,.88,.88, 9982
03/12/2020,16:24,.872,.872,.872,.872, 1941
03/12/2020,16:26,.89,.89,.89,.89, 100
03/12/2020,16:28,.89,.89,.89,.89, 100
03/12/2020,16:29,.885,.89,.885,.89, 5100
03/12/2020,16:30,.89,.89,.89,.89, 100
03/12/2020,16:31,.89,.89,.89,.89, 100
03/12/2020,16:33,.89,.89,.89,.89, 100
03/12/2020,16:34,.89,.89,.881,.881, 1100
03/12/2020,16:36,.88,.88,.88,.88, 4992
03/12/2020,16:36,.89,.89,.89,.89, 100
03/12/2020,16:38,.89,.89,.89,.89, 500
03/12/2020,16:40,.89,.89,.89,.89, 100
03/12/2020,16:41,.885,.885,.885,.885, 100
03/12/2020,16:43,.89,.89,.89,.89, 100
03/12/2020,16:44,.88,.88,.87,.87, 1958
03/12/2020,16:50,.87,.87,.87,.87, 900
03/12/2020,16:51,.88,.88,.875,.88, 8000
03/12/2020,16:55,.88,.88,.88,.88, 100
03/12/2020,17:01,.86,.86,.86,.86, 100
03/12/2020,17:01,.85,.85,.85,.85, 3000
03/12/2020,17:02,.86,.86,.86,.86, 100
03/12/2020,17:03,.86,.86,.86,.86, 100
03/12/2020,17:05,.86,.86,.86,.86, 100
03/12/2020,17:12,.85,.85,.85,.85, 3337
03/12/2020,17:17,.85,.85,.85,.85, 500
03/12/2020,17:20,.85,.85,.85,.85, 300
03/12/2020,17:24,.85,.85,.85,.85, 1000
03/12/2020,17:30,.86,.86,.86,.86, 3000
03/12/2020,17:36,.86,.86,.86,.86, 500
03/12/2020,17:48,.85,.85,.85,.85, 3500
03/12/2020,17:51,.86,.86,.86,.86, 400
03/12/2020,17:52,.851,.851,.851,.851, 125
03/12/2020,18:13,.86,.86,.86,.86, 200
03/12/2020,18:20,.86,.86,.86,.86, 5485
03/12/2020,18:23,.856,.856,.856,.856, 999
03/12/2020,18:28,.86,.86,.86,.86, 2000
03/12/2020,18:36,.854,.854,.854,.854, 150
03/12/2020,18:41,.85,.85,.85,.85, 100
03/12/2020,18:47,.85,.85,.82,.835, 9410
03/12/2020,18:57,.846,.846,.846,.846, 1000
03/12/2020,18:59,.85,.85,.85,.85, 200
03/12/2020,19:00,.834,.85,.834,.85, 1950
03/12/2020,19:02,.85,.85,.85,.85, 100
03/12/2020,19:20,.84,.84,.84,.84, 500
03/12/2020,19:21,.84,.84,.84,.84, 500
03/12/2020,19:31,.848,.848,.848,.848, 500
03/12/2020,19:36,.83,.83,.83,.83, 446
03/12/2020,19:45,.84,.84,.84,.84, 1200
03/12/2020,19:57,.835,.835,.835,.835, 3100
03/12/2020,20:00,.835,.835,.835,.835, 2570
03/12/2020,20:02,.835,.835,.835,.835, 600
03/12/2020,20:03,.839,.86,.839,.86, 5095
03/12/2020,20:12,.86,.86,.86,.86, 600
03/12/2020,20:17,.835,.835,.835,.835, 100
03/12/2020,20:37,.855,.855,.855,.855, 144
03/12/2020,20:43,.855,.855,.85,.855, 585
03/12/2020,20:44,.85,.855,.85,.855, 3600
03/12/2020,20:46,.85,.85,.85,.85, 150
03/12/2020,20:50,.85,.86,.85,.86, 16633
03/12/2020,20:52,.86,.86,.86,.86, 139
03/12/2020,20:52,.858,.858,.858,.858, 1624
03/12/2020,20:57,.86,.86,.86,.86, 1051
03/12/2020,20:57,.86,.86,.86,.86, 202
03/12/2020,20:58,.86,.86,.85,.85, 6454
03/12/2020,20:59,.86,.86,.86,.86, 900
03/13/2020,14:32,.87,.87,.87,.87, 2000
03/13/2020,14:37,.87,.87,.86,.86, 19857
03/13/2020,14:38,.916,.916,.916,.916, 200
03/13/2020,14:43,.88,.88,.85,.85, 7644
03/13/2020,14:52,.85,.85,.85,.85, 700
03/13/2020,14:55,.85,.85,.84,.84, 28600
03/13/2020,14:56,.83,.83,.82,.82, 10590
03/13/2020,14:57,.8,.8,.8,.8, 2900
03/13/2020,15:02,.79,.79,.79,.79, 1000
03/13/2020,15:03,.784,.784,.784,.784, 565
03/13/2020,15:04,.786,.786,.786,.786, 1500
03/13/2020,15:05,.79,.79,.79,.79, 400
03/13/2020,15:07,.786,.79,.786,.79, 1200
03/13/2020,15:08,.785,.785,.785,.785, 300
03/13/2020,15:12,.782,.788,.782,.788, 1100
03/13/2020,15:16,.786,.786,.786,.786, 100
03/13/2020,15:17,.786,.786,.786,.786, 100
03/13/2020,15:18,.79,.79,.782,.782, 3100
03/13/2020,15:30,.794,.794,.794,.794, 133
03/13/2020,15:31,.796,.796,.796,.796, 250
03/13/2020,15:33,.8,.8,.8,.8, 860
03/13/2020,15:37,.8,.8,.8,.8, 7000
03/13/2020,15:43,.794,.794,.794,.794, 580
03/13/2020,15:45,.8,.8,.8,.8, 4999
03/13/2020,15:52,.796,.796,.796,.796, 1000
03/13/2020,15:59,.79,.79,.79,.79, 102
03/13/2020,16:04,.8,.87,.8,.87, 11110
03/13/2020,16:04,.87,.872,.87,.872, 1400
03/13/2020,16:05,.872,.875,.872,.875, 1200
03/13/2020,16:06,.875,.88,.875,.88, 1400
03/13/2020,16:10,.848,.848,.848,.848, 100
03/13/2020,16:18,.848,.848,.848,.848, 100
03/13/2020,16:26,.812,.812,.812,.812, 100
03/13/2020,16:31,.8,.8,.8,.8, 1500
03/13/2020,16:33,.82,.825,.82,.825, 900
03/13/2020,16:33,.821,.821,.821,.821, 500
03/13/2020,16:35,.82,.821,.82,.821, 200
03/13/2020,16:36,.82,.82,.82,.82, 700
03/13/2020,16:37,.86,.86,.86,.86, 100
03/13/2020,16:40,.855,.855,.85,.85, 210
03/13/2020,16:52,.85,.85,.85,.85, 100
03/13/2020,16:55,.84,.84,.84,.84, 3800
03/13/2020,17:01,.83,.85,.83,.85, 2800
03/13/2020,17:04,.85,.85,.85,.85, 1500
03/13/2020,17:07,.86,.86,.85,.85, 1800
03/13/2020,17:23,.85,.85,.85,.85, 2559
03/13/2020,17:28,.837,.837,.837,.837, 500
03/13/2020,17:34,.82,.82,.82,.82, 100
03/13/2020,17:40,.83,.83,.83,.83, 100
03/13/2020,17:42,.82,.82,.82,.82, 100
03/13/2020,17:49,.82,.82,.82,.82, 100
03/13/2020,17:52,.82,.83,.82,.83, 10497
03/13/2020,17:55,.827,.827,.827,.827, 2000
03/13/2020,17:59,.825,.825,.825,.825, 100
03/13/2020,18:12,.83,.83,.83,.83, 2000
03/13/2020,18:19,.873,.873,.873,.873, 2025
03/13/2020,18:31,.825,.825,.825,.825, 100
03/13/2020,18:32,.84,.84,.83,.83, 519
03/13/2020,18:38,.84,.84,.84,.84, 400
03/13/2020,18:41,.84,.84,.84,.84, 100
03/13/2020,18:54,.88,.88,.88,.88, 500
03/13/2020,18:56,.88,.88,.88,.88, 1000
03/13/2020,19:01,.866,.866,.866,.866, 100
03/13/2020,19:04,.88,.88,.88,.88, 100
03/13/2020,19:06,.87,.87,.87,.87, 590
03/13/2020,19:19,.84,.84,.84,.84, 100
03/13/2020,19:23,.85,.85,.84,.85, 600
03/13/2020,19:33,.84,.87,.84,.855, 850
03/13/2020,19:33,.87,.87,.87,.87, 210
03/13/2020,19:45,.85,.85,.85,.85, 100
03/13/2020,19:51,.85,.85,.85,.85, 100
03/13/2020,19:56,.85,.85,.85,.85, 100
03/13/2020,20:06,.85,.85,.85,.85, 100
03/13/2020,20:15,.85,.85,.85,.85, 100
03/13/2020,20:18,.87,.87,.87,.87, 390
03/13/2020,20:20,.867,.867,.867,.867, 1500
03/13/2020,20:25,.87,.87,.87,.87, 400
03/13/2020,20:30,.88,.88,.88,.88, 6000
03/13/2020,20:33,.87,.87,.87,.87, 200
03/13/2020,20:36,.87,.88,.865,.88, 6202
03/13/2020,20:45,.871,.871,.871,.871, 100
03/13/2020,20:47,.875,.875,.875,.875, 1000
03/13/2020,20:48,.87,.87,.87,.87, 195
03/13/2020,20:53,.873,.873,.873,.873, 900
03/13/2020,20:57,.87,.87,.87,.87, 200
03/16/2020,14:31,.789,.789,.789,.789, 2497
03/16/2020,14:48,.786,.79,.786,.79, 875
03/16/2020,14:58,.75,.75,.75,.75, 279
03/16/2020,15:01,.786,.786,.786,.786, 500
03/16/2020,15:12,.783,.783,.783,.783, 100
03/16/2020,15:14,.783,.783,.783,.783, 2198
03/16/2020,15:20,.75,.75,.75,.75, 26100
03/16/2020,15:21,.747,.747,.747,.747, 1000
03/16/2020,15:23,.746,.746,.746,.746, 500
03/16/2020,15:24,.748,.748,.748,.748, 1000
03/16/2020,15:31,.75,.75,.75,.75, 200
03/16/2020,15:34,.75,.75,.75,.75, 15000
03/16/2020,15:36,.75,.75,.75,.75, 200
03/16/2020,15:38,.721,.721,.721,.721, 350
03/16/2020,15:39,.736,.74,.736,.74, 200
03/16/2020,15:41,.74,.74,.74,.74, 200
03/16/2020,15:42,.75,.75,.745,.745, 6100
03/16/2020,15:44,.75,.75,.75,.75, 1000
03/16/2020,15:44,.75,.75,.75,.75, 5051
03/16/2020,15:45,.749,.75,.749,.75, 1400
03/16/2020,15:46,.75,.75,.75,.75, 1000
03/16/2020,15:54,.75,.75,.75,.75, 2000
03/16/2020,15:57,.749,.749,.749,.749, 100
03/16/2020,15:57,.749,.749,.749,.749, 100
03/16/2020,15:58,.75,.75,.75,.75, 500
03/16/2020,16:07,.75,.75,.749,.749, 5848
03/16/2020,16:12,.748,.748,.748,.748, 100
03/16/2020,16:15,.75,.75,.75,.75, 1099
03/16/2020,16:15,.75,.75,.75,.75, 200
03/16/2020,16:42,.77,.77,.75,.75, 1550
03/16/2020,16:42,.786,.786,.786,.786, 200
03/16/2020,17:31,.775,.775,.775,.775, 400
03/16/2020,17:39,.775,.775,.775,.775, 899
03/16/2020,17:43,.766,.766,.766,.766, 100
03/16/2020,18:08,.751,.751,.751,.751, 100
03/16/2020,18:14,.751,.751,.751,.751, 200
03/16/2020,18:14,.751,.751,.751,.751, 100
03/16/2020,18:22,.751,.751,.751,.751, 100
03/16/2020,18:23,.751,.751,.751,.751, 541
03/16/2020,18:25,.75,.75,.75,.75, 10430
03/16/2020,18:27,.75,.75,.745,.745, 599
03/16/2020,18:34,.75,.75,.75,.75, 200
03/16/2020,18:44,.76,.76,.755,.755, 2000
03/16/2020,18:47,.741,.745,.741,.741, 9201
03/16/2020,18:53,.72,.73,.72,.73, 314
03/16/2020,18:54,.73,.73,.73,.73, 100
03/16/2020,18:56,.741,.741,.741,.741, 3000
03/16/2020,19:04,.735,.735,.735,.735, 100
03/16/2020,19:25,.74,.74,.74,.74, 5000
03/16/2020,19:26,.74,.74,.735,.735, 200
03/16/2020,19:40,.74,.74,.74,.74, 400
03/16/2020,20:01,.75,.75,.75,.75, 4700
03/16/2020,20:23,.78,.78,.78,.78, 100
03/16/2020,20:36,.754,.754,.754,.754, 2750
03/16/2020,20:40,.76,.76,.76,.76, 100
03/16/2020,20:43,.761,.761,.761,.761, 100
03/16/2020,20:47,.763,.763,.763,.763, 300
03/16/2020,20:58,.76,.76,.76,.76, 1100
03/16/2020,21:00,.76,.76,.76,.76, 100
03/16/2020,21:00,.76,.76,.76,.76, 100
03/17/2020,14:31,.739,.739,.739,.739, 2161
03/17/2020,14:37,.75,.75,.75,.75, 25000
03/17/2020,14:42,.75,.75,.75,.75, 1200
03/17/2020,14:56,.75,.75,.75,.75, 9672
03/17/2020,14:56,.74,.749,.74,.749, 328
03/17/2020,15:17,.74,.74,.74,.74, 100
03/17/2020,15:18,.74,.74,.74,.74, 100
03/17/2020,15:19,.74,.74,.74,.74, 100
03/17/2020,15:21,.74,.74,.74,.74, 100
03/17/2020,15:22,.74,.74,.74,.74, 199
03/17/2020,15:42,.745,.745,.74,.74, 1175
03/17/2020,15:52,.744,.744,.744,.744, 900
03/17/2020,15:57,.743,.743,.743,.743, 4100
03/17/2020,15:58,.743,.743,.743,.743, 500
03/17/2020,16:17,.785,.785,.785,.785, 3400
03/17/2020,16:22,.78,.78,.78,.78, 1200
03/17/2020,16:26,.798,.837,.798,.798, 1000
03/17/2020,16:53,.758,.758,.758,.758, 100
03/17/2020,17:00,.779,.779,.779,.779, 100
03/17/2020,17:22,.775,.777,.775,.777, 500
03/17/2020,17:23,.775,.779,.775,.779, 6700
03/17/2020,17:35,.79,.79,.785,.79, 313
03/17/2020,17:38,.78,.782,.78,.782, 1800
03/17/2020,17:55,.775,.775,.76,.76, 6700
03/17/2020,18:31,.767,.767,.767,.767, 100
03/17/2020,19:10,.767,.767,.767,.767, 100
03/17/2020,19:37,.76,.772,.76,.77, 687
03/17/2020,19:42,.775,.775,.775,.775, 100
03/17/2020,19:43,.772,.772,.772,.772, 100
03/17/2020,19:44,.771,.771,.771,.771, 100
03/17/2020,19:58,.771,.771,.771,.771, 625
03/17/2020,20:00,.77,.77,.77,.77, 300
03/17/2020,20:09,.77,.77,.77,.77, 100
03/17/2020,20:17,.76,.76,.76,.76, 100
03/17/2020,20:18,.76,.76,.76,.76, 1000
03/17/2020,20:21,.76,.76,.76,.76, 100
03/17/2020,20:37,.76,.76,.76,.76, 100
03/17/2020,20:37,.76,.76,.76,.76, 300
03/17/2020,20:44,.772,.772,.772,.772, 199
03/17/2020,20:47,.78,.78,.78,.78, 10000
03/17/2020,20:51,.78,.78,.78,.78, 100
03/17/2020,21:01,.76,.76,.76,.76, 806
03/18/2020,15:22,.75,.75,.75,.75, 100
03/18/2020,15:22,.754,.754,.754,.754, 800
03/18/2020,15:44,.76,.76,.76,.76, 200
03/18/2020,15:56,.78,.78,.78,.78, 400
03/18/2020,16:01,.78,.78,.78,.78, 795
03/18/2020,16:12,.79,.79,.79,.79, 480
03/18/2020,16:13,.79,.79,.79,.79, 2000
03/18/2020,16:17,.79,.79,.79,.79, 7808
03/18/2020,16:18,.79,.79,.79,.79, 800
03/18/2020,16:23,.79,.79,.79,.79, 100
03/18/2020,16:24,.796,.796,.79,.79, 2620
03/18/2020,16:30,.79,.79,.79,.79, 2200
03/18/2020,16:34,.79,.79,.78,.78, 13200
03/18/2020,16:49,.75,.751,.75,.751, 1600
03/18/2020,16:49,.754,.754,.754,.754, 250
03/18/2020,17:29,.76,.76,.76,.76, 300
03/18/2020,17:34,.78,.78,.78,.78, 100
03/18/2020,17:42,.78,.78,.78,.78, 1799
03/18/2020,17:43,.78,.78,.78,.78, 938
03/18/2020,18:20,.785,.785,.785,.785, 1206
03/18/2020,18:24,.8,.8,.8,.8, 10000
03/18/2020,18:28,.798,.798,.798,.798, 4725
03/18/2020,18:29,.792,.792,.792,.792, 135
03/18/2020,18:34,.786,.786,.786,.786, 2063
03/18/2020,18:40,.785,.785,.785,.785, 465
03/18/2020,18:41,.785,.785,.785,.785, 200
03/18/2020,18:43,.785,.785,.785,.785, 1100
03/18/2020,18:45,.785,.785,.785,.785, 3000
03/18/2020,18:46,.76,.76,.76,.76, 100
03/18/2020,19:07,.76,.76,.76,.76, 2220
03/18/2020,19:56,.764,.764,.764,.764, 100
03/18/2020,20:00,.788,.788,.788,.788, 100
03/18/2020,20:12,.786,.786,.786,.786, 1000
03/18/2020,20:54,.76,.76,.76,.76, 1000
03/18/2020,20:59,.77,.77,.77,.77, 200
03/19/2020,14:31,.772,.772,.772,.772, 310
03/19/2020,14:37,.78,.78,.78,.78, 400
03/19/2020,14:55,.78,.78,.78,.78, 1732
03/19/2020,15:16,.8,.8,.8,.8, 100
03/19/2020,15:19,.8,.8,.8,.8, 300
03/19/2020,15:21,.795,.795,.795,.795, 1000
03/19/2020,15:26,.796,.796,.796,.796, 550
03/19/2020,15:31,.797,.797,.797,.797, 1200
03/19/2020,15:39,.795,.795,.795,.795, 4600
03/19/2020,15:41,.8,.8,.8,.8, 100
03/19/2020,15:52,.797,.797,.795,.795, 1205
03/19/2020,15:57,.8,.8,.8,.8, 200
03/19/2020,16:00,.79,.79,.79,.79, 475
03/19/2020,16:02,.78,.78,.78,.78, 3000
03/19/2020,16:09,.79,.79,.79,.79, 500
03/19/2020,17:11,.77,.77,.76,.77, 11439
03/19/2020,18:00,.79,.79,.79,.79, 100
03/19/2020,18:19,.79,.795,.79,.79, 1800
03/19/2020,18:30,.79,.79,.79,.79, 100
03/19/2020,19:32,.79,.79,.79,.79, 100
03/19/2020,19:38,.786,.786,.786,.786, 2000
03/19/2020,19:42,.79,.79,.79,.79, 200
03/19/2020,19:45,.78,.78,.78,.78, 1187
03/19/2020,19:47,.79,.79,.79,.79, 1000
03/19/2020,19:58,.78,.78,.78,.78, 108
03/19/2020,20:26,.785,.785,.785,.785, 475
03/19/2020,20:27,.787,.79,.787,.79, 5000
03/19/2020,20:28,.79,.79,.79,.79, 130
03/19/2020,20:38,.79,.79,.79,.79, 1700
03/19/2020,20:43,.788,.788,.788,.788, 1134
03/19/2020,20:46,.788,.788,.788,.788, 2009
03/19/2020,20:47,.79,.79,.79,.79, 1000
03/19/2020,20:47,.79,.79,.788,.788, 1985
03/19/2020,20:53,.79,.79,.79,.79, 625
03/19/2020,20:54,.79,.79,.79,.79, 2075
03/19/2020,20:55,.79,.79,.79,.79, 3280
03/19/2020,20:56,.79,.79,.79,.79, 216
03/19/2020,20:57,.79,.79,.79,.79, 300
03/19/2020,21:01,.785,.785,.785,.785, 218
03/20/2020,14:31,.789,.789,.789,.789, 105
03/20/2020,14:32,.785,.785,.785,.785, 100
03/20/2020,14:33,.841,.841,.841,.841, 250
03/20/2020,14:35,.805,.805,.805,.805, 700
03/20/2020,14:48,.8,.8,.8,.8, 200
03/20/2020,14:54,.81,.81,.81,.81, 100
03/20/2020,15:03,.8,.805,.8,.8, 500
03/20/2020,15:07,.81,.81,.81,.81, 2333
03/20/2020,15:10,.8,.81,.8,.81, 2890
03/20/2020,15:11,.81,.81,.81,.81, 250
03/20/2020,15:15,.81,.81,.81,.81, 100
03/20/2020,15:18,.79,.79,.79,.79, 4100
03/20/2020,15:29,.81,.81,.81,.81, 100
03/20/2020,15:29,.79,.79,.79,.79, 1600
03/20/2020,15:30,.79,.79,.79,.79, 810
03/20/2020,15:31,.79,.79,.79,.79, 500
03/20/2020,15:31,.79,.79,.79,.79, 200
03/20/2020,15:41,.79,.794,.79,.794, 670
03/20/2020,15:49,.8,.8,.8,.8, 300
03/20/2020,16:15,.805,.81,.805,.81, 521
03/20/2020,16:18,.805,.805,.805,.805, 100
03/20/2020,16:20,.8,.805,.8,.805, 5400
03/20/2020,16:28,.806,.806,.806,.806, 162
03/20/2020,16:39,.81,.81,.79,.79, 600
03/20/2020,16:50,.81,.81,.81,.81, 100
03/20/2020,17:02,.79,.79,.79,.79, 100
03/20/2020,17:20,.79,.79,.79,.79, 200
03/20/2020,17:20,.8,.8,.79,.79, 6199
03/20/2020,17:23,.79,.79,.79,.79, 1462
03/20/2020,17:51,.79,.8,.79,.8, 2400
03/20/2020,17:53,.8,.8,.8,.8, 139
03/20/2020,18:04,.78,.78,.78,.78, 1500
03/20/2020,18:16,.786,.786,.786,.786, 240
03/20/2020,18:18,.785,.785,.785,.785, 300
03/20/2020,18:23,.786,.786,.786,.786, 129
03/20/2020,19:10,.79,.79,.79,.79, 1800
03/20/2020,19:14,.786,.79,.786,.79, 1100
03/20/2020,19:26,.786,.786,.786,.786, 600
03/20/2020,19:33,.78,.78,.78,.78, 15701
03/20/2020,20:13,.776,.776,.776,.776, 100
03/20/2020,20:16,.76,.762,.76,.762, 2356
03/20/2020,20:32,.759,.759,.759,.759, 6250
03/20/2020,20:37,.77,.77,.77,.77, 100
03/20/2020,20:52,.78,.78,.778,.78, 7114
03/20/2020,20:58,.78,.78,.78,.78, 333
03/23/2020,14:31,.78,.78,.78,.78, 264
03/23/2020,14:38,.78,.78,.78,.78, 210
03/23/2020,15:00,.78,.78,.78,.78, 6000
03/23/2020,15:02,.78,.78,.78,.78, 3377
03/23/2020,15:17,.761,.761,.761,.761, 1000
03/23/2020,16:03,.742,.742,.742,.742, 700
03/23/2020,16:05,.742,.742,.742,.742, 2000
03/23/2020,16:27,.75,.75,.746,.746, 600
03/23/2020,16:27,.742,.742,.742,.742, 100
03/23/2020,16:33,.746,.746,.746,.746, 110
03/23/2020,17:56,.79,.79,.79,.79, 100
03/23/2020,18:23,.777,.777,.777,.777, 1000
03/23/2020,19:03,.77,.79,.77,.79, 662
03/23/2020,19:06,.78,.78,.78,.78, 100
03/23/2020,19:07,.76,.76,.76,.76, 130
03/23/2020,19:24,.76,.76,.76,.76, 1000
03/23/2020,19:54,.76,.76,.76,.76, 1600
03/24/2020,14:31,.794,.794,.794,.794, 775
03/24/2020,14:31,.798,.798,.798,.798, 100
03/24/2020,14:47,.796,.796,.796,.796, 250
03/24/2020,14:52,.8,.8,.8,.8, 3899
03/24/2020,15:01,.79,.79,.79,.79, 2500
03/24/2020,15:01,.795,.795,.791,.795, 9894
03/24/2020,15:02,.771,.771,.771,.771, 1250
03/24/2020,15:29,.79,.79,.78,.78, 6000
03/24/2020,15:33,.787,.787,.787,.787, 100
03/24/2020,15:34,.78,.79,.78,.79, 6000
03/24/2020,15:47,.79,.79,.79,.79, 100
03/24/2020,15:53,.773,.773,.773,.773, 965
03/24/2020,15:54,.775,.775,.775,.775, 627
03/24/2020,15:56,.773,.773,.773,.773, 185
03/24/2020,15:56,.79,.79,.79,.79, 150
03/24/2020,15:57,.771,.771,.771,.771, 400
03/24/2020,16:10,.78,.78,.78,.78, 600
03/24/2020,16:12,.785,.785,.785,.785, 200
03/24/2020,16:13,.78,.78,.78,.78, 200
03/24/2020,16:14,.785,.785,.785,.785, 400
03/24/2020,16:19,.788,.788,.788,.788, 675
03/24/2020,16:25,.785,.785,.785,.785, 100
03/24/2020,16:38,.785,.785,.785,.785, 100
03/24/2020,16:41,.785,.785,.785,.785, 100
03/24/2020,16:44,.785,.785,.785,.785, 200
03/24/2020,16:46,.785,.785,.785,.785, 200
03/24/2020,16:51,.787,.79,.787,.79, 3400
03/24/2020,17:17,.787,.787,.787,.787, 525
03/24/2020,17:42,.785,.785,.785,.785, 2000
03/24/2020,17:44,.785,.785,.785,.785, 599
03/24/2020,17:49,.779,.779,.769,.769, 450
03/24/2020,18:00,.76,.76,.76,.76, 250
03/24/2020,18:37,.775,.775,.775,.775, 9925
03/24/2020,18:48,.78,.79,.78,.79, 3100
03/24/2020,18:50,.764,.764,.764,.764, 500
03/24/2020,20:27,.76,.76,.76,.76, 6700
03/24/2020,20:29,.756,.756,.756,.756, 200
03/24/2020,20:39,.76,.76,.76,.76, 240
03/24/2020,20:44,.757,.757,.757,.757, 100
03/24/2020,20:44,.757,.757,.757,.757, 200
03/24/2020,20:47,.757,.757,.757,.757, 5000
03/24/2020,20:51,.757,.757,.757,.757, 3000
03/24/2020,20:57,.757,.757,.757,.757, 755
03/25/2020,14:31,.77,.77,.77,.77, 1103
03/25/2020,14:54,.795,.795,.792,.794, 1200
03/25/2020,14:54,.794,.794,.794,.794, 300
03/25/2020,15:00,.799,.799,.799,.799, 200
03/25/2020,15:11,.796,.796,.796,.796, 2000
03/25/2020,15:23,.8,.8,.8,.8, 100
03/25/2020,15:40,.785,.785,.785,.785, 500
03/25/2020,15:41,.785,.785,.785,.785, 15000
03/25/2020,15:56,.8,.8,.8,.8, 1000
03/25/2020,15:57,.796,.796,.796,.796, 100
03/25/2020,17:05,.77,.77,.77,.77, 100
03/25/2020,17:45,.8,.8,.8,.8, 200
03/25/2020,17:47,.8,.8,.8,.8, 6184
03/25/2020,17:48,.8,.8,.8,.8, 127
03/25/2020,17:50,.8,.8,.8,.8, 1400
03/25/2020,17:52,.8,.8,.8,.8, 2400
03/25/2020,17:56,.8,.81,.8,.81, 1000
03/25/2020,18:06,.8,.81,.8,.81, 11114
03/25/2020,18:09,.81,.81,.81,.81, 300
03/25/2020,18:17,.82,.82,.82,.82, 100
03/25/2020,18:32,.82,.82,.82,.82, 500
03/25/2020,18:43,.82,.82,.819,.82, 7300
03/25/2020,18:49,.82,.82,.82,.82, 400
03/25/2020,18:53,.82,.82,.81,.81, 11120
03/25/2020,18:55,.814,.814,.814,.814, 500
03/25/2020,19:08,.815,.82,.815,.82, 2000
03/25/2020,19:09,.814,.814,.814,.814, 1000
03/25/2020,19:10,.815,.815,.811,.813, 1100
03/25/2020,19:14,.814,.814,.814,.814, 1000
03/25/2020,19:17,.81,.81,.81,.81, 800
03/25/2020,19:17,.81,.81,.81,.81, 400
03/25/2020,19:20,.81,.81,.81,.81, 500
03/25/2020,19:24,.82,.82,.82,.82, 100
03/25/2020,19:25,.815,.815,.815,.815, 100
03/25/2020,19:33,.815,.815,.815,.815, 250
03/25/2020,19:36,.815,.815,.815,.815, 1000
03/25/2020,19:49,.81,.81,.81,.81, 100
03/25/2020,19:49,.81,.81,.81,.81, 200
03/25/2020,19:52,.81,.81,.81,.81, 200
03/25/2020,20:01,.818,.818,.818,.818, 100
03/25/2020,20:03,.82,.82,.82,.82, 168
03/25/2020,20:04,.81,.81,.81,.81, 300
03/25/2020,20:06,.81,.82,.81,.82, 1550
03/25/2020,20:13,.815,.82,.815,.82, 3120
03/25/2020,20:17,.815,.82,.81,.815, 9107
03/25/2020,20:19,.85,.85,.85,.85, 1293
03/25/2020,20:31,.82,.83,.82,.83, 1500
03/25/2020,20:33,.83,.83,.83,.83, 5000
03/25/2020,20:36,.83,.83,.83,.83, 100
03/25/2020,20:40,.83,.83,.83,.83, 10000
03/25/2020,20:49,.82,.82,.82,.82, 853
03/25/2020,20:49,.82,.82,.82,.82, 1000
03/25/2020,20:51,.82,.82,.82,.82, 700
03/25/2020,20:57,.812,.82,.812,.82, 2636
03/25/2020,21:01,.81,.81,.81,.81, 442
03/26/2020,14:31,.82,.82,.82,.82, 5613
03/26/2020,14:44,.82,.82,.82,.82, 300
03/26/2020,14:55,.82,.82,.82,.82, 1400
03/26/2020,14:57,.82,.82,.82,.82, 550
03/26/2020,14:59,.82,.82,.82,.82, 123
03/26/2020,15:03,.81,.81,.81,.81, 7000
03/26/2020,15:16,.81,.82,.81,.82, 5674
03/26/2020,15:17,.82,.82,.82,.82, 100
03/26/2020,15:18,.82,.82,.82,.82, 100
03/26/2020,15:19,.82,.82,.82,.82, 100
03/26/2020,15:21,.815,.815,.81,.81, 400
03/26/2020,15:22,.81,.815,.81,.815, 500
03/26/2020,15:23,.815,.815,.815,.815, 100
03/26/2020,15:24,.815,.815,.815,.815, 100
03/26/2020,15:26,.815,.815,.815,.815, 100
03/26/2020,15:27,.815,.815,.815,.815, 100
03/26/2020,15:28,.815,.815,.815,.815, 100
03/26/2020,15:29,.815,.815,.815,.815, 100
03/26/2020,15:31,.815,.815,.815,.815, 100
03/26/2020,15:32,.815,.815,.815,.815, 125
03/26/2020,15:32,.81,.81,.81,.81, 300
03/26/2020,15:37,.81,.81,.81,.81, 200
03/26/2020,15:46,.81,.81,.81,.81, 200
03/26/2020,15:49,.81,.81,.81,.81, 125
03/26/2020,15:57,.82,.82,.82,.82, 100
03/26/2020,16:05,.81,.81,.81,.81, 100
03/26/2020,16:08,.81,.81,.81,.81, 200
03/26/2020,16:09,.82,.82,.82,.82, 1709
03/26/2020,16:14,.818,.818,.818,.818, 1000
03/26/2020,16:24,.82,.82,.81,.81, 1600
03/26/2020,16:58,.815,.815,.815,.815, 100
03/26/2020,17:16,.82,.82,.82,.82, 500
03/26/2020,17:20,.81,.81,.806,.806, 18850
03/26/2020,17:22,.806,.806,.806,.806, 900
03/26/2020,17:23,.804,.804,.8,.8, 6800
03/26/2020,17:28,.8,.8,.8,.8, 100
03/26/2020,17:51,.81,.81,.81,.81, 1000
03/26/2020,18:26,.807,.807,.807,.807, 106
03/26/2020,18:36,.81,.81,.81,.81, 2498
03/26/2020,18:37,.81,.81,.81,.81, 2000
03/26/2020,18:43,.8,.8,.8,.8, 400
03/26/2020,18:49,.8,.801,.8,.801, 1772
03/26/2020,18:52,.8,.8,.8,.8, 100
03/26/2020,19:03,.8,.8,.8,.8, 600
03/26/2020,19:26,.797,.8,.797,.8, 507
03/26/2020,19:41,.8,.8,.8,.8, 187
03/26/2020,20:13,.8,.8,.8,.8, 19902
03/26/2020,20:18,.806,.806,.806,.806, 1765
03/26/2020,20:38,.809,.809,.809,.809, 400
03/26/2020,20:44,.804,.804,.804,.804, 400
03/26/2020,20:49,.804,.804,.804,.804, 300
03/26/2020,20:50,.81,.81,.81,.81, 100
03/26/2020,20:58,.799,.799,.799,.799, 103
03/26/2020,21:01,.79,.79,.79,.79, 115
03/27/2020,14:31,.8,.8,.8,.8, 962
03/27/2020,14:32,.8,.8,.8,.8, 1000
03/27/2020,14:47,.79,.79,.79,.79, 100
03/27/2020,14:49,.79,.79,.79,.79, 118
03/27/2020,15:31,.81,.81,.81,.81, 1000
03/27/2020,16:12,.809,.809,.809,.809, 177
03/27/2020,16:16,.8,.8,.8,.8, 1000
03/27/2020,16:18,.8,.8,.8,.8, 200
03/27/2020,16:36,.8,.81,.8,.81, 700
03/27/2020,16:39,.81,.81,.81,.81, 600
03/27/2020,16:50,.805,.805,.805,.805, 200
03/27/2020,17:40,.81,.81,.81,.81, 500
03/27/2020,17:50,.81,.81,.81,.81, 696
03/27/2020,18:29,.81,.81,.81,.81, 200
03/27/2020,18:35,.81,.81,.806,.806, 1600
03/27/2020,18:42,.81,.81,.81,.81, 1823
03/27/2020,18:43,.801,.806,.801,.806, 900
03/27/2020,18:51,.81,.81,.81,.81, 900
03/27/2020,18:51,.81,.81,.81,.81, 200
03/27/2020,18:55,.81,.81,.81,.81, 245
03/27/2020,19:07,.81,.81,.81,.81, 2500
03/27/2020,19:15,.806,.81,.806,.81, 2000
03/27/2020,19:17,.808,.808,.808,.808, 100
03/27/2020,19:41,.808,.808,.808,.808, 300
03/27/2020,19:49,.805,.805,.805,.805, 3600
03/27/2020,19:49,.803,.803,.803,.803, 100
03/27/2020,19:54,.805,.805,.805,.805, 500
03/27/2020,19:55,.805,.805,.805,.805, 1000
03/27/2020,20:01,.8,.8,.8,.8, 100
03/27/2020,20:10,.8,.8,.8,.8, 1615
03/27/2020,20:31,.795,.795,.795,.795, 300
03/27/2020,20:43,.79,.79,.79,.79, 900
03/27/2020,20:46,.79,.805,.79,.805, 1500
03/30/2020,15:31,.8,.8,.8,.8, 406
03/30/2020,15:31,.789,.789,.789,.789, 1200
03/30/2020,15:34,.828,.828,.828,.828, 185
03/30/2020,15:39,.791,.791,.791,.791, 3000
03/30/2020,15:53,.81,.81,.81,.81, 1600
03/30/2020,15:55,.82,.82,.82,.82, 499
03/30/2020,15:56,.81,.81,.81,.81, 500
03/30/2020,15:57,.809,.809,.809,.809, 100
03/30/2020,15:59,.837,.837,.837,.837, 500
03/30/2020,16:01,.85,.85,.81,.81, 8700
03/30/2020,16:30,.82,.82,.82,.82, 400
03/30/2020,16:30,.85,.85,.85,.85, 400
03/30/2020,16:31,.791,.791,.791,.791, 306
03/30/2020,16:32,.82,.82,.82,.82, 100
03/30/2020,16:35,.79,.79,.79,.79, 1050
03/30/2020,16:37,.846,.846,.846,.846, 1500
03/30/2020,16:49,.85,.85,.85,.85, 500
03/30/2020,17:00,.83,.844,.83,.844, 1800
03/30/2020,17:01,.84,.84,.84,.84, 4800
03/30/2020,17:14,.825,.825,.825,.825, 500
03/30/2020,17:18,.84,.84,.84,.84, 2300
03/30/2020,17:23,.84,.84,.825,.825, 600
03/30/2020,17:35,.825,.825,.825,.825, 200
03/30/2020,17:36,.84,.84,.81,.839, 700
03/30/2020,18:19,.81,.81,.81,.81, 300
03/30/2020,18:30,.81,.81,.81,.81, 200
03/30/2020,18:39,.825,.825,.825,.825, 1100
03/30/2020,18:59,.81,.81,.81,.81, 2600
03/30/2020,19:01,.825,.83,.825,.83, 200
03/30/2020,19:07,.82,.82,.82,.82, 300
03/30/2020,19:16,.79,.802,.79,.802, 6300
03/30/2020,19:17,.795,.795,.795,.795, 200
03/30/2020,19:31,.8,.8,.8,.8, 987
03/30/2020,19:31,.8,.8,.8,.8, 500
03/30/2020,19:40,.795,.795,.795,.795, 1000
03/30/2020,19:47,.79,.794,.79,.794, 200
03/30/2020,19:51,.79,.79,.79,.79, 300
03/30/2020,19:53,.79,.79,.79,.79, 400
03/30/2020,19:58,.79,.79,.79,.79, 122
03/30/2020,20:06,.79,.79,.79,.79, 500
03/30/2020,20:36,.8,.8,.8,.8, 100
03/30/2020,20:46,.8,.8,.8,.8, 800
03/30/2020,20:56,.795,.8,.795,.795, 500
03/30/2020,21:02,.8,.8,.8,.8, 100
03/30/2020,21:36,.8,.8,.8,.8, 374
03/30/2020,21:41,.796,.796,.796,.796, 395
03/30/2020,21:42,.79,.791,.79,.791, 1992
03/30/2020,21:45,.796,.796,.796,.796, 250
03/30/2020,21:59,.79,.79,.79,.79, 2600
03/30/2020,22:01,.783,.783,.783,.783, 436
03/31/2020,15:31,.81,.81,.81,.81, 1025
03/31/2020,15:48,.794,.794,.794,.794, 200
03/31/2020,15:49,.81,.81,.81,.81, 200
03/31/2020,15:51,.8,.8,.8,.8, 100
03/31/2020,15:53,.806,.806,.806,.806, 1000
03/31/2020,15:54,.8,.8,.8,.8, 4000
03/31/2020,16:09,.79,.79,.79,.79, 1075
03/31/2020,16:17,.8,.8,.8,.8, 2200
03/31/2020,16:22,.8,.8,.8,.8, 500
03/31/2020,16:24,.806,.806,.806,.806, 190
03/31/2020,16:25,.805,.805,.805,.805, 100
03/31/2020,16:25,.8,.8,.8,.8, 2200
03/31/2020,17:01,.799,.799,.799,.799, 100
03/31/2020,17:13,.805,.805,.805,.805, 250
03/31/2020,17:21,.806,.806,.806,.806, 200
03/31/2020,17:22,.805,.805,.805,.805, 100
03/31/2020,17:24,.805,.805,.802,.802, 450
03/31/2020,17:37,.795,.795,.795,.795, 2050
03/31/2020,17:46,.8,.8,.8,.8, 600
03/31/2020,17:50,.81,.81,.8,.8, 1200
03/31/2020,17:55,.8,.8,.8,.8, 600
03/31/2020,17:56,.8,.805,.8,.8, 11071
03/31/2020,18:04,.8,.806,.8,.806, 1999
03/31/2020,18:08,.81,.81,.81,.81, 100
03/31/2020,18:38,.8,.8,.8,.8, 500
03/31/2020,19:04,.798,.798,.798,.798, 800
03/31/2020,19:08,.796,.796,.795,.796, 1300
03/31/2020,19:26,.787,.787,.787,.787, 1400
03/31/2020,19:27,.8,.8,.8,.8, 100
03/31/2020,19:30,.787,.789,.78,.78, 3538
03/31/2020,19:34,.8,.8,.8,.8, 2400
03/31/2020,20:16,.78,.78,.78,.78, 100
03/31/2020,20:29,.78,.78,.78,.78, 1000
03/31/2020,20:55,.785,.785,.785,.785, 375
03/31/2020,21:02,.78,.78,.78,.78, 1904
03/31/2020,21:32,.78,.78,.78,.78, 100
03/31/2020,21:32,.79,.79,.79,.79, 100
03/31/2020,21:34,.78,.78,.78,.78, 1300
03/31/2020,21:36,.778,.778,.778,.778, 1500
03/31/2020,21:36,.778,.778,.778,.778, 300
03/31/2020,21:38,.78,.78,.78,.78, 1000
03/31/2020,21:39,.78,.78,.78,.78, 1250
03/31/2020,21:42,.78,.78,.78,.78, 100
03/31/2020,21:53,.778,.778,.778,.778, 500
03/31/2020,21:53,.778,.778,.76,.76, 1173
03/31/2020,21:56,.76,.76,.76,.76, 135
03/31/2020,22:01,.762,.762,.762,.762, 449

