04/01/2020,15:31,44.98,45.05,44.97,45.05, 6613
04/01/2020,15:32,44.808,44.808,44.808,44.808, 128
04/01/2020,15:33,44.658,44.658,44.658,44.658, 130
04/01/2020,15:34,44.27,44.27,44.27,44.27, 400
04/01/2020,15:36,44.48,44.48,44.48,44.48, 178
04/01/2020,15:43,44.294,44.294,44.294,44.294, 508
04/01/2020,15:44,44.34,44.34,44.34,44.34, 100
04/01/2020,15:47,44.01,44.01,44.01,44.01, 100
04/01/2020,15:47,44.01,44.01,44.01,44.01, 100
04/01/2020,15:48,44.02,44.118,44.02,44.118, 507
04/01/2020,15:49,44.105,44.105,44.105,44.105, 113
04/01/2020,15:50,44.03,44.03,44.03,44.03, 100
04/01/2020,15:54,44.257,44.257,44.257,44.257, 304
04/01/2020,15:55,44.33,44.33,44.33,44.33, 100
04/01/2020,15:57,44.25,44.25,44.25,44.25, 2959
04/01/2020,15:58,44.122,44.122,44.122,44.122, 275
04/01/2020,16:08,44.08,44.11,44.08,44.11, 800
04/01/2020,16:10,44.19,44.19,44.19,44.19, 163
04/01/2020,16:12,44.29,44.29,44.29,44.29, 500
04/01/2020,16:21,44.256,44.256,44.256,44.256, 377
04/01/2020,16:22,44.31,44.31,44.31,44.31, 100
04/01/2020,16:27,44.139,44.139,44.139,44.139, 233
04/01/2020,16:28,44.2,44.21,44.19,44.21, 2200
04/01/2020,16:30,44.144,44.144,44.144,44.144, 600
04/01/2020,16:33,44.177,44.177,44.177,44.177, 293
04/01/2020,16:35,44.411,44.411,44.411,44.411, 250
04/01/2020,16:37,44.295,44.295,44.295,44.295, 791
04/01/2020,16:41,44.296,44.296,44.26,44.26, 609
04/01/2020,16:44,44.336,44.336,44.336,44.336, 787
04/01/2020,16:45,44.241,44.241,44.241,44.241, 126
04/01/2020,16:46,44.248,44.248,44.248,44.248, 132
04/01/2020,16:47,44.25,44.339,44.25,44.339, 1125
04/01/2020,16:49,44.316,44.316,44.316,44.316, 300
04/01/2020,16:50,44.33,44.33,44.33,44.33, 300
04/01/2020,16:54,44.163,44.163,44.163,44.163, 290
04/01/2020,17:00,44.236,44.236,44.236,44.236, 131
04/01/2020,17:01,44.208,44.208,44.208,44.208, 289
04/01/2020,17:05,44.226,44.226,44.226,44.226, 268
04/01/2020,17:13,44.449,44.449,44.449,44.449, 132
04/01/2020,17:13,44.357,44.357,44.357,44.357, 100
04/01/2020,17:19,44.179,44.179,44.179,44.179, 285
04/01/2020,17:26,44,44,44,44, 100
04/01/2020,17:27,43.88,43.88,43.88,43.88, 100
04/01/2020,17:29,43.89,43.89,43.81,43.81, 200
04/01/2020,17:34,43.89,43.89,43.89,43.89, 100
04/01/2020,17:35,43.807,43.807,43.807,43.807, 150
04/01/2020,17:38,43.945,43.945,43.902,43.902, 255
04/01/2020,17:40,43.887,43.887,43.833,43.833, 557
04/01/2020,17:46,43.855,43.855,43.855,43.855, 1042
04/01/2020,17:49,43.775,43.775,43.775,43.775, 100
04/01/2020,17:53,43.67,43.67,43.67,43.67, 114
04/01/2020,17:53,43.859,43.859,43.859,43.859, 100
04/01/2020,18:00,43.78,43.78,43.78,43.78, 100
04/01/2020,18:02,43.7,43.7,43.7,43.7, 100
04/01/2020,18:08,43.665,43.665,43.665,43.665, 1439
04/01/2020,18:14,43.72,43.72,43.72,43.72, 200
04/01/2020,18:26,43.497,43.497,43.497,43.497, 100
04/01/2020,18:39,43.24,43.24,43.24,43.24, 15196
04/01/2020,18:40,43.23,43.23,43.23,43.23, 193
04/01/2020,18:44,43.104,43.104,43.088,43.088, 2233
04/01/2020,18:45,43.171,43.171,43.171,43.171, 230
04/01/2020,18:45,43.184,43.184,43.184,43.184, 740
04/01/2020,18:50,43.101,43.101,43.101,43.101, 342
04/01/2020,18:51,43.03,43.03,43.03,43.03, 185
04/01/2020,18:56,43.207,43.207,43.207,43.207, 425
04/01/2020,19:00,43.2,43.2,43.2,43.2, 100
04/01/2020,19:01,43.18,43.18,43.18,43.18, 100
04/01/2020,19:01,43.192,43.192,43.192,43.192, 500
04/01/2020,19:03,43.165,43.165,43.165,43.165, 2000
04/01/2020,19:06,43.23,43.23,43.23,43.23, 1091
04/01/2020,19:10,43.21,43.21,43.21,43.21, 125
04/01/2020,19:17,43.135,43.15,43.12,43.12, 315
04/01/2020,19:17,43.2,43.2,43.2,43.2, 537
04/01/2020,19:18,43.159,43.159,43.159,43.159, 330
04/01/2020,19:19,43.18,43.18,43.18,43.18, 500
04/01/2020,19:23,43.18,43.28,43.18,43.28, 685
04/01/2020,19:24,43.276,43.284,43.276,43.284, 1495
04/01/2020,19:25,43.31,43.31,43.31,43.31, 106
04/01/2020,19:26,43.305,43.305,43.305,43.305, 143
04/01/2020,19:27,43.33,43.33,43.33,43.33, 230
04/01/2020,19:35,43.14,43.209,43.14,43.209, 645
04/01/2020,19:36,43.115,43.115,43.115,43.115, 230
04/01/2020,19:36,43.075,43.075,43.075,43.075, 216
04/01/2020,19:40,43.14,43.19,43.13,43.14, 1000
04/01/2020,19:44,43.235,43.235,43.235,43.235, 231
04/01/2020,19:45,43.3,43.3,43.3,43.3, 2884
04/01/2020,19:46,43.166,43.166,43.166,43.166, 278
04/01/2020,19:47,43.245,43.245,43.245,43.245, 145
04/01/2020,19:50,43.343,43.343,43.343,43.343, 250
04/01/2020,19:51,43.29,43.29,43.29,43.29, 100
04/01/2020,19:52,43.315,43.315,43.315,43.315, 268
04/01/2020,19:55,43.468,43.468,43.468,43.468, 115
04/01/2020,19:57,43.445,43.445,43.445,43.445, 109
04/01/2020,19:58,43.51,43.51,43.51,43.51, 301
04/01/2020,20:02,43.435,43.498,43.435,43.498, 1134
04/01/2020,20:07,43.448,43.448,43.448,43.448, 175
04/01/2020,20:16,43.19,43.19,43.19,43.19, 200
04/01/2020,20:17,43.208,43.208,43.208,43.208, 140
04/01/2020,20:22,43,43.049,43,43.049, 683
04/01/2020,20:22,43.01,43.01,43.01,43.01, 2800
04/01/2020,20:25,43.026,43.026,43.026,43.026, 500
04/01/2020,20:25,43,43,43,43, 200
04/01/2020,20:35,42.915,42.915,42.915,42.915, 100
04/01/2020,20:36,42.885,42.885,42.885,42.885, 303
04/01/2020,20:39,42.923,42.923,42.923,42.923, 201
04/01/2020,20:41,42.947,42.947,42.947,42.947, 600
04/01/2020,20:45,43.038,43.038,43.038,43.038, 100
04/01/2020,20:46,43.044,43.044,42.97,42.97, 4820
04/01/2020,20:48,43.05,43.05,43.05,43.05, 377
04/01/2020,20:49,43.078,43.12,43.078,43.12, 665
04/01/2020,20:56,42.995,42.995,42.995,42.995, 133
04/01/2020,21:00,42.95,42.95,42.95,42.95, 100
04/01/2020,21:01,42.938,42.938,42.938,42.938, 700
04/01/2020,21:10,42.804,42.804,42.804,42.804, 119
04/01/2020,21:13,42.71,42.71,42.71,42.71, 40428
04/01/2020,21:21,42.83,42.83,42.761,42.761, 335
04/01/2020,21:24,42.718,42.718,42.718,42.718, 143
04/01/2020,21:26,42.51,42.51,42.51,42.51, 160
04/01/2020,21:28,42.55,42.55,42.55,42.55, 125
04/01/2020,21:31,42.595,42.595,42.595,42.595, 312
04/01/2020,21:34,42.539,42.539,42.538,42.538, 1011
04/01/2020,21:36,42.55,42.55,42.55,42.55, 300
04/01/2020,21:37,42.61,42.61,42.57,42.57, 356
04/01/2020,21:38,42.609,42.609,42.565,42.565, 300
04/01/2020,21:38,42.56,42.56,42.56,42.56, 125
04/01/2020,21:39,42.561,42.561,42.53,42.53, 208
04/01/2020,21:45,42.447,42.447,42.447,42.447, 470
04/01/2020,21:47,42.628,42.673,42.628,42.653, 530
04/01/2020,21:48,42.668,42.668,42.668,42.668, 887
04/01/2020,21:49,42.739,42.739,42.739,42.739, 170
04/01/2020,21:51,42.788,42.788,42.788,42.788, 2598
04/01/2020,21:52,42.842,42.842,42.842,42.842, 117
04/01/2020,21:53,42.723,42.723,42.723,42.723, 100
04/01/2020,21:56,42.867,42.867,42.867,42.867, 250
04/01/2020,21:56,42.93,42.93,42.91,42.91, 400
04/01/2020,21:57,42.918,42.918,42.918,42.918, 943
04/01/2020,21:58,42.8,42.8,42.7,42.7, 920
04/01/2020,21:59,42.78,42.8,42.78,42.79, 300
04/01/2020,22:00,42.795,42.795,42.795,42.795, 100
04/01/2020,22:00,42.7,42.7,42.67,42.67, 600
04/01/2020,22:11,42.67,42.67,42.67,42.67, 1
04/02/2020,15:31,42.69,42.69,42.69,42.69, 9391
04/02/2020,15:35,42.88,42.88,42.875,42.88, 1300
04/02/2020,15:35,42.915,42.915,42.915,42.915, 100
04/02/2020,15:36,43.001,43.001,43.001,43.001, 221
04/02/2020,15:37,42.95,42.95,42.95,42.95, 100
04/02/2020,15:38,43.02,43.02,43.02,43.02, 100
04/02/2020,15:41,43.26,43.26,43.26,43.26, 100
04/02/2020,15:42,43.26,43.26,43.245,43.245, 703
04/02/2020,15:42,43.1,43.1,43.1,43.1, 300
04/02/2020,15:46,43.04,43.04,43.04,43.04, 200
04/02/2020,15:47,43,43,43,43, 100
04/02/2020,15:50,42.892,42.892,42.892,42.892, 752
04/02/2020,15:54,42.92,42.92,42.92,42.92, 200
04/02/2020,15:56,42.84,42.84,42.84,42.84, 100
04/02/2020,15:58,42.835,42.835,42.835,42.835, 210
04/02/2020,15:59,43.13,43.13,43.13,43.13, 100
04/02/2020,16:01,43.26,43.26,43.26,43.26, 600
04/02/2020,16:01,43.21,43.28,43.21,43.28, 1894
04/02/2020,16:03,43.38,43.38,43.38,43.38, 100
04/02/2020,16:08,43.36,43.36,43.36,43.36, 300
04/02/2020,16:13,43.56,43.56,43.56,43.56, 100
04/02/2020,16:14,43.29,43.29,43.29,43.29, 210
04/02/2020,16:18,43.202,43.202,43.202,43.202, 239
04/02/2020,16:24,43.594,43.594,43.594,43.594, 749
04/02/2020,16:25,43.423,43.423,43.423,43.423, 236
04/02/2020,16:27,43.484,43.484,43.484,43.484, 313
04/02/2020,16:28,43.474,43.474,43.474,43.474, 200
04/02/2020,16:38,44.371,44.371,44.371,44.371, 117
04/02/2020,16:43,44.1,44.1,44.1,44.1, 418
04/02/2020,16:49,44.008,44.008,44.008,44.008, 175
04/02/2020,16:49,43.95,43.95,43.95,43.95, 200
04/02/2020,16:51,43.97,44,43.867,43.867, 2848
04/02/2020,17:10,43.79,43.79,43.79,43.79, 147
04/02/2020,17:12,43.68,43.68,43.68,43.68, 100
04/02/2020,17:13,43.58,43.58,43.58,43.58, 100
04/02/2020,17:16,43.75,43.75,43.7,43.716, 766
04/02/2020,17:25,43.676,43.676,43.676,43.676, 150
04/02/2020,17:29,43.507,43.507,43.507,43.507, 1800
04/02/2020,17:35,43.769,43.769,43.769,43.769, 402
04/02/2020,17:37,43.76,43.76,43.75,43.75, 200
04/02/2020,17:40,43.642,43.71,43.642,43.71, 250
04/02/2020,17:46,43.89,43.89,43.89,43.89, 400
04/02/2020,17:50,44.178,44.178,44.178,44.178, 100
04/02/2020,17:52,44.11,44.11,44.11,44.11, 300
04/02/2020,17:54,44.11,44.225,44.11,44.225, 424
04/02/2020,18:02,44.04,44.04,44.04,44.04, 37886
04/02/2020,18:12,44.25,44.25,44.25,44.25, 3000
04/02/2020,18:17,44.168,44.216,44.148,44.216, 847
04/02/2020,18:24,44.102,44.102,44.096,44.096, 2088
04/02/2020,18:28,44.2,44.2,44.2,44.2, 115
04/02/2020,18:37,43.9,43.9,43.9,43.9, 280
04/02/2020,18:44,43.98,43.98,43.98,43.98, 300
04/02/2020,18:47,43.951,43.951,43.951,43.951, 215
04/02/2020,18:52,44.004,44.004,44.004,44.004, 150
04/02/2020,18:53,44.141,44.141,44.141,44.141, 205
04/02/2020,18:54,44.156,44.156,44.156,44.156, 140
04/02/2020,18:59,44.05,44.117,44.035,44.035, 9464
04/02/2020,18:59,44.04,44.05,44.04,44.05, 612
04/02/2020,19:00,44.05,44.05,44.05,44.05, 300
04/02/2020,19:02,44.04,44.06,44.04,44.06, 1200
04/02/2020,19:05,44.04,44.04,44.04,44.04, 450
04/02/2020,19:07,44.04,44.04,44.04,44.04, 450
04/02/2020,19:08,44.04,44.04,44.04,44.04, 200
04/02/2020,19:10,44.04,44.04,44.04,44.04, 3190
04/02/2020,19:11,43.94,43.95,43.92,43.92, 2500
04/02/2020,19:14,43.765,43.765,43.7,43.7, 378
04/02/2020,19:19,43.697,43.697,43.697,43.697, 845
04/02/2020,19:20,43.71,43.72,43.71,43.72, 200
04/02/2020,19:23,43.61,43.61,43.61,43.61, 200
04/02/2020,19:27,43.56,43.56,43.56,43.56, 100
04/02/2020,19:29,43.46,43.46,43.46,43.46, 100
04/02/2020,19:31,43.46,43.46,43.46,43.46, 700
04/02/2020,19:35,43.3,43.3,43.3,43.3, 100
04/02/2020,19:38,43.47,43.52,43.46,43.52, 10000
04/02/2020,19:39,43.46,43.46,43.451,43.451, 264
04/02/2020,19:40,43.479,43.479,43.479,43.479, 351
04/02/2020,19:41,43.48,43.48,43.48,43.48, 100
04/02/2020,19:42,43.59,43.59,43.59,43.59, 231
04/02/2020,19:47,43.61,43.61,43.61,43.61, 100
04/02/2020,19:50,43.72,43.72,43.72,43.72, 100
04/02/2020,19:50,43.656,43.656,43.656,43.656, 470
04/02/2020,19:55,43.7,43.7,43.7,43.7, 100
04/02/2020,20:03,43.35,43.35,43.35,43.35, 200
04/02/2020,20:14,42.885,42.885,42.885,42.885, 346
04/02/2020,20:15,43.09,43.09,43.09,43.09, 1600
04/02/2020,20:17,42.903,42.903,42.903,42.903, 914
04/02/2020,20:17,42.839,42.839,42.839,42.839, 331
04/02/2020,20:23,42.655,42.655,42.655,42.655, 420
04/02/2020,20:25,42.61,42.61,42.61,42.61, 701
04/02/2020,20:28,42.853,42.853,42.853,42.853, 469
04/02/2020,20:30,43,43,43,43, 500
04/02/2020,20:30,42.92,42.92,42.92,42.92, 626
04/02/2020,20:32,42.987,42.987,42.987,42.987, 224
04/02/2020,20:35,42.996,42.996,42.995,42.995, 500
04/02/2020,20:38,42.87,42.91,42.87,42.88, 700
04/02/2020,20:40,43.08,43.08,43.08,43.08, 984
04/02/2020,20:46,42.755,42.755,42.755,42.755, 100
04/02/2020,20:47,42.79,42.79,42.79,42.79, 1000
04/02/2020,20:53,42.807,42.807,42.807,42.807, 359
04/02/2020,21:00,43.12,43.155,43.117,43.147, 734
04/02/2020,21:01,43.265,43.265,43.265,43.265, 129
04/02/2020,21:04,43.149,43.228,43.149,43.226, 1504
04/02/2020,21:04,43.141,43.141,43.141,43.141, 112
04/02/2020,21:06,43.145,43.237,43.145,43.237, 919
04/02/2020,21:07,43.07,43.07,43.07,43.07, 367
04/02/2020,21:10,43.176,43.176,43.176,43.176, 130
04/02/2020,21:14,43.22,43.24,43.22,43.24, 1200
04/02/2020,21:21,43.445,43.445,43.445,43.445, 200
04/02/2020,21:21,43.53,43.53,43.53,43.53, 116
04/02/2020,21:22,43.478,43.478,43.478,43.478, 150
04/02/2020,21:23,43.411,43.411,43.411,43.411, 121
04/02/2020,21:29,43.4,43.4,43.343,43.343, 3285
04/02/2020,21:33,43.299,43.299,43.299,43.299, 148
04/02/2020,21:34,43.127,43.127,43.127,43.127, 300
04/02/2020,21:44,43.169,43.169,43.024,43.024, 275
04/02/2020,21:44,43.125,43.125,43.125,43.125, 555
04/02/2020,21:46,43.235,43.235,43.235,43.235, 805
04/02/2020,21:48,43.294,43.294,43.294,43.294, 316
04/02/2020,21:50,43.112,43.155,43.112,43.155, 320
04/02/2020,21:51,43.33,43.53,43.33,43.53, 500
04/02/2020,21:54,43.522,43.522,43.522,43.522, 1000
04/02/2020,21:56,43.727,43.727,43.727,43.727, 756
04/02/2020,21:58,43.88,43.92,43.867,43.867, 1755
04/02/2020,21:59,43.85,43.85,43.83,43.83, 300
04/02/2020,21:59,43.9,43.9,43.9,43.9, 600
04/02/2020,22:01,43.77,43.91,43.77,43.9, 960
04/02/2020,22:11,43.9,43.9,43.9,43.9, 1
04/03/2020,15:31,43.47,43.47,43.47,43.47, 5258
04/03/2020,15:33,43.773,43.773,43.773,43.773, 528
04/03/2020,15:34,43.669,43.669,43.669,43.669, 661
04/03/2020,15:36,43.72,43.72,43.64,43.64, 200
04/03/2020,15:37,43.66,43.66,43.6,43.6, 300
04/03/2020,15:38,43.61,43.61,43.61,43.61, 300
04/03/2020,15:39,43.53,43.53,43.53,43.53, 100
04/03/2020,15:40,43.51,43.61,43.51,43.61, 351
04/03/2020,15:40,43.59,43.59,43.59,43.59, 100
04/03/2020,15:42,43.62,43.71,43.62,43.71, 300
04/03/2020,15:43,43.8,43.8,43.8,43.8, 100
04/03/2020,15:43,43.982,43.982,43.982,43.982, 100
04/03/2020,15:46,43.83,43.83,43.83,43.83, 100
04/03/2020,15:47,43.96,43.96,43.87,43.87, 563
04/03/2020,15:50,43.77,43.77,43.77,43.77, 100
04/03/2020,15:51,43.88,43.88,43.88,43.88, 100
04/03/2020,15:56,43.73,43.73,43.73,43.73, 1573
04/03/2020,15:59,43.85,43.85,43.85,43.85, 100
04/03/2020,16:02,43.875,43.875,43.875,43.875, 200
04/03/2020,16:05,43.81,43.83,43.81,43.83, 200
04/03/2020,16:07,43.707,43.707,43.707,43.707, 113
04/03/2020,16:25,43.211,43.211,43.211,43.211, 114
04/03/2020,16:37,43.39,43.39,43.39,43.39, 100
04/03/2020,16:39,43.14,43.14,43.05,43.06, 13785
04/03/2020,16:42,43.135,43.135,43.135,43.135, 257
04/03/2020,16:43,43.01,43.01,43.01,43.01, 200
04/03/2020,16:46,43.228,43.228,43.228,43.228, 347
04/03/2020,16:47,43.097,43.097,43.097,43.097, 161
04/03/2020,16:49,43.16,43.258,43.16,43.258, 293
04/03/2020,16:52,43.19,43.19,43.19,43.19, 441
04/03/2020,16:56,43.131,43.131,43.131,43.131, 100
04/03/2020,16:56,42.98,42.98,42.98,42.98, 695
04/03/2020,16:58,43.19,43.19,43.19,43.19, 150
04/03/2020,17:02,43.214,43.214,43.214,43.214, 700
04/03/2020,17:05,43.105,43.105,43.105,43.105, 1290
04/03/2020,17:05,43.224,43.224,43.224,43.224, 450
04/03/2020,17:08,42.93,42.93,42.93,42.93, 170
04/03/2020,17:12,42.97,42.97,42.97,42.97, 649
04/03/2020,17:15,42.85,42.85,42.85,42.85, 121
04/03/2020,17:16,42.81,42.81,42.81,42.81, 205
04/03/2020,17:19,42.874,42.909,42.874,42.909, 275
04/03/2020,17:19,42.854,42.854,42.854,42.854, 274
04/03/2020,17:23,42.825,42.825,42.825,42.825, 150
04/03/2020,17:25,42.68,42.68,42.67,42.67, 3912
04/03/2020,17:27,42.824,42.824,42.824,42.824, 411
04/03/2020,17:33,42.884,42.884,42.884,42.884, 3118
04/03/2020,17:35,42.865,42.865,42.865,42.865, 150
04/03/2020,17:53,42.61,42.62,42.61,42.62, 700
04/03/2020,17:54,42.52,42.52,42.52,42.52, 282
04/03/2020,18:04,42.72,42.72,42.72,42.72, 167
04/03/2020,18:06,42.749,42.749,42.749,42.749, 129
04/03/2020,18:07,42.625,42.625,42.615,42.615, 3627
04/03/2020,18:14,42.535,42.535,42.45,42.45, 462
04/03/2020,18:14,42.485,42.485,42.485,42.485, 614
04/03/2020,18:20,42.31,42.31,42.31,42.31, 100
04/03/2020,18:20,42.32,42.32,42.32,42.32, 100
04/03/2020,18:22,42.47,42.483,42.455,42.455, 1242
04/03/2020,18:23,42.422,42.47,42.422,42.47, 1050
04/03/2020,18:24,42.51,42.51,42.51,42.51, 125
04/03/2020,18:26,42.403,42.403,42.403,42.403, 1228
04/03/2020,18:32,42.504,42.535,42.504,42.535, 1309
04/03/2020,18:32,42.484,42.484,42.484,42.484, 2365
04/03/2020,18:36,42.535,42.535,42.535,42.535, 236
04/03/2020,18:37,42.585,42.585,42.585,42.585, 600
04/03/2020,18:37,42.603,42.603,42.603,42.603, 250
04/03/2020,18:40,42.627,42.627,42.627,42.627, 400
04/03/2020,18:45,42.749,42.749,42.749,42.749, 550
04/03/2020,18:45,42.75,42.75,42.75,42.75, 864
04/03/2020,18:49,42.613,42.613,42.613,42.613, 100
04/03/2020,18:51,42.557,42.557,42.557,42.557, 1398
04/03/2020,18:51,42.577,42.577,42.577,42.577, 160
04/03/2020,18:54,42.5,42.5,42.5,42.5, 281
04/03/2020,19:01,42.52,42.52,42.52,42.52, 100
04/03/2020,19:05,42.368,42.368,42.368,42.368, 108
04/03/2020,19:09,42.509,42.509,42.509,42.509, 159
04/03/2020,19:11,42.5,42.5,42.5,42.5, 241
04/03/2020,19:12,42.46,42.46,42.46,42.46, 100
04/03/2020,19:13,42.305,42.305,42.305,42.305, 385
04/03/2020,19:15,42.292,42.292,42.18,42.18, 5315
04/03/2020,19:18,42.325,42.325,42.325,42.325, 1064
04/03/2020,19:21,42.334,42.334,42.334,42.334, 198
04/03/2020,19:27,42.132,42.132,42.132,42.132, 184
04/03/2020,19:28,42.216,42.216,42.216,42.216, 271
04/03/2020,19:30,42.15,42.15,42.15,42.15, 100
04/03/2020,19:32,42.07,42.07,42.07,42.07, 212
04/03/2020,19:41,42.05,42.09,42.05,42.09, 500
04/03/2020,19:45,42.1,42.1,42.1,42.1, 100
04/03/2020,19:47,42.18,42.18,42.18,42.18, 100
04/03/2020,19:51,42.265,42.265,42.265,42.265, 587
04/03/2020,19:53,42.234,42.234,42.234,42.234, 100
04/03/2020,19:55,42.24,42.24,42.209,42.209, 355
04/03/2020,19:57,42.147,42.147,42.147,42.147, 154
04/03/2020,20:01,42.226,42.244,42.226,42.244, 1925
04/03/2020,20:05,42.2,42.2,42.177,42.177, 310
04/03/2020,20:09,42.125,42.125,42.125,42.125, 1871
04/03/2020,20:11,42.045,42.045,42.045,42.045, 2000
04/03/2020,20:18,42.011,42.011,42.011,42.011, 100
04/03/2020,20:21,42.088,42.088,42.088,42.088, 129
04/03/2020,20:26,42.125,42.125,42.125,42.125, 225
04/03/2020,20:28,42.16,42.16,42.16,42.16, 370
04/03/2020,20:36,42.292,42.292,42.292,42.292, 450
04/03/2020,20:44,42.17,42.225,42.17,42.225, 818
04/03/2020,20:46,42.219,42.219,42.219,42.219, 140
04/03/2020,20:48,42.185,42.209,42.185,42.209, 824
04/03/2020,20:50,42.162,42.162,42.162,42.162, 255
04/03/2020,20:53,42.398,42.398,42.398,42.398, 120
04/03/2020,20:56,42.28,42.28,42.28,42.28, 100
04/03/2020,20:57,42.28,42.28,42.28,42.28, 200
04/03/2020,21:10,42.25,42.25,42.25,42.25, 202
04/03/2020,21:15,42.22,42.22,42.21,42.21, 2700
04/03/2020,21:16,42.31,42.31,42.18,42.211, 4400
04/03/2020,21:16,42.34,42.34,42.34,42.34, 298
04/03/2020,21:23,42.276,42.276,42.276,42.276, 900
04/03/2020,21:26,42.253,42.253,42.253,42.253, 110
04/03/2020,21:30,42.335,42.335,42.335,42.335, 152
04/03/2020,21:32,42.34,42.34,42.33,42.33, 2975
04/03/2020,21:34,42.22,42.22,42.22,42.22, 120
04/03/2020,21:37,42.3,42.3,42.3,42.3, 1290
04/03/2020,21:38,42.11,42.165,42.11,42.165, 922
04/03/2020,21:39,42.3,42.3,42.3,42.3, 375
04/03/2020,21:40,42.236,42.236,42.236,42.236, 335
04/03/2020,21:44,42.125,42.125,42.125,42.125, 125
04/03/2020,21:46,42.114,42.114,42.114,42.114, 347
04/03/2020,21:54,42.6,42.6,42.476,42.518, 6451
04/03/2020,21:55,42.718,42.718,42.718,42.718, 569
04/03/2020,21:56,42.643,42.643,42.643,42.643, 120
04/03/2020,21:57,42.61,42.64,42.605,42.64, 3100
04/03/2020,21:59,42.48,42.51,42.42,42.51, 735
04/03/2020,21:59,42.535,42.58,42.53,42.58, 580
04/03/2020,22:00,42.59,42.59,42.52,42.59, 2000
04/03/2020,22:01,42.55,42.71,42.53,42.71, 1441
04/03/2020,22:11,42.71,42.71,42.71,42.71, 1
04/06/2020,15:31,44.24,44.345,44.23,44.345, 1330
04/06/2020,15:33,44.48,44.48,44.48,44.48, 300
04/06/2020,15:35,44.552,44.552,44.552,44.552, 160
04/06/2020,15:36,44.61,44.61,44.61,44.61, 100
04/06/2020,15:39,44.68,44.68,44.551,44.551, 506
04/06/2020,15:40,44.63,44.63,44.63,44.63, 350
04/06/2020,15:41,44.76,44.76,44.76,44.76, 100
04/06/2020,15:42,44.86,44.86,44.86,44.86, 600
04/06/2020,15:44,44.914,44.914,44.914,44.914, 100
04/06/2020,15:46,44.88,44.88,44.88,44.88, 100
04/06/2020,15:51,44.96,44.98,44.96,44.97, 1100
04/06/2020,15:53,44.922,44.922,44.922,44.922, 130
04/06/2020,15:57,45.14,45.14,45.14,45.14, 434
04/06/2020,15:58,45.068,45.068,45.06,45.06, 325
04/06/2020,16:00,45.07,45.07,45.07,45.07, 300
04/06/2020,16:04,45.262,45.262,45.262,45.262, 500
04/06/2020,16:09,45.11,45.13,45.11,45.11, 1100
04/06/2020,16:17,45.12,45.13,45.12,45.12, 1100
04/06/2020,16:23,45.235,45.235,45.218,45.218, 1163
04/06/2020,16:29,45.061,45.061,45.061,45.061, 100
04/06/2020,16:30,45.03,45.03,45.03,45.03, 1500
04/06/2020,16:31,45,45,45,45, 300
04/06/2020,16:32,45.01,45.01,45.01,45.01, 1376
04/06/2020,16:34,44.9,44.9,44.9,44.9, 100
04/06/2020,16:48,44.98,45,44.98,45, 900
04/06/2020,16:48,44.99,44.99,44.99,44.99, 250
04/06/2020,16:50,44.96,44.99,44.96,44.99, 200
04/06/2020,16:52,45.095,45.147,45.095,45.147, 414
04/06/2020,17:11,45.063,45.063,45.063,45.063, 673
04/06/2020,17:13,45.06,45.06,45.06,45.06, 116
04/06/2020,17:19,45.035,45.079,45.035,45.079, 859
04/06/2020,17:19,45.06,45.06,45.06,45.06, 207
04/06/2020,17:26,45.202,45.202,45.202,45.202, 300
04/06/2020,17:35,45.279,45.279,45.279,45.279, 400
04/06/2020,17:56,45.558,45.558,45.558,45.558, 250
04/06/2020,17:57,45.509,45.509,45.509,45.509, 385
04/06/2020,18:00,45.475,45.475,45.425,45.425, 1591
04/06/2020,18:12,45.41,45.41,45.41,45.41, 100
04/06/2020,18:20,45.516,45.516,45.5,45.5, 942
04/06/2020,18:21,45.537,45.537,45.537,45.537, 682
04/06/2020,18:22,45.534,45.534,45.534,45.534, 120
04/06/2020,18:24,45.56,45.56,45.56,45.56, 740
04/06/2020,18:25,45.616,45.659,45.616,45.659, 365
04/06/2020,18:27,45.579,45.579,45.579,45.579, 584
04/06/2020,18:34,45.43,45.43,45.43,45.43, 150
04/06/2020,18:39,45.474,45.57,45.474,45.57, 626
04/06/2020,18:52,45.32,45.32,45.32,45.32, 100
04/06/2020,19:04,45.311,45.311,45.311,45.311, 288
04/06/2020,19:12,45.4,45.4,45.4,45.4, 650
04/06/2020,19:16,45.32,45.32,45.32,45.32, 111
04/06/2020,19:19,45.261,45.261,45.261,45.261, 942
04/06/2020,19:20,45.299,45.299,45.299,45.299, 423
04/06/2020,19:26,45.25,45.359,45.25,45.359, 530
04/06/2020,19:29,45.32,45.32,45.32,45.32, 200
04/06/2020,19:30,45.32,45.33,45.285,45.285, 1130
04/06/2020,19:34,45.22,45.33,45.14,45.33, 7337
04/06/2020,19:35,45.21,45.23,45.105,45.105, 4000
04/06/2020,19:38,45.145,45.145,45.086,45.11, 17207
04/06/2020,19:39,45.2,45.2,45.17,45.17, 300
04/06/2020,19:40,45.18,45.21,45.18,45.185, 1100
04/06/2020,19:42,45.21,45.25,45.21,45.25, 957
04/06/2020,19:43,45.25,45.25,45.25,45.25, 200
04/06/2020,19:45,45.24,45.24,45.24,45.24, 100
04/06/2020,19:47,45.25,45.25,45.25,45.25, 700
04/06/2020,19:48,45.285,45.29,45.26,45.29, 700
04/06/2020,19:50,45.33,45.37,45.33,45.37, 1000
04/06/2020,19:51,45.366,45.366,45.366,45.366, 110
04/06/2020,19:52,45.33,45.33,45.33,45.33, 100
04/06/2020,19:53,45.31,45.31,45.31,45.31, 200
04/06/2020,19:54,45.35,45.35,45.35,45.35, 100
04/06/2020,19:59,45.33,45.35,45.33,45.35, 1300
04/06/2020,20:00,45.35,45.36,45.33,45.36, 6052
04/06/2020,20:01,45.35,45.35,45.33,45.33, 1303
04/06/2020,20:04,45.21,45.21,45.21,45.21, 100
04/06/2020,20:04,45.21,45.21,45.21,45.21, 100
04/06/2020,20:06,45.21,45.21,45.18,45.2, 1400
04/06/2020,20:07,45.15,45.15,45.15,45.15, 100
04/06/2020,20:08,45.15,45.15,45.15,45.15, 300
04/06/2020,20:09,45.175,45.175,45.105,45.105, 638
04/06/2020,20:11,45.09,45.09,45.09,45.09, 600
04/06/2020,20:11,45.07,45.07,45.07,45.07, 100
04/06/2020,20:13,45.07,45.07,45.07,45.07, 400
04/06/2020,20:14,45.12,45.12,45.12,45.12, 100
04/06/2020,20:15,45.13,45.13,45.11,45.11, 400
04/06/2020,20:16,45.07,45.095,45.07,45.095, 400
04/06/2020,20:17,45.07,45.07,45.07,45.07, 100
04/06/2020,20:18,45.01,45.01,45.01,45.01, 300
04/06/2020,20:19,45.03,45.03,45.03,45.03, 200
04/06/2020,20:20,45.04,45.128,45.04,45.055, 377
04/06/2020,20:21,45.13,45.13,45.06,45.06, 747
04/06/2020,20:22,45.04,45.04,45.04,45.04, 200
04/06/2020,20:23,45,45,45,45, 200
04/06/2020,20:24,45.01,45.11,45.01,45.107, 300
04/06/2020,20:26,45.14,45.14,45.14,45.14, 100
04/06/2020,20:29,45.01,45.048,45.01,45.048, 1197
04/06/2020,20:30,45.075,45.085,45.075,45.085, 400
04/06/2020,20:31,45.12,45.12,45.12,45.12, 350
04/06/2020,20:34,45.105,45.105,45.105,45.105, 200
04/06/2020,20:35,44.99,45.1,44.99,45.075, 1057
04/06/2020,20:37,45.15,45.15,45.13,45.145, 500
04/06/2020,20:39,45.18,45.18,45.125,45.125, 376
04/06/2020,20:41,45.12,45.12,45.12,45.12, 300
04/06/2020,20:43,45.04,45.054,45.035,45.054, 1200
04/06/2020,20:46,45.123,45.123,45.085,45.085, 339
04/06/2020,20:47,45.08,45.13,45.08,45.13, 300
04/06/2020,20:48,45.11,45.16,45.1,45.16, 700
04/06/2020,20:49,45.1,45.14,45.1,45.14, 804
04/06/2020,20:51,45.173,45.19,45.15,45.16, 1759
04/06/2020,20:53,45.16,45.17,45.16,45.17, 600
04/06/2020,20:54,45.17,45.27,45.17,45.27, 773
04/06/2020,20:56,45.14,45.219,45.14,45.175, 1358
04/06/2020,20:57,45.2,45.2,45.2,45.2, 203
04/06/2020,20:58,45.235,45.235,45.235,45.235, 117
04/06/2020,20:59,45.246,45.32,45.246,45.32, 224
04/06/2020,21:01,45.307,45.307,45.307,45.307, 153
04/06/2020,21:03,45.14,45.19,45.14,45.19, 217
04/06/2020,21:03,45.205,45.205,45.205,45.205, 1278
04/06/2020,21:05,45.26,45.26,45.26,45.26, 100
04/06/2020,21:07,45.356,45.356,45.356,45.356, 135
04/06/2020,21:08,45.33,45.33,45.33,45.33, 100
04/06/2020,21:13,45.36,45.36,45.36,45.36, 100
04/06/2020,21:13,45.38,45.38,45.38,45.38, 123
04/06/2020,21:16,45.407,45.42,45.407,45.42, 850
04/06/2020,21:18,45.37,45.37,45.37,45.37, 100
04/06/2020,21:21,45.37,45.44,45.35,45.37, 9667
04/06/2020,21:23,45.345,45.345,45.345,45.345, 200
04/06/2020,21:24,45.4,45.4,45.4,45.4, 500
04/06/2020,21:25,45.35,45.389,45.31,45.389, 3003
04/06/2020,21:26,45.455,45.455,45.455,45.455, 150
04/06/2020,21:30,45.4,45.4,45.4,45.4, 100
04/06/2020,21:32,45.42,45.494,45.42,45.494, 1662
04/06/2020,21:33,45.545,45.545,45.545,45.545, 280
04/06/2020,21:34,45.59,45.59,45.59,45.59, 100
04/06/2020,21:36,45.55,45.55,45.55,45.55, 100
04/06/2020,21:38,45.58,45.58,45.58,45.58, 100
04/06/2020,21:40,45.62,45.62,45.62,45.62, 100
04/06/2020,21:44,45.57,45.57,45.57,45.57, 474
04/06/2020,21:44,45.56,45.592,45.56,45.592, 444
04/06/2020,21:47,45.58,45.58,45.58,45.58, 150
04/06/2020,21:50,45.43,45.43,45.43,45.43, 424
04/06/2020,21:51,45.785,45.785,45.7,45.7, 4192
04/06/2020,21:52,45.915,45.915,45.915,45.915, 500
04/06/2020,21:55,45.925,45.925,45.91,45.92, 600
04/06/2020,21:55,46.02,46.02,46.02,46.02, 300
04/06/2020,21:59,45.975,45.975,45.97,45.97, 300
04/06/2020,22:00,45.84,45.84,45.82,45.82, 767
04/06/2020,22:11,45.84,45.84,45.84,45.84, 1
04/07/2020,15:31,47.17,47.17,47.17,47.17, 866
04/07/2020,15:31,47.122,47.122,47.122,47.122, 119
04/07/2020,15:37,47.202,47.202,47.202,47.202, 100
04/07/2020,15:38,47.556,47.556,47.556,47.556, 380
04/07/2020,15:39,47.508,47.508,47.508,47.508, 795
04/07/2020,15:41,47.16,47.16,47.16,47.16, 216
04/07/2020,15:42,47.227,47.227,47.227,47.227, 100
04/07/2020,15:44,47.24,47.24,47.24,47.24, 130
04/07/2020,15:45,47.44,47.44,47.44,47.44, 148
04/07/2020,15:49,47.496,47.496,47.496,47.496, 1700
04/07/2020,15:54,47.751,47.751,47.751,47.751, 418
04/07/2020,15:57,47.804,47.804,47.804,47.804, 280
04/07/2020,15:58,47.865,47.865,47.865,47.865, 163
04/07/2020,16:01,47.925,47.925,47.925,47.925, 404
04/07/2020,16:10,47.57,47.61,47.53,47.53, 600
04/07/2020,16:10,47.53,47.53,47.53,47.53, 100
04/07/2020,16:14,47.25,47.25,47.25,47.25, 100
04/07/2020,16:15,47.09,47.09,47.09,47.09, 100
04/07/2020,16:16,46.817,46.82,46.78,46.82, 3634
04/07/2020,16:18,47.07,47.07,47.07,47.07, 500
04/07/2020,16:21,47.105,47.105,47.105,47.105, 200
04/07/2020,16:22,46.876,46.876,46.876,46.876, 1241
04/07/2020,16:26,46.877,46.877,46.877,46.877, 529
04/07/2020,16:28,47.015,47.015,47.015,47.015, 100
04/07/2020,16:29,46.979,46.979,46.979,46.979, 165
04/07/2020,16:36,47.01,47.01,47.01,47.01, 202
04/07/2020,16:39,46.89,46.89,46.89,46.89, 600
04/07/2020,16:43,46.866,46.866,46.866,46.866, 340
04/07/2020,16:46,46.745,46.745,46.745,46.745, 120
04/07/2020,16:50,46.368,46.368,46.368,46.368, 200
04/07/2020,16:59,46.57,46.57,46.545,46.545, 250
04/07/2020,17:04,46.49,46.49,46.49,46.49, 251
04/07/2020,17:08,46.695,46.7,46.695,46.7, 259
04/07/2020,17:15,46.878,46.878,46.878,46.878, 150
04/07/2020,17:18,47.01,47.01,47.01,47.01, 100
04/07/2020,17:20,47.09,47.09,47.09,47.09, 200
04/07/2020,17:27,46.95,46.95,46.95,46.95, 100
04/07/2020,17:28,47.01,47.01,47.01,47.01, 100
04/07/2020,17:34,47.1,47.1,47.1,47.1, 100
04/07/2020,17:35,47.07,47.07,47.07,47.07, 344
04/07/2020,17:36,47.129,47.129,47.129,47.129, 500
04/07/2020,17:46,47.32,47.32,47.32,47.32, 544
04/07/2020,17:48,47.285,47.285,47.211,47.211, 1078
04/07/2020,17:54,47.052,47.052,46.9,46.92, 7295
04/07/2020,17:57,46.89,46.98,46.89,46.98, 307
04/07/2020,17:59,46.79,46.79,46.79,46.79, 158
04/07/2020,18:00,46.835,46.835,46.835,46.835, 252
04/07/2020,18:17,47.237,47.248,47.237,47.248, 1527
04/07/2020,18:25,47.199,47.199,47.199,47.199, 678
04/07/2020,18:34,47.181,47.181,47.181,47.181, 636
04/07/2020,18:38,47.15,47.15,47.15,47.15, 160
04/07/2020,18:41,47.209,47.209,47.209,47.209, 200
04/07/2020,18:42,47.177,47.177,47.177,47.177, 120
04/07/2020,18:44,47.174,47.174,47.174,47.174, 200
04/07/2020,18:53,47.045,47.045,47.045,47.045, 100
04/07/2020,18:54,47.073,47.073,47.073,47.073, 110
04/07/2020,19:05,46.88,46.88,46.88,46.88, 111
04/07/2020,19:08,46.926,46.926,46.926,46.926, 1193
04/07/2020,19:10,46.855,46.855,46.855,46.855, 300
04/07/2020,19:11,46.781,46.781,46.781,46.781, 169
04/07/2020,19:18,46.7,46.7,46.7,46.7, 300
04/07/2020,19:25,46.655,46.655,46.655,46.655, 105
04/07/2020,19:27,46.605,46.605,46.605,46.605, 294
04/07/2020,19:27,46.655,46.655,46.655,46.655, 550
04/07/2020,19:29,46.712,46.712,46.551,46.551, 900
04/07/2020,19:40,46.441,46.441,46.441,46.441, 593
04/07/2020,19:46,46.429,46.429,46.429,46.429, 100
04/07/2020,19:53,46.504,46.504,46.504,46.504, 100
04/07/2020,19:54,46.52,46.52,46.52,46.52, 3501
04/07/2020,19:56,46.511,46.511,46.511,46.511, 218
04/07/2020,19:59,46.495,46.495,46.495,46.495, 100
04/07/2020,20:05,46.42,46.47,46.4,46.42, 7856
04/07/2020,20:08,46.197,46.197,46.197,46.197, 911
04/07/2020,20:11,46.33,46.33,46.33,46.33, 300
04/07/2020,20:12,46.403,46.403,46.403,46.403, 100
04/07/2020,20:18,46.29,46.29,46.29,46.29, 100
04/07/2020,20:18,46.251,46.251,46.251,46.251, 176
04/07/2020,20:20,46.163,46.163,46.163,46.163, 170
04/07/2020,20:21,46.17,46.17,46.17,46.17, 449
04/07/2020,20:23,46.253,46.253,46.21,46.21, 232
04/07/2020,20:28,46.36,46.36,46.36,46.36, 8720
04/07/2020,20:30,46.31,46.31,46.31,46.31, 300
04/07/2020,20:30,46.295,46.295,46.295,46.295, 275
04/07/2020,20:32,46.28,46.28,46.28,46.28, 100
04/07/2020,20:37,46.1,46.132,46.1,46.132, 718
04/07/2020,20:42,46.013,46.013,45.977,45.977, 327
04/07/2020,20:45,45.84,45.84,45.84,45.84, 100
04/07/2020,20:46,45.88,45.88,45.88,45.88, 150
04/07/2020,20:50,45.82,45.82,45.82,45.82, 305
04/07/2020,20:53,45.732,45.732,45.732,45.732, 2000
04/07/2020,20:54,45.63,45.63,45.626,45.626, 3421
04/07/2020,20:55,45.531,45.531,45.531,45.531, 108
04/07/2020,20:57,45.445,45.445,45.445,45.445, 589
04/07/2020,21:01,45.58,45.58,45.521,45.521, 629
04/07/2020,21:02,45.551,45.551,45.551,45.551, 250
04/07/2020,21:07,45.708,45.708,45.708,45.708, 684
04/07/2020,21:09,45.668,45.668,45.668,45.668, 1092
04/07/2020,21:15,45.989,45.989,45.97,45.97, 1283
04/07/2020,21:18,45.71,45.777,45.71,45.777, 734
04/07/2020,21:18,45.74,45.74,45.74,45.74, 100
04/07/2020,21:26,45.48,45.48,45.36,45.36, 600
04/07/2020,21:32,45.658,45.658,45.658,45.658, 618
04/07/2020,21:36,45.78,45.8,45.7,45.8, 1286
04/07/2020,21:38,45.76,45.79,45.76,45.79, 300
04/07/2020,21:39,45.8,45.8,45.8,45.8, 860
04/07/2020,21:40,45.92,45.92,45.915,45.917, 858
04/07/2020,21:42,45.96,45.96,45.945,45.945, 1264
04/07/2020,21:42,46.04,46.08,46.02,46.08, 932
04/07/2020,21:44,46.12,46.12,46.06,46.06, 1611
04/07/2020,21:45,46.05,46.05,46.045,46.05, 1139
04/07/2020,21:45,46.005,46.01,46.005,46.005, 830
04/07/2020,21:47,46.1,46.133,46.021,46.127, 3168
04/07/2020,21:48,46.02,46.08,46.02,46.08, 1195
04/07/2020,21:48,46.179,46.179,46.179,46.179, 500
04/07/2020,21:49,46.05,46.05,46.05,46.05, 870
04/07/2020,21:50,46.06,46.06,46,46, 1300
04/07/2020,21:50,46.07,46.07,46.06,46.06, 400
04/07/2020,21:52,45.95,45.95,45.95,45.95, 123
04/07/2020,21:53,45.951,45.951,45.87,45.87, 1847
04/07/2020,21:54,45.865,45.865,45.865,45.865, 215
04/07/2020,21:54,45.61,45.685,45.61,45.685, 1297
04/07/2020,21:55,45.62,45.67,45.62,45.65, 1329
04/07/2020,21:56,45.75,45.75,45.75,45.75, 600
04/07/2020,21:57,45.78,45.82,45.76,45.82, 1504
04/07/2020,21:58,45.815,45.815,45.75,45.75, 1950
04/07/2020,21:58,45.73,45.73,45.71,45.71, 414
04/07/2020,22:00,45.7,45.7,45.7,45.7, 500
04/07/2020,22:01,45.745,45.745,45.63,45.63, 663
04/07/2020,22:11,45.63,45.63,45.63,45.63, 1
04/08/2020,15:31,46.39,46.39,46.39,46.39, 1447
04/08/2020,15:31,46.6,46.6,46.6,46.6, 100
04/08/2020,15:34,46.52,46.52,46.52,46.52, 109
04/08/2020,15:41,46.28,46.39,46.28,46.39, 250
04/08/2020,15:42,46.2,46.38,46.2,46.38, 641
04/08/2020,15:43,46.33,46.33,46.33,46.33, 100
04/08/2020,15:50,46.2,46.2,46.2,46.2, 200
04/08/2020,15:52,46.135,46.135,46.135,46.135, 450
04/08/2020,15:57,46.1,46.1,46.1,46.1, 110
04/08/2020,15:58,46.07,46.07,46.07,46.07, 177
04/08/2020,16:01,46,46,46,46, 100
04/08/2020,16:01,45.942,45.942,45.942,45.942, 305
04/08/2020,16:05,45.998,45.998,45.998,45.998, 228
04/08/2020,16:06,45.943,45.943,45.943,45.943, 400
04/08/2020,16:20,45.982,45.982,45.982,45.982, 143
04/08/2020,16:20,46.078,46.078,46.078,46.078, 337
04/08/2020,16:25,46.092,46.092,46.092,46.092, 933
04/08/2020,16:36,46.33,46.33,46.33,46.33, 100
04/08/2020,16:41,46.296,46.296,46.259,46.259, 318
04/08/2020,16:44,46.201,46.201,46.201,46.201, 2055
04/08/2020,16:50,46.34,46.34,46.34,46.34, 2960
04/08/2020,16:53,46.442,46.442,46.442,46.442, 343
04/08/2020,16:55,46.49,46.49,46.49,46.49, 500
04/08/2020,16:55,46.43,46.43,46.43,46.43, 128
04/08/2020,17:05,46.44,46.44,46.44,46.44, 100
04/08/2020,17:07,46.411,46.411,46.411,46.411, 360
04/08/2020,17:08,46.436,46.436,46.436,46.436, 111
04/08/2020,17:12,46.45,46.486,46.45,46.45, 1500
04/08/2020,17:13,46.549,46.549,46.549,46.549, 220
04/08/2020,17:21,46.72,46.75,46.72,46.75, 500
04/08/2020,17:27,46.71,46.71,46.71,46.71, 200
04/08/2020,17:30,46.802,46.802,46.802,46.802, 394
04/08/2020,17:31,46.811,46.811,46.811,46.811, 750
04/08/2020,17:32,46.774,46.774,46.774,46.774, 100
04/08/2020,17:48,46.996,46.996,46.935,46.935, 1328
04/08/2020,17:51,46.92,46.997,46.92,46.997, 1000
04/08/2020,17:53,46.886,46.886,46.886,46.886, 100
04/08/2020,17:58,46.886,46.886,46.886,46.886, 273
04/08/2020,18:07,46.75,46.75,46.75,46.75, 400
04/08/2020,18:08,46.72,46.72,46.715,46.715, 500
04/08/2020,18:11,46.62,46.62,46.62,46.62, 349
04/08/2020,18:21,46.821,46.821,46.821,46.821, 1000
04/08/2020,18:21,46.821,46.821,46.821,46.821, 384
04/08/2020,18:23,46.804,46.804,46.804,46.804, 335
04/08/2020,18:25,46.89,46.89,46.89,46.89, 200
04/08/2020,18:26,46.905,46.905,46.905,46.905, 3235
04/08/2020,18:28,46.874,46.874,46.874,46.874, 372
04/08/2020,18:28,46.828,46.828,46.828,46.828, 400
04/08/2020,18:31,46.94,46.94,46.94,46.94, 100
04/08/2020,18:32,46.9,46.9,46.9,46.9, 125
04/08/2020,18:34,46.98,46.98,46.98,46.98, 145
04/08/2020,18:36,47.05,47.05,47.05,47.05, 100
04/08/2020,18:39,47,47,47,47, 200
04/08/2020,18:44,47.155,47.155,47.155,47.155, 125
04/08/2020,18:52,47.306,47.306,47.306,47.306, 162
04/08/2020,19:00,47.15,47.15,47.15,47.15, 100
04/08/2020,19:02,47.059,47.059,47.059,47.059, 685
04/08/2020,19:06,47.097,47.097,47.097,47.097, 445
04/08/2020,19:12,47.08,47.08,47.08,47.08, 207
04/08/2020,19:13,47.14,47.24,47.13,47.14, 14763
04/08/2020,19:18,47.19,47.19,47.19,47.19, 212
04/08/2020,19:19,47.215,47.215,47.215,47.215, 200
04/08/2020,19:20,47.28,47.29,47.28,47.29, 1200
04/08/2020,19:21,47.34,47.34,47.34,47.34, 105
04/08/2020,19:28,47.31,47.31,47.31,47.31, 506
04/08/2020,19:33,47.3,47.3,47.3,47.3, 100
04/08/2020,19:45,46.981,46.981,46.981,46.981, 283
04/08/2020,19:47,47.02,47.02,47.02,47.02, 137
04/08/2020,19:53,47.024,47.024,47.024,47.024, 250
04/08/2020,19:54,46.93,46.93,46.93,46.93, 100
04/08/2020,20:07,47.114,47.114,47.114,47.114, 266
04/08/2020,20:09,47.27,47.27,47.27,47.27, 334
04/08/2020,20:12,47.28,47.28,47.28,47.28, 626
04/08/2020,20:22,47.364,47.364,47.364,47.364, 584
04/08/2020,20:23,47.28,47.28,47.28,47.28, 100
04/08/2020,20:23,47.23,47.23,47.23,47.23, 100
04/08/2020,20:25,47.33,47.341,47.33,47.341, 700
04/08/2020,20:26,47.41,47.41,47.41,47.41, 200
04/08/2020,20:28,47.41,47.41,47.41,47.41, 300
04/08/2020,20:34,47.49,47.51,47.49,47.51, 326
04/08/2020,20:37,47.465,47.465,47.465,47.465, 350
04/08/2020,20:45,47.604,47.604,47.604,47.604, 254
04/08/2020,20:49,47.474,47.474,47.474,47.474, 352
04/08/2020,20:56,47.506,47.506,47.506,47.506, 219
04/08/2020,20:57,47.438,47.438,47.438,47.438, 100
04/08/2020,21:01,47.412,47.412,47.412,47.412, 300
04/08/2020,21:03,47.49,47.49,47.49,47.49, 310
04/08/2020,21:05,47.52,47.54,47.52,47.54, 376
04/08/2020,21:05,47.5,47.521,47.48,47.521, 831
04/08/2020,21:08,47.541,47.541,47.541,47.541, 3000
04/08/2020,21:12,47.52,47.52,47.52,47.52, 100
04/08/2020,21:14,47.42,47.42,47.42,47.42, 200
04/08/2020,21:17,47.44,47.44,47.44,47.44, 125
04/08/2020,21:20,47.456,47.456,47.4,47.4, 1888
04/08/2020,21:25,47.218,47.23,47.218,47.23, 3327
04/08/2020,21:25,47.255,47.255,47.255,47.255, 764
04/08/2020,21:29,47.4,47.453,47.4,47.453, 360
04/08/2020,21:35,47.35,47.35,47.35,47.35, 200
04/08/2020,21:40,47.07,47.07,47.07,47.07, 122
04/08/2020,21:43,47.155,47.155,47.155,47.155, 1000
04/08/2020,21:47,46.976,46.976,46.976,46.976, 855
04/08/2020,21:50,47.021,47.021,47.021,47.021, 119
04/08/2020,21:55,47.43,47.43,47.43,47.43, 200
04/08/2020,21:56,47.29,47.29,47.29,47.29, 100
04/08/2020,21:57,47.2,47.21,47.2,47.21, 200
04/08/2020,21:58,47.21,47.25,47.21,47.25, 320
04/08/2020,21:59,47.39,47.39,47.39,47.39, 2643
04/08/2020,22:00,47.27,47.27,47.27,47.27, 300
04/08/2020,22:01,47.16,47.18,47.16,47.18, 1212
04/08/2020,22:11,47.18,47.18,47.18,47.18, 1
04/09/2020,15:31,48.28,48.33,48.28,48.33, 2045
04/09/2020,15:31,48.25,48.25,48.25,48.25, 100
04/09/2020,15:33,48.54,48.54,48.54,48.54, 100
04/09/2020,15:37,48.57,48.57,48.57,48.57, 100
04/09/2020,15:40,48.66,48.66,48.66,48.66, 100
04/09/2020,15:41,48.69,48.69,48.69,48.69, 100
04/09/2020,15:42,48.81,48.81,48.81,48.81, 100
04/09/2020,15:53,49.49,49.49,49.378,49.378, 5922
04/09/2020,15:54,49.42,49.42,49.42,49.42, 243
04/09/2020,15:57,49.563,49.563,49.563,49.563, 1815
04/09/2020,15:59,49.662,49.662,49.662,49.662, 453
04/09/2020,16:05,49.517,49.517,49.517,49.517, 241
04/09/2020,16:06,49.35,49.45,49.35,49.45, 556
04/09/2020,16:06,49.34,49.34,49.34,49.34, 235
04/09/2020,16:07,49.22,49.22,49.22,49.22, 113
04/09/2020,16:08,49.276,49.276,49.276,49.276, 220
04/09/2020,16:14,49.348,49.348,49.348,49.348, 177
04/09/2020,16:17,49.33,49.33,49.33,49.33, 400
04/09/2020,16:17,49.31,49.31,49.31,49.31, 2000
04/09/2020,16:19,49.18,49.18,49.18,49.18, 100
04/09/2020,16:22,49.077,49.077,49.077,49.077, 132
04/09/2020,16:25,48.86,48.86,48.86,48.86, 100
04/09/2020,16:26,48.96,48.96,48.92,48.95, 1700
04/09/2020,16:54,49.37,49.37,49.28,49.28, 350
04/09/2020,17:26,49.079,49.079,49.079,49.079, 119
04/09/2020,17:27,49.15,49.15,49.15,49.15, 100
04/09/2020,17:30,49.252,49.252,49.252,49.252, 117
04/09/2020,17:35,49.09,49.09,49.09,49.09, 101
04/09/2020,17:37,49.218,49.218,49.218,49.218, 360
04/09/2020,17:45,49.34,49.34,49.34,49.34, 100
04/09/2020,17:47,49.445,49.445,49.382,49.382, 821
04/09/2020,17:53,49.371,49.371,49.371,49.371, 126
04/09/2020,17:56,49.323,49.323,49.323,49.323, 169
04/09/2020,18:00,49.55,49.55,49.55,49.55, 116
04/09/2020,18:08,49.427,49.427,49.405,49.405, 383
04/09/2020,18:14,49.42,49.42,49.42,49.42, 257
04/09/2020,18:16,49.415,49.415,49.415,49.415, 321
04/09/2020,18:20,49.455,49.455,49.455,49.455, 1282
04/09/2020,18:23,49.49,49.49,49.414,49.414, 1386
04/09/2020,18:35,49.411,49.428,49.411,49.428, 1234
04/09/2020,18:38,49.496,49.496,49.496,49.496, 100
04/09/2020,18:41,49.55,49.56,49.485,49.56, 12000
04/09/2020,18:42,49.578,49.578,49.578,49.578, 1060
04/09/2020,18:44,49.46,49.46,49.46,49.46, 143
04/09/2020,18:46,49.51,49.51,49.51,49.51, 100
04/09/2020,18:48,49.567,49.567,49.567,49.567, 629
04/09/2020,18:50,49.505,49.505,49.505,49.505, 509
04/09/2020,18:52,49.62,49.62,49.62,49.62, 1693
04/09/2020,18:59,49.655,49.655,49.655,49.655, 120
04/09/2020,19:00,49.66,49.668,49.65,49.65, 318
04/09/2020,19:01,49.64,49.64,49.64,49.64, 200
04/09/2020,19:05,49.77,49.77,49.77,49.77, 205
04/09/2020,19:08,49.655,49.655,49.655,49.655, 478
04/09/2020,19:09,49.764,49.764,49.764,49.764, 300
04/09/2020,19:13,49.659,49.659,49.659,49.659, 302
04/09/2020,19:14,49.613,49.613,49.613,49.613, 239
04/09/2020,19:17,49.668,49.668,49.668,49.668, 495
04/09/2020,19:33,49.795,49.795,49.795,49.795, 184
04/09/2020,19:39,49.83,49.83,49.83,49.83, 161
04/09/2020,19:44,49.804,49.804,49.804,49.804, 814
04/09/2020,19:49,49.71,49.71,49.65,49.65, 450
04/09/2020,19:51,49.572,49.572,49.572,49.572, 725
04/09/2020,19:53,49.653,49.653,49.653,49.653, 431
04/09/2020,20:00,49.725,49.725,49.651,49.651, 678
04/09/2020,20:01,49.682,49.682,49.682,49.682, 102
04/09/2020,20:03,49.65,49.69,49.65,49.69, 760
04/09/2020,20:04,49.6,49.6,49.6,49.6, 122
04/09/2020,20:09,49.49,49.49,49.49,49.49, 200
04/09/2020,20:11,49.42,49.42,49.42,49.42, 1700
04/09/2020,20:13,49.45,49.45,49.389,49.389, 330
04/09/2020,20:17,49.4,49.4,49.36,49.36, 1450
04/09/2020,20:22,49.26,49.26,49.26,49.26, 1705
04/09/2020,20:23,49.233,49.32,49.233,49.32, 408
04/09/2020,20:27,49.48,49.48,49.48,49.48, 283
04/09/2020,20:34,49.443,49.443,49.443,49.443, 100
04/09/2020,20:39,49.322,49.322,49.322,49.322, 550
04/09/2020,20:41,49.35,49.35,49.35,49.35, 300
04/09/2020,20:43,49.34,49.35,49.31,49.31, 1500
04/09/2020,20:51,49.07,49.07,49.07,49.07, 100
04/09/2020,20:55,48.91,48.92,48.91,48.92, 300
04/09/2020,21:01,49.057,49.057,49.057,49.057, 100
04/09/2020,21:04,49.007,49.1,49.007,49.1, 596
04/09/2020,21:07,49.112,49.112,49.112,49.112, 239
04/09/2020,21:15,49.502,49.502,49.502,49.502, 286
04/09/2020,21:22,49.65,49.65,49.65,49.65, 160
04/09/2020,21:25,49.653,49.653,49.653,49.653, 150
04/09/2020,21:26,49.66,49.71,49.66,49.71, 501
04/09/2020,21:28,49.63,49.63,49.63,49.63, 100
04/09/2020,21:28,49.64,49.64,49.64,49.64, 100
04/09/2020,21:32,49.871,49.95,49.871,49.95, 1049
04/09/2020,21:34,49.885,50.02,49.885,50.02, 382
04/09/2020,21:34,49.82,49.829,49.82,49.829, 215
04/09/2020,21:36,49.92,49.92,49.82,49.84, 301
04/09/2020,21:37,49.709,49.709,49.628,49.628, 2484
04/09/2020,21:38,49.61,49.61,49.61,49.61, 150
04/09/2020,21:39,49.62,49.62,49.62,49.62, 107
04/09/2020,21:40,49.8,49.8,49.78,49.78, 800
04/09/2020,21:43,49.9,49.9,49.9,49.9, 162
04/09/2020,21:44,49.8,49.8,49.8,49.8, 163
04/09/2020,21:50,49.61,49.61,49.61,49.61, 502
04/09/2020,21:52,49.588,49.588,49.588,49.588, 263
04/09/2020,21:52,49.838,49.838,49.838,49.838, 1225
04/09/2020,21:53,49.776,49.776,49.776,49.776, 450
04/09/2020,21:54,49.755,49.755,49.755,49.755, 100
04/09/2020,21:57,49.819,49.819,49.819,49.819, 402
04/09/2020,21:58,49.8,49.83,49.79,49.83, 660
04/09/2020,21:59,49.82,49.82,49.82,49.82, 200
04/09/2020,21:59,49.735,49.735,49.735,49.735, 100
04/09/2020,22:00,49.773,49.773,49.773,49.773, 250
04/09/2020,22:00,49.8,49.83,49.8,49.83, 489
04/09/2020,22:00,49.79,49.79,49.79,49.79, 300
04/09/2020,22:11,49.79,49.79,49.79,49.79, 1
04/13/2020,15:31,49.61,49.61,49.58,49.58, 5133
04/13/2020,15:32,49.595,49.595,49.595,49.595, 373
04/13/2020,15:33,49.03,49.305,49.03,49.305, 878
04/13/2020,15:37,48.85,48.925,48.79,48.925, 701
04/13/2020,15:49,48.662,48.662,48.5,48.5, 1850
04/13/2020,15:50,48.605,48.605,48.605,48.605, 168
04/13/2020,15:51,48.54,48.54,48.54,48.54, 100
04/13/2020,15:52,48.629,48.629,48.629,48.629, 162
04/13/2020,15:54,48.67,48.67,48.67,48.67, 150
04/13/2020,15:55,48.65,48.65,48.65,48.65, 100
04/13/2020,15:57,48.8,48.88,48.8,48.88, 1093
04/13/2020,16:07,48.8,48.8,48.8,48.8, 352
04/13/2020,16:11,48.7,48.7,48.7,48.7, 140
04/13/2020,16:19,48.499,48.499,48.486,48.486, 436
04/13/2020,16:20,48.513,48.513,48.513,48.513, 398
04/13/2020,16:21,48.473,48.473,48.473,48.473, 1510
04/13/2020,16:23,48.34,48.34,48.34,48.34, 189
04/13/2020,16:24,48.255,48.255,48.255,48.255, 100
04/13/2020,16:25,48.36,48.36,48.36,48.36, 391
04/13/2020,16:28,48.334,48.334,48.334,48.334, 167
04/13/2020,16:31,48.271,48.271,48.271,48.271, 193
04/13/2020,16:34,48.34,48.35,48.3,48.3, 1676
04/13/2020,16:35,48.375,48.375,48.375,48.375, 100
04/13/2020,16:41,48.079,48.079,48.079,48.079, 174
04/13/2020,16:52,48.2,48.2,48.198,48.198, 200
04/13/2020,16:55,48.11,48.11,48.11,48.11, 600
04/13/2020,17:00,48.165,48.165,48.165,48.165, 109
04/13/2020,17:03,48.003,48.003,48.003,48.003, 476
04/13/2020,17:08,47.96,48.009,47.96,48.009, 2171
04/13/2020,17:11,47.948,47.95,47.948,47.95, 1700
04/13/2020,17:20,48.05,48.05,48.05,48.05, 100
04/13/2020,17:34,48.102,48.102,48.102,48.102, 700
04/13/2020,17:38,48.181,48.181,48.181,48.181, 264
04/13/2020,17:42,48.055,48.055,48.036,48.036, 1451
04/13/2020,17:44,48.079,48.079,48.079,48.079, 658
04/13/2020,17:55,48.232,48.232,48.232,48.232, 190
04/13/2020,17:58,48.355,48.355,48.355,48.355, 139
04/13/2020,18:07,48.39,48.39,48.39,48.39, 100
04/13/2020,18:10,48.442,48.442,48.442,48.442, 1433
04/13/2020,18:12,48.454,48.454,48.454,48.454, 115
04/13/2020,18:20,48.524,48.524,48.524,48.524, 282
04/13/2020,18:20,48.619,48.65,48.619,48.65, 3671
04/13/2020,18:28,48.39,48.39,48.39,48.39, 300
04/13/2020,18:29,48.49,48.5,48.49,48.5, 2162
04/13/2020,18:41,48.129,48.129,48.129,48.129, 897
04/13/2020,18:43,48.16,48.16,48.16,48.16, 100
04/13/2020,18:48,48.11,48.11,48.11,48.11, 250
04/13/2020,19:01,47.79,47.79,47.79,47.79, 9963
04/13/2020,19:03,47.89,47.89,47.89,47.89, 410
04/13/2020,19:04,47.81,47.81,47.81,47.81, 1700
04/13/2020,19:05,47.841,47.841,47.841,47.841, 1427
04/13/2020,19:06,47.865,47.865,47.865,47.865, 300
04/13/2020,19:08,47.852,47.852,47.852,47.852, 167
04/13/2020,19:10,47.805,47.805,47.805,47.805, 199
04/13/2020,19:11,47.82,47.849,47.82,47.849, 1350
04/13/2020,19:13,47.755,47.755,47.755,47.755, 100
04/13/2020,19:17,47.64,47.64,47.64,47.64, 105
04/13/2020,19:21,47.571,47.571,47.571,47.571, 100
04/13/2020,19:22,47.636,47.636,47.636,47.636, 500
04/13/2020,19:27,47.56,47.56,47.5,47.5, 750
04/13/2020,19:30,47.499,47.499,47.499,47.499, 257
04/13/2020,19:33,47.5,47.565,47.5,47.565, 335
04/13/2020,19:34,47.626,47.626,47.626,47.626, 222
04/13/2020,19:34,47.674,47.674,47.674,47.674, 145
04/13/2020,19:40,47.698,47.698,47.698,47.698, 167
04/13/2020,19:41,47.68,47.68,47.68,47.68, 100
04/13/2020,19:43,47.78,47.79,47.78,47.79, 300
04/13/2020,19:44,47.774,47.774,47.774,47.774, 1058
04/13/2020,19:45,47.74,47.74,47.74,47.74, 186
04/13/2020,19:46,47.841,47.85,47.841,47.85, 400
04/13/2020,19:48,47.76,47.76,47.76,47.76, 100
04/13/2020,19:50,47.805,47.805,47.805,47.805, 140
04/13/2020,19:59,47.94,47.94,47.94,47.94, 100
04/13/2020,20:03,47.83,47.83,47.83,47.83, 100
04/13/2020,20:14,47.801,47.801,47.801,47.801, 726
04/13/2020,20:16,47.61,47.61,47.61,47.61, 117
04/13/2020,20:29,47.682,47.682,47.58,47.58, 591
04/13/2020,20:31,47.663,47.712,47.663,47.712, 1530
04/13/2020,20:32,47.76,47.77,47.67,47.68, 1231
04/13/2020,20:33,47.69,47.69,47.663,47.663, 765
04/13/2020,20:34,47.643,47.7,47.617,47.617, 787
04/13/2020,20:35,47.707,47.707,47.707,47.707, 199
04/13/2020,20:35,47.683,47.683,47.683,47.683, 260
04/13/2020,20:37,47.685,47.685,47.65,47.65, 738
04/13/2020,20:37,47.62,47.62,47.62,47.62, 1070
04/13/2020,20:38,47.636,47.636,47.636,47.636, 110
04/13/2020,20:42,47.62,47.62,47.61,47.62, 500
04/13/2020,20:44,47.595,47.595,47.595,47.595, 1594
04/13/2020,20:45,47.487,47.487,47.487,47.487, 1105
04/13/2020,20:46,47.635,47.635,47.635,47.635, 194
04/13/2020,20:52,47.778,47.786,47.778,47.786, 863
04/13/2020,20:57,47.81,47.81,47.81,47.81, 150
04/13/2020,21:02,47.655,47.655,47.655,47.655, 250
04/13/2020,21:02,47.65,47.65,47.65,47.65, 300
04/13/2020,21:04,47.66,47.66,47.66,47.66, 266
04/13/2020,21:05,47.541,47.607,47.541,47.607, 706
04/13/2020,21:08,47.65,47.65,47.65,47.65, 102
04/13/2020,21:08,47.67,47.67,47.67,47.67, 200
04/13/2020,21:16,47.531,47.531,47.531,47.531, 178
04/13/2020,21:19,47.75,47.75,47.75,47.75, 379
04/13/2020,21:20,47.855,47.855,47.855,47.855, 105
04/13/2020,21:22,47.819,47.819,47.819,47.819, 118
04/13/2020,21:25,47.8,47.8,47.8,47.8, 264
04/13/2020,21:29,47.791,47.791,47.791,47.791, 350
04/13/2020,21:33,47.959,47.959,47.959,47.959, 942
04/13/2020,21:37,47.875,47.875,47.875,47.875, 113
04/13/2020,21:41,47.875,47.875,47.875,47.875, 128
04/13/2020,21:42,47.78,47.78,47.78,47.78, 170
04/13/2020,21:44,48.03,48.03,48.03,48.03, 200
04/13/2020,21:48,48.047,48.047,48.047,48.047, 138
04/13/2020,21:49,48.052,48.09,48.052,48.09, 295
04/13/2020,21:50,48.06,48.06,48.06,48.06, 823
04/13/2020,21:53,47.818,47.818,47.818,47.818, 312
04/13/2020,21:54,47.81,47.92,47.768,47.92, 1764
04/13/2020,21:55,48.008,48.055,48.008,48.055, 950
04/13/2020,21:56,47.928,47.928,47.928,47.928, 350
04/13/2020,21:57,47.887,47.906,47.887,47.906, 315
04/13/2020,22:00,47.88,47.88,47.85,47.85, 725
04/13/2020,22:11,47.85,47.85,47.85,47.85, 1
04/14/2020,15:31,49.17,49.17,49.17,49.17, 1969
04/14/2020,15:32,48.989,48.989,48.989,48.989, 338
04/14/2020,15:36,49.39,49.39,49.39,49.39, 102
04/14/2020,15:49,49.264,49.264,49.264,49.264, 189
04/14/2020,15:51,49.21,49.21,49.21,49.21, 550
04/14/2020,15:52,49.1,49.1,49.1,49.1, 200
04/14/2020,15:54,49.149,49.149,49.149,49.149, 304
04/14/2020,16:01,49.11,49.11,49.11,49.11, 100
04/14/2020,16:10,49.041,49.041,49.041,49.041, 239
04/14/2020,16:24,49.25,49.25,49.25,49.25, 100
04/14/2020,16:36,49.024,49.024,49.024,49.024, 135
04/14/2020,16:40,48.84,48.868,48.84,48.868, 200
04/14/2020,16:46,49,49,49,49, 123
04/14/2020,16:53,48.75,48.75,48.739,48.739, 1307
04/14/2020,16:55,48.66,48.66,48.66,48.66, 200
04/14/2020,16:57,48.55,48.55,48.55,48.55, 227
04/14/2020,17:00,48.46,48.47,48.44,48.46, 19357
04/14/2020,17:02,48.58,48.58,48.53,48.56, 6800
04/14/2020,17:03,48.561,48.561,48.561,48.561, 204
04/14/2020,17:29,48.391,48.391,48.35,48.35, 395
04/14/2020,17:30,48.315,48.315,48.315,48.315, 500
04/14/2020,17:38,48.45,48.45,48.45,48.45, 125
04/14/2020,17:46,48.513,48.513,48.513,48.513, 100
04/14/2020,17:58,48.331,48.331,48.293,48.293, 1802
04/14/2020,18:01,48.35,48.399,48.35,48.399, 1453
04/14/2020,18:07,48.68,48.68,48.68,48.68, 200
04/14/2020,18:08,48.565,48.565,48.565,48.565, 156
04/14/2020,18:11,48.673,48.673,48.609,48.609, 1161
04/14/2020,18:20,48.6,48.6,48.565,48.565, 453
04/14/2020,18:24,48.545,48.545,48.545,48.545, 224
04/14/2020,18:27,48.515,48.515,48.515,48.515, 159
04/14/2020,18:30,48.47,48.47,48.47,48.47, 100
04/14/2020,18:30,48.48,48.48,48.48,48.48, 140
04/14/2020,18:31,48.485,48.485,48.485,48.485, 843
04/14/2020,18:50,48.353,48.353,48.353,48.353, 985
04/14/2020,18:54,48.21,48.21,48.17,48.21, 6872
04/14/2020,18:56,48.36,48.36,48.22,48.22, 4375
04/14/2020,18:58,48.222,48.222,48.222,48.222, 200
04/14/2020,19:04,48.23,48.23,48.23,48.23, 104
04/14/2020,19:12,48.31,48.333,48.31,48.333, 345
04/14/2020,19:17,48.279,48.367,48.279,48.367, 1873
04/14/2020,19:17,48.35,48.35,48.35,48.35, 124
04/14/2020,19:19,48.25,48.25,48.25,48.25, 410
04/14/2020,19:31,48.354,48.354,48.354,48.354, 207
04/14/2020,19:33,48.345,48.345,48.345,48.345, 198
04/14/2020,19:33,48.338,48.338,48.338,48.338, 104
04/14/2020,19:41,48.34,48.34,48.34,48.34, 400
04/14/2020,19:43,48.337,48.337,48.337,48.337, 347
04/14/2020,19:43,48.305,48.305,48.305,48.305, 360
04/14/2020,19:51,48.46,48.46,48.46,48.46, 500
04/14/2020,19:52,48.42,48.45,48.41,48.45, 4097
04/14/2020,19:54,48.42,48.42,48.42,48.42, 186
04/14/2020,20:05,48.55,48.55,48.55,48.55, 200
04/14/2020,20:09,48.515,48.515,48.515,48.515, 615
04/14/2020,20:11,48.55,48.55,48.55,48.55, 650
04/14/2020,20:14,48.568,48.568,48.568,48.568, 1656
04/14/2020,20:17,48.586,48.586,48.586,48.586, 325
04/14/2020,20:19,48.6,48.653,48.5,48.653, 15780
04/14/2020,20:19,48.69,48.69,48.69,48.69, 445
04/14/2020,20:21,48.59,48.59,48.59,48.59, 100
04/14/2020,20:25,48.67,48.75,48.67,48.75, 200
04/14/2020,20:27,48.63,48.7,48.63,48.7, 200
04/14/2020,20:28,48.63,48.63,48.53,48.53, 1712
04/14/2020,20:31,48.53,48.53,48.53,48.53, 100
04/14/2020,20:33,48.46,48.46,48.46,48.46, 100
04/14/2020,20:36,48.47,48.47,48.47,48.47, 100
04/14/2020,20:36,48.46,48.46,48.46,48.46, 126
04/14/2020,20:40,48.46,48.46,48.46,48.46, 100
04/14/2020,20:44,48.49,48.49,48.48,48.48, 469
04/14/2020,20:45,48.51,48.52,48.51,48.51, 2100
04/14/2020,20:46,48.495,48.495,48.475,48.475, 854
04/14/2020,20:47,48.509,48.509,48.509,48.509, 309
04/14/2020,20:48,48.42,48.42,48.42,48.42, 100
04/14/2020,20:49,48.41,48.41,48.41,48.41, 250
04/14/2020,20:50,48.451,48.47,48.451,48.47, 225
04/14/2020,20:51,48.445,48.445,48.445,48.445, 100
04/14/2020,20:52,48.58,48.58,48.57,48.57, 1051
04/14/2020,20:53,48.538,48.54,48.444,48.54, 377
04/14/2020,20:54,48.46,48.46,48.46,48.46, 200
04/14/2020,20:55,48.48,48.48,48.48,48.48, 200
04/14/2020,20:56,48.45,48.45,48.45,48.45, 200
04/14/2020,20:57,48.49,48.49,48.49,48.49, 200
04/14/2020,20:59,48.45,48.45,48.45,48.45, 200
04/14/2020,21:00,48.469,48.47,48.435,48.47, 506
04/14/2020,21:01,48.46,48.46,48.46,48.46, 200
04/14/2020,21:02,48.423,48.43,48.423,48.43, 250
04/14/2020,21:02,48.45,48.45,48.45,48.45, 100
04/14/2020,21:04,48.375,48.375,48.374,48.374, 444
04/14/2020,21:05,48.45,48.45,48.45,48.45, 200
04/14/2020,21:06,48.405,48.45,48.405,48.45, 200
04/14/2020,21:08,48.41,48.41,48.33,48.33, 299
04/14/2020,21:08,48.349,48.349,48.349,48.349, 200
04/14/2020,21:11,48.36,48.36,48.35,48.35, 300
04/14/2020,21:14,48.35,48.36,48.323,48.36, 434
04/14/2020,21:15,48.412,48.412,48.412,48.412, 150
04/14/2020,21:16,48.45,48.45,48.37,48.44, 2421
04/14/2020,21:17,48.279,48.279,48.279,48.279, 673
04/14/2020,21:18,48.301,48.4,48.301,48.4, 706
04/14/2020,21:19,48.44,48.44,48.44,48.44, 100
04/14/2020,21:21,48.359,48.359,48.359,48.359, 178
04/14/2020,21:22,48.39,48.39,48.39,48.39, 1271
04/14/2020,21:26,48.4,48.4,48.4,48.4, 100
04/14/2020,21:28,48.41,48.41,48.41,48.41, 1495
04/14/2020,21:34,48.502,48.502,48.502,48.502, 500
04/14/2020,21:36,48.556,48.556,48.51,48.51, 1100
04/14/2020,21:37,48.56,48.56,48.56,48.56, 215
04/14/2020,21:38,48.515,48.53,48.515,48.53, 283
04/14/2020,21:38,48.51,48.51,48.51,48.51, 100
04/14/2020,21:40,48.56,48.56,48.559,48.559, 300
04/14/2020,21:41,48.56,48.56,48.56,48.56, 500
04/14/2020,21:43,48.619,48.619,48.619,48.619, 675
04/14/2020,21:47,48.53,48.53,48.53,48.53, 100
04/14/2020,21:48,48.56,48.56,48.56,48.56, 100
04/14/2020,21:50,48.57,48.606,48.57,48.606, 225
04/14/2020,21:51,48.58,48.65,48.58,48.65, 732
04/14/2020,21:53,48.6,48.6,48.6,48.6, 178
04/14/2020,21:54,48.6,48.6,48.6,48.6, 100
04/14/2020,21:57,48.47,48.47,48.47,48.47, 100
04/14/2020,21:59,48.56,48.56,48.49,48.49, 200
04/14/2020,22:00,48.6,48.6,48.6,48.6, 300
04/14/2020,22:00,48.62,48.62,48.615,48.62, 606
04/14/2020,22:11,48.62,48.62,48.62,48.62, 1
04/15/2020,15:31,46.72,47.2,46.72,47.2, 1521
04/15/2020,15:32,46.8,46.8,46.8,46.8, 110
04/15/2020,15:34,47.31,47.31,47.31,47.31, 200
04/15/2020,15:37,46.99,47.12,46.99,47.12, 200
04/15/2020,15:38,46.98,46.98,46.98,46.98, 200
04/15/2020,15:39,47.185,47.185,47.185,47.185, 1205
04/15/2020,15:40,47,47,47,47, 100
04/15/2020,15:43,46.83,46.83,46.79,46.79, 600
04/15/2020,15:44,46.76,46.76,46.75,46.75, 200
04/15/2020,15:48,46.863,46.868,46.863,46.868, 205
04/15/2020,15:50,46.97,46.97,46.97,46.97, 100
04/15/2020,15:53,46.9,46.9,46.89,46.89, 200
04/15/2020,15:56,46.919,46.919,46.919,46.919, 532
04/15/2020,15:57,46.852,46.852,46.852,46.852, 532
04/15/2020,16:00,46.92,46.92,46.92,46.92, 500
04/15/2020,16:09,46.86,46.86,46.86,46.86, 128
04/15/2020,16:17,46.544,46.544,46.544,46.544, 475
04/15/2020,16:25,46.503,46.503,46.503,46.503, 850
04/15/2020,16:30,46.38,46.38,46.38,46.38, 140
04/15/2020,16:48,46.41,46.41,46.41,46.41, 143
04/15/2020,16:54,46.34,46.34,46.34,46.34, 250
04/15/2020,16:56,46.498,46.498,46.435,46.435, 463
04/15/2020,17:04,46.28,46.28,46.28,46.28, 125
04/15/2020,17:05,46.251,46.251,46.251,46.251, 335
04/15/2020,17:10,46.255,46.255,46.255,46.255, 100
04/15/2020,17:17,46.189,46.189,46.189,46.189, 255
04/15/2020,17:24,46.349,46.349,46.322,46.322, 1172
04/15/2020,17:27,46.31,46.31,46.31,46.31, 100
04/15/2020,17:32,46.49,46.49,46.49,46.49, 280
04/15/2020,17:34,46.575,46.63,46.575,46.63, 330
04/15/2020,17:35,46.597,46.597,46.597,46.597, 1000
04/15/2020,17:36,46.57,46.57,46.57,46.57, 100
04/15/2020,17:39,46.533,46.533,46.533,46.533, 134
04/15/2020,17:43,46.365,46.365,46.365,46.365, 1500
04/15/2020,17:44,46.23,46.23,46.22,46.22, 2008
04/15/2020,17:46,46.295,46.295,46.295,46.295, 125
04/15/2020,17:46,46.295,46.295,46.295,46.295, 140
04/15/2020,17:50,46.275,46.305,46.275,46.305, 577
04/15/2020,17:54,46.335,46.335,46.335,46.335, 263
04/15/2020,17:59,46.319,46.319,46.319,46.319, 172
04/15/2020,18:00,46.356,46.356,46.324,46.324, 491
04/15/2020,18:02,46.275,46.275,46.275,46.275, 100
04/15/2020,18:19,46.07,46.091,46.07,46.091, 202
04/15/2020,18:19,46.092,46.092,46.092,46.092, 110
04/15/2020,18:20,45.98,46,45.98,46, 300
04/15/2020,18:26,46.129,46.129,46.129,46.129, 161
04/15/2020,18:31,46.281,46.281,46.281,46.281, 272
04/15/2020,18:42,46.28,46.28,46.28,46.28, 250
04/15/2020,18:44,46.397,46.397,46.397,46.397, 150
04/15/2020,18:48,46.39,46.405,46.341,46.405, 3750
04/15/2020,18:50,46.449,46.449,46.32,46.32, 2900
04/15/2020,18:55,46.45,46.45,46.45,46.45, 200
04/15/2020,18:57,46.332,46.332,46.332,46.332, 159
04/15/2020,19:01,46.32,46.32,46.32,46.32, 1731
04/15/2020,19:05,46.345,46.345,46.345,46.345, 162
04/15/2020,19:11,46.49,46.49,46.49,46.49, 162
04/15/2020,19:14,46.469,46.469,46.469,46.469, 279
04/15/2020,19:17,46.512,46.512,46.512,46.512, 131
04/15/2020,19:18,46.589,46.589,46.589,46.589, 411
04/15/2020,19:22,46.565,46.565,46.56,46.56, 364
04/15/2020,19:22,46.554,46.554,46.554,46.554, 108
04/15/2020,19:25,46.548,46.557,46.548,46.557, 607
04/15/2020,19:27,46.432,46.432,46.432,46.432, 111
04/15/2020,19:27,46.436,46.436,46.436,46.436, 1200
04/15/2020,19:28,46.427,46.427,46.427,46.427, 500
04/15/2020,19:31,46.376,46.376,46.376,46.376, 535
04/15/2020,19:32,46.25,46.25,46.25,46.25, 156
04/15/2020,19:33,46.3,46.319,46.3,46.319, 3158
04/15/2020,19:34,46.26,46.307,46.26,46.307, 314
04/15/2020,19:34,46.323,46.323,46.323,46.323, 570
04/15/2020,19:36,46.25,46.25,46.25,46.25, 104
04/15/2020,19:38,46.276,46.276,46.276,46.276, 220
04/15/2020,19:39,46.309,46.309,46.202,46.202, 270
04/15/2020,19:40,46.15,46.15,46.15,46.15, 141
04/15/2020,19:43,46.1,46.205,46.1,46.205, 1242
04/15/2020,19:43,46.176,46.176,46.176,46.176, 100
04/15/2020,19:47,46.17,46.17,46.17,46.17, 175
04/15/2020,19:49,46.211,46.23,46.205,46.23, 5048
04/15/2020,19:51,46.275,46.282,46.275,46.275, 3700
04/15/2020,19:53,46.245,46.245,46.245,46.245, 525
04/15/2020,19:53,46.18,46.18,46.18,46.18, 308
04/15/2020,19:58,46.27,46.27,46.27,46.27, 215
04/15/2020,20:00,46.264,46.264,46.264,46.264, 175
04/15/2020,20:01,46.23,46.27,46.23,46.27, 800
04/15/2020,20:02,46.25,46.25,46.25,46.25, 145
04/15/2020,20:04,46.31,46.31,46.31,46.31, 670
04/15/2020,20:10,46.345,46.345,46.345,46.345, 183
04/15/2020,20:12,46.384,46.435,46.35,46.435, 508
04/15/2020,20:13,46.361,46.361,46.361,46.361, 2400
04/15/2020,20:15,46.4,46.4,46.4,46.4, 1290
04/15/2020,20:17,46.41,46.429,46.41,46.429, 1142
04/15/2020,20:19,46.548,46.548,46.548,46.548, 301
04/15/2020,20:24,46.575,46.575,46.575,46.575, 288
04/15/2020,20:26,46.59,46.59,46.54,46.54, 1400
04/15/2020,20:27,46.54,46.54,46.493,46.524, 1285
04/15/2020,20:28,46.495,46.495,46.495,46.495, 452
04/15/2020,20:29,46.549,46.549,46.549,46.549, 1400
04/15/2020,20:34,46.64,46.64,46.64,46.64, 100
04/15/2020,20:36,46.68,46.68,46.65,46.65, 200
04/15/2020,20:37,46.7,46.7,46.67,46.67, 300
04/15/2020,20:38,46.65,46.7,46.65,46.7, 300
04/15/2020,20:39,46.66,46.72,46.66,46.72, 300
04/15/2020,20:40,46.68,46.7,46.68,46.7, 300
04/15/2020,20:41,46.7,46.7,46.66,46.66, 200
04/15/2020,20:42,46.64,46.65,46.64,46.65, 300
04/15/2020,20:43,46.63,46.65,46.63,46.63, 300
04/15/2020,20:44,46.63,46.63,46.56,46.601, 455
04/15/2020,20:45,46.63,46.63,46.575,46.61, 2697
04/15/2020,20:46,46.53,46.62,46.52,46.62, 1930
04/15/2020,20:47,46.59,46.59,46.58,46.58, 200
04/15/2020,20:48,46.59,46.61,46.57,46.61, 400
04/15/2020,20:49,46.61,46.61,46.52,46.52, 1519
04/15/2020,20:50,46.55,46.58,46.55,46.58, 200
04/15/2020,20:51,46.55,46.55,46.51,46.51, 300
04/15/2020,20:52,46.51,46.51,46.476,46.476, 400
04/15/2020,20:53,46.49,46.5,46.48,46.5, 400
04/15/2020,20:54,46.51,46.53,46.49,46.53, 300
04/15/2020,20:55,46.55,46.55,46.5,46.5, 400
04/15/2020,20:56,46.5,46.55,46.5,46.55, 300
04/15/2020,20:57,46.56,46.58,46.54,46.55, 560
04/15/2020,20:58,46.54,46.61,46.54,46.6, 400
04/15/2020,20:59,46.6,46.65,46.6,46.6, 300
04/15/2020,21:00,46.61,46.64,46.61,46.63, 918
04/15/2020,21:01,46.61,46.61,46.59,46.59, 300
04/15/2020,21:02,46.57,46.62,46.57,46.62, 400
04/15/2020,21:03,46.64,46.64,46.62,46.62, 300
04/15/2020,21:04,46.63,46.63,46.555,46.56, 844
04/15/2020,21:05,46.568,46.568,46.54,46.54, 514
04/15/2020,21:05,46.54,46.54,46.52,46.52, 1650
04/15/2020,21:07,46.493,46.493,46.493,46.493, 274
04/15/2020,21:08,46.355,46.355,46.355,46.355, 5634
04/15/2020,21:08,46.34,46.34,46.34,46.34, 927
04/15/2020,21:11,46.38,46.38,46.322,46.34, 508
04/15/2020,21:12,46.36,46.36,46.31,46.32, 400
04/15/2020,21:13,46.31,46.32,46.3,46.32, 400
04/15/2020,21:14,46.32,46.34,46.31,46.34, 5300
04/15/2020,21:15,46.36,46.37,46.35,46.37, 400
04/15/2020,21:16,46.37,46.39,46.343,46.39, 907
04/15/2020,21:17,46.36,46.37,46.33,46.37, 400
04/15/2020,21:18,46.38,46.39,46.37,46.38, 400
04/15/2020,21:19,46.37,46.38,46.37,46.38, 400
04/15/2020,21:20,46.39,46.39,46.37,46.38, 400
04/15/2020,21:21,46.38,46.4,46.38,46.4, 1155
04/15/2020,21:22,46.38,46.38,46.35,46.37, 400
04/15/2020,21:23,46.341,46.38,46.341,46.35, 825
04/15/2020,21:24,46.38,46.38,46.339,46.339, 1215
04/15/2020,21:25,46.3,46.3,46.25,46.27, 600
04/15/2020,21:26,46.28,46.28,46.25,46.25, 500
04/15/2020,21:27,46.26,46.26,46.23,46.24, 400
04/15/2020,21:28,46.23,46.262,46.2,46.23, 3587
04/15/2020,21:29,46.23,46.24,46.22,46.22, 400
04/15/2020,21:30,46.232,46.24,46.2,46.24, 903
04/15/2020,21:31,46.23,46.26,46.151,46.26, 725
04/15/2020,21:32,46.3,46.3,46.22,46.28, 2188
04/15/2020,21:33,46.27,46.27,46.18,46.18, 400
04/15/2020,21:34,46.21,46.21,46.18,46.2, 400
04/15/2020,21:35,46.195,46.21,46.17,46.18, 925
04/15/2020,21:36,46.22,46.23,46.16,46.23, 600
04/15/2020,21:37,46.23,46.32,46.23,46.32, 788
04/15/2020,21:38,46.32,46.32,46.193,46.28, 593
04/15/2020,21:39,46.29,46.29,46.22,46.22, 500
04/15/2020,21:40,46.29,46.32,46.28,46.28, 2527
04/15/2020,21:41,46.26,46.29,46.26,46.28, 400
04/15/2020,21:42,46.27,46.27,46.16,46.269, 971
04/15/2020,21:43,46.22,46.22,46.13,46.13, 308
04/15/2020,21:44,46.22,46.22,46.13,46.14, 800
04/15/2020,21:45,46.17,46.2,46.17,46.2, 870
04/15/2020,21:46,46.2,46.25,46.19,46.25, 400
04/15/2020,21:47,46.26,46.35,46.26,46.27, 400
04/15/2020,21:48,46.28,46.31,46.28,46.29, 400
04/15/2020,21:49,46.29,46.39,46.261,46.39, 2366
04/15/2020,21:50,46.34,46.41,46.32,46.33, 508
04/15/2020,21:51,46.29,46.29,46.23,46.23, 1904
04/15/2020,21:51,46.13,46.13,46.13,46.13, 108
04/15/2020,21:55,45.97,46.005,45.97,45.995, 1400
04/15/2020,21:55,45.995,45.995,45.969,45.969, 1011
04/15/2020,21:56,45.93,45.93,45.93,45.93, 479
04/15/2020,21:58,46,46,46,46, 100
04/15/2020,21:59,45.9,45.95,45.9,45.94, 810
04/15/2020,22:00,45.938,46.1,45.89,46.01, 996
04/15/2020,22:00,46.03,46.11,45.94,46.11, 4070
04/15/2020,22:11,46.11,46.11,46.11,46.11, 1
04/16/2020,15:31,46.19,46.19,46.19,46.19, 649
04/16/2020,15:34,46.28,46.28,46.28,46.28, 431
04/16/2020,15:36,46.143,46.143,45.96,45.97, 1648
04/16/2020,15:40,46.04,46.12,46.04,46.11, 500
04/16/2020,15:41,46.12,46.15,46.12,46.14, 900
04/16/2020,15:58,45.676,45.676,45.676,45.676, 612
04/16/2020,16:03,45.505,45.505,45.505,45.505, 526
04/16/2020,16:07,45.5,45.5,45.5,45.5, 100
04/16/2020,16:24,45.22,45.22,45.22,45.22, 100
04/16/2020,16:31,45.41,45.41,45.41,45.41, 400
04/16/2020,16:33,45.36,45.36,45.36,45.36, 202
04/16/2020,16:41,45.19,45.19,45.19,45.19, 100
04/16/2020,16:42,45.299,45.299,45.299,45.299, 198
04/16/2020,16:45,45.4,45.4,45.4,45.4, 100
04/16/2020,16:47,45.33,45.33,45.33,45.33, 448
04/16/2020,16:51,45.305,45.305,45.305,45.305, 396
04/16/2020,16:57,45.505,45.63,45.505,45.63, 505
04/16/2020,16:58,45.58,45.64,45.58,45.64, 885
04/16/2020,17:00,45.809,45.809,45.772,45.772, 1372
04/16/2020,17:00,45.84,45.84,45.84,45.84, 200
04/16/2020,17:02,45.785,45.785,45.785,45.785, 134
04/16/2020,17:04,45.71,45.71,45.642,45.642, 637
04/16/2020,17:05,45.65,45.65,45.65,45.65, 406
04/16/2020,17:06,45.75,45.755,45.75,45.755, 581
04/16/2020,17:09,45.86,45.86,45.86,45.86, 267
04/16/2020,17:11,45.903,45.903,45.903,45.903, 465
04/16/2020,17:14,45.753,45.753,45.717,45.717, 969
04/16/2020,17:16,45.71,45.71,45.71,45.71, 146
04/16/2020,17:17,45.635,45.635,45.635,45.635, 336
04/16/2020,17:18,45.583,45.583,45.583,45.583, 1195
04/16/2020,17:20,45.505,45.505,45.505,45.505, 146
04/16/2020,17:24,45.567,45.567,45.567,45.567, 200
04/16/2020,17:28,45.42,45.42,45.42,45.42, 100
04/16/2020,17:35,45.29,45.295,45.29,45.29, 800
04/16/2020,17:36,45.17,45.17,45.17,45.17, 100
04/16/2020,17:39,45.301,45.301,45.301,45.301, 135
04/16/2020,17:44,45.345,45.345,45.345,45.345, 425
04/16/2020,17:46,45.32,45.32,45.32,45.32, 281
04/16/2020,18:01,45.48,45.48,45.48,45.48, 350
04/16/2020,18:09,45.1,45.1,45.1,45.1, 100
04/16/2020,18:13,45.054,45.054,45.054,45.054, 388
04/16/2020,18:16,45.055,45.055,45.055,45.055, 400
04/16/2020,18:18,44.97,44.97,44.97,44.97, 160
04/16/2020,18:20,45,45,45,45, 300
04/16/2020,18:26,44.883,44.895,44.83,44.895, 1096
04/16/2020,18:28,44.986,45.019,44.965,45.019, 3503
04/16/2020,18:29,45.006,45.006,45.006,45.006, 100
04/16/2020,18:31,44.92,44.92,44.91,44.92, 820
04/16/2020,18:33,44.99,44.99,44.99,44.99, 270
04/16/2020,18:34,44.85,44.881,44.85,44.881, 211
04/16/2020,18:37,44.853,44.853,44.79,44.79, 1588
04/16/2020,18:38,44.801,44.801,44.801,44.801, 416
04/16/2020,18:39,44.855,44.855,44.821,44.821, 494
04/16/2020,18:40,44.85,44.85,44.85,44.85, 100
04/16/2020,18:59,45.045,45.045,45.045,45.045, 110
04/16/2020,19:01,45.013,45.013,45.013,45.013, 130
04/16/2020,19:05,44.95,44.95,44.95,44.95, 995
04/16/2020,19:08,44.95,44.95,44.91,44.91, 209
04/16/2020,19:09,44.864,44.864,44.864,44.864, 239
04/16/2020,19:11,44.86,44.86,44.86,44.86, 600
04/16/2020,19:11,44.85,44.85,44.85,44.85, 200
04/16/2020,19:18,44.912,44.912,44.912,44.912, 200
04/16/2020,19:22,45.08,45.08,45.08,45.08, 142
04/16/2020,19:24,45.069,45.069,45.069,45.069, 115
04/16/2020,19:26,44.972,44.972,44.972,44.972, 1428
04/16/2020,19:41,45.091,45.091,45.091,45.091, 500
04/16/2020,19:42,45.249,45.249,45.249,45.249, 369
04/16/2020,19:46,45.226,45.226,45.226,45.226, 2115
04/16/2020,19:46,45.16,45.16,45.16,45.16, 100
04/16/2020,19:48,45.151,45.151,45.151,45.151, 1466
04/16/2020,19:51,45.111,45.169,45.111,45.169, 1150
04/16/2020,19:56,45.02,45.02,45.02,45.02, 117
04/16/2020,20:00,45.02,45.02,45.02,45.02, 150
04/16/2020,20:03,45.057,45.057,45.057,45.057, 127
04/16/2020,20:06,45.07,45.07,45.07,45.07, 224
04/16/2020,20:09,45.146,45.146,45.146,45.146, 100
04/16/2020,20:17,45.291,45.291,45.291,45.291, 173
04/16/2020,20:32,45.238,45.238,45.238,45.238, 455
04/16/2020,20:34,45.255,45.255,45.255,45.255, 388
04/16/2020,20:40,45.429,45.429,45.429,45.429, 280
04/16/2020,20:45,45.24,45.24,45.24,45.24, 271
04/16/2020,20:46,45.216,45.23,45.216,45.23, 545
04/16/2020,20:48,45.269,45.269,45.269,45.269, 480
04/16/2020,20:52,45.212,45.212,45.127,45.21, 2340
04/16/2020,20:53,45.111,45.111,45.111,45.111, 156
04/16/2020,20:55,45.21,45.22,45.2,45.22, 534
04/16/2020,20:59,45.24,45.28,45.181,45.181, 2984
04/16/2020,21:04,45.16,45.16,45.16,45.16, 170
04/16/2020,21:05,45.19,45.19,45.19,45.19, 100
04/16/2020,21:07,45.28,45.28,45.28,45.28, 136
04/16/2020,21:10,45.252,45.252,45.252,45.252, 979
04/16/2020,21:15,45.156,45.156,45.156,45.156, 111
04/16/2020,21:30,45.383,45.383,45.354,45.354, 5002
04/16/2020,21:33,45.535,45.55,45.535,45.535, 2100
04/16/2020,21:40,45.659,45.659,45.659,45.659, 400
04/16/2020,21:45,45.665,45.665,45.614,45.614, 392
04/16/2020,21:48,45.717,45.717,45.717,45.717, 167
04/16/2020,21:51,45.692,45.692,45.692,45.692, 135
04/16/2020,21:55,45.786,45.786,45.786,45.786, 542
04/16/2020,21:57,45.697,45.697,45.697,45.697, 292
04/16/2020,22:00,45.74,45.74,45.74,45.74, 100
04/16/2020,22:00,45.71,45.71,45.71,45.71, 295
04/16/2020,22:11,45.71,45.71,45.71,45.71, 1
04/17/2020,15:31,47.19,47.19,47.19,47.19, 2044
04/17/2020,15:31,47.25,47.25,47.25,47.25, 500
04/17/2020,15:32,47.25,47.25,47.24,47.24, 900
04/17/2020,15:32,47.166,47.166,47.166,47.166, 215
04/17/2020,15:34,47.36,47.36,47.36,47.36, 200
04/17/2020,15:35,47.58,47.58,47.58,47.58, 169
04/17/2020,15:41,47.429,47.63,47.429,47.576, 620
04/17/2020,15:42,47.41,47.41,47.41,47.41, 100
04/17/2020,15:46,47.459,47.459,47.459,47.459, 221
04/17/2020,15:47,47.449,47.47,47.449,47.47, 780
04/17/2020,15:49,47.605,47.605,47.525,47.525, 925
04/17/2020,15:50,47.49,47.605,47.49,47.605, 609
04/17/2020,15:53,47.66,47.66,47.66,47.66, 255
04/17/2020,15:58,47.746,47.746,47.746,47.746, 190
04/17/2020,16:01,47.813,47.813,47.813,47.813, 198
04/17/2020,16:05,47.67,47.67,47.67,47.67, 1150
04/17/2020,16:05,47.71,47.71,47.71,47.71, 851
04/17/2020,16:08,47.653,47.653,47.653,47.653, 355
04/17/2020,16:10,47.625,47.63,47.625,47.63, 400
04/17/2020,16:11,47.63,47.63,47.63,47.63, 2000
04/17/2020,16:14,47.58,47.58,47.441,47.469, 1017
04/17/2020,16:14,47.33,47.33,47.33,47.33, 650
04/17/2020,16:16,47.32,47.325,47.275,47.32, 1365
04/17/2020,16:17,47.31,47.31,47.31,47.31, 400
04/17/2020,16:22,47.245,47.245,47.23,47.23, 957
04/17/2020,16:22,47.288,47.297,47.288,47.297, 2941
04/17/2020,16:33,47.22,47.22,47.22,47.22, 1325
04/17/2020,16:39,47,47,47,47, 640
04/17/2020,16:44,47.04,47.04,47.02,47.03, 10208
04/17/2020,16:45,47.037,47.037,47.037,47.037, 100
04/17/2020,16:48,47.13,47.13,47.021,47.021, 620
04/17/2020,16:51,47.08,47.08,47.08,47.08, 994
04/17/2020,16:53,47.076,47.076,47.073,47.073, 1274
04/17/2020,16:58,47.28,47.3,47.25,47.3, 85632
04/17/2020,17:03,47.26,47.29,47.26,47.28, 19400
04/17/2020,17:04,47.31,47.317,47.3,47.317, 5711
04/17/2020,17:06,47.223,47.223,47.223,47.223, 440
04/17/2020,17:07,47.228,47.228,47.228,47.228, 1346
04/17/2020,17:09,47.25,47.26,47.25,47.25, 600
04/17/2020,17:16,47.207,47.207,47.207,47.207, 153
04/17/2020,17:23,47.13,47.17,47.12,47.12, 400
04/17/2020,17:25,47.14,47.205,47.14,47.205, 223
04/17/2020,17:30,47.075,47.075,47.075,47.075, 175
04/17/2020,17:33,47.048,47.048,47.048,47.048, 152
04/17/2020,17:36,47.31,47.31,47.31,47.31, 305
04/17/2020,17:37,47.281,47.281,47.281,47.281, 147
04/17/2020,17:38,47.42,47.42,47.42,47.42, 150
04/17/2020,17:49,47.43,47.43,47.43,47.43, 195
04/17/2020,17:50,47.454,47.454,47.454,47.454, 190
04/17/2020,17:54,47.51,47.53,47.51,47.53, 6650
04/17/2020,17:56,47.53,47.53,47.53,47.53, 3400
04/17/2020,17:58,47.53,47.53,47.46,47.53, 25301
04/17/2020,17:59,47.53,47.535,47.53,47.53, 1300
04/17/2020,18:00,47.53,47.54,47.53,47.53, 3350
04/17/2020,18:01,47.53,47.53,47.46,47.46, 15350
04/17/2020,18:01,47.46,47.53,47.46,47.53, 3700
04/17/2020,18:07,47.51,47.51,47.51,47.51, 100
04/17/2020,18:11,47.42,47.42,47.42,47.42, 18631
04/17/2020,18:17,47.621,47.621,47.557,47.585, 1463
04/17/2020,18:19,47.6,47.6,47.6,47.6, 106
04/17/2020,18:30,47.678,47.678,47.678,47.678, 304
04/17/2020,18:32,47.527,47.527,47.527,47.527, 105
04/17/2020,18:34,47.532,47.532,47.532,47.532, 330
04/17/2020,18:35,47.583,47.583,47.583,47.583, 700
04/17/2020,18:36,47.501,47.501,47.501,47.501, 270
04/17/2020,18:40,47.68,47.68,47.68,47.68, 200
04/17/2020,18:41,47.68,47.68,47.68,47.68, 100
04/17/2020,18:46,47.68,47.7,47.68,47.7, 200
04/17/2020,18:48,47.69,47.69,47.69,47.69, 214
04/17/2020,18:53,47.79,47.79,47.79,47.79, 100
04/17/2020,18:55,47.849,47.849,47.81,47.81, 310
04/17/2020,18:56,47.8,47.8,47.78,47.78, 950
04/17/2020,18:57,47.76,47.76,47.76,47.76, 125
04/17/2020,18:59,47.75,47.75,47.74,47.74, 600
04/17/2020,19:00,47.741,47.741,47.741,47.741, 419
04/17/2020,19:06,47.769,47.769,47.769,47.769, 1192
04/17/2020,19:15,47.635,47.635,47.635,47.635, 271
04/17/2020,19:18,47.68,47.685,47.68,47.685, 400
04/17/2020,19:19,47.7,47.7,47.7,47.7, 165
04/17/2020,19:19,47.7,47.7,47.7,47.7, 100
04/17/2020,19:21,47.65,47.65,47.65,47.65, 100
04/17/2020,19:22,47.625,47.625,47.625,47.625, 125
04/17/2020,19:23,47.59,47.59,47.54,47.54, 600
04/17/2020,19:31,47.44,47.44,47.44,47.44, 150
04/17/2020,19:32,47.458,47.495,47.44,47.44, 950
04/17/2020,19:34,47.45,47.45,47.45,47.45, 100
04/17/2020,19:36,47.46,47.46,47.46,47.46, 400
04/17/2020,19:36,47.49,47.49,47.49,47.49, 106
04/17/2020,19:39,47.47,47.47,47.47,47.47, 353
04/17/2020,19:39,47.47,47.47,47.47,47.47, 400
04/17/2020,19:43,47.48,47.48,47.48,47.48, 400
04/17/2020,19:45,47.514,47.514,47.495,47.495, 428
04/17/2020,19:46,47.44,47.44,47.44,47.44, 100
04/17/2020,19:46,47.488,47.488,47.488,47.488, 100
04/17/2020,19:47,47.455,47.455,47.4,47.4, 1022
04/17/2020,19:48,47.35,47.35,47.35,47.35, 400
04/17/2020,19:51,47.33,47.33,47.33,47.33, 200
04/17/2020,19:52,47.28,47.28,47.28,47.28, 200
04/17/2020,19:54,47.27,47.27,47.27,47.27, 400
04/17/2020,19:54,47.292,47.292,47.292,47.292, 125
04/17/2020,19:56,47.32,47.32,47.29,47.29, 889
04/17/2020,19:56,47.28,47.28,47.28,47.28, 100
04/17/2020,19:59,47.31,47.31,47.31,47.31, 400
04/17/2020,20:03,47.34,47.34,47.34,47.34, 400
04/17/2020,20:06,47.3,47.3,47.3,47.3, 200
04/17/2020,20:06,47.303,47.303,47.303,47.303, 100
04/17/2020,20:08,47.33,47.33,47.33,47.33, 400
04/17/2020,20:09,47.31,47.32,47.31,47.32, 1711
04/17/2020,20:11,47.33,47.33,47.33,47.33, 200
04/17/2020,20:13,47.33,47.33,47.33,47.33, 200
04/17/2020,20:14,47.29,47.29,47.29,47.29, 200
04/17/2020,20:16,47.28,47.28,47.28,47.28, 200
04/17/2020,20:19,47.335,47.335,47.335,47.335, 500
04/17/2020,20:19,47.335,47.335,47.335,47.335, 100
04/17/2020,20:20,47.333,47.333,47.333,47.333, 278
04/17/2020,20:22,47.29,47.29,47.29,47.29, 165
04/17/2020,20:24,47.365,47.37,47.365,47.37, 600
04/17/2020,20:25,47.324,47.324,47.324,47.324, 272
04/17/2020,20:25,47.305,47.305,47.305,47.305, 173
04/17/2020,20:27,47.33,47.36,47.33,47.36, 935
04/17/2020,20:28,47.34,47.34,47.33,47.33, 400
04/17/2020,20:30,47.27,47.27,47.27,47.27, 200
04/17/2020,20:31,47.25,47.25,47.25,47.25, 200
04/17/2020,20:33,47.235,47.235,47.235,47.235, 400
04/17/2020,20:34,47.229,47.229,47.229,47.229, 310
04/17/2020,20:36,47.26,47.26,47.26,47.26, 400
04/17/2020,20:37,47.22,47.22,47.16,47.2, 1023
04/17/2020,20:38,47.195,47.2,47.195,47.195, 700
04/17/2020,20:39,47.18,47.18,47.18,47.18, 126
04/17/2020,20:41,47.21,47.21,47.21,47.21, 100
04/17/2020,20:41,47.19,47.19,47.19,47.19, 500
04/17/2020,20:43,47.25,47.25,47.25,47.25, 400
04/17/2020,20:44,47.25,47.25,47.25,47.25, 129
04/17/2020,20:46,47.26,47.26,47.26,47.26, 400
04/17/2020,20:48,47.29,47.29,47.29,47.29, 200
04/17/2020,20:50,47.339,47.339,47.339,47.339, 111
04/17/2020,20:52,47.3,47.33,47.3,47.33, 600
04/17/2020,20:53,47.31,47.31,47.3,47.3, 300
04/17/2020,20:54,47.3,47.3,47.3,47.3, 300
04/17/2020,20:55,47.26,47.26,47.26,47.26, 100
04/17/2020,20:59,47.37,47.37,47.35,47.35, 700
04/17/2020,21:01,47.34,47.37,47.34,47.34, 1718
04/17/2020,21:02,47.32,47.32,47.32,47.32, 3000
04/17/2020,21:03,47.415,47.415,47.415,47.415, 400
04/17/2020,21:05,47.415,47.415,47.415,47.415, 400
04/17/2020,21:08,47.44,47.453,47.44,47.453, 1139
04/17/2020,21:10,47.43,47.43,47.43,47.43, 200
04/17/2020,21:11,47.435,47.435,47.435,47.435, 200
04/17/2020,21:12,47.455,47.455,47.455,47.455, 135
04/17/2020,21:14,47.464,47.481,47.464,47.481, 327
04/17/2020,21:14,47.431,47.51,47.431,47.45, 1561
04/17/2020,21:17,47.495,47.495,47.495,47.495, 210
04/17/2020,21:17,47.47,47.54,47.47,47.54, 500
04/17/2020,21:18,47.54,47.54,47.54,47.54, 200
04/17/2020,21:19,47.58,47.58,47.58,47.58, 145
04/17/2020,21:21,47.58,47.64,47.58,47.588, 754
04/17/2020,21:21,47.608,47.608,47.56,47.56, 850
04/17/2020,21:22,47.569,47.569,47.569,47.569, 263
04/17/2020,21:24,47.525,47.525,47.525,47.525, 300
04/17/2020,21:24,47.52,47.52,47.48,47.48, 400
04/17/2020,21:26,47.485,47.485,47.485,47.485, 225
04/17/2020,21:26,47.5,47.535,47.5,47.52, 951
04/17/2020,21:28,47.52,47.52,47.52,47.52, 100
04/17/2020,21:29,47.52,47.52,47.52,47.52, 300
04/17/2020,21:29,47.52,47.52,47.52,47.52, 100
04/17/2020,21:30,47.56,47.57,47.56,47.57, 400
04/17/2020,21:33,47.563,47.64,47.563,47.64, 600
04/17/2020,21:33,47.658,47.658,47.576,47.576, 457
04/17/2020,21:35,47.63,47.64,47.53,47.53, 800
04/17/2020,21:37,47.521,47.521,47.521,47.521, 218
04/17/2020,21:37,47.573,47.65,47.573,47.65, 905
04/17/2020,21:39,47.642,47.642,47.642,47.642, 106
04/17/2020,21:39,47.66,47.67,47.66,47.66, 400
04/17/2020,21:42,47.7,47.7,47.635,47.635, 429
04/17/2020,21:43,47.74,47.74,47.671,47.671, 454
04/17/2020,21:45,47.664,47.664,47.64,47.64, 1800
04/17/2020,21:47,47.78,47.78,47.78,47.78, 200
04/17/2020,21:48,47.8,47.8,47.8,47.8, 200
04/17/2020,21:49,47.78,47.78,47.78,47.78, 400
04/17/2020,21:50,47.735,47.735,47.735,47.735, 136
04/17/2020,21:51,47.89,47.89,47.89,47.89, 100
04/17/2020,21:51,47.72,47.91,47.72,47.825, 400
04/17/2020,21:53,47.78,47.78,47.77,47.77, 300
04/17/2020,21:54,47.81,47.81,47.67,47.67, 1183
04/17/2020,21:55,47.78,47.78,47.78,47.78, 100
04/17/2020,21:55,47.77,47.77,47.77,47.77, 100
04/17/2020,21:56,47.69,47.69,47.68,47.68, 200
04/17/2020,21:57,47.625,47.625,47.625,47.625, 105
04/17/2020,21:58,47.6,47.62,47.51,47.51, 400
04/17/2020,21:59,47.517,47.6,47.517,47.6, 360
04/17/2020,22:00,47.53,47.53,47.52,47.52, 200
04/17/2020,22:11,47.52,47.52,47.52,47.52, 1

