03/02/2020,00:25,.225,.225,.225,.225, 168288
03/02/2020,00:29,.22,.22,.22,.22, 39628
03/02/2020,00:35,.22,.22,.22,.22, 23050
03/02/2020,00:48,.22,.22,.215,.215, 829577
03/02/2020,00:54,.215,.215,.215,.215, 150000
03/02/2020,00:56,.215,.215,.215,.215, 35655
03/02/2020,00:58,.215,.215,.215,.215, 36776
03/02/2020,01:12,.215,.215,.215,.215, 307254
03/02/2020,01:13,.215,.215,.215,.215, 2184
03/02/2020,01:15,.215,.215,.215,.215, 52000
03/02/2020,01:17,.215,.215,.215,.215, 5415
03/02/2020,01:23,.215,.215,.215,.215, 1779
03/02/2020,01:26,.215,.215,.215,.215, 120000
03/02/2020,01:29,.215,.215,.215,.215, 15000
03/02/2020,01:32,.215,.215,.215,.215, 1510
03/02/2020,01:41,.215,.22,.215,.22, 15859
03/02/2020,01:58,.215,.215,.215,.215, 183775
03/02/2020,01:58,.215,.215,.215,.215, 22000
03/02/2020,02:01,.215,.215,.215,.215, 1871
03/02/2020,02:13,.215,.215,.215,.215, 10850
03/02/2020,02:14,.215,.215,.215,.215, 66414
03/02/2020,02:18,.215,.215,.215,.215, 11243
03/02/2020,02:36,.215,.215,.215,.215, 40149
03/02/2020,02:59,.215,.215,.215,.215, 25000
03/02/2020,03:03,.218,.218,.218,.218, 550
03/02/2020,03:39,.215,.215,.215,.215, 25000
03/02/2020,03:43,.218,.218,.218,.218, 1122
03/02/2020,04:01,.22,.22,.22,.22, 50000
03/02/2020,04:10,.218,.218,.218,.218, 833
03/02/2020,04:37,.218,.22,.218,.22, 211643
03/02/2020,04:59,.22,.22,.22,.22, 3398
03/02/2020,05:38,.22,.22,.22,.22, 48893
03/02/2020,05:38,.22,.22,.22,.22, 17621
03/02/2020,05:45,.22,.22,.22,.22, 1300
03/02/2020,05:56,.222,.225,.222,.225, 15612
03/02/2020,06:12,.22,.22,.22,.22, 42134
03/02/2020,06:17,.222,.225,.22,.22, 11458
03/02/2020,06:20,.22,.22,.22,.22, 17745
03/02/2020,06:31,.225,.225,.225,.225, 11111
03/03/2020,00:25,.225,.225,.225,.225, 96838
03/03/2020,00:27,.225,.225,.225,.225, 158281
03/03/2020,00:29,.225,.225,.225,.225, 2000
03/03/2020,00:30,.225,.225,.225,.225, 7294
03/03/2020,00:32,.225,.225,.225,.225, 24000
03/03/2020,00:39,.225,.225,.225,.225, 61756
03/03/2020,00:40,.225,.225,.225,.225, 7486
03/03/2020,01:06,.225,.225,.225,.225, 27909
03/03/2020,01:09,.225,.225,.225,.225, 22091
03/03/2020,01:12,.225,.225,.225,.225, 10952
03/03/2020,01:29,.227,.23,.227,.23, 51290
03/03/2020,01:29,.225,.225,.225,.225, 7855
03/03/2020,01:43,.225,.225,.225,.225, 3275
03/03/2020,02:12,.225,.225,.225,.225, 3799
03/03/2020,02:28,.227,.227,.225,.225, 2466
03/03/2020,02:34,.227,.227,.225,.225, 48165
03/03/2020,02:48,.227,.227,.225,.225, 8643
03/03/2020,03:00,.225,.225,.225,.225, 3008
03/03/2020,03:03,.225,.225,.225,.225, 32902
03/03/2020,03:14,.225,.225,.225,.225, 7497
03/03/2020,04:40,.225,.225,.225,.225, 9874
03/03/2020,04:56,.225,.227,.225,.225, 60213
03/03/2020,05:01,.227,.227,.225,.225, 28926
03/03/2020,05:32,.227,.227,.227,.227, 1650
03/03/2020,05:37,.227,.227,.225,.225, 7234
03/03/2020,05:44,.225,.225,.225,.225, 9746
03/03/2020,05:55,.225,.225,.225,.225, 3133
03/03/2020,06:01,.225,.225,.225,.225, 14019
03/03/2020,06:17,.225,.225,.225,.225, 221
03/03/2020,06:32,.225,.225,.225,.225, 2937
03/04/2020,00:25,.225,.225,.22,.22, 242435
03/04/2020,00:31,.22,.22,.22,.22, 29069
03/04/2020,00:33,.22,.22,.22,.22, 12000
03/04/2020,00:46,.225,.225,.225,.225, 13000
03/04/2020,01:18,.225,.225,.225,.225, 74777
03/04/2020,03:20,.222,.222,.222,.222, 263
03/04/2020,03:24,.225,.225,.225,.225, 36426
03/04/2020,04:27,.222,.222,.222,.222, 4200
03/04/2020,06:11,.222,.222,.22,.22, 22846
03/04/2020,06:16,.225,.225,.225,.225, 30656
03/04/2020,06:20,.22,.22,.22,.22, 21
03/04/2020,06:20,.22,.222,.22,.22, 2637
03/04/2020,06:31,.225,.225,.225,.225, 7174
03/05/2020,00:25,.22,.22,.22,.22, 994729
03/05/2020,00:29,.22,.22,.22,.22, 296787
03/05/2020,00:55,.22,.22,.22,.22, 1260
03/05/2020,01:04,.22,.22,.22,.22, 1
03/05/2020,01:08,.22,.22,.22,.22, 101
03/05/2020,01:15,.22,.22,.22,.22, 1
03/05/2020,01:26,.22,.22,.22,.22, 46017
03/05/2020,01:26,.22,.22,.22,.22, 2041
03/05/2020,01:27,.22,.22,.22,.22, 1
03/05/2020,01:38,.22,.22,.22,.22, 1
03/05/2020,01:40,.22,.22,.22,.22, 13
03/05/2020,01:49,.22,.225,.22,.22, 257
03/05/2020,01:49,.222,.222,.222,.222, 1
03/05/2020,01:51,.225,.225,.22,.22, 159
03/05/2020,01:51,.225,.225,.22,.22, 116
03/05/2020,02:00,.22,.22,.22,.22, 1
03/05/2020,02:04,.225,.225,.22,.22, 36
03/05/2020,02:14,.22,.22,.22,.22, 1
03/05/2020,02:21,.222,.222,.22,.22, 797
03/05/2020,02:25,.222,.227,.222,.227, 395498
03/05/2020,02:29,.225,.225,.225,.225, 72
03/05/2020,02:30,.225,.225,.225,.225, 75
03/05/2020,02:31,.225,.225,.225,.225, 52
03/05/2020,02:32,.225,.225,.225,.225, 52
03/05/2020,02:33,.227,.227,.225,.227, 780
03/05/2020,02:34,.225,.225,.225,.225, 50
03/05/2020,02:35,.225,.225,.225,.225, 52
03/05/2020,02:36,.225,.225,.225,.225, 51
03/05/2020,02:38,.227,.227,.227,.227, 119
03/05/2020,02:40,.225,.225,.225,.225, 199
03/05/2020,02:41,.225,.225,.225,.225, 15225
03/05/2020,02:51,.222,.222,.222,.222, 77
03/05/2020,02:58,.225,.225,.225,.225, 17012
03/05/2020,03:01,.222,.222,.222,.222, 43
03/05/2020,03:02,.22,.22,.22,.22, 942
03/05/2020,03:10,.222,.222,.222,.222, 60
03/05/2020,03:20,.222,.222,.222,.222, 42
03/05/2020,03:23,.22,.22,.22,.22, 912
03/05/2020,03:25,.222,.222,.222,.222, 15000
03/05/2020,03:29,.222,.222,.222,.222, 12061
03/05/2020,03:38,.222,.222,.222,.222, 60
03/05/2020,03:47,.222,.222,.222,.222, 38
03/05/2020,03:50,.222,.222,.222,.222, 674
03/05/2020,03:54,.22,.22,.22,.22, 1122
03/05/2020,03:55,.222,.222,.222,.222, 73
03/05/2020,03:58,.222,.222,.222,.222, 14441
03/05/2020,04:03,.222,.222,.222,.222, 798
03/05/2020,04:12,.222,.222,.222,.222, 59
03/05/2020,04:18,.22,.22,.22,.22, 944
03/05/2020,04:20,.222,.222,.222,.222, 75
03/05/2020,04:28,.222,.222,.222,.222, 1311
03/05/2020,04:33,.222,.222,.222,.222, 133
03/05/2020,04:36,.222,.225,.222,.222, 101362
03/05/2020,04:45,.222,.222,.222,.222, 99
03/05/2020,04:48,.222,.222,.222,.222, 121
03/05/2020,04:52,.222,.222,.222,.222, 52
03/05/2020,05:00,.222,.222,.222,.222, 33
03/05/2020,05:05,.222,.222,.222,.222, 627
03/05/2020,05:06,.222,.222,.222,.222, 97
03/05/2020,05:17,.222,.222,.222,.222, 56
03/05/2020,05:20,.222,.222,.222,.222, 1
03/05/2020,05:20,.225,.225,.225,.225, 6749
03/05/2020,05:25,.222,.222,.222,.222, 38
03/05/2020,05:28,.22,.22,.22,.22, 1035
03/05/2020,05:29,.222,.222,.222,.222, 72
03/05/2020,05:30,.222,.222,.222,.222, 127
03/05/2020,05:32,.222,.222,.222,.222, 138
03/05/2020,05:32,.222,.222,.222,.222, 62
03/05/2020,05:34,.222,.222,.222,.222, 138
03/05/2020,05:34,.222,.222,.222,.222, 75
03/05/2020,05:37,.222,.222,.222,.222, 1
03/05/2020,05:40,.22,.22,.22,.22, 767
03/05/2020,05:43,.222,.222,.222,.222, 59
03/05/2020,05:45,.222,.222,.222,.222, 462
03/05/2020,05:47,.222,.222,.222,.222, 162
03/05/2020,05:47,.222,.222,.222,.222, 85
03/05/2020,05:50,.222,.222,.222,.222, 1
03/05/2020,05:52,.22,.22,.22,.22, 717
03/05/2020,05:57,.222,.222,.222,.222, 455
03/05/2020,05:57,.222,.222,.222,.222, 73
03/05/2020,05:58,.222,.222,.222,.222, 57
03/05/2020,06:02,.22,.22,.22,.22, 724
03/05/2020,06:03,.22,.22,.22,.22, 15250
03/05/2020,06:04,.222,.225,.222,.225, 17000
03/05/2020,06:06,.222,.225,.222,.222, 1832
03/05/2020,06:08,.22,.22,.22,.22, 799
03/05/2020,06:13,.222,.222,.222,.222, 684
03/05/2020,06:13,.222,.222,.222,.222, 51
03/05/2020,06:15,.222,.222,.222,.222, 2
03/05/2020,06:16,.22,.225,.22,.225, 18179
03/05/2020,06:17,.222,.222,.22,.22, 382
03/05/2020,06:18,.222,.222,.22,.22, 476
03/05/2020,06:31,.22,.22,.22,.22, 37518
03/06/2020,00:25,.22,.22,.22,.22, 58606
03/06/2020,00:53,.225,.225,.225,.225, 5940
03/06/2020,01:23,.222,.222,.222,.222, 120
03/06/2020,01:32,.22,.22,.22,.22, 8000
03/06/2020,02:25,.22,.22,.22,.22, 60000
03/06/2020,03:19,.225,.225,.225,.225, 19239
03/06/2020,03:55,.225,.225,.225,.225, 3000
03/06/2020,04:02,.225,.225,.225,.225, 20946
03/06/2020,04:23,.225,.225,.225,.225, 10546
03/06/2020,04:25,.222,.222,.22,.22, 59323
03/06/2020,05:09,.222,.222,.222,.222, 12000
03/06/2020,05:17,.222,.222,.222,.222, 40000
03/06/2020,05:21,.222,.222,.222,.222, 12000
03/06/2020,05:23,.222,.222,.222,.222, 40000
03/06/2020,05:26,.222,.222,.222,.222, 30364
03/06/2020,05:45,.222,.222,.222,.222, 26000
03/06/2020,06:11,.222,.222,.22,.22, 23407
03/06/2020,06:19,.22,.225,.22,.225, 928
03/06/2020,06:31,.22,.22,.22,.22, 57911
03/09/2020,00:25,.22,.22,.22,.22, 557220
03/09/2020,00:48,.215,.215,.215,.215, 138
03/09/2020,00:59,.215,.215,.215,.215, 388545
03/09/2020,01:07,.21,.21,.21,.21, 22615
03/09/2020,01:08,.21,.21,.21,.21, 23148
03/09/2020,01:09,.21,.21,.21,.21, 60000
03/09/2020,01:10,.21,.21,.21,.21, 107
03/09/2020,01:11,.21,.21,.21,.21, 20000
03/09/2020,01:12,.21,.21,.21,.21, 15000
03/09/2020,01:12,.21,.21,.21,.21, 60000
03/09/2020,01:17,.21,.21,.21,.21, 11196
03/09/2020,01:19,.21,.21,.21,.21, 108931
03/09/2020,01:20,.21,.21,.21,.21, 86710
03/09/2020,01:26,.21,.21,.21,.21, 6534
03/09/2020,01:27,.21,.21,.21,.21, 5842
03/09/2020,01:34,.21,.21,.21,.21, 2057
03/09/2020,01:34,.21,.21,.21,.21, 105
03/09/2020,02:00,.21,.21,.21,.21, 150000
03/09/2020,02:03,.21,.21,.205,.205, 1055253
03/09/2020,02:08,.205,.205,.205,.205, 158226
03/09/2020,02:09,.205,.205,.205,.205, 151646
03/09/2020,02:09,.205,.205,.205,.205, 31593
03/09/2020,02:11,.205,.205,.205,.205, 58959
03/09/2020,02:16,.205,.205,.205,.205, 35000
03/09/2020,02:29,.21,.21,.21,.21, 16403
03/09/2020,02:33,.205,.205,.205,.205, 52788
03/09/2020,02:37,.203,.203,.203,.203, 12
03/09/2020,02:39,.203,.203,.203,.203, 7
03/09/2020,02:46,.2,.205,.2,.205, 56000
03/09/2020,03:06,.2,.2,.2,.2, 40000
03/09/2020,03:08,.205,.205,.205,.205, 3803
03/09/2020,03:14,.203,.205,.203,.205, 23505
03/09/2020,03:19,.205,.205,.205,.205, 4169
03/09/2020,03:39,.2,.2,.2,.2, 67
03/09/2020,03:42,.2,.2,.2,.2, 245496
03/09/2020,03:43,.2,.2,.2,.2, 355710
03/09/2020,03:52,.195,.195,.195,.195, 45
03/09/2020,03:55,.2,.2,.2,.2, 6000
03/09/2020,04:13,.2,.2,.2,.2, 15709
03/09/2020,04:25,.2,.2,.2,.2, 1688
03/09/2020,04:26,.195,.195,.195,.195, 49529
03/09/2020,04:39,.2,.2,.2,.2, 15000
03/09/2020,04:45,.2,.2,.2,.2, 1253
03/09/2020,04:46,.195,.195,.195,.195, 56
03/09/2020,04:48,.2,.2,.2,.2, 257594
03/09/2020,05:11,.205,.205,.205,.205, 28557
03/09/2020,05:12,.205,.205,.205,.205, 59605
03/09/2020,05:20,.205,.205,.205,.205, 48780
03/09/2020,05:49,.205,.205,.205,.205, 52724
03/09/2020,05:51,.205,.205,.205,.205, 5326
03/09/2020,05:56,.2,.2,.2,.2, 76
03/09/2020,06:05,.2,.2,.2,.2, 6
03/09/2020,06:06,.205,.205,.205,.205, 983
03/09/2020,06:11,.205,.205,.205,.205, 1849
03/09/2020,06:16,.2,.2,.2,.2, 11295
03/09/2020,06:17,.2,.2,.2,.2, 25176
03/09/2020,06:18,.2,.2,.2,.2, 733
03/09/2020,06:19,.2,.2,.2,.2, 1385
03/09/2020,06:20,.2,.2,.2,.2, 1742
03/09/2020,06:31,.2,.2,.2,.2, 33404
03/10/2020,00:25,.19,.19,.19,.19, 255565
03/10/2020,00:37,.19,.19,.185,.185, 840246
03/10/2020,00:45,.19,.19,.19,.19, 24129
03/10/2020,00:47,.19,.19,.19,.19, 486917
03/10/2020,00:58,.195,.195,.195,.195, 155326
03/10/2020,01:04,.195,.195,.195,.195, 12500
03/10/2020,01:19,.195,.195,.195,.195, 18000
03/10/2020,01:33,.2,.2,.2,.2, 30000
03/10/2020,01:38,.2,.2,.2,.2, 10000
03/10/2020,01:45,.2,.2,.2,.2, 407
03/10/2020,02:10,.2,.2,.2,.2, 13
03/10/2020,02:27,.2,.2,.2,.2, 42269
03/10/2020,02:28,.2,.2,.2,.2, 25000
03/10/2020,02:28,.2,.2,.2,.2, 12452
03/10/2020,02:58,.205,.205,.205,.205, 77889
03/10/2020,03:03,.205,.205,.205,.205, 23372
03/10/2020,03:05,.205,.205,.205,.205, 16750
03/10/2020,03:13,.21,.21,.21,.21, 3000
03/10/2020,03:16,.21,.21,.21,.21, 17552
03/10/2020,03:21,.205,.205,.2,.2, 50873
03/10/2020,03:31,.2,.2,.2,.2, 505
03/10/2020,03:47,.205,.205,.2,.2, 15550
03/10/2020,04:09,.2,.2,.2,.2, 681
03/10/2020,04:17,.205,.205,.205,.205, 4922
03/10/2020,04:24,.205,.205,.205,.205, 1016
03/10/2020,04:30,.205,.205,.205,.205, 5039
03/10/2020,04:33,.2,.2,.2,.2, 752
03/10/2020,04:42,.205,.205,.205,.205, 4891
03/10/2020,04:54,.205,.205,.205,.205, 4921
03/10/2020,04:55,.2,.2,.2,.2, 798
03/10/2020,05:05,.205,.205,.205,.205, 4908
03/10/2020,05:16,.205,.205,.205,.205, 4919
03/10/2020,05:20,.2,.2,.2,.2, 825
03/10/2020,05:26,.205,.205,.205,.205, 4963
03/10/2020,05:35,.205,.205,.205,.205, 4721
03/10/2020,05:43,.205,.205,.205,.205, 235
03/10/2020,05:44,.205,.205,.2,.2, 1548
03/10/2020,05:44,.205,.205,.205,.205, 4716
03/10/2020,05:50,.205,.205,.205,.205, 1701
03/10/2020,05:54,.205,.205,.205,.205, 4664
03/10/2020,05:54,.205,.205,.205,.205, 4950
03/10/2020,05:59,.205,.205,.205,.205, 3124
03/10/2020,06:02,.205,.205,.205,.205, 1538
03/10/2020,06:03,.205,.205,.205,.205, 21802
03/10/2020,06:03,.205,.205,.205,.205, 648
03/10/2020,06:06,.205,.205,.205,.205, 198
03/10/2020,06:08,.205,.205,.205,.205, 75
03/10/2020,06:09,.2,.2,.2,.2, 391
03/10/2020,06:11,.205,.205,.205,.205, 12479
03/10/2020,06:12,.205,.205,.2,.2, 18166
03/10/2020,06:14,.2,.2,.2,.2, 415
03/10/2020,06:15,.2,.2,.2,.2, 510
03/10/2020,06:17,.2,.2,.2,.2, 1090
03/10/2020,06:19,.2,.2,.2,.2, 970
03/10/2020,06:20,.205,.205,.2,.2, 438
03/10/2020,06:20,.205,.205,.205,.205, 13
03/10/2020,06:31,.205,.205,.205,.205, 4910
03/11/2020,00:25,.2,.2,.2,.2, 923697
03/11/2020,00:26,.2,.2,.2,.2, 90865
03/11/2020,00:28,.205,.205,.205,.205, 65205
03/11/2020,00:32,.205,.205,.205,.205, 822
03/11/2020,00:38,.205,.205,.205,.205, 34040
03/11/2020,00:58,.205,.205,.205,.205, 2500
03/11/2020,01:32,.205,.205,.205,.205, 2552
03/11/2020,01:57,.205,.205,.205,.205, 1
03/11/2020,02:05,.205,.205,.205,.205, 5973
03/11/2020,02:07,.205,.205,.205,.205, 2
03/11/2020,02:27,.205,.205,.205,.205, 1
03/11/2020,02:29,.205,.205,.205,.205, 24909
03/11/2020,02:32,.205,.205,.205,.205, 1
03/11/2020,02:36,.205,.205,.205,.205, 8458
03/11/2020,02:41,.205,.205,.205,.205, 10448
03/11/2020,02:42,.205,.205,.205,.205, 2
03/11/2020,02:43,.205,.205,.205,.205, 5000
03/11/2020,02:49,.205,.205,.205,.205, 20000
03/11/2020,02:59,.205,.205,.205,.205, 20799
03/11/2020,03:05,.2,.2,.2,.2, 58988
03/11/2020,03:07,.205,.205,.205,.205, 1
03/11/2020,03:27,.205,.205,.205,.205, 1
03/11/2020,03:37,.2,.205,.2,.205, 5421
03/11/2020,03:47,.205,.205,.205,.205, 1
03/11/2020,03:48,.2,.2,.2,.2, 53772
03/11/2020,03:50,.2,.203,.2,.2, 273784
03/11/2020,03:51,.2,.2,.2,.2, 55187
03/11/2020,04:43,.205,.205,.205,.205, 15000
03/11/2020,04:51,.205,.205,.205,.205, 50000
03/11/2020,05:01,.205,.205,.205,.205, 109
03/11/2020,05:06,.205,.205,.205,.205, 56
03/11/2020,05:11,.205,.205,.205,.205, 45
03/11/2020,05:16,.205,.205,.205,.205, 124
03/11/2020,05:21,.205,.205,.205,.205, 65
03/11/2020,05:26,.205,.205,.205,.205, 95
03/11/2020,05:28,.205,.205,.205,.205, 1800
03/11/2020,05:31,.205,.205,.205,.205, 193
03/11/2020,05:35,.205,.205,.205,.205, 20724
03/11/2020,05:40,.205,.205,.205,.205, 64206
03/11/2020,05:41,.205,.205,.205,.205, 152
03/11/2020,05:44,.205,.205,.205,.205, 190
03/11/2020,05:46,.205,.205,.205,.205, 219
03/11/2020,05:49,.205,.205,.205,.205, 824
03/11/2020,05:51,.205,.205,.205,.205, 123
03/11/2020,05:56,.205,.205,.205,.205, 175
03/11/2020,06:01,.205,.205,.205,.205, 217
03/11/2020,06:06,.205,.205,.205,.205, 103
03/11/2020,06:08,.205,.205,.205,.205, 132
03/11/2020,06:09,.203,.203,.2,.2, 60789
03/11/2020,06:11,.205,.205,.205,.205, 1234
03/11/2020,06:11,.205,.205,.205,.205, 7
03/11/2020,06:18,.205,.205,.205,.205, 695
03/11/2020,06:20,.205,.205,.205,.205, 273
03/11/2020,06:20,.205,.205,.205,.205, 131
03/11/2020,06:31,.2,.2,.2,.2, 195865
03/12/2020,00:25,.2,.2,.195,.195, 329999
03/12/2020,00:26,.195,.195,.195,.195, 52606
03/12/2020,00:29,.195,.195,.195,.195, 11000
03/12/2020,00:31,.19,.19,.19,.19, 50000
03/12/2020,01:01,.2,.2,.2,.2, 37000
03/12/2020,01:35,.2,.2,.2,.2, 15298
03/12/2020,01:57,.2,.2,.2,.2, 88000
03/12/2020,02:03,.2,.2,.2,.2, 32313
03/12/2020,02:03,.2,.2,.2,.2, 12208
03/12/2020,02:06,.195,.195,.195,.195, 2500
03/12/2020,02:21,.2,.2,.2,.2, 9
03/12/2020,02:28,.2,.2,.2,.2, 11391
03/12/2020,02:39,.195,.195,.195,.195, 64292
03/12/2020,02:41,.195,.195,.195,.195, 22025
03/12/2020,03:07,.195,.195,.195,.195, 83266
03/12/2020,03:35,.19,.19,.19,.19, 143043
03/12/2020,03:35,.19,.19,.19,.19, 18599
03/12/2020,03:38,.19,.19,.19,.19, 5006
03/12/2020,03:43,.19,.19,.19,.19, 1812
03/12/2020,03:55,.19,.19,.19,.19, 277661
03/12/2020,03:57,.188,.188,.188,.188, 1624
03/12/2020,04:13,.185,.185,.185,.185, 2417
03/12/2020,04:17,.19,.19,.19,.19, 52874
03/12/2020,04:17,.19,.19,.19,.19, 2417
03/12/2020,04:27,.195,.195,.195,.195, 150000
03/12/2020,04:29,.195,.195,.195,.195, 92571
03/12/2020,04:29,.195,.195,.195,.195, 23000
03/12/2020,04:41,.19,.19,.19,.19, 10000
03/12/2020,04:49,.195,.195,.195,.195, 2000
03/12/2020,04:54,.195,.195,.195,.195, 128000
03/12/2020,04:59,.195,.195,.195,.195, 124981
03/12/2020,05:01,.195,.195,.195,.195, 6296
03/12/2020,05:02,.2,.2,.2,.2, 50000
03/12/2020,05:16,.195,.195,.195,.195, 2000
03/12/2020,05:45,.195,.195,.195,.195, 95219
03/12/2020,05:52,.19,.19,.19,.19, 8000
03/12/2020,06:01,.195,.195,.195,.195, 25000
03/12/2020,06:12,.195,.195,.195,.195, 101951
03/12/2020,06:13,.195,.195,.195,.195, 400
03/12/2020,06:17,.195,.195,.195,.195, 31593
03/12/2020,06:19,.195,.195,.195,.195, 55004
03/13/2020,00:25,.17,.17,.17,.17, 54111
03/13/2020,00:31,.17,.17,.17,.17, 20000
03/13/2020,00:32,.175,.175,.175,.175, 157
03/13/2020,00:43,.175,.175,.175,.175, 376139
03/13/2020,00:45,.175,.175,.175,.175, 18352
03/13/2020,00:49,.18,.18,.18,.18, 204365
03/13/2020,00:56,.18,.18,.18,.18, 797
03/13/2020,00:58,.18,.18,.18,.18, 2996
03/13/2020,01:02,.18,.18,.18,.18, 56214
03/13/2020,01:03,.175,.175,.175,.175, 165218
03/13/2020,01:06,.175,.175,.175,.175, 125695
03/13/2020,01:31,.175,.175,.175,.175, 945
03/13/2020,01:32,.17,.17,.17,.17, 9216
03/13/2020,01:35,.17,.17,.17,.17, 8000
03/13/2020,01:37,.17,.17,.17,.17, 5787
03/13/2020,01:39,.17,.17,.17,.17, 74285
03/13/2020,01:42,.175,.175,.165,.165, 712800
03/13/2020,01:46,.167,.167,.167,.167, 2406
03/13/2020,02:08,.17,.17,.17,.17, 15000
03/13/2020,02:17,.165,.165,.165,.165, 22240
03/13/2020,02:23,.17,.17,.17,.17, 1353
03/13/2020,02:36,.165,.165,.165,.165, 25043
03/13/2020,02:43,.165,.165,.165,.165, 25478
03/13/2020,02:48,.165,.165,.165,.165, 115000
03/13/2020,02:55,.167,.167,.167,.167, 14459
03/13/2020,02:57,.167,.167,.167,.167, 119
03/13/2020,03:03,.165,.165,.165,.165, 205481
03/13/2020,03:07,.167,.167,.167,.167, 113
03/13/2020,03:08,.167,.167,.167,.167, 848
03/13/2020,03:23,.17,.17,.17,.17, 77000
03/13/2020,03:37,.17,.17,.17,.17, 5700
03/13/2020,03:49,.17,.17,.17,.17, 2643
03/13/2020,03:56,.17,.17,.17,.17, 5000
03/13/2020,04:05,.17,.17,.17,.17, 1000
03/13/2020,04:15,.17,.17,.17,.17, 212684
03/13/2020,04:20,.17,.17,.17,.17, 37776
03/13/2020,04:31,.172,.172,.172,.172, 91
03/13/2020,04:37,.172,.172,.172,.172, 2
03/13/2020,04:39,.172,.172,.172,.172, 91
03/13/2020,04:43,.172,.172,.172,.172, 10014
03/13/2020,04:47,.172,.172,.172,.172, 93
03/13/2020,04:56,.172,.172,.172,.172, 98
03/13/2020,05:04,.175,.175,.175,.175, 300000
03/13/2020,05:04,.175,.175,.175,.175, 434829
03/13/2020,05:18,.175,.175,.175,.175, 86784
03/13/2020,05:35,.175,.175,.175,.175, 82450
03/13/2020,05:40,.175,.175,.175,.175, 36253
03/13/2020,05:56,.175,.175,.175,.175, 24439
03/13/2020,05:57,.175,.175,.175,.175, 2532
03/13/2020,06:09,.175,.177,.175,.177, 72958
03/13/2020,06:10,.175,.175,.175,.175, 80808
03/13/2020,06:31,.175,.175,.175,.175, 95000
03/16/2020,00:25,.17,.17,.17,.17, 435399
03/16/2020,00:26,.17,.17,.17,.17, 193706
03/16/2020,00:32,.17,.17,.17,.17, 50000
03/16/2020,00:41,.17,.17,.17,.17, 44000
03/16/2020,00:58,.165,.165,.165,.165, 18809
03/16/2020,01:00,.17,.17,.165,.165, 258516
03/16/2020,01:02,.165,.165,.165,.165, 13587
03/16/2020,01:03,.165,.165,.165,.165, 22700
03/16/2020,01:13,.17,.17,.17,.17, 20000
03/16/2020,01:14,.17,.17,.17,.17, 87048
03/16/2020,01:18,.17,.17,.17,.17, 40000
03/16/2020,01:20,.17,.17,.17,.17, 31624
03/16/2020,01:42,.17,.17,.17,.17, 870
03/16/2020,01:53,.17,.17,.17,.17, 214
03/16/2020,02:13,.17,.17,.17,.17, 192
03/16/2020,02:35,.17,.17,.17,.17, 174
03/16/2020,02:41,.17,.17,.17,.17, 444
03/16/2020,02:46,.17,.17,.17,.17, 64825
03/16/2020,02:54,.17,.17,.17,.17, 37401
03/16/2020,02:55,.17,.17,.17,.17, 15599
03/16/2020,02:59,.167,.167,.167,.167, 10000
03/16/2020,03:10,.167,.167,.167,.167, 10262
03/16/2020,03:11,.17,.17,.17,.17, 11701
03/16/2020,03:18,.17,.17,.17,.17, 54551
03/16/2020,03:18,.17,.17,.17,.17, 193
03/16/2020,03:20,.17,.17,.17,.17, 398
03/16/2020,03:36,.17,.17,.17,.17, 35000
03/16/2020,03:42,.17,.17,.17,.17, 167
03/16/2020,03:49,.17,.17,.17,.17, 428
03/16/2020,03:57,.17,.17,.17,.17, 29294
03/16/2020,03:58,.165,.165,.165,.165, 3333
03/16/2020,04:00,.165,.165,.165,.165, 5400
03/16/2020,04:01,.17,.17,.17,.17, 40844
03/16/2020,04:05,.17,.17,.17,.17, 5500
03/16/2020,04:06,.17,.17,.17,.17, 172
03/16/2020,04:22,.17,.17,.17,.17, 424
03/16/2020,04:31,.17,.17,.17,.17, 166
03/16/2020,04:40,.17,.17,.17,.17, 59095
03/16/2020,04:43,.17,.17,.17,.17, 366
03/16/2020,04:47,.17,.17,.17,.17, 200000
03/16/2020,04:53,.17,.17,.17,.17, 200
03/16/2020,04:57,.17,.17,.17,.17, 380
03/16/2020,05:15,.17,.17,.17,.17, 395
03/16/2020,05:18,.17,.17,.17,.17, 189
03/16/2020,05:30,.17,.17,.17,.17, 194
03/16/2020,05:39,.17,.17,.17,.17, 20500
03/16/2020,05:40,.17,.17,.17,.17, 243
03/16/2020,05:50,.17,.17,.17,.17, 583
03/16/2020,06:11,.17,.17,.17,.17, 225
03/16/2020,06:12,.17,.17,.17,.17, 134
03/16/2020,06:15,.17,.17,.17,.17, 10000
03/16/2020,06:16,.17,.17,.17,.17, 269
03/16/2020,06:19,.17,.17,.17,.17, 125
03/16/2020,06:20,.17,.17,.17,.17, 300
03/16/2020,06:31,.165,.165,.165,.165, 602303
03/17/2020,00:25,.165,.165,.165,.165, 42197
03/17/2020,00:34,.165,.165,.165,.165, 130000
03/17/2020,00:43,.165,.165,.165,.165, 7000
03/17/2020,00:55,.17,.17,.17,.17, 39679
03/17/2020,01:13,.17,.17,.17,.17, 10429
03/17/2020,01:19,.17,.17,.17,.17, 30000
03/17/2020,01:22,.17,.17,.17,.17, 84361
03/17/2020,01:23,.17,.17,.17,.17, 5000
03/17/2020,01:24,.17,.17,.17,.17, 170210
03/17/2020,01:33,.17,.17,.17,.17, 17618
03/17/2020,01:47,.17,.17,.17,.17, 65000
03/17/2020,01:49,.17,.17,.17,.17, 12782
03/17/2020,02:40,.17,.17,.17,.17, 35000
03/17/2020,02:53,.17,.17,.17,.17, 47961
03/17/2020,02:58,.17,.17,.17,.17, 59398
03/17/2020,03:19,.17,.17,.17,.17, 15269
03/17/2020,03:35,.17,.17,.17,.17, 42307
03/17/2020,03:43,.175,.175,.175,.175, 103331
03/17/2020,03:44,.175,.175,.175,.175, 23000
03/17/2020,04:34,.175,.175,.175,.175, 122710
03/17/2020,04:36,.175,.175,.175,.175, 10000
03/17/2020,04:36,.175,.175,.175,.175, 117575
03/17/2020,04:40,.175,.175,.175,.175, 45900
03/17/2020,04:54,.175,.175,.175,.175, 5000
03/17/2020,05:02,.175,.175,.175,.175, 9710
03/17/2020,05:05,.175,.175,.175,.175, 13311
03/17/2020,05:24,.175,.175,.175,.175, 147855
03/17/2020,05:28,.175,.175,.175,.175, 28457
03/17/2020,05:44,.175,.175,.175,.175, 336
03/17/2020,05:49,.175,.175,.175,.175, 336
03/17/2020,05:57,.175,.175,.175,.175, 370
03/17/2020,06:04,.175,.175,.175,.175, 440
03/17/2020,06:05,.175,.175,.175,.175, 1666
03/17/2020,06:11,.175,.175,.175,.175, 366
03/17/2020,06:16,.175,.175,.175,.175, 64035
03/17/2020,06:19,.17,.175,.17,.175, 13841
03/17/2020,06:20,.175,.175,.175,.175, 3107
03/17/2020,06:31,.175,.175,.175,.175, 31357
03/18/2020,00:25,.18,.18,.175,.175, 173700
03/18/2020,00:26,.18,.18,.18,.18, 81741
03/18/2020,00:32,.18,.18,.18,.18, 100000
03/18/2020,00:43,.18,.18,.18,.18, 50000
03/18/2020,00:58,.18,.18,.18,.18, 106223
03/18/2020,00:59,.18,.18,.18,.18, 90000
03/18/2020,01:10,.185,.185,.185,.185, 7000
03/18/2020,01:31,.185,.185,.185,.185, 37575
03/18/2020,01:41,.185,.185,.185,.185, 50000
03/18/2020,02:20,.185,.185,.185,.185, 25000
03/18/2020,02:41,.185,.185,.185,.185, 54691
03/18/2020,02:43,.185,.185,.185,.185, 101605
03/18/2020,02:52,.185,.185,.185,.185, 98913
03/18/2020,03:02,.18,.18,.18,.18, 5500
03/18/2020,03:31,.18,.18,.18,.18, 140006
03/18/2020,03:35,.18,.18,.18,.18, 8225
03/18/2020,04:13,.18,.18,.175,.175, 5130
03/18/2020,04:14,.18,.18,.175,.18, 20697
03/18/2020,04:14,.18,.18,.18,.18, 493
03/18/2020,04:16,.18,.18,.18,.18, 987
03/18/2020,04:17,.18,.18,.18,.18, 1278
03/18/2020,04:18,.18,.18,.18,.18, 988
03/18/2020,04:19,.18,.18,.18,.18, 985
03/18/2020,04:20,.18,.18,.18,.18, 976
03/18/2020,04:21,.18,.18,.18,.18, 910
03/18/2020,04:22,.18,.18,.18,.18, 924
03/18/2020,04:23,.18,.18,.18,.18, 994
03/18/2020,04:24,.18,.18,.18,.18, 1000
03/18/2020,04:25,.18,.18,.18,.18, 506
03/18/2020,04:26,.18,.18,.18,.18, 939
03/18/2020,04:26,.18,.18,.18,.18, 492
03/18/2020,04:28,.18,.18,.18,.18, 986
03/18/2020,04:29,.18,.18,.18,.18, 999
03/18/2020,04:30,.18,.18,.175,.175, 30227
03/18/2020,04:56,.175,.175,.175,.175, 58302
03/18/2020,05:15,.175,.175,.175,.175, 10000
03/18/2020,05:46,.17,.17,.17,.17, 5000
03/18/2020,06:05,.17,.17,.17,.17, 6435
03/18/2020,06:06,.175,.175,.175,.175, 787
03/18/2020,06:13,.17,.17,.17,.17, 100200
03/18/2020,06:16,.17,.17,.17,.17, 7708
03/18/2020,06:17,.17,.17,.17,.17, 32274
03/18/2020,06:19,.17,.17,.17,.17, 61000
03/18/2020,06:20,.17,.17,.17,.17, 18000
03/18/2020,06:31,.17,.17,.17,.17, 27634
03/19/2020,00:28,.17,.17,.17,.17, 3000
03/19/2020,00:39,.17,.17,.17,.17, 538280
03/19/2020,00:44,.17,.17,.17,.17, 20157
03/19/2020,00:45,.17,.17,.17,.17, 45097
03/19/2020,01:30,.17,.17,.17,.17, 78499
03/19/2020,01:30,.17,.17,.17,.17, 27765
03/19/2020,01:33,.17,.17,.17,.17, 229
03/19/2020,02:44,.17,.17,.17,.17, 71245
03/19/2020,02:52,.175,.175,.175,.175, 231
03/19/2020,02:56,.17,.17,.17,.17, 50001
03/19/2020,03:02,.17,.17,.17,.17, 243
03/19/2020,03:03,.17,.17,.17,.17, 94255
03/19/2020,03:05,.17,.17,.17,.17, 69732
03/19/2020,03:11,.175,.175,.175,.175, 203
03/19/2020,03:14,.175,.175,.175,.175, 250000
03/19/2020,03:20,.175,.175,.175,.175, 193
03/19/2020,03:22,.175,.175,.175,.175, 31808
03/19/2020,03:28,.175,.175,.175,.175, 183
03/19/2020,03:35,.175,.175,.175,.175, 153
03/19/2020,03:41,.175,.175,.175,.175, 145
03/19/2020,03:48,.175,.175,.175,.175, 149
03/19/2020,03:54,.175,.175,.175,.175, 157
03/19/2020,04:01,.175,.175,.175,.175, 167
03/19/2020,04:09,.175,.175,.175,.175, 193
03/19/2020,04:17,.175,.175,.175,.175, 207
03/19/2020,04:26,.175,.175,.175,.175, 180
03/19/2020,04:32,.17,.17,.17,.17, 222102
03/19/2020,04:33,.175,.175,.175,.175, 50109
03/19/2020,04:36,.17,.17,.17,.17, 10001
03/19/2020,05:13,.165,.165,.165,.165, 214015
03/19/2020,05:14,.165,.165,.165,.165, 285588
03/19/2020,05:41,.165,.165,.165,.165, 121311
03/19/2020,06:02,.165,.165,.165,.165, 11120
03/19/2020,06:02,.17,.17,.17,.17, 10000
03/19/2020,06:08,.165,.165,.165,.165, 3773
03/19/2020,06:14,.165,.165,.165,.165, 30304
03/19/2020,06:20,.165,.165,.165,.165, 12000
03/19/2020,06:32,.165,.165,.165,.165, 20043
03/20/2020,00:25,.175,.175,.17,.17, 114671
03/20/2020,00:37,.175,.175,.175,.175, 42856
03/20/2020,00:48,.17,.17,.17,.17, 165507
03/20/2020,00:53,.17,.17,.17,.17, 25000
03/20/2020,00:54,.17,.17,.17,.17, 10000
03/20/2020,00:56,.17,.17,.17,.17, 50000
03/20/2020,01:02,.17,.17,.17,.17, 2176
03/20/2020,01:07,.165,.165,.165,.165, 95678
03/20/2020,01:13,.17,.17,.165,.165, 22398
03/20/2020,01:15,.165,.165,.165,.165, 40000
03/20/2020,01:23,.165,.165,.165,.165, 1362
03/20/2020,02:05,.167,.167,.165,.165, 50022
03/20/2020,02:06,.165,.165,.165,.165, 181
03/20/2020,02:07,.165,.165,.165,.165, 186
03/20/2020,02:08,.165,.165,.165,.165, 186
03/20/2020,02:09,.165,.165,.165,.165, 117
03/20/2020,02:10,.165,.165,.165,.165, 247
03/20/2020,02:11,.165,.165,.165,.165, 124
03/20/2020,02:12,.165,.165,.165,.165, 2247
03/20/2020,02:13,.165,.165,.165,.165, 379
03/20/2020,02:15,.165,.165,.165,.165, 428
03/20/2020,02:18,.165,.165,.165,.165, 488
03/20/2020,02:21,.165,.165,.165,.165, 550
03/20/2020,02:24,.165,.165,.165,.165, 612
03/20/2020,02:28,.165,.165,.165,.165, 673
03/20/2020,02:32,.165,.165,.165,.165, 735
03/20/2020,02:36,.167,.167,.165,.165, 70784
03/20/2020,02:38,.17,.17,.165,.165, 2013
03/20/2020,02:44,.165,.165,.165,.165, 1477
03/20/2020,02:50,.167,.17,.167,.17, 71854
03/20/2020,02:52,.167,.167,.167,.167, 30000
03/20/2020,02:52,.165,.165,.165,.165, 2148
03/20/2020,02:58,.165,.165,.165,.165, 2425
03/20/2020,03:04,.165,.165,.165,.165, 2714
03/20/2020,03:11,.165,.165,.165,.165, 3001
03/20/2020,03:19,.165,.165,.165,.165, 3291
03/20/2020,04:21,.17,.17,.17,.17, 100000
03/20/2020,04:23,.17,.17,.17,.17, 100698
03/20/2020,04:33,.165,.165,.165,.165, 12283
03/20/2020,04:40,.17,.17,.165,.165, 28104
03/20/2020,04:40,.165,.165,.165,.165, 12322
03/20/2020,04:47,.165,.165,.165,.165, 12332
03/20/2020,04:54,.165,.165,.165,.165, 12281
03/20/2020,05:01,.165,.165,.165,.165, 12297
03/20/2020,05:04,.17,.17,.17,.17, 100000
03/20/2020,05:08,.165,.17,.165,.17, 57438
03/20/2020,05:08,.17,.17,.17,.17, 56526
03/20/2020,05:13,.17,.17,.17,.17, 50000
03/20/2020,05:17,.17,.17,.17,.17, 81
03/20/2020,05:20,.17,.17,.17,.17, 30101
03/20/2020,05:26,.165,.165,.165,.165, 12277
03/20/2020,05:28,.17,.17,.17,.17, 5100
03/20/2020,05:30,.165,.165,.165,.165, 247932
03/20/2020,05:35,.165,.165,.165,.165, 12314
03/20/2020,05:41,.165,.165,.165,.165, 12264
03/20/2020,05:46,.165,.165,.165,.165, 12224
03/20/2020,05:48,.17,.17,.17,.17, 30000
03/20/2020,05:59,.165,.165,.165,.165, 12186
03/20/2020,06:05,.165,.165,.165,.165, 12575
03/20/2020,06:09,.165,.165,.165,.165, 12323
03/20/2020,06:13,.165,.165,.165,.165, 12344
03/20/2020,06:13,.17,.17,.17,.17, 17047
03/20/2020,06:18,.165,.165,.165,.165, 3681
03/20/2020,06:18,.165,.165,.165,.165, 12140
03/20/2020,06:20,.165,.165,.165,.165, 19934
03/20/2020,06:32,.165,.165,.165,.165, 386499
03/23/2020,00:25,.165,.165,.165,.165, 630605
03/23/2020,00:26,.16,.16,.16,.16, 510000
03/23/2020,00:27,.16,.16,.16,.16, 126356
03/23/2020,00:28,.16,.16,.16,.16, 6250
03/23/2020,00:32,.16,.16,.16,.16, 98247
03/23/2020,00:37,.16,.16,.16,.16, 20000
03/23/2020,00:41,.16,.16,.16,.16, 185047
03/23/2020,00:48,.16,.16,.16,.16, 50000
03/23/2020,01:23,.16,.16,.16,.16, 50000
03/23/2020,01:32,.16,.16,.16,.16, 56554
03/23/2020,02:46,.155,.155,.155,.155, 75310
03/23/2020,02:52,.155,.155,.155,.155, 195000
03/23/2020,02:53,.155,.155,.155,.155, 123599
03/23/2020,02:58,.153,.153,.153,.153, 4000
03/23/2020,03:05,.15,.15,.15,.15, 15000
03/23/2020,03:08,.153,.155,.153,.155, 50000
03/23/2020,03:28,.155,.155,.155,.155, 104288
03/23/2020,03:30,.155,.155,.155,.155, 6683
03/23/2020,03:33,.15,.16,.15,.16, 291692
03/23/2020,03:40,.16,.16,.16,.16, 8517
03/23/2020,03:42,.16,.16,.16,.16, 37483
03/23/2020,03:49,.155,.155,.155,.155, 15000
03/23/2020,03:56,.155,.155,.155,.155, 27000
03/23/2020,04:13,.155,.155,.155,.155, 3129
03/23/2020,04:24,.155,.155,.155,.155, 71181
03/23/2020,04:24,.155,.16,.155,.16, 15789
03/23/2020,04:34,.155,.155,.155,.155, 15000
03/23/2020,05:00,.155,.155,.155,.155, 17565
03/23/2020,05:01,.155,.155,.155,.155, 35000
03/23/2020,05:22,.155,.155,.155,.155, 30000
03/23/2020,05:23,.155,.155,.155,.155, 31855
03/23/2020,05:31,.155,.155,.155,.155, 3052
03/23/2020,05:56,.16,.16,.16,.16, 154020
03/23/2020,05:59,.16,.16,.16,.16, 19000
03/23/2020,06:01,.16,.16,.16,.16, 35000
03/23/2020,06:02,.16,.16,.16,.16, 30000
03/23/2020,06:06,.16,.16,.16,.16, 22933
03/23/2020,06:09,.16,.16,.16,.16, 25000
03/24/2020,00:25,.16,.16,.16,.16, 112
03/24/2020,00:33,.16,.16,.16,.16, 63000
03/24/2020,00:47,.155,.155,.155,.155, 3
03/24/2020,01:02,.16,.16,.16,.16, 20003
03/24/2020,01:26,.155,.155,.155,.155, 30000
03/24/2020,01:29,.155,.155,.155,.155, 19582
03/24/2020,01:36,.155,.155,.155,.155, 6000
03/24/2020,02:43,.16,.16,.16,.16, 164600
03/24/2020,05:27,.165,.165,.165,.165, 30000
03/24/2020,05:29,.16,.16,.16,.16, 49015
03/24/2020,05:33,.165,.165,.165,.165, 32827
03/24/2020,05:35,.16,.16,.16,.16, 60000
03/24/2020,05:35,.16,.16,.16,.16, 5094
03/24/2020,05:48,.165,.165,.165,.165, 35007
03/24/2020,05:51,.16,.16,.16,.16, 15000
03/24/2020,06:06,.16,.16,.16,.16, 10000
03/24/2020,06:13,.16,.16,.16,.16, 10000
03/24/2020,06:16,.16,.16,.16,.16, 10000
03/25/2020,00:25,.17,.17,.17,.17, 230737
03/25/2020,00:26,.17,.17,.17,.17, 44914
03/25/2020,00:27,.17,.17,.17,.17, 58000
03/25/2020,00:36,.17,.17,.17,.17, 30303
03/25/2020,00:48,.17,.17,.17,.17, 18000
03/25/2020,00:57,.17,.17,.17,.17, 120000
03/25/2020,01:28,.175,.175,.175,.175, 3450
03/25/2020,01:30,.17,.17,.17,.17, 6000
03/25/2020,01:40,.175,.175,.175,.175, 41194
03/25/2020,01:42,.175,.175,.175,.175, 591468
03/25/2020,01:51,.175,.175,.175,.175, 63000
03/25/2020,01:53,.177,.177,.175,.175, 63176
03/25/2020,01:55,.175,.175,.175,.175, 17418
03/25/2020,02:08,.175,.175,.175,.175, 60000
03/25/2020,02:13,.175,.175,.175,.175, 40000
03/25/2020,02:17,.175,.175,.175,.175, 6000
03/25/2020,02:21,.17,.17,.167,.167, 160728
03/25/2020,02:32,.17,.17,.17,.17, 20000
03/25/2020,02:40,.17,.17,.17,.17, 76000
03/25/2020,02:41,.17,.17,.17,.17, 37882
03/25/2020,02:46,.17,.17,.17,.17, 4780
03/25/2020,03:53,.17,.17,.17,.17, 28375
03/25/2020,03:53,.17,.17,.17,.17, 274960
03/25/2020,05:12,.167,.167,.167,.167, 40
03/25/2020,05:14,.165,.165,.165,.165, 4109
03/25/2020,05:22,.17,.17,.17,.17, 29847
03/25/2020,06:20,.17,.17,.17,.17, 22802
03/25/2020,06:31,.165,.165,.165,.165, 28901
03/26/2020,00:55,.17,.17,.17,.17, 60000
03/26/2020,01:30,.175,.175,.175,.175, 1980
03/26/2020,02:14,.175,.175,.175,.175, 334004
03/26/2020,02:50,.175,.175,.175,.175, 115000
03/26/2020,02:59,.175,.175,.175,.175, 106212
03/26/2020,03:20,.175,.175,.175,.175, 115000
03/26/2020,03:23,.175,.175,.175,.175, 55000
03/26/2020,03:51,.175,.175,.175,.175, 7590
03/26/2020,03:58,.175,.175,.175,.175, 50000
03/26/2020,04:08,.175,.175,.175,.175, 40000
03/26/2020,04:53,.175,.175,.175,.175, 10000
03/26/2020,05:03,.18,.18,.18,.18, 5555
03/26/2020,05:07,.18,.18,.18,.18, 46239
03/26/2020,05:12,.175,.175,.175,.175, 109902
03/26/2020,05:39,.175,.175,.175,.175, 31885
03/26/2020,06:06,.18,.18,.18,.18, 27808
03/26/2020,06:10,.175,.175,.175,.175, 5592
03/26/2020,06:13,.18,.18,.18,.18, 31132
03/26/2020,06:31,.175,.175,.175,.175, 5228
03/27/2020,00:25,.18,.18,.18,.18, 245336
03/27/2020,00:40,.185,.185,.185,.185, 15000
03/27/2020,01:02,.185,.185,.185,.185, 297295
03/27/2020,01:38,.18,.18,.18,.18, 15000
03/27/2020,01:48,.185,.185,.185,.185, 18000
03/27/2020,02:18,.18,.18,.18,.18, 387058
03/27/2020,02:21,.177,.177,.177,.177, 6564
03/27/2020,02:27,.175,.175,.175,.175, 25000
03/27/2020,02:36,.177,.177,.177,.177, 5000
03/27/2020,02:40,.177,.177,.177,.177, 40000
03/27/2020,03:02,.175,.177,.175,.175, 365814
03/27/2020,03:02,.175,.175,.175,.175, 23000
03/27/2020,03:28,.172,.172,.172,.172, 210000
03/27/2020,03:41,.17,.17,.17,.17, 9445
03/27/2020,03:50,.17,.17,.17,.17, 10000
03/27/2020,04:10,.175,.175,.175,.175, 156880
03/27/2020,04:12,.177,.177,.177,.177, 25057
03/27/2020,04:18,.175,.175,.175,.175, 20000
03/27/2020,04:30,.177,.18,.177,.18, 39445
03/27/2020,04:32,.175,.175,.175,.175, 72320
03/27/2020,05:43,.172,.175,.172,.175, 125500
03/27/2020,06:16,.17,.17,.17,.17, 100000
03/27/2020,06:31,.17,.17,.17,.17, 335157
03/30/2020,01:25,.17,.17,.17,.17, 255478
03/30/2020,01:45,.17,.17,.17,.17, 50000
03/30/2020,02:07,.165,.165,.165,.165, 184000
03/30/2020,02:13,.17,.17,.17,.17, 468433
03/30/2020,02:33,.175,.175,.175,.175, 43000
03/30/2020,03:00,.175,.175,.175,.175, 502
03/30/2020,03:26,.175,.175,.175,.175, 513
03/30/2020,03:38,.175,.175,.175,.175, 100000
03/30/2020,03:53,.175,.175,.175,.175, 547
03/30/2020,04:25,.175,.175,.175,.175, 567
03/30/2020,04:31,.175,.175,.175,.175, 30000
03/30/2020,05:00,.175,.175,.175,.175, 576
03/30/2020,05:09,.175,.175,.175,.175, 24484
03/30/2020,05:16,.17,.17,.17,.17, 201454
03/30/2020,05:46,.175,.175,.175,.175, 21043
03/30/2020,05:53,.175,.175,.175,.175, 513
03/30/2020,06:23,.175,.175,.175,.175, 550
03/30/2020,06:44,.175,.175,.175,.175, 545
03/30/2020,06:58,.175,.175,.175,.175, 427
03/30/2020,07:03,.175,.175,.175,.175, 28486
03/30/2020,07:09,.175,.175,.175,.175, 211
03/30/2020,07:14,.175,.175,.175,.175, 116
03/30/2020,07:17,.175,.175,.175,.175, 140
03/30/2020,07:31,.175,.175,.175,.175, 330096
03/31/2020,01:25,.175,.175,.175,.175, 93388
03/31/2020,01:26,.175,.175,.175,.175, 29411
03/31/2020,01:28,.175,.175,.175,.175, 3596
03/31/2020,01:55,.18,.18,.18,.18, 399855
03/31/2020,02:23,.18,.18,.18,.18, 200000
03/31/2020,02:38,.185,.185,.185,.185, 270000
03/31/2020,02:42,.185,.185,.185,.185, 21000
03/31/2020,03:30,.188,.188,.188,.188, 93
03/31/2020,03:35,.188,.188,.188,.188, 5000
03/31/2020,03:38,.188,.188,.188,.188, 97
03/31/2020,03:47,.188,.188,.188,.188, 99
03/31/2020,03:50,.185,.185,.185,.185, 134999
03/31/2020,03:51,.185,.185,.185,.185, 14920
03/31/2020,03:52,.185,.185,.18,.18, 30568
03/31/2020,03:54,.185,.185,.185,.185, 10000
03/31/2020,04:25,.18,.18,.18,.18, 90021
03/31/2020,04:25,.18,.18,.18,.18, 159651
03/31/2020,04:40,.18,.18,.18,.18, 40000
03/31/2020,05:45,.175,.175,.175,.175, 465999
03/31/2020,05:45,.175,.175,.175,.175, 8000
03/31/2020,06:53,.175,.175,.175,.175, 285000
03/31/2020,07:00,.175,.175,.175,.175, 49590
03/31/2020,07:06,.175,.175,.175,.175, 57454
03/31/2020,07:07,.175,.175,.175,.175, 14875
03/31/2020,07:14,.17,.17,.17,.17, 75000
03/31/2020,07:31,.175,.175,.175,.175, 85000

