02/06/2020,17:38,9.335,9.335,9.335,9.335, 100
02/06/2020,21:35,9.33,9.33,9.33,9.33, 600
02/11/2020,17:38,9.68,9.79,9.68,9.79, 999
02/13/2020,20:24,9.36,9.36,9.3,9.3, 300
02/13/2020,20:40,9.3,9.3,9.3,9.3, 300
02/14/2020,16:20,9.35,9.35,9.3,9.3, 1000
02/19/2020,16:57,9.257,9.257,9.257,9.257, 100
02/19/2020,16:58,9.398,9.398,9.12,9.12, 200
02/19/2020,16:59,9.12,9.398,9.12,9.398, 200
02/19/2020,17:02,9.248,9.248,9.248,9.248, 100
02/19/2020,17:04,9.431,9.431,9.431,9.431, 100
02/19/2020,17:05,9.434,9.434,9.434,9.434, 100
02/19/2020,17:06,9.393,9.393,9.11,9.187, 500
02/19/2020,18:06,9.4,9.45,9.4,9.45, 500
02/19/2020,18:13,9.45,9.45,9.45,9.45, 450
02/19/2020,18:57,9.306,9.306,9.26,9.26, 200
02/19/2020,18:58,9.42,9.422,9.42,9.422, 200
02/19/2020,18:59,9.26,9.306,9.26,9.306, 200
02/19/2020,19:02,9.425,9.425,9.425,9.425, 1000
02/21/2020,18:03,9.3,9.3,9.3,9.3, 200
02/21/2020,18:07,9.3,9.3,9.3,9.3, 1500
02/21/2020,18:07,9.3,9.3,9.3,9.3, 195
02/21/2020,20:38,9.375,9.375,9.375,9.375, 100
02/21/2020,20:40,9.365,9.424,9.365,9.424, 200
02/21/2020,20:41,9.25,9.25,9.25,9.25, 137
02/24/2020,16:43,9.42,9.42,9.42,9.42, 100
02/24/2020,16:44,9.421,9.421,9.421,9.421, 100
02/24/2020,16:45,9.398,9.398,9.398,9.398, 100
02/24/2020,16:59,9.42,9.42,9.42,9.42, 100
02/24/2020,17:00,9.421,9.421,9.421,9.421, 100
02/24/2020,17:00,9.4,9.4,9.4,9.4, 100
02/24/2020,21:52,9.2,9.246,9.2,9.246, 200
02/24/2020,22:01,9.32,9.32,9.3,9.3, 200
02/25/2020,17:30,9.1,9.1,9.1,9.1, 100
02/26/2020,19:47,9.3,9.3,9.3,9.3, 1400
02/26/2020,19:57,9.387,9.387,9.387,9.387, 100
02/26/2020,19:58,9.295,9.295,9.295,9.295, 100
02/28/2020,16:18,9.11,9.11,9.11,9.11, 400
02/28/2020,16:20,9.11,9.11,9.11,9.11, 350
02/28/2020,16:25,9.355,9.355,9.355,9.355, 100
02/28/2020,16:26,9.266,9.266,9.266,9.266, 100
02/28/2020,18:31,9.387,9.39,9.387,9.39, 2400
02/28/2020,18:33,9.488,9.496,9.463,9.463, 600
02/28/2020,18:34,9.39,9.496,9.39,9.496, 700
02/28/2020,18:37,9.456,9.496,9.39,9.491, 800

