03/15/2020,12:10,405.795,405.795,405.795,405.795, 1
03/15/2020,12:10,405.795,405.795,405.795,405.795, 1
03/16/2020,09:13,433.995,433.995,433.995,433.995, 1
03/17/2020,10:13,434.995,434.995,434.995,434.995, 1
03/18/2020,09:28,439.995,439.995,439.995,439.995, 1
03/19/2020,08:55,456.545,456.545,456.545,456.545, 1
03/20/2020,09:46,446.035,446.035,446.035,446.035, 1
03/23/2020,09:40,446.535,446.535,446.535,446.535, 1
03/24/2020,12:01,446.535,446.535,446.535,446.535, 1
03/25/2020,08:37,446.535,446.535,446.535,446.535, 1
03/26/2020,08:49,444.535,444.535,444.535,444.535, 1
03/27/2020,08:52,445.435,445.435,445.435,445.435, 1
03/30/2020,08:46,447.8351,447.8351,447.8351,447.8351, 1
03/31/2020,08:28,447.3351,447.3351,447.3351,447.3351, 1

