04/01/2020,07:59,18.275,18.36,18.275,18.36, 3
04/01/2020,08:06,18.3,18.3,18.3,18.3, 1
04/01/2020,13:40,18.1897,18.3495,18.1897,18.3495, 2
04/01/2020,15:55,18.155,18.155,18.155,18.155, 1
04/01/2020,16:21,18.1897,18.3495,18.1897,18.3495, 2
04/01/2020,16:38,18.3532,18.3532,18.3532,18.3532, 1
04/01/2020,16:52,18.154,18.154,18.154,18.154, 1
04/01/2020,18:14,18.3495,18.3495,18.3495,18.3495, 1
04/01/2020,18:57,18.154,18.154,18.154,18.154, 1
04/01/2020,19:49,18.153,18.153,18.153,18.153, 1
04/01/2020,22:16,18.3495,18.3495,18.3495,18.3495, 1
04/01/2020,22:23,18.3514,18.3514,18.3514,18.3514, 1
04/01/2020,22:42,18.153,18.153,18.153,18.153, 1
04/02/2020,08:29,18.475,18.475,18.475,18.475, 1
04/02/2020,09:04,18.425,18.425,18.425,18.425, 1
04/02/2020,13:39,18.3514,18.3514,18.3514,18.3514, 1
04/02/2020,13:39,18.4544,18.4544,18.4544,18.4544, 1
04/02/2020,13:42,18.5,18.5,18.5,18.5, 1
04/02/2020,13:44,18.4743,18.4743,18.4743,18.4743, 1
04/02/2020,14:48,18.3548,18.3548,18.3548,18.3548, 1
04/02/2020,16:40,18.3548,18.3548,18.3548,18.3548, 1
04/02/2020,19:02,18.3545,18.3545,18.3545,18.3545, 1
04/02/2020,23:09,18.3514,18.4544,18.3514,18.4544, 2
04/02/2020,23:31,18.4562,18.4562,18.4562,18.4562, 1
04/03/2020,07:50,18.5,18.595,18.5,18.595, 2
04/03/2020,08:06,18.625,18.625,18.625,18.625, 1
04/03/2020,13:14,18.5992,18.5992,18.5992,18.5992, 1
04/03/2020,15:27,18.6011,18.6011,18.6011,18.6011, 1
04/03/2020,15:41,18.445,18.445,18.445,18.445, 1
04/03/2020,18:44,18.444,18.444,18.444,18.444, 1
04/03/2020,18:51,18.3514,18.5992,18.3514,18.5992, 2
04/03/2020,19:07,18.6011,18.6011,18.6011,18.6011, 1
04/03/2020,20:08,18.444,18.444,18.444,18.444, 1
04/06/2020,08:10,18.615,18.615,18.615,18.615, 1
04/06/2020,08:17,18.66,18.66,18.66,18.66, 1
04/06/2020,09:43,18.65,18.65,18.65,18.65, 1
04/06/2020,13:32,18.3514,18.6242,18.3514,18.6242, 2
04/06/2020,14:45,18.6261,18.6261,18.6261,18.6261, 1
04/06/2020,14:55,18.444,18.444,18.444,18.444, 1
04/06/2020,15:09,18.445,18.445,18.445,18.445, 1
04/06/2020,16:02,18.65,18.65,18.65,18.65, 1
04/06/2020,16:12,18.445,18.445,18.445,18.445, 1
04/06/2020,22:43,18.6242,18.6242,18.6242,18.6242, 1
04/06/2020,22:51,18.6261,18.6261,18.6261,18.6261, 1
04/06/2020,23:13,18.628,18.628,18.628,18.628, 1
04/07/2020,07:29,18.595,18.595,18.575,18.575, 2
04/07/2020,08:58,18.575,18.575,18.575,18.575, 1
04/07/2020,08:58,18.575,18.575,18.575,18.575, 1
04/07/2020,13:23,18.5493,18.5493,18.5493,18.5493, 1
04/07/2020,14:10,18.55,18.55,18.55,18.55, 1
04/07/2020,14:26,18.45,18.45,18.45,18.45, 1
04/07/2020,19:02,18.44,18.44,18.44,18.44, 1
04/07/2020,22:37,18.3514,18.5493,18.3514,18.5493, 2
04/07/2020,22:47,18.5512,18.5512,18.5512,18.5512, 1
04/07/2020,23:51,18.44,18.44,18.44,18.44, 1
04/08/2020,07:21,18.53,18.53,18.53,18.53, 1
04/08/2020,07:21,18.41,18.41,18.41,18.41, 1
04/08/2020,08:01,18.4,18.4,18.4,18.4, 1
04/08/2020,14:02,18.3745,18.3745,18.3745,18.3745, 1
04/08/2020,14:57,18.2452,18.2452,18.2452,18.2452, 1
04/08/2020,16:59,18.3472,18.3472,18.3472,18.3472, 1
04/08/2020,18:17,18.1905,18.1905,18.1905,18.1905, 1
04/08/2020,21:50,18.3514,18.3514,18.3246,18.3246, 2
04/08/2020,21:52,18.1905,18.1905,18.1905,18.1905, 1
04/09/2020,07:31,18.325,18.325,18.295,18.295, 2
04/09/2020,10:41,18.075,18.075,18.075,18.075, 1
04/09/2020,14:39,17.95,17.95,17.95,17.95, 1
04/14/2020,08:35,18.19,18.19,18.19,18.19, 1
04/14/2020,14:25,18.188,18.188,18.188,18.188, 1
04/14/2020,14:48,18.1626,18.1626,18.1626,18.1626, 1
04/14/2020,15:38,18.188,18.188,18.188,18.188, 1
04/14/2020,16:53,18.3514,18.3514,18.3514,18.3514, 1
04/14/2020,16:54,18.1626,18.1626,18.1626,18.1626, 1
04/14/2020,16:57,18.1373,18.1373,18.1373,18.1373, 1
04/14/2020,17:22,18.112,18.112,18.112,18.112, 1
04/14/2020,17:29,18.188,18.188,18.188,18.188, 1
04/14/2020,18:23,18.185,18.185,18.185,18.185, 1
04/14/2020,19:43,18.1596,18.1596,18.1596,18.1596, 1
04/14/2020,20:34,18.1343,18.1343,18.1343,18.1343, 1
04/14/2020,20:35,18.185,18.185,18.185,18.185, 1
04/14/2020,21:19,18.1596,18.1596,18.1596,18.1596, 1
04/14/2020,22:33,18.185,18.185,18.185,18.185, 1
04/15/2020,11:24,17.9,17.9,17.9,17.9, 1
04/15/2020,14:58,17.85,17.85,17.85,17.85, 1
04/15/2020,15:56,17.8251,17.8251,17.8251,17.8251, 1
04/15/2020,17:13,17.85,17.85,17.85,17.85, 1
04/15/2020,17:52,17.834,17.834,17.834,17.834, 1
04/15/2020,18:02,17.7,17.7,17.7,17.7, 1
04/15/2020,18:10,17.7093,17.7093,17.7093,17.7093, 1
04/15/2020,18:27,17.85,17.85,17.85,17.85, 1
04/15/2020,18:45,17.84,17.84,17.84,17.84, 1
04/15/2020,18:50,17.829,17.829,17.829,17.829, 1
04/15/2020,18:52,17.84,17.84,17.84,17.84, 1
04/15/2020,20:35,17.829,17.829,17.829,17.829, 1
04/15/2020,21:18,17.84,17.84,17.84,17.84, 1
04/16/2020,07:42,17.73,17.73,17.73,17.73, 1
04/16/2020,13:31,17.7143,17.7143,17.7143,17.7143, 1
04/16/2020,15:16,17.84,17.84,17.84,17.84, 1
04/16/2020,17:32,17.854,17.854,17.854,17.854, 1
04/16/2020,17:37,17.84,17.84,17.84,17.84, 1
04/16/2020,19:03,17.83,17.83,17.83,17.83, 1
04/16/2020,22:36,17.849,17.849,17.849,17.849, 1
04/16/2020,22:45,17.8331,17.8331,17.8331,17.8331, 1
04/17/2020,07:40,17.75,17.75,17.75,17.75, 1
04/17/2020,10:37,17.8,17.8,17.8,17.8, 1
04/17/2020,13:05,17.8341,17.8341,17.8341,17.8341, 1
04/17/2020,13:38,17.8183,17.8183,17.8183,17.8183, 1
04/17/2020,13:48,17.8024,17.8024,17.8024,17.8024, 1
04/17/2020,14:06,17.7866,17.7866,17.7866,17.7866, 1
04/17/2020,14:28,17.6085,17.6085,17.6085,17.6085, 1
04/17/2020,19:31,17.6082,17.6082,17.6082,17.6082, 1
04/18/2020,14:35,17.6082,17.6082,17.6082,17.6082, 1
04/18/2020,15:12,17.6082,17.6082,17.6082,17.6082, 1
04/18/2020,15:22,17.6082,17.6082,17.6082,17.6082, 1

