03/02/2020,16:31,1.7,1.7,1.7,1.7, 1
03/02/2020,17:01,1.7,1.7,1.7,1.7, 1
03/03/2020,16:31,1.77,1.77,1.77,1.77, 1
03/03/2020,17:01,1.77,1.77,1.77,1.77, 1
03/04/2020,16:31,1.75,1.75,1.75,1.75, 1
03/04/2020,17:01,1.75,1.75,1.75,1.75, 1
03/05/2020,16:31,1.77,1.77,1.77,1.77, 1
03/05/2020,17:01,1.77,1.77,1.77,1.77, 1
03/09/2020,16:31,1.55,1.55,1.55,1.55, 1
03/09/2020,17:01,1.55,1.55,1.55,1.55, 1
03/10/2020,16:31,1.47,1.47,1.47,1.47, 1
03/10/2020,17:01,1.47,1.47,1.47,1.47, 1
03/11/2020,16:31,1.48,1.48,1.48,1.48, 1
03/11/2020,17:01,1.48,1.48,1.48,1.48, 1
03/12/2020,16:31,1.28,1.28,1.28,1.28, 1
03/12/2020,17:01,1.28,1.28,1.28,1.28, 1
03/13/2020,16:31,1.37,1.37,1.37,1.37, 1
03/13/2020,17:01,1.37,1.37,1.37,1.37, 1
03/16/2020,16:31,1.26,1.26,1.26,1.26, 1
03/16/2020,17:01,1.26,1.26,1.26,1.26, 1
03/17/2020,16:31,1.25,1.25,1.25,1.25, 1
03/17/2020,17:01,1.25,1.25,1.25,1.25, 1
03/18/2020,16:31,1.25,1.25,1.25,1.25, 1
03/18/2020,17:01,1.25,1.25,1.25,1.25, 1
03/19/2020,16:31,1.31,1.31,1.31,1.31, 1
03/20/2020,16:31,1.29,1.29,1.29,1.29, 1
03/20/2020,17:01,1.29,1.29,1.29,1.29, 1
03/23/2020,17:01,1.17,1.17,1.17,1.17, 1
03/24/2020,17:01,1.25,1.25,1.25,1.25, 1
03/25/2020,16:31,1.24,1.24,1.24,1.24, 1
03/25/2020,17:01,1.24,1.24,1.24,1.24, 1
03/26/2020,16:31,1.28,1.28,1.28,1.28, 1
03/26/2020,17:01,1.28,1.28,1.28,1.28, 1
03/27/2020,16:31,1.21,1.21,1.21,1.21, 1
03/27/2020,17:01,1.21,1.21,1.21,1.21, 1
03/30/2020,17:31,1.23,1.23,1.23,1.23, 1
03/30/2020,18:01,1.23,1.23,1.23,1.23, 1
03/31/2020,18:01,1.27,1.27,1.27,1.27, 1

