02/03/2020,15:44,1.18,1.18,1.18,1.18, 200
02/03/2020,15:49,1.222,1.222,1.222,1.222, 500
02/03/2020,16:14,1.21,1.21,1.21,1.21, 100
02/03/2020,16:22,1.21,1.21,1.21,1.21, 1800
02/03/2020,16:24,1.2,1.2,1.2,1.2, 1000
02/03/2020,16:34,1.2,1.2,1.2,1.2, 1000
02/03/2020,16:39,1.19,1.19,1.19,1.19, 500
02/03/2020,16:47,1.19,1.19,1.19,1.19, 300
02/03/2020,16:51,1.19,1.2,1.19,1.2, 300
02/03/2020,17:06,1.19,1.2,1.19,1.2, 4400
02/03/2020,17:06,1.2,1.2,1.2,1.2, 200
02/03/2020,17:11,1.2,1.2,1.2,1.2, 6826
02/03/2020,17:20,1.19,1.195,1.19,1.19, 2130
02/03/2020,17:34,1.18,1.18,1.18,1.18, 479
02/03/2020,17:45,1.2,1.2,1.2,1.2, 100
02/03/2020,17:57,1.2,1.2,1.2,1.2, 100
02/03/2020,18:04,1.2,1.2,1.2,1.2, 100
02/03/2020,18:04,1.18,1.18,1.18,1.18, 1000
02/03/2020,18:10,1.2,1.2,1.2,1.2, 100
02/03/2020,18:20,1.18,1.18,1.18,1.18, 625
02/03/2020,18:23,1.18,1.18,1.18,1.18, 355
02/03/2020,18:30,1.19,1.19,1.18,1.18, 3550
02/03/2020,18:35,1.2,1.2,1.2,1.2, 100
02/03/2020,18:53,1.2,1.2,1.2,1.2, 100
02/03/2020,18:56,1.19,1.19,1.18,1.18, 650
02/03/2020,19:46,1.164,1.164,1.164,1.164, 500
02/03/2020,20:04,1.16,1.16,1.16,1.16, 100
02/03/2020,20:18,1.2,1.2,1.2,1.2, 100
02/03/2020,20:23,1.18,1.18,1.18,1.18, 1000
02/03/2020,20:28,1.186,1.2,1.186,1.2, 3026
02/03/2020,20:52,1.17,1.17,1.17,1.17, 100
02/03/2020,20:54,1.2,1.2,1.18,1.2, 700
02/03/2020,20:59,1.18,1.18,1.171,1.171, 732
02/03/2020,21:04,1.2,1.2,1.171,1.171, 513
02/03/2020,21:06,1.2,1.2,1.2,1.2, 100
02/03/2020,21:10,1.2,1.2,1.2,1.2, 250
02/03/2020,21:16,1.2,1.2,1.2,1.2, 100
02/03/2020,21:26,1.19,1.19,1.171,1.19, 1100
02/03/2020,21:28,1.2,1.2,1.2,1.2, 100
02/03/2020,21:43,1.2,1.2,1.2,1.2, 100
02/03/2020,21:45,1.19,1.19,1.19,1.19, 1325
02/03/2020,21:45,1.2,1.2,1.2,1.2, 100
02/03/2020,22:01,1.17,1.17,1.17,1.17, 1040
02/04/2020,15:31,1.17,1.186,1.17,1.186, 388
02/04/2020,15:32,1.166,1.166,1.166,1.166, 2500
02/04/2020,15:40,1.2,1.2,1.2,1.2, 100
02/04/2020,15:42,1.15,1.15,1.15,1.15, 1400
02/04/2020,15:45,1.15,1.15,1.15,1.15, 600
02/04/2020,15:45,1.15,1.15,1.15,1.15, 4151
02/04/2020,15:47,1.17,1.17,1.17,1.17, 15000
02/04/2020,16:00,1.19,1.19,1.19,1.19, 100
02/04/2020,16:12,1.168,1.168,1.168,1.168, 2500
02/04/2020,16:20,1.164,1.164,1.164,1.164, 110
02/04/2020,16:20,1.169,1.169,1.15,1.15, 11569
02/04/2020,16:26,1.17,1.17,1.17,1.17, 131
02/04/2020,16:27,1.17,1.17,1.17,1.17, 2000
02/04/2020,16:46,1.165,1.165,1.16,1.16, 1000
02/04/2020,16:49,1.154,1.154,1.15,1.15, 600
02/04/2020,16:50,1.15,1.15,1.15,1.15, 600
02/04/2020,17:26,1.15,1.15,1.14,1.15, 300
02/04/2020,17:32,1.153,1.153,1.153,1.153, 200
02/04/2020,17:40,1.15,1.15,1.15,1.15, 200
02/04/2020,17:49,1.143,1.143,1.143,1.143, 350
02/04/2020,17:51,1.15,1.15,1.146,1.15, 4978
02/04/2020,17:51,1.15,1.16,1.15,1.16, 1000
02/04/2020,18:00,1.15,1.16,1.15,1.16, 600
02/04/2020,18:03,1.16,1.16,1.16,1.16, 100
02/04/2020,18:05,1.16,1.16,1.16,1.16, 800
02/04/2020,18:09,1.16,1.16,1.156,1.16, 4800
02/04/2020,18:15,1.16,1.16,1.15,1.15, 600
02/04/2020,18:16,1.17,1.17,1.16,1.16, 316
02/04/2020,18:21,1.156,1.156,1.156,1.156, 320
02/04/2020,18:24,1.17,1.17,1.16,1.17, 300
02/04/2020,18:36,1.16,1.16,1.15,1.15, 1873
02/04/2020,18:36,1.14,1.14,1.14,1.14, 100
02/04/2020,18:42,1.14,1.14,1.14,1.14, 100
02/04/2020,18:57,1.141,1.146,1.14,1.144, 5318
02/04/2020,18:58,1.15,1.15,1.15,1.15, 100
02/04/2020,19:01,1.15,1.15,1.148,1.148, 1300
02/04/2020,19:07,1.14,1.14,1.14,1.14, 100
02/04/2020,19:13,1.14,1.14,1.133,1.14, 3122
02/04/2020,19:15,1.13,1.13,1.105,1.105, 9953
02/04/2020,19:18,1.127,1.127,1.127,1.127, 1000
02/04/2020,19:23,1.14,1.14,1.14,1.14, 395
02/04/2020,19:30,1.12,1.12,1.12,1.12, 100
02/04/2020,19:34,1.13,1.13,1.12,1.121, 5555
02/04/2020,19:36,1.12,1.12,1.12,1.12, 200
02/04/2020,19:42,1.13,1.13,1.13,1.13, 200
02/04/2020,19:43,1.12,1.12,1.12,1.12, 1000
02/04/2020,19:43,1.13,1.13,1.13,1.13, 234
02/04/2020,19:45,1.12,1.12,1.12,1.12, 900
02/04/2020,19:52,1.13,1.14,1.13,1.14, 2000
02/04/2020,19:53,1.14,1.14,1.14,1.14, 3243
02/04/2020,19:53,1.136,1.136,1.136,1.136, 1189
02/04/2020,20:00,1.133,1.137,1.133,1.137, 5000
02/04/2020,20:01,1.14,1.15,1.14,1.14, 3500
02/04/2020,20:02,1.13,1.135,1.12,1.12, 1700
02/04/2020,20:03,1.12,1.12,1.12,1.12, 2000
02/04/2020,20:05,1.14,1.14,1.14,1.14, 100
02/04/2020,20:17,1.116,1.116,1.116,1.116, 1000
02/04/2020,20:43,1.133,1.133,1.133,1.133, 225
02/04/2020,20:58,1.13,1.13,1.13,1.13, 3683
02/04/2020,20:59,1.14,1.15,1.14,1.15, 3400
02/04/2020,20:59,1.15,1.15,1.15,1.15, 144
02/04/2020,21:05,1.15,1.17,1.15,1.15, 3000
02/04/2020,21:07,1.16,1.16,1.16,1.16, 100
02/04/2020,21:17,1.14,1.14,1.14,1.14, 100
02/04/2020,21:29,1.14,1.14,1.14,1.14, 426
02/04/2020,21:32,1.145,1.145,1.145,1.145, 1200
02/04/2020,21:41,1.15,1.15,1.15,1.15, 655
02/04/2020,21:45,1.15,1.15,1.15,1.15, 400
02/04/2020,21:51,1.15,1.15,1.15,1.15, 100
02/04/2020,21:53,1.15,1.15,1.15,1.15, 200
02/04/2020,21:57,1.15,1.15,1.15,1.15, 5346
02/04/2020,22:00,1.14,1.15,1.14,1.15, 356
02/05/2020,15:31,1.14,1.14,1.14,1.14, 2852
02/05/2020,15:36,1.14,1.14,1.14,1.14, 1000
02/05/2020,15:43,1.134,1.134,1.134,1.134, 876
02/05/2020,15:51,1.13,1.14,1.13,1.14, 11203
02/05/2020,15:56,1.14,1.14,1.14,1.14, 100
02/05/2020,15:59,1.136,1.136,1.136,1.136, 1000
02/05/2020,16:00,1.13,1.13,1.13,1.13, 1100
02/05/2020,16:02,1.136,1.136,1.13,1.13, 4000
02/05/2020,16:04,1.12,1.12,1.12,1.12, 150
02/05/2020,16:06,1.12,1.12,1.113,1.113, 1400
02/05/2020,16:08,1.12,1.12,1.119,1.119, 5000
02/05/2020,16:11,1.113,1.113,1.113,1.113, 130
02/05/2020,16:20,1.114,1.12,1.114,1.12, 1000
02/05/2020,16:27,1.118,1.118,1.118,1.118, 1000
02/05/2020,16:41,1.11,1.11,1.11,1.11, 100
02/05/2020,16:58,1.11,1.12,1.11,1.12, 17864
02/05/2020,17:04,1.115,1.115,1.11,1.11, 9883
02/05/2020,17:06,1.12,1.12,1.12,1.12, 10000
02/05/2020,17:08,1.111,1.13,1.111,1.13, 7644
02/05/2020,17:13,1.12,1.12,1.12,1.12, 5200
02/05/2020,17:22,1.13,1.13,1.13,1.13, 192
02/05/2020,17:33,1.13,1.13,1.13,1.13, 5692
02/05/2020,17:45,1.12,1.12,1.12,1.12, 2000
02/05/2020,17:48,1.11,1.11,1.11,1.11, 2400
02/05/2020,17:49,1.13,1.13,1.13,1.13, 100
02/05/2020,17:55,1.13,1.13,1.13,1.13, 240
02/05/2020,18:03,1.12,1.12,1.12,1.12, 140
02/05/2020,18:07,1.12,1.12,1.12,1.12, 400
02/05/2020,18:07,1.13,1.13,1.12,1.12, 500
02/05/2020,18:10,1.12,1.12,1.12,1.12, 200
02/05/2020,18:12,1.12,1.12,1.12,1.12, 900
02/05/2020,18:27,1.12,1.12,1.12,1.12, 588
02/05/2020,18:28,1.119,1.119,1.119,1.119, 500
02/05/2020,18:38,1.12,1.12,1.12,1.12, 288
02/05/2020,18:52,1.12,1.13,1.12,1.13, 9872
02/05/2020,19:03,1.14,1.14,1.14,1.14, 100
02/05/2020,19:09,1.13,1.13,1.13,1.13, 100
02/05/2020,19:14,1.14,1.14,1.14,1.14, 100
02/05/2020,19:30,1.14,1.14,1.14,1.14, 200
02/05/2020,19:39,1.14,1.14,1.14,1.14, 240
02/05/2020,19:46,1.14,1.14,1.14,1.14, 2460
02/05/2020,19:46,1.14,1.14,1.14,1.14, 500
02/05/2020,19:49,1.14,1.14,1.14,1.14, 1000
02/05/2020,19:51,1.14,1.14,1.14,1.14, 400
02/05/2020,19:52,1.137,1.14,1.137,1.14, 2900
02/05/2020,19:55,1.14,1.14,1.13,1.13, 2340
02/05/2020,20:04,1.135,1.135,1.135,1.135, 125
02/05/2020,20:06,1.14,1.14,1.14,1.14, 600
02/05/2020,20:07,1.14,1.15,1.135,1.15, 6434
02/05/2020,20:11,1.15,1.17,1.15,1.17, 1400
02/05/2020,20:15,1.18,1.18,1.18,1.18, 100
02/05/2020,20:21,1.18,1.18,1.18,1.18, 900
02/05/2020,20:21,1.16,1.16,1.16,1.16, 100
02/05/2020,20:26,1.18,1.18,1.18,1.18, 100
02/05/2020,20:31,1.166,1.166,1.166,1.166, 1000
02/05/2020,20:37,1.18,1.18,1.18,1.18, 100
02/05/2020,20:40,1.16,1.16,1.16,1.16, 100
02/05/2020,20:42,1.17,1.173,1.17,1.173, 200
02/05/2020,20:47,1.17,1.17,1.17,1.17, 2740
02/05/2020,21:09,1.17,1.17,1.17,1.17, 144
02/05/2020,21:13,1.17,1.17,1.163,1.163, 2200
02/05/2020,21:15,1.16,1.16,1.16,1.16, 100
02/05/2020,21:22,1.15,1.15,1.15,1.15, 719
02/05/2020,21:27,1.15,1.15,1.15,1.15, 1700
02/05/2020,21:34,1.16,1.16,1.16,1.16, 100
02/05/2020,21:49,1.14,1.14,1.14,1.14, 1000
02/05/2020,21:57,1.14,1.14,1.14,1.14, 500
02/06/2020,15:31,1.18,1.18,1.18,1.18, 7032
02/06/2020,15:32,1.15,1.15,1.11,1.11, 21100
02/06/2020,15:40,1.14,1.14,1.14,1.14, 2000
02/06/2020,15:45,1.121,1.121,1.121,1.121, 428
02/06/2020,15:48,1.111,1.111,1.111,1.111, 993
02/06/2020,16:02,1.116,1.116,1.116,1.116, 500
02/06/2020,16:02,1.11,1.11,1.11,1.11, 500
02/06/2020,16:16,1.12,1.12,1.12,1.12, 151
02/06/2020,16:18,1.11,1.12,1.11,1.119, 2000
02/06/2020,16:20,1.117,1.117,1.117,1.117, 500
02/06/2020,16:21,1.12,1.13,1.12,1.12, 15637
02/06/2020,16:46,1.117,1.117,1.117,1.117, 3000
02/06/2020,16:47,1.12,1.12,1.12,1.12, 100
02/06/2020,17:09,1.111,1.111,1.111,1.111, 600
02/06/2020,17:26,1.11,1.111,1.11,1.11, 4000
02/06/2020,17:30,1.12,1.12,1.12,1.12, 100
02/06/2020,17:32,1.11,1.11,1.11,1.11, 200
02/06/2020,17:34,1.11,1.11,1.11,1.11, 2900
02/06/2020,17:34,1.11,1.11,1.11,1.11, 350
02/06/2020,17:49,1.1,1.103,1.1,1.103, 9700
02/06/2020,17:59,1.1,1.11,1.1,1.11, 1246
02/06/2020,18:00,1.11,1.11,1.09,1.09, 1218
02/06/2020,18:03,1.12,1.12,1.12,1.12, 100
02/06/2020,18:05,1.107,1.107,1.107,1.107, 848
02/06/2020,18:08,1.12,1.12,1.12,1.12, 100
02/06/2020,18:17,1.116,1.116,1.116,1.116, 1203
02/06/2020,18:20,1.119,1.119,1.119,1.119, 175
02/06/2020,18:23,1.119,1.119,1.119,1.119, 750
02/06/2020,18:29,1.12,1.12,1.12,1.12, 1000
02/06/2020,18:31,1.12,1.12,1.1,1.1, 15600
02/06/2020,18:35,1.1,1.1,1.1,1.1, 1872
02/06/2020,19:01,1.09,1.1,1.06,1.1, 3400
02/06/2020,19:03,1.07,1.075,1.07,1.075, 6500
02/06/2020,19:03,1.07,1.07,1.07,1.07, 100
02/06/2020,19:05,1.06,1.06,1.06,1.06, 2000
02/06/2020,19:06,1.06,1.065,1.06,1.065, 2641
02/06/2020,19:07,1.05,1.06,1.05,1.05, 14750
02/06/2020,19:07,1.05,1.07,1.05,1.07, 9586
02/06/2020,19:10,1.06,1.06,1.045,1.045, 10950
02/06/2020,19:15,1.06,1.06,1.05,1.05, 3500
02/06/2020,19:18,1.07,1.07,1.07,1.07, 100
02/06/2020,19:19,1.063,1.064,1.063,1.064, 1100
02/06/2020,19:25,1.07,1.09,1.07,1.09, 1183
02/06/2020,19:31,1.06,1.06,1.06,1.06, 100
02/06/2020,19:32,1.1,1.1,1.1,1.1, 100
02/06/2020,19:39,1.08,1.1,1.08,1.1, 464
02/06/2020,19:50,1.08,1.08,1.08,1.08, 1100
02/06/2020,19:54,1.1,1.1,1.1,1.1, 100
02/06/2020,20:00,1.08,1.08,1.08,1.08, 400
02/06/2020,20:01,1.1,1.1,1.1,1.1, 100
02/06/2020,20:20,1.06,1.06,1.06,1.06, 2450
02/06/2020,20:22,1.06,1.06,1.06,1.06, 1000
02/06/2020,20:31,1.04,1.05,1.04,1.05, 1600
02/06/2020,20:33,1.054,1.054,1.054,1.054, 1000
02/06/2020,20:41,1.06,1.06,1.06,1.06, 100
02/06/2020,20:42,1.07,1.07,1.06,1.06, 5100
02/06/2020,20:57,1.06,1.06,1.06,1.06, 5200
02/06/2020,21:05,1.047,1.047,1.047,1.047, 500
02/06/2020,21:08,1.04,1.04,1.04,1.04, 5000
02/06/2020,21:10,1.044,1.044,1.044,1.044, 100
02/06/2020,21:10,1.046,1.046,1.046,1.046, 100
02/06/2020,21:11,1.047,1.047,1.047,1.047, 100
02/06/2020,21:12,1.047,1.047,1.047,1.047, 100
02/06/2020,21:14,1.045,1.045,1.045,1.045, 100
02/06/2020,21:17,1.05,1.056,1.05,1.056, 5500
02/06/2020,21:26,1.06,1.06,1.06,1.06, 100
02/06/2020,21:31,1.05,1.05,1.05,1.05, 21500
02/06/2020,21:31,1.05,1.05,1.05,1.05, 883
02/06/2020,21:34,1.04,1.04,1.04,1.04, 1500
02/06/2020,21:39,1.04,1.04,1.04,1.04, 1304
02/06/2020,21:41,1.045,1.045,1.045,1.045, 500
02/06/2020,21:44,1.04,1.05,1.04,1.05, 6500
02/06/2020,21:48,1.06,1.06,1.06,1.06, 100
02/06/2020,21:55,1.055,1.055,1.052,1.052, 600
02/06/2020,21:56,1.06,1.06,1.06,1.06, 100
02/06/2020,21:58,1.059,1.059,1.059,1.059, 300
02/06/2020,21:58,1.06,1.06,1.059,1.059, 400
02/06/2020,22:01,1.055,1.06,1.055,1.06, 2554
02/07/2020,15:31,1.04,1.04,1.04,1.04, 517
02/07/2020,15:34,1.089,1.089,1.06,1.06, 375
02/07/2020,15:43,1.09,1.09,1.09,1.09, 941
02/07/2020,15:45,1.073,1.073,1.073,1.073, 2000
02/07/2020,16:02,1.05,1.05,1.05,1.05, 1000
02/07/2020,16:25,1.06,1.06,1.04,1.04, 5900
02/07/2020,16:26,1.04,1.05,1.014,1.02, 18764
02/07/2020,16:26,1.02,1.023,1,1.023, 17164
02/07/2020,16:28,1.003,1.003,1.003,1.003, 500
02/07/2020,16:38,1.037,1.037,1.037,1.037, 2000
02/07/2020,16:43,1.04,1.04,1.02,1.02, 250
02/07/2020,16:45,1.03,1.03,1.02,1.02, 800
02/07/2020,16:47,1.02,1.02,1.02,1.02, 15800
02/07/2020,16:48,1.03,1.03,1.01,1.01, 11304
02/07/2020,16:49,1.01,1.015,1.01,1.015, 2238
02/07/2020,16:50,1.019,1.019,1,1, 12119
02/07/2020,16:51,1,1,1,1, 10700
02/07/2020,16:52,1,1,1,1, 200
02/07/2020,16:59,1,1,1,1, 1000
02/07/2020,17:01,1.01,1.01,1.01,1.01, 2000
02/07/2020,17:04,.98,1.01,.98,.982, 3880
02/07/2020,17:07,.999,.999,.999,.999, 1000
02/07/2020,17:10,1.01,1.01,1.01,1.01, 2280
02/07/2020,17:21,.999,.999,.999,.999, 100
02/07/2020,17:30,1.005,1.005,1.005,1.005, 200
02/07/2020,17:46,.999,.999,.999,.999, 5500
02/07/2020,17:47,.999,.999,.99,.999, 8300
02/07/2020,17:53,.985,.985,.985,.985, 200
02/07/2020,17:55,.98,.98,.98,.98, 200
02/07/2020,17:58,.99,.99,.99,.99, 100
02/07/2020,17:59,.99,.99,.99,.99, 900
02/07/2020,18:05,1,1,1,1, 100
02/07/2020,18:26,1.01,1.01,1.01,1.01, 100
02/07/2020,18:28,.995,1,.995,1, 500
02/07/2020,18:31,1.01,1.01,1.01,1.01, 100
02/07/2020,18:33,.98,.985,.98,.985, 1000
02/07/2020,18:35,1.007,1.007,1.007,1.007, 100
02/07/2020,18:46,1,1,1,1, 350
02/07/2020,18:50,1.01,1.01,1.01,1.01, 100
02/07/2020,18:51,1.01,1.01,1.01,1.01, 5000
02/07/2020,18:56,1.01,1.01,1.001,1.001, 400
02/07/2020,19:00,1.01,1.01,1.01,1.01, 100
02/07/2020,19:19,1.01,1.01,1.01,1.01, 100
02/07/2020,19:20,1.005,1.005,1,1, 1200
02/07/2020,19:23,1,1,1,1, 234
02/07/2020,19:27,1,1,1,1, 1900
02/07/2020,19:30,.985,.99,.98,.99, 1500
02/07/2020,19:38,.99,1.01,.99,1.01, 2577
02/07/2020,19:46,1,1,1,1, 100
02/07/2020,19:55,1,1,.99,.99, 1619
02/07/2020,20:01,1,1.01,1,1.01, 300
02/07/2020,20:14,1,1,1,1, 100
02/07/2020,20:23,1.01,1.01,1.01,1.01, 100
02/07/2020,20:26,1.01,1.01,1.01,1.01, 8900
02/07/2020,20:27,1,1.005,1,1, 806
02/07/2020,20:27,1.005,1.01,1.005,1.01, 5100
02/07/2020,20:30,1.005,1.02,1,1, 17820
02/07/2020,20:37,1.015,1.015,1.015,1.015, 5500
02/07/2020,20:41,1.02,1.02,1.02,1.02, 500
02/07/2020,20:50,1.02,1.02,1.02,1.02, 100
02/07/2020,20:53,1.03,1.03,1.03,1.03, 1468
02/07/2020,20:56,1.03,1.03,1.027,1.027, 1200
02/07/2020,20:58,1.03,1.03,1.03,1.03, 120
02/07/2020,20:59,1.023,1.023,1.023,1.023, 1600
02/07/2020,21:08,1.02,1.02,1.02,1.02, 100
02/07/2020,21:19,1.023,1.023,1.023,1.023, 2000
02/07/2020,21:21,1.03,1.03,1.03,1.03, 4502
02/07/2020,21:25,1.03,1.03,1.03,1.03, 400
02/07/2020,21:29,1.03,1.03,1.03,1.03, 400
02/07/2020,21:38,1.03,1.05,1.03,1.03, 9361
02/07/2020,21:39,1.05,1.05,1.05,1.05, 100
02/07/2020,21:44,1.05,1.05,1.05,1.05, 100
02/07/2020,21:47,1.05,1.06,1.05,1.05, 1519
02/07/2020,21:47,1.05,1.05,1.05,1.05, 2200
02/07/2020,21:48,1.05,1.06,1.05,1.06, 10000
02/07/2020,21:51,1.05,1.06,1.05,1.06, 350
02/07/2020,21:52,1.05,1.05,1.05,1.05, 7700
02/07/2020,21:55,1.06,1.06,1.06,1.06, 300
02/07/2020,21:56,1.07,1.07,1.07,1.07, 100
02/07/2020,21:57,1.06,1.06,1.06,1.06, 100
02/07/2020,21:58,1.07,1.07,1.055,1.055, 2400
02/07/2020,22:01,1.05,1.05,1.05,1.05, 241
02/10/2020,15:57,1.035,1.035,1.035,1.035, 1000
02/10/2020,16:03,1.03,1.03,1.03,1.03, 305
02/10/2020,16:05,1.05,1.05,1.05,1.05, 100
02/10/2020,16:15,1.04,1.04,1.04,1.04, 100
02/10/2020,16:21,1.04,1.04,1.04,1.04, 800
02/10/2020,16:21,1.04,1.04,1.04,1.04, 800
02/10/2020,16:30,1.023,1.023,1.023,1.023, 500
02/10/2020,16:31,1.02,1.02,.998,.998, 12443
02/10/2020,16:37,1.02,1.02,1.02,1.02, 1800
02/10/2020,16:45,1,1.005,1,1.004, 4600
02/10/2020,16:47,.998,1,.998,1, 1002
02/10/2020,16:49,.997,.997,.997,.997, 134
02/10/2020,16:56,.995,.995,.995,.995, 1100
02/10/2020,17:01,.999,.999,.999,.999, 200
02/10/2020,17:03,.998,.998,.998,.998, 200
02/10/2020,17:15,.985,.985,.985,.985, 100
02/10/2020,17:46,.994,.994,.994,.994, 100
02/10/2020,17:55,.985,.985,.985,.985, 200
02/10/2020,18:11,.995,.995,.995,.995, 100
02/10/2020,18:15,.995,.995,.995,.995, 627
02/10/2020,18:42,.995,.995,.995,.995, 300
02/10/2020,18:45,.995,.995,.995,.995, 200
02/10/2020,18:47,.995,.995,.995,.995, 200
02/10/2020,18:52,.99,.99,.99,.99, 135
02/10/2020,18:54,.99,.992,.99,.992, 400
02/10/2020,18:55,.987,.987,.987,.987, 200
02/10/2020,18:57,.99,.99,.99,.99, 100
02/10/2020,19:11,.99,.99,.99,.99, 200
02/10/2020,19:41,.995,.995,.995,.995, 300
02/10/2020,19:43,.997,.997,.997,.997, 1000
02/10/2020,20:23,.99,.99,.99,.99, 200
02/10/2020,20:41,.995,.995,.995,.995, 1000
02/10/2020,20:43,1,1,1,1, 1000
02/10/2020,20:49,1,1,1,1, 500
02/10/2020,20:57,.993,.993,.993,.993, 1639
02/10/2020,21:00,.995,.995,.995,.995, 7000
02/10/2020,21:05,.995,.995,.995,.995, 2625
02/10/2020,21:15,.995,.995,.995,.995, 100
02/10/2020,21:15,.995,.995,.995,.995, 100
02/10/2020,21:17,.995,.995,.995,.995, 700
02/10/2020,21:25,.995,.995,.995,.995, 152
02/10/2020,21:32,.995,.995,.995,.995, 100
02/10/2020,21:41,.995,.995,.995,.995, 100
02/10/2020,21:46,.995,.995,.995,.995, 400
02/10/2020,21:51,.995,.995,.995,.995, 4366
02/10/2020,21:58,1.01,1.01,1.01,1.01, 162
02/10/2020,22:01,1.01,1.01,1.01,1.01, 1633
02/11/2020,15:31,.975,.975,.975,.975, 2960
02/11/2020,15:36,1.04,1.04,1.04,1.04, 100
02/11/2020,15:52,1.01,1.01,1.01,1.01, 200
02/11/2020,15:56,1.01,1.01,1.01,1.01, 100
02/11/2020,16:01,1.04,1.04,1.04,1.04, 100
02/11/2020,16:09,1.01,1.015,1.01,1.015, 200
02/11/2020,16:12,1.04,1.04,1.04,1.04, 100
02/11/2020,16:27,1.04,1.04,1.04,1.04, 100
02/11/2020,16:49,1.02,1.02,1.02,1.02, 400
02/11/2020,16:57,1.02,1.02,1.02,1.02, 100
02/11/2020,17:00,1.035,1.035,1.035,1.035, 380
02/11/2020,17:02,1.02,1.02,1.02,1.02, 404
02/11/2020,17:07,1.01,1.01,1.01,1.01, 100
02/11/2020,17:09,1.01,1.01,1.01,1.01, 1000
02/11/2020,17:09,1,1,1,1, 200
02/11/2020,17:11,1.005,1.005,1.005,1.005, 100
02/11/2020,17:12,1.005,1.005,1.005,1.005, 100
02/11/2020,17:14,1.005,1.005,1.005,1.005, 100
02/11/2020,17:16,1.005,1.005,1,1, 1607
02/11/2020,17:22,1,1,1,1, 100
02/11/2020,17:23,1,1,1,1, 100
02/11/2020,17:25,1,1,1,1, 100
02/11/2020,17:26,1,1,1,1, 100
02/11/2020,17:27,1,1,1,1, 100
02/11/2020,17:28,1,1,1,1, 100
02/11/2020,17:30,1,1,1,1, 100
02/11/2020,17:31,1,1,1,1, 100
02/11/2020,17:32,1,1,1,1, 100
02/11/2020,17:33,1,1,1,1, 100
02/11/2020,17:35,1,1,1,1, 100
02/11/2020,17:36,1.01,1.01,1.01,1.01, 647
02/11/2020,17:37,1,1,1,1, 100
02/11/2020,18:05,1.01,1.01,1.007,1.007, 3500
02/11/2020,18:10,1.01,1.01,1.01,1.01, 100
02/11/2020,18:21,1.008,1.008,1.008,1.008, 100
02/11/2020,18:24,1.02,1.02,1.02,1.02, 700
02/11/2020,18:29,1.02,1.02,1.02,1.02, 200
02/11/2020,18:55,1.028,1.028,1.01,1.01, 7052
02/11/2020,19:43,1.02,1.02,1.02,1.02, 100
02/11/2020,20:03,.99,1.02,.99,1.02, 200
02/11/2020,20:24,1.02,1.02,1.02,1.02, 100
02/11/2020,20:26,1.02,1.02,1.02,1.02, 100
02/11/2020,20:35,1,1.003,.986,1.003, 12678
02/11/2020,20:37,.99,.99,.99,.99, 100
02/11/2020,20:41,1.02,1.02,1.02,1.02, 100
02/11/2020,21:11,1.02,1.02,1.02,1.02, 100
02/11/2020,21:52,1.02,1.02,1.02,1.02, 3000
02/11/2020,21:56,1,1,1,1, 103
02/11/2020,21:59,1,1,1,1, 169
02/11/2020,22:00,1.01,1.01,1.01,1.01, 100
02/11/2020,22:01,1,1,1,1, 100
02/12/2020,15:31,1,1,1,1, 174
02/12/2020,15:46,1.01,1.01,1.01,1.01, 100
02/12/2020,16:20,1,1,.995,1, 16812
02/12/2020,16:43,1.01,1.01,1.005,1.005, 200
02/12/2020,17:26,1,1.005,1,1, 3100
02/12/2020,17:33,1.01,1.01,1.01,1.01, 100
02/12/2020,17:38,.995,.995,.995,.995, 585
02/12/2020,17:41,1,1,1,1, 100
02/12/2020,17:46,.99,.99,.99,.99, 100
02/12/2020,17:48,.995,.995,.995,.995, 200
02/12/2020,17:53,.97,.995,.95,.95, 31219
02/12/2020,17:54,1,1,1,1, 100
02/12/2020,17:57,.995,.995,.995,.995, 299
02/12/2020,17:58,1,1,1,1, 401
02/12/2020,18:04,1,1,1,1, 100
02/12/2020,18:14,.985,.985,.985,.985, 200
02/12/2020,18:16,1,1,1,1, 100
02/12/2020,18:32,.984,.984,.984,.984, 150
02/12/2020,18:40,.985,.985,.985,.985, 200
02/12/2020,18:49,1,1,1,1, 700
02/12/2020,18:52,.98,.98,.955,.955, 2180
02/12/2020,18:54,.969,.969,.969,.969, 100
02/12/2020,18:59,.975,.975,.96,.96, 300
02/12/2020,19:00,.965,.97,.962,.97, 1000
02/12/2020,19:02,.97,.98,.97,.98, 1594
02/12/2020,19:03,.98,.98,.98,.98, 300
02/12/2020,19:08,.98,.98,.98,.98, 1000
02/12/2020,19:13,.98,.98,.98,.98, 100
02/12/2020,19:26,.975,.98,.975,.98, 400
02/12/2020,19:30,.976,.976,.976,.976, 100
02/12/2020,19:49,.97,.97,.97,.97, 2800
02/12/2020,20:00,.975,.975,.975,.975, 100
02/12/2020,20:22,.975,.975,.975,.975, 100
02/12/2020,20:35,.98,.98,.98,.98, 300
02/12/2020,21:31,.975,.975,.975,.975, 100
02/12/2020,21:46,.976,.976,.976,.976, 100
02/12/2020,21:49,.978,.978,.978,.978, 100
02/12/2020,21:54,.98,.98,.98,.98, 280
02/12/2020,22:00,.975,.98,.975,.98, 500
02/13/2020,15:36,.975,.975,.975,.975, 10000
02/13/2020,15:38,.975,.975,.975,.975, 200
02/13/2020,15:41,.95,1,.95,1, 2410
02/13/2020,16:01,.99,.997,.99,.997, 300
02/13/2020,16:04,1,1,1,1, 100
02/13/2020,16:25,1,1,1,1, 8394
02/13/2020,16:27,1,1,1,1, 15200
02/13/2020,16:29,.995,1,.995,1, 7200
02/13/2020,16:31,.99,.99,.99,.99, 500
02/13/2020,16:34,.987,.987,.987,.987, 100
02/13/2020,16:35,.987,.987,.987,.987, 100
02/13/2020,16:38,.987,.987,.987,.987, 200
02/13/2020,16:39,.987,.987,.987,.987, 600
02/13/2020,16:48,1,1,.993,1, 3400
02/13/2020,16:49,1,1,1,1, 100
02/13/2020,16:57,.993,.993,.993,.993, 100
02/13/2020,17:00,1,1,.993,.993, 200
02/13/2020,17:20,.99,.993,.99,.993, 2100
02/13/2020,17:25,.993,.993,.988,.988, 1200
02/13/2020,17:27,.988,.988,.986,.986, 11600
02/13/2020,17:29,.98,.98,.98,.98, 200
02/13/2020,17:33,.96,.964,.96,.96, 400
02/13/2020,17:47,.963,.963,.963,.963, 100
02/13/2020,17:51,.966,.98,.966,.98, 1200
02/13/2020,18:06,.969,.969,.969,.969, 100
02/13/2020,18:21,.965,.965,.965,.965, 5000
02/13/2020,18:28,.97,.97,.97,.97, 100
02/13/2020,18:45,.97,.97,.97,.97, 100
02/13/2020,18:46,.97,.97,.97,.97, 220
02/13/2020,18:58,.97,.97,.97,.97, 100
02/13/2020,19:01,.971,.976,.971,.976, 700
02/13/2020,19:09,.976,.976,.976,.976, 100
02/13/2020,19:17,.976,1,.976,1, 2100
02/13/2020,19:18,1,1,1,1, 1800
02/13/2020,19:20,1,1,1,1, 100
02/13/2020,19:25,.97,.996,.97,.996, 315
02/13/2020,19:38,.98,1,.98,1, 600
02/13/2020,19:55,.97,.97,.97,.97, 5000
02/13/2020,19:58,.971,.971,.971,.971, 1300
02/13/2020,20:01,1,1,1,1, 100
02/13/2020,20:14,.995,.995,.995,.995, 278
02/13/2020,20:15,.972,.972,.972,.972, 200
02/13/2020,20:17,.973,.973,.973,.973, 100
02/13/2020,20:18,1,1,1,1, 100
02/13/2020,20:32,.972,.972,.972,.972, 100
02/13/2020,20:36,1,1,1,1, 500
02/13/2020,20:37,.998,1,.993,1, 4000
02/13/2020,20:38,.98,.98,.98,.98, 100
02/13/2020,20:39,.99,1,.99,1, 800
02/13/2020,20:40,1,1,1,1, 700
02/13/2020,20:41,.98,.98,.974,.974, 2700
02/13/2020,20:42,1,1,1,1, 100
02/13/2020,20:55,.973,.973,.973,.973, 100
02/13/2020,21:10,.972,.972,.972,.972, 100
02/13/2020,21:23,.992,.992,.992,.992, 100
02/13/2020,21:31,.961,.967,.961,.967, 300
02/13/2020,21:34,.971,.971,.971,.971, 100
02/13/2020,21:35,1,1,1,1, 100
02/13/2020,21:50,.983,.983,.983,.983, 100
02/13/2020,21:52,1,1,1,1, 418
02/13/2020,21:55,.961,.961,.961,.961, 762
02/13/2020,21:59,1,1,1,1, 100
02/13/2020,22:00,1,1,.98,.98, 300
02/13/2020,22:01,.98,.98,.98,.98, 462
02/14/2020,15:31,1.17,1.18,1.17,1.18, 40850
02/14/2020,15:32,1.143,1.15,1.12,1.12, 6000
02/14/2020,15:33,1.12,1.122,1.11,1.112, 2900
02/14/2020,15:34,1.13,1.14,1.13,1.14, 402
02/14/2020,15:35,1.14,1.14,1.14,1.14, 1000
02/14/2020,15:37,1.14,1.14,1.1,1.1, 2900
02/14/2020,15:38,1.14,1.14,1.121,1.13, 335
02/14/2020,15:42,1.113,1.113,1.113,1.113, 500
02/14/2020,15:43,1.116,1.116,1.11,1.11, 3275
02/14/2020,15:45,1.11,1.13,1.11,1.13, 700
02/14/2020,15:50,1.106,1.106,1.106,1.106, 800
02/14/2020,15:50,1.117,1.117,1.117,1.117, 200
02/14/2020,15:52,1.117,1.117,1.117,1.117, 250
02/14/2020,15:53,1.101,1.11,1.101,1.11, 7400
02/14/2020,15:54,1.11,1.13,1.101,1.13, 10295
02/14/2020,15:54,1.12,1.12,1.12,1.12, 100
02/14/2020,15:55,1.111,1.111,1.111,1.111, 100
02/14/2020,15:58,1.12,1.13,1.12,1.12, 3000
02/14/2020,15:59,1.12,1.15,1.119,1.15, 8078
02/14/2020,16:00,1.127,1.141,1.127,1.141, 1135
02/14/2020,16:02,1.13,1.13,1.12,1.12, 2500
02/14/2020,16:04,1.11,1.12,1.1,1.12, 5585
02/14/2020,16:07,1.12,1.12,1.12,1.12, 266
02/14/2020,16:08,1.11,1.12,1.11,1.12, 4212
02/14/2020,16:09,1.11,1.11,1.11,1.11, 100
02/14/2020,16:12,1.11,1.11,1.1,1.1, 1716
02/14/2020,16:13,1.1,1.1,1.08,1.098, 21514
02/14/2020,16:14,1.079,1.1,1.079,1.1, 200
02/14/2020,16:18,1.1,1.1,1.1,1.1, 1400
02/14/2020,16:19,1.1,1.14,1.1,1.14, 1480
02/14/2020,16:23,1.124,1.124,1.124,1.124, 100
02/14/2020,16:24,1.14,1.14,1.14,1.14, 150
02/14/2020,16:29,1.14,1.14,1.14,1.14, 365
02/14/2020,16:31,1.13,1.14,1.13,1.14, 1700
02/14/2020,16:33,1.14,1.14,1.14,1.14, 1635
02/14/2020,16:35,1.13,1.14,1.13,1.14, 4100
02/14/2020,16:43,1.14,1.14,1.14,1.14, 400
02/14/2020,16:49,1.13,1.13,1.13,1.13, 920
02/14/2020,16:52,1.14,1.14,1.14,1.14, 100
02/14/2020,16:53,1.14,1.14,1.14,1.14, 1938
02/14/2020,16:54,1.134,1.134,1.134,1.134, 165
02/14/2020,16:55,1.14,1.14,1.14,1.14, 100
02/14/2020,16:57,1.14,1.14,1.13,1.14, 2300
02/14/2020,16:58,1.136,1.136,1.136,1.136, 1500
02/14/2020,16:59,1.136,1.14,1.13,1.13, 2000
02/14/2020,17:00,1.14,1.15,1.14,1.15, 700
02/14/2020,17:04,1.15,1.15,1.15,1.15, 2100
02/14/2020,17:05,1.15,1.15,1.15,1.15, 7262
02/14/2020,17:06,1.15,1.15,1.145,1.15, 12338
02/14/2020,17:07,1.15,1.16,1.15,1.16, 2100
02/14/2020,17:08,1.15,1.16,1.15,1.16, 17500
02/14/2020,17:09,1.18,1.18,1.18,1.18, 100
02/14/2020,17:10,1.177,1.18,1.177,1.18, 2053
02/14/2020,17:11,1.18,1.18,1.175,1.18, 5525
02/14/2020,17:14,1.18,1.18,1.179,1.18, 606
02/14/2020,17:15,1.18,1.18,1.177,1.178, 15700
02/14/2020,17:16,1.18,1.23,1.18,1.21, 26191
02/14/2020,17:17,1.22,1.3,1.21,1.29, 42627
02/14/2020,17:18,1.28,1.28,1.256,1.267, 4150
02/14/2020,17:19,1.263,1.263,1.23,1.25, 1900
02/14/2020,17:20,1.23,1.23,1.23,1.23, 500
02/14/2020,17:21,1.26,1.3,1.245,1.26, 27948
02/14/2020,17:22,1.26,1.28,1.26,1.273, 4100
02/14/2020,17:23,1.25,1.25,1.25,1.25, 256
02/14/2020,17:24,1.263,1.263,1.263,1.263, 200
02/14/2020,17:25,1.26,1.28,1.257,1.28, 3309
02/14/2020,17:26,1.251,1.27,1.251,1.27, 2100
02/14/2020,17:27,1.26,1.26,1.26,1.26, 100
02/14/2020,17:28,1.26,1.26,1.26,1.26, 1400
02/14/2020,17:29,1.25,1.25,1.23,1.23, 6312
02/14/2020,17:30,1.23,1.23,1.23,1.23, 1602
02/14/2020,17:32,1.243,1.243,1.243,1.243, 800
02/14/2020,17:33,1.24,1.24,1.23,1.23, 1200
02/14/2020,17:35,1.23,1.235,1.17,1.19, 33250
02/14/2020,17:36,1.21,1.21,1.18,1.18, 1500
02/14/2020,17:37,1.183,1.183,1.18,1.18, 330
02/14/2020,17:38,1.19,1.19,1.19,1.19, 1000
02/14/2020,17:39,1.19,1.193,1.181,1.181, 420
02/14/2020,17:40,1.18,1.18,1.18,1.18, 100
02/14/2020,17:41,1.18,1.18,1.17,1.17, 2451
02/14/2020,17:42,1.17,1.17,1.165,1.17, 5600
02/14/2020,17:43,1.165,1.17,1.164,1.17, 861
02/14/2020,17:44,1.17,1.17,1.163,1.17, 1550
02/14/2020,17:45,1.17,1.18,1.17,1.18, 2200
02/14/2020,17:46,1.18,1.18,1.173,1.173, 400
02/14/2020,17:50,1.18,1.18,1.18,1.18, 100
02/14/2020,17:51,1.18,1.18,1.175,1.18, 1750
02/14/2020,17:51,1.18,1.18,1.18,1.18, 599
02/14/2020,18:11,1.26,1.28,1.21,1.23, 18619
02/14/2020,18:12,1.224,1.235,1.19,1.216, 13799
02/14/2020,18:13,1.22,1.25,1.22,1.249, 2100
02/14/2020,18:14,1.22,1.24,1.2,1.23, 11689
02/14/2020,18:16,1.229,1.237,1.22,1.237, 3500
02/14/2020,18:19,1.215,1.215,1.206,1.206, 2000
02/14/2020,18:20,1.2,1.209,1.2,1.209, 1500
02/14/2020,18:21,1.2,1.2,1.18,1.18, 9293
02/14/2020,18:22,1.173,1.173,1.17,1.17, 1152
02/14/2020,18:23,1.14,1.15,1.13,1.15, 8071
02/14/2020,18:25,1.139,1.17,1.127,1.166, 4233
02/14/2020,18:26,1.17,1.17,1.17,1.17, 1312
02/14/2020,18:29,1.162,1.17,1.156,1.17, 900
02/14/2020,18:30,1.15,1.154,1.15,1.154, 200
02/14/2020,18:30,1.155,1.16,1.155,1.16, 1500
02/14/2020,18:32,1.17,1.17,1.17,1.17, 1000
02/14/2020,18:33,1.16,1.16,1.16,1.16, 2013
02/14/2020,18:39,1.156,1.156,1.156,1.156, 100
02/14/2020,18:40,1.16,1.16,1.16,1.16, 100
02/14/2020,18:47,1.16,1.16,1.16,1.16, 100
02/14/2020,18:50,1.155,1.16,1.155,1.16, 300
02/14/2020,18:51,1.16,1.16,1.16,1.16, 100
02/14/2020,18:59,1.16,1.16,1.16,1.16, 100
02/14/2020,19:00,1.158,1.158,1.15,1.15, 700
02/14/2020,19:02,1.15,1.16,1.15,1.155, 4000
02/14/2020,19:03,1.15,1.155,1.15,1.155, 3998
02/14/2020,19:04,1.14,1.155,1.132,1.146, 2956
02/14/2020,19:05,1.13,1.145,1.13,1.145, 1700
02/14/2020,19:06,1.13,1.13,1.1,1.1, 3210
02/14/2020,19:07,1.12,1.12,1.12,1.12, 100
02/14/2020,19:08,1.13,1.13,1.13,1.13, 160
02/14/2020,19:09,1.124,1.124,1.12,1.12, 1100
02/14/2020,19:10,1.12,1.12,1.12,1.12, 240
02/14/2020,19:13,1.13,1.13,1.13,1.13, 1138
02/14/2020,19:14,1.129,1.13,1.125,1.125, 900
02/14/2020,19:16,1.128,1.13,1.128,1.13, 200
02/14/2020,19:17,1.125,1.13,1.125,1.13, 2837
02/14/2020,19:18,1.147,1.15,1.14,1.15, 6050
02/14/2020,19:18,1.15,1.15,1.15,1.15, 100
02/14/2020,19:20,1.15,1.16,1.15,1.16, 700
02/14/2020,19:21,1.156,1.156,1.15,1.15, 1100
02/14/2020,19:22,1.16,1.17,1.16,1.165, 1900
02/14/2020,19:24,1.163,1.163,1.163,1.163, 526
02/14/2020,19:25,1.169,1.169,1.169,1.169, 100
02/14/2020,19:26,1.169,1.17,1.166,1.17, 305
02/14/2020,19:26,1.164,1.164,1.164,1.164, 200
02/14/2020,19:27,1.16,1.16,1.16,1.16, 1000
02/14/2020,19:31,1.16,1.16,1.15,1.15, 1400
02/14/2020,19:33,1.16,1.16,1.16,1.16, 100
02/14/2020,19:42,1.15,1.16,1.15,1.16, 1419
02/14/2020,19:44,1.16,1.17,1.16,1.17, 800
02/14/2020,19:45,1.17,1.18,1.16,1.18, 11078
02/14/2020,19:55,1.17,1.17,1.17,1.17, 300
02/14/2020,20:02,1.17,1.17,1.17,1.17, 100
02/14/2020,20:03,1.17,1.17,1.16,1.16, 1350
02/14/2020,20:04,1.17,1.17,1.17,1.17, 100
02/14/2020,20:05,1.163,1.163,1.16,1.16, 300
02/14/2020,20:07,1.17,1.17,1.17,1.17, 100
02/14/2020,20:15,1.167,1.167,1.167,1.167, 1000
02/14/2020,20:19,1.17,1.17,1.17,1.17, 100
02/14/2020,20:23,1.17,1.17,1.17,1.17, 300
02/14/2020,20:28,1.165,1.17,1.165,1.17, 400
02/14/2020,20:29,1.163,1.165,1.163,1.165, 500
02/14/2020,20:32,1.17,1.17,1.17,1.17, 100
02/14/2020,20:33,1.164,1.164,1.15,1.15, 7935
02/14/2020,20:34,1.16,1.17,1.16,1.17, 200
02/14/2020,20:35,1.15,1.15,1.15,1.15, 1436
02/14/2020,20:36,1.14,1.16,1.1,1.16, 10100
02/14/2020,20:37,1.147,1.16,1.147,1.16, 600
02/14/2020,20:38,1.15,1.15,1.15,1.15, 1300
02/14/2020,20:39,1.141,1.15,1.141,1.15, 300
02/14/2020,20:44,1.15,1.21,1.15,1.21, 30090
02/14/2020,20:45,1.187,1.187,1.187,1.187, 100
02/14/2020,20:46,1.207,1.207,1.207,1.207, 1000
02/14/2020,20:49,1.195,1.21,1.195,1.21, 15000
02/14/2020,20:50,1.21,1.23,1.21,1.22, 15190
02/14/2020,20:51,1.208,1.208,1.208,1.208, 4000
02/14/2020,20:53,1.2,1.229,1.2,1.215, 1200
02/14/2020,20:54,1.21,1.216,1.21,1.216, 3600
02/14/2020,20:56,1.22,1.22,1.22,1.22, 100
02/14/2020,21:01,1.206,1.206,1.2,1.2, 1390
02/14/2020,21:02,1.21,1.21,1.21,1.21, 300
02/14/2020,21:06,1.19,1.19,1.17,1.17, 560
02/14/2020,21:10,1.19,1.19,1.19,1.19, 100
02/14/2020,21:11,1.174,1.174,1.174,1.174, 1000
02/14/2020,21:13,1.19,1.19,1.19,1.19, 100
02/14/2020,21:14,1.18,1.18,1.18,1.18, 100
02/14/2020,21:18,1.18,1.18,1.177,1.177, 2100
02/14/2020,21:19,1.18,1.19,1.18,1.19, 1499
02/14/2020,21:27,1.19,1.19,1.18,1.18, 4292
02/14/2020,21:28,1.18,1.18,1.175,1.18, 400
02/14/2020,21:29,1.19,1.19,1.19,1.19, 100
02/14/2020,21:30,1.17,1.17,1.17,1.17, 200
02/14/2020,21:32,1.16,1.17,1.146,1.17, 3500
02/14/2020,21:33,1.152,1.152,1.152,1.152, 200
02/14/2020,21:34,1.155,1.155,1.155,1.155, 100
02/14/2020,21:35,1.15,1.17,1.1,1.17, 20750
02/14/2020,21:40,1.16,1.16,1.15,1.15, 435
02/14/2020,21:41,1.15,1.15,1.15,1.15, 400
02/14/2020,21:42,1.14,1.14,1.12,1.12, 590
02/14/2020,21:43,1.15,1.15,1.15,1.15, 100
02/14/2020,21:44,1.13,1.13,1.13,1.13, 4100
02/14/2020,21:45,1.12,1.15,1.12,1.15, 354
02/14/2020,21:46,1.121,1.121,1.121,1.121, 237
02/14/2020,21:48,1.131,1.14,1.131,1.131, 1624
02/14/2020,21:49,1.15,1.15,1.15,1.15, 1000
02/14/2020,21:50,1.131,1.15,1.131,1.15, 274
02/14/2020,21:52,1.14,1.15,1.14,1.14, 500
02/14/2020,21:53,1.13,1.13,1.122,1.122, 1203
02/14/2020,21:54,1.15,1.15,1.15,1.15, 800
02/14/2020,21:55,1.14,1.14,1.12,1.13, 451
02/14/2020,21:56,1.12,1.12,1.11,1.11, 645
02/14/2020,21:57,1.13,1.15,1.1,1.15, 6023
02/14/2020,21:58,1.15,1.15,1.12,1.14, 2629
02/14/2020,21:59,1.14,1.17,1.13,1.17, 6013
02/14/2020,22:00,1.15,1.17,1.15,1.17, 2205
02/14/2020,22:01,1.18,1.18,1.18,1.18, 1242
02/18/2020,15:31,1.24,1.24,1.24,1.24, 4579
02/18/2020,15:33,1.22,1.23,1.2,1.23, 15602
02/18/2020,15:34,1.189,1.189,1.189,1.189, 250
02/18/2020,15:35,1.2,1.2,1.17,1.17, 11192
02/18/2020,15:36,1.174,1.174,1.174,1.174, 500
02/18/2020,15:37,1.17,1.17,1.17,1.17, 1000
02/18/2020,15:38,1.18,1.19,1.16,1.16, 9620
02/18/2020,15:39,1.19,1.19,1.19,1.19, 200
02/18/2020,15:42,1.17,1.17,1.17,1.17, 1962
02/18/2020,15:44,1.17,1.18,1.17,1.18, 601
02/18/2020,15:45,1.18,1.205,1.17,1.205, 8700
02/18/2020,15:45,1.199,1.199,1.199,1.199, 260
02/18/2020,15:47,1.19,1.19,1.19,1.19, 1800
02/18/2020,15:59,1.18,1.18,1.18,1.18, 100
02/18/2020,16:00,1.17,1.19,1.17,1.19, 4940
02/18/2020,16:03,1.197,1.197,1.197,1.197, 1986
02/18/2020,16:04,1.19,1.19,1.187,1.188, 300
02/18/2020,16:07,1.19,1.19,1.19,1.19, 200
02/18/2020,16:11,1.188,1.188,1.188,1.188, 100
02/18/2020,16:12,1.18,1.18,1.18,1.18, 250
02/18/2020,16:14,1.19,1.19,1.19,1.19, 901
02/18/2020,16:17,1.18,1.18,1.18,1.18, 100
02/18/2020,16:22,1.17,1.171,1.17,1.17, 5295
02/18/2020,16:22,1.17,1.17,1.17,1.17, 1312
02/18/2020,16:24,1.17,1.18,1.17,1.18, 423
02/18/2020,16:26,1.17,1.17,1.17,1.17, 110
02/18/2020,16:31,1.17,1.17,1.17,1.17, 100
02/18/2020,16:33,1.176,1.176,1.176,1.176, 445
02/18/2020,16:33,1.19,1.19,1.19,1.19, 410
02/18/2020,16:45,1.17,1.17,1.17,1.17, 200
02/18/2020,16:50,1.178,1.178,1.17,1.17, 2600
02/18/2020,16:52,1.16,1.16,1.16,1.16, 451
02/18/2020,16:57,1.16,1.163,1.16,1.163, 350
02/18/2020,17:01,1.167,1.167,1.167,1.167, 100
02/18/2020,17:07,1.167,1.167,1.167,1.167, 100
02/18/2020,17:10,1.18,1.18,1.18,1.18, 100
02/18/2020,17:12,1.17,1.17,1.16,1.16, 300
02/18/2020,17:16,1.17,1.17,1.17,1.17, 100
02/18/2020,17:18,1.18,1.18,1.18,1.18, 3100
02/18/2020,17:22,1.172,1.172,1.172,1.172, 300
02/18/2020,17:24,1.179,1.18,1.171,1.18, 1900
02/18/2020,17:25,1.177,1.177,1.177,1.177, 850
02/18/2020,17:27,1.178,1.18,1.178,1.18, 2100
02/18/2020,17:28,1.174,1.174,1.174,1.174, 400
02/18/2020,17:29,1.17,1.17,1.17,1.17, 200
02/18/2020,17:44,1.17,1.17,1.17,1.17, 100
02/18/2020,17:47,1.17,1.17,1.17,1.17, 2600
02/18/2020,17:51,1.17,1.17,1.17,1.17, 100
02/18/2020,17:55,1.174,1.174,1.174,1.174, 780
02/18/2020,17:57,1.16,1.16,1.16,1.16, 400
02/18/2020,17:58,1.16,1.16,1.16,1.16, 100
02/18/2020,18:04,1.153,1.17,1.15,1.17, 1000
02/18/2020,18:13,1.15,1.15,1.15,1.15, 100
02/18/2020,18:16,1.163,1.163,1.163,1.163, 100
02/18/2020,18:23,1.161,1.161,1.161,1.161, 200
02/18/2020,18:25,1.15,1.15,1.15,1.15, 100
02/18/2020,18:36,1.153,1.16,1.153,1.16, 200
02/18/2020,18:50,1.156,1.156,1.156,1.156, 1600
02/18/2020,18:51,1.157,1.157,1.157,1.157, 500
02/18/2020,18:56,1.15,1.15,1.15,1.15, 1200
02/18/2020,18:58,1.14,1.14,1.14,1.14, 190
02/18/2020,19:02,1.146,1.146,1.146,1.146, 3000
02/18/2020,19:03,1.15,1.15,1.15,1.15, 200
02/18/2020,19:11,1.14,1.14,1.14,1.14, 100
02/18/2020,19:12,1.145,1.145,1.145,1.145, 1000
02/18/2020,19:22,1.15,1.15,1.15,1.15, 544
02/18/2020,19:23,1.145,1.145,1.145,1.145, 1000
02/18/2020,19:28,1.15,1.16,1.148,1.15, 5600
02/18/2020,19:29,1.15,1.17,1.15,1.17, 1700
02/18/2020,19:40,1.16,1.17,1.15,1.15, 5252
02/18/2020,19:41,1.16,1.16,1.16,1.16, 100
02/18/2020,19:42,1.156,1.156,1.156,1.156, 500
02/18/2020,19:43,1.17,1.17,1.17,1.17, 100
02/18/2020,19:45,1.16,1.16,1.16,1.16, 1700
02/18/2020,19:46,1.153,1.153,1.153,1.153, 100
02/18/2020,19:55,1.155,1.155,1.15,1.15, 300
02/18/2020,20:08,1.151,1.151,1.15,1.15, 1470
02/18/2020,20:17,1.14,1.16,1.1,1.16, 11359
02/18/2020,20:19,1.11,1.14,1.09,1.14, 10265
02/18/2020,20:20,1.09,1.09,1.06,1.06, 9980
02/18/2020,20:21,1.072,1.072,1.072,1.072, 169
02/18/2020,20:22,1.07,1.1,1.06,1.06, 28100
02/18/2020,20:23,1.06,1.1,1.06,1.1, 651
02/18/2020,20:24,1.1,1.12,1.1,1.12, 2100
02/18/2020,20:27,1.1,1.13,1.1,1.13, 4700
02/18/2020,20:28,1.125,1.125,1.125,1.125, 300
02/18/2020,20:28,1.13,1.13,1.13,1.13, 200
02/18/2020,20:30,1.12,1.12,1.12,1.12, 100
02/18/2020,20:31,1.115,1.12,1.115,1.12, 700
02/18/2020,20:36,1.12,1.12,1.12,1.12, 200
02/18/2020,20:39,1.115,1.12,1.115,1.12, 850
02/18/2020,20:40,1.11,1.115,1.11,1.115, 200
02/18/2020,20:42,1.11,1.11,1.11,1.11, 200
02/18/2020,20:45,1.118,1.118,1.118,1.118, 6000
02/18/2020,20:48,1.1,1.1,1.07,1.07, 4800
02/18/2020,20:51,1.07,1.07,1.07,1.07, 100
02/18/2020,20:54,1.066,1.066,1.066,1.066, 1000
02/18/2020,20:56,1.06,1.06,1.06,1.06, 3500
02/18/2020,20:58,1.05,1.05,1.05,1.05, 100
02/18/2020,20:59,1.059,1.059,1.059,1.059, 5000
02/18/2020,21:00,1.06,1.06,1.06,1.06, 766
02/18/2020,21:01,1.06,1.06,1.06,1.06, 2500
02/18/2020,21:02,1.069,1.069,1.069,1.069, 5000
02/18/2020,21:04,1.067,1.067,1.067,1.067, 500
02/18/2020,21:06,1.07,1.07,1.07,1.07, 878
02/18/2020,21:08,1.094,1.094,1.094,1.094, 400
02/18/2020,21:18,1.1,1.1,1.1,1.1, 500
02/18/2020,21:24,1.1,1.1,1.1,1.1, 100
02/18/2020,21:31,1.09,1.09,1.09,1.09, 100
02/18/2020,21:37,1.08,1.09,1.08,1.09, 210
02/18/2020,21:41,1.08,1.08,1.08,1.08, 101
02/18/2020,21:43,1.09,1.09,1.09,1.09, 100
02/18/2020,21:45,1.08,1.08,1.08,1.08, 107
02/18/2020,21:48,1.09,1.09,1.09,1.09, 100
02/18/2020,21:49,1.083,1.083,1.08,1.08, 1900
02/18/2020,21:50,1.09,1.09,1.085,1.09, 600
02/18/2020,21:53,1.086,1.086,1.086,1.086, 100
02/18/2020,21:54,1.089,1.09,1.089,1.09, 224
02/18/2020,21:56,1.08,1.09,1.08,1.09, 268
02/18/2020,21:57,1.08,1.09,1.08,1.09, 2395
02/18/2020,21:59,1.08,1.09,1.08,1.09, 443
02/18/2020,22:00,1.08,1.08,1.08,1.08, 457
02/18/2020,22:01,1.08,1.08,1.07,1.07, 1086
02/19/2020,15:31,1.08,1.08,1.08,1.08, 4868
02/19/2020,15:31,1.1,1.1,1.1,1.1, 100
02/19/2020,15:34,1.09,1.09,1.09,1.09, 100
02/19/2020,15:36,1.08,1.08,1.08,1.08, 3700
02/19/2020,15:37,1.075,1.08,1.075,1.08, 6200
02/19/2020,15:38,1.07,1.08,1.07,1.08, 1480
02/19/2020,15:40,1.066,1.066,1.066,1.066, 658
02/19/2020,15:48,1.076,1.076,1.076,1.076, 100
02/19/2020,15:49,1.079,1.079,1.059,1.059, 10377
02/19/2020,15:56,1.066,1.066,1.066,1.066, 171
02/19/2020,16:03,1.06,1.06,1.06,1.06, 1000
02/19/2020,16:13,1.06,1.08,1.06,1.07, 2500
02/19/2020,16:24,1.069,1.069,1.069,1.069, 5000
02/19/2020,16:25,1.07,1.07,1.07,1.07, 400
02/19/2020,16:31,1.06,1.06,1.06,1.06, 134
02/19/2020,16:32,1.058,1.06,1.058,1.06, 1600
02/19/2020,16:34,1.06,1.06,1.058,1.06, 7000
02/19/2020,16:37,1.05,1.05,1.05,1.05, 100
02/19/2020,16:45,1.06,1.06,1.06,1.06, 1199
02/19/2020,16:56,1.04,1.04,1.04,1.04, 100
02/19/2020,16:59,1.04,1.04,1.04,1.04, 100
02/19/2020,17:01,1.05,1.05,1.05,1.05, 612
02/19/2020,17:14,1.06,1.06,1.05,1.057, 4800
02/19/2020,17:24,1.055,1.055,1.055,1.055, 800
02/19/2020,17:27,1.05,1.05,1.05,1.05, 100
02/19/2020,17:33,1.06,1.06,1.05,1.05, 9922
02/19/2020,17:35,1.06,1.06,1.06,1.06, 843
02/19/2020,17:38,1.06,1.06,1.06,1.06, 1283
02/19/2020,17:41,1.06,1.07,1.06,1.07, 700
02/19/2020,17:47,1.06,1.08,1.06,1.08, 1476
02/19/2020,17:48,1.08,1.09,1.08,1.09, 4100
02/19/2020,18:05,1.07,1.07,1.07,1.07, 100
02/19/2020,18:18,1.073,1.073,1.073,1.073, 100
02/19/2020,18:23,1.075,1.075,1.07,1.07, 2564
02/19/2020,18:25,1.07,1.07,1.06,1.06, 300
02/19/2020,18:27,1.07,1.07,1.07,1.07, 100
02/19/2020,18:29,1.07,1.07,1.07,1.07, 3255
02/19/2020,18:38,1.07,1.07,1.07,1.07, 1818
02/19/2020,18:41,1.064,1.064,1.064,1.064, 100
02/19/2020,18:41,1.065,1.065,1.065,1.065, 1400
02/19/2020,18:49,1.06,1.06,1.06,1.06, 2700
02/19/2020,18:50,1.05,1.05,1.05,1.05, 5270
02/19/2020,18:51,1.05,1.05,1.05,1.05, 100
02/19/2020,18:51,1.05,1.05,1.05,1.05, 500
02/19/2020,18:53,1.05,1.05,1.05,1.05, 100
02/19/2020,18:54,1.055,1.055,1.055,1.055, 2000
02/19/2020,19:02,1.05,1.05,1.04,1.042, 3267
02/19/2020,19:03,1.06,1.06,1.06,1.06, 100
02/19/2020,19:09,1.048,1.048,1.048,1.048, 2000
02/19/2020,19:11,1.044,1.044,1.044,1.044, 100
02/19/2020,19:12,1.047,1.047,1.045,1.045, 200
02/19/2020,19:13,1.045,1.048,1.045,1.048, 2600
02/19/2020,19:14,1.05,1.07,1.05,1.07, 600
02/19/2020,19:23,1.059,1.059,1.059,1.059, 1000
02/19/2020,19:24,1.06,1.07,1.06,1.07, 200
02/19/2020,19:46,1.06,1.07,1.05,1.05, 5000
02/19/2020,19:48,1.07,1.07,1.07,1.07, 100
02/19/2020,20:14,1.05,1.05,1.05,1.05, 235
02/19/2020,20:17,1.05,1.05,1.04,1.04, 3200
02/19/2020,20:19,1.04,1.05,1.04,1.05, 882
02/19/2020,20:20,1.05,1.05,1.05,1.05, 100
02/19/2020,20:21,1.04,1.04,1.04,1.04, 1600
02/19/2020,20:23,1.04,1.04,1.03,1.04, 3556
02/19/2020,20:27,1.03,1.03,1.03,1.03, 100
02/19/2020,20:28,1.04,1.04,1.038,1.038, 833
02/19/2020,20:29,1.05,1.05,1.05,1.05, 100
02/19/2020,20:36,1.04,1.04,1.04,1.04, 10000
02/19/2020,20:38,1.03,1.03,1.03,1.03, 2000
02/19/2020,20:39,1.03,1.03,1.03,1.03, 1000
02/19/2020,20:39,1.021,1.021,1.021,1.021, 100
02/19/2020,20:41,1.03,1.04,1.03,1.04, 500
02/19/2020,20:44,1.033,1.033,1.033,1.033, 100
02/19/2020,20:49,1.033,1.033,1.033,1.033, 100
02/19/2020,20:49,1.033,1.033,1.033,1.033, 300
02/19/2020,20:56,1.033,1.033,1.033,1.033, 100
02/19/2020,20:59,1.03,1.03,1.03,1.03, 100
02/19/2020,21:01,1.03,1.03,1.03,1.03, 100
02/19/2020,21:02,1.04,1.04,1.04,1.04, 1900
02/19/2020,21:05,1.01,1.01,1.01,1.01, 100
02/19/2020,21:06,1.02,1.02,1.018,1.018, 400
02/19/2020,21:10,1.04,1.04,1.04,1.04, 100
02/19/2020,21:11,1.02,1.023,1.02,1.023, 4947
02/19/2020,21:14,1.03,1.03,1.03,1.03, 1100
02/19/2020,21:21,1.03,1.03,1.03,1.03, 11100
02/19/2020,21:23,1.04,1.04,1.04,1.04, 100
02/19/2020,21:27,1.04,1.04,1.04,1.04, 300
02/19/2020,21:33,1.03,1.03,1.03,1.03, 840
02/19/2020,21:45,1.04,1.04,1.04,1.04, 100
02/19/2020,21:48,1.04,1.04,1.039,1.04, 6803
02/19/2020,21:51,1.03,1.03,1.03,1.03, 240
02/19/2020,21:52,1.04,1.04,1.04,1.04, 500
02/19/2020,21:57,1.032,1.04,1.032,1.04, 2200
02/19/2020,21:58,1.039,1.039,1.039,1.039, 166
02/19/2020,21:59,1.03,1.04,1.03,1.036, 2880
02/19/2020,22:00,1.04,1.04,1.04,1.04, 100
02/20/2020,15:31,1.09,1.09,1.06,1.06, 15782
02/20/2020,15:33,1.05,1.06,1.05,1.06, 2000
02/20/2020,15:42,1.079,1.079,1.079,1.079, 1000
02/20/2020,15:46,1.08,1.08,1.08,1.08, 180
02/20/2020,15:47,1.073,1.073,1.073,1.073, 500
02/20/2020,15:50,1.071,1.071,1.071,1.071, 2000
02/20/2020,15:56,1.08,1.08,1.08,1.08, 28500
02/20/2020,15:58,1.07,1.07,1.07,1.07, 18576
02/20/2020,16:00,1.07,1.07,1.068,1.069, 19989
02/20/2020,16:09,1.06,1.061,1.06,1.061, 5000
02/20/2020,16:10,1.06,1.067,1.06,1.067, 5000
02/20/2020,16:15,1.065,1.065,1.065,1.065, 2000
02/20/2020,16:17,1.065,1.065,1.065,1.065, 500
02/20/2020,16:30,1.07,1.07,1.07,1.07, 7000
02/20/2020,16:36,1.07,1.07,1.07,1.07, 1000
02/20/2020,16:39,1.063,1.063,1.063,1.063, 500
02/20/2020,16:52,1.066,1.066,1.066,1.066, 1000
02/20/2020,17:08,1.08,1.08,1.08,1.08, 1400
02/20/2020,17:20,1.078,1.078,1.078,1.078, 100
02/20/2020,17:37,1.076,1.076,1.076,1.076, 4000
02/20/2020,17:40,1.08,1.08,1.08,1.08, 1105
02/20/2020,17:41,1.08,1.08,1.08,1.08, 1902
02/20/2020,17:43,1.075,1.075,1.07,1.07, 15700
02/20/2020,17:47,1.07,1.07,1.07,1.07, 500
02/20/2020,17:49,1.06,1.06,1.06,1.06, 200
02/20/2020,17:56,1.06,1.064,1.06,1.064, 5080
02/20/2020,18:01,1.06,1.06,1.06,1.06, 200
02/20/2020,18:13,1.061,1.061,1.061,1.061, 130
02/20/2020,18:18,1.068,1.07,1.068,1.07, 2000
02/20/2020,18:28,1.06,1.06,1.06,1.06, 2500
02/20/2020,18:32,1.06,1.06,1.06,1.06, 100
02/20/2020,18:34,1.07,1.07,1.07,1.07, 1000
02/20/2020,18:46,1.07,1.07,1.07,1.07, 286
02/20/2020,18:48,1.07,1.07,1.07,1.07, 300
02/20/2020,19:09,1.08,1.08,1.08,1.08, 525
02/20/2020,19:14,1.08,1.08,1.078,1.08, 5100
02/20/2020,19:19,1.076,1.076,1.076,1.076, 1005
02/20/2020,19:45,1.075,1.075,1.075,1.075, 150
02/20/2020,20:02,1.08,1.08,1.08,1.08, 100
02/20/2020,20:03,1.08,1.08,1.08,1.08, 1126
02/20/2020,20:04,1.08,1.08,1.08,1.08, 363
02/20/2020,20:15,1.08,1.08,1.08,1.08, 2600
02/20/2020,20:16,1.08,1.08,1.08,1.08, 3000
02/20/2020,20:19,1.08,1.08,1.08,1.08, 3100
02/20/2020,20:26,1.09,1.09,1.09,1.09, 800
02/20/2020,20:26,1.09,1.09,1.09,1.09, 200
02/20/2020,20:28,1.09,1.09,1.088,1.09, 2840
02/20/2020,20:28,1.082,1.082,1.082,1.082, 176
02/20/2020,20:32,1.087,1.09,1.087,1.09, 5000
02/20/2020,20:35,1.081,1.081,1.081,1.081, 235
02/20/2020,20:37,1.09,1.09,1.09,1.09, 2300
02/20/2020,20:43,1.089,1.089,1.089,1.089, 4000
02/20/2020,20:47,1.087,1.09,1.087,1.09, 1000
02/20/2020,20:48,1.09,1.09,1.09,1.09, 2400
02/20/2020,20:50,1.09,1.09,1.09,1.09, 931
02/20/2020,20:51,1.08,1.08,1.08,1.08, 100
02/20/2020,20:57,1.1,1.11,1.1,1.11, 18998
02/20/2020,20:58,1.11,1.14,1.11,1.14, 1600
02/20/2020,21:11,1.118,1.12,1.118,1.12, 3375
02/20/2020,21:12,1.11,1.11,1.11,1.11, 200
02/20/2020,21:13,1.12,1.125,1.11,1.11, 20000
02/20/2020,21:13,1.113,1.12,1.11,1.11, 23217
02/20/2020,21:33,1.11,1.116,1.11,1.116, 1100
02/20/2020,21:39,1.14,1.14,1.14,1.14, 240
02/20/2020,21:45,1.118,1.118,1.118,1.118, 106
02/20/2020,21:50,1.13,1.13,1.13,1.13, 100
02/20/2020,21:51,1.11,1.11,1.11,1.11, 200
02/20/2020,21:53,1.113,1.113,1.11,1.11, 1900
02/20/2020,21:59,1.132,1.132,1.132,1.132, 175
02/20/2020,22:01,1.12,1.12,1.12,1.12, 482
02/21/2020,15:31,1.17,1.18,1.17,1.18, 18220
02/21/2020,15:31,1.17,1.17,1.17,1.17, 1698
02/21/2020,15:33,1.16,1.177,1.16,1.177, 3478
02/21/2020,15:34,1.179,1.179,1.176,1.176, 2100
02/21/2020,15:35,1.179,1.179,1.15,1.168, 1852
02/21/2020,15:37,1.169,1.169,1.169,1.169, 150
02/21/2020,15:42,1.17,1.17,1.17,1.17, 100
02/21/2020,15:43,1.167,1.167,1.167,1.167, 3955
02/21/2020,15:44,1.15,1.15,1.15,1.15, 10103
02/21/2020,15:46,1.16,1.16,1.16,1.16, 200
02/21/2020,15:47,1.154,1.154,1.154,1.154, 500
02/21/2020,15:49,1.148,1.154,1.148,1.154, 3600
02/21/2020,15:51,1.164,1.164,1.164,1.164, 100
02/21/2020,16:00,1.17,1.17,1.164,1.164, 600
02/21/2020,16:02,1.17,1.17,1.17,1.17, 2500
02/21/2020,16:06,1.166,1.17,1.166,1.17, 2280
02/21/2020,16:06,1.17,1.17,1.168,1.168, 200
02/21/2020,16:09,1.165,1.17,1.165,1.166, 2920
02/21/2020,16:12,1.179,1.18,1.179,1.18, 11564
02/21/2020,16:17,1.18,1.18,1.18,1.18, 3000
02/21/2020,16:17,1.185,1.185,1.185,1.185, 1000
02/21/2020,16:19,1.18,1.18,1.16,1.16, 1000
02/21/2020,16:21,1.17,1.17,1.17,1.17, 500
02/21/2020,16:23,1.17,1.17,1.17,1.17, 1000
02/21/2020,16:24,1.17,1.17,1.17,1.17, 4000
02/21/2020,16:30,1.17,1.17,1.17,1.17, 100
02/21/2020,16:42,1.16,1.16,1.16,1.16, 100
02/21/2020,16:47,1.165,1.165,1.16,1.16, 5000
02/21/2020,16:51,1.15,1.15,1.15,1.15, 11049
02/21/2020,16:58,1.15,1.15,1.15,1.15, 441
02/21/2020,17:08,1.15,1.155,1.15,1.15, 8721
02/21/2020,17:12,1.155,1.155,1.15,1.15, 200
02/21/2020,17:13,1.154,1.155,1.154,1.155, 200
02/21/2020,17:14,1.15,1.16,1.15,1.16, 4400
02/21/2020,17:20,1.15,1.155,1.15,1.155, 200
02/21/2020,17:24,1.15,1.15,1.15,1.15, 150
02/21/2020,17:27,1.155,1.155,1.15,1.155, 5100
02/21/2020,17:28,1.15,1.15,1.15,1.15, 4829
02/21/2020,17:29,1.153,1.153,1.153,1.153, 1000
02/21/2020,17:36,1.14,1.14,1.14,1.14, 1902
02/21/2020,17:39,1.14,1.14,1.14,1.14, 100
02/21/2020,17:40,1.14,1.14,1.13,1.13, 2640
02/21/2020,17:41,1.13,1.13,1.13,1.13, 1275
02/21/2020,17:43,1.144,1.144,1.13,1.13, 5300
02/21/2020,17:51,1.15,1.15,1.15,1.15, 100
02/21/2020,18:04,1.14,1.14,1.14,1.14, 250
02/21/2020,18:10,1.129,1.129,1.12,1.12, 613
02/21/2020,18:13,1.125,1.125,1.125,1.125, 250
02/21/2020,18:19,1.11,1.11,1.11,1.11, 100
02/21/2020,18:26,1.124,1.124,1.124,1.124, 500
02/21/2020,18:30,1.11,1.11,1.11,1.11, 100
02/21/2020,18:32,1.13,1.13,1.13,1.13, 100
02/21/2020,18:36,1.119,1.119,1.119,1.119, 150
02/21/2020,18:39,1.13,1.13,1.13,1.13, 100
02/21/2020,18:41,1.13,1.13,1.11,1.11, 400
02/21/2020,18:42,1.13,1.13,1.13,1.13, 100
02/21/2020,18:56,1.11,1.11,1.11,1.11, 100
02/21/2020,19:04,1.124,1.124,1.11,1.11, 1100
02/21/2020,19:05,1.13,1.13,1.13,1.13, 100
02/21/2020,19:08,1.11,1.11,1.11,1.11, 1190
02/21/2020,19:09,1.12,1.12,1.12,1.12, 488
02/21/2020,19:19,1.11,1.11,1.11,1.11, 100
02/21/2020,19:33,1.125,1.125,1.125,1.125, 100
02/21/2020,19:42,1.127,1.127,1.127,1.127, 400
02/21/2020,19:45,1.12,1.12,1.12,1.12, 100
02/21/2020,19:53,1.129,1.129,1.12,1.12, 600
02/21/2020,19:58,1.13,1.13,1.13,1.13, 412
02/21/2020,20:03,1.12,1.12,1.12,1.12, 100
02/21/2020,20:10,1.12,1.12,1.12,1.12, 200
02/21/2020,20:13,1.127,1.127,1.127,1.127, 500
02/21/2020,20:17,1.127,1.127,1.12,1.12, 995
02/21/2020,20:33,1.12,1.12,1.12,1.12, 100
02/21/2020,20:39,1.13,1.13,1.12,1.13, 300
02/21/2020,20:57,1.12,1.13,1.12,1.13, 200
02/21/2020,21:02,1.12,1.12,1.12,1.12, 100
02/21/2020,21:03,1.12,1.12,1.12,1.12, 200
02/21/2020,21:04,1.13,1.13,1.13,1.13, 100
02/21/2020,21:06,1.128,1.13,1.128,1.13, 2000
02/21/2020,21:12,1.12,1.12,1.12,1.12, 100
02/21/2020,21:16,1.12,1.12,1.12,1.12, 100
02/21/2020,21:18,1.126,1.126,1.126,1.126, 200
02/21/2020,21:22,1.12,1.12,1.12,1.12, 100
02/21/2020,21:24,1.14,1.14,1.14,1.14, 100
02/21/2020,21:35,1.12,1.12,1.12,1.12, 100
02/21/2020,21:35,1.13,1.13,1.13,1.13, 200
02/21/2020,21:39,1.13,1.13,1.13,1.13, 100
02/21/2020,21:39,1.14,1.14,1.14,1.14, 100
02/21/2020,21:41,1.13,1.13,1.13,1.13, 1000
02/21/2020,21:43,1.13,1.13,1.13,1.13, 1000
02/21/2020,21:44,1.14,1.14,1.13,1.13, 500
02/21/2020,21:45,1.14,1.14,1.14,1.14, 100
02/21/2020,21:46,1.14,1.14,1.14,1.14, 100
02/21/2020,21:48,1.135,1.135,1.134,1.134, 400
02/21/2020,21:53,1.13,1.13,1.13,1.13, 285
02/21/2020,21:54,1.13,1.13,1.12,1.12, 3100
02/21/2020,21:55,1.13,1.13,1.13,1.13, 208
02/21/2020,21:58,1.13,1.13,1.12,1.12, 1468
02/21/2020,21:59,1.13,1.13,1.13,1.13, 100
02/21/2020,22:01,1.12,1.12,1.12,1.12, 931
02/24/2020,15:32,1.154,1.154,1.13,1.136, 5500
02/24/2020,15:36,1.14,1.14,1.14,1.14, 2000
02/24/2020,15:40,1.12,1.12,1.12,1.12, 5176
02/24/2020,15:43,1.07,1.1,1.07,1.07, 2100
02/24/2020,15:43,1.08,1.08,1.08,1.08, 1000
02/24/2020,15:47,1.075,1.075,1.075,1.075, 1574
02/24/2020,15:48,1.078,1.078,1.078,1.078, 500
02/24/2020,15:50,1.07,1.07,1.07,1.07, 565
02/24/2020,15:55,1.075,1.075,1.075,1.075, 500
02/24/2020,15:57,1.072,1.08,1.072,1.08, 600
02/24/2020,15:59,1.08,1.09,1.078,1.09, 3900
02/24/2020,16:00,1.1,1.1,1.1,1.1, 200
02/24/2020,16:08,1.089,1.089,1.08,1.087, 1600
02/24/2020,16:10,1.09,1.09,1.09,1.09, 1300
02/24/2020,16:16,1.09,1.09,1.09,1.09, 125
02/24/2020,16:17,1.099,1.1,1.099,1.1, 2100
02/24/2020,16:19,1.11,1.11,1.11,1.11, 100
02/24/2020,16:20,1.11,1.11,1.11,1.11, 100
02/24/2020,16:21,1.11,1.11,1.11,1.11, 507
02/24/2020,16:24,1.12,1.12,1.12,1.12, 598
02/24/2020,16:26,1.1,1.1,1.1,1.1, 100
02/24/2020,16:31,1.12,1.12,1.12,1.12, 100
02/24/2020,16:34,1.114,1.114,1.114,1.114, 200
02/24/2020,16:35,1.108,1.108,1.108,1.108, 490
02/24/2020,16:37,1.113,1.113,1.113,1.113, 100
02/24/2020,16:38,1.11,1.11,1.1,1.1, 1600
02/24/2020,16:43,1.1,1.1,1.1,1.1, 200
02/24/2020,16:43,1.1,1.1,1.1,1.1, 2099
02/24/2020,16:52,1.12,1.12,1.12,1.12, 100
02/24/2020,16:53,1.11,1.11,1.11,1.11, 3000
02/24/2020,16:54,1.1,1.1,1.1,1.1, 100
02/24/2020,16:55,1.1,1.1,1.1,1.1, 100
02/24/2020,16:56,1.1,1.1,1.1,1.1, 100
02/24/2020,16:58,1.1,1.1,1.1,1.1, 200
02/24/2020,16:59,1.1,1.1,1.09,1.09, 292
02/24/2020,17:00,1.1,1.1,1.1,1.1, 200
02/24/2020,17:01,1.1,1.1,1.1,1.1, 100
02/24/2020,17:03,1.1,1.1,1.1,1.1, 100
02/24/2020,17:04,1.1,1.1,1.1,1.1, 100
02/24/2020,17:05,1.1,1.1,1.1,1.1, 100
02/24/2020,17:06,1.1,1.1,1.1,1.1, 100
02/24/2020,17:07,1.094,1.094,1.094,1.094, 300
02/24/2020,17:08,1.1,1.1,1.1,1.1, 120
02/24/2020,17:13,1.1,1.1,1.098,1.1, 4200
02/24/2020,17:14,1.095,1.1,1.09,1.09, 7926
02/24/2020,17:18,1.08,1.08,1.08,1.08, 100
02/24/2020,17:23,1.08,1.08,1.08,1.08, 100
02/24/2020,17:24,1.08,1.08,1.02,1.02, 8296
02/24/2020,17:25,1.02,1.02,1.02,1.02, 5277
02/24/2020,17:26,1.042,1.042,1.042,1.042, 1000
02/24/2020,17:28,1.045,1.05,1.04,1.05, 5104
02/24/2020,17:29,1.04,1.06,1.04,1.06, 1064
02/24/2020,17:30,1.06,1.08,1.06,1.08, 700
02/24/2020,17:30,1.08,1.08,1.08,1.08, 100
02/24/2020,17:31,1.065,1.065,1.065,1.065, 500
02/24/2020,17:33,1.08,1.08,1.073,1.073, 200
02/24/2020,17:34,1.05,1.065,1.05,1.065, 200
02/24/2020,17:41,1.07,1.07,1.07,1.07, 100
02/24/2020,17:46,1.073,1.073,1.073,1.073, 500
02/24/2020,17:55,1.077,1.077,1.074,1.074, 1122
02/24/2020,17:58,1.07,1.07,1.07,1.07, 200
02/24/2020,17:59,1.078,1.078,1.078,1.078, 100
02/24/2020,18:06,1.07,1.07,1.07,1.07, 100
02/24/2020,18:09,1.07,1.07,1.07,1.07, 300
02/24/2020,18:18,1.06,1.06,1.06,1.06, 842
02/24/2020,18:27,1.05,1.05,1.05,1.05, 100
02/24/2020,18:30,1.07,1.07,1.07,1.07, 100
02/24/2020,18:38,1.067,1.07,1.06,1.07, 400
02/24/2020,18:45,1.065,1.065,1.065,1.065, 500
02/24/2020,18:55,1.07,1.07,1.07,1.07, 100
02/24/2020,19:02,1.06,1.06,1.06,1.06, 1997
02/24/2020,19:03,1.05,1.05,1.05,1.05, 2700
02/24/2020,19:08,1.04,1.04,1.04,1.04, 2000
02/24/2020,19:13,1.07,1.09,1.06,1.09, 14837
02/24/2020,19:18,1.1,1.1,1.1,1.1, 2500
02/24/2020,19:27,1.084,1.084,1.084,1.084, 1500
02/24/2020,19:36,1.081,1.081,1.081,1.081, 150
02/24/2020,19:37,1.08,1.08,1.08,1.08, 100
02/24/2020,19:48,1.1,1.1,1.1,1.1, 5000
02/24/2020,19:59,1.08,1.08,1.08,1.08, 300
02/24/2020,20:03,1.1,1.1,1.1,1.1, 300
02/24/2020,20:06,1.1,1.1,1.1,1.1, 1100
02/24/2020,20:11,1.09,1.09,1.09,1.09, 100
02/24/2020,20:17,1.09,1.09,1.08,1.08, 200
02/24/2020,20:18,1.09,1.09,1.09,1.09, 113
02/24/2020,20:28,1.08,1.085,1.08,1.085, 5100
02/24/2020,20:35,1.08,1.08,1.08,1.08, 1700
02/24/2020,20:36,1.07,1.07,1.07,1.07, 100
02/24/2020,20:37,1.09,1.09,1.09,1.09, 100
02/24/2020,20:42,1.082,1.095,1.082,1.095, 2300
02/24/2020,20:44,1.085,1.085,1.085,1.085, 2000
02/24/2020,20:52,1.07,1.07,1.07,1.07, 100
02/24/2020,21:01,1.08,1.08,1.08,1.08, 100
02/24/2020,21:06,1.05,1.05,1.05,1.05, 100
02/24/2020,21:07,1.08,1.08,1.08,1.08, 100
02/24/2020,21:10,1.08,1.08,1.08,1.08, 900
02/24/2020,21:20,1.07,1.08,1.07,1.08, 200
02/24/2020,21:25,1.07,1.08,1.06,1.08, 2100
02/24/2020,21:38,1.07,1.07,1.07,1.07, 902
02/24/2020,21:41,1.07,1.08,1.07,1.08, 2200
02/24/2020,21:46,1.07,1.07,1.07,1.07, 100
02/24/2020,21:48,1.08,1.08,1.08,1.08, 100
02/24/2020,21:52,1.07,1.07,1.07,1.07, 398
02/24/2020,21:53,1.07,1.07,1.07,1.07, 3600
02/24/2020,21:54,1.08,1.08,1.08,1.08, 100
02/24/2020,21:55,1.08,1.08,1.075,1.075, 200
02/24/2020,22:00,1.07,1.08,1.07,1.07, 470
02/24/2020,22:01,1.07,1.07,1.07,1.07, 161
02/25/2020,15:31,1.05,1.05,1.05,1.05, 2557
02/25/2020,15:32,1.07,1.07,1.07,1.07, 1500
02/25/2020,15:36,1.05,1.05,1.05,1.05, 500
02/25/2020,15:37,1.08,1.08,1.08,1.08, 1900
02/25/2020,15:47,1.08,1.08,1.08,1.08, 3600
02/25/2020,15:49,1.08,1.08,1.08,1.08, 1000
02/25/2020,15:51,1.066,1.066,1.066,1.066, 1000
02/25/2020,15:52,1.08,1.08,1.08,1.08, 1000
02/25/2020,15:54,1.06,1.062,1.06,1.062, 5794
02/25/2020,15:55,1.079,1.079,1.06,1.06, 4300
02/25/2020,15:57,1.066,1.066,1.066,1.066, 1800
02/25/2020,15:59,1.069,1.069,1.069,1.069, 1800
02/25/2020,16:05,1.07,1.07,1.068,1.07, 2254
02/25/2020,16:07,1.06,1.06,1.06,1.06, 2700
02/25/2020,16:09,1.064,1.064,1.064,1.064, 100
02/25/2020,16:12,1.06,1.06,1.06,1.06, 2000
02/25/2020,16:21,1.063,1.063,1.063,1.063, 1000
02/25/2020,16:27,1.06,1.06,1.05,1.05, 1500
02/25/2020,16:27,1.055,1.055,1.055,1.055, 100
02/25/2020,16:32,1.055,1.055,1.055,1.055, 200
02/25/2020,16:36,1.05,1.05,1.05,1.05, 100
02/25/2020,16:38,1.05,1.05,1.05,1.05, 100
02/25/2020,16:39,1.05,1.05,1.05,1.05, 5468
02/25/2020,16:40,1.05,1.05,1.05,1.05, 3900
02/25/2020,16:43,1.055,1.055,1.055,1.055, 200
02/25/2020,16:47,1.06,1.06,1.06,1.06, 1800
02/25/2020,16:47,1.055,1.06,1.055,1.06, 1490
02/25/2020,16:49,1.05,1.05,1.02,1.04, 10995
02/25/2020,16:50,1.02,1.03,1,1, 19398
02/25/2020,16:52,1.04,1.04,1,1, 2800
02/25/2020,16:52,1.019,1.019,1.019,1.019, 400
02/25/2020,16:53,1.02,1.02,1.02,1.02, 200
02/25/2020,16:54,1.03,1.03,1.03,1.03, 800
02/25/2020,16:56,1.03,1.03,1.03,1.03, 2600
02/25/2020,16:57,1.02,1.02,1.02,1.02, 100
02/25/2020,16:58,1.03,1.03,1.03,1.03, 200
02/25/2020,17:00,1.03,1.03,1.03,1.03, 5000
02/25/2020,17:04,1.03,1.04,1.03,1.04, 1502
02/25/2020,17:27,1.04,1.05,1.04,1.05, 300
02/25/2020,17:41,1.044,1.044,1.044,1.044, 100
02/25/2020,17:54,1.03,1.03,1.03,1.03, 10362
02/25/2020,18:17,1.025,1.025,1.025,1.025, 1500
02/25/2020,18:19,1.025,1.027,1.025,1.027, 1200
02/25/2020,18:22,1.027,1.027,1.027,1.027, 500
02/25/2020,18:27,1.025,1.025,1.025,1.025, 1000
02/25/2020,18:28,1.02,1.02,1.02,1.02, 4780
02/25/2020,18:48,1.024,1.024,1.024,1.024, 200
02/25/2020,18:52,1.04,1.04,1.04,1.04, 100
02/25/2020,18:57,1.01,1.01,1.01,1.01, 1200
02/25/2020,18:58,1.02,1.02,1.02,1.02, 100
02/25/2020,19:17,1.015,1.015,1.015,1.015, 100
02/25/2020,19:18,1.017,1.017,1.017,1.017, 200
02/25/2020,19:28,1.01,1.01,1.01,1.01, 200
02/25/2020,19:32,1,1.005,1,1.005, 1100
02/25/2020,19:36,1.01,1.04,1.01,1.02, 800
02/25/2020,19:37,1.01,1.03,1.01,1.03, 2100
02/25/2020,20:29,.997,.997,.997,.997, 223
02/25/2020,20:30,1.02,1.02,1.02,1.02, 100
02/25/2020,20:36,.997,1.02,.997,1.02, 200
02/25/2020,20:38,.997,1.02,.997,1.02, 400
02/25/2020,20:42,1.011,1.011,1,1, 5570
02/25/2020,20:43,1.015,1.015,1.01,1.01, 3190
02/25/2020,20:47,1.02,1.02,1.02,1.02, 4817
02/25/2020,20:52,1.014,1.014,1.014,1.014, 350
02/25/2020,20:52,1.005,1.005,1.005,1.005, 1000
02/25/2020,20:55,1.01,1.01,1.01,1.01, 100
02/25/2020,20:56,1.01,1.02,1.01,1.02, 200
02/25/2020,20:57,1.02,1.04,1.02,1.04, 596
02/25/2020,20:59,1,1.03,1,1.03, 5200
02/25/2020,21:10,1.006,1.02,1.006,1.02, 320
02/25/2020,21:12,1.02,1.02,1.02,1.02, 600
02/25/2020,21:15,1.02,1.02,1.02,1.02, 3000
02/25/2020,21:23,1,1.01,.997,1.008, 15100
02/25/2020,21:25,.997,.997,.997,.997, 100
02/25/2020,21:26,1.009,1.009,1.009,1.009, 100
02/25/2020,21:28,.997,.997,.952,.952, 6574
02/25/2020,21:30,1.02,1.02,1.02,1.02, 100
02/25/2020,21:52,1,1.01,1,1, 762
02/25/2020,21:53,1.01,1.01,1.01,1.01, 100
02/25/2020,21:57,.98,1.01,.966,1.01, 5025
02/25/2020,21:59,.977,.977,.977,.977, 426
02/25/2020,22:01,.98,1.01,.965,.965, 5917
02/26/2020,15:31,1.02,1.02,1.02,1.02, 926
02/26/2020,15:36,1.03,1.03,1.03,1.03, 5100
02/26/2020,15:38,1.04,1.04,1.04,1.04, 280
02/26/2020,15:46,1.02,1.02,1.02,1.02, 1674
02/26/2020,16:01,.999,.999,.997,.997, 1150
02/26/2020,16:04,1.02,1.02,1.02,1.02, 4000
02/26/2020,16:13,1.015,1.02,1.006,1.02, 300
02/26/2020,16:24,1.014,1.014,1.014,1.014, 300
02/26/2020,16:29,.996,.996,.972,.972, 2138
02/26/2020,16:32,.981,1.02,.981,1.02, 2597
02/26/2020,16:41,1,1.01,1,1.01, 400
02/26/2020,16:57,1,1,1,1, 360
02/26/2020,16:58,1.01,1.01,1.01,1.01, 500
02/26/2020,17:02,1,1,1,1, 2100
02/26/2020,17:08,1,1.01,1,1.01, 200
02/26/2020,17:11,.99,.99,.99,.99, 100
02/26/2020,17:14,1,1,1,1, 100
02/26/2020,17:21,.995,.995,.995,.995, 1124
02/26/2020,17:30,.99,.99,.99,.99, 100
02/26/2020,17:35,1.005,1.02,1.005,1.02, 200
02/26/2020,17:38,1,1,1,1, 100
02/26/2020,17:40,.981,.991,.981,.991, 970
02/26/2020,17:41,.995,.995,.995,.995, 100
02/26/2020,17:44,.989,.989,.989,.989, 200
02/26/2020,17:49,1,1,1,1, 100
02/26/2020,17:51,.986,.986,.986,.986, 500
02/26/2020,17:58,.981,.981,.981,.981, 100
02/26/2020,17:59,1,1,1,1, 100
02/26/2020,18:00,.998,.998,.998,.998, 1000
02/26/2020,18:04,.981,.981,.981,.981, 2141
02/26/2020,18:13,.981,.981,.98,.98, 500
02/26/2020,18:17,.98,.98,.98,.98, 100
02/26/2020,18:19,1,1,.99,1, 4954
02/26/2020,18:21,.995,.995,.995,.995, 200
02/26/2020,18:30,.98,.98,.98,.98, 100
02/26/2020,19:11,.98,.98,.98,.98, 100
02/26/2020,19:13,.98,.98,.98,.98, 2198
02/26/2020,19:15,.98,.98,.978,.978, 800
02/26/2020,19:17,.98,.98,.978,.978, 842
02/26/2020,19:19,.987,.987,.987,.987, 200
02/26/2020,19:20,.999,.999,.987,.987, 9200
02/26/2020,19:21,.987,.987,.987,.987, 378
02/26/2020,19:29,.975,.975,.975,.975, 100
02/26/2020,19:31,.975,.975,.975,.975, 100
02/26/2020,19:33,.975,.975,.975,.975, 500
02/26/2020,19:31,.975,.975,.975,.975, 100
02/26/2020,19:35,.975,.98,.975,.98, 1400
02/26/2020,19:51,.98,.98,.98,.98, 195
02/26/2020,20:02,.98,.98,.98,.98, 100
02/26/2020,20:11,.98,.98,.98,.98, 200
02/26/2020,20:12,1,1,1,1, 100
02/26/2020,20:18,.985,.985,.985,.985, 100
02/26/2020,20:22,.975,.975,.975,.975, 963
02/26/2020,20:22,.986,.986,.986,.986, 100
02/26/2020,20:24,.972,1,.972,1, 200
02/26/2020,20:26,.975,.975,.975,.975, 100
02/28/2020,15:32,.988,.988,.988,.988, 200
02/28/2020,15:36,.988,.988,.988,.988, 500
02/28/2020,16:00,.95,.95,.95,.95, 1900
02/28/2020,16:01,.95,.95,.95,.95, 100
02/28/2020,16:02,.94,.94,.94,.94, 700
02/28/2020,16:09,.945,.945,.907,.91, 5150
02/28/2020,16:12,.913,.95,.913,.95, 2750
02/28/2020,16:12,.884,.884,.88,.88, 845
02/28/2020,16:14,.945,.945,.945,.945, 1000
02/28/2020,16:15,.925,.925,.925,.925, 1000
02/28/2020,16:21,.945,.945,.945,.945, 500
02/28/2020,16:22,.91,.91,.91,.91, 2500
02/28/2020,16:23,.929,.95,.929,.95, 1100
02/28/2020,16:27,.92,.92,.92,.92, 500
02/28/2020,16:28,.92,.92,.92,.92, 700
02/28/2020,16:32,.952,.952,.952,.952, 100
02/28/2020,16:42,.935,.935,.935,.935, 500
02/28/2020,16:44,.967,.967,.967,.967, 200
02/28/2020,16:56,.97,.97,.97,.97, 100
02/28/2020,17:00,.94,.94,.94,.94, 250
02/28/2020,17:05,.93,.93,.93,.93, 1000
02/28/2020,17:06,.94,.94,.94,.94, 500
02/28/2020,17:10,.94,.94,.94,.94, 900
02/28/2020,17:12,.94,.94,.94,.94, 300
02/28/2020,17:13,.934,.934,.934,.934, 1500
02/28/2020,17:15,.94,.94,.94,.94, 1100
02/28/2020,17:20,.975,.975,.975,.975, 100
02/28/2020,17:33,.984,.984,.984,.984, 5100
02/28/2020,17:38,.988,.988,.97,.98, 12521
02/28/2020,17:38,.984,.984,.98,.98, 900
02/28/2020,17:41,.988,.988,.988,.988, 2000
02/28/2020,17:42,.98,.984,.98,.98, 2200
02/28/2020,17:44,.98,.98,.98,.98, 700
02/28/2020,18:03,.98,.98,.95,.95, 2300
02/28/2020,18:11,.988,.988,.988,.988, 100
02/28/2020,18:20,.988,1,.975,1, 1555
02/28/2020,18:37,.975,.975,.975,.975, 2600
02/28/2020,18:38,.999,.999,.999,.999, 100
02/28/2020,18:58,.98,.985,.98,.985, 3000
02/28/2020,19:41,.959,.959,.959,.959, 222
02/28/2020,19:42,.978,.978,.978,.978, 100
02/28/2020,20:05,.969,.969,.969,.969, 750
02/28/2020,20:12,.99,.99,.978,.978, 933
02/28/2020,20:18,.976,.976,.976,.976, 200
02/28/2020,20:20,.973,.984,.972,.978, 3100
02/28/2020,20:22,.99,.99,.99,.99, 100
02/28/2020,20:36,.99,.99,.99,.99, 100
02/28/2020,20:57,.981,.981,.97,.97, 8400
02/28/2020,21:05,.975,.975,.975,.975, 800
02/28/2020,21:06,.95,.95,.95,.95, 100
02/28/2020,21:07,.975,.997,.975,.98, 1800
02/28/2020,21:10,.999,.999,.999,.999, 2000
02/28/2020,21:16,.999,.999,.999,.999, 200
02/28/2020,21:25,.97,.97,.97,.97, 10000
02/28/2020,21:50,.976,.976,.976,.976, 300

