02/03/2020,16:31,.28,.28,.28,.28, 100
02/03/2020,17:28,.281,.281,.281,.281, 200
02/03/2020,17:57,.281,.281,.281,.281, 100
02/03/2020,18:07,.281,.281,.281,.281, 200
02/03/2020,18:15,.28,.28,.28,.28, 1921
02/03/2020,18:21,.281,.281,.281,.281, 100
02/03/2020,18:30,.28,.28,.28,.28, 1985
02/03/2020,18:41,.28,.28,.28,.28, 100
02/03/2020,19:17,.281,.281,.281,.281, 1000
02/03/2020,19:22,.281,.281,.281,.281, 620
02/03/2020,19:48,.281,.281,.281,.281, 100
02/03/2020,19:54,.28,.28,.28,.28, 100
02/03/2020,20:14,.281,.281,.281,.281, 100
02/03/2020,20:47,.281,.281,.281,.281, 100
02/03/2020,20:48,.281,.281,.281,.281, 100
02/03/2020,21:00,.281,.281,.281,.281, 100
02/03/2020,21:11,.281,.281,.281,.281, 100
02/03/2020,21:21,.281,.281,.281,.281, 100
02/03/2020,21:31,.281,.281,.281,.281, 100
02/03/2020,21:33,.281,.281,.281,.281, 100
02/03/2020,21:37,.281,.281,.281,.281, 100
02/03/2020,21:41,.281,.281,.281,.281, 100
02/03/2020,21:44,.281,.281,.281,.281, 100
02/03/2020,21:47,.281,.281,.281,.281, 100
02/03/2020,21:50,.281,.281,.281,.281, 132
02/03/2020,22:01,.272,.272,.272,.272, 1500
02/04/2020,15:31,.277,.277,.277,.277, 947
02/04/2020,16:16,.277,.277,.277,.277, 100
02/04/2020,16:18,.277,.277,.277,.277, 100
02/04/2020,17:28,.27,.27,.27,.27, 160
02/04/2020,17:34,.27,.27,.27,.27, 3500
02/04/2020,17:34,.27,.27,.27,.27, 1000
02/04/2020,17:39,.27,.27,.27,.27, 100
02/04/2020,17:40,.27,.27,.27,.27, 2000
02/04/2020,17:49,.27,.27,.27,.27, 500
02/04/2020,18:12,.263,.263,.263,.263, 200
02/04/2020,18:38,.267,.267,.267,.267, 100
02/04/2020,18:45,.266,.266,.266,.266, 2400
02/04/2020,20:08,.267,.267,.267,.267, 100
02/04/2020,20:29,.268,.268,.268,.268, 100
02/04/2020,20:40,.265,.265,.265,.265, 242
02/04/2020,20:53,.268,.268,.268,.268, 791
02/04/2020,21:19,.27,.27,.27,.27, 100
02/04/2020,21:25,.269,.269,.269,.269, 2000
02/04/2020,21:27,.27,.27,.27,.27, 2500
02/04/2020,21:29,.27,.27,.27,.27, 11000
02/04/2020,21:39,.268,.268,.268,.268, 135
02/04/2020,21:46,.27,.27,.27,.27, 452
02/04/2020,21:51,.275,.275,.275,.275, 1103
02/05/2020,16:01,.281,.281,.281,.281, 2255
02/05/2020,16:16,.289,.289,.289,.289, 200
02/05/2020,16:18,.281,.281,.28,.28, 6000
02/05/2020,16:24,.28,.28,.28,.28, 6000
02/05/2020,16:27,.281,.281,.281,.281, 6000
02/05/2020,16:36,.289,.289,.289,.289, 100
02/05/2020,16:36,.28,.28,.28,.28, 25625
02/05/2020,16:37,.281,.281,.281,.281, 3500
02/05/2020,17:48,.285,.285,.285,.285, 6925
02/05/2020,17:53,.285,.287,.285,.287, 7321
02/05/2020,19:21,.285,.285,.285,.285, 9800
02/05/2020,20:25,.287,.287,.287,.287, 200
02/05/2020,20:41,.287,.287,.287,.287, 100
02/05/2020,21:23,.283,.283,.283,.283, 190
02/05/2020,21:25,.282,.282,.282,.282, 400
02/05/2020,22:00,.282,.282,.282,.282, 142
02/06/2020,15:31,.28,.28,.275,.275, 2126
02/06/2020,15:41,.27,.271,.27,.27, 9000
02/06/2020,15:54,.28,.28,.271,.28, 700
02/06/2020,16:12,.28,.28,.28,.28, 100
02/06/2020,16:33,.271,.271,.271,.271, 358
02/06/2020,17:44,.28,.28,.28,.28, 100
02/06/2020,17:54,.28,.28,.28,.28, 1200
02/06/2020,18:09,.272,.272,.272,.272, 100
02/06/2020,18:21,.28,.28,.276,.28, 600
02/06/2020,19:10,.272,.272,.272,.272, 168
02/06/2020,19:18,.28,.28,.28,.28, 100
02/06/2020,19:52,.28,.28,.28,.28, 100
02/06/2020,20:32,.28,.28,.28,.28, 100
02/06/2020,20:35,.28,.28,.28,.28, 100
02/06/2020,21:07,.28,.28,.28,.28, 100
02/06/2020,21:18,.28,.28,.28,.28, 3312
02/06/2020,21:30,.28,.28,.28,.28, 1000
02/06/2020,21:36,.28,.28,.279,.279, 3500
02/06/2020,21:43,.282,.285,.282,.283, 1900
02/06/2020,22:01,.285,.285,.28,.28, 635
02/07/2020,15:34,.282,.282,.282,.282, 100
02/07/2020,16:23,.272,.272,.272,.272, 500
02/07/2020,16:33,.282,.282,.282,.282, 100
02/07/2020,16:55,.282,.282,.282,.282, 100
02/07/2020,16:55,.282,.282,.282,.282, 500
02/07/2020,17:06,.282,.282,.282,.282, 100
02/07/2020,17:33,.28,.28,.28,.28, 100
02/07/2020,17:54,.28,.28,.28,.28, 522
02/07/2020,18:12,.272,.272,.271,.271, 29726
02/07/2020,18:31,.281,.281,.281,.281, 500
02/07/2020,18:41,.281,.281,.281,.281, 400
02/07/2020,19:17,.281,.281,.281,.281, 766
02/07/2020,19:23,.281,.281,.281,.281, 215
02/07/2020,19:33,.281,.281,.281,.281, 500
02/07/2020,19:57,.271,.271,.271,.271, 1788
02/07/2020,20:38,.281,.281,.281,.281, 100
02/07/2020,20:50,.272,.272,.272,.272, 3096
02/07/2020,21:38,.271,.271,.271,.271, 500
02/07/2020,21:41,.281,.281,.281,.281, 200
02/07/2020,22:01,.27,.27,.27,.27, 251
02/10/2020,15:33,.27,.271,.27,.271, 1198
02/10/2020,15:34,.271,.271,.271,.271, 990
02/10/2020,15:38,.271,.271,.271,.271, 100
02/10/2020,15:56,.272,.272,.272,.272, 2200
02/10/2020,16:00,.275,.275,.275,.275, 100
02/10/2020,16:06,.275,.275,.275,.275, 299
02/10/2020,16:16,.271,.271,.271,.271, 100
02/10/2020,16:17,.271,.271,.271,.271, 100
02/10/2020,16:18,.271,.271,.271,.271, 100
02/10/2020,16:19,.271,.271,.271,.271, 100
02/10/2020,16:21,.271,.271,.271,.271, 100
02/10/2020,16:22,.271,.271,.271,.271, 100
02/10/2020,16:23,.271,.271,.271,.271, 100
02/10/2020,16:24,.271,.271,.271,.271, 100
02/10/2020,16:26,.271,.271,.271,.271, 100
02/10/2020,16:27,.271,.271,.271,.271, 100
02/10/2020,16:28,.271,.271,.271,.271, 100
02/10/2020,16:29,.271,.271,.271,.271, 100
02/10/2020,16:31,.271,.271,.271,.271, 100
02/10/2020,16:32,.271,.271,.271,.271, 100
02/10/2020,16:33,.271,.271,.271,.271, 135
02/10/2020,16:46,.271,.271,.271,.271, 1200
02/10/2020,16:53,.271,.271,.271,.271, 800
02/10/2020,16:54,.275,.275,.275,.275, 500
02/10/2020,17:08,.276,.276,.276,.276, 200
02/10/2020,17:13,.276,.276,.276,.276, 100
02/10/2020,17:17,.274,.274,.274,.274, 100
02/10/2020,17:25,.276,.276,.276,.276, 100
02/10/2020,17:46,.276,.276,.276,.276, 100
02/10/2020,17:56,.276,.276,.276,.276, 300
02/10/2020,18:08,.274,.274,.274,.274, 1000
02/10/2020,18:10,.274,.274,.274,.274, 100
02/10/2020,18:16,.274,.274,.274,.274, 180
02/10/2020,18:21,.275,.275,.275,.275, 7875
02/10/2020,18:26,.272,.272,.272,.272, 599
02/10/2020,18:59,.275,.275,.275,.275, 200
02/10/2020,21:06,.275,.275,.275,.275, 3000
02/10/2020,21:23,.275,.275,.275,.275, 822
02/10/2020,21:45,.276,.276,.276,.276, 100
02/10/2020,21:54,.276,.276,.276,.276, 452
02/11/2020,15:31,.27,.27,.27,.27, 480
02/11/2020,17:26,.272,.272,.272,.272, 100
02/11/2020,18:33,.275,.275,.275,.275, 100
02/11/2020,19:06,.275,.275,.275,.275, 100
02/11/2020,20:07,.273,.273,.272,.272, 5267
02/11/2020,20:17,.274,.274,.274,.274, 100
02/11/2020,20:26,.275,.275,.275,.275, 100
02/11/2020,21:26,.275,.275,.275,.275, 150
02/12/2020,15:31,.272,.272,.272,.272, 103
02/12/2020,15:43,.272,.272,.27,.272, 12498
02/12/2020,16:03,.272,.272,.272,.272, 100
02/12/2020,16:56,.272,.272,.272,.272, 100
02/12/2020,17:23,.272,.272,.272,.272, 100
02/12/2020,17:32,.27,.27,.27,.27, 100
02/12/2020,18:00,.27,.27,.27,.27, 3774
02/12/2020,18:25,.269,.269,.269,.269, 200
02/12/2020,18:57,.27,.27,.27,.27, 100
02/12/2020,19:30,.268,.268,.268,.268, 2690
02/12/2020,19:31,.268,.268,.268,.268, 100
02/12/2020,19:57,.27,.27,.27,.27, 5000
02/12/2020,20:31,.272,.28,.272,.28, 14941
02/12/2020,20:48,.278,.28,.278,.28, 61000
02/12/2020,20:58,.281,.281,.281,.281, 21500
02/12/2020,21:16,.281,.297,.281,.297, 35999
02/12/2020,21:34,.292,.31,.292,.31, 33934
02/12/2020,21:38,.298,.298,.298,.298, 7800
02/12/2020,21:39,.297,.298,.295,.295, 600
02/12/2020,21:40,.292,.293,.292,.293, 9500
02/12/2020,21:40,.295,.295,.292,.292, 300
02/12/2020,21:42,.29,.29,.287,.287, 11000
02/12/2020,21:44,.285,.285,.285,.285, 3200
02/12/2020,22:00,.287,.287,.28,.28, 8900
02/12/2020,22:01,.28,.28,.273,.273, 300
02/13/2020,16:00,.28,.282,.28,.282, 1700
02/13/2020,16:19,.285,.285,.285,.285, 100
02/13/2020,16:24,.285,.292,.285,.292, 4017
02/13/2020,16:28,.295,.3,.295,.3, 10000
02/13/2020,16:30,.297,.306,.297,.306, 15000
02/13/2020,16:32,.302,.32,.302,.32, 7000
02/13/2020,16:33,.308,.308,.308,.308, 100
02/13/2020,16:37,.31,.32,.31,.31, 13671
02/13/2020,16:38,.308,.31,.305,.31, 5800
02/13/2020,16:39,.31,.316,.31,.316, 1500
02/13/2020,16:41,.31,.31,.31,.31, 100
02/13/2020,16:44,.313,.315,.313,.315, 15000
02/13/2020,16:45,.31,.31,.31,.31, 2823
02/13/2020,16:46,.308,.308,.308,.308, 202
02/13/2020,16:51,.305,.305,.3,.3, 499
02/13/2020,16:53,.299,.299,.299,.299, 3034
02/13/2020,16:55,.3,.316,.3,.316, 13500
02/13/2020,16:56,.305,.314,.305,.314, 9500
02/13/2020,16:57,.31,.31,.31,.31, 100
02/13/2020,17:03,.313,.313,.313,.313, 100
02/13/2020,17:04,.31,.31,.31,.31, 600
02/13/2020,17:09,.31,.31,.31,.31, 105
02/13/2020,17:16,.309,.309,.305,.309, 2200
02/13/2020,17:18,.305,.31,.305,.31, 10000
02/13/2020,17:22,.308,.308,.3,.3, 16399
02/13/2020,17:34,.308,.31,.308,.31, 23500
02/13/2020,17:35,.305,.305,.305,.305, 800
02/13/2020,17:45,.305,.319,.305,.319, 18000
02/13/2020,17:55,.308,.308,.308,.308, 100
02/13/2020,18:19,.313,.313,.313,.313, 100
02/13/2020,18:21,.315,.32,.315,.32, 23950
02/13/2020,18:28,.32,.325,.32,.325, 12500
02/13/2020,18:30,.325,.33,.325,.33, 35000
02/13/2020,18:31,.327,.327,.327,.327, 328
02/13/2020,18:33,.327,.327,.323,.323, 605
02/13/2020,18:43,.327,.327,.327,.327, 17000
02/13/2020,18:49,.322,.322,.322,.322, 300
02/13/2020,18:59,.32,.32,.32,.32, 300
02/13/2020,19:02,.317,.317,.31,.31, 1072
02/13/2020,19:05,.31,.31,.31,.31, 2000
02/13/2020,19:19,.31,.31,.31,.31, 500
02/13/2020,19:20,.31,.31,.31,.31, 758
02/13/2020,19:22,.31,.31,.31,.31, 1000
02/13/2020,19:31,.307,.314,.305,.314, 38014
02/13/2020,19:32,.314,.314,.314,.314, 20200
02/13/2020,19:53,.314,.314,.31,.31, 400
02/13/2020,20:14,.31,.31,.31,.31, 12200
02/13/2020,20:16,.308,.308,.308,.308, 100
02/13/2020,20:47,.308,.308,.308,.308, 100
02/13/2020,20:58,.308,.31,.308,.31, 28271
02/13/2020,21:01,.308,.308,.308,.308, 1300
02/13/2020,21:03,.308,.308,.308,.308, 800
02/13/2020,21:13,.308,.33,.308,.33, 30971
02/13/2020,21:18,.309,.309,.309,.309, 100
02/13/2020,21:20,.309,.309,.309,.309, 2100
02/13/2020,21:21,.309,.31,.309,.31, 1500
02/13/2020,21:22,.309,.31,.309,.309, 2200
02/13/2020,21:24,.31,.31,.309,.31, 1104
02/13/2020,21:29,.31,.31,.31,.31, 500
02/13/2020,21:36,.31,.31,.31,.31, 400
02/13/2020,21:39,.309,.31,.309,.31, 993
02/13/2020,21:40,.31,.31,.31,.31, 400
02/13/2020,21:41,.31,.31,.31,.31, 100
02/13/2020,21:42,.31,.31,.31,.31, 2000
02/13/2020,21:45,.309,.309,.309,.309, 200
02/13/2020,21:49,.309,.309,.309,.309, 100
02/13/2020,21:51,.31,.31,.309,.309, 1886
02/13/2020,21:53,.309,.309,.309,.309, 600
02/13/2020,21:57,.309,.309,.309,.309, 150
02/13/2020,22:01,.31,.31,.31,.31, 165
02/14/2020,15:31,.316,.316,.31,.31, 7137
02/14/2020,15:36,.31,.31,.31,.31, 59885
02/14/2020,15:38,.31,.31,.31,.31, 2500
02/14/2020,15:39,.31,.316,.308,.31, 12093
02/14/2020,15:41,.315,.316,.315,.316, 17000
02/14/2020,15:43,.316,.316,.316,.316, 350
02/14/2020,15:50,.314,.316,.313,.314, 6000
02/14/2020,15:59,.313,.313,.313,.313, 500
02/14/2020,16:02,.313,.313,.313,.313, 800
02/14/2020,16:11,.313,.313,.313,.313, 700
02/14/2020,16:18,.313,.313,.313,.313, 100
02/14/2020,16:19,.316,.316,.313,.314, 12201
02/14/2020,16:22,.316,.316,.316,.316, 3945
02/14/2020,16:27,.315,.318,.315,.318, 9901
02/14/2020,16:38,.32,.32,.32,.32, 100
02/14/2020,16:40,.318,.32,.318,.32, 700
02/14/2020,16:41,.32,.32,.318,.32, 5000
02/14/2020,16:42,.32,.32,.32,.32, 100
02/14/2020,16:45,.32,.32,.32,.32, 4000
02/14/2020,16:50,.319,.33,.318,.325, 8000
02/14/2020,16:57,.322,.322,.32,.322, 11170
02/14/2020,17:00,.322,.322,.321,.321, 2000
02/14/2020,17:03,.322,.322,.322,.322, 105
02/14/2020,17:17,.322,.322,.322,.322, 200
02/14/2020,17:24,.323,.323,.322,.322, 1208
02/14/2020,17:30,.325,.33,.323,.323, 4998
02/14/2020,17:34,.325,.328,.325,.327, 1100
02/14/2020,17:35,.328,.328,.328,.328, 100
02/14/2020,17:36,.329,.329,.329,.329, 100
02/14/2020,17:38,.33,.33,.329,.329, 9360
02/14/2020,17:39,.329,.329,.329,.329, 100
02/14/2020,17:41,.33,.33,.329,.329, 6000
02/14/2020,17:51,.33,.33,.33,.33, 7512
02/14/2020,17:52,.33,.33,.33,.33, 5162
02/14/2020,17:54,.33,.33,.33,.33, 1938
02/14/2020,18:04,.327,.327,.327,.327, 100
02/14/2020,18:35,.329,.35,.329,.33, 24900
02/14/2020,18:39,.351,.352,.351,.352, 2000
02/14/2020,18:41,.35,.35,.34,.34, 36900
02/14/2020,18:42,.338,.338,.333,.333, 400
02/14/2020,18:43,.333,.333,.332,.332, 249
02/14/2020,18:46,.331,.331,.331,.331, 1499
02/14/2020,18:49,.331,.331,.331,.331, 3600
02/14/2020,18:50,.332,.35,.332,.35, 20677
02/14/2020,18:51,.351,.351,.35,.35, 900
02/14/2020,19:01,.351,.351,.351,.351, 100
02/14/2020,19:03,.35,.35,.35,.35, 400
02/14/2020,19:14,.35,.35,.35,.35, 42274
02/14/2020,19:21,.346,.346,.346,.346, 400
02/14/2020,19:40,.345,.346,.345,.346, 200
02/14/2020,19:52,.35,.35,.346,.346, 220
02/14/2020,19:57,.345,.345,.345,.345, 300
02/14/2020,20:11,.345,.35,.345,.35, 12200
02/14/2020,20:14,.35,.35,.35,.35, 400
02/14/2020,20:16,.35,.35,.35,.35, 362
02/14/2020,20:28,.35,.35,.35,.35, 9402
02/14/2020,20:29,.347,.35,.347,.35, 3000
02/14/2020,20:33,.345,.345,.345,.345, 10000
02/14/2020,20:38,.345,.345,.345,.345, 333
02/14/2020,20:50,.35,.35,.349,.349, 3000
02/14/2020,20:59,.35,.35,.35,.35, 1500
02/14/2020,21:09,.35,.35,.35,.35, 100
02/14/2020,21:20,.342,.346,.342,.346, 3000
02/14/2020,21:28,.342,.342,.342,.342, 500
02/14/2020,21:29,.346,.346,.346,.346, 400
02/14/2020,21:31,.346,.346,.346,.346, 100
02/14/2020,21:36,.348,.35,.348,.35, 6100
02/14/2020,21:41,.348,.348,.348,.348, 100
02/14/2020,21:43,.348,.35,.348,.348, 3000
02/14/2020,21:46,.348,.35,.348,.348, 3200
02/14/2020,21:48,.35,.35,.348,.349, 2000
02/14/2020,21:49,.35,.35,.35,.35, 900
02/14/2020,21:50,.35,.35,.349,.35, 3014
02/14/2020,21:52,.35,.35,.35,.35, 20000
02/14/2020,21:54,.35,.35,.35,.35, 1028
02/14/2020,21:55,.35,.35,.35,.35, 6777
02/14/2020,21:58,.349,.349,.349,.349, 200
02/14/2020,22:00,.35,.35,.35,.35, 5254
02/14/2020,22:01,.352,.352,.352,.352, 145
02/18/2020,15:31,.312,.326,.312,.326, 5934
02/18/2020,15:33,.326,.326,.321,.321, 1200
02/18/2020,15:35,.316,.316,.311,.316, 600
02/18/2020,15:40,.321,.321,.321,.321, 1600
02/18/2020,15:41,.321,.335,.321,.335, 300
02/18/2020,15:43,.323,.323,.323,.323, 100
02/18/2020,15:44,.326,.345,.326,.343, 699
02/18/2020,15:46,.35,.35,.35,.35, 381
02/18/2020,15:47,.35,.35,.35,.35, 1000
02/18/2020,16:03,.346,.346,.346,.346, 285
02/18/2020,16:16,.343,.343,.342,.342, 3100
02/18/2020,16:17,.342,.342,.342,.342, 100
02/18/2020,16:18,.342,.342,.342,.342, 100
02/18/2020,16:19,.342,.342,.342,.342, 135
02/18/2020,16:23,.346,.346,.345,.345, 500
02/18/2020,16:28,.344,.346,.344,.345, 2890
02/18/2020,16:31,.344,.344,.344,.344, 100
02/18/2020,16:35,.345,.346,.345,.346, 10000
02/18/2020,16:42,.346,.346,.346,.346, 2600
02/18/2020,17:54,.343,.355,.343,.355, 10993
02/18/2020,18:02,.351,.351,.351,.351, 1000
02/18/2020,18:19,.351,.351,.351,.351, 4992
02/18/2020,18:39,.355,.355,.355,.355, 100
02/18/2020,19:00,.355,.355,.355,.355, 123
02/18/2020,19:09,.353,.353,.353,.353, 100
02/18/2020,19:14,.355,.355,.353,.353, 244
02/18/2020,19:18,.355,.355,.355,.355, 200
02/18/2020,19:31,.355,.355,.355,.355, 100
02/18/2020,19:35,.355,.355,.355,.355, 100
02/18/2020,19:41,.355,.355,.355,.355, 1478
02/18/2020,19:41,.355,.355,.355,.355, 1000
02/18/2020,19:50,.353,.353,.35,.35, 15870
02/18/2020,19:56,.353,.355,.35,.35, 1400
02/18/2020,20:15,.347,.349,.347,.348, 7300
02/18/2020,20:59,.345,.345,.345,.345, 100
02/18/2020,21:38,.345,.345,.345,.345, 3000
02/18/2020,21:40,.345,.345,.345,.345, 25740
02/19/2020,15:31,.33,.33,.33,.33, 925
02/19/2020,15:42,.326,.326,.326,.326, 1000
02/19/2020,15:43,.329,.329,.329,.329, 100
02/19/2020,15:46,.329,.329,.329,.329, 400
02/19/2020,15:47,.329,.333,.329,.333, 2200
02/19/2020,15:48,.329,.329,.329,.329, 100
02/19/2020,16:07,.329,.329,.329,.329, 100
02/19/2020,16:10,.331,.331,.329,.331, 2055
02/19/2020,16:15,.329,.329,.329,.329, 1859
02/19/2020,16:31,.332,.333,.332,.333, 200
02/19/2020,16:38,.33,.333,.33,.333, 2709
02/19/2020,16:47,.33,.33,.33,.33, 101
02/19/2020,16:55,.335,.335,.335,.335, 200
02/19/2020,17:11,.331,.331,.331,.331, 1000
02/19/2020,17:20,.331,.331,.331,.331, 200
02/19/2020,17:30,.34,.34,.34,.34, 600
02/19/2020,18:23,.34,.345,.34,.345, 1200
02/19/2020,18:47,.345,.345,.345,.345, 100
02/19/2020,19:17,.343,.343,.343,.343, 100
02/19/2020,19:59,.345,.345,.345,.345, 1000
02/19/2020,20:05,.345,.345,.345,.345, 200
02/19/2020,20:10,.34,.34,.34,.34, 2344
02/19/2020,20:25,.34,.34,.336,.336, 999
02/19/2020,20:54,.331,.331,.331,.331, 3000
02/19/2020,21:05,.331,.331,.331,.331, 400
02/19/2020,21:09,.333,.343,.333,.343, 9913
02/19/2020,21:34,.335,.335,.335,.335, 137
02/19/2020,21:44,.34,.34,.34,.34, 3600
02/19/2020,21:45,.34,.34,.34,.34, 7600
02/19/2020,21:47,.34,.34,.34,.34, 10500
02/19/2020,21:52,.34,.34,.34,.34, 200
02/19/2020,22:01,.34,.34,.321,.321, 368
02/20/2020,15:31,.34,.34,.327,.33, 19637
02/20/2020,15:36,.328,.328,.328,.328, 400
02/20/2020,15:42,.332,.332,.332,.332, 100
02/20/2020,15:43,.332,.332,.332,.332, 7500
02/20/2020,15:49,.332,.332,.332,.332, 100
02/20/2020,15:50,.328,.328,.328,.328, 800
02/20/2020,16:16,.327,.327,.327,.327, 100
02/20/2020,16:34,.33,.33,.33,.33, 10000
02/20/2020,16:41,.327,.327,.325,.327, 1581
02/20/2020,16:42,.327,.327,.327,.327, 296
02/20/2020,16:55,.327,.327,.327,.327, 100
02/20/2020,16:56,.327,.327,.326,.327, 869
02/20/2020,18:03,.325,.325,.325,.325, 600
02/20/2020,18:16,.322,.322,.322,.322, 425
02/20/2020,18:33,.322,.322,.322,.322, 200
02/20/2020,18:48,.322,.322,.322,.322, 400
02/20/2020,18:53,.32,.32,.32,.32, 600
02/20/2020,19:13,.319,.319,.317,.317, 325
02/20/2020,19:32,.318,.318,.318,.318, 100
02/20/2020,19:40,.319,.319,.319,.319, 100
02/20/2020,19:47,.319,.319,.319,.319, 100
02/20/2020,20:02,.319,.319,.318,.318, 200
02/20/2020,20:03,.319,.319,.319,.319, 100
02/20/2020,20:20,.319,.319,.318,.318, 1000
02/20/2020,20:27,.318,.319,.318,.318, 4200
02/20/2020,20:28,.318,.331,.318,.331, 37400
02/20/2020,20:36,.331,.331,.331,.331, 100
02/20/2020,21:03,.33,.331,.328,.33, 6830
02/20/2020,21:11,.33,.33,.33,.33, 801
02/20/2020,21:24,.328,.328,.328,.328, 3773
02/20/2020,21:25,.328,.328,.328,.328, 400
02/21/2020,15:31,.316,.316,.31,.31, 900
02/21/2020,15:42,.31,.31,.31,.31, 3113
02/21/2020,15:43,.313,.313,.313,.313, 200
02/21/2020,15:55,.315,.315,.315,.315, 200
02/21/2020,15:59,.31,.311,.31,.311, 200
02/21/2020,16:03,.315,.34,.315,.32, 30300
02/21/2020,16:04,.322,.325,.322,.325, 500
02/21/2020,16:05,.327,.327,.327,.327, 490
02/21/2020,16:06,.327,.327,.327,.327, 900
02/21/2020,16:08,.327,.327,.327,.327, 1555
02/21/2020,16:10,.325,.327,.325,.327, 5900
02/21/2020,16:14,.327,.327,.327,.327, 125
02/21/2020,16:18,.33,.33,.325,.325, 2001
02/21/2020,16:36,.327,.347,.327,.338, 25300
02/21/2020,16:56,.338,.338,.338,.338, 800
02/21/2020,17:06,.343,.351,.343,.351, 11979
02/21/2020,17:08,.35,.351,.35,.35, 500
02/21/2020,17:09,.351,.351,.351,.351, 1500
02/21/2020,17:12,.351,.351,.351,.351, 9938
02/21/2020,17:25,.352,.352,.345,.345, 5503
02/21/2020,17:29,.342,.342,.342,.342, 13000
02/21/2020,17:30,.342,.342,.342,.342, 1000
02/21/2020,17:42,.342,.342,.342,.342, 321
02/21/2020,18:13,.341,.341,.325,.34, 2001
02/21/2020,18:32,.34,.36,.34,.347, 21045
02/21/2020,18:37,.357,.357,.357,.357, 100
02/21/2020,18:41,.357,.357,.357,.357, 100
02/21/2020,18:42,.351,.351,.35,.35, 3200
02/21/2020,18:47,.343,.343,.343,.343, 100
02/21/2020,18:52,.345,.345,.345,.345, 100
02/21/2020,19:12,.34,.34,.34,.34, 210
02/21/2020,19:22,.346,.346,.346,.346, 500
02/21/2020,19:25,.35,.35,.35,.35, 100
02/21/2020,19:26,.35,.35,.35,.35, 1400
02/21/2020,19:28,.35,.35,.35,.35, 1000
02/21/2020,19:35,.348,.35,.348,.35, 1500
02/21/2020,19:44,.34,.35,.34,.345, 22471
02/21/2020,19:54,.348,.35,.348,.35, 1000
02/21/2020,20:01,.35,.35,.345,.348, 5003
02/21/2020,20:17,.35,.35,.35,.35, 100
02/21/2020,20:20,.35,.35,.35,.35, 500
02/21/2020,20:36,.348,.35,.348,.35, 1000
02/21/2020,20:45,.347,.347,.347,.347, 200
02/21/2020,21:26,.345,.345,.345,.345, 100
02/21/2020,21:26,.34,.341,.34,.341, 2000
02/21/2020,21:28,.34,.341,.34,.34, 2000
02/21/2020,21:39,.34,.34,.34,.34, 100
02/21/2020,21:42,.34,.34,.34,.34, 500
02/21/2020,21:52,.31,.34,.31,.328, 5309
02/21/2020,21:53,.335,.335,.328,.328, 5300
02/21/2020,21:57,.328,.328,.328,.328, 100
02/21/2020,22:01,.326,.326,.326,.326, 200
02/24/2020,15:37,.33,.33,.33,.33, 2000
02/24/2020,15:41,.33,.33,.328,.328, 2684
02/24/2020,15:52,.333,.333,.333,.333, 100
02/24/2020,15:55,.333,.333,.333,.333, 100
02/24/2020,16:06,.33,.33,.33,.33, 200
02/24/2020,16:08,.33,.33,.33,.33, 200
02/24/2020,16:10,.33,.33,.33,.33, 600
02/24/2020,16:11,.33,.33,.33,.33, 400
02/24/2020,16:13,.33,.33,.33,.33, 400
02/24/2020,16:15,.33,.33,.33,.33, 400
02/24/2020,16:17,.33,.33,.33,.33, 400
02/24/2020,16:18,.33,.33,.33,.33, 400
02/24/2020,16:20,.33,.33,.33,.33, 400
02/24/2020,16:22,.33,.33,.328,.328, 2900
02/24/2020,16:23,.33,.33,.33,.33, 400
02/24/2020,16:25,.33,.33,.33,.33, 400
02/24/2020,16:27,.33,.33,.33,.33, 400
02/24/2020,16:28,.33,.33,.33,.33, 400
02/24/2020,16:30,.33,.33,.33,.33, 400
02/24/2020,16:32,.33,.33,.33,.33, 400
02/24/2020,16:33,.33,.33,.33,.33, 400
02/24/2020,16:35,.33,.33,.33,.33, 400
02/24/2020,16:37,.33,.33,.33,.33, 400
02/24/2020,16:38,.33,.33,.33,.33, 400
02/24/2020,16:40,.33,.33,.33,.33, 400
02/24/2020,16:42,.33,.33,.33,.33, 400
02/24/2020,16:44,.33,.33,.33,.33, 400
02/24/2020,16:45,.33,.33,.33,.33, 400
02/24/2020,16:47,.33,.33,.33,.33, 400
02/24/2020,16:49,.33,.33,.33,.33, 400
02/24/2020,16:50,.328,.33,.328,.33, 500
02/24/2020,16:52,.33,.33,.33,.33, 400
02/24/2020,16:54,.33,.33,.33,.33, 400
02/24/2020,16:55,.33,.33,.33,.33, 400
02/24/2020,16:57,.33,.33,.33,.33, 400
02/24/2020,16:59,.33,.33,.33,.33, 400
02/24/2020,17:00,.33,.33,.33,.33, 400
02/24/2020,17:02,.33,.33,.33,.33, 400
02/24/2020,17:04,.33,.33,.33,.33, 400
02/24/2020,17:06,.33,.333,.33,.333, 600
02/24/2020,17:07,.33,.33,.33,.33, 400
02/24/2020,17:08,.328,.328,.328,.328, 1000
02/24/2020,17:09,.33,.33,.33,.33, 400
02/24/2020,17:10,.33,.33,.33,.33, 400
02/24/2020,17:12,.33,.33,.33,.33, 400
02/24/2020,17:14,.33,.33,.33,.33, 400
02/24/2020,17:16,.33,.33,.33,.33, 400
02/24/2020,17:17,.33,.33,.33,.33, 400
02/24/2020,17:19,.33,.33,.33,.33, 400
02/24/2020,17:21,.33,.333,.33,.333, 500
02/24/2020,17:23,.33,.33,.33,.33, 400
02/24/2020,17:24,.33,.33,.33,.33, 400
02/24/2020,17:24,.333,.333,.333,.333, 100
02/24/2020,17:26,.33,.33,.33,.33, 400
02/24/2020,17:28,.33,.33,.33,.33, 400
02/24/2020,17:30,.33,.33,.33,.33, 400
02/24/2020,17:32,.33,.33,.33,.33, 400
02/24/2020,17:33,.328,.328,.318,.318, 1700
02/24/2020,17:35,.318,.318,.318,.318, 400
02/24/2020,17:37,.318,.318,.318,.318, 400
02/24/2020,17:38,.318,.318,.318,.318, 400
02/24/2020,17:40,.318,.318,.318,.318, 400
02/24/2020,17:42,.308,.308,.308,.308, 167
02/24/2020,17:42,.306,.306,.306,.306, 400
02/24/2020,17:44,.306,.306,.306,.306, 200
02/24/2020,17:45,.309,.309,.3,.3, 400
02/24/2020,17:47,.309,.309,.3,.3, 400
02/24/2020,17:48,.3,.3,.3,.3, 400
02/24/2020,17:50,.3,.3,.3,.3, 100
02/24/2020,17:51,.3,.3,.3,.3, 400
02/24/2020,17:52,.31,.31,.3,.3, 2012
02/24/2020,17:54,.3,.3,.3,.3, 300
02/24/2020,17:56,.3,.3,.3,.3, 400
02/24/2020,17:57,.3,.3,.3,.3, 400
02/24/2020,17:59,.3,.3,.3,.3, 400
02/24/2020,18:01,.302,.305,.3,.3, 3000
02/24/2020,18:02,.3,.3,.3,.3, 400
02/24/2020,18:04,.3,.3,.3,.3, 400
02/24/2020,18:06,.3,.31,.3,.31, 1400
02/24/2020,18:07,.3,.3,.3,.3, 400
02/24/2020,18:09,.3,.3,.3,.3, 400
02/24/2020,18:11,.3,.3,.3,.3, 400
02/24/2020,18:12,.3,.3,.3,.3, 400
02/24/2020,18:14,.3,.3,.3,.3, 400
02/24/2020,18:16,.303,.303,.3,.3, 392
02/24/2020,18:17,.3,.3,.3,.3, 400
02/24/2020,18:19,.3,.3,.3,.3, 400
02/24/2020,18:20,.305,.305,.305,.305, 1000
02/24/2020,18:22,.3,.3,.3,.3, 2000
02/24/2020,18:23,.308,.308,.308,.308, 200
02/24/2020,18:24,.305,.305,.3,.3, 200
02/24/2020,18:25,.3,.3,.3,.3, 200
02/24/2020,18:26,.3,.3,.3,.3, 200
02/24/2020,18:27,.3,.3,.3,.3, 200
02/24/2020,18:28,.3,.3,.3,.3, 200
02/24/2020,18:29,.3,.305,.3,.305, 400
02/24/2020,18:30,.305,.305,.3,.3, 200
02/24/2020,18:31,.305,.305,.3,.3, 200
02/24/2020,18:32,.305,.305,.3,.3, 200
02/24/2020,18:33,.3,.3,.3,.3, 100
02/24/2020,18:34,.3,.3,.3,.3, 400
02/24/2020,18:35,.3,.305,.3,.305, 200
02/24/2020,18:36,.3,.3,.3,.3, 200
02/24/2020,18:37,.3,.3,.3,.3, 200
02/24/2020,18:38,.305,.305,.305,.305, 200
02/24/2020,18:39,.3,.3,.3,.3, 400
02/24/2020,18:40,.3,.3,.3,.3, 100
02/24/2020,18:41,.3,.3,.3,.3, 200
02/24/2020,18:42,.305,.305,.305,.305, 400
02/24/2020,18:43,.3,.3,.3,.3, 200
02/24/2020,18:44,.3,.3,.3,.3, 100
02/24/2020,18:45,.3,.3,.3,.3, 200
02/24/2020,18:46,.3,.3,.3,.3, 200
02/24/2020,18:47,.3,.31,.3,.31, 400
02/24/2020,18:48,.3,.308,.3,.308, 400
02/24/2020,18:49,.3,.3,.3,.3, 200
02/24/2020,18:50,.3,.3,.3,.3, 200
02/24/2020,18:51,.3,.3,.3,.3, 200
02/24/2020,18:52,.3,.3,.3,.3, 200
02/24/2020,18:53,.3,.3,.3,.3, 400
02/24/2020,18:54,.3,.3,.3,.3, 200
02/24/2020,18:55,.3,.3,.3,.3, 100
02/24/2020,18:56,.3,.3,.3,.3, 400
02/24/2020,18:57,.3,.3,.3,.3, 200
02/24/2020,18:58,.3,.3,.3,.3, 200
02/24/2020,18:59,.3,.3,.3,.3, 200
02/24/2020,19:00,.3,.3,.3,.3, 200
02/24/2020,19:01,.3,.302,.3,.302, 4400
02/24/2020,19:02,.3,.3,.3,.3, 200
02/24/2020,19:03,.3,.3,.3,.3, 200
02/24/2020,19:04,.3,.3,.3,.3, 200
02/24/2020,19:05,.3,.3,.3,.3, 200
02/24/2020,19:06,.3,.3,.3,.3, 400
02/24/2020,19:07,.303,.305,.3,.305, 800
02/24/2020,19:10,.3,.3,.3,.3, 300
02/24/2020,19:11,.3,.3,.3,.3, 200
02/24/2020,19:12,.305,.305,.305,.305, 200
02/24/2020,19:13,.305,.305,.305,.305, 107
02/24/2020,19:14,.305,.305,.305,.305, 300
02/24/2020,19:15,.305,.305,.305,.305, 107
02/24/2020,19:16,.305,.305,.305,.305, 200
02/24/2020,19:17,.305,.305,.305,.305, 400
02/24/2020,19:18,.305,.305,.305,.305, 200
02/24/2020,19:19,.305,.305,.305,.305, 200
02/24/2020,19:20,.3,.302,.3,.3, 300
02/24/2020,19:21,.3,.3,.3,.3, 115
02/24/2020,19:22,.3,.3,.3,.3, 200
02/24/2020,19:23,.3,.3,.3,.3, 200
02/24/2020,19:24,.3,.3,.3,.3, 200
02/24/2020,19:25,.3,.3,.3,.3, 400
02/24/2020,19:26,.3,.3,.3,.3, 200
02/24/2020,19:27,.3,.305,.3,.305, 300
02/24/2020,19:28,.3,.3,.3,.3, 200
02/24/2020,19:29,.3,.3,.3,.3, 200
02/24/2020,19:30,.3,.3,.3,.3, 400
02/24/2020,19:31,.3,.3,.3,.3, 200
02/24/2020,19:32,.3,.3,.3,.3, 200
02/24/2020,19:33,.3,.3,.3,.3, 200
02/24/2020,19:34,.3,.3,.3,.3, 200
02/24/2020,19:35,.3,.3,.29,.29, 2135
02/24/2020,19:36,.29,.29,.29,.29, 400
02/24/2020,19:37,.29,.295,.29,.295, 800
02/24/2020,19:38,.295,.295,.295,.295, 100
02/24/2020,19:40,.295,.295,.295,.295, 200
02/24/2020,19:41,.295,.295,.295,.295, 400
02/24/2020,19:42,.295,.295,.295,.295, 200
02/24/2020,19:43,.295,.295,.295,.295, 200
02/24/2020,19:44,.295,.295,.295,.295, 200
02/24/2020,19:45,.29,.29,.29,.29, 200
02/24/2020,19:46,.29,.29,.29,.29, 200
02/24/2020,19:47,.29,.295,.29,.29, 500
02/24/2020,19:48,.29,.292,.29,.292, 1200
02/24/2020,19:49,.29,.29,.29,.29, 200
02/24/2020,19:50,.292,.292,.29,.29, 3200
02/24/2020,19:51,.29,.29,.28,.28, 2295
02/24/2020,19:52,.28,.281,.28,.281, 400
02/24/2020,19:53,.281,.281,.281,.281, 200
02/24/2020,19:54,.281,.281,.281,.281, 200
02/24/2020,19:55,.281,.281,.281,.281, 200
02/24/2020,19:56,.281,.281,.281,.281, 200
02/24/2020,19:57,.281,.281,.281,.281, 400
02/24/2020,19:58,.281,.281,.281,.281, 200
02/24/2020,19:59,.281,.281,.281,.281, 200
02/24/2020,20:00,.281,.281,.281,.281, 196
02/24/2020,20:01,.28,.28,.28,.28, 200
02/24/2020,20:02,.28,.28,.28,.28, 200
02/24/2020,20:03,.28,.28,.28,.28, 300
02/24/2020,20:04,.28,.28,.28,.28, 200
02/24/2020,20:05,.28,.28,.28,.28, 300
02/24/2020,20:06,.281,.281,.281,.281, 200
02/24/2020,20:07,.281,.281,.281,.281, 200
02/24/2020,20:08,.281,.281,.281,.281, 100
02/24/2020,20:09,.281,.281,.281,.281, 200
02/24/2020,20:10,.281,.281,.281,.281, 200
02/24/2020,20:11,.281,.281,.281,.281, 400
02/24/2020,20:12,.282,.282,.281,.281, 728
02/24/2020,20:13,.281,.281,.28,.28, 300
02/24/2020,20:14,.28,.28,.28,.28, 200
02/24/2020,20:15,.28,.28,.28,.28, 100
02/24/2020,20:16,.28,.28,.28,.28, 300
02/24/2020,20:17,.27,.27,.27,.27, 200
02/24/2020,20:18,.27,.29,.27,.29, 300
02/24/2020,20:19,.272,.272,.272,.272, 200
02/24/2020,20:20,.276,.276,.276,.276, 1390
02/24/2020,20:21,.276,.276,.276,.276, 400
02/24/2020,20:22,.276,.276,.276,.276, 200
02/24/2020,20:23,.276,.276,.276,.276, 200
02/24/2020,20:24,.276,.276,.276,.276, 190
02/24/2020,20:25,.276,.276,.276,.276, 200
02/24/2020,20:26,.276,.276,.276,.276, 200
02/24/2020,20:27,.276,.276,.276,.276, 380
02/24/2020,20:28,.276,.276,.276,.276, 170
02/24/2020,20:29,.276,.276,.276,.276, 200
02/24/2020,20:30,.276,.276,.276,.276, 200
02/24/2020,20:31,.276,.286,.276,.286, 1200
02/24/2020,20:32,.277,.277,.277,.277, 200
02/24/2020,20:33,.278,.278,.278,.278, 200
02/24/2020,20:34,.278,.278,.278,.278, 200
02/24/2020,20:35,.278,.278,.278,.278, 200
02/24/2020,20:36,.278,.278,.278,.278, 200
02/24/2020,20:37,.278,.278,.278,.278, 200
02/24/2020,20:38,.279,.279,.279,.279, 400
02/24/2020,20:39,.279,.279,.279,.279, 200
02/24/2020,20:40,.28,.28,.28,.28, 200
02/24/2020,20:41,.28,.289,.28,.289, 300
02/24/2020,20:42,.28,.28,.28,.28, 200
02/24/2020,20:43,.281,.281,.281,.281, 200
02/24/2020,20:44,.281,.281,.281,.281, 200
02/24/2020,20:45,.281,.281,.281,.281, 199
02/24/2020,20:46,.284,.284,.282,.282, 400
02/24/2020,20:47,.283,.283,.283,.283, 200
02/24/2020,20:48,.285,.285,.285,.285, 200
02/24/2020,20:48,.287,.287,.287,.287, 1000
02/24/2020,20:51,.29,.29,.29,.29, 200
02/24/2020,20:52,.29,.29,.29,.29, 200
02/24/2020,20:53,.285,.285,.285,.285, 200
02/24/2020,20:54,.285,.285,.285,.285, 400
02/24/2020,20:55,.285,.285,.285,.285, 200
02/24/2020,20:56,.29,.29,.29,.29, 200
02/24/2020,20:57,.285,.285,.285,.285, 100
02/24/2020,20:58,.289,.295,.289,.295, 300
02/24/2020,20:59,.289,.289,.289,.289, 308
02/24/2020,21:00,.292,.292,.292,.292, 200
02/24/2020,21:01,.29,.29,.29,.29, 200
02/24/2020,21:02,.289,.289,.289,.289, 400
02/24/2020,21:03,.289,.289,.289,.289, 200
02/24/2020,21:04,.292,.292,.292,.292, 200
02/24/2020,21:05,.289,.295,.289,.294, 400
02/24/2020,21:06,.29,.292,.29,.292, 1700
02/24/2020,21:07,.293,.293,.293,.293, 200
02/24/2020,21:08,.291,.291,.291,.291, 200
02/24/2020,21:09,.294,.295,.294,.295, 1000
02/24/2020,21:11,.296,.296,.296,.296, 200
02/24/2020,21:12,.296,.296,.296,.296, 200
02/24/2020,21:13,.295,.295,.295,.295, 200
02/24/2020,21:14,.295,.295,.295,.295, 200
02/24/2020,21:15,.295,.295,.295,.295, 400
02/24/2020,21:16,.296,.296,.296,.296, 200
02/24/2020,21:17,.295,.295,.295,.295, 200
02/24/2020,21:18,.295,.296,.295,.296, 300
02/24/2020,21:19,.295,.295,.295,.295, 200
02/24/2020,21:20,.296,.296,.295,.295, 400
02/24/2020,21:21,.295,.295,.295,.295, 200
02/24/2020,21:22,.296,.296,.296,.296, 2000
02/24/2020,21:23,.297,.3,.297,.299, 10300
02/24/2020,21:25,.302,.305,.302,.304, 3800
02/24/2020,21:26,.308,.308,.308,.308, 200
02/24/2020,21:27,.308,.308,.308,.308, 200
02/24/2020,21:28,.309,.309,.309,.309, 400
02/24/2020,21:29,.31,.31,.31,.31, 800
02/24/2020,21:31,.31,.31,.31,.31, 100
02/24/2020,21:32,.31,.31,.31,.31, 300
02/24/2020,21:33,.31,.31,.31,.31, 2900
02/24/2020,21:34,.306,.306,.306,.306, 200
02/24/2020,21:35,.306,.306,.306,.306, 200
02/24/2020,21:36,.311,.311,.311,.311, 400
02/24/2020,21:37,.311,.311,.311,.311, 200
02/24/2020,21:38,.31,.31,.31,.31, 200
02/24/2020,21:39,.31,.31,.31,.31, 200
02/24/2020,21:40,.31,.31,.31,.31, 200
02/24/2020,21:41,.31,.311,.31,.31, 1500
02/24/2020,21:42,.31,.311,.31,.31, 2400
02/24/2020,21:43,.31,.31,.31,.31, 200
02/24/2020,21:44,.31,.31,.306,.306, 2200
02/24/2020,21:45,.306,.306,.306,.306, 200
02/24/2020,21:46,.306,.306,.306,.306, 200
02/24/2020,21:47,.306,.306,.306,.306, 400
02/24/2020,21:48,.306,.306,.306,.306, 200
02/24/2020,21:49,.306,.306,.306,.306, 200
02/24/2020,21:50,.306,.306,.306,.306, 200
02/24/2020,21:51,.305,.305,.305,.305, 200
02/24/2020,21:52,.305,.305,.305,.305, 200
02/24/2020,21:53,.305,.305,.305,.305, 400
02/24/2020,21:54,.304,.304,.304,.304, 200
02/24/2020,21:55,.304,.304,.304,.304, 200
02/24/2020,21:56,.304,.304,.304,.304, 500
02/24/2020,21:57,.304,.304,.304,.304, 200
02/24/2020,21:58,.304,.304,.304,.304, 300
02/24/2020,21:59,.304,.304,.304,.304, 200
02/24/2020,22:00,.304,.304,.304,.304, 100
02/24/2020,22:00,.304,.304,.304,.304, 100
02/25/2020,15:53,.306,.306,.304,.304, 3000
02/25/2020,16:10,.303,.303,.303,.303, 100
02/25/2020,16:22,.303,.303,.303,.303, 100
02/25/2020,16:22,.303,.303,.303,.303, 100
02/25/2020,16:41,.301,.301,.301,.301, 2500
02/25/2020,16:43,.303,.303,.303,.303, 100
02/25/2020,17:03,.302,.302,.302,.302, 100
02/25/2020,17:03,.302,.302,.302,.302, 100
02/25/2020,17:26,.304,.304,.304,.304, 100
02/25/2020,17:59,.302,.317,.302,.317, 400
02/25/2020,18:07,.307,.307,.307,.307, 1000
02/25/2020,18:17,.31,.31,.31,.31, 200
02/25/2020,18:38,.31,.31,.31,.31, 100
02/25/2020,19:03,.31,.31,.31,.31, 1100
02/25/2020,19:03,.31,.31,.31,.31, 300
02/25/2020,19:30,.311,.311,.311,.311, 1400
02/25/2020,19:32,.313,.313,.313,.313, 200
02/25/2020,19:52,.315,.315,.315,.315, 3000
02/25/2020,19:54,.315,.315,.313,.313, 480
02/25/2020,19:55,.315,.315,.313,.313, 3729
02/25/2020,20:09,.313,.313,.313,.313, 2000
02/25/2020,20:18,.313,.313,.313,.313, 2000
02/25/2020,21:02,.313,.313,.313,.313, 5200
02/25/2020,21:22,.31,.31,.31,.31, 200
02/25/2020,22:01,.31,.31,.31,.31, 218
02/26/2020,16:00,.304,.308,.304,.308, 210
02/26/2020,16:03,.308,.308,.308,.308, 1789
02/26/2020,16:47,.31,.31,.31,.31, 10779
02/26/2020,18:35,.315,.315,.315,.315, 200
02/26/2020,19:32,.315,.315,.315,.315, 100
02/26/2020,19:32,.315,.315,.315,.315, 100
02/26/2020,19:52,.315,.315,.315,.315, 100
02/26/2020,20:00,.315,.315,.315,.315, 100
02/26/2020,20:03,.315,.315,.315,.315, 100
02/26/2020,20:05,.315,.315,.315,.315, 100
02/26/2020,20:28,.315,.315,.315,.315, 200
02/28/2020,15:42,.3,.3,.3,.3, 200
02/28/2020,15:53,.295,.295,.295,.295, 45500
02/28/2020,15:53,.295,.295,.285,.285, 715
02/28/2020,16:07,.28,.28,.28,.28, 3499
02/28/2020,16:13,.28,.28,.27,.27, 10400
02/28/2020,16:28,.29,.29,.29,.29, 100
02/28/2020,16:30,.29,.29,.29,.29, 2500
02/28/2020,16:56,.29,.29,.28,.28, 300
02/28/2020,17:54,.28,.28,.28,.28, 2000
02/28/2020,18:01,.28,.28,.28,.28, 100
02/28/2020,18:30,.28,.28,.28,.28, 11000
02/28/2020,18:36,.271,.271,.271,.271, 30000
02/28/2020,18:42,.279,.279,.279,.279, 100
02/28/2020,19:00,.28,.28,.275,.28, 8499
02/28/2020,19:01,.28,.28,.28,.28, 400
02/28/2020,19:12,.28,.289,.28,.289, 8800
02/28/2020,19:24,.28,.28,.28,.28, 200
02/28/2020,19:36,.28,.28,.28,.28, 400
02/28/2020,19:43,.28,.28,.28,.28, 500
02/28/2020,19:44,.283,.283,.282,.282, 1200
02/28/2020,20:04,.29,.29,.29,.29, 100
02/28/2020,20:08,.29,.29,.29,.29, 162
02/28/2020,20:32,.29,.29,.29,.29, 200
02/28/2020,20:37,.29,.3,.28,.28, 20976
02/28/2020,20:37,.282,.282,.282,.282, 4900
02/28/2020,20:48,.282,.29,.282,.29, 1000
02/28/2020,20:59,.282,.287,.282,.287, 1000
02/28/2020,21:05,.29,.29,.29,.29, 200
02/28/2020,21:13,.282,.282,.282,.282, 100

